5719 5492 5595 5593 5505 5524 5666 5719 5688 5624 5539 5735 5634 5708 5718 5589 5515 5496 5701 5491 5702 5606 5676 5494 5668 5732 5736 5646 5623
4364 4272 4294 4239 4330 4416 4415 4448 4330 4333 4328 4443 4449 4444 4383 4370 4382 4282 4254 4218 4402 4407 4237 4295 4365 4252 4274 4384 4274
6100 6103 6081 6109 6235 6285 6075 6070 6284 6162 6095 6095 6239 6122 6092 6122 6184 6274 6169 6316 6205 6278 6134 6170 6276 6229 6198 6251 6161
3818 3869 3904 3968 3982 3974 3998 4018 3983 3867 3803 4006 3792 3963 3976 3931 3903 3946 3852 3956 3962 4006 4006 3931 3963 3968 3939 3918 3843
5859 5786 5826 5900 5821 5786 5983 5925 5892 5944 5839 5881 5854 5848 5904 5867 5914 5975 5872 5966 5895 5877 5948 5882 5909 5806 5834 5855 5971
7607 7757 7584 7707 7642 7567 7594 7673 7784 7645 7607 7679 7762 7600 7757 7600 7666 7566 7549 7571 7601 7692 7562 7647 7789 7618 7570 7548 7779
5131 5149 5217 5047 5082 5066 5076 5203 5195 5270 5165 5220 5166 5079 5238 5095 5035 5065 5189 5267 5168 5101 5083 5170 5099 5211 5263 5156 5071
6886 7097 6933 7030 6921 6897 6973 7011 6969 7088 6870 7011 7021 7037 6876 7117 6965 6887 7018 7013 6989 7029 7041 6878 7008 6953 6886 6951 7031
8433 8649 8517 8597 8505 8635 8571 8641 8474 8542 8503 8637 8652 8590 8450 8622 8438 8543 8457 8607 8493 8511 8572 8482 8587 8647 8454 8412 8550
3554 3664 3673 3697 3633 3554 3658 3481 3569 3496 3678 3534 3702 3647 3567 3608 3617 3633 3590 3614 3495 3610 3475 3710 3515 3600 3495 3511 3576
4456 4404 4307 4251 4292 4443 4450 4361 4426 4420 4290 4356 4398 4394 4364 4399 4411 4469 4292 4377 4256 4406 4328 4322 4478 4481 4345 4259 4436
4733 4885 4778 4751 4821 4666 4862 4755 4840 4774 4680 4721 4812 4837 4880 4794 4849 4812 4691 4684 4839 4752 4706 4808 4875 4757 4776 4792 4735
7981 7978 7764 7937 7815 7789 7814 7995 7835 7854 7919 7872 7756 7762 7925 7992 7915 7756 7792 7960 7759 7912 7916 7892 7940 7944 7975 7811 7959
6476 6397 6357 6425 6338 6508 6363 6525 6344 6534 6554 6424 6405 6555 6340 6364 6405 6560 6566 6532 6526 6387 6488 6417 6361 6523 6472 6360 6493
7264 7113 7195 7290 7096 7268 7316 7123 7259 7121 7288 7240 7253 7229 7200 7210 7150 7072 7176 7071 7166 7191 7118 7271 7282 7104 7217 7198 7142
6384 6319 6342 6336 6551 6547 6560 6560 6467 6502 6520 6360 6413 6338 6387 6381 6553 6425 6406 6469 6536 6416 6460 6361 6328 6404 6488 6556 6370
8529 8478 8583 8518 8450 8692 8579 8688 8672 8575 8650 8639 8667 8546 8464 8450 8447 8637 8546 8474 8501 8543 8566 8612 8673 8664 8454 8507 8484
4909 5064 5045 4968 5001 4939 4899 5018 5119 4955 5020 4965 4945 5050 4911 5036 5119 4897 5124 4897 5038 4905 5069 4900 4971 5059 4923 4921 4965
6268 6215 6326 6374 6314 6201 6291 6440 6352 6447 6249 6232 6390 6352 6368 6368 6389 6354 6326 6256 6316 6228 6354 6444 6241 6358 6409 6361 6428
8385 8356 8332 8398 8505 8339 8419 8425 8415 8483 8506 8476 8280 8315 8371 8446 8373 8446 8511 8344 8481 8439 8450 8358 8329 8470 8383 8423 8333
3540 3479 3613 3496 3528 3500 3516 3398 3399 3494 3554 3512 3513 3503 3443 3546 3482 3576 3568 3602 3528 3490 3466 3609 3445 3622 3598 3536 3402
7860 7838 7833 7767 7742 7674 7830 7825 7750 7836 7633 7751 7703 7786 7684 7784 7732 7815 7682 7799 7842 7646 7713 7642 7788 7736 7689 7822 7643
7443 7493 7583 7373 7588 7443 7402 7549 7430 7501 7437 7505 7453 7384 7526 7374 7438 7439 7405 7477 7378 7507 7472 7386 7524 7458 7419 7587 7399
2894 2864 2913 2768 2769 2819 2748 2887 2850 2803 2887 2931 2740 2909 2767 2797 2730 2814 2709 2778 2908 2878 2792 2794 2885 2868 2866 2750 2833
8015 8038 7876 8052 7861 7947 7900 8035 7931 8010 7982 7916 7828 8036 8025 8046 7884 7839 7893 7860 7854 7856 8070 7879 7873 7860 8018 7993 7934
5239 5112 5089 5033 5190 5098 5149 5124 5145 5166 5160 5148 5201 5133 5203 5189 5088 5039 5212 5248 5064 5128 5229 5181 5169 5257 5051 5230 5243
6878 6882 6822 6835 6802 6814 6772 6955 6816 6891 6772 6846 6737 6955 6809 6802 6924 6887 6827 6931 6815 6729 6969 6729 6739 6766 6761 6880 6900
4643 4659 4564 4514 4545 4526 4590 4545 4619 4692 4655 4565 4621 4585 4641 4513 4626 4621 4448 4461 4614 4532 4590 4551 4637 4468 4465 4628 4549
4866 4690 4814 4832 4879 4919 4702 4684 4782 4681 4766 4802 4705 4902 4712 4893 4777 4748 4864 4783 4783 4846 4874 4676 4843 4899 4706 4779 4909
2326 2230 2359 2291 2372 2310 2308 2271 2239 2221 2312 2353 2268 2260 2308 2265 2322 2217 2392 2406 2317 2336 2254 2307 2386 2416 2332 2262 2326
3368 8631 2521 8257 1849 3745 7647 6479 2531 7624 6708 1478 6471 1073 1619 4548 7086 1293 5149 1981 3454 6252 7628 6990 7221 3683 7483 4188 3732 8085
3430 8670 2493 8241 1770 3700 7816 6422 2625 7607 6637 1391 6483 1034 1381 4510 7210 1118 5368 2088 3334 6155 7591 7096 7400 3871 7594 4057 3585 8140
3363 8745 2412 8296 1755 3725 7620 6589 2530 7461 6645 1367 6550 1079 1571 4560 7216 1114 5233 1885 3423 6351 7600 6990 7222 3888 7491 4085 3721 8048
3307 8809 2383 8272 1778 3772 7661 6609 2481 7627 6662 1473 6442 1045 1564 4390 7302 1296 5253 2043 3227 6318 7588 7058 7184 3777 7438 4104 3744 8170
3260 8683 2366 8316 1744 3764 7595 6535 2623 7632 6646 1470 6539 1247 1427 4436 7179 1197 5342 1889 3454 6192 7530 7061 7369 3666 7592 4199 3713 7933
3239 8759 2409 8362 1763 3859 7821 6594 2632 7638 6482 1352 6560 1224 1409 4538 7276 1283 5225 2020 3447 6329 7651 7199 7340 3739 7519 4041 3684 8169
3379 8802 2389 8237 1683 3860 7648 6562 2672 7695 6529 1526 6468 1153 1568 4555 7235 1060 5311 1910 3410 6353 7520 7060 7234 3687 7410 4186 3527 8038
3382 8803 2451 8249 1805 3752 7695 6411 2499 7570 6651 1486 6578 1115 1448 4365 7076 1089 5359 1849 3460 6155 7577 7118 7394 3693 7394 4057 3720 8007
3390 8758 2289 8303 1871 3754 7657 6572 2611 7522 6521 1452 6567 1130 1572 4356 7255 1211 5311 2002 3461 6256 7635 7187 7269 3761 7458 4088 3529 8083
3347 8613 2308 8382 1747 3789 7704 6644 2482 7467 6611 1445 6368 1047 1377 4494 7269 1288 5270 1932 3310 6193 7543 7195 7300 3831 7438 4224 3713 7992
3428 8678 2526 8244 1767 3689 7763 6516 2619 7641 6574 1535 6339 1162 1596 4355 7110 1194 5181 1920 3340 6248 7645 7065 7233 3675 7398 4147 3744 7996
3301 8830 2395 8189 1721 3638 7724 6441 2506 7559 6507 1460 6533 1227 1595 4573 7237 1135 5178 2073 3310 6196 7586 7142 7196 3678 7450 4258 3644 8145
3376 8821 2309 8195 1883 3751 7789 6603 2651 7574 6527 1584 6510 1230 1537 4349 7120 1228 5240 2063 3302 6284 7487 7132 7373 3727 7464 4185 3703 8053
3316 8632 2399 8164 1737 3831 7785 6446 2467 7488 6504 1409 6405 1032 1539 4432 7264 1199 5154 2074 3352 6336 7631 7035 7161 3680 7374 4186 3742 8143
3241 8683 2505 8302 1873 3633 7619 6438 2510 7517 6481 1431 6478 1040 1458 4395 7174 1142 5170 1938 3433 6266 7598 6982 7261 3852 7458 4142 3515 8035
3401 8743 2454 8240 1882 3639 7690 6564 2586 7623 6658 1481 6405 1038 1521 4561 7207 1149 5257 2000 3427 6203 7421 7152 7286 3839 7481 4152 3672 7928
3303 8742 2501 8279 1722 3830 7770 6416 2593 7592 6563 1565 6371 1165 1379 4543 7319 1184 5161 2044 3316 6227 7571 7169 7269 3904 7528 4103 3623 8018
3257 8604 2425 8152 1846 3663 7689 6584 2608 7685 6621 1356 6451 1171 1539 4537 7106 1276 5364 2061 3403 6113 7637 7000 7179 3768 7575 4064 3622 8098
3345 8640 2430 8390 1675 3722 7674 6588 2509 7536 6644 1592 6537 1220 1573 4454 7301 1165 5267 2084 3397 6209 7436 7096 7381 3760 7474 4245 3702 8015
3241 8744 2310 8226 1811 3657 7741 6427 2621 7662 6533 1415 6480 1256 1527 4413 7114 1155 5371 1934 3310 6301 7540 7103 7284 3739 7502 4161 3551 7993
3407 8699 2387 8322 1809 3706 7657 6588 2583 7687 6549 1547 6452 1075 1468 4436 7096 1062 5294 2042 3464 6131 7419 7023 7403 3697 7433 4249 3739 8076
3384 8632 2350 8182 1857 3831 7667 6422 2653 7596 6616 1423 6394 1102 1526 4448 7212 1238 5165 1868 3299 6159 7476 7026 7275 3809 7395 4157 3682 8009
3448 8830 2520 8310 1770 3642 7610 6487 2563 7664 6679 1423 6446 1134 1427 4498 7113 1149 5382 2019 3389 6248 7614 7197 7348 3747 7453 4100 3664 8161
3335 8676 2496 8256 1794 3879 7731 6476 2634 7630 6654 1450 6415 1036 1390 4517 7277 1167 5293 2040 3418 6160 7479 7165 7266 3711 7475 4231 3626 8156
3310 8628 2303 8369 1815 3753 7692 6505 2702 7500 6607 1398 6418 1263 1566 4407 7102 1105 5331 1961 3273 6208 7572 7130 7273 3890 7603 4168 3660 8112
3444 8692 2419 8383 1702 3764 7679 6467 2677 7613 6516 1533 6374 1085 1446 4396 7262 1150 5171 1858 3325 6226 7557 7070 7173 3708 7507 4170 3510 8004
3445 8685 2352 8390 1655 3824 7782 6563 2610 7474 6673 1540 6425 1120 1566 4342 7301 1105 5314 2043 3240 6278 7606 7187 7404 3733 7489 4226 3546 8048
3426 8699 2298 8331 1804 3712 7812 6568 2511 7628 6495 1482 6412 1125 1573 4349 7247 1156 5303 1980 3450 6243 7478 7077 7260 3663 7360 4188 3594 8139
3416 8685 2445 8294 1787 3847 7653 6595 2538 7509 6495 1355 6399 1244 1562 4490 7301 1063 5291 2013 3229 6190 7407 7095 7357 3890 7388 4056 3666 8040
18 5 18 19 60401 1.0449808114860073
4 5 29 9 61844 1.0522930917579867
0 13 16 21 60241 1.006669095031439
26 18 3 29 81299 1.045595389039236
27 9 24 18 39378 1.0549424119974404
5 23 7 14 54614 0.9752604526696036
27 16 2 8 62825 1.0799364786619692
12 11 12 24 68175 0.9266482140304795
25 18 13 27 72555 1.0739716513397268
0 15 0 0 71810 0.9418317431318031
11 13 17 2 56067 1.0145126999183962
6 7 17 10 40658 0.9400339943100251
11 3 19 0 35916 1.0324029762746718
2 0 6 26 118133 0.9241451715930172
15 14 3 26 62620 0.9515783065551773
23 29 1 6 100301 1.035227827214643
24 20 6 11 50521 0.9194428555263017
0 6 1 29 105022 0.9468543286980301
19 22 2 25 79708 0.9013419084588911
27 16 4 0 95133 1.0691208487261106
13 1 16 24 121219 1.0780839224928274
18 13 8 12 19894 0.9206450041254917
26 29 6 20 82295 0.9827187550761606
8 8 21 1 53935 1.066098230303448
21 29 1 13 82160 0.9257342133256112
4 9 13 5 44489 0.931953187568195
13 14 11 27 61005 1.0375164176402394
16 3 6 18 76297 1.002776446370295
15 16 13 26 63352 0.9241850023944417
0 18 28 14 47924 1.0358157499077716
5 27 10 8 87009 1.0845030295653388
15 3 2 18 78332 1.0997800939265334
25 3 13 2 34169 0.916067680657039
13 17 3 22 31703 1.0300019916231788
22 16 2 19 39672 1.0068811166069784
7 9 22 3 57108 1.0035121478829712
24 13 17 1 51244 0.919135177699304
5 15 27 16 43745 0.9289318091267238
13 17 1 29 65857 1.03790409047548
25 7 4 3 58912 0.9115606743015628
19 13 25 5 34864 1.0372542814620098
27 13 22 6 31960 1.0347897241019335
6 21 13 4 77281 1.0218151978061805
6 2 17 24 105592 0.9821745046670646
14 28 7 16 67059 1.0485524169648635
0 13 26 7 55178 1.084671049233918
19 0 19 19 71835 0.9104553872981926
28 28 25 4 66048 0.9366173475452054
2 6 25 18 75453 0.9609577559092544
6 9 16 25 89798 1.035496615369806
21 29 9 8 91112 0.9552018113620708
25 22 6 18 49953 1.0139683309844603
21 13 14 7 41097 0.9484401022333016
7 20 2 5 73366 0.9777006991829058
12 9 23 1 55947 0.9694859486888707
12 18 14 0 89473 0.9767835848668508
11 18 16 4 66648 1.0256539817764332
18 15 25 12 23782 0.9512527479188269
1 4 16 16 77046 0.907288114229174
4 13 17 29 87311 0.9902451416789044
5 10 21 0 71620 0.904198048148052
1 12 24 15 39568 0.9907867029726604
9 7 0 25 83410 0.9749237353402511
29 9 12 27 89985 1.0729059212000354
14 23 17 15 54704 0.9409922565063202
2 29 25 3 122308 1.0783610918160853
7 19 15 13 32251 1.0944448359696668
2 10 21 23 76989 0.950803893637995
7 24 21 27 67384 1.0480084171461048
7 18 3 27 46611 0.9303061321064072
23 5 2 5 46220 0.9852012461566878
13 9 18 16 48209 0.9766625332710699
2 0 1 18 76632 0.9484869910400021
7 9 19 15 48079 1.0438173236920627
3 9 27 7 60803 1.0611377762819947
8 3 19 18 77618 0.972681661945171
15 11 23 1 40110 1.0299553378547428
17 14 1 12 27467 1.0539792290469943
28 25 8 2 96396 0.9011293977105052
25 5 14 15 53308 0.9781798380168674
9 25 2 21 44580 1.0720057697004197
11 7 6 1 37511 1.0946200740580085
14 18 29 10 40426 1.0771044140668098
14 27 20 21 46097 1.0162138857626624
23 12 4 12 30362 0.9182845112197148
0 28 13 25 58472 0.9595841186440557
1 9 6 25 77794 1.0545601491451593
7 19 8 9 47445 0.957589904088262
18 28 2 18 73932 1.0342194923672134
6 17 15 14 23254 0.9766386360303501
27 0 18 10 54488 1.0045692012668272
20 27 22 4 77360 1.088840622442999
14 29 16 11 94794 0.9075381964997596
8 23 0 19 39048 0.940265052684494
6 7 26 16 67785 0.9227213008661648
0 12 23 24 62509 0.9324178016665972
8 19 4 13 29533 0.91018040761089
0 16 24 24 59679 0.9400388847889997
23 19 0 2 89541 1.0192941557163695
15 28 1 28 51284 0.9285874407045458
23 27 2 20 67169 1.0936203130620359
7 2 17 12 54054 0.960903794441096
11 27 19 4 104360 1.09123093749139
3 10 5 1 44200 0.916708027505745
24 0 12 20 82990 1.0084699082255448
13 22 23 24 53659 0.9549656043345087
9 29 29 2 100593 0.9656380890396146
13 17 3 13 26198 0.9297634943077242
19 18 11 25 53512 1.0342258529979311
3 25 25 19 64846 1.0510664654620911
21 1 15 24 107984 1.0271335861699884
24 27 22 10 58257 0.9594067760401627
12 6 9 19 62083 1.0166461020775233
20 16 4 15 34218 1.0397448084691319
27 11 5 27 91468 1.0118329406250612
9 4 5 27 98853 0.9072006734151528
29 11 11 13 25184 1.067814962013207
13 25 8 3 100765 0.9520942354596089
17 29 2 9 109778 0.9311039399766241
24 20 5 27 79134 1.0599693768850988
4 0 15 16 86720 0.9968461186921342
21 20 26 26 39020 1.0201733425061184
2 1 29 22 102319 0.9383359514310698
22 16 13 22 50462 1.0894093634971262
19 4 13 21 81536 1.0545625955696964
23 27 6 25 69581 0.9067282158367524
8 3 3 14 53650 1.0523281986387238
19 26 21 13 54457 1.0542904766603116
0 4 1 22 80365 1.006407550390474
23 11 16 25 63778 0.9791699175879235
0 4 11 22 87500 0.9983525307292955
24 8 8 19 53837 1.0378288467552372
23 17 28 0 49177 1.0508284337307314
14 19 14 2 83336 0.9627320549621106
1 9 23 0 72046 1.0004157829207436
28 11 20 19 32470 1.0355262734633977
1 10 23 4 56274 1.0292412295072253
10 14 22 28 62685 1.003246017750137
29 22 18 14 34229 1.0386345109465962
9 10 28 22 61916 0.9550402480703235
11 22 26 26 73585 1.0531877357925425
25 0 14 8 52533 1.0335689008360252
22 18 4 25 65389 0.978095465890232
6 22 19 26 72677 0.9249944005458908
28 28 28 18 31559 1.0328754731169711
1 8 26 0 78399 0.9548644740262182
28 9 7 12 47461 1.029451850309755
14 12 2 29 87855 1.0236860562457861
20 18 11 19 21839 0.9849732969495562
26 16 1 16 40660 0.9087453583459372
21 27 2 12 77883 1.0991297348708067
23 19 10 2 74071 0.9460529300850966
26 25 1 25 94097 1.0377722288403084
25 19 14 19 21991 1.051176095706253
7 26 4 10 77849 1.0841370379986688
3 12 4 3 39309 0.9131421136284937
21 13 1 14 27134 1.0908937046745528
19 27 12 2 111495 1.0412202369510222
11 27 4 8 87393 1.014190738708665
27 18 10 15 33234 1.0065360545510944
8 11 25 29 79361 1.0377190330590054
23 22 16 29 51022 0.9950792388071116
8 10 19 27 83418 0.9377619663622069
26 18 2 17 35123 0.9617414423292611
16 3 6 0 42848 1.079628106106452
27 18 9 11 43486 1.051854785968571
5 7 3 26 83591 0.9861891047826823
4 14 22 23 58856 1.0344806427466455
15 18 26 13 30390 0.9368166495886964
26 13 15 17 23965 1.0809724269097127
27 22 13 7 83165 1.0033766674431521
1 5 26 6 62526 1.0527277826461103
15 16 3 7 55900 0.9441450081812145
24 1 8 1 55291 1.0918374862571882
10 6 17 28 105749 0.9324427054547566
1 21 14 23 62914 1.0597621153317807
25 5 4 25 100599 1.0838280657504467
20 26 12 8 82592 0.9737751423054057
10 29 15 5 111420 1.0889619517240674
2 19 27 5 75125 1.0588831537735046
0 23 13 5 100136 0.917300162202573
10 19 20 0 80104 0.9168788218648284
14 9 3 10 34404 0.9733700626826389
26 14 8 1 73823 0.9620535476164107
27 13 9 5 49075 1.0169796650791736
5 6 7 26 101148 1.0534908359968538
15 25 27 27 52792 1.0349652635507969
11 9 27 28 81590 0.9832833452838664
19 0 17 18 71250 0.9576250760180195
7 17 22 17 17715 0.9733597120789418
14 15 24 20 36599 1.0936957163362258
3 16 24 1 76332 1.0153398405606477
6 11 25 0 62977 0.9695266180696118
4 2 26 27 119339 1.063087575425699
20 0 0 13 68230 1.053305327823706
1 22 11 29 65777 1.0096102281941024
14 0 1 5 49855 0.9643615405046874
17 18 26 3 60578 1.0740189840533767
25 29 20 5 85699 0.9750776839027919
28 26 19 21 54050 0.954377366862615
14 3 9 12 44748 0.9420880960809627
20 25 14 11 58123 0.9965566414105114
16 16 8 27 56607 1.0483892028421087
22 7 14 2 41993 0.9625478095919131
11 3 8 11 34786 0.9310795333262436
15 13 13 26 71253 1.0671659786205483
24 24 1 17 52871 1.0826105780252602
11 2 16 11 47618 1.0667428102207892
18 6 2 21 90878 1.0219660685237293
9 2 13 22 88770 0.9355889152967491
1 24 25 17 58299 0.9529466977096732
17 23 18 3 88380 1.0066690210853566
25 9 13 10 34370 0.9213108683995012
1 24 20 5 94376 1.0396450843050766
0 12 6 29 84252 0.9600700718073456
7 4 16 1 36420 1.0271821672249744
17 17 29 0 52806 0.9489500571752084
20 7 12 16 52257 0.9916971327143996
20 2 3 22 92408 0.9276936322346018
17 16 6 9 46073 0.9035289120082318
27 27 22 0 86860 1.0212519101565363
3 26 20 2 108276 1.0247112327837238
29 14 4 19 47098 1.022717194788874
22 16 27 4 46704 0.9062374559448741
10 25 26 29 75055 0.9261754262780799
17 22 0 26 81909 1.0652057391829846
16 20 7 29 66165 1.0494271185410307
13 2 1 21 90176 0.9107505491500226
27 25 3 24 84273 1.078197396304553
8 10 27 24 79923 0.9652807112136286
21 29 14 12 74688 0.9717489718899524
25 29 12 2 112086 0.9172674812741075
28 3 8 8 55639 0.9395125299895952
10 28 15 8 90614 0.939704882315445
20 15 16 9 35901 0.9972233000028711
28 17 18 3 56725 0.9030359247601638
4 21 27 13 60283 1.0431946235780523
21 1 9 6 44185 1.0568686073021132
15 15 0 0 85535 1.026523236250953
17 26 0 7 107529 1.0256168422011187
9 10 7 20 43111 0.9075590608897856
9 9 11 19 39924 1.0204558534705577
19 1 26 16 69567 0.9457487940654379
18 18 19 3 64271 0.9917183730452621
17 12 24 2 41661 1.085901511028732
27 8 3 23 79771 1.0342371202139238
22 24 5 24 79152 1.0553574493670967
27 19 0 4 88238 1.0809642202238934
20 3 29 13 40143 0.9412913763056103
14 9 24 17 45683 1.044662961705328
8 0 28 27 109629 1.083513400937716
25 14 6 19 40798 0.9775573384766764
25 6 11 5 40304 1.028644476090037
26 7 13 15 52869 0.9561122269214555
14 16 3 28 63777 1.0697616856421004
6 11 29 14 36732 1.0413326116872619
0 8 0 25 80136 1.088650915680781
29 12 20 9 22552 1.0548069694920956
0 12 10 16 29521 1.0987550155194374
20 20 6 21 41921 1.0354061307240416
11 8 19 16 51812 0.9761729587086242
17 10 4 16 46713 0.9900345166718789
7 3 7 20 75208 1.083454654338221
15 25 21 29 41148 0.946619366259081
14 5 25 4 26950 1.0935269488207517
25 4 4 12 56665 1.0237366187027384
8 6 27 10 56781 0.9202921877842819
22 7 14 15 46596 0.9531932830762478
29 8 9 3 48615 1.050968108183634
11 0 5 10 59855 0.9756809850387477
28 28 18 17 41806 1.07547921911251
22 2 15 11 39766 1.0337397128345565
25 11 22 25 46027 0.9316226400561124
10 15 24 6 51187 0.9634491292844176
17 18 4 2 80434 0.9249227127001578
6 22 27 28 84715 1.0759266953002824
16 9 6 15 48279 0.9241901138787715
16 9 3 10 40132 0.9957659582275243
4 28 7 12 74654 0.9986854345632061
7 26 13 12 68559 1.0285562957879253
5 23 23 20 64409 1.08298770797776
27 8 19 1 45057 0.9763490704317089
19 6 7 15 58258 1.025456319559077
17 0 19 23 97692 1.081927067492333
12 15 13 25 59788 0.9643260969003131
17 20 2 24 59737 1.0933279760759198
15 26 20 7 88542 0.9025006562233884
26 12 20 7 29465 0.9696627390998628
16 13 8 2 49740 1.0965357504991453
10 17 16 3 69160 1.00461797996831
12 28 20 5 105262 1.0687273314381744
13 8 26 3 49062 1.0923496960469004
0 18 9 10 41510 0.9961170807309828
14 14 24 11 22932 1.0345933808388508
2 26 1 16 48353 1.097745089785577
11 18 25 23 49087 0.9144913546837333
16 25 23 20 40681 0.9838900211733743
24 27 24 5 70270 1.0385673461624145
21 29 23 18 43217 1.0370746917450506
8 27 14 13 59962 1.0099263299293957
4 28 9 20 46584 0.9254846648186578
11 3 13 29 115554 1.0336014012459238
9 22 15 11 48481 0.9849341667836226
14 21 20 0 92958 1.0514080938356443
20 4 6 23 92044 1.0295249806330626
0 16 25 12 49796 1.0578348304371208
29 21 11 9 58037 1.0557383150396098
11 28 24 12 83336 0.9660932639231137
20 2 26 20 67279 1.0870092976753727
22 24 11 23 58660 1.0837635049530223
16 10 7 8 34848 1.0367544097495391
26 2 27 19 50156 1.057171314448045
18 12 2 28 85245 1.0968806913616884
1 1 28 1 73841 1.058745137505753
22 14 2 16 40719 0.9015613676371735
17 27 4 2 125320 1.0614143531795015
11 12 0 14 22111 0.9811475001696088
21 5 5 1 51563 1.0019113531371946
12 16 21 18 26283 0.928308487117932
29 12 25 29 56607 0.9058434749426293
29 11 8 6 54963 0.9938561474107094
27 13 7 20 50029 1.0900725988028985
8 17 10 9 33041 0.9888124281529533
19 5 6 5 36655 1.0757376938851824
12 14 8 3 50988 1.070724573463285
16 0 27 11 58394 0.9027459302932181
19 10 28 6 41768 1.0559893588540037
17 0 25 2 28918 1.0946994040808493
18 6 13 20 77118 1.0172273287227147
4 27 2 19 37720 0.9874006296443043
2 29 21 1 132055 0.9091568147332363
0 6 13 14 54129 1.0734321896410715
9 22 27 9 66648 1.045959115113177
6 28 12 4 102003 1.0020744874760912
6 23 23 16 52897 1.0216519612930386
11 18 24 14 28578 1.0332932170848492
26 1 22 28 89888 1.0071142386987935
20 8 11 16 42362 0.9656160216061807
13 6 20 29 104670 1.0889326818809355
29 2 0 4 56325 0.9153336201298008
4 3 26 28 115429 0.9676979689087735
0 10 22 13 39252 0.9019521451854852
5 9 15 2 54336 0.9730313471687383
22 23 25 3 69355 1.092659242407392
22 13 16 29 77446 1.0060491002350571
8 1 2 14 63061 1.0764809945689806
21 28 7 12 74756 1.0152317751215083
29 21 9 19 39865 1.0555183778369912
28 16 10 19 34497 1.0070723487017734
29 23 7 15 53178 1.0710580614095395
1 11 19 4 53990 1.002424704710322
27 14 20 22 35475 0.9095402566085234
3 6 15 28 110129 1.0042809722166246
10 11 0 13 18781 0.9485387956969049
13 29 4 5 117111 0.9199018469811571
25 14 25 29 54821 0.9026747547255438
23 27 26 20 30007 0.9051894990039916
2 22 10 16 40157 1.042517841535514
0 18 20 0 88726 0.9660097810135619
12 0 19 17 83368 1.037387749343856
25 29 22 21 38610 1.0947618706242224
15 16 6 23 47342 1.0719037905804323
4 1 23 18 87281 0.9378767855406186
16 26 3 13 83241 0.9031303218778932
2 22 26 11 72277 0.9112686291749706
26 22 13 26 75055 1.0796491631072545
29 24 25 15 30980 1.0880112763713565
11 9 28 1 63716 1.027675734211288
9 24 17 18 39072 1.0350475076216643
26 8 16 27 88953 1.0723281510750924
19 29 28 6 92740 1.0558048618259401
29 1 21 11 34517 0.9698793937786676
2 10 25 24 83488 1.0832108174104256
14 3 20 27 98991 1.0669143251261886
15 22 12 4 90623 1.044804075611849
23 3 27 20 56197 1.0197913877669778
29 21 18 4 58620 0.9960227108618254
13 23 28 2 94311 1.011281297419763
3 16 9 0 65677 1.0448275728536895
11 20 22 25 49666 1.0587222159223968
4 3 23 14 65879 0.9776121341116434
25 5 18 11 32026 0.9289144120098163
23 2 15 22 82455 0.9681114670491142
6 27 24 15 74676 0.9225178174246661
9 7 10 16 35247 0.9503422034350258
6 27 2 19 45960 1.0735711744368088
8 21 23 12 51095 1.0739464709406241
17 10 9 27 74047 0.9730733628117465
4 10 24 27 79986 1.0169800555437103
29 16 15 13 22867 1.097830437731805
5 16 28 4 67215 1.0293536159344332
20 28 5 12 77986 1.0175527221240916
4 29 19 2 128158 1.0097099612169493
29 28 20 9 58765 0.9733045549867663
23 6 3 27 94278 0.9073218515291878
28 26 16 8 74274 0.950799664033099
23 22 9 16 34268 0.9294227139315214
5 18 12 22 41043 0.9923146270483979
23 13 8 10 33090 1.0971907639235503
16 15 6 5 62772 0.923180619653275
2 12 6 21 47276 0.9934095565798843
29 0 5 18 74534 1.0526930672611559
9 19 17 5 70463 0.9457828950748172
0 5 9 12 45066 1.0957332582763786
25 28 29 15 44528 0.9855696321417498
7 23 0 5 97646 1.0277821666862446
11 25 27 6 93727 0.9914622559754824
16 2 27 8 44057 1.0686072256238648
18 4 25 1 24514 1.0383491070094086
1 5 11 8 37926 0.9327309104152721
25 29 28 19 42588 0.9682519675399691
15 6 27 7 48097 1.0298603669411486
4 20 15 14 42011 1.0149711012660194
26 18 2 24 68890 1.008870189240625
28 3 19 26 86031 1.0869038830236837
16 21 10 27 59206 1.0240468482278233
14 1 29 8 54101 0.9764513286461501
16 8 4 6 42766 0.9128286067163032
17 7 29 14 42400 0.9027295327566232
9 22 10 5 64842 1.0739536380918853
25 3 20 26 80634 1.0383549118320372
26 12 19 2 45845 1.080367810948419
11 17 18 3 65881 1.044042943439286
15 11 6 2 48432 1.0891569856844752
6 5 27 22 94172 1.0343169995888113
3 12 27 19 51233 0.9195287383951509
13 26 29 9 89853 1.0895254285274067
5 26 27 0 120307 1.0738179589030195
3 6 28 10 61263 1.0445872746381526
2 12 21 22 65977 0.9045538754501833
16 23 19 9 76010 1.0725237267042855
24 10 1 22 73801 0.9935620092736314
7 17 22 26 51743 1.0889516009630231
24 10 8 25 75273 0.9965392949698885
5 22 4 10 64611 0.9943923249119452
11 28 20 17 59820 1.0931403726625046
17 24 1 12 72264 0.9500135081200267
29 8 1 1 71892 0.9393646668549152
8 7 12 26 90241 0.9517790970099109
27 12 29 20 23160 0.974369374599262
6 9 12 27 84940 1.0996265837163268
4 19 13 23 43591 0.9451347864440215
23 20 24 8 36349 1.003471462667374
3 21 14 27 66324 0.9175905496233254
8 3 27 18 79023 0.9825025152428399
7 9 20 14 40223 1.094606003112883
2 0 15 7 59952 0.9193414051126921
20 1 3 17 76165 1.0895659354077185
2 0 25 18 95672 0.9598627522537622
0 4 11 20 77909 0.9315075922535174
20 5 18 27 85770 1.0229378898860209
29 16 8 23 54236 1.0262982315351785
27 12 5 3 70178 0.9547250075101973
16 3 8 5 28515 1.0103762453838896
18 27 21 0 102267 1.0188969013843088
29 22 22 28 39223 0.9099167467138208
26 23 1 26 101907 0.9455601581095648
12 6 29 7 53016 1.0061221080729945
1 2 25 2 57810 1.0885394686906686
10 9 18 1 53210 0.9818811871985171
8 24 27 10 76410 1.0992187933715816
28 9 1 0 83576 1.0425888865464406
0 22 27 0 105851 0.9946356405902012
24 7 25 18 42088 1.0503084713820794
6 28 4 4 105634 0.9481062226866223
8 1 23 14 69421 0.9751042432179473
25 27 18 22 50882 0.9450281325835609
12 13 25 15 23531 0.9845257955328953
26 25 21 16 43986 0.9387508175928883
28 10 15 24 79601 0.9454386725292185
24 7 0 11 51564 0.9342106613324975
10 4 10 17 49779 1.0840648864066844
14 2 13 28 120103 1.0031419810892603
27 13 2 10 42577 1.0446125038969059
20 8 27 28 69424 0.9741893771058965
23 26 14 1 96346 0.956452528408758
11 17 27 21 36582 1.0455624029666613
13 16 16 8 51131 0.941862241537164
25 17 9 23 40253 1.0699918243382394
2 13 2 2 46786 0.9715560446108936
1 0 10 29 124867 0.910405884717164
24 18 17 23 39919 0.9766019151098901
26 3 21 18 58838 0.9978749278389945
0 0 17 0 56831 0.9477721265762702
1 22 7 27 45093 1.0844831828172188
22 17 1 1 86918 0.9141257614091928
28 17 7 18 31434 1.073600912215572
13 19 17 4 71999 0.9586968486220439
9 24 14 0 103227 0.9580399987391195
19 26 3 1 120048 0.9848479581242466
19 0 16 25 106212 0.9524155122994485
22 29 28 20 50441 0.9677332480926725
23 12 5 21 59806 1.0235404549256295
5 4 27 20 84415 1.058975984544643
6 4 22 19 72308 1.0655727696999593
3 8 13 22 75460 1.0626782798529522
24 11 11 28 81593 1.0350345451615892
0 26 16 16 70025 0.9472012799505336
8 24 4 3 93906 1.0653060862803492
2 16 23 19 36521 0.9941851398657917
15 5 4 12 55515 1.0664452545936032
4 5 17 2 39032 0.976241150082894
13 17 13 29 65390 1.0554356978511348
2 8 13 5 42602 1.0547129935049089
6 21 26 0 96031 1.0009023166088475
3 3 22 3 45315 0.9484497142887149
12 5 24 9 49383 1.0545968462680493
8 7 11 29 93911 0.9488652974622368
26 26 22 2 85234 0.9771593541466652
8 13 15 0 67950 1.0599569509194031
2 24 26 4 100382 0.9429755709335395
1 0 6 23 106259 0.9018520076240654
1 10 16 20 63990 0.9132243353607238
24 21 28 29 48838 1.0666045601359941
21 7 7 20 72243 1.0051404117095104
1 1 24 7 66886 0.9043547784471188
0 26 3 14 57917 0.9514445234045812
22 17 14 20 28576 1.0053627776884062
12 23 6 1 103590 0.969237657337777
27 29 28 4 69030 0.9419044943068818
1 16 26 6 74074 1.029539313362949
19 21 17 29 46907 0.9122529838923104
29 6 23 29 65748 1.047411972686463
28 22 12 16 46683 0.9492975203428694
9 0 13 9 45516 0.904249004393344
3 15 28 2 65374 1.0799008786394133
23 10 5 25 79847 1.0474737223537782
17 11 6 16 37419 1.0196608255839705
15 15 21 1 64563 0.933193951352461
10 3 10 27 92703 0.9310648186432069
0 24 29 8 90542 1.0478662210760603
13 23 9 8 73562 1.0220496864260316
25 15 13 23 63210 1.059093129281122
17 14 27 3 47085 0.9528687734342856
19 5 10 8 39741 0.9280151395078405
1 6 16 24 105381 0.9579106396208196
12 21 0 0 107632 0.9844267984921611
13 2 4 11 49263 0.969243335905075
5 11 16 2 55151 0.9718389475621403
11 1 28 11 63166 0.9329586442598508
25 26 6 10 79383 1.0147098077682033
26 11 16 8 29552 0.9554628470256075
11 5 17 15 54803 1.0980035345533774
2 3 8 14 54666 0.920778696577733
26 8 9 25 78633 0.9884747268485532
13 14 25 29 66822 0.9739155370809651
27 21 11 29 88901 0.9769499539849005
24 18 1 11 52679 0.9672675949426207
9 1 0 20 83154 0.9349814522753207
16 25 25 5 88404 0.901600021020705
0 9 10 26 81504 0.9712451614720905
3 10 27 12 43539 0.9904351663839641
6 26 3 3 103179 0.924970349660707
13 22 22 11 62470 1.025596286388949
16 4 1 2 35312 1.0372721359507937
27 15 24 1 55167 1.0518547727835872
10 15 26 11 33662 1.0481586901043036
5 28 14 26 46188 1.0399936019562994
1 27 15 18 65965 1.0100559567081797
20 18 9 16 20308 1.068227864770696
23 0 10 28 107601 0.9380138261418215
29 13 20 1 47235 0.9808748871251511
9 21 24 8 58944 0.9679113499073628
15 12 19 0 55527 0.9100355930879784
24 23 14 22 57939 0.9768354671058859
8 19 5 4 63091 0.979110224456807
16 26 9 17 61888 1.0816804877300399
26 19 20 3 56951 0.9463829276765019
6 28 21 1 121614 0.9887850147673352
1 11 19 18 52315 1.0609648305194481
6 27 17 0 129130 1.0169530123777868
3 13 21 10 35707 0.9393455873969617
4 13 29 28 63421 0.909788300443099
13 3 29 19 69382 1.0544529645516814
14 21 6 6 82001 0.9063374750701014
3 24 22 20 63049 1.015081172784203
18 10 29 8 29179 0.9033325169227784
18 24 15 4 93828 1.0255148652214654
24 24 2 26 92378 0.9041275480778864
5 14 24 4 52771 1.0984767074148443
13 23 26 6 97815 0.972415771977298
7 28 26 19 73185 0.9749501352082449
26 13 22 21 32044 1.0489772702006772
13 28 3 18 62394 1.0199973940971887
19 14 26 3 45921 0.9733276536959771
4 18 11 4 62073 1.0300483739530049
20 8 13 29 102406 0.9177664234974937
25 1 21 19 61639 0.996674869504621
9 10 8 29 76260 0.960522283039282
29 5 29 20 34452 0.9641041853667749
14 20 18 27 49105 0.9729745255196676
4 4 16 10 52930 1.0245985903816666
4 10 10 4 39941 1.0836348292270952
12 26 4 4 103380 1.06769862175319
17 28 19 6 96016 1.004818447932357
29 8 7 11 39134 0.9774555753504023
17 19 10 5 66440 1.0962075660295911
28 7 4 14 52458 0.9524876282041517
15 17 0 3 74929 0.9234863845836199
12 7 20 4 36940 0.9473250024417764
8 3 28 5 49217 0.9617249606191096
1 18 28 4 68556 1.027515738878527
20 6 20 20 49106 1.0182838797887162
13 7 4 28 103528 1.0617720460043387
10 7 0 10 36120 0.9398570714422211
23 28 14 23 57152 1.0875456317035794
14 9 27 28 82226 1.0806488523767452
29 25 27 12 34760 0.935715878566248
23 1 24 21 62551 0.9859464884573326
19 0 6 15 74844 0.9263874561206528
16 12 10 28 73843 0.9456988095002462
2 12 25 15 41199 0.9895862015007016
25 18 24 8 35359 0.9067577718682954
19 8 11 12 31082 0.9454899868795809
2 0 23 19 93884 0.985648577524399
10 7 10 28 82222 0.9033345850321615
18 17 21 26 41659 0.9184648259264885
11 1 20 0 33632 1.015748114987805
20 26 19 1 95069 1.050544994378182
28 19 19 24 40790 1.0949218613539677
5 4 15 13 46165 0.9641806276501543
14 0 3 2 38273 1.0495107018745842
21 25 13 15 53020 1.0888166996361892
27 15 11 14 28698 0.9645114522892622
18 9 2 6 59567 0.9330542338693901
9 20 21 12 46642 1.011131410744812
1 9 20 21 66967 1.046319351373873
22 1 17 12 49178 1.0203091591797648
14 17 16 1 77712 0.9516374222918633
4 26 17 0 129403 1.0510088166854392
3 10 20 27 80581 0.9231481104207049
25 29 24 17 44738 1.0346243752364819
0 14 17 15 30472 0.9289748161130459
3 3 19 20 86923 1.0477189060639833
20 18 16 6 60447 1.0976110837051394
19 20 26 2 65805 0.9451740766710532
0 20 21 5 83281 1.003876606626048
18 12 0 17 41602 0.9509801281404489
27 9 21 4 30092 0.9320391814845239
4 29 20 8 104797 1.0653971283082364
5 24 14 9 89630 1.098098460437067
2 4 19 24 102777 1.0695669677378978
26 4 29 17 35055 1.019227337503959
19 28 3 5 107508 0.9310826802313708
28 0 17 27 100600 0.9628142417044714
19 6 16 16 57535 1.0743291111345261
28 4 24 17 37175 0.9815904273528269
28 29 19 10 70213 1.0597538918523774
14 16 18 5 62175 0.9973399932143143
14 19 14 2 83336 1.0999175970589035
4 17 26 14 35100 1.0855593452100043
18 25 6 18 57323 1.0611804798675661
3 13 20 25 61760 1.0800097066077707
24 19 5 17 28770 1.0415921832954778
25 16 19 29 60882 0.9745077618837197
26 19 6 22 55208 1.0280608125446322
26 7 12 24 94952 1.0006976429569734
20 7 3 24 82692 0.9136398649053247
22 24 28 16 37481 0.9036572258642802
11 11 23 8 26226 1.0054792143226576
25 8 29 29 58835 0.9891439891626845
18 9 0 9 50120 1.0424799967692797
6 6 26 20 81239 1.0060535217929643
10 16 0 22 42383 0.9366796413533536
25 9 10 24 75774 0.9121228331641039
15 21 1 19 40691 1.0140462576381177
3 6 12 4 23835 1.0678141676895754
28 8 19 1 45567 1.0090926571811483
15 3 29 18 63291 0.9351895207929879
0 14 5 22 50109 0.992327312210697
18 0 11 22 100513 0.9172507529153656
29 25 12 19 48028 0.9971620969770136
7 9 3 18 47296 1.0136784968437518
12 17 28 26 47097 0.985549364605538
27 23 6 26 91922 1.0232998401964137
0 16 22 22 54441 1.0694677286383485
4 12 25 22 63789 0.9608441994651717
18 4 24 28 80227 1.0071960019062198
18 19 28 20 24612 0.9234073941380964
4 27 9 5 93880 1.0211763954823738
20 23 26 8 58106 1.038017159027048
19 14 0 17 35774 1.036995452037884
16 10 10 15 35062 0.9859472110245946
22 8 11 0 54475 0.9311254974969765
18 20 1 11 59749 0.9197703665990972
11 10 6 27 77403 1.0716234621851841
12 9 11 20 57427 1.0424287557200107
29 6 28 16 29399 0.9076911536828113
13 17 3 2 69493 0.9271338219181399
9 29 0 27 41371 0.9368260113166952
29 14 23 10 17691 0.9202740556043677
22 7 7 1 59130 0.9649767620422293
16 10 24 29 77876 1.0036599516429734
7 12 29 18 43410 0.9605026682551177
24 1 20 28 94979 1.0097992504472988
21 6 10 23 83972 0.9285897460069058
21 10 5 18 55441 1.0512192569395578
0 9 25 4 68196 1.0294909206637588
19 12 18 2 46129 1.0544957600450373
13 25 2 12 72224 1.068008432656682
14 7 28 15 58223 1.078884261746102
29 3 29 23 46022 0.9701928220386286
0 9 22 20 68903 0.95912720411349
8 25 25 12 67670 1.0520377845437583
16 2 9 17 71010 0.979139655384181
24 17 2 29 78196 0.9440562581591783
21 28 14 6 99968 0.9889171916709079
20 11 1 16 41837 0.9420137047315231
22 25 2 9 81743 1.0424397047171015
18 5 1 0 53830 1.054473632485465
5 6 27 4 53933 0.9237518542240665
1 2 27 3 59282 0.9387514507971848
16 22 22 0 90607 1.0050788609752577
22 16 22 3 50163 0.9633178585768126
9 9 17 17 38368 1.0056078174256944
0 26 16 13 75458 1.0407209198010479
28 23 8 8 73534 0.9901485500222855
16 23 28 10 70393 0.9210567387539733
24 19 6 6 70705 1.0261932615350706
4 27 22 20 79023 0.9013616995879137
26 18 8 23 55477 1.0953675330042472
23 12 13 1 58660 0.9744953115595707
27 7 10 4 43980 0.9509669873430324
16 2 4 29 131308 1.0977264550778747
11 19 4 2 77093 0.940430035983088
20 10 12 24 75674 0.9384883799951098
18 2 26 8 36521 0.9097703116889408
6 0 2 6 39302 1.0098242518308544
22 28 25 14 45956 0.9265044167966342
5 22 0 11 61535 1.0615001788648524
26 10 17 5 46685 0.9809664638067941
7 16 28 17 31512 0.9054917823218297
18 18 6 18 25574 0.9823706232761451
27 0 10 25 101640 1.0036483013673192
4 23 2 6 80685 0.9300840257503858
18 3 11 20 80068 1.0576451955154398
4 19 1 8 49161 0.9099409039962535
8 16 19 5 62208 0.9726538818397643
25 22 5 15 59556 1.0524275108695942
13 21 11 1 92102 1.0796620755961999
6 2 14 0 31115 1.0325556195636545
5 10 21 1 71419 0.9525290870660643
10 0 6 28 114703 0.9039391660337145
25 27 13 22 70677 1.0648345277829416
24 10 0 1 79345 0.9984519171223174
12 29 1 0 135778 0.9519666240017982
15 16 28 8 45763 1.0559859365083402
26 27 20 12 58685 0.993180209764539
18 9 1 13 41930 1.024954175093829
28 6 3 28 106365 0.9892517978503597
18 3 15 24 104757 1.0022409590725612
28 6 7 4 47344 1.0334888827492064
16 3 10 29 115269 1.0537158640008006
11 21 25 2 80225 0.9857188882657415
17 17 9 22 27461 0.90997406497711
7 11 22 14 29259 1.006580316921263
18 12 4 16 39344 1.0671414618831676
8 8 2 25 77675 1.0190756518512427
17 4 3 26 103802 1.0350573227161377
26 20 21 11 37817 0.9785036563714438
24 6 7 10 52380 1.0004750077143143
3 26 13 10 76979 1.0802000780446632
0 18 22 25 59026 1.0303406581249228
27 13 27 3 31128 0.9635646319719137
29 27 22 6 66847 1.0807074100263525
25 9 1 17 55980 1.05005358634222
17 14 20 25 43394 0.9827369159798597
0 11 25 17 48322 1.0160302463839948
7 16 28 12 46893 0.9892093575501604
27 11 21 17 25182 0.984589366810748
29 13 14 26 77600 0.9642218691170147
11 6 4 26 95477 1.0138491698354342
13 0 25 27 115770 1.0721276435662097
11 13 14 24 69750 0.9796943102160286
10 19 2 9 51930 1.0179573590405806
9 13 9 29 57263 0.9909752373814911
23 4 9 10 44107 0.916650796021486
15 29 9 14 78471 1.0105459813770443
22 29 25 0 96757 0.9827430328125246
29 21 23 17 16078 0.9945145561082231
20 2 6 23 99153 1.078764662022826
9 14 22 13 18412 1.0600373484417511
8 18 24 6 64288 0.9401993341227983
3 24 9 18 35164 0.9204685525884152
15 27 18 6 105536 0.9432535402201975
16 15 9 27 59954 1.0927959275474122
5 3 25 20 89008 1.007705506800503
1 13 25 21 55965 1.083404271514472
29 1 16 28 100060 1.0259292401296003
0 1 0 22 100815 1.0080005030123402
7 7 17 11 34774 1.042532159405533
9 12 29 15 31042 1.0375421056377458
23 28 21 16 41161 0.9327506437567809
12 6 25 4 39078 1.0453514799935746
6 5 11 29 105917 1.0433336366510344
4 0 7 12 59323 0.9389457694843064
21 4 10 13 43913 0.9165426161536621
27 26 6 4 100227 1.0439958673363583
29 26 1 23 79509 1.0274759135103908
8 1 26 27 118373 1.0668587749876912
15 29 3 29 54191 1.083209138375979
28 5 6 21 78013 1.0008950515165629
13 28 14 17 60096 1.0348520245553048
3 4 6 29 110855 1.0075022200149366
16 8 22 29 84081 0.921652693086995
0 9 10 9 34313 1.0554954099184863
11 2 24 10 54645 0.988158732980119
18 16 10 2 70249 0.9606292511040029
16 7 8 12 47341 1.0368313651663041
23 25 19 16 35535 1.0783846116159983
15 23 1 28 74961 1.099497657575049
18 13 29 3 35605 1.0912729796158882
7 18 13 27 56197 0.9101949251858125
27 8 27 28 58482 0.9319500438216872
25 27 22 18 39259 0.9128256630614882
26 0 19 10 53976 1.0391196697872458
28 18 4 5 79660 0.9631960871911851
3 0 23 0 61551 0.9014526520120953
18 20 5 0 102562 0.9052987063671419
8 24 20 13 59423 1.0877550880959717
26 3 8 16 71556 0.9954290305603577
16 2 22 9 43383 1.0704695058307
26 7 8 2 60272 1.0277889660571782
5 5 22 17 72148 0.9332341929484816
4 27 27 15 80999 1.0871976970640505
2 5 29 3 56299 0.9944721484500236
19 14 25 6 38161 1.0637825673345134
20 7 13 1 41074 1.0517974876924794
7 18 8 29 54553 0.9671304899229118
13 27 6 21 55503 1.0026946803496803
0 28 12 22 73042 0.9284099076803061
27 9 10 12 38845 0.9294306485333392
0 1 0 28 124601 1.055244421441031
10 12 23 24 50126 1.0130386399932045
25 17 8 29 69743 0.9036274799674764
26 19 1 5 82224 1.0839010778480804
28 22 16 28 67165 1.0564783501017139
13 13 2 11 20745 0.9101658601872691
14 4 5 3 23684 0.9556980191397024
13 17 0 22 41529 0.9979036931153406
10 26 0 16 53130 1.0573500497074866
7 25 23 8 78074 0.9849727126837104
6 26 24 22 81866 1.0147734912769
22 4 2 28 109275 0.9500175541774786
18 27 16 5 100642 1.0719857987511916
28 15 16 4 52235 0.9884512265200879
13 16 25 18 25435 0.9892209535217749
27 5 6 17 61666 1.0016148710647457
7 0 18 16 81931 0.9859037560649355
4 27 20 0 123338 0.9918545706937283
3 18 0 27 46463 1.0199015757160859
8 29 18 14 75240 1.0693020423120592
13 12 5 19 40514 0.9177479316536593
15 26 16 0 126360 0.9401662373775546
26 25 17 24 38800 1.015669044124256
5 22 16 17 44506 0.9931512991197616
0 13 29 19 46636 0.9790715381780988
25 29 14 2 107378 1.0760046206982437
29 0 5 8 69603 1.0870794357047413
28 16 5 4 75381 0.9368816752860242
29 22 13 1 88000 0.9099070779910446
25 26 14 26 54077 1.0731388788025435
0 11 6 23 62176 1.0443342326017793
3 8 16 12 39396 0.9658179185176833
24 22 0 2 105584 0.9075986391694159
20 14 2 14 27200 0.9195288075141708
11 29 19 0 127250 0.9589910518841722
3 27 29 8 90523 1.0494980448812654
28 28 19 11 56798 0.9479961685364853
21 7 4 22 88374 1.0642955717307512
2 2 20 27 114687 0.9369202770734028
13 28 17 13 77432 1.012780107899971
1 27 17 21 76115 0.9686784033860352
4 19 24 26 65100 0.9741780388734715
1 17 21 21 42888 0.9509084103873405
26 28 3 4 110695 0.9484037652392887
15 17 29 23 30046 0.9915140105159721
11 7 10 25 74747 0.9477384277402077
3 27 11 23 47419 1.01898824674526
24 22 1 10 70466 0.9155852482154699
29 7 9 27 81866 0.9062183362423623
8 3 17 26 111591 1.0413992225644004
8 6 22 27 92269 1.0152208770653925
24 0 29 23 69062 0.9127979179507283
6 28 4 12 76186 0.956246906749491
17 21 29 26 50260 1.0561928310625142
24 22 14 8 68707 0.9855222028946526
13 20 8 14 34107 1.0673523306937587
1 13 25 27 72820 1.0888455157428967
16 16 26 7 57058 1.0794393918265113
28 2 4 4 51515 0.9860926874801125
27 4 28 29 67600 0.9459698757121806
23 20 5 5 79300 1.0228612782180855
26 3 20 23 73315 1.0630020210950861
15 29 9 5 110790 1.0914548611808303
28 2 6 28 110238 0.929669830680851
18 13 10 11 17819 0.9160662075326124
5 26 14 6 110722 1.0238631902633522
16 27 5 14 80194 1.0396753990987486
4 19 18 2 87183 1.0348616530056174
4 7 26 17 65295 0.9802166033048989
10 8 28 28 81679 0.9150260458900349
7 22 5 13 50837 0.9303881667891621
2 11 28 10 42961 0.9403688907759379
23 19 1 9 58756 0.9305762093973029
19 13 28 24 44181 0.9797749495222785
8 26 25 19 64530 1.0395815884934292
28 9 10 29 95285 0.9083905640093893
10 9 3 12 22920 1.0534678029059825
3 12 19 18 45551 1.0471633655332948
8 22 1 3 90117 1.0543430483144722
9 15 24 22 45355 1.041398189398895
16 0 20 17 72662 1.0412865940108427
27 25 13 6 93489 0.922122974646244
24 1 16 22 91935 0.9274463888718012
21 20 26 9 49907 0.9758830356977031
18 19 27 4 54757 0.9266689159860744
25 22 2 11 68145 0.9129749162015369
5 14 20 7 43102 0.954137851819735
15 21 8 29 66653 0.9798672232058387
25 20 5 28 83786 1.0455473185872586
17 29 25 3 103246 0.99711277949059
19 16 12 24 58339 0.9270676543768148
5 2 17 13 58154 1.055719495316111
21 13 5 8 42056 0.9008979502637073
20 15 16 4 45414 0.9000404265067514
21 16 22 5 47206 1.031736061303925
2 2 10 13 53668 1.0746115735646404
5 23 14 16 53996 1.0214274919944066
28 26 6 22 79234 1.0484527598187638
25 22 0 19 61413 0.916855235342788
26 26 2 1 126459 1.0117986305273834
15 3 1 8 48835 0.9641415217232779
18 16 8 11 36954 0.9329211015775094
20 12 5 12 28485 0.9629107966448422
26 11 19 2 38999 0.9700633155609545
27 16 9 5 62602 0.9369781337494003
18 18 26 2 60423 1.0655738261066083
20 24 17 7 69041 1.0153618635388981
9 3 12 22 83377 1.0903396295415841
2 13 15 4 51026 0.996241641686871
16 21 19 29 56632 1.0406955367239978
18 27 12 1 123718 1.0235577483926668
15 4 0 6 37775 0.9900950437941602
0 14 14 14 21203 0.964530596141437
6 21 29 5 74166 1.054042925138746
13 23 28 21 65445 0.9909366843247639
16 9 25 20 57969 1.0281480826546794
17 25 0 22 80290 1.004721731388602
18 19 28 27 44652 0.93324905149772
0 1 22 7 70638 0.9650153053911085
2 6 20 9 58408 1.0041848647374914
19 7 10 28 97285 0.9274671905951862
10 16 26 2 66342 1.0383370837054657
0 15 29 23 58997 1.036902050742664
27 0 5 25 112689 0.9121499774422951
2 15 6 0 72359 0.9523851852709453
13 29 23 10 93808 0.9493163795643094
11 0 16 25 121331 0.9309228365350939
5 22 18 26 74456 0.9040156665408
27 7 6 14 51994 1.0244517439199052
24 22 17 16 33730 0.9622653985274281
15 20 5 28 62918 1.0401903654691596
11 4 0 23 92416 0.917302440584702
9 12 28 2 54223 1.0223139678868383
9 14 11 1 53041 0.9416464834773445
0 23 26 8 92149 0.9522505355532842
23 23 4 7 78752 1.002506270439926
27 14 18 3 49607 1.0654376804415169
4 13 1 28 66420 0.9727466090030278
8 21 17 12 48913 0.9893985718460503
5 6 27 28 108472 1.051127502343405
12 17 22 22 34648 0.9993691053046159
23 13 27 3 35632 1.0675885227666835
21 15 27 24 50646 0.9854278107226112
17 11 1 2 59681 0.9915151127920755
3 1 14 12 62127 1.0411487892290467
7 19 16 15 35291 0.9650153559132935
28 24 1 25 90724 1.0571713222891184
3 24 20 21 60827 0.9739617501997416
29 4 12 20 68134 0.9157111977761894
14 10 11 22 61746 0.9904077346729178
18 2 4 18 82105 0.9354476328550421
20 29 15 4 96538 1.0300180644994141
8 21 21 2 84340 1.0827481771441065
7 7 0 19 64424 0.9203741853309162
14 4 21 29 98913 0.9199120683666796
10 0 29 24 97366 1.006214589636804
29 0 5 15 70033 1.087990721473804
9 27 18 16 52921 0.9529488120793459
11 17 1 4 62783 0.9693140763894107
1 29 10 5 107912 0.9510220965010303
25 29 28 8 68270 1.093864603699482
23 18 13 26 62843 0.9358122542805449
11 19 0 9 55625 0.9491588374222483
23 17 7 13 29347 0.9459048818947189
25 14 25 0 49383 0.9963856091386757
2 17 25 11 44536 1.0416008005999084
8 26 11 19 36329 0.9446080212004366
22 0 4 21 96100 0.9928716218921539
