1726 1853 1013 1099 1606 1815 1818 1842 1482 1605 1877 1046 1119 1977 1924 1112 1385 2792 3342 3185 3541 2756 3036 2936 3500 2872 3151 3065 2906
7788 3280 3192 3021 2920 3197 2862 3629 3265 3147 2959 3527 2922 3034 3546 3630 2861 3635 3657 3210 3787 3313 3791 3820 3535 3153 3147 3476 3029
6839 7175 6612 6695 6733 6942 3358 2744 3099 2776 2662 2610 3092 2541 2813 3374 3383 2501 3099 3074 3022 3459 3242 2936 3435 3247 3427 3096 3267
5723 5196 5081 5999 5964 5484 5232 5059 7801 8720 8542 8489 8679 8748 8368 8570 7873 8479 8181 8215 8484 8617 8457 7980 8264 8474 7986 8267 8694
3683 4302 3685 3619 3661 4192 3730 4490 3544 3358 3371 3880 3558 3253 3611 3635 3439 3387 3395 3670 3787 4183 3963 3402 3640 4082 4058 3449 4161
8040 7882 7762 8006 8131 8339 8256 7616 7670 8108 7913 8263 7631 7981 8021 8326 8174 7670 7879 7964 4031 3712 3904 3774 4020 3624 3607 3958 4328
2831 2410 3103 2995 2621 2945 2888 2617 2869 2915 2857 2448 2702 2692 2788 2835 2982 3228 2975 2289 2595 3143 2865 3032 2560 6072 6618 6080 6853
8168 8245 8738 8816 8686 8722 8398 8826 8156 5877 5634 5368 5157 5299 5807 5186 5469 5461 5520 5665 5591 5696 5836 5214 5953 5594 5679 5003 5848
6209 6547 6165 6801 6799 6357 6405 6157 6674 6577 6881 6763 6328 6143 6993 6761 6955 6116 6797 6659 6103 6348 6623 6114 6638 6695 6014 6691 6690
6182 6316 6577 6649 6840 6187 6996 6038 6041 6128 6509 6105 6506 6246 6828 6136 6069 6025 5651 5932 5531 6216 5805 5623 5690 5869 5812 6104 5761
5882 6506 6160 5830 6011 6110 6237 6009 6422 6260 6172 5796 6015 5831 5679 5825 6296 6196 6334 5843 6085 6343 2960 2528 2404 2924 2163 2773 2521
8351 8424 8389 7992 8525 8476 8404 8647 8119 8101 8779 8604 8638 7996 8277 8029 8261 8675 8023 8175 7962 2254 1899 1724 2096 1973 2009 2359 2146
5057 5254 5606 5172 5379 5021 4913 5054 5352 4682 5120 4889 5470 5300 4843 4850 5805 5891 6095 5692 5307 5335 6264 5938 5576 6004 5487 5742 6031
3711 3895 4331 4190 3667 3838 3637 3763 4094 3510 3929 4220 6935 7240 7838 7333 7189 7550 7549 7321 7693 7617 7011 7268 6984 7417 7722 7336 7567
6063 6150 6421 6507 6345 6216 6471 6334 6727 5995 6680 6222 6032 6324 6339 6853 2729 2550 2829 1871 2649 2483 1876 1953 2046 2627 2446 2334 2298
2401 2846 2253 2136 2207 2094 2859 2542 2022 2265 2011 2653 2518 2532 2817 2626 2479 2666 2521 2668 2788 2718 2558 2807 5489 5530 4794 5181 4852
2964 2932 2639 2454 2618 2870 2517 2336 2355 2793 3208 3178 2916 2282 2474 2712 3152 2956 3200 2523 2647 2641 2345 3012 2504 7081 7082 7459 7256
3568 3382 3573 3767 3170 3990 3451 3783 3542 3668 3268 3813 3214 3180 5990 5564 6178 5766 5595 5809 5651 5863 6210 6106 6015 6069 6101 6205 5686
6644 6263 6565 6320 6602 6530 6079 6834 6511 6945 6179 6702 6317 6093 6309 6601 6346 6987 6809 6038 6262 6664 1794 1653 1719 2016 2370 2332 1930
5426 4591 4793 4521 4817 4754 4577 4672 4722 5199 4660 5176 3939 3799 3994 3849 4133 4178 4081 4642 4658 4573 3803 4299 4015 4150 4204 4159 4519
1875 1839 1402 1855 1606 1618 1758 2167 2178 1790 2197 2288 1691 1524 1747 2016 1931 2263 2295 1935 1625 2181 2113 1937 3002 2652 3308 2852 3273
5584 5897 5809 6177 6027 6222 6276 5580 5571 6171 5781 6189 6280 6255 5494 5830 6182 6158 8524 8689 8842 8369 8447 8754 8240 8971 8371 8452 8822
5640 6130 5800 5787 5028 4769 5239 5138 5305 4794 4579 5090 5296 5138 5226 4866 4645 4939 5434 5150 4766 4476 5113 5184 5396 4970 5373 5064 4584
5199 5486 5251 2069 1751 2174 1508 1708 2381 1888 2357 1861 1649 1552 2023 1833 2187 1902 1903 1797 1435 2297 1640 2380 1908 1908 1529 2136 1946
4783 4925 5330 4381 5017 5061 4497 4939 5324 4831 4904 4835 4807 4409 4530 4824 4953 4649 4885 4691 5301 5317 4823 4827 5029 6942 7604 7376 6732
4137 5019 4336 4772 4622 4286 5109 4956 4908 4864 4987 4758 4209 4224 4397 4770 4702 5152 4289 4407 4853 5090 4661 4225 4664 4719 4567 5036 4451
5580 5680 5265 5108 5033 5722 5343 5797 5813 5773 5467 5722 5499 5239 5970 5280 5925 5590 5011 5716 5578 5626 6481 6542 6233 6189 6476 6279 6229
2102 7302 6987 7524 7325 7588 7605 6852 7625 6951 7072 7412 7416 7463 7507 7478 6916 7308 6976 6975 7569 7496 7391 7055 7818 6866 7638 7153 7220
2853 2685 3070 2908 2314 2976 2616 2439 2308 3082 2696 2677 3038 7956 7877 7565 7490 8123 7261 8018 7486 8079 7330 7563 7195 7611 7984 7736 7796
5530 5666 5350 4761 5200 5352 5295 5648 5222 4947 5570 4820 4372 4722 4560 4954 4637 4987 4445 4446 4623 4855 4782 5164 4428 4854 5051 4352 4560
6827 2092 2509 7697 6938 4737 7487 2255 2887 6210 4349 8294 5160 2523 5366 5689 7601 4881 2465 3916 7864 5933 4349 8614 5369 4449 3654 5548 4802 6704
7380 2051 2528 7791 7644 4478 7747 1513 3092 5327 4670 7341 4882 3091 6024 5682 7340 5461 2578 3866 7777 5725 3551 8271 5250 1773 3876 5453 4403 6023
6638 1522 1946 8370 7547 1856 6897 2061 2258 6090 4048 8236 5090 2720 5782 5716 7790 4903 2634 4166 7942 5619 4487 8258 5309 2206 3842 6179 4619 6239
6784 2027 2553 8214 7697 2565 7449 1736 2866 5789 4755 8071 4588 2362 5534 5777 2217 4755 2546 3725 7810 5844 3750 8084 5064 2546 4614 5670 5156 6461
7049 1718 2623 8144 7043 2172 7296 1729 7847 6208 4742 7377 5013 2360 5942 5969 2980 4750 2458 3637 7127 6270 4269 8598 5582 2006 4063 5984 4476 6152
6957 1566 2671 7577 7462 1903 7358 2052 8519 6199 4078 7663 5063 2992 5789 3953 2689 5446 2971 4168 7337 5297 4002 8350 4778 2492 4052 5955 4621 5986
7514 2128 2653 8166 6958 1985 7405 1515 7660 5672 4438 7687 4950 2841 5334 3772 2267 5437 2696 4469 7379 6275 3710 8845 5065 2602 2185 6425 5258 6256
7075 1709 2320 7800 7413 1960 7449 2088 8206 5333 3880 8269 4830 2814 6175 4106 2025 5055 2468 3694 7727 5874 4421 8424 5156 2341 2177 5573 5227 5842
7493 1644 2363 7662 7063 1752 7550 1711 8494 6041 3913 8122 5002 2359 5530 4323 2671 5491 2287 3796 7115 6245 4090 8192 4988 1998 2602 5451 5106 6021
6689 1810 2041 7927 7752 1829 7216 2249 7723 6044 4767 7404 5469 3131 6147 4321 2209 5182 4828 4622 7390 6040 3615 8022 5062 1966 1920 6098 4603 6309
6801 1489 1788 7671 7042 1979 7697 1844 8025 5638 4424 5950 5366 2490 5351 3950 2499 4792 4379 4609 7593 3846 3916 8720 5605 2122 2231 5735 4579 6274
7281 1835 2385 7770 7532 2331 7819 2082 8158 6012 4040 6677 4957 2834 5812 3745 2560 4977 4057 4595 7019 4276 4250 8074 5035 2549 2260 5516 5049 5884
7369 1429 2343 8235 3422 2380 7521 2149 7626 6135 4463 6387 4844 3370 5600 3707 2567 4872 4694 3633 7683 3533 3930 8453 5251 2064 1800 5895 7407 6037
6998 2290 2593 8513 3486 2201 6984 2375 8380 5317 3936 5755 5138 2800 5725 3885 2988 5213 4450 4402 7078 4437 3963 8804 5127 1940 2093 6057 7657 2025
7021 1748 1726 7929 3347 2440 6919 1911 7584 5861 4606 5932 5088 2983 5855 4025 2607 4942 4789 3837 7718 3882 3611 8162 5107 2178 1942 5572 7442 2042
6822 4198 2557 7592 3225 1922 7083 1628 7608 5325 3826 6560 5219 3284 5412 4089 2231 5358 4944 4235 7486 4326 4106 8251 4923 1779 1658 5452 7069 1961
7319 3354 2313 8504 2567 2201 7608 1427 7783 5674 4306 5805 5116 2902 5698 3537 2698 5044 4933 3783 7911 4191 4256 8763 5644 2073 2280 5511 7410 1892
7127 3577 2559 8400 2783 2681 6933 2044 8224 5804 3899 5932 5297 3409 5587 4499 2241 5344 4563 5796 7513 3661 4096 8313 5705 2061 2020 6112 7943 1677
7353 3835 1991 3655 3059 2001 7581 1805 8446 8507 3937 6537 4852 3644 6213 4379 2387 8096 4164 6547 6764 3774 4318 8406 5657 2048 2261 5600 7231 1819
6788 3517 2523 3381 2831 2279 7614 1662 8341 8693 4544 6437 5091 3379 5922 3789 2240 7517 4058 5848 7563 4045 7590 8464 5336 2579 2106 6219 7907 2316
7386 3965 7998 3596 2946 2034 7593 1455 7915 8108 4038 6284 5462 3173 6042 4487 2413 8033 4232 6433 6926 4240 8247 8646 5150 1819 1649 5465 7227 2366
3120 3381 8447 3547 2955 2207 7753 1596 8238 8386 4039 5760 4649 2909 5516 4269 2139 8170 4050 6616 7262 3577 7942 8530 4810 2704 1710 5748 7274 1573
2546 3491 7933 3012 3024 2108 7001 1886 7736 8112 4441 6432 5470 2761 5379 4136 2720 7303 4412 6381 7127 4048 8199 8467 5156 2441 1862 5841 7410 2333
3082 3513 7757 2901 2622 1847 6046 2237 7620 8090 4539 6184 4941 3449 4379 4089 2387 7578 4048 6410 6852 4074 7466 8922 4746 1840 2346 6001 7590 1428
2843 3582 8043 3169 3321 2648 6959 4141 8521 8975 4104 6212 4638 2903 4187 3826 2883 8174 4598 6579 6975 4065 7455 8658 7566 1750 1960 5512 7788 1630
3208 3947 7860 3046 2903 2081 6505 3985 7707 8479 3936 6002 5249 3104 3927 4426 2646 7406 4817 6296 7404 3536 7639 8325 8054 1932 2192 5562 7041 2043
2815 4304 7955 3614 2723 2510 6081 4226 8550 8761 4594 6596 5345 2905 4113 3713 2210 7630 4488 6471 7028 4395 7560 8252 7885 2159 2278 6109 7119 2045
2960 4118 8096 3264 2745 2197 6761 3586 7831 8503 4128 6681 4638 2700 4364 4256 2183 7571 4367 6467 6922 4010 7411 8623 7781 2113 2550 5459 7357 1533
3094 4164 8470 3087 2594 2593 7029 3631 8132 8266 6403 6363 5008 2905 3916 4089 2227 7383 4856 6464 7462 3785 8002 4727 8146 1744 1887 6257 7837 1443
7 23 28 29 59498 0.918263023761119
0 27 26 7 99616 1.0150365737020248
6 3 1 20 50288 1.0719776995208665
8 7 4 1 23849 0.9534013698638085
24 25 3 2 89652 0.9573564329371146
4 11 22 5 52651 0.9543194417995428
29 22 4 16 85075 1.0196367012473662
13 16 9 2 52006 1.0504798292272055
20 1 2 7 44146 0.9310852418519292
23 21 15 12 38786 0.969845450158908
1 16 24 9 76537 1.010884911899089
10 15 22 3 61218 1.0430918006359584
29 22 16 3 77530 1.0647440698006823
18 17 14 3 52516 0.9058234629373433
5 16 11 11 39910 0.9197494405576022
23 26 6 28 47454 0.9773802008904406
27 13 10 4 60003 1.042665191665584
20 20 4 8 60783 0.971942611692672
15 27 22 14 48932 1.001954395463179
7 16 27 21 64489 1.024289747514152
3 5 28 16 73461 1.096587499606417
7 29 23 22 56937 1.061944683097019
8 6 8 17 45978 1.0695566848813332
19 14 15 27 46362 1.0289155918782769
15 1 9 18 63905 1.086250791020301
17 6 28 29 64798 0.9613592327064693
12 5 2 27 81160 0.9925148994830528
13 8 9 29 78151 1.0247825805300361
13 17 26 4 59160 0.9025582471051631
27 13 3 3 80068 1.0370557581425015
4 3 19 19 73609 0.9647012454673944
27 13 28 3 29754 0.9050358250832266
12 7 5 11 30410 0.9950071473932448
26 16 18 26 36861 1.0946650094199564
28 19 8 11 93770 0.9267366553244798
27 1 1 24 115037 1.0025903468106903
0 2 17 19 73929 0.9561817399866047
15 17 28 3 56998 1.0418602334686353
4 22 21 27 55698 0.9143357976559018
7 19 14 13 44608 0.9434893810263629
12 14 3 24 61836 0.9056167908528867
12 4 6 10 31449 0.9425783501794156
4 10 17 3 48924 1.0205690820797781
2 10 7 0 42863 0.9444815775674422
2 26 27 25 57442 1.053447148899273
2 17 19 28 70248 0.9392761592616765
15 9 12 29 58782 0.9520294121155766
21 24 11 0 77642 0.9790873078407972
10 24 13 13 48430 0.9746146905418949
20 22 9 26 31899 1.0122858860713515
4 1 10 5 21939 0.9830377258532539
25 1 10 16 70480 1.083970599630533
21 19 21 8 36268 1.059167516113972
29 17 22 5 42215 0.9615257990898939
26 18 11 20 68082 0.9385278259337356
21 24 12 19 41783 1.0178264453453163
15 3 13 27 66005 0.9198326357203078
25 24 0 23 67426 0.9616151847679508
23 16 0 15 68613 1.041803131581887
8 19 12 25 34714 0.9507527975646145
5 12 17 9 47073 0.9636057161254957
11 1 18 28 78488 1.0518294891593039
17 28 27 7 73431 0.9470535446586354
23 29 27 10 53416 0.9121211489224631
15 7 24 8 20679 1.0272694177076835
26 17 12 17 46877 1.0346532390062713
10 21 22 22 51306 0.9172925386277268
1 4 21 29 95623 0.9702767038746156
0 11 25 24 91984 1.0841962729551327
1 11 20 20 70903 1.0561610569320443
4 20 13 22 44173 1.0161797509528694
26 3 16 20 60550 0.9079927366908108
19 22 9 14 58858 1.0003526732001593
27 21 6 11 80221 1.0585391279774456
10 24 1 4 75817 0.9269927094521456
24 10 1 17 73539 0.9746544698024135
6 25 29 0 103854 0.9376011764955892
11 28 2 8 74779 1.0695686188530196
20 6 8 16 49254 1.061492061081499
5 17 21 23 65607 0.9631844477202216
3 20 12 4 71713 1.072488695361474
17 21 1 22 58401 1.0133669085009342
11 25 21 8 61899 0.9357139910711533
21 3 14 10 30434 1.0410101862955004
28 25 9 2 82423 1.0341055193377557
1 7 9 4 27461 0.9941059460207303
28 20 8 14 87714 0.9655050007540976
25 10 7 1 56472 0.9906237958980691
8 27 1 13 63211 1.0212188721232869
4 8 9 16 38341 1.0299256903851692
27 9 12 0 66650 0.9517854023621095
10 12 16 8 36648 0.9495620007380969
7 29 15 18 53222 0.9684050739572312
19 26 0 3 85812 1.0458966562085699
13 27 3 24 37986 0.9162910023546673
27 13 7 20 78084 1.061977513778782
29 2 13 8 50176 0.9309815774810036
28 28 0 27 79710 1.0571847902742557
7 25 23 10 63386 1.0273941534632234
1 25 28 3 103175 0.9227838799422233
25 22 14 21 45180 1.0880551828931928
26 23 6 10 90086 0.9211347293653055
9 15 19 19 43515 1.0161370234587839
1 25 23 14 69592 1.0403525346439224
19 17 6 8 53078 0.9048511464356073
15 1 10 12 48898 0.9561887531493648
28 0 22 13 43400 0.9546061539250902
18 26 28 28 31674 0.9894392286663392
14 15 21 18 26874 1.0357048240874738
5 7 12 12 38638 0.92932093007013
22 25 14 0 72175 0.9472764701325007
7 16 16 17 25509 0.984144621284125
18 14 27 27 58941 1.0979296579154427
12 19 27 25 48276 1.0039240019721887
29 7 14 29 82005 0.9698490776463593
24 23 17 14 47777 0.9975320706479653
1 1 18 16 68517 0.9174219547171748
1 16 29 14 88528 1.049728935565914
24 20 25 4 43269 1.0094721995342681
26 7 18 11 36095 1.0482857421104692
7 10 17 20 64284 1.0870891018643671
2 3 29 6 77442 0.957687677413001
22 4 0 28 98264 0.9956006304100645
12 23 18 11 57435 1.0873467376881227
1 9 8 17 45642 1.0555812254486052
1 1 10 3 26831 0.9725765006196129
21 10 0 2 55360 0.9532825645155361
3 21 24 24 69448 0.9547468552840723
25 29 19 0 68956 1.079963397833809
24 27 9 10 87349 0.9031292109216559
10 18 0 9 42768 0.9139556730641533
15 20 4 13 46394 0.9701582862001257
10 6 1 25 70052 0.9886702562941947
2 16 3 5 37867 0.9093507374220615
22 15 12 23 53090 0.9607734097270022
9 27 12 19 35184 0.9566796611840979
13 12 2 7 40732 1.0391118809345692
10 25 23 14 49662 0.9066016240610664
9 0 0 1 22639 0.936662711065371
17 6 28 8 34513 0.9358977485153596
2 19 13 0 62238 0.9287852866551254
14 10 3 8 39517 1.0438626630560428
14 7 20 29 59442 1.0359130471946412
28 8 0 19 84890 0.9994993555667289
6 17 22 10 56712 0.9157089050042669
27 25 1 24 59503 1.050665278201525
5 5 28 23 98416 1.0577595180628623
9 26 2 11 62930 1.0104284234672243
1 17 16 19 56964 0.9578449085802455
22 5 11 2 30094 1.09174452594213
27 22 12 29 63505 1.0112468896953128
6 16 15 22 38233 1.0163601811303338
16 17 7 4 57880 1.0696748007049643
24 23 5 16 66234 0.9363370654848151
26 20 22 1 65459 0.9936300587550465
0 0 23 6 55211 0.9686294556123171
10 16 3 26 48035 0.9661154441418948
26 12 4 28 90098 0.9850398363699104
0 22 20 12 75854 1.0692850156354932
8 11 17 16 45962 0.9131333331394239
23 23 0 17 79277 0.963356528851774
21 7 0 0 50221 0.956554002664733
6 20 8 6 46205 0.9342233967025668
15 10 27 8 41773 1.0459611599360916
21 11 22 24 41790 0.9043536089831045
24 2 1 13 70000 1.0625190093769998
18 7 7 27 73813 1.070291046152412
26 19 11 18 62719 1.044715463299235
29 6 17 11 47619 1.0638745490414723
0 22 14 26 44099 1.0162376009921104
7 27 26 15 70803 1.0553836197471165
19 2 7 28 87950 0.9802885923876365
16 15 12 6 33399 1.0952540965134667
6 13 1 26 48160 0.9541944708856925
1 23 9 2 67901 1.0457515340967694
0 20 28 16 82160 1.0974975410146957
20 10 14 27 47734 0.9970550844861927
11 2 8 11 49317 1.027446113135776
29 4 6 25 91838 1.0219258748763618
19 13 24 19 28340 0.949641204340871
2 21 8 12 46224 1.0368252637549404
20 6 15 23 49551 1.0771427468060195
26 17 13 27 59189 0.9216265636500284
25 3 4 7 48780 0.9683153156139304
20 16 12 7 32599 1.0274141441413362
1 22 17 15 63897 1.011949367403034
19 19 28 0 63663 0.9303046063262902
24 15 21 4 30920 1.0830530408104877
12 17 25 20 54467 1.0451222431513596
14 26 25 9 61627 0.9422054563374522
2 18 23 10 69556 0.9499154417824508
5 15 28 22 85633 1.0856065999556683
4 20 3 2 49783 0.9121579624635181
0 3 16 22 76944 0.9602647315852817
9 27 22 3 80727 0.974157971512121
0 25 3 18 29973 1.0229854267011955
14 20 19 2 52743 0.9751458635175813
23 2 13 4 34812 0.9171034198023633
14 27 15 7 50652 1.00179204058153
29 1 24 26 69061 1.0351902289288692
24 10 13 2 39887 0.978471392313926
17 21 11 13 40862 0.971878278132702
4 25 19 2 82440 1.0009420178733304
8 9 0 15 40652 0.992065978447551
24 2 1 3 66015 1.0832842438479577
15 28 5 7 80099 1.039295666338226
16 5 26 23 67520 0.98038907154733
18 10 0 9 49911 0.9901885457017521
23 20 27 10 36237 1.0790925638253654
12 29 3 11 80245 0.9884698541641179
12 26 26 6 73696 1.035503180864661
2 11 16 22 66194 1.0775404200894927
28 0 17 4 41593 1.0069848529914938
13 29 24 24 34177 1.0580143569842642
12 23 14 3 70875 0.9652742776777515
13 13 23 17 35014 0.965491718149872
3 27 20 7 85488 0.9119438872970442
21 14 1 2 67573 0.9550271565653924
27 4 16 25 67428 1.07337022340967
29 29 1 17 88657 1.0047626139421293
7 7 18 19 59513 0.9442648417956699
22 1 7 15 69574 1.0718997733178741
16 23 13 6 51604 0.9666975188028122
4 20 28 7 93029 1.0201367077323693
28 14 1 3 86884 1.027236620582629
21 23 1 6 79030 0.9640786231778058
15 1 18 25 64468 0.9563660685996698
26 3 28 20 70660 0.9206859654290619
8 1 25 25 78434 0.9033041997498868
12 16 4 22 39714 1.085353778075182
11 27 7 18 37166 1.0328078056900267
15 2 9 13 43168 1.0012421746822127
6 17 11 23 35881 0.9257745010884378
12 17 14 9 37250 1.0629176396933868
21 17 2 21 68799 1.0633044355470456
10 4 23 28 76072 1.0507622889696324
9 25 4 15 41914 0.9984479257015413
1 15 1 4 29308 1.0969698373614671
3 23 17 21 55856 1.0169912645370875
18 5 12 24 65668 1.0767640949570192
6 23 24 28 53490 0.9936353225138637
10 7 22 22 58864 1.0831105358199002
16 9 13 22 43457 0.9542112161063956
10 9 18 7 27891 1.0930793434903479
5 29 7 12 59645 1.0889179612012587
22 10 18 2 26965 1.0997734645967634
7 4 22 4 44149 0.9054545416304213
17 27 27 8 75759 1.0796669479074843
0 3 1 27 56468 0.9346317636993202
10 14 10 28 58797 1.0037363309559968
20 22 6 18 52630 0.9697997891926063
22 14 23 25 26684 1.091386163469
0 7 17 28 90613 1.0733761685633019
6 12 13 16 27815 0.9686990744692571
4 5 1 15 33561 1.044545696980288
25 10 12 3 49978 1.047555187069334
29 28 7 3 107944 1.050806842170867
25 6 3 13 67036 1.0283311796658752
22 24 19 2 53648 0.9262504448056105
22 4 18 10 25499 1.0046101526978861
19 19 24 2 50601 1.0985002964248307
8 7 6 29 77990 0.9465250043941498
9 12 28 20 87948 1.0011539225584998
12 11 21 25 60385 0.9242447288959587
21 23 14 28 32908 0.9398676408075219
10 20 3 4 72937 0.9304339871634527
11 13 26 1 66375 0.925711274646901
26 1 26 12 48176 1.0757120803075713
24 27 22 7 46025 0.9352446649713683
9 9 24 0 61342 0.9372593119374788
13 24 26 24 38610 0.9338960781643277
13 21 21 1 63110 0.9689813361862312
24 5 18 29 58156 1.0809234860530614
9 2 8 12 45374 0.9566506994438551
4 21 6 9 41728 1.062427446851774
24 24 2 6 79902 0.9380720201999965
23 10 13 18 42680 1.0790017314138587
11 17 10 6 57528 0.9591491349645029
12 3 28 20 89400 0.9905294516073053
21 23 0 15 84285 0.9804452159315971
23 9 27 1 34149 0.9486069715185472
9 11 18 10 44776 1.0755949059878283
24 18 8 2 65680 1.0841360441511987
0 24 0 13 27986 1.0029087339459064
20 2 5 10 47208 0.911112059065632
13 7 0 4 30223 1.0797835253722055
13 0 22 13 49103 0.985569957636723
26 10 11 25 67538 1.0075473708093718
28 24 7 8 90428 0.9915099455152239
20 22 1 7 65409 0.9510078766374278
1 11 11 21 66822 0.9220490711123485
22 15 20 24 25698 0.9473782374102728
16 5 0 23 70166 0.959879031255901
7 9 21 21 69535 0.9642067276573195
18 28 18 0 72299 0.9900220883647318
8 11 15 3 49906 1.0033428117831977
27 14 3 20 88438 0.9120072469888668
25 5 7 11 58077 1.0986630514921174
19 14 2 16 55469 1.071100121346837
14 3 9 18 66524 1.007231254622788
21 0 19 18 45189 1.0913465887305696
29 19 29 8 53143 1.064076386411188
3 1 17 10 49206 1.005586245686888
22 7 8 15 57308 1.0519233010224187
18 5 26 19 52408 0.9133555842626989
23 23 6 15 57458 0.9871768617757094
9 15 1 17 36131 1.0057932579189162
23 6 28 24 53198 1.0954692810063182
9 7 21 16 41187 0.9287037541506403
5 5 27 17 73457 0.9535454131662584
1 26 0 14 36035 0.940193666274654
0 25 14 8 74150 0.9313724471816928
29 28 14 27 37293 1.0345083405666997
8 20 16 6 69162 1.0728964008434891
0 28 11 19 59185 0.9666454546193991
9 26 16 8 60401 1.052747557627741
17 1 0 21 72043 1.002010095464616
9 20 21 13 58765 1.036507223571856
18 4 6 7 32767 0.954705306983323
17 19 21 29 38738 0.9414066271035055
28 1 0 0 75713 1.0685929595354557
3 11 0 25 51038 0.9987202638616887
20 26 3 11 84422 0.9964447258082406
23 2 27 24 62953 1.0796079469152768
23 6 14 16 38447 1.001722867552732
10 19 9 10 52487 0.9977715951950357
14 11 20 25 50157 1.0068194244906044
24 10 0 28 94573 0.9756790794763326
0 29 26 22 88994 0.9016559550589023
19 18 13 0 56560 1.0804999967812585
7 24 18 7 71611 1.073899505546715
0 3 20 19 68261 0.9260480755674328
2 21 28 10 96356 0.9110921526802765
15 24 28 14 65100 1.0175759736210077
2 24 18 9 86228 1.0575955782874367
20 20 29 1 61065 1.0377714908388762
28 4 11 26 77529 0.9315562513601616
13 16 10 1 50767 0.9045914251650642
29 0 10 2 57546 0.9608456368847254
5 19 18 5 67757 0.9829365112530171
21 21 8 17 51142 0.9216009350248234
6 17 8 9 33224 1.0005678877564275
16 18 10 25 31504 0.9173356782664478
18 5 6 12 43387 0.9712878014498997
11 15 2 13 36386 1.0190642851580929
0 7 11 4 35209 0.9203098188843192
0 25 2 2 52845 0.9845613023109414
23 18 28 24 30349 0.9094859776483544
20 27 2 12 80395 1.0606278037940835
3 26 19 2 91136 1.0361576548604434
17 1 19 18 44544 0.9476042376443461
5 7 9 20 52019 0.9769414746486064
27 15 10 0 74044 0.969892727228386
7 10 26 0 73467 1.0712778608871085
26 17 24 8 37005 1.0567014675568618
24 27 19 6 55315 0.9878497365161323
1 21 12 5 60295 0.9917169952852483
10 12 5 23 50593 1.0686408336219972
7 15 17 11 44940 0.903317899610617
26 19 25 1 62742 1.0993287417226638
21 19 8 8 59564 1.066321035325374
23 17 23 27 18699 0.9302332599602453
22 16 6 13 47057 0.9756837916148087
14 27 28 15 59165 0.997026339386483
23 2 24 18 38142 0.9386989712363287
5 29 3 2 82080 0.982950598072785
2 26 10 16 47338 1.0227085059909553
25 1 19 20 61449 1.0357708751372618
8 9 0 3 34118 0.9434079206249492
20 24 1 18 65948 1.0182104079272853
2 27 9 9 76274 1.0136627898256374
15 25 2 5 80010 0.9193188511776826
28 22 6 17 81827 0.9477730523797767
14 25 28 8 71401 0.9337827743469456
20 13 0 6 51965 0.9119312109956655
22 16 19 27 32796 1.053609572349144
2 23 25 9 95116 1.0364654407947118
6 19 1 3 49840 1.0418734385276545
8 2 26 22 84068 1.0545884912901422
3 25 12 7 68925 0.967119747446362
10 9 1 0 49097 0.901022943118074
1 18 19 15 55196 0.9977867691947335
24 21 12 14 50222 0.9955718228252155
23 21 11 18 49380 1.0936716981457308
19 24 14 8 56025 1.046804150533209
12 27 6 6 73807 0.9422830369613417
3 28 20 29 56713 0.9591506379815804
29 8 12 3 60489 1.0436972662301272
28 23 21 26 30032 0.9134641705733042
3 2 20 10 54309 0.964273264404374
2 9 10 19 53823 0.9500770079475708
10 8 6 20 49769 0.9183021159403302
1 8 28 27 100066 1.0293542194661622
18 9 2 19 71757 0.9119445830667164
26 1 21 6 33729 1.0660138169045117
23 4 2 18 71410 0.9608982946797824
0 21 20 12 73098 0.9253780700408738
23 9 21 29 42037 0.9122136335301192
12 17 9 3 66955 0.9959374787060686
21 20 24 1 57376 0.911690827115171
28 8 2 22 99245 0.9311147002650761
19 22 1 29 58985 0.9032961739617181
27 2 0 3 75987 0.9601291587462907
9 26 27 7 78990 0.9702106286918419
1 27 6 14 48615 1.0762050210728806
15 29 26 18 50279 1.0457597880774774
22 11 9 17 54606 0.9113109975868142
0 14 1 26 36035 0.99650048048705
19 5 27 1 35006 0.9109122366372999
11 29 16 22 26858 0.907282024828092
26 29 2 22 66218 1.0129144377549841
29 19 4 5 87192 1.0759908884574014
28 18 6 22 81399 1.0561504767927459
14 2 24 19 56432 0.9788062047006942
21 27 23 14 35156 0.9995473740039411
26 27 0 21 77317 0.9373072572768553
13 17 27 8 66322 0.9631071933728872
9 26 25 23 42179 1.0321246108667146
7 21 16 22 41598 0.9540028972405279
11 13 27 14 55606 1.0916388672588389
25 20 11 12 68055 0.9067942791621619
17 10 12 28 64238 1.053103991075532
28 22 24 28 45045 0.9238383243925992
5 6 19 12 52447 0.9254626543006682
25 4 5 14 67692 0.9035244571018465
10 1 1 18 48097 1.0919476241890929
8 15 29 8 86333 1.015550548050608
26 10 13 27 69202 0.9665522055135716
28 27 12 6 80770 1.0575522944885243
24 22 12 23 48594 1.0527225284837867
18 18 22 0 52473 1.0325902412383081
29 16 7 11 74886 1.0001436766041092
15 28 2 29 53359 0.9148167010222138
6 2 21 18 66351 0.919889472518238
13 29 0 25 43730 1.0622563766129396
9 13 20 3 47022 0.9064870086007644
14 23 27 11 71260 0.9622171203248227
13 0 15 10 28973 0.9605055081072038
3 7 17 3 39268 0.9965785166732767
27 17 3 8 76297 0.9447890125418505
12 0 14 13 41913 1.097717161829478
13 13 21 10 32615 1.0853609133989337
0 18 20 11 64329 1.0898024034965015
20 18 0 22 70332 1.0550894405144744
29 2 4 16 90443 0.9723622695347542
12 11 2 4 52759 1.0208864321414097
8 6 21 4 36905 1.055752877669327
1 14 23 2 70054 1.0547277617254622
18 3 24 14 36585 1.0257213376932035
22 13 3 26 74145 1.0539816589699542
9 20 1 18 32221 1.0202375265126178
5 0 22 23 92466 0.9512960663450183
26 22 5 10 87683 1.0674260769405581
13 8 24 0 44702 0.9140098181073529
26 5 7 27 85117 0.9924303028593499
23 1 2 14 74507 0.961288367767199
8 2 6 16 44248 0.9133837316522627
10 23 23 19 44746 0.9254434506589715
3 8 13 10 35581 0.9207581452079062
9 7 21 2 37413 1.0450989098938726
28 19 10 22 78809 0.9474112359248077
0 17 13 12 49220 1.044305730128823
20 12 29 17 33423 0.9535745952290067
0 6 9 3 34276 1.0680825882530218
8 20 22 20 70878 0.9656975452792071
23 10 1 24 80546 1.0151282051925452
4 23 4 1 64278 1.0668480558146014
2 16 19 8 62789 1.0170866733938688
28 21 17 22 48977 1.033909139728761
29 20 7 20 93366 1.0636261673452025
26 24 9 9 84648 1.0069101051588825
17 21 26 0 73265 1.009336548117237
24 5 26 21 43680 0.9788854561223472
16 22 5 2 75768 0.9735342951857882
17 10 21 28 59164 0.9808445847803131
0 4 4 16 35405 1.088696743103422
28 19 0 6 95511 0.946605780934785
16 2 18 27 63518 1.020551081922007
12 23 20 27 33300 1.069013890020666
29 12 8 24 84154 0.9203617199562398
4 1 17 25 85031 1.0982226034014446
23 9 0 15 59734 0.9274238830825544
2 7 10 10 32977 0.9050841095855046
4 28 11 2 92196 1.0519268168321527
21 25 26 2 61729 1.0997586754407687
14 21 25 16 39574 1.0561153085293422
27 29 23 14 35970 0.9760239445944188
25 29 2 14 87451 1.039310080531465
15 9 13 26 45735 0.9037067099763911
10 5 28 19 80707 0.9047771707653366
9 15 21 7 52416 1.0689042458496854
26 14 5 22 79025 1.063540106426588
1 20 9 28 50639 0.9067191059297253
15 29 28 15 60779 0.9430453916981708
11 26 19 29 22504 0.9973973133267153
1 23 27 4 98159 1.05370673122064
8 27 7 1 85869 1.0199108801683643
19 4 28 21 59306 0.9887000091535594
12 8 15 22 49315 1.0906875122458526
29 20 18 11 62563 0.9264597613443574
25 11 2 24 88125 1.0184532487713256
15 13 6 9 36544 0.9829205059595097
10 20 14 12 49378 0.9673670983065119
5 14 11 22 48376 1.009187869864705
15 4 6 5 21064 1.0558297022730607
19 4 21 25 46512 0.9267709373823113
9 29 1 12 75343 0.9273756093771639
26 25 24 1 60881 0.9917548681878112
17 21 7 16 41026 0.9613062834851475
24 20 11 11 67874 0.9010480636266104
1 24 14 21 40498 1.0505303753325506
1 12 9 16 31725 1.0840137503441951
29 21 3 22 87284 1.0978950240388947
27 2 3 1 67456 0.9767419108291504
2 12 13 25 63152 0.9594189034616896
0 28 12 12 78561 1.0432697680077987
17 22 7 19 48327 0.9799896885011564
25 21 26 8 50775 0.9177420565997393
19 25 26 13 41856 0.917742962734673
3 4 9 13 42859 0.9790791347486982
14 6 8 25 66600 0.9756584088664227
19 28 23 0 75006 0.9617817210320495
9 9 20 1 43333 0.9174129404298161
16 11 21 5 23040 1.0994107044911245
15 10 1 19 60382 0.9368511384692148
11 23 22 12 59038 0.9959835104223782
21 9 4 27 83581 0.9035690934040687
6 8 23 19 57288 0.939111155191057
17 0 4 11 59837 1.0817803933966046
13 24 29 2 89630 0.9046296870868074
1 7 4 22 45674 0.995647916726281
19 17 26 8 45068 1.0161870289417367
3 24 29 8 110317 1.0418734827324205
29 1 8 19 100810 0.9322790961816729
26 22 2 1 94590 1.0475303445793236
25 27 2 14 87655 1.0459860263102922
18 29 28 19 60865 0.9270411851991652
1 10 14 14 51896 1.0834278141213953
3 28 4 1 76756 1.0456371811004872
16 4 13 22 53160 1.0228549112710414
5 13 29 3 74101 1.032652609828696
20 19 15 8 35195 0.9499189082240681
24 20 27 7 46482 1.0833296856941237
28 20 17 11 66808 0.9158522223062912
17 24 20 2 57170 1.0494307325972154
4 8 26 25 79921 0.9488076212369135
24 11 11 14 55138 0.982515644921727
27 10 27 29 60562 0.9454247702901005
29 14 12 7 54470 0.9458684776772988
7 5 5 22 53755 0.9598591032787438
24 27 11 28 35539 0.945270037433602
27 29 21 17 42645 0.9373344551041667
29 21 5 21 84202 1.0133269860889982
29 28 16 0 85360 0.9315255978445054
5 25 24 29 46174 1.034006371623267
8 19 18 4 73201 1.008615222567834
2 2 24 23 94392 0.9341632671558356
10 26 21 3 70240 0.9528671005157341
0 12 16 5 43997 0.9287516704870696
17 13 12 19 31351 1.0364302072506102
16 22 5 22 41859 1.0283012375696936
0 2 4 28 69163 0.9423654556502332
3 1 8 17 58243 0.945614527690646
9 7 26 25 66336 1.0290247015606706
14 17 8 13 33278 0.9069243773339425
25 13 2 6 60559 1.0302346711099442
4 22 7 7 51721 0.9274189909362703
22 0 1 9 64934 1.0647488750343592
21 29 29 26 22730 0.9947713169092964
16 21 9 1 63691 1.0694575617488102
12 1 8 14 55783 1.0551479970363427
6 13 21 11 52503 1.0743671491832294
23 3 4 25 83965 1.0811981482542767
18 21 4 16 52623 0.9102741012352272
1 23 4 5 53871 0.9876082803896378
25 22 0 27 75385 1.0848175163883165
12 14 25 10 54424 0.9168176873087982
18 7 9 28 70974 0.9961303460872164
18 16 7 3 66695 0.9553648313680866
5 1 8 13 40591 0.9398540800089232
17 20 19 8 50952 0.9500342975485574
2 21 8 12 46224 0.9004855453468165
22 15 3 29 85709 0.947597273265252
25 10 26 1 41494 0.9958343914892881
0 27 19 12 82632 0.9651714537034216
14 21 1 5 70295 0.9187435026395391
19 26 5 15 59928 1.0096840727877119
28 8 6 12 65747 1.0655662405707345
22 8 3 8 45255 0.9264000233615118
14 10 26 11 48961 0.9543302704161141
5 4 23 1 57514 1.0896413548671025
4 13 7 20 32520 1.0548848168390585
17 6 20 18 30754 1.002480097944054
3 17 18 16 43426 1.079166805260227
5 18 0 28 44065 1.0606400500287443
6 19 3 4 52345 0.9527258370105158
19 3 7 28 87406 0.9698124999228231
13 27 11 17 44449 0.9282273135458528
9 0 4 13 50385 1.0139471216671552
19 12 5 4 58068 1.0890217132933806
6 28 0 2 75390 0.9160340003283598
1 9 11 20 66888 1.011218722963401
16 21 7 24 35392 1.0091032649053877
7 23 9 4 69851 0.9593113304092858
22 17 7 25 56007 1.003194624633232
15 1 29 19 73755 1.0379951872691793
5 16 21 8 60225 0.9218968527718227
13 7 5 21 57727 0.9286212651488109
17 12 9 10 41235 1.0829292253141958
23 8 9 9 39900 1.015229751775879
3 16 14 10 50042 0.9591075337689648
3 21 22 16 67077 1.0710405915203864
4 6 13 13 43758 0.9174751178276711
4 28 6 15 44591 0.9908065349329777
14 8 9 29 75144 1.0917216316134106
12 3 4 16 58612 0.9368593664260164
11 19 27 7 72266 1.0353401339774668
15 8 9 24 59178 1.0810815675066148
27 16 13 6 48804 0.982497232358942
28 7 10 28 85592 0.9555544706887161
12 29 18 11 66920 1.0267273318998065
10 2 13 23 72768 1.0493762356963046
6 5 19 9 40055 1.0062401280742417
6 7 20 10 32625 0.933302627001848
3 26 29 0 115983 1.028227810566404
1 18 28 13 81328 0.9913047043433971
2 20 2 2 41765 1.047560383040973
23 29 19 8 53491 1.078195060644151
26 1 23 11 35208 0.9089895212586349
12 28 25 28 39581 1.0110338225285902
17 14 5 18 44689 0.9904085257747859
2 5 16 20 68301 1.0646427362866213
10 14 4 18 32315 1.0500708920599164
4 17 18 28 60032 0.905603159713615
22 21 14 23 33767 0.9048993619954088
22 10 10 6 39376 0.9936593390033212
29 15 16 26 52735 1.063212001964941
17 14 3 26 67484 1.0224546014316422
17 18 27 6 59870 0.9453538813773495
8 29 2 10 82550 0.9785010563676593
20 7 1 5 41640 0.905691499670107
2 17 25 4 79475 0.9085956793993112
22 11 8 5 47222 0.9325090069631619
22 23 23 1 57119 1.095467531524913
4 25 11 18 40615 0.9237389497677341
24 23 28 11 48267 1.0886538510696213
8 3 13 29 90262 0.9193297673536144
29 9 18 10 50741 1.0107008761905023
23 8 8 1 41851 1.0701934890495401
16 15 11 27 39071 1.005408584982953
23 1 2 1 50380 1.0214216710390724
16 3 6 13 46279 0.9840787814961772
7 8 25 26 79653 1.001587118907962
14 22 25 25 29147 1.058620607407119
27 4 8 20 94365 1.0782907729685736
27 2 1 6 70599 1.005437821187172
23 14 26 1 40270 1.0027093114080903
5 15 1 0 50257 1.0383037941320463
24 18 25 6 36876 0.9392040290007359
4 3 25 19 82891 1.0834550416100555
8 16 20 26 50954 0.9158676996755805
10 18 9 4 61582 1.0162552831088272
27 4 24 15 36510 0.9565296775070168
0 6 25 25 82882 0.9710371047005052
0 15 24 10 66161 0.9081334328977682
11 6 24 27 74563 0.9567780133953584
1 2 25 9 68875 1.0673662465496543
6 24 1 6 55829 0.9659458783803456
9 2 13 22 68092 1.0560583891257742
29 23 9 15 79214 0.9842608822269573
7 28 18 18 60463 1.044965935566962
1 7 16 15 49066 0.9434485917506715
12 7 11 29 67054 0.9488012820734314
0 8 8 27 67817 1.0406008070004513
19 26 21 5 47048 1.0117072048804443
2 25 24 24 53168 1.0788132575445675
20 1 8 26 74407 0.9220632172495241
18 28 5 1 88834 1.0328781753898422
17 5 6 21 65792 0.9916464682250861
25 2 1 21 91961 1.0963493625976717
27 24 28 10 61828 1.041091590654252
13 10 25 6 40361 0.9510087525476559
8 19 27 23 80771 0.9772218684461945
26 23 6 15 77303 0.9382700471517675
6 28 16 18 55168 1.0539260275795592
24 2 12 7 35671 0.998806088773804
9 21 27 5 84467 0.9093470422825065
15 1 29 13 57708 1.0142694877233995
3 5 2 21 47047 1.060555285289565
28 10 3 27 100836 1.0047096301576803
8 18 28 9 80842 1.083069039180141
9 11 29 11 82819 1.085706543786727
14 3 22 21 61041 0.9897799191564958
13 11 23 22 55423 0.9411943618551044
4 29 0 1 75177 1.0248195259800945
28 21 3 15 85847 1.0768512096752565
2 25 18 22 40089 1.079131275216182
28 21 8 14 80228 0.9141364545376072
28 0 14 8 50543 1.0153413731905323
17 1 22 13 37087 1.0830639379522409
29 9 3 22 110923 0.9325095271724704
4 28 20 20 57245 0.9088022796642666
27 24 21 1 69180 0.9341872296014295
18 14 3 13 48289 1.021384763377735
18 25 29 29 27337 0.9284693817512925
18 0 28 3 43386 1.0230342258904763
19 5 6 10 40083 0.916141479194723
22 4 11 9 42302 1.0368897307007796
22 24 21 15 30935 0.9577170830010722
4 23 16 0 90806 1.0366039779666196
3 12 14 3 60268 0.9599541083704664
23 6 26 21 39659 0.9864251354028106
14 14 7 29 68164 1.0123550579644616
20 12 24 2 31290 0.9480760173416355
7 8 20 18 55593 0.9629113210433388
7 10 23 17 63705 1.072528337572177
19 9 5 23 80514 0.9263839340601553
24 3 26 25 50626 0.966475748457156
27 1 0 21 101062 0.9957354265349444
13 11 26 9 54776 1.0297490720516587
8 25 26 26 38198 0.9526713115328946
12 20 3 9 71337 1.0961586705617115
23 7 11 9 36356 0.9710469561048878
22 21 9 28 49516 1.0034872391527088
25 7 28 24 58068 0.9800492491466309
21 26 27 0 71936 0.9049675091614487
4 5 27 4 53685 0.9638723111052185
19 13 23 1 36605 0.9069913930423735
3 20 24 23 80028 1.032600581020154
16 21 6 2 70456 1.0258412120868534
9 2 6 18 52821 0.937369679926209
19 22 24 11 41041 1.0738542156050663
24 26 6 25 38989 1.0666049152558057
7 26 3 10 63096 0.9556142545476494
14 23 7 1 69929 0.9393153727655187
5 5 15 10 32489 0.9121302660508177
22 15 22 5 25345 0.9246619085392763
18 24 28 0 76806 1.0126402011436868
19 21 5 26 45293 1.0197802666216174
20 11 21 21 23555 0.9375444876050877
5 3 20 15 61098 1.0991026891085196
0 12 8 7 22801 0.9476631227797901
16 21 18 8 49037 1.022687872309053
2 5 1 25 57698 0.9829133318686752
5 4 7 27 80134 1.079005326341571
24 28 3 7 84808 1.0592866963657035
18 14 20 28 43992 1.0543723141065149
28 6 23 25 52642 1.021960382202609
29 13 19 12 33591 1.0319206067111124
10 16 1 26 49017 0.9811964022882466
27 4 8 14 70626 1.034325950143738
13 26 24 25 23329 1.0015712355122572
24 20 18 15 32097 1.0537876021163073
9 2 15 18 51556 0.9213163688966985
20 22 21 5 35238 0.9934278347934685
3 5 24 5 44777 1.0123892781289532
0 5 26 6 62112 1.0891519301157002
12 7 14 21 43656 1.0399764500176445
23 0 3 4 64174 1.0965324600034554
12 6 23 27 62989 1.0104476741792596
29 19 5 17 78495 0.9128337336047158
14 18 7 1 58221 1.0503259009067683
6 18 20 11 49666 1.0975301062141143
22 18 0 21 78596 0.9545119473857192
5 8 17 19 64900 0.9532010672480664
13 22 5 4 77458 0.9188863619981328
27 28 13 23 52475 1.0905503978980173
23 0 16 4 31245 1.0338199145047862
9 24 28 18 71501 0.9877362397004759
6 5 15 24 66948 1.0823169038654799
23 5 8 9 44337 0.9702914319598213
9 9 23 19 61436 1.0515935581970144
18 28 28 7 69074 1.061141785131557
16 7 21 21 38825 0.9614549873805535
18 14 0 7 58234 0.9374355666650599
9 23 24 3 86415 1.0258315658225956
7 5 6 24 55650 0.9970627945762227
22 6 8 22 79041 1.0467558600812528
24 8 14 16 44115 1.0997606071023973
9 15 18 7 48092 1.0533988834913344
6 15 28 29 77592 0.9844589594245088
21 11 29 17 40283 1.089262045629817
2 20 14 11 64463 1.0841523475040733
27 23 8 13 87014 1.0882895129503454
7 2 28 8 60028 0.9247617830616137
11 22 21 22 40289 1.0600589705109087
15 7 0 9 32594 0.9517910668018785
5 26 0 8 54011 0.9045598213795841
7 26 3 18 35630 1.0661427499600407
26 28 4 20 77057 1.0899380745052598
21 27 1 24 54753 1.0366937677822161
22 10 14 8 31023 0.9892849721971583
13 5 17 28 74328 1.0060247970882497
29 29 20 24 26608 0.927480041874989
16 29 11 13 57263 0.944769373207333
18 8 15 15 31293 0.9873049094208071
2 15 4 6 29864 1.0622202584841947
16 3 21 14 37274 1.0747808148704214
24 0 8 21 101094 0.9000066115429469
15 13 4 14 34227 0.9892374422303813
3 23 25 9 99119 1.0328693856368167
6 3 10 14 44833 1.0259397755467838
9 11 16 16 40425 1.0100987704717772
15 19 27 0 73753 1.092098882214882
21 8 25 14 31024 0.9136456490266123
21 4 9 6 34983 1.0587218629642225
10 11 12 2 52472 0.9235224979239013
16 2 29 11 54361 0.906209696443143
24 28 1 11 100011 0.9440996802685333
20 5 7 1 33606 1.0252448324151988
25 6 8 9 52142 1.0114347940725823
29 28 19 27 31824 0.9374091875389841
19 18 15 1 48811 0.9048817218803943
6 17 2 1 49663 1.0858076017218705
24 3 1 23 91560 0.9895267016136913
22 21 29 7 52330 1.0678099184234502
6 5 13 15 51027 0.9231916167608158
27 10 9 22 84783 1.0152208892692132
3 22 26 1 109992 0.9060483715393951
27 18 9 27 66823 1.0156368838889653
27 8 23 1 39680 0.9616937498664677
27 8 2 9 66289 1.0052512356017433
10 0 24 11 57089 0.9351461457247384
17 23 20 15 35108 1.0395379465070183
22 10 2 10 56899 1.0137262207101443
23 13 27 7 26433 1.0671711856351787
15 15 16 0 39362 1.0818965276275745
23 3 12 3 35768 0.9821573031789503
15 15 8 1 46000 0.963114861151168
23 1 6 16 72128 0.9621025881163995
19 5 11 17 53994 1.0730088737715042
23 5 14 22 55732 0.9413896407835443
21 13 0 26 75872 1.0018086035590943
19 23 29 2 73629 0.9761779442627568
20 9 29 19 49130 0.9530152242489502
25 3 2 25 94787 1.0807950632011132
29 11 23 20 40336 1.0470890039899001
27 15 22 8 37501 1.0055445046339893
7 26 19 12 60977 0.9650212317683194
0 23 19 29 57414 1.0254484351855817
17 12 19 3 33803 0.9080275367768057
1 14 23 0 77369 1.049042955546944
14 2 9 11 50601 0.9935333538216569
13 21 29 23 53607 0.9596354820329772
6 6 19 8 32388 1.0329624972696994
11 25 1 13 57853 0.9652369349260618
12 12 15 29 57938 0.9959771085966456
9 26 19 29 26655 1.0557093639367983
23 24 11 23 31963 1.0121680107579307
15 29 12 20 33382 0.9116412023993218
25 18 11 14 55471 0.9553778146352054
21 5 25 24 50952 1.001668625017443
0 1 8 10 37269 0.9437625365257584
27 18 7 3 90334 0.9541752308405443
15 16 7 4 52497 0.9314346935242198
0 27 21 22 66580 1.0702460343195734
2 21 2 7 36167 0.9008475227196814
9 15 24 2 71631 0.9747007688783074
11 9 25 3 49928 1.0311566187879662
13 6 5 9 28960 1.0350149549382217
29 11 16 29 71491 0.9903565839652508
26 2 10 28 89300 1.0204484775416307
5 7 25 23 77845 1.0581067640668511
17 16 4 19 42356 1.070003105458294
19 8 17 20 50952 1.047140903657987
5 7 18 2 38954 0.9585208654142803
3 14 26 9 83947 0.986524418084739
9 21 21 10 64665 1.0104811337961783
23 13 13 17 35026 1.0241862422213068
0 2 20 1 45539 1.0894650209969434
10 24 15 7 56658 1.012795554269205
6 21 13 27 36384 1.0392309843478467
17 2 7 8 41654 0.9653153496914504
10 3 2 6 34805 0.9641381968304948
18 10 24 23 49299 1.0107029148833204
24 5 22 13 20134 0.9307246926737831
29 19 8 9 86512 0.9785698470057885
4 10 16 0 53099 0.9586821535310586
25 4 24 17 35968 1.0533348472188593
26 5 8 7 38082 1.0348266163148887
14 22 4 17 44005 1.078520277015153
24 11 0 23 91312 0.9513925092687181
12 29 1 7 80927 0.9679489233374603
6 24 13 3 75738 1.0308659901284776
15 19 23 2 54751 0.907324825919901
22 13 23 23 21330 0.9309608531753378
16 1 11 22 68759 1.0927758552989109
6 27 20 5 78685 0.958815921053753
20 23 27 14 42077 1.0914013236269302
29 17 25 28 51650 0.9491826847543464
9 24 5 11 59428 1.0429603531829246
25 27 3 12 91153 1.0036508359722411
24 4 12 21 65592 1.0726755227833829
28 2 27 19 69525 0.91989351647859
8 18 2 6 46103 1.0099137636208668
16 6 6 21 60861 1.0556763433879357
5 20 19 28 57881 0.9064672058910314
26 4 1 14 71580 0.9278705397127934
1 5 13 19 70177 0.9240475805674454
9 28 23 10 66043 1.0156152864771006
1 18 21 10 68635 1.0517811049143306
25 26 20 8 46366 0.9007292454737149
2 1 15 2 25761 1.0388045389177794
7 11 0 24 56871 0.938595511866565
6 7 29 25 77666 1.0931282067039276
19 19 4 5 66329 0.9772441188564858
25 18 7 15 57116 0.9180434861847642
3 14 10 26 55949 1.079647118602051
15 26 13 17 28039 0.9521061663627906
13 28 28 28 44046 0.9514833034909137
5 28 25 12 81699 1.0776788742534618
0 2 28 8 70738 1.069470597252676
21 9 6 1 51496 1.079747001017043
27 15 19 0 55151 0.918605766743532
14 4 20 9 23418 0.9682386829625678
28 29 18 10 60863 1.0124086398457905
7 23 1 2 64221 0.9780732139224749
21 10 5 29 82539 0.9774400508463634
1 29 20 10 84873 1.0110536760012958
7 28 5 2 86493 0.9781225188891045
0 1 6 18 43017 0.9189113257691074
26 9 11 11 67107 1.0312310405419798
15 15 13 4 32621 0.9648663219010911
8 14 27 29 82686 1.033773373631066
3 28 6 7 71206 1.0068647964001736
29 15 5 5 75905 1.0437349035407724
22 29 4 27 52047 0.9598088034099471
8 12 18 0 70328 1.0587700851145003
3 10 28 23 110608 1.0412197754108914
12 29 7 12 67036 0.9421423678900709
24 21 17 2 50799 1.0502004315645228
13 0 9 10 52961 0.9438325264763129
27 3 19 27 68372 0.9974573034750644
16 16 19 8 33338 0.9632913077129321
19 29 16 12 49965 1.066700634211761
4 28 7 2 83684 0.9212823261758731
4 23 23 6 85013 1.0600315107504146
23 2 25 14 34715 1.0151966537499844
8 22 26 15 73621 1.098589577027223
1 14 7 2 39362 0.9830102223411656
17 25 8 19 44565 0.902536130868643
4 1 19 28 92328 0.9064147899836198
12 20 20 10 47702 1.0254818919279147
13 29 15 14 40766 1.0390450257173671
14 16 10 3 52718 0.9069668074055217
2 25 8 6 66825 0.9628045709285699
28 11 17 23 66548 1.0433550997890324
24 15 18 0 48519 1.0616331886725463
17 1 25 10 38251 0.9846864589712555
1 18 19 16 51347 0.9712855158320695
22 9 10 5 38344 0.9133085515193203
26 17 9 20 71418 1.0356520429237355
4 19 20 7 66247 1.08875539716403
19 1 26 17 49625 1.0833760525908107
18 12 29 26 56763 1.0381786548772642
14 6 13 21 50040 1.021089891141223
20 28 14 18 36341 0.9708720627777988
18 23 9 12 61585 0.9923095439028737
10 15 7 5 46228 1.0844593237729645
10 1 8 19 66324 1.0380972400325292
6 9 13 2 35931 0.969542593461525
6 7 25 3 44999 0.9172755366021339
6 0 5 14 44682 0.9310196505168945
22 13 21 22 31846 0.9306074439528843
29 28 26 16 47566 0.9521086672925153
27 19 3 3 102131 0.9636134221049275
5 23 19 0 95072 0.9404160574034495
13 18 13 8 42371 1.096357717690065
26 7 0 12 60988 0.9589310677070023
12 29 18 21 36112 1.032037785012553
9 19 7 3 63650 0.9447041734208678
15 6 14 15 26244 0.9007946904506529
22 1 29 27 76603 0.9344844447065795
14 24 7 7 59942 0.911623361987801
2 13 27 18 82251 1.0868094612706665
23 13 17 3 34055 1.0794450700247578
10 15 13 29 49155 0.963549326963456
3 13 12 27 62225 0.9931217938853414
9 16 25 6 61249 1.067691336896079
13 8 26 22 65329 0.9195316841552422
6 15 14 28 51014 1.020799660823111
15 23 9 8 59032 0.9945596119119258
8 19 15 2 69907 1.0725587618216335
22 23 9 12 71341 1.0206704142630256
25 2 22 27 61752 1.031367243004024
20 20 9 11 58415 1.0998648414262828
20 14 16 7 20773 1.0558010288177941
17 16 2 14 48612 0.925296744903888
27 26 5 3 95838 1.0356094174972514
6 17 29 2 87756 1.091898348476768
10 4 13 24 70955 1.0978836724242043
27 22 18 14 55960 1.0889062484146699
26 12 12 26 61101 0.9476380133386832
3 22 9 11 58173 1.048123854728948
28 22 18 17 55628 0.9440236225579559
27 23 17 2 77504 1.000884844312961
17 25 15 10 44441 1.0398355954961929
19 7 1 28 89641 1.0409567929170749
5 21 24 25 55275 0.9290090692149289
2 25 22 20 61366 0.9766000543061476
