5142 5273 4935 5225 5360 4923 4820 5207 5285 5286 4938 4854 4877 4792 4863 5283 5294 5144 5185 4836 2948 2979 2936 2738 3079 3153 2798 2590 3031
7682 7614 8054 7643 7937 8185 8015 7601 7693 7998 7573 8024 7969 8031 7942 7737 8159 7957 7589 7735 5639 5487 5840 5579 5698 5504 5331 5633 5371
7312 7478 7416 7418 7267 7696 7193 7164 7649 7708 7197 7314 7584 7621 7275 7630 7299 7141 7179 7530 7319 7313 7264 7394 7532 8438 8560 8511 8306
5940 6463 6129 6044 6227 6148 5869 5974 6440 6240 6075 6141 6371 6174 6159 6369 5949 6061 6053 5866 6291 6289 5894 6358 6171 6289 5918 5043 4601
2855 2400 2760 2697 2698 2345 2774 8515 8405 8315 8307 8237 8462 8297 8624 8527 8354 8522 8440 8461 8161 8221 8179 8099 8676 8218 8601 8379 8219
2294 2095 2295 2071 2427 2431 2064 2358 2171 2449 2407 2254 2464 2086 2167 1888 2487 1870 2199 1880 1845 2175 2045 2173 2091 1952 1806 2167 1693
2761 2224 2720 2256 2286 2529 2647 2498 2780 2414 2492 1231 1211 1531 1429 1237 1445 1599 1307 1215 1373 1558 1311 1762 1691 1357 1346 1729 1234
8089 7916 7629 7643 8081 8000 7891 7770 7562 7718 7972 7535 7519 7681 7640 7893 8003 7514 7499 7523 7627 7916 7727 3551 3929 3730 3503 3868 3533
5673 5714 5800 5446 5772 5780 6942 7119 6770 6750 7276 6851 7293 6692 6891 7174 7094 7072 7118 6769 7222 6860 7151 6847 6724 7110 6679 6752 6712
6919 6894 7265 2378 2193 2358 2648 2110 2340 2486 2471 2189 2041 2376 2368 2337 2187 2318 2636 2658 2622 2319 2100 2226 2551 2182 2406 2636 2303
8142 8108 8340 8211 8217 7932 7977 8427 8205 7989 7871 8269 8236 8030 7907 7962 7867 8079 8270 7945 8410 6185 6700 6337 6476 6590 6527 6356 6409
1619 1802 1790 1335 1717 1551 1519 1873 1611 1366 1365 1547 1665 5502 5670 5500 5653 5647 5140 5222 5623 5512 5087 5613 5617 5244 5265 5216 5097
5036 4595 4784 4551 4763 4958 4575 5029 4591 4994 4607 4888 5020 5119 4792 4864 4875 4984 4558 5113 4842 4576 5032 5154 4695 4679 8385 7959 8480
7569 7214 7485 7250 7337 7251 7422 7213 5265 5139 5189 5238 4919 4856 5057 5112 5335 5051 4898 5366 5440 5133 5366 5083 5216 5361 5492 5164 5313
2840 3211 3279 2868 3135 3253 3014 2928 3388 3199 3087 3391 3431 3417 3335 2800 3011 3206 3292 3393 3412 3215 3236 3071 3217 2952 3412 3370 4171
8708 8452 8468 8696 8393 8686 8341 8526 8250 8236 8556 8695 8516 8756 8787 8611 8808 8271 8621 8204 8360 8649 8506 8603 8562 8835 8223 8340 8372
5273 4926 4926 4807 5354 4918 5101 5426 5424 4879 5051 4973 5382 5292 4994 4927 5366 4981 4999 4962 4925 5067 5208 4955 5035 4837 4865 4792 7238
1524 1681 1451 1672 4223 4445 4008 4377 4121 4440 4455 3937 4424 4458 4365 4276 4074 4025 4185 4307 4150 4099 4377 4158 4457 4230 4199 4286 4243
7600 7594 7853 7567 7504 7519 7895 8080 7655 8092 7881 7601 7501 8045 7738 7915 7789 7634 2915 3109 3206 2694 3005 2677 2812 2841 2827 2945 3134
2282 2032 2203 2504 2350 2476 2282 2384 2331 2514 2388 2493 2068 1981 2543 2595 1993 2445 2202 2386 2214 2504 5906 5823 6264 5930 6206 5751 5818
8312 8503 8569 8523 8300 8496 8476 8316 5498 5571 5651 5795 5590 5554 5640 5694 5518 5638 5804 5347 5494 5639 5620 5504 5339 5691 5536 5455 5895
2889 2669 2985 6835 6628 7022 6873 6774 6976 6670 6679 6972 6981 7003 6880 6707 6554 6535 6867 7024 6710 6937 6525 6780 6553 6723 7005 6515 6762
7179 7055 7146 7088 6777 6843 7012 7147 7160 6874 7221 6670 6831 6974 6820 6888 7161 6875 7279 7276 6660 6775 7113 6675 6868 7180 6869 6987 8257
3058 3546 3602 3349 3326 3554 3064 3508 3601 3102 3645 3120 3644 3251 3420 6923 6792 6519 6445 6556 6940 6533 6933 6929 6507 6810 6748 6366 6895
1317 1580 1461 1578 1109 1275 1577 1611 1373 1282 1261 1217 1566 1301 1291 1181 1242 1089 1594 1340 1105 1094 1538 1534 1571 2562 2583 2629 2365
5996 6133 6296 6158 6013 6130 6565 6487 5638 5841 6044 6159 5909 5713 6086 5615 5818 5952 5849 5603 5633 5748 5641 6053 5694 5961 5973 5650 5695
5720 6170 6117 6116 8160 8262 7999 8418 8336 8284 8182 8477 8423 8324 8250 8494 8389 8357 8124 8481 8215 8287 8236 8332 7909 7995 8507 8163 8102
8135 8128 7878 8052 7913 7906 7917 8378 3407 3160 3406 3345 3238 3619 3145 3230 3198 3320 3501 3616 3083 3136 3484 3243 3544 3280 3190 3595 3137
2476 2356 2332 2730 2655 2515 2272 2739 2727 2579 2465 2515 2699 2761 2192 2574 2496 7854 7848 8071 8144 8123 7713 8118 7762 7651 7998 8043 7611
2556 5808 5716 5976 6081 5872 6163 5781 5602 5734 5662 5595 6065 6051 5789 5589 5750 5972 5789 6182 6031 5873 5674 5943 6002 5837 5880 5878 5588
4219 6653 2768 4627 1371 8006 4473 2128 2529 4974 2747 2318 3713 7821 8519 2484 5049 2652 7308 3660 5841 4787 8137 4841 7902 3329 1357 5622 4603 7511
4073 6422 3111 4480 6043 7651 4798 1826 2128 4950 2660 2108 3862 7865 8725 2111 5326 2622 6958 4158 6260 4623 7979 5124 7782 3900 1305 5625 4596 7158
4188 6579 2900 4233 5821 7693 4771 2308 2140 4850 2535 2111 3635 7918 8196 2279 4834 2554 7092 4118 6344 4963 8397 5244 8277 3427 1639 5512 4676 7085
3767 6487 2747 4695 6081 8207 4682 2144 1987 4861 2728 2086 3815 8148 5953 2717 4824 2631 6800 4051 5915 4723 8095 4979 7802 3826 1601 5861 4399 4091
4283 6533 2561 4598 5539 7656 4848 1932 2140 4812 2492 7452 3432 7946 6050 2137 5340 2361 7113 3619 6359 4903 8409 5093 8055 3443 1179 5983 7289 3953
3782 6524 2805 4748 6049 7647 4605 2001 2259 5343 2423 7686 3344 7862 6085 2402 5248 2528 6935 4121 6244 4693 8122 5198 8364 3318 1761 5704 7319 4027
3802 6558 2996 4798 5542 8036 4831 2083 2578 5110 2422 7832 3692 8154 5763 2488 5061 2282 7121 4175 6340 5233 8041 5363 8371 3534 1259 1948 7319 3667
4190 6412 3070 4531 5752 8194 4421 1893 2072 5107 2546 7718 3350 7951 5867 2215 4917 2726 7099 3708 6339 4872 8377 5344 8015 3505 1435 1864 7210 3728
3808 6577 2658 4790 5963 8095 4895 2232 2249 5136 2606 7476 3408 8022 6101 2661 4950 2116 6768 3866 6384 4980 8121 5015 7872 3496 1329 2131 7315 3851
3661 6294 2805 4856 6099 7795 4523 1809 2540 5341 2730 7785 3419 7893 5678 2212 5148 2156 7080 4147 6306 4976 8324 5095 8287 3853 1224 2199 7699 3559
3846 6547 3028 4712 5942 7828 4927 1886 1972 5378 2552 7944 3836 8240 5675 2288 5250 2722 7065 3812 6287 4833 8088 4809 7771 3372 1504 2310 7787 4139
3967 6224 2567 4276 5696 7713 4568 2295 2562 4781 2565 7652 3688 8286 5660 2276 5153 2468 5640 4052 5960 4713 8450 4732 8391 3435 1526 1909 7593 3714
8005 6680 2918 4383 5909 8129 4662 1820 2503 5297 2209 7501 3400 7844 5973 2222 4878 2262 5659 3626 6291 6004 7845 4699 8244 3565 1195 2074 7254 3842
7926 6432 2781 4435 5739 3712 4484 2243 2422 5305 2677 7507 4062 7949 5641 2150 5239 2312 5583 4210 5960 6049 8357 4773 8225 3421 1681 2242 7253 3538
7413 6736 2950 4664 5902 3438 4660 2056 2110 4903 2529 7562 3879 8360 6153 2401 5334 2114 5894 3915 5754 5830 8263 4931 8239 3919 1707 2296 7563 3800
7696 6649 2872 4607 5733 3838 4745 2161 2273 8214 3225 7718 4100 8330 6063 2125 4809 2469 5860 4065 6045 6155 8070 5018 8135 3933 1264 1984 7578 4051
7455 6658 2687 4320 5985 3494 4753 1928 8943 8072 3295 7422 3699 1507 6058 2292 5234 2395 5716 4010 6162 6119 8455 5172 8014 3476 1379 1811 7801 3825
7540 5517 2534 4604 5745 3790 4351 1835 8437 7857 3229 7481 3817 1130 5691 6718 5326 2407 5484 3742 4077 5948 8392 5226 8304 3615 7526 1721 7639 3774
8012 5729 2213 4294 6036 3835 4959 2143 8787 7768 3045 7717 4106 1248 5631 6272 4907 2698 6015 3724 3924 6256 3144 5106 4161 3554 7571 2138 7684 3557
8006 5489 2581 4742 5943 3578 4894 2204 8308 8075 2857 7878 3929 1339 5754 6648 5182 2619 5604 4111 3997 6174 2805 5029 3962 3810 8040 2234 7298 4069
7979 5535 2557 4230 6066 3911 4800 2183 8434 7872 3427 7489 3958 1356 5743 6222 5219 2343 5762 4072 3939 6276 2614 5252 3977 3756 7484 1685 7743 3994
7702 5438 2619 4446 5743 3608 4884 2279 8469 7719 2932 7518 3981 1211 6198 6127 4923 6763 5730 3906 4080 5910 3008 4837 4056 3558 7948 2160 7713 3892
7751 5351 2210 4828 5946 3754 4765 1950 8435 8168 3173 7654 4117 1496 6068 6517 5018 6609 5866 3888 3983 6228 3178 5159 3796 3555 7539 2161 7209 3544
7846 5331 2487 4270 5666 3439 5077 2354 8727 7799 3004 7650 3873 1210 6159 6695 5748 6246 5644 6848 4283 6235 2739 4794 3937 3737 7770 2129 7238 3907
7534 5702 2403 4458 5769 3564 5235 2445 8837 8090 3193 7936 4128 1383 5714 6180 6111 6500 5559 6982 4003 5959 2632 5084 3699 3866 7576 2090 7308 3827
7888 5681 2414 4414 5891 3376 5225 3944 8335 8176 3345 7796 4207 1131 5634 6267 5842 6602 5869 7021 4220 5907 3063 5019 3641 3938 7886 1900 7686 3980
7864 5771 2813 4707 6096 3858 5221 4174 8402 7819 3354 7666 4122 1275 6235 6623 6318 6637 5463 6958 4230 6267 2821 4968 3566 4174 7681 1756 7425 3825
7607 5319 2677 2576 5571 3410 4817 3732 8498 7698 3363 7939 4134 1050 5610 6595 6158 6463 5559 6976 3879 5920 3060 4896 4169 3774 7631 1819 7727 4048
7406 5383 2764 2713 6048 3827 5125 3809 8542 7830 2844 7919 3986 1187 5914 6127 6250 6362 5761 6938 4368 6277 3169 4667 3939 3667 7423 1895 7440 4174
23 28 14 1 73751 0.9923669354053519
19 17 5 28 50034 0.9983795890524586
11 15 5 23 28107 0.9377598870842018
8 5 14 26 59292 0.9317176744328945
27 13 17 20 34547 1.0850291931325764
29 5 16 23 71305 0.9535666296804899
15 24 10 7 65019 1.0622344952704272
13 10 20 14 31842 0.9081204321953706
1 9 0 18 50305 1.0492459148143674
26 6 7 12 61038 0.9231491704521662
12 19 24 9 47249 1.0550454030166974
22 7 21 27 40089 0.9538997662891529
20 2 22 16 39722 0.9625595673418453
4 9 3 26 37974 0.9874028599388323
24 18 7 22 63013 0.9186255825553271
9 4 28 23 74788 0.9345550014231637
27 5 28 25 53592 1.050125571029339
14 28 26 24 37745 1.005247517776579
20 4 20 25 62817 0.9491176757704439
0 23 11 23 38698 1.0018288989173676
0 20 22 14 80606 0.9718980519188785
18 10 26 26 48285 1.030029384153878
28 21 0 6 91632 0.9339138569756379
21 25 4 4 77367 0.9868943178725462
11 21 20 27 42959 1.0026320228502852
7 24 2 3 58628 0.9014531288847194
7 5 19 24 74974 1.0094211205545875
19 6 19 29 64265 1.0570550405371821
10 29 26 14 70623 0.9441766442037915
2 7 18 21 70650 1.0528184132521161
7 0 27 14 70007 1.0426193749040533
27 24 13 7 56861 0.945413573911855
26 24 15 26 35126 1.0190639193357272
19 12 12 7 26296 0.9890407996358416
2 22 17 4 85439 1.0688379601379743
3 3 13 3 37827 0.9716097007727241
19 5 19 24 51528 0.9157826516874009
29 12 16 15 31629 0.9751579260070857
0 29 13 16 52501 1.0067277440584865
22 21 0 26 59030 1.069070920150014
18 22 20 12 30004 0.9484150232934987
28 14 7 26 61296 0.9550471643069609
29 27 22 6 48978 0.9982915650654237
3 7 10 19 40278 0.9553063518125762
26 15 2 9 78978 0.9047440240848402
16 23 25 19 41412 1.0884773327113229
22 24 28 13 26881 1.0009668861018584
13 9 16 28 70155 1.098265276913694
5 23 12 6 47819 1.089283604520551
0 28 6 18 25804 0.9645685315465903
27 6 4 26 83463 0.9181310717444152
2 11 20 15 66386 0.981204023875687
15 4 19 21 57964 1.028695322425804
22 24 10 11 66541 0.975409606019176
23 9 24 21 20293 1.047424094221292
9 0 9 15 40417 1.0425200928325402
9 2 29 23 81162 0.9436699591208322
15 23 19 17 33316 0.9388858560914006
6 2 11 20 55965 0.9926950310879727
3 24 13 9 61919 1.0077593319446772
10 8 25 7 33741 0.9794616627230425
18 11 0 18 71534 1.0178316156965566
3 23 23 27 49850 1.0826815948716932
14 27 4 13 45021 1.0342346677677114
1 3 8 17 50839 1.086264808662503
4 9 5 22 32622 0.9263613730945242
13 20 1 7 60234 1.0318158926366097
16 23 2 6 75678 1.0754886655746019
7 0 17 4 38824 1.0097598577126607
19 26 7 20 45159 1.0222861282400613
19 17 5 23 44688 0.9943580253550008
22 14 6 3 61160 0.9892363969652131
26 0 13 22 84309 0.9567993749737063
29 17 1 10 83253 1.0520553023507877
6 13 20 26 50146 0.9168945580291429
18 28 26 13 38991 1.0033852615765217
25 27 10 16 60944 1.0398040258155128
24 1 6 9 51212 0.930257914245379
16 26 24 1 57721 0.933444857262122
24 27 14 9 53108 0.9062982475718981
28 2 20 22 48393 1.0527031704917436
12 14 23 3 51914 1.053581797966331
21 25 4 5 74669 1.039617569538248
1 7 28 23 84008 0.9426566627981469
7 22 25 18 68572 0.9943675125219603
25 16 5 15 55429 1.0527937927076403
7 2 4 19 43918 1.010380425347289
3 0 5 18 47246 0.9943432709525601
7 13 24 15 56849 0.95106481536057
10 13 16 24 58746 1.032799021510785
16 24 11 12 59954 0.9376160454443937
23 14 5 19 54463 0.9547358940202854
24 20 10 9 52117 0.9078943703814769
10 8 4 18 36720 1.0640950513804153
17 11 8 29 69264 1.0523823095520104
29 29 20 13 46998 0.9980548633255818
2 19 8 6 47571 0.9498118689748521
25 16 2 15 62562 1.0760271054206496
5 1 24 15 63640 0.9480007537361801
10 10 5 2 29163 1.0444128781095787
15 12 4 23 53910 0.9729008312079986
9 9 24 24 58215 0.9647447000312036
0 27 21 29 50762 0.9466063655605135
11 0 25 9 49858 0.9407545443839636
1 21 19 22 63500 0.9711861152714817
1 29 23 25 65401 0.9570796004503279
19 15 0 19 61392 1.0705622724385597
0 21 4 14 43525 1.0589059476295406
17 8 20 0 32490 1.0997571129898827
21 22 0 20 67080 1.026911561523218
24 24 27 16 28092 0.9098316811914394
28 19 10 24 76781 1.0122831303285709
28 4 10 10 54568 0.928309692409099
22 21 10 19 56218 0.902673826629374
6 19 21 12 51795 0.9492466072969044
15 11 17 24 58354 0.9212408221599041
3 14 11 26 36021 1.0731218651657128
23 29 7 8 74352 0.9517384199590772
10 2 1 3 33063 1.0868308002419502
13 16 7 7 36616 0.9901481115730573
11 2 22 23 66401 1.0851447226065032
25 11 13 26 56202 0.9841154979341759
28 1 3 24 99929 1.0436976936360998
1 23 23 8 90777 1.0784148311746962
15 3 9 14 42501 1.0820714550513708
17 14 8 7 42944 1.0736863915859316
1 6 23 19 78436 1.022693252435407
26 28 23 9 43328 0.9517000765012211
17 8 5 22 57413 1.0587116765832334
17 17 27 17 37810 1.0188598453205273
3 5 23 26 86957 0.9956884644211851
2 5 20 23 92553 1.0199587951623956
23 18 8 29 60408 0.9742968112361807
7 9 9 21 35458 0.9040773714546665
29 25 22 3 58246 1.0373263375381834
21 2 29 13 28652 0.9545219591564291
5 9 26 10 54688 1.0874008009168374
19 11 4 19 53990 1.0588837176124992
20 10 21 21 40597 1.0065642235694032
25 5 29 22 40708 1.0265272721956307
0 24 21 2 89852 0.9561762770908279
23 1 6 12 61802 1.0139487340508468
14 2 8 19 51099 1.0003400898673882
26 2 6 5 54347 0.9903081684234385
24 4 11 4 36199 0.9711196131218565
7 6 26 20 68681 0.9941952810796022
22 7 14 20 50312 0.9065083744268185
13 27 20 5 69460 1.093365193495759
2 6 27 24 86457 1.0916993563028985
23 14 4 10 56147 1.035152117875504
29 8 28 23 54499 0.9281457515392345
15 5 29 16 57611 0.9573614169620324
8 29 12 10 50874 0.9991058226246008
21 4 1 26 84185 1.086865238764981
19 11 1 21 73173 0.9656508993063622
17 23 1 2 84105 0.9990196699649874
19 27 27 7 50267 0.991367975137795
19 2 28 18 50480 1.0536413641476787
22 11 15 7 31733 0.9164035629958452
10 12 27 23 62081 1.0660229617843502
25 0 19 29 68704 1.0208974670211868
25 2 8 10 49592 0.9295435103713728
8 7 16 28 59054 0.933651192794074
5 2 3 23 54898 1.0552084580129213
23 8 16 24 60834 0.9359419992379359
10 15 25 18 45230 0.9680256767051658
21 22 0 11 76823 1.0624365691010995
6 15 0 19 28359 1.0389249651321188
6 3 25 16 65266 1.0582128735416625
7 25 7 3 48134 1.0451409484838146
11 26 22 4 72077 1.0881004233060274
14 7 25 10 28552 1.0946073854359242
16 7 24 27 46211 0.9416998519238967
8 19 9 3 41302 0.9900850107210404
1 20 9 28 41581 0.9849355692641186
29 19 17 11 50336 0.961726403052524
26 15 18 28 46332 1.0955085594927647
13 2 25 15 52573 1.0858487444644178
16 5 14 15 39719 1.025338243563697
7 18 24 13 52083 1.0413279308996377
10 5 28 7 52644 0.9086492427627977
4 18 25 20 70377 0.9398905987361795
29 16 12 8 55872 1.0166116986205924
6 11 1 27 34073 0.9512503339150655
18 5 14 16 43590 0.940434727142625
8 18 0 26 34095 0.9671454899801837
17 16 11 29 59627 0.9756826991227305
1 29 21 12 85882 1.0843662074154434
7 1 12 14 47978 0.9139766549823874
12 5 9 20 44496 1.0760498567479087
7 26 24 25 37816 1.0130120084051706
5 14 26 5 65336 0.9577951082722411
15 0 6 29 75295 1.0006761583140331
6 12 13 25 34859 1.0521244223217832
24 25 4 10 67739 1.0361922390220693
23 18 3 9 72338 1.01483094263583
20 0 4 20 83623 1.0338909574540014
14 22 26 22 49771 1.0416865547843837
4 26 27 4 87768 0.964874564628871
14 26 25 17 45287 1.0828016460311285
23 21 7 29 59023 1.0573576650245489
6 23 0 3 58650 0.9753365240052454
7 19 19 4 58841 0.9537286273086989
28 10 14 9 44601 1.0069180359200183
25 18 11 24 58520 1.0467281881333304
11 14 4 5 33884 1.0965560880317093
29 28 1 21 77782 0.9310024310514396
8 9 21 28 69462 0.9267631036578254
21 2 7 26 76037 1.0222894856908389
2 29 16 11 77417 1.06831938602615
22 20 16 28 41084 0.914206343273841
3 16 28 0 87217 0.9077163395286926
23 14 18 26 40820 1.036953013797544
22 7 10 19 58349 1.0866077674493857
18 10 27 27 43377 0.9998161890715003
1 20 12 1 73523 0.9406722992651497
7 11 11 0 34589 1.043824469958785
0 23 18 4 88781 1.0308095612078374
13 10 5 20 36683 0.9821432137167125
0 7 11 4 27029 0.919657239166156
20 26 9 0 89297 0.9753325561472184
19 9 0 28 76079 1.02440440059792
0 16 20 24 68098 0.9009066306884568
0 11 20 17 62272 1.0760303837603795
7 17 29 2 72950 1.0509129383838853
11 24 22 2 79072 0.9622116091385833
8 13 18 21 54455 1.0696059248240832
6 14 3 2 32462 0.9591841786632911
0 10 26 8 74302 0.9206338961233653
15 18 5 27 44884 0.9702529454815063
27 7 21 20 40257 0.97670735032631
5 1 7 9 25772 0.9824859764758389
2 9 10 22 56463 1.071166937505212
27 10 14 17 41585 1.0930516120503382
22 14 15 1 55631 1.0288948160939335
29 21 10 27 59260 0.9004086542595248
13 26 24 12 47049 0.9230939876927761
17 3 8 25 73164 0.9017636718214102
0 19 4 12 37673 0.9863611155944016
21 3 20 13 30884 1.0922027730057182
19 27 6 4 62464 1.0459350784340824
24 10 14 8 28287 1.0346339465797032
20 27 7 27 26913 0.9603162291543734
5 8 19 24 61113 1.0911339262775093
20 4 25 23 50190 1.0722886474844127
9 12 0 19 42508 1.010322623756238
16 28 5 19 38025 1.025867227227009
4 7 11 15 31091 0.9476629180745163
17 28 10 14 54147 1.0011398389370514
25 16 15 11 38454 1.0096780426838532
11 9 26 9 50023 1.049929128643447
15 29 19 6 72358 0.9843709132340509
7 4 17 23 72793 0.9161081686650464
29 22 17 18 47844 0.9205702415690415
18 9 3 18 64834 1.0668002454295946
27 4 12 27 75533 1.0933909460014493
20 12 8 0 55168 1.040098478013661
11 10 21 22 56005 0.9039409172925438
11 20 28 28 72108 0.9361449385993288
18 23 8 25 30492 0.9647773060481495
2 27 20 1 91901 1.0085223388208064
11 23 29 19 82522 1.0020544234266597
25 2 13 29 70136 1.0570849902865649
8 11 6 3 29654 1.0031891363895402
25 22 9 21 53705 1.0365602957941624
27 26 19 28 25056 1.0830608097413121
23 5 10 1 47976 0.9948076880348022
5 1 29 16 79664 1.0030087480457233
2 26 1 11 45561 0.9618924422986452
1 19 4 26 31286 0.9584882806843061
9 16 0 25 34479 0.9914130761548556
21 6 18 24 55127 1.0977455835671373
3 2 11 23 68254 1.040529783727402
23 20 8 3 67144 0.9064943091191306
18 14 28 24 43608 1.0029613557082457
29 9 12 2 64029 1.0335119602657652
7 27 24 19 48375 0.9111623374597894
15 10 6 13 27770 1.007648324445686
15 19 26 20 46432 0.9063780663325165
12 8 29 5 49833 0.9804166932760211
25 15 14 18 39785 0.9002801671032123
13 27 23 28 26798 0.9345557263213842
3 24 29 25 70588 0.9126480569523768
18 21 29 26 44703 1.001871376334081
18 21 12 7 51639 1.0563742421676126
11 26 12 17 31686 0.9473606490351825
17 2 4 22 73629 1.036449927640509
5 8 25 21 66125 1.0910465789418382
18 3 24 13 33186 1.0061681837918277
16 27 23 13 38274 1.0318455293004691
15 27 26 19 45353 0.9110954394376066
25 4 24 28 41694 0.9416338852634621
24 2 12 22 71764 1.0332009311722268
2 17 26 6 76246 0.9790267370679376
10 25 8 5 58197 0.9484118806863586
11 20 19 8 56040 1.0004480748153692
16 27 22 0 69216 0.9247662203796383
27 22 10 5 66412 0.9711755570676307
19 10 16 17 23561 1.038420319763081
2 28 13 29 45576 1.0762393624939253
9 26 15 9 56181 1.0047014630087563
13 6 2 20 64835 0.9224929310154848
18 2 4 8 43623 0.9434993018618802
11 29 11 15 45679 1.066449594417643
21 20 26 12 31285 0.956826582719414
4 18 18 14 49579 0.9570266605500786
1 16 15 9 55686 1.0398126553689342
1 23 8 29 34357 1.0390863903735275
21 19 8 19 45653 1.0901548635994867
16 5 10 29 76172 0.9316153985423453
25 15 2 13 76346 0.9962421656112107
20 18 15 24 44547 1.03789941180518
20 17 16 8 37241 0.9626601427959266
16 17 13 9 34871 0.9731805526802881
27 7 19 12 27553 0.9504515536109577
21 21 26 8 50216 1.0434655866482438
18 28 10 3 76450 0.9911296599125428
25 19 0 12 83795 0.9218256151005717
20 0 28 21 64972 0.9625306399407889
4 17 19 24 48383 0.951221890276339
10 22 12 0 62278 0.9571504376787854
23 13 13 29 53633 1.008367587651709
7 11 25 28 70759 1.0842590826080674
19 19 10 7 46304 0.9134029886152687
26 21 13 12 49929 1.0873867168450104
22 1 14 17 54501 1.0220554281654568
11 28 4 20 36555 1.0838355082592575
13 15 27 26 56742 0.9460548808011162
6 14 5 29 24711 1.088667361189142
3 19 29 7 84464 0.9400321571814843
3 23 16 20 60104 0.9686806312558291
9 3 16 6 28948 1.0804782325481888
11 15 9 3 32458 0.9859490434393197
7 1 16 6 43065 0.9961264350823837
10 21 25 8 70473 0.9183031146595104
1 11 27 2 76477 0.9948369799689927
7 16 6 25 18322 1.0079074550267688
15 9 27 6 49570 1.0965813735081702
25 8 17 19 43373 0.926191815639631
28 29 22 2 57558 0.9684460305538812
19 27 26 8 54511 0.9968426855147267
28 11 13 28 58803 1.016621702753092
17 7 29 5 35835 0.9156491320859307
19 12 27 20 30171 0.9011893495738228
22 25 28 4 51177 1.0466759566409043
29 16 13 13 51455 1.0915726866397777
17 26 23 21 35544 0.9813819366505134
12 4 26 27 71259 0.9624173138187002
7 2 29 27 85719 1.091010865035459
7 16 0 26 28521 0.907259144055847
24 25 1 6 79770 1.0342671702592185
1 9 16 8 41628 0.9427051052330173
1 2 12 2 31248 1.080023975823534
21 1 4 16 71222 1.0339282298626518
2 24 17 4 86712 1.0116502420248068
17 6 7 8 26637 0.9477795263840154
7 3 19 13 53252 1.0014801215654736
0 16 27 4 92429 0.9738314415176403
2 3 13 1 44310 1.0698885888377638
8 4 7 22 52117 1.0001169733111182
17 7 26 27 48273 1.074889783466078
19 26 3 14 59037 0.9107095989435596
0 0 14 14 72882 0.9306406255797438
24 27 17 2 53536 1.0859064288714064
5 19 17 15 34609 0.909067121804073
8 10 23 25 63840 0.9327705425548307
22 5 2 14 74635 0.9032276110329079
18 26 7 29 31005 1.084034428295479
25 27 14 23 34107 0.927229779872979
23 19 12 9 53310 1.0203904516849645
26 13 19 19 22885 0.9011194399402795
20 9 1 17 67286 0.9557795601523517
20 8 13 20 57148 1.08688542700058
28 12 23 28 37058 1.0536642184135554
3 1 24 17 75416 1.078205671341265
29 6 1 26 90400 1.0331616143582036
24 29 24 6 35906 1.0421779157742066
24 17 12 13 41355 0.9004407230816529
26 14 13 5 50220 0.9355162221517952
6 28 23 15 62133 0.9962698040360399
18 1 3 6 53177 1.0476338009845862
29 19 23 24 36090 1.020407526212752
13 6 27 9 45909 1.0963965053447426
11 4 2 22 65047 1.0501087339276045
22 27 24 6 35202 1.0863169170163303
10 13 6 19 25589 0.9792697325866409
22 23 12 8 59984 1.0814882687885414
21 16 19 28 48462 1.0050604111141968
11 27 7 6 49857 1.09575785370613
5 28 11 11 43704 0.9660548044025263
27 16 4 11 74147 0.9056517021344926
25 2 0 27 84308 0.912253826225336
6 3 25 29 83910 1.0559805100572306
3 16 11 23 45150 1.0518321685527097
16 27 24 25 21184 1.0920636825947534
17 29 15 9 76001 1.0016420207464865
10 11 21 26 73357 1.0807861541380561
8 29 6 9 37867 1.0176715603515862
9 29 1 24 30055 0.9053981093597386
0 13 16 23 68591 0.9119079247437677
25 26 17 14 39155 0.9206707407482547
3 3 11 24 67903 1.0159161610152896
13 12 23 3 46039 1.0565186566155595
24 16 15 20 45755 0.9745492037192895
8 29 28 8 78692 1.017212286935677
13 28 20 10 63193 0.984354890212119
20 11 1 21 80404 0.9027624482522548
2 16 7 23 31099 0.9162215529120283
9 18 28 15 51837 0.956446887579404
9 20 8 3 44884 1.0610900940852408
27 27 28 7 47334 0.9809092123728411
1 19 19 27 53895 0.9192883394143823
13 9 23 12 39134 1.0448338480858892
9 23 26 8 77497 0.9908901771070033
27 27 16 7 51957 1.0676369068639335
6 15 0 9 28765 1.0731300253426248
7 8 26 6 49614 1.0923566333847763
24 7 4 2 53204 1.0124135109886236
26 9 11 28 71651 1.0573225751563415
27 10 8 3 59671 0.9382218884521442
4 15 28 11 57735 1.0303974012691004
24 27 0 29 51191 1.0666325636698912
13 19 10 8 42892 1.0483022552803574
17 27 3 15 42813 0.9125312369040035
9 28 28 14 62314 1.0568178080235997
24 18 17 26 33348 1.016863800920949
8 13 16 29 64098 1.029636621141923
2 6 29 14 73319 1.0680668763203343
15 14 27 16 35635 0.9296295586410391
17 22 10 12 54392 1.0554506437091908
27 26 5 27 46433 0.9048283244218968
27 17 3 12 74886 0.9801123169368282
22 14 3 11 66718 0.961310404615899
27 12 5 15 52572 0.9648548613176946
15 19 24 13 35912 0.9246746053692713
20 6 27 9 34560 1.0383502154896718
1 24 26 14 83689 0.9652647177423441
2 17 25 19 70579 1.0548154676581851
9 29 22 19 57501 1.0901747918341238
19 7 27 3 30088 1.0351988386704138
9 1 20 6 44296 0.9226474982530387
16 21 24 27 41430 0.9428079659980777
9 29 7 5 56021 0.9994537269820907
29 26 20 2 61548 0.9783831826500632
18 18 4 16 45886 0.9299048408474527
23 23 28 7 38132 0.9183934162570756
23 23 17 18 37293 0.903913514072944
18 13 27 4 37733 1.0478503844833926
18 23 14 5 57580 1.0243976978481546
14 10 29 23 60540 1.0052877622694674
8 25 23 10 63658 1.0814837160531647
14 4 20 11 35262 1.0868640389056479
8 22 28 16 72767 0.9301786775575754
6 12 15 8 29153 1.0591577434748676
11 13 22 10 36567 0.9813120997892587
11 8 22 10 34799 0.9952520396791795
26 23 22 17 30718 0.9295996883354346
27 6 14 1 50025 0.968749090681235
1 18 13 21 58140 1.0502597648791319
29 5 6 21 80496 1.0243227868210203
20 26 14 3 76369 1.010797388054552
17 1 6 12 47686 1.0471188277856438
28 4 24 23 40780 0.9071894457173831
13 9 26 8 46515 0.9306911593682462
12 14 25 14 40810 1.0977544198084892
1 28 15 10 65034 0.9814817333301785
27 0 20 7 38512 0.9952922534018368
23 23 4 22 65405 0.9804743224925948
19 19 18 8 34340 1.01181087808232
28 10 17 11 29869 1.0022446609474864
29 1 15 29 84617 0.9030764121066183
4 0 3 20 59214 0.9300981938221176
29 25 16 19 56986 0.949567562995398
17 25 3 12 50350 1.0780450542306428
2 27 7 8 46261 1.0580439669166577
8 11 20 24 68202 1.0256662785104798
3 29 24 24 56117 0.9001365479065446
7 28 17 29 33217 1.0564750011122541
22 6 12 10 37574 1.0926972270387323
28 10 12 28 66137 1.0619765158360779
11 20 28 0 81307 1.0175509241167202
17 6 2 26 64035 1.0165047331833748
7 14 6 24 19999 1.0051931126978162
26 14 28 27 38637 0.9582748800359536
27 27 17 4 62405 1.073812391279258
17 13 26 7 23689 1.075002811750604
15 13 21 22 38497 0.937833234819479
0 29 18 4 88230 1.0379851246684846
6 12 21 23 61675 1.0658358319871244
22 19 15 26 41319 0.9140361732410477
15 21 5 5 62649 1.089755793312367
6 9 29 11 68061 1.053775225702308
27 0 3 9 82026 0.9334572937384754
23 23 24 7 25879 1.0794814682005383
1 28 27 26 61315 0.9492834699660513
17 13 29 9 30086 1.0560443455247146
26 15 13 9 51739 0.970922188618624
25 29 4 4 85650 1.0323768456319489
8 28 23 11 68935 1.053338168912469
28 20 7 0 87969 1.067848057134293
13 1 8 9 33892 0.9136235962992892
6 7 10 27 40069 0.9412668047384641
24 11 7 14 51078 1.065966311491654
10 13 4 4 39320 1.0512403195288256
13 25 3 19 36891 0.936805350004311
10 22 19 10 60941 1.0778477773431878
6 17 19 9 48676 1.0517802088538637
28 3 0 1 83337 1.0457737221093857
8 29 26 24 53899 0.9322215749163285
29 27 25 14 34898 0.9405351609499126
13 25 22 18 55581 1.0264112975949229
6 21 25 18 62089 1.0046832353595472
26 9 7 26 72562 0.9761345003802604
21 23 3 7 78428 0.9389978822232236
3 6 14 5 33917 0.9990338688702995
2 10 24 20 68407 0.9259271565621321
22 11 7 24 73897 0.9607737885722825
9 26 29 6 78892 1.0380843098495665
6 13 25 0 67411 0.9576985071652457
0 26 20 20 52543 0.9682326170301191
26 21 2 28 76856 0.9499917903378408
7 23 18 26 32980 1.0204276863346355
19 14 8 14 39617 1.0157530052095356
25 1 26 22 39524 0.9940362824210222
19 25 1 12 65016 1.098271195782385
17 14 29 27 43933 1.0183927762311886
11 22 23 7 72657 0.9824307862748409
16 28 7 16 43316 0.9810929723590147
11 20 25 5 65584 1.027745496561143
15 4 0 27 74646 1.0676566035936812
17 14 23 4 31375 0.946730110451987
25 19 26 0 46697 0.9244533623820742
19 3 11 25 78132 0.9644204320322921
18 17 4 6 53112 1.0434239644639207
26 24 16 26 33862 0.9360259204737995
4 11 12 4 39224 0.9111276218016139
3 3 27 12 71833 1.018942500126661
18 2 20 10 24114 0.9659211091107374
28 12 1 23 85146 1.0123609869788472
25 29 13 13 62685 0.9600538925875288
29 16 0 5 86362 1.0016754496598166
14 15 7 2 46720 1.0592743470859427
0 29 3 18 43384 0.9993217545046722
22 28 16 24 32375 1.0290489742970106
26 7 4 19 70740 1.0170916022870522
27 29 18 10 50109 0.9233634666426068
19 25 5 21 39099 0.9492357950275714
20 18 13 9 47249 1.0333388227591147
24 18 25 7 16859 0.9584663551302984
7 2 21 15 66710 1.071243944829376
9 19 3 8 33824 1.005792277069431
5 15 8 8 20140 0.9210641546066938
5 3 14 23 62536 1.070962717485615
4 12 27 10 67868 0.9754064294168737
29 19 3 17 86330 0.994454417037993
24 10 27 0 34012 0.9021707085410394
21 1 4 9 57348 0.9288929993759072
28 10 10 7 46858 0.9618335806418516
19 21 21 7 36924 0.960635431941095
13 1 29 15 66582 1.0055044286390236
14 5 6 14 36685 0.9755216509981597
7 2 28 11 65287 1.0332146784953193
14 6 9 16 33286 1.0508611263822552
8 4 26 9 63396 1.0993924016688366
29 7 17 2 42305 1.014409815899132
11 1 10 18 45213 1.0996488821921764
21 14 15 2 45997 1.0938727447742842
11 1 25 4 44586 1.046327728306565
15 20 13 28 35675 1.0537241824098036
2 8 24 21 66433 0.9024188733976287
11 19 4 9 40297 1.0686044753756483
21 13 5 4 52180 1.0221742076110067
14 4 6 9 30941 1.0917138648549327
29 1 18 13 41216 0.9688936081178895
4 16 13 15 25992 0.9605718057425793
15 0 27 26 80828 0.905780156962938
28 0 14 14 58415 0.9742610468698716
16 26 3 2 63870 0.9831522529992567
20 16 1 15 52630 0.9001069048213344
10 16 20 29 60052 1.0747528911355233
28 22 15 3 65702 1.0918956323372462
1 23 13 1 82783 0.994195693790064
11 2 19 12 36503 1.0483928563628695
26 5 13 9 41500 0.954350208390936
25 7 28 28 47388 0.9659219400438981
14 20 5 3 57905 1.0229627920017093
9 8 26 21 63575 0.9899439797553518
20 9 16 25 54969 0.9023681199094431
29 12 19 10 25085 0.9354253663295939
0 12 10 14 41382 0.9749303770176577
6 29 14 11 51452 1.0680324960818068
4 24 29 2 97195 0.9910580512003687
23 7 18 17 29086 1.040831039719705
5 24 6 11 23818 1.0456998032494282
26 12 9 10 51518 1.0253778874868278
13 0 24 17 60012 1.0947427847351583
17 16 0 6 62059 1.0258203600796398
21 23 7 6 78107 0.9722218031649372
25 19 15 15 36910 0.9844733919560181
13 12 17 18 31059 0.9533176039623517
23 14 14 23 49602 1.0260754632272877
15 5 11 15 36662 1.0972301394396398
3 11 28 11 72503 0.9916703715277978
11 7 0 25 53339 0.9439004734728857
8 6 22 6 41397 0.9528589979262774
8 7 9 25 41622 1.0293372146146846
28 15 1 26 72232 0.9527533202505195
0 10 11 24 56946 1.04383990732469
26 10 22 26 40934 0.985191186190506
20 22 12 14 41614 1.0348315880679917
18 21 10 13 54326 0.9651261164666003
29 6 28 22 50773 0.951913268845679
6 23 1 1 58561 0.9876590795270195
4 12 12 26 35079 0.9878112230440362
28 24 11 28 51689 0.9612185708800374
24 3 20 12 24712 1.013631117030084
4 15 13 7 34143 0.9197516443133793
11 17 6 29 29484 0.9518584237588958
27 10 29 27 44263 1.0643749137244225
2 9 8 26 44329 0.959675130905234
29 23 5 2 90609 1.0354660239021303
21 26 11 5 72284 0.9766248652952503
11 26 29 3 78866 0.9195907878448715
17 21 26 19 43672 0.989722413148641
23 2 16 25 62107 0.9293012235051571
28 23 6 18 69403 0.9391612048030383
29 19 24 6 42872 0.9158827484942621
25 8 29 17 36760 0.9165914991159648
17 11 25 13 18734 0.9347094121593167
0 22 25 6 90825 1.0050772438784001
16 6 5 5 32075 0.931918816020053
23 28 5 7 71317 1.09253658116939
15 26 20 10 52795 0.9711853307910321
0 4 26 19 94807 0.9890376958644814
14 27 1 29 38385 0.9201011947099608
7 10 25 10 50194 0.9222643461368519
14 9 22 16 46622 1.041244579960243
0 21 16 15 59181 0.9752197199287758
11 16 1 11 40890 1.0802387263633793
23 8 13 21 60910 0.9898285981356763
17 2 8 9 37968 0.9040599165157787
23 26 21 1 51507 1.073042819695377
27 18 10 9 63380 1.0859494906624934
15 23 15 3 73606 1.0564555146084378
21 0 17 12 41598 1.0353318208049938
3 7 5 29 44653 0.912089183114739
23 14 24 3 18310 1.0386603110629289
11 5 29 6 52213 1.0880622854218835
16 27 16 3 75346 1.0783778425035322
15 13 21 3 44438 1.0870342677082243
29 8 8 18 75179 0.9922627906374482
22 3 24 15 25539 1.0564676776516493
20 24 1 25 47272 0.9771185812443899
6 5 11 22 56123 0.9887703801613584
4 8 17 5 37358 1.0128625330053014
0 28 10 5 64680 0.938722066038521
18 14 13 19 33393 1.05583108146784
24 12 10 24 64340 1.0681471883171731
14 20 3 15 38873 1.009583771950009
8 0 5 21 53870 1.0325109217043191
10 29 21 20 54521 1.0165311245908606
7 8 22 15 58485 1.0193009512070732
6 12 25 15 56086 1.0519233413110538
28 0 4 3 71798 0.9663393420360754
23 24 2 26 50763 0.9950056394311488
0 15 21 23 71634 0.9650109522750551
22 18 12 29 61671 0.9225513927019392
28 10 28 26 49106 1.0766498616573443
7 10 24 0 52632 0.927437530902523
27 19 26 5 41904 1.0151722257144402
9 10 12 18 28299 1.01461144252726
8 18 15 10 40317 1.0042157996930403
13 1 14 25 76060 1.0678560402295223
2 16 23 3 78427 0.9480712342697644
29 15 9 25 69033 1.0519147045193638
27 7 19 5 26291 1.0716830333533964
22 5 9 0 50604 0.9846728829339659
3 7 18 27 58649 0.9345882894752784
17 18 7 16 34977 1.0291917813888898
10 15 13 8 26079 1.0777804979622523
18 20 8 1 72845 0.9280050583492389
19 23 13 5 61049 0.9757181662163716
23 13 27 5 23170 0.9483391052968573
28 5 29 14 27749 1.0012002044136452
22 29 19 18 45883 0.9702809741753587
29 5 7 25 86603 0.9436351550355185
26 1 2 7 63726 1.0228607398342304
0 26 14 3 68814 1.0740068820875683
4 16 27 19 76575 1.052273127044522
26 4 13 29 76354 0.988938480904219
0 3 1 15 57910 0.9135369430212178
1 8 3 28 54689 0.9910356834482519
21 12 8 1 58595 0.9423953675688976
0 7 4 29 54868 1.0436818149831413
28 2 10 27 75496 1.0237695727577325
15 9 5 25 54119 1.0930230578068874
10 28 3 17 35677 0.9445469710884877
18 6 5 13 46869 1.0991513798054855
29 16 5 19 71038 0.9282067688568121
15 7 1 20 66863 0.9933129094365961
5 3 24 13 56658 1.0647041579810868
28 26 12 25 45895 1.0137144205942534
21 26 1 22 62978 1.0487703061373237
12 11 15 22 53125 1.0035913627883932
29 17 9 6 63328 1.0859879743570064
24 21 12 29 46122 0.9781453134880093
20 11 2 3 65496 0.9153035921131203
22 10 6 23 63741 1.0942892326891567
12 25 12 15 41390 1.0623563424089557
9 6 16 10 24398 1.022581326655938
29 13 12 1 56861 1.0802349788900034
14 0 2 11 54517 0.9546432391326858
28 10 23 27 35672 0.916895946472713
12 26 25 22 38073 0.9363199604556549
18 17 13 24 38995 1.0949627357973646
18 3 12 12 41837 0.9090050257598116
12 26 25 13 48061 1.0737518306092229
4 17 21 24 56322 1.088428077874936
11 14 14 22 34647 1.0391922115319407
4 19 13 23 43139 0.9014718296084464
15 23 10 18 42157 1.096969682744607
10 22 2 8 51887 0.9047926972705195
1 18 4 1 56879 1.0424391985892056
7 2 16 21 76896 1.0893887474187
13 26 3 29 24943 0.9872284117025729
6 10 17 19 44808 0.904745492708189
5 24 5 10 28733 0.9864420578485641
29 6 7 25 85386 0.9442243808957616
25 8 9 20 62875 1.0441514428494014
25 6 3 29 85548 1.0535997706156373
3 2 25 23 82120 1.0758140227131434
3 27 3 9 48091 1.0493622205992992
15 27 16 5 73740 1.0313249059525644
14 18 27 14 38421 0.9713809862737701
9 4 19 5 32133 0.9140936885767317
26 10 16 8 33106 0.9772786363677526
3 22 12 2 64752 1.006935179263292
2 11 6 27 38619 0.9525272724944707
3 0 15 3 45154 1.0988201652692207
0 15 25 6 72395 0.9121871636797128
0 22 9 9 54557 0.9658306972427919
17 22 6 12 52751 1.0185029847342344
17 23 5 21 40545 0.9415365924493392
3 26 29 10 74858 0.9464068424852841
9 0 24 9 49275 0.9432836357193289
16 16 26 12 34933 1.0379516463420377
13 7 23 9 28091 0.9973333398542825
0 9 19 5 51710 0.9725555257311456
28 22 4 24 69153 1.0893952563372564
6 24 15 7 46710 1.0656240589425003
28 15 0 13 76720 0.983516599255934
15 13 1 22 71192 0.9499772087662339
28 1 20 13 33246 0.9205116364374174
15 18 18 8 47933 1.0718286471248646
29 21 9 6 73959 0.9480228859586463
1 10 11 9 27060 0.9707976244519478
19 0 10 2 28864 0.9089185546375923
26 0 10 16 73546 1.0991696270204645
9 11 2 6 31193 0.9054654414789193
21 9 6 16 57671 0.920566053483474
19 17 2 10 51881 0.983831561499392
18 22 0 21 55569 0.922022533141782
7 13 5 23 27357 0.9702206231136907
21 13 29 11 21036 0.9598785149460913
7 17 1 28 33904 1.046518181439453
26 24 10 4 68139 1.0097223193330567
4 28 10 10 47076 0.9442752906180272
10 1 14 23 69073 0.9060251900070743
21 4 2 5 68533 1.0783450291876437
17 22 11 12 53040 1.0685351009257824
8 20 24 9 59049 0.9952400138951969
28 13 0 11 73826 0.9238639431224065
6 20 19 5 53531 0.912537503097871
8 5 18 14 55067 0.985118875308731
17 7 6 7 22406 1.0561407986327023
22 23 25 5 37454 1.0818219891141485
27 23 16 27 35042 0.9562677308831772
23 15 9 20 52800 1.016839878854734
26 22 12 2 63172 1.0552558851689184
3 29 28 7 90989 1.080665607569341
17 17 19 26 37978 1.0311541437115024
23 22 9 28 46216 0.9534140811520783
19 20 0 11 66686 0.9844470979229709
8 12 12 21 39473 1.0648611570766682
29 0 20 17 54255 1.0804495884551968
14 23 16 5 65284 0.9137679206256345
22 8 4 13 64247 1.0108700762637548
17 16 25 12 27783 1.0628101164829986
5 20 13 15 27521 0.9848455505149063
18 23 8 1 79788 0.9763818659070034
11 10 27 13 40124 1.02628060929176
7 27 3 0 59315 1.0442773379136463
13 1 12 17 53225 1.012824632246193
14 10 24 14 30185 0.972776715179256
5 11 25 17 64427 1.058558925615833
19 29 28 14 50563 0.9763474729367845
8 28 8 17 30091 1.0214448074342208
4 6 5 23 38244 1.094341978606657
17 12 28 7 33977 1.0645650208763426
24 4 13 10 37246 1.0949851628062186
14 1 15 21 69880 1.0374503518403306
16 13 13 2 45537 0.9171865514855707
27 1 20 15 47535 0.958521264603867
27 5 15 13 40787 1.0211535126835722
5 11 26 19 74613 1.063766002044655
8 26 29 7 76633 1.0430137477678998
5 18 27 2 73163 0.9671542215414474
26 6 17 21 55255 1.0514504563826297
2 4 26 4 76627 0.9046609923257656
24 17 23 6 18743 1.068505298977406
16 13 18 4 31207 0.987049417746038
9 25 13 8 48723 0.905510343034134
17 21 23 26 39930 0.9269049508771322
7 0 28 8 71323 1.0602480093500062
23 12 1 26 67294 1.0153574709124165
29 8 7 23 85917 0.9676712186032755
8 8 15 27 50454 0.9593861088352752
13 10 12 25 54335 1.0048136157004148
27 14 19 0 39486 1.082402476976711
22 25 19 3 52064 1.0529511480306804
22 17 12 26 50185 1.0092204612030864
3 25 6 17 22403 0.9248847458461765
25 1 29 8 36131 1.0575045087512476
14 2 3 7 32158 0.9102974047808073
5 3 3 28 57645 1.0705794289305468
2 9 15 21 66639 0.9437386854097198
26 19 16 3 59983 1.0490261336185784
10 20 18 24 42443 1.0426867092583456
2 0 29 12 86248 1.0668131000121304
18 13 23 18 19608 0.9132395676889059
22 3 1 23 100555 0.9490888196559244
10 24 1 9 61119 1.0657287782497784
20 20 16 0 61542 1.0912427448733493
27 3 11 6 48088 0.9516939013076531
16 7 24 11 22403 1.0868132139795033
11 20 23 28 60737 0.9508564941907766
29 13 7 1 69176 1.012936217553874
1 10 20 14 62310 0.9710889658820666
1 26 13 17 37390 1.008403813306748
28 28 27 15 47186 1.0404678236645746
16 14 17 3 41368 1.0200156910957328
22 21 7 18 62068 1.0754542666519395
11 19 19 26 50361 1.0699690452583188
18 8 27 28 57559 0.9835172189293554
16 26 27 4 70704 0.9892911565510734
2 13 14 19 52655 1.0662106296057936
26 19 17 24 47419 1.0908194621997647
7 17 0 21 35743 0.9368854296393093
7 18 16 20 43716 0.9804687936760345
21 18 0 1 93249 1.0659499975645281
17 10 5 2 44542 1.0177577837776812
28 15 2 12 71332 0.9356712678934465
10 17 29 25 72004 0.9643187619163497
20 0 5 25 83921 0.9134754291942111
14 28 5 22 27957 1.058622738444385
11 20 16 2 66236 1.0677415525507299
0 14 13 10 44517 0.9186073294150506
23 1 25 25 41089 1.0488991252550568
2 13 21 23 81935 0.9498986757703606
10 22 3 5 63236 1.0583485649292597
0 10 10 12 31238 0.9109236120717251
4 15 19 28 49706 0.9376011052144305
16 26 15 11 58912 1.0681515346000667
8 16 26 26 71023 0.9839793795576068
0 15 22 6 69778 0.9237107621061572
26 5 27 14 25510 0.9000786607396348
24 8 3 0 63837 1.0117815957119887
27 12 15 9 41618 0.9181841687685287
15 27 23 24 28676 0.9650748870684476
24 24 4 11 73722 1.016899027791134
12 23 5 8 53597 0.9659496561952208
5 3 0 13 43534 0.9345284635620512
26 24 18 29 32642 0.9088658179628749
13 10 9 26 45402 0.9574890068761945
20 10 12 0 41867 1.045564885757941
26 1 6 28 84327 1.0022062227830753
3 22 22 2 90326 1.0956888475395195
28 10 5 8 59234 0.9129864722948476
5 11 26 18 70444 0.9527373892761521
16 18 26 8 51322 1.032628168738263
5 21 15 12 45443 0.9480852922547366
6 7 29 21 77519 0.9505964161994631
0 1 25 18 89976 1.067109040855124
29 14 21 21 39176 0.9610707117987051
3 25 23 8 79179 0.9796023605464639
25 5 9 15 50505 1.0120259337720667
5 23 26 11 77424 0.981249012408675
11 18 1 23 51650 0.9526407458763964
29 25 19 5 59337 0.9470184661328664
6 17 14 15 21194 0.9056413684834467
11 6 22 0 46313 1.0425611818864895
24 16 20 28 30842 0.9409150822434964
6 23 6 13 14005 0.9280734050251624
14 0 17 15 54594 0.9073422970593943
23 16 20 0 45684 1.0159494115220062
25 8 14 10 39540 1.064913939519301
26 5 14 0 42849 0.9118888452249491
21 24 24 15 23506 1.0238767953868995
29 0 27 13 39573 1.0673007291065777
14 22 19 12 39781 0.9102378852157694
4 18 9 29 35068 0.9021662057971905
9 19 29 24 70433 0.9866071163481476
24 1 9 18 58935 1.0419416891014541
25 7 25 19 25435 0.9468718640089605
18 28 5 24 30172 0.9066272210221467
17 4 25 14 42649 1.020094081672878
12 18 5 0 55108 0.9912695996877409
13 3 24 24 60417 1.0240357102698965
14 14 26 28 61144 0.986152989764344
19 6 19 29 64265 0.9380577906327672
15 24 8 18 47600 1.0002822435846834
24 17 14 20 42713 1.0070200540866963
15 3 16 28 84745 1.0466059592279633
13 22 24 0 70499 0.9532720280418983
1 8 11 24 56799 0.9900435137008134
19 6 19 16 23579 0.921063736951321
5 26 3 5 50169 1.0457079496107116
16 3 29 24 71605 0.9659985322178061
25 13 7 25 58809 0.960939127916007
10 16 20 26 56255 0.9173327734197743
7 24 18 28 30768 1.067947146587276
25 6 8 5 51059 0.9789779310029648
23 27 29 2 51535 0.9739835225582008
27 29 20 26 26149 1.0942798943919274
19 22 1 26 42471 1.0178507736308058
28 9 13 8 46204 1.0248435488526655
1 26 14 13 48604 1.0033786021419435
0 21 9 5 62943 0.9998190783720313
1 14 19 20 60430 0.9085150837919447
7 12 14 25 37823 1.0471553227513575
21 6 11 24 80831 1.0987558935989863
15 5 3 17 51754 1.0556722222558839
24 3 24 28 37503 0.9581216642272465
22 28 17 5 63965 0.9704001982687841
12 7 11 29 62705 0.9740426090919023
18 27 13 11 64558 1.0655622063251733
13 18 0 16 42425 0.9411389903786916
6 27 25 3 74608 0.9032603196533576
3 21 12 20 45780 1.0296646140259467
5 21 25 25 55138 1.0122708272236485
11 6 24 16 41053 1.0789042779609928
21 22 28 11 30215 0.9305082369660833
11 11 2 21 49573 1.0755802851889709
23 20 19 4 39709 1.0204873751101837
14 23 12 6 58899 1.0084873120545168
25 16 1 6 73774 0.9401104744905271
2 2 16 1 44584 0.9732271390667973
17 20 5 14 45790 0.9018263421966878
19 24 29 14 46114 0.9508199474248017
26 0 9 22 84297 0.970373143782005
11 6 24 10 33236 1.0671569217664152
26 24 16 9 49658 1.0679938850969721
20 21 20 2 53107 1.002002300867761
20 28 21 15 51362 0.9763596606291134
28 4 13 16 59898 1.098327857686945
16 12 29 25 51178 1.0691527100640907
18 6 24 26 44963 1.0273923797474476
27 8 7 11 69648 1.0602711126057085
4 29 21 7 73592 0.9046552950091042
3 20 21 10 72579 1.0031014542020749
18 18 27 28 47216 1.077121915885357
21 20 11 22 57794 1.0321286544254475
8 0 6 19 46589 1.0984974959375864
11 5 13 28 64499 0.9684426540031211
29 25 26 10 45881 0.9989221126520048
28 14 0 12 76715 0.9191175938357685
4 29 13 16 46620 1.074462415865966
9 21 24 28 43914 0.9417329344867271
16 13 25 22 24366 0.9640002631482076
14 20 14 8 38950 0.9751487709949189
25 18 21 28 33445 1.078190140384315
12 24 29 19 73896 1.0603777999636437
11 17 5 27 28742 1.090753608995709
25 23 12 13 54199 0.9936064064808621
25 29 22 5 48201 1.0474152846905922
12 10 1 1 49540 0.9417846690843668
19 11 0 3 68312 1.0559206371774261
2 2 29 1 77592 0.9236689954913785
12 14 6 3 40210 0.9733132410647776
19 9 13 22 55143 1.030199705932925
28 7 19 23 52050 1.0449641761831947
1 18 23 17 70114 1.0480184775237509
24 25 8 27 38329 0.9698580700204337
23 9 11 7 32206 1.0074433083589658
28 27 0 15 71480 1.0395479011156508
25 3 17 10 34470 1.0018443967616435
15 6 23 21 51410 1.0613048087687937
17 28 23 13 40749 0.989233247052121
28 2 1 26 88057 1.097815099248095
5 20 17 1 63016 1.065214325246822
23 12 1 18 68912 0.9648145778974335
25 18 11 26 47659 1.018954876648335
17 10 7 7 29170 1.0050470166051058
22 17 5 5 67324 1.080031748198357
1 11 18 9 58614 1.0179400417407578
1 10 21 20 69510 0.9246893569946686
26 29 20 4 66157 1.0568665703634301
9 19 20 28 43885 1.0984855554832054
13 14 3 19 38368 0.9013677485993375
2 16 21 18 59997 0.9393278048614355
