5495 5736 5557 5406 5590 5575 5247 5253 5364 5526 5340 5191 5556 5470 5874 5301 5664 5487 5483 5760 5717 5854 5292 5805 5585 5441 5365 5383 5309
8473 8350 8507 8419 8829 8240 8682 8527 8749 8434 8767 8142 8511 8600 8197 8499 8178 8334 8197 8363 8239 8193 8825 8682 8399 8233 8806 8207 8576
7138 7602 7686 7178 7378 7363 7320 7676 7666 7420 7232 7378 7683 7109 7543 7290 7119 7501 7291 7589 7672 7579 7555 7118 7232 7374 7230 7073 7754
1264 1423 1447 1705 1432 1694 1355 1438 1730 1724 1507 1697 1491 1667 1754 1137 1822 1324 1449 1819 1546 1687 1761 1751 1704 1175 1478 1279 1551
2648 2306 2665 2774 2757 2770 2690 2438 2785 2311 2329 2424 2118 2717 2391 2674 2431 2275 2121 2094 2218 2580 2469 2410 2654 2606 2418 2636 2308
8132 8396 8297 8577 8670 8458 8539 8803 8636 8607 8249 8517 8606 8506 8795 8308 8243 8200 8731 8698 8504 8779 8645 8203 8572 8419 8616 8456 8180
5144 4784 4692 4910 5132 4727 4635 5197 5004 5185 5304 5082 5279 5014 5037 4907 5228 5229 4698 4673 5127 5102 5154 4644 5085 4957 4869 4848 5124
8596 8884 8334 8308 8379 8940 8534 8894 8941 8791 8897 8559 8645 8544 8448 8605 8855 8993 8654 8792 8908 8327 8582 8657 8871 8595 8273 8309 8884
6934 7018 7096 7270 7288 7356 7216 7342 7570 7574 7098 7317 7125 7363 7271 7086 7377 7156 6970 7156 7495 7299 6903 6948 6906 7138 7062 7350 6922
3797 3637 4130 4209 3952 4020 3773 3643 4038 4053 4157 3765 4187 4249 3779 3874 3788 3761 4255 4300 4263 4004 3747 3748 4222 4148 4156 4273 4289
3303 3109 3555 3510 3630 3141 3567 3613 3400 3031 3550 3424 3290 3153 3068 3460 3465 3588 3323 3005 3022 3077 3275 3236 3582 3636 2981 3449 3148
2785 2779 2706 2559 2981 2708 2631 2904 2504 3059 3010 2558 2867 2607 3090 2693 2705 2417 2581 2562 2507 2843 2674 2858 2673 2484 2425 2858 2865
3153 2601 3289 3199 2981 2721 2816 2864 3016 3104 2895 2901 3138 2651 3047 2657 3006 2776 2656 2834 3186 2619 2708 3247 2761 2890 3148 3114 3080
2969 2577 2887 2818 3031 2634 2940 3156 3199 2849 2554 2851 2610 2962 2563 3014 3153 3213 3219 2583 3164 2546 2850 2588 2953 2935 2619 2932 3196
3906 4266 4083 4079 3975 4000 3714 3668 3719 4308 4119 4102 4018 4300 3723 3771 3635 3851 3859 3635 3973 3648 3920 3716 3774 4275 3961 3639 3641
3940 4089 3368 3860 3791 3432 3910 3899 3784 3738 3531 3547 3783 3716 3618 3513 3540 3697 3470 3405 3800 3900 3692 4087 3880 3701 4080 3943 3856
2571 2599 1983 2627 1961 2220 2540 2345 2544 2573 2132 2195 2452 2316 2482 2506 2620 2631 2438 1984 2329 2417 2563 1987 2459 1946 2421 2099 1944
3804 3635 3778 3973 4047 3981 3814 3721 3632 4148 4246 3673 3836 3888 4026 4226 4168 4251 3852 3760 3781 3959 3810 3795 4239 3611 4252 3758 3955
6300 5880 6444 5733 5751 5961 6407 6102 5880 6199 6136 5881 6291 6256 6397 5807 5752 5755 5800 6282 5970 5780 6261 6394 6194 6283 6076 6218 5977
6707 6578 6847 6410 6778 6622 6350 6231 6886 6338 6876 6242 6565 6235 6687 6752 6331 6769 6502 6254 6680 6819 6874 6608 6860 6583 6581 6351 6623
6283 6029 6446 6189 6604 6576 6119 6386 6180 5982 6583 6543 6164 6122 6152 5985 6475 6369 6134 6020 6081 6056 6400 6096 6185 6374 6520 6488 6530
7738 7263 7352 7264 7088 7453 7178 7438 7690 7378 7789 7401 7325 7243 7126 7122 7481 7499 7663 7748 7609 7732 7359 7149 7173 7265 7427 7126 7709
2373 2309 2346 2163 2331 2364 2256 2202 1880 2080 2504 2279 2418 1918 2216 1897 2085 1923 2148 2243 2258 2452 2006 2435 2544 1857 2332 2267 2451
3368 3683 3252 3742 3381 3861 3302 3403 3611 3241 3790 3824 3596 3625 3782 3194 3775 3600 3650 3729 3546 3572 3350 3452 3651 3283 3270 3479 3703
1753 1901 1862 1679 2103 1793 2123 1991 1797 2103 1688 2054 1650 1771 1957 2093 2042 2222 1585 1984 2199 1798 2009 2275 2067 1638 2016 2015 2226
3184 3362 3029 3398 3033 2987 3320 3048 3339 3285 3097 3618 3198 3544 3294 3349 3291 3172 3180 3384 3075 3205 3486 3626 3070 3487 3216 3135 3069
7975 8043 8218 7660 7973 7781 7921 8151 7959 8099 8129 8298 7867 8217 7578 8173 7776 7908 7768 7908 7780 8131 7882 7684 7909 8255 7678 7621 8143
8050 7822 8006 8365 7966 7753 7706 8349 7755 8191 8247 7787 8267 8051 8341 8056 8209 7666 8367 8182 7655 7886 8243 7885 7939 8042 7819 7924 7972
7253 6742 6807 6947 7068 7198 7267 7390 7182 6927 7310 7018 6717 6931 7129 6957 7115 7000 6929 6853 7091 6714 7263 6775 7211 7048 7325 6904 7056
6077 6131 5975 5991 6020 5555 5905 5704 5453 5941 6151 5628 5966 5489 6022 5742 5560 5584 5893 5600 6110 6025 5703 6045 6045 5548 5918 5899 5738
5282 1402 4540 1769 3331 5943 6400 4996 7516 2893 7817 7386 6708 7559 4763 3834 4052 6386 6741 5577 7541 1699 4838 4532 3142 1079 8176 4733 5169 1925
5202 1218 4501 1837 3582 6239 6179 5294 7677 2634 8181 7252 6864 7449 4359 3519 4085 6673 7237 5319 7695 1903 5271 4414 2677 1402 7838 4517 4891 1875
5430 1243 4602 1918 2995 5726 6111 4839 7903 2826 8239 7840 6917 7365 4909 4162 4355 6728 7300 5642 7704 1821 5485 4347 3162 1378 7976 4599 4563 2242
5767 1675 5182 1796 3531 6231 5756 4752 7720 2231 8146 7554 6338 7689 4287 3770 4022 6871 7241 5542 7353 1864 5101 4259 2981 1274 8335 4504 4835 1940
5280 1203 5057 1649 3495 6049 5779 5012 7687 2306 7737 7610 6591 7380 4979 4070 3757 6381 7176 5705 7486 1664 4970 4129 3280 1570 8219 4447 5036 1709
5142 1597 4702 1980 3473 5934 5732 5126 7914 2862 7989 7810 6582 7441 4916 4118 4062 6688 6951 5154 7153 1287 5125 4393 2829 1338 8027 4522 4576 1739
5429 1612 5043 1742 3471 5619 6242 4834 7873 2308 7753 7888 6739 7150 5003 4042 4203 6628 6774 5657 7366 1402 5114 4299 3067 1034 7797 4883 4680 1776
5809 1415 5023 1759 3549 6044 5894 4732 7878 2696 8215 7251 6490 7545 4407 3974 3695 6572 7353 5161 7788 1846 5190 4362 3295 1485 8390 4953 4934 1900
5704 1598 4605 2093 3290 5953 6147 5360 8072 2328 8123 7286 6942 7132 4473 3493 4265 6680 6869 5083 7537 1870 5285 4619 2726 1073 8193 4429 5027 2190
5754 1539 5059 2154 3183 5756 5765 5330 7519 2453 8053 7377 6507 7208 4811 3914 3850 6666 7198 5347 7687 1803 5429 4246 3195 1508 8118 4527 4711 2062
5597 1740 4594 1752 3612 5657 6148 4993 7660 2819 8197 7710 6396 7416 4481 3616 3950 6735 7192 5087 7115 1365 5501 4210 3319 1506 8349 4777 5039 2009
5235 1505 4890 1678 3252 5571 6344 5089 8004 2236 8066 7697 6578 7784 4741 3569 4166 6331 7024 5367 7132 1716 5408 4380 3291 1443 8308 4389 4865 2202
5716 1399 4783 2193 3441 5762 6216 4932 7617 2683 8394 7401 6345 7389 4292 3586 4052 6328 7297 5304 7124 1770 5388 3962 2790 1517 7942 4908 4523 2121
5768 1575 5218 2101 3256 6097 6281 5418 7936 2800 8451 7325 6863 7354 4498 3649 3806 6780 7258 5371 7570 1384 5117 4435 3187 1421 8078 4311 5074 1790
5391 1454 5088 1745 3651 5807 5997 5130 7867 2516 8141 7785 6712 7623 4814 3880 4159 6324 7211 5500 7717 1718 4917 4550 2854 1653 7827 4946 4882 2203
5404 1158 5042 2322 3388 5886 6063 5258 7742 2408 8424 7510 6275 7745 4978 3792 3790 6594 6979 5587 7606 1498 5056 4492 3266 1517 8293 4814 5145 1876
5711 1419 4970 2212 3569 6263 5831 5056 8192 2383 7904 7880 6838 7678 4773 3781 4027 6656 6880 5690 7243 1607 5388 4408 3092 1332 8028 4775 4992 1775
5138 1762 5097 2316 3039 5618 6059 5016 8007 2777 8360 7842 6952 7750 4366 4031 3666 6692 7324 5178 7274 1642 4976 4449 3080 1295 8106 4793 4889 1943
5706 1281 5054 2200 3157 6241 6121 5160 8171 2765 8312 7808 6721 7502 4818 3619 4097 6266 7283 5418 7668 1572 5278 3985 2773 1103 8194 4391 4544 2133
5560 1498 4944 2337 3304 6196 5780 4775 8118 2257 8205 7312 6901 7785 4619 3877 3718 6256 6973 5234 7745 1822 4959 4585 3080 1094 8157 4369 4869 1976
5318 1689 5104 2217 3223 5916 5754 5234 7724 2683 8082 7243 6497 7530 4402 3705 4233 6501 7297 5601 7648 1799 4956 4533 2845 1069 8351 4797 5110 2214
5411 1616 4911 2077 3225 5706 6032 5008 7527 2300 8447 7533 6863 7566 4370 3948 3961 6664 7387 5618 7585 1844 4804 4153 3157 1117 8290 4686 4910 2277
5180 1317 4786 2345 3053 6028 5819 4976 7721 2208 7760 7426 6267 7429 4477 3683 3922 6795 6835 5476 7391 1924 5435 4627 3272 1699 8189 4599 4913 2037
5543 1126 4643 2180 3258 5670 6246 5156 8129 2507 8209 7905 6626 7531 4532 3875 4157 6155 6772 5707 7248 1323 5473 4422 2986 1257 8172 4487 4605 1831
5371 1576 5029 2059 3416 6286 6026 5015 7739 2719 8113 7735 6918 7643 4537 4060 4326 6327 6882 5714 7704 1914 4843 3969 2706 1506 8319 4887 4797 2007
5566 1105 5089 1991 3400 6060 6009 5348 7847 2717 8130 7621 6900 7363 4379 4137 3782 6558 7056 5372 7678 1883 5504 4332 2996 1343 7826 4608 4812 1953
5598 1728 5142 2260 3633 5794 5960 4903 7545 2392 8268 7930 6354 7074 4350 3980 4190 6231 7313 5709 7164 1943 5032 3946 2615 1637 7900 4929 5058 2055
5104 1551 4926 2278 3055 6152 6305 4976 7832 2811 8442 7306 6810 7615 4499 3743 4167 6823 7309 5288 7714 1518 5342 4088 2804 1257 7783 4799 4766 2183
5183 1712 4584 2233 2956 6082 5991 5156 8070 2183 8421 7833 6462 7393 4518 3958 4025 6224 7233 5517 7246 1537 5438 4253 2730 1683 7934 4864 4496 2321
25 13 25 28 40778 0.9761596529305069
19 6 8 11 58851 1.0515208206796092
3 10 8 25 30817 1.0153705641781405
10 19 7 28 43243 0.9259406560086163
10 22 8 0 60410 0.9805423711187352
6 10 9 18 48130 0.9588271252618698
15 7 4 4 38613 0.9402100775643859
16 14 27 0 54654 0.9726731069292971
5 27 20 21 42605 1.050864927298127
17 11 18 1 32777 0.9134182703181012
28 4 5 8 74057 1.092692134058155
7 5 2 18 50322 1.0998487864965139
14 0 28 14 60506 0.9525143718913505
0 5 22 10 68056 0.9662064232763227
18 8 20 25 53477 1.020311622638208
4 0 3 24 40683 1.0508939520591285
16 25 29 22 32935 1.04724122132314
6 22 11 7 51452 0.9753094800248057
21 1 24 10 21411 0.9553355440823416
2 22 0 12 41670 0.9085213028052869
16 25 12 4 62889 0.9356586310298675
1 4 5 16 32982 1.0109091250520053
24 3 12 3 26245 1.0679268880998232
17 4 20 11 37926 0.954179883159242
16 3 23 16 45789 0.9435222844219763
4 14 1 28 35427 0.9899940403712242
24 8 29 3 20510 0.9813977596273747
4 7 26 19 74856 0.9994958467590084
0 9 4 19 29467 0.9873531140724685
20 22 28 6 66505 0.9873757731409344
0 3 7 29 53365 1.0367672586297874
1 15 25 5 72814 0.9081668535657965
10 8 18 12 39552 1.040176582119476
6 2 5 28 59114 0.9170732000143355
25 5 20 21 44228 0.9150463572424369
28 18 25 11 43257 0.9060710244108274
15 27 12 11 52414 0.9319350455354222
28 15 10 29 66352 1.0898756527905984
17 6 17 16 33943 0.9764648891929142
3 16 26 12 74001 0.9664722880254719
15 24 1 1 61227 1.0669720652006798
11 25 27 23 33997 1.0246845608358437
11 4 1 25 55458 0.9381002256293456
27 24 8 1 76672 0.9645713880972522
15 5 9 20 59710 0.9444859701960546
12 4 8 25 61697 1.0037830723716228
24 18 27 11 37075 0.9928976727228338
17 27 8 4 78489 1.0521852509515417
17 11 9 6 40146 0.9098115620033006
18 2 20 12 48694 0.9089206647343516
6 4 21 21 66714 1.0784165428833543
3 28 12 26 19053 1.0480768666063047
12 15 13 6 29270 0.9437283999658332
15 5 5 2 34262 1.00230588287394
14 17 7 8 51000 1.0064148748070396
11 20 6 11 52409 0.9825226128260036
26 12 24 21 31321 0.9860933473065644
14 27 18 9 54650 0.9030283647837589
12 11 8 27 57363 0.9339072490966507
20 29 27 15 48705 0.9180712919020797
22 2 11 4 26709 0.9127688511282229
29 23 8 6 97671 0.9143580845388198
16 19 13 4 46250 0.9507916305243818
6 28 12 16 48502 1.06006358728696
14 24 27 10 64426 0.927632105524146
25 1 3 19 60550 1.008319381863771
17 25 18 15 33078 1.0608084257426165
13 13 22 24 45650 1.024670471195394
10 13 27 29 66690 0.9048702834212995
29 16 14 4 71322 0.9886387763831541
9 21 17 16 27283 1.097250107001827
19 20 25 0 58749 0.9556067894828382
29 1 3 28 80846 0.9236818703935968
28 16 7 24 65420 0.9737543532851409
19 18 26 29 48152 1.038574586707728
17 6 28 4 42856 1.0226902980188415
21 25 7 17 56404 1.0433388332748699
26 19 2 12 69391 1.0160782768154832
20 6 25 24 54975 0.9181927525541561
5 12 8 22 41128 1.0858429065245359
26 16 23 8 27542 1.0392993910073935
16 17 24 2 51704 1.0989332927576276
8 19 23 29 52280 0.950382542780754
5 21 22 7 57996 1.0570262133951018
12 15 0 18 54315 0.9503717283147398
22 6 1 5 58220 0.9184435769034655
18 8 22 26 53148 1.0619086770290527
7 0 18 28 87433 0.9375843138949586
8 8 17 5 43725 1.0878274985048177
26 13 5 4 78493 0.9450425658928023
13 0 23 6 33534 1.022371760075481
16 4 23 24 60719 1.071465889283978
26 21 14 11 55653 1.0531553826674145
21 11 10 9 42744 0.9911644975786816
24 13 27 23 31907 1.0166915201120532
20 27 18 14 53273 1.0215475477232745
26 22 6 29 54784 1.0282832705285105
15 5 29 9 48237 1.020585971296491
16 16 29 24 44865 1.0780670180745795
14 12 25 26 58606 1.0712064337908827
29 27 26 13 56567 1.080724195138311
7 10 19 11 52869 0.9143221368950737
12 26 28 26 31755 1.0834803655683658
21 26 14 14 48487 1.0391070189071137
4 20 16 19 25854 0.9873868243841826
13 29 15 21 25203 1.0322310472453184
14 17 21 23 37431 1.08096456538408
15 7 26 8 43366 1.0636488530201307
5 27 14 19 41874 1.0239394264316544
5 4 29 15 87093 1.0533964168419212
3 8 14 4 32494 1.0687229060799894
10 26 14 6 66802 0.9841440465309261
21 26 17 4 66421 1.0617105314301862
13 13 11 23 32874 0.9486780805445659
1 11 27 13 100424 0.9115518722818512
12 28 27 14 60723 1.0209238640280218
11 15 2 2 52597 0.9111388401708936
15 26 29 9 59503 0.944281417167482
1 7 27 18 92880 0.9033211542588458
0 22 28 18 74128 1.0645691695751338
6 19 27 2 87606 1.0343104507889547
13 2 7 15 55233 1.0412443069538293
13 17 25 17 44629 0.9224774242830819
24 12 26 25 28501 1.0203683157862007
1 15 22 29 57937 0.9855839322643598
1 13 7 7 43659 0.9510850755073788
24 14 7 28 65300 0.9567628769631203
23 11 28 0 38000 0.9934590483383993
10 29 24 2 75003 1.089332896658457
21 12 6 22 57729 1.0936894565268378
3 0 24 5 39987 1.0459252123397285
28 12 13 19 68365 1.0613630578037818
28 7 2 7 76776 0.9699521824849445
1 14 16 18 48057 1.0827214971652417
13 26 3 20 25132 1.0551990363224992
2 28 8 18 45018 0.961161492877807
12 24 20 9 53784 0.9739312132431548
15 16 25 0 55733 1.0972000204811287
19 21 3 28 36518 0.9703005777667013
4 3 21 17 73784 0.9377170782984958
21 19 23 1 46254 0.9716222261633511
29 0 28 19 70246 0.9101255721890094
15 17 23 10 44600 1.019052081909933
23 22 5 22 42220 1.059867421765338
4 25 28 14 67027 1.0733934827321223
5 19 20 15 59156 0.9456549933933529
25 20 26 4 44886 1.0504733172027463
16 24 15 0 59542 1.047596420554132
25 17 14 19 38674 0.9797960716489614
18 23 3 1 66173 1.0038916059556378
6 9 7 24 43692 1.005238432577549
5 2 10 27 60611 1.069680081912918
24 12 2 25 55335 0.9432806250775566
8 8 27 7 66747 1.014165055449175
15 18 29 24 45036 0.918179632753531
13 0 9 10 36970 0.9762222510816673
8 9 16 21 48342 1.0911819269137282
6 19 16 28 42064 0.9371340685015379
22 1 8 12 62317 1.051746204395513
10 24 15 3 64256 1.095348190999507
13 7 19 16 42525 1.099452307467686
22 25 5 28 36771 1.04690258875811
22 3 9 13 61119 0.9913549743157927
6 29 17 6 79464 0.9249373413668013
22 4 3 11 51008 1.0145706729070687
12 21 12 11 28852 1.0292891222358307
11 10 26 21 55013 1.0726689494385813
7 17 18 8 68182 1.0887619823498973
18 13 17 22 37951 0.977910595021307
14 27 6 2 68716 0.9984124540773693
26 13 27 3 40297 1.0909649530033632
24 28 25 9 39885 0.9580364860894348
9 27 18 10 68312 0.938795358952389
11 2 27 13 66402 0.9548991386050092
19 2 17 23 65846 1.0725110098258643
1 6 25 17 84787 1.0233334652939012
10 2 8 19 64698 1.0994542975512342
13 7 9 21 47098 1.032930677325579
15 25 21 7 53023 0.9765717071778891
7 12 28 0 84463 1.0012526607931294
22 22 4 26 33666 0.96964361608481
23 14 12 18 44579 1.0752969795951515
12 0 28 19 76944 0.9947839582232155
17 22 8 15 40140 0.9042879376796193
25 29 8 2 86968 1.0475164525768441
13 16 3 17 38057 0.9156066980144194
17 2 29 9 41995 1.0556388605074034
7 8 27 8 67343 0.933584294088853
6 3 16 15 47926 1.0593494114385091
15 11 22 23 46207 0.9870431962571514
9 25 17 3 65098 1.064245057542234
1 7 22 29 73397 0.9292508927446638
5 16 23 6 76828 0.944154764758927
14 14 12 24 35751 0.914471414894547
26 29 14 27 31505 0.9233605904616079
9 4 20 24 79770 1.0876471869788755
15 8 5 29 68994 0.9397376500555876
19 27 4 2 74888 1.0170250749568646
29 28 2 17 72226 1.0659224376678667
8 15 12 21 28204 1.033752677385141
14 10 27 3 46908 0.9684686060119989
22 26 8 20 38912 0.9157259030213473
10 11 29 21 62430 0.9467036372924578
7 0 27 0 46146 0.9858202875798191
24 14 6 23 54243 0.9645580573020344
14 4 11 23 60910 1.0379197387931138
24 3 3 21 66102 0.9754822308964755
24 26 17 1 58673 0.9997224607249245
13 27 28 12 72745 1.0907015660964163
19 3 1 1 33241 1.0168532464193087
25 16 5 19 57231 0.9433331619264624
22 14 21 3 26472 1.0950954542195348
6 7 10 28 62780 1.0381340459621813
20 6 2 7 64423 1.0990716019743212
2 4 22 5 45454 0.9653170312196665
2 11 11 18 44297 0.9102791551815574
21 26 24 15 31612 1.0926028325663202
4 20 21 29 47518 0.9249638575834127
8 2 21 5 42732 0.9546471493870552
8 1 9 22 52600 0.9148693438064607
24 26 9 16 49688 1.0064906290727382
9 17 17 8 50130 1.050111616731371
9 19 21 7 65162 0.9670341034697889
11 25 1 0 59786 1.0673689012537166
1 17 21 25 50674 0.9229892713207594
3 15 1 1 24525 1.014041568592241
13 14 2 24 45857 0.9859461864995864
26 14 27 29 45057 0.9101828468318851
27 19 22 1 53652 0.9172010045489057
10 2 16 21 58241 1.0746951028104006
16 18 5 20 32914 1.0886214285262796
20 4 1 26 86425 1.0158477047723342
12 25 4 23 16021 1.0345751663686062
19 27 27 16 49879 0.9023194496875018
3 2 10 22 44551 0.9669580311574311
3 15 13 18 34650 1.0513028666942106
1 15 27 10 86066 0.9416557672692083
9 20 10 10 39899 1.059489686076746
2 2 21 17 76672 1.0347133896516025
20 18 13 9 52732 0.9803567378130575
14 2 26 8 45957 1.0633267946851053
3 3 14 21 46262 0.9698667560406218
2 10 3 22 27139 1.050931949527419
4 25 17 3 63644 0.9783373829156453
2 14 5 7 25461 0.9344937665374329
27 9 16 26 51237 1.0942035070601068
20 0 25 17 48213 0.9240450584212501
4 21 6 2 40272 0.9872440088742489
16 15 21 21 22950 0.9068768135470898
6 8 6 19 44376 1.0447603922537028
22 28 5 7 70111 0.9244171129221804
5 17 12 2 52520 0.959577866083961
25 10 16 6 33313 1.0126046194614255
11 2 24 19 55992 0.947137199289662
14 18 20 26 35307 1.0489092770690682
8 2 26 11 62291 1.048930101716894
23 1 27 14 38907 1.0586632936821467
6 20 22 29 46842 0.9956531284108368
12 9 15 18 37288 1.0695294893788378
4 25 25 5 72518 1.0080360248975226
11 5 9 21 46571 0.9818233667286943
7 8 23 27 78089 1.0303260143389807
8 11 25 17 74224 0.9270192455641291
26 10 16 24 57383 0.9101319804767868
25 21 6 24 39271 0.9980254864438165
14 12 11 0 44048 0.9583272413797628
18 11 16 3 31732 0.9875582992287105
13 14 25 20 44031 0.9594121748518616
23 26 16 4 61686 1.0291268265530484
4 15 8 24 33377 1.0154067486836813
10 2 8 10 36768 0.9037880934822624
2 8 16 28 60278 0.9199354043250377
18 6 8 10 47136 1.0897961732588484
8 0 22 17 63415 0.9520444354746844
19 0 5 18 69744 0.9516427085512102
9 25 20 25 15389 1.0471317431248603
9 23 19 28 39419 0.9180431152733154
28 3 5 0 48783 1.0016330668944728
14 5 5 28 77842 1.0353536948148574
13 15 24 12 47218 0.9136888125712725
4 23 28 17 71517 0.9602607293692222
18 4 12 11 34624 1.0510781284829234
2 8 23 7 65877 1.025683790311351
29 1 5 17 74885 1.0514833673368489
11 3 5 9 28816 0.934509067767716
11 8 28 18 78923 1.0360382634828849
29 3 18 10 43226 1.028155748454373
19 13 8 16 55908 1.0410630123366988
17 23 22 16 27105 0.9775218166638071
13 20 12 0 59365 1.0576226899862176
23 2 13 9 40808 0.9614076496315279
26 26 23 12 43382 1.057383067907751
18 15 25 5 47269 1.0032664623237724
29 24 2 25 43154 1.0918879476894698
20 13 29 22 47731 0.9257551772749967
15 2 9 26 72387 0.9506149475143394
18 3 1 24 68821 1.0098809205472077
28 16 23 1 46156 0.966762789322346
7 12 28 12 95096 1.0942920875468158
14 22 6 17 36531 1.0950806119384882
29 7 16 20 63189 0.9479132800697909
12 16 22 29 46171 1.082593151911041
11 19 29 3 72343 0.9903826652659511
13 3 28 17 72434 1.0609017199737676
6 14 9 5 48670 1.0057734015677273
16 26 10 4 69454 1.0872295120490547
8 11 11 27 62107 0.9241372884070845
15 28 6 7 71978 1.0994962459601254
12 1 17 8 28293 1.0490938285242755
14 29 18 15 44235 0.9288980559537862
0 1 12 5 29516 1.0199134974683235
13 25 10 11 46024 0.9292986300868554
1 19 7 7 48959 1.0110974675420712
27 11 0 7 94878 0.91460958881323
22 13 8 14 61353 0.9834019674597165
18 2 9 1 19431 0.937892529494785
15 12 5 20 54196 0.9125695198881506
29 11 1 6 91332 0.9649758666881778
0 25 25 23 40366 1.0996394019654703
23 16 3 28 53297 1.0163613263585776
23 11 10 8 43266 1.0710516992941284
10 23 14 15 33198 1.0842811038699864
12 20 19 3 59179 0.9959326520292803
9 14 1 26 54259 0.9184173684575972
15 16 27 28 55520 1.0609712555005437
4 0 7 27 61278 0.9532897620807392
9 17 26 24 53150 0.9114074211868157
3 13 26 19 60983 1.0645337421869903
6 9 20 21 54166 1.0866562844220522
27 22 9 12 70344 1.0805872385006097
11 11 5 25 45579 0.9312727999916852
29 5 15 7 55322 0.9455890881184674
15 27 25 23 27349 1.0096446940358998
23 17 12 15 47462 0.9394030345045916
16 28 5 7 63111 1.0891849826611588
9 22 21 12 51513 1.0038905481946363
8 23 8 9 53605 0.9102824709293095
18 2 15 21 55365 1.0780446334897784
9 5 21 25 76807 0.9116694760881427
23 5 6 15 76009 0.9358232635520118
11 11 23 4 47963 1.0107281270476627
19 8 0 5 70532 0.9107704119484312
15 29 11 3 72646 0.9776947825262373
1 3 10 4 20438 1.0080168297919339
14 3 13 18 45648 0.9726492953203958
25 21 23 13 24153 1.0221312729222434
29 13 12 28 75229 1.0617499950172384
11 3 18 20 62153 1.03186341962174
8 14 5 3 44477 1.0234742824320806
24 16 11 29 46330 0.9278363625066003
29 14 4 3 81272 1.074155732995722
2 22 27 14 69240 0.9295561668364946
14 18 27 8 67147 0.9179552152146039
18 16 11 12 37239 0.9832527206532335
7 8 16 26 64773 1.0406541557215667
11 1 16 23 59548 1.0157945880994625
26 5 8 27 84811 1.0039447672647743
15 26 20 13 51329 0.9002357662293138
16 11 7 5 50091 0.9983345984921205
24 17 29 3 37665 0.9481740345928313
8 16 29 14 82821 1.0425280057324398
21 0 13 22 69036 0.9073934605324949
26 8 3 14 74007 1.0154501566738219
7 4 9 26 59381 1.0857046067699072
18 6 6 9 44566 1.0574847139374257
16 11 6 22 45427 0.9658123907921737
21 29 11 27 25956 1.0578363837248952
28 8 22 23 48874 0.9644049994924845
21 29 14 15 49800 1.0368145060309997
23 26 6 23 35878 0.9691009149489234
20 28 9 11 79143 0.9633490514225566
10 1 7 29 61350 0.9494809482304347
8 24 24 15 47753 1.0338299916283031
8 19 14 14 40129 0.9643719327930957
27 27 1 24 53594 0.9499554290223874
11 11 7 26 51802 1.0393717346425249
10 1 22 17 53344 1.0305920099515804
13 25 9 15 37003 1.0917183881136208
20 19 1 5 77050 0.9561684038520495
2 24 21 5 80029 0.9212600587659312
0 29 26 26 50934 1.0784902823210811
11 24 9 1 60625 1.0914229694942534
22 21 7 25 29570 1.097735339161716
7 25 1 18 31470 1.0572964357743775
19 19 23 25 29535 0.9258023124095758
10 24 11 2 62602 1.079370050011213
5 8 1 23 43849 0.9070792473126039
21 27 21 14 37452 1.0560551981294881
29 18 16 9 64830 0.9856395880213856
22 21 20 29 22835 1.0680968388695313
10 2 24 12 44742 1.0446244161930862
20 7 29 15 50140 0.9438494773836965
0 25 20 2 73382 1.0070833596408717
4 16 1 23 24191 0.9959468535360985
12 26 20 14 48987 0.9427949090820418
26 20 26 7 49076 0.9395972644268099
24 22 16 11 39284 0.9188464560304279
9 23 27 22 46164 0.9652810671894729
20 24 17 6 60910 0.9370498151944072
14 9 26 29 64829 0.915625911902934
21 9 6 19 64727 0.9709696053151323
12 4 23 18 64270 0.9553312177489389
19 15 20 1 46101 0.9542897644069067
1 20 16 26 39151 0.9243282154657487
5 4 14 7 38595 0.9574238536293826
17 17 9 12 48811 0.9173554619267696
22 3 28 22 53331 1.0014681877318554
2 8 22 15 70859 0.9999678844242098
12 25 21 13 46809 0.9439523948929003
14 23 6 3 59255 0.9514369397490262
4 15 28 8 82406 0.9051346325652311
16 1 15 14 35465 1.0104411817376504
24 8 5 23 67179 1.0250857936683315
29 14 0 24 82263 1.0365993331338328
11 20 17 2 59478 0.9147072904086528
0 25 22 8 66494 1.05849363074404
21 4 21 15 31621 0.9255416221992323
20 16 8 12 63066 1.0367162529996048
6 16 27 24 65196 0.9791209019356732
6 9 0 18 42019 1.0608775210210222
5 3 7 25 43855 0.9606176259279029
12 14 6 23 40420 1.0243241707143829
9 19 4 4 48613 1.0399047500426861
26 2 0 11 72648 0.983831711880491
27 25 10 5 81024 1.089600554347217
21 0 25 21 50738 1.0151768366478497
23 5 5 24 76908 0.9972589423745076
10 22 24 3 60895 1.075818147139023
29 0 6 3 47533 0.9002622870016904
2 28 6 17 39039 1.023371928901612
17 28 23 14 45983 1.0828220307918885
5 10 16 26 58404 0.9644794209400226
22 28 23 6 53066 1.0524050536125311
20 6 20 29 66928 0.9637101158432508
13 29 17 9 54746 1.0198875023445013
3 15 28 16 70314 0.9122779528482804
25 0 0 24 81279 0.9358095988022758
26 27 3 29 46605 1.0130529515060804
20 29 24 15 36528 1.0146127572148602
10 20 25 1 66179 1.0319424183106256
19 27 14 19 37144 0.9925315325807355
1 20 15 21 31652 0.9414329146677719
1 12 9 21 37723 0.9720833139526358
21 0 9 27 85808 0.9722455674590011
3 26 22 0 70347 1.011725594904864
25 21 10 29 40221 0.9351621644167215
19 20 13 5 59812 0.9885128161367146
2 22 12 0 55370 1.021838063812874
22 29 7 12 81044 0.9821282473722237
5 11 22 8 59710 1.0059456607915565
1 3 16 18 59984 1.0402017155655299
8 5 25 18 81534 0.9666944272176928
8 4 0 8 38885 1.0086008472390953
11 26 25 20 33139 0.9747621795689413
14 27 5 10 61524 0.9997841835804956
28 16 9 23 59035 1.019740177168121
5 25 16 11 48874 0.9144716983204484
24 9 13 12 35858 1.0876750369142056
1 21 29 22 53264 0.9820947088008952
10 7 19 13 54335 0.9920674411052955
6 0 0 10 35722 1.0960848903897438
25 6 1 0 56990 1.0563465405934453
29 29 25 8 55969 1.0790542811403423
7 11 5 2 44648 1.0830539549389289
27 27 5 3 84690 0.9758290248029102
9 25 1 29 17374 0.9084660409711237
12 3 19 13 54458 0.9642133838776991
2 27 8 5 65548 0.917546926205141
24 14 7 22 50912 1.0326945457556742
29 22 12 26 41933 1.068566203242241
16 18 0 11 66094 0.9741772773690273
25 20 14 24 30048 1.0172374812971472
29 10 2 19 85838 0.9196008608672165
22 0 0 28 86006 0.9841968022944019
21 11 14 23 49988 1.005747282866836
26 6 9 6 61134 1.009163596675158
3 25 24 19 40637 0.9145452507602219
9 7 18 28 79468 1.0346939800224428
20 29 25 20 29392 0.9698830421763767
6 24 11 29 22323 0.9233547365826397
24 2 18 11 40403 1.0251340576341346
4 15 23 12 68795 1.075913517429964
17 22 3 28 34668 0.9064804285991491
4 24 26 22 46383 1.0438416107734039
23 3 21 28 59485 0.9734529258708722
5 9 22 3 50151 1.011563091148463
1 29 15 17 50564 1.0956432374323688
11 0 2 12 39233 1.0416542137063693
3 29 20 29 33344 1.0866320887574343
20 6 25 23 53963 0.9065500114365047
29 18 14 19 50755 0.9166182893387987
7 14 20 18 68618 1.0045314208722744
20 8 0 16 72477 1.0756983790930936
3 23 11 3 46664 0.9012281123040509
16 1 16 14 30487 0.9463939791705581
29 3 17 18 68974 0.9742410928967942
20 26 23 5 56387 0.9007304357903295
27 26 7 6 94570 0.9635172488106984
2 14 21 17 62469 0.9996067276858096
9 25 26 19 42425 0.9053586382174595
24 8 0 27 76264 0.9784635459471557
6 24 22 12 54795 0.9510709145599399
1 18 16 4 65605 1.0645430998625414
2 1 29 25 75038 1.0729077881408617
14 14 25 9 44059 0.9107953208930065
7 15 28 7 88741 1.013087138361088
10 23 3 29 21583 1.0794057405335182
5 4 15 15 60101 0.9710361452500093
2 27 6 13 44202 1.0636705878270551
26 12 3 27 70428 0.9422321654971462
23 26 1 10 70065 0.9064892055102028
9 25 16 8 51193 1.0482368414375773
17 7 1 14 59736 0.9105307459047604
29 0 10 9 57139 0.9411965066346939
27 7 27 18 57528 0.9844562411444452
0 27 29 15 83122 1.0075974078734853
28 21 6 9 68314 1.097420020345126
0 24 29 28 61901 1.011753171806485
23 2 19 28 72716 0.926862182781125
11 15 20 26 44175 0.9768453526307302
9 19 16 3 62712 0.968204881849299
22 0 28 21 50671 1.0838563008653987
29 26 15 16 48158 1.094503493643437
4 3 12 19 50924 0.9253455459319508
4 4 2 14 24175 0.9594170634417347
9 2 8 27 70850 0.9466333542302595
29 24 9 10 82930 1.076904952358937
28 3 6 25 75694 0.9753434855532772
23 3 29 8 31941 0.9047170133009453
29 18 27 6 68856 1.0971094809586834
17 13 21 3 42549 0.9276365911756019
19 23 28 12 65461 0.9692261003654338
0 1 4 28 50694 0.9682546661298512
0 13 4 1 41486 1.0832602136464102
5 7 26 24 74183 0.9418547129563414
18 1 22 20 47646 0.9619337823759215
29 10 14 12 56096 1.0766215590489105
13 20 16 1 55241 0.9300507161388364
24 14 27 1 28924 1.013786237872542
23 1 17 11 40178 0.9783719728072121
9 20 1 11 44994 0.9914263714605311
8 16 23 13 66081 1.0314380011522322
24 26 3 26 31118 0.9519628393013677
8 2 25 15 60852 1.0841968998060063
6 14 24 27 63895 1.0771154062521036
17 15 1 17 59015 0.9480404638327768
20 16 3 8 66540 1.0240806081872311
10 6 23 18 67362 0.9445137920651633
10 4 26 28 91446 0.9751851890927205
14 18 11 4 49342 0.9851535963110406
4 9 18 16 54764 0.9112383024678025
4 18 29 0 76856 1.0428793404674985
13 5 26 26 78807 0.9168641478153264
4 23 6 7 43442 1.0642503495148419
23 21 0 6 75547 1.0413195243630087
27 5 21 19 57645 0.9300615339268796
20 7 14 2 37505 0.9213861814181927
2 18 22 27 48555 1.0100266743759105
24 2 11 18 65965 1.0196520240099354
18 7 2 7 55405 1.0651617959481108
13 4 20 11 44652 1.0110773975821683
5 25 0 15 30359 1.0185096319803029
21 15 8 8 60341 1.0142935560632018
5 13 22 8 64022 0.9899029593765462
18 28 22 21 31625 1.0943616641998102
22 4 12 6 32784 1.0735223011087318
22 15 7 12 71902 1.036058584776204
1 26 15 11 70241 0.9989042660126843
2 15 23 0 59646 1.0752908679351922
17 19 8 23 32772 0.9361773907939739
16 25 9 20 24943 0.9971260224529295
28 29 9 27 44928 0.921052220333311
9 15 27 15 68702 1.0811847942409922
24 8 11 22 49607 0.9417441308913026
12 15 3 27 41488 1.0497314531936794
28 2 15 1 25568 1.0497967576038894
6 18 12 24 33074 0.9686158515721577
6 3 26 29 80779 0.9927100899217541
5 3 13 7 26774 1.0015521836716386
14 4 24 29 74594 1.0258219698504107
24 29 21 1 58700 0.9054740226039
24 27 21 7 48956 1.0976079004382766
12 14 28 25 51667 0.9299853562363533
27 8 8 26 75822 1.0761885837188248
13 14 4 7 41740 1.0430328717831132
27 0 14 16 67591 1.0981566784074759
24 12 3 7 61328 1.020154199825342
14 21 4 26 27401 0.9477990339823898
13 18 2 7 52497 0.981672126710145
29 10 18 25 57599 0.920800479346387
23 22 0 20 48109 0.9983057314910989
28 1 18 13 60436 1.0426574014389087
11 5 8 27 70198 0.9651908521946218
21 19 12 27 38712 0.958744025709536
12 4 24 6 35019 1.064377926137194
18 15 9 22 37578 1.0070087425347265
20 10 17 20 49394 0.9931480883631902
2 6 6 13 36868 1.0918736498161572
22 1 23 18 42044 0.961466165379254
9 1 0 23 56830 1.0359442680909452
15 5 5 27 76232 1.005783150596544
26 2 20 8 37541 0.9809542794407572
12 24 28 11 75208 0.9628157388162724
25 2 5 18 75221 0.9050060907820953
16 29 13 18 31402 1.0641434697361838
23 7 10 14 55448 1.0894843158520555
17 26 12 9 53434 1.0446394266035446
14 18 5 14 48757 0.9579880163600835
21 23 7 26 37860 1.0741940708529203
8 17 29 5 102962 1.0967367650971784
9 22 9 9 45100 0.9659947993527966
27 24 9 18 52004 0.9992837722130541
24 11 25 20 24472 1.097448204520338
16 6 13 28 58590 1.043502240263722
4 13 29 28 77215 1.0199760896566774
2 12 26 29 67989 0.9037273633071757
11 13 12 27 39691 0.9956005464301537
1 16 26 19 64865 0.9413293074565642
21 20 1 20 49201 1.053302007412776
23 1 6 13 68510 1.0235979054576758
8 11 11 0 45325 1.0071069696460468
16 18 10 11 42784 1.0648554981466953
20 28 24 16 37613 0.9965330103663972
26 29 2 12 67989 0.9288816247603395
0 9 28 9 71518 1.0925216913990834
29 23 0 21 60147 0.9336860180397472
13 5 12 17 37567 0.931287366562921
16 13 12 1 33757 0.9341780391270615
5 10 4 28 46886 0.9693392752162522
1 3 20 17 81595 1.0905586597188661
12 12 24 5 46891 1.0087734184140629
4 19 15 5 60761 1.0481284294578175
9 16 19 11 61466 0.9895589534027559
0 3 19 19 72757 0.9801295669043698
5 5 28 18 100285 1.0122400219960912
1 15 18 11 67662 1.0763139357558211
11 9 27 11 56789 0.9444284897342745
17 28 5 10 67916 1.0110032335530819
4 22 26 0 77109 1.0597933202188858
2 21 19 29 41324 1.090420763277977
16 2 13 29 68583 0.947175448753553
6 28 0 8 55552 1.0656023910365986
7 16 12 1 53129 1.0527934772397287
28 6 25 15 45494 0.9780854761212854
27 29 14 6 77985 1.0728180227227242
20 8 18 16 40711 0.9886196387597888
9 6 19 19 70000 0.9240788782647227
8 28 12 15 50497 0.9488420009294232
7 8 20 10 48044 0.947474216328108
20 27 4 22 42316 1.0562792645988353
1 12 9 9 33440 1.096023776320384
7 1 11 20 52856 0.9168711212779516
2 23 12 20 25798 0.9291948385492613
23 12 10 23 51462 0.9693330646271424
17 9 7 22 54338 1.006931551945641
17 5 26 26 75066 1.0684465061717314
13 7 11 28 62745 1.0517964406991307
9 18 2 10 48203 0.9185078626344793
6 9 20 1 45053 0.9802914582144553
9 19 19 15 45756 0.9700151163593381
11 9 29 17 71889 1.043710558649488
14 6 28 6 63394 0.9010384844661208
2 28 29 13 86803 1.018439383473234
13 13 12 27 42363 0.9999950787616385
12 28 21 0 82199 0.9388416868949145
9 26 18 27 28648 0.9856422256864554
3 7 1 29 38608 1.034605325612648
9 19 26 8 70093 1.0555913624873465
16 19 2 2 59840 0.9179559724100311
28 21 4 14 56318 1.0068958923040514
6 18 28 13 83181 0.9629940681948744
7 18 27 25 61522 1.0341675034050477
24 2 8 2 32221 0.9654982336632026
25 13 26 27 43129 0.9184394791935486
19 4 18 27 72933 0.9802567726838507
24 13 29 20 30758 1.0418795052265704
16 29 3 21 33652 1.01835006664159
22 21 5 14 50792 1.0832396706376064
1 6 11 26 55925 1.0267248616943725
15 5 24 2 27997 1.0010865094828254
15 27 7 17 57862 1.0147040141465655
21 9 29 23 50886 1.0319800866832876
14 11 7 20 55935 1.0128266832960664
9 3 19 26 74865 0.9095373633286803
14 18 20 28 46876 0.9648931163885115
4 6 11 27 51681 0.923354991055458
29 22 22 10 41956 0.9931871980409135
5 26 21 17 55597 0.9591552260489266
21 16 13 3 51996 1.0898771738815454
1 11 23 7 75192 1.0514439492068413
6 7 21 24 74482 0.9265549013702822
14 4 28 12 69410 0.9957266514784117
21 11 28 1 38041 1.0186962588083817
7 16 27 29 69920 0.9354287767048997
0 20 15 15 50627 1.0654793970857954
1 23 11 22 28153 1.0150914000630873
23 21 9 23 31215 0.9499054107103866
15 3 9 20 60734 0.9769190506621145
13 22 18 17 29876 1.0812796857879148
14 5 22 2 27826 1.096465005958977
22 3 6 6 47667 1.0282275061089667
17 2 7 28 83263 1.0130200995854157
17 26 9 20 29886 1.0435556524788774
24 20 22 10 27944 1.0125578445990435
1 13 19 16 72311 1.0571849863044742
11 21 7 29 29841 1.054469837449887
14 12 29 17 76699 1.018858899242831
6 28 21 2 88441 1.0637891382458753
26 4 9 9 54418 0.9015874599730975
0 21 20 6 80989 0.9580919252361473
1 10 27 2 69527 0.9026836574841591
6 19 1 24 25653 0.9799132507669399
28 2 9 15 77994 0.9263418521417417
15 8 5 28 73665 0.9158632017400016
18 9 6 13 51257 1.025209137448979
0 7 11 9 38300 0.9648218951188519
27 18 13 7 72433 0.9893065696893475
19 4 5 27 83284 0.905759728598612
5 3 0 26 47939 0.9003001543735267
22 5 21 23 43282 0.9766718086918886
13 29 16 16 35707 0.9755558726604057
1 11 19 29 70301 0.9695195409820688
21 4 5 4 46399 0.987590372270653
10 16 19 0 63866 0.9376325535977574
20 19 4 26 47841 1.029476989235517
26 4 20 15 42406 1.0852303538383887
0 21 12 19 26260 1.0582938977668352
2 15 2 1 27469 0.9312922794835613
25 13 29 24 42096 1.0400934206593135
23 11 17 23 45259 1.054614495340211
17 5 22 22 56351 1.0484828268792967
25 3 24 14 22811 1.0419227605361243
9 6 6 28 68020 0.9262926750792567
25 19 4 8 67046 0.9803493585064413
16 25 21 4 56674 1.0766886400356541
4 24 12 19 26432 1.0537874290568237
22 5 10 7 43492 0.9613845123188358
14 2 22 16 49306 0.9752020671315651
5 13 15 7 52252 1.0203009244325685
22 6 4 10 54229 1.0427195616861744
10 12 5 17 40900 1.0711779371940953
1 27 29 27 58966 1.0089345625681228
6 27 9 1 61172 1.095028286871693
10 26 9 2 63261 1.051083251666597
18 12 28 19 69975 0.9360401465551859
12 1 28 3 29645 1.0835714804747927
1 6 2 19 38027 1.0251753537875548
26 7 0 24 83397 0.9885180438916734
10 14 27 21 49508 0.9566211426815734
16 8 28 29 66687 1.0587117067033989
10 19 29 2 80641 0.9424825620098272
1 16 9 29 40040 1.0211175395344394
9 19 16 1 66884 1.0117875984295281
11 12 21 5 50843 1.0526397492221968
22 9 7 25 55539 1.0931748420329084
1 4 27 28 88707 0.9381883600233663
0 7 24 2 57264 0.9993701382451365
7 17 22 27 61710 1.0187570337159324
14 15 25 8 47760 0.9116032882383907
15 17 13 8 34107 0.9715389710901905
6 21 29 28 59916 0.9678066555484715
11 22 29 21 33257 0.9842116404135239
15 27 25 15 43481 0.9640414177209407
15 3 4 28 66603 0.9794466863801052
7 27 13 11 63929 0.9118460765017852
12 17 22 3 60958 0.9670000952515112
6 11 16 24 64526 0.9968992288878843
2 17 17 29 48293 0.9894532697709519
2 4 8 16 41360 1.0878993069601215
27 29 9 13 72411 1.0144785055731296
20 5 11 26 72775 1.0689542722635335
23 26 26 2 57700 1.0100935986431652
0 10 23 15 78788 0.9976691252575859
18 25 23 6 50993 1.0825399309106936
24 5 12 10 41095 1.0380946633978223
17 14 0 2 64329 1.0409253407222068
18 7 11 29 71019 1.0232668142639625
5 23 16 18 35252 0.9669430361766419
5 6 24 10 65906 1.095127148806146
17 7 26 1 33375 0.9269698658896232
18 3 7 16 65867 0.9786269187948088
22 26 17 20 23681 1.0994103486161044
14 20 20 3 59149 0.9484896455169707
9 0 11 25 61749 1.0090145389880676
3 22 24 25 33521 1.0239885979393344
4 21 15 1 51337 1.0162688100013069
1 17 11 21 32640 0.9494175415834822
5 12 20 0 59823 1.0315309096836343
2 10 21 5 65777 0.9786097617205893
5 21 14 11 49716 1.017159437427181
9 6 21 13 61381 0.9559015921119692
19 9 28 29 59545 0.9993587338563441
0 8 20 23 72940 0.9821115411114744
12 5 2 5 31646 0.9540604814096194
15 7 23 15 42354 0.9455172306231369
25 2 5 6 53492 1.0520016110383783
1 1 22 13 58328 0.9439943561833939
1 15 28 14 83345 1.071383225807765
21 18 16 2 55245 1.0693478197374087
8 14 18 26 57669 1.0213035419221346
2 1 15 13 56490 1.0864797515792772
19 18 3 10 62657 1.0114859245028718
21 25 20 6 54647 1.053559384698059
4 10 1 29 39982 0.9745557311439875
21 24 29 14 49662 1.0276521817442223
19 2 6 17 70780 0.9825822392113011
9 5 1 10 42428 1.0254433517584742
28 14 1 24 75844 0.9994596514560578
2 28 13 25 22243 0.9883466732859861
21 3 1 0 46268 0.9873791817705716
28 26 4 26 42428 1.0754076418727556
0 28 26 10 90171 1.099036127289313
15 5 22 26 62486 0.9647864657285369
22 7 18 26 50154 1.08061386805629
13 11 3 18 44448 0.9794770398745692
17 23 25 28 27134 0.9735512031478138
17 15 4 1 54545 1.043384625811872
27 23 16 11 53540 1.0038209294903895
15 19 8 4 65613 1.0490945363015578
17 25 24 14 30865 0.9360987851016216
28 14 11 23 58983 0.9132191505679741
1 9 20 28 72406 0.9614297107934615
28 1 4 1 35463 1.0543599586454313
26 9 17 5 38081 1.0436699698546534
25 4 3 10 53984 1.0608914735183135
4 17 26 24 53348 1.041333642164917
17 3 28 2 30404 1.0322275906986984
17 7 19 25 51550 0.9096151135088194
0 9 23 9 58372 1.0752328396988609
11 17 0 4 59662 1.0747228460437852
28 0 22 8 31627 1.0107011571297626
21 13 17 29 50886 1.0769389528313171
16 27 7 25 17490 1.0592373486217117
27 16 14 4 63130 0.9001955437022439
17 0 16 18 45949 1.0405639868226564
19 13 21 4 45083 1.0811043610788247
7 24 3 14 28207 0.9525518996527521
8 29 22 27 33489 1.0524881635865353
2 23 8 5 59188 1.0344701245160193
28 2 9 22 79020 1.0136830302420634
7 22 0 1 49568 0.9172581068605712
21 14 4 8 63934 0.9122545849850295
16 17 5 6 63383 1.0498844612938194
16 17 7 20 33260 0.970226833377247
17 27 2 19 43391 1.0885756855372872
9 25 10 2 59586 1.0161932673487903
7 4 17 0 32753 0.9819820816863305
26 15 1 14 75161 1.0573291710130652
15 25 22 12 37070 0.9947665260480352
18 3 16 17 38041 1.039758669064223
5 23 17 22 34067 1.0836576042041461
6 12 19 24 68978 0.9068741492852779
14 21 22 8 41351 0.922512875542335
25 11 11 15 58815 0.9990238014197693
1 3 29 23 86770 1.0965687171288483
12 13 10 29 48218 0.9795902618873384
17 15 9 25 38280 0.9205427453443219
0 0 5 26 58685 1.0164942953359541
11 4 9 28 73023 1.035642415337307
24 15 15 17 40355 0.972739335561999
3 14 17 1 41199 1.0988461411663584
3 1 25 10 52431 0.9592913321345562
12 19 21 6 61015 1.0327097061119974
1 14 15 16 57098 0.9691074715155179
6 6 14 11 43586 0.9398396965248659
23 22 17 7 51600 0.903662062136552
23 23 13 17 35911 0.9222792373578418
18 28 27 12 70968 0.9590733582546572
18 20 24 27 28057 0.9424357733384173
19 24 8 19 40812 0.9096340440067453
4 9 2 20 27326 0.9524507156158072
6 18 13 28 45278 0.9145382926639261
21 1 10 26 73464 0.988760771466904
13 9 23 28 64187 0.9565747697058524
7 15 21 28 66350 0.9306272523612529
27 23 0 10 83590 1.0037075461919511
22 27 6 17 56724 0.9403242917476993
19 26 12 15 43224 1.0532781198372052
14 0 24 18 51055 1.039624177696794
28 25 8 3 78168 0.9099352319272668
29 2 9 6 54174 1.075128256600497
10 5 22 8 43606 0.9571291641077555
15 22 20 11 51845 1.012896116766569
12 2 21 20 66599 0.9251628173410255
21 18 5 27 57019 0.929896794942561
19 26 14 20 26928 0.9537445712093316
0 15 10 1 44218 1.004064759185684
29 12 9 26 80648 1.0231415136658604
5 25 28 7 80988 0.972765406465663
26 29 26 7 57503 1.0329228161174535
20 17 28 1 55905 1.0330813379921384
24 4 7 20 70566 0.9311407737858287
4 22 10 15 32315 1.0498218017351322
8 18 13 13 37591 1.0093009016543653
23 15 29 19 36505 1.0209258588746584
29 1 11 9 48243 1.0147891951031294
1 21 8 24 24234 1.0413746766324903
11 7 15 24 55575 1.0642048100018584
13 14 27 16 58794 1.065503896404196
26 11 7 14 81518 0.9320348118860411
13 2 22 21 59849 1.0232432180965003
20 17 10 11 59516 1.0234627280870354
29 8 8 18 86097 0.9052735280933135
25 6 12 2 34773 0.9999952728018887
12 12 16 1 37973 0.987616470013146
19 20 25 7 47543 0.9980451707885097
5 19 6 4 44967 1.0469703353928579
25 21 20 14 28703 0.9632114893301976
7 20 12 8 53700 0.9716510144108174
4 20 17 28 40782 1.0779333951404615
2 9 18 21 46199 1.0948207760622914
17 14 4 28 55914 0.9470360279435848
17 6 21 18 50656 1.009376664412758
21 25 1 23 36448 0.9464040070335876
7 2 6 25 54536 0.9930918156500746
25 28 15 28 26994 1.0636518001008508
17 5 27 22 69619 1.0860257336886956
11 25 1 10 50522 1.070176515654283
27 28 13 0 85946 1.043140387064844
14 11 6 6 43586 1.0170869221099772
0 24 23 4 82311 0.9300114828130673
12 18 25 18 40132 0.9355383486878752
27 3 18 20 57398 1.012707662191636
1 16 3 28 27235 1.0194807310300091
15 11 11 25 48440 1.0647653094847422
28 15 1 22 74682 0.985029031128153
5 23 0 18 33425 1.0283355224761532
5 19 21 10 71962 1.0088880395778939
27 25 7 20 47756 0.9513940369348168
0 14 17 18 59069 0.9473307102805113
20 3 23 28 62076 0.9147519583631042
0 16 0 3 38347 0.9485907092262708
4 6 27 29 78199 0.9647249489517149
9 29 17 26 27197 0.9601875627835024
29 16 5 12 91008 1.0591027915881703
19 9 9 18 55801 1.0194927188980851
23 18 15 20 28433 1.043940761103738
8 2 3 13 31795 1.0447421139732205
3 22 29 28 57673 0.9692336495889962
24 12 10 22 43564 0.9495051605388551
26 22 14 23 34940 0.9398734362344621
6 3 19 15 59357 1.0014654636091385
3 22 24 12 53910 0.9990402721711519
6 20 13 14 37808 1.0623839864965887
15 8 6 1 38082 0.9810386943997129
18 16 3 11 56588 0.9218550379801252
15 7 26 7 44122 1.0182526173736492
17 4 3 14 48589 1.0433440993712972
22 27 0 24 38982 0.9034352047048317
12 19 24 12 43426 1.087390600744732
26 23 24 1 50705 0.9712101362495917
3 26 2 14 23838 0.9468606474120684
17 29 14 16 39562 0.912415207651419
18 23 11 1 68393 0.9312256439129368
15 15 26 23 43941 1.0437593600888755
13 0 2 5 29985 1.0790896266863548
14 0 28 3 30577 1.0708402390613232
13 17 27 6 74066 1.0640582366777032
27 23 26 1 57332 1.0214211013874934
29 23 3 22 53037 0.9792700161577427
18 4 12 15 45917 0.9408135767269519
4 20 20 25 34148 0.9922861467775745
8 12 23 15 69095 0.9992707397825078
28 17 28 29 57854 1.0967214288370817
1 6 7 26 56464 0.9813614837808715
7 14 21 8 65471 1.0077298553701053
7 3 6 13 42755 0.9434418697298599
13 27 10 1 68005 1.097797486570251
24 26 20 11 49195 0.9994896661968311
17 9 26 29 60849 1.0158891321186572
0 24 12 22 30391 0.9900570581699892
18 8 16 19 35385 1.0034302004474212
12 15 17 0 51741 1.0499628031489414
20 4 8 28 88066 1.0506329706128343
12 22 22 17 27847 0.92784365296779
16 19 13 28 26816 1.0059061423812716
1 25 19 10 73466 0.9954382186655408
4 4 3 29 42503 1.0563955628551287
27 1 21 22 53509 0.9806603860335937
15 26 0 11 65582 1.0785857596585011
4 2 21 9 49517 1.0262418526994468
3 28 21 4 78945 0.9907395278139577
24 5 18 24 52734 1.0363991792544345
26 14 7 11 78689 1.0097735234150178
23 21 14 16 32161 0.975525485065355
8 12 16 20 52456 0.9778078742898935
19 8 6 21 59841 0.9459029643199784
15 6 10 27 67250 0.9170271661496204
18 17 4 10 62827 1.0285617951288535
15 2 15 28 69622 0.9867647071951601
14 3 3 23 52636 1.0311933770884758
29 5 10 5 59647 0.9870096205643739
0 29 0 5 60512 1.0311688566681096
15 16 27 19 48779 1.0406149575629327
17 25 26 21 20580 0.9549086869766698
4 11 25 10 60939 0.9703032286126461
4 21 19 13 56505 1.096128954024847
23 0 13 5 29450 1.074450969874806
12 6 26 24 73078 0.9164933944690644
11 20 25 24 32914 1.0181526909759617
