3451 3415 3549 3567 3517 3567 3509 3369 1221 1166 1284 1224 1295 1262 1190 1218 1158 1264 1182 1242 1196 1153 1154 1305 1287 1127 1193 1194 1190
4659 4477 4462 4509 4533 4480 4581 4574 4528 4508 4623 4547 4574 4586 4558 1957 2121 2080 1940 2068 1962 2008 1943 2025 1977 2086 2062 2053 1954
4671 4655 4834 4790 4765 4728 4659 4845 4734 4845 4772 4752 4793 4648 4770 4793 4842 4653 4661 4792 4812 4715 4156 4241 4202 4129 4121 4127 4162
2668 2608 2508 2631 2506 2589 2597 2654 2482 2570 6154 6213 6312 6299 6313 6211 6183 6304 6198 6327 6308 6228 6224 6323 6168 6325 6215 6223 6193
5736 5578 5674 5710 5575 5672 5664 5552 5684 5617 5541 5604 5685 5664 5565 5660 5605 5605 5540 5732 5650 5606 5752 5565 5710 5710 5668 2588 2736
2108 2158 2155 2144 2276 2080 2273 2155 2163 7301 7278 7219 7227 7240 7228 7307 7215 7159 7134 7113 7097 7222 7113 7274 7285 7155 7162 7130 7107
4675 4577 4579 4660 4551 4599 4587 4694 4682 4706 4700 4543 4650 1216 1297 1243 1157 1163 1176 1214 1306 1303 1212 1346 1264 1153 1323 1346 1244
6442 6423 6389 6279 6301 6331 6319 6474 6280 6365 1565 1708 1698 1707 1671 1616 1589 1690 1619 1553 1692 1666 1710 1599 1506 1617 1558 1655 1556
5807 5837 5909 5924 5848 5814 5864 5906 5976 5977 5944 6326 6527 6467 6324 6395 6484 6433 6469 6521 6480 6389 6516 6481 6409 6478 6530 6467 6434
1801 1842 2301 2365 2241 2253 2349 2412 2256 2307 2430 2295 2416 2330 2341 2262 2297 2446 2315 2402 2336 2368 2237 2429 2294 2362 2392 2421 2275
6283 6388 6261 6338 6421 6265 6260 6294 6363 6419 6347 6315 6364 6458 6464 6370 6273 6445 6465 6275 6325 6301 6362 6437 6296 3153 3171 3093 3008
8570 8728 8678 8693 8710 8573 8703 8654 8645 8738 8649 8657 8755 8752 8684 8622 8633 8651 8714 4934 5022 4905 4975 4931 4915 4915 5084 5057 4959
6845 6936 6824 6905 6869 6793 6833 6841 6931 6858 6780 6809 6918 6958 6926 6925 6895 6966 6947 6972 6875 6897 6981 6787 6814 6963 6821 8014 8187
8832 8823 8746 8835 8850 8893 8739 8884 8819 8811 8878 8768 8728 8718 8754 8753 8787 8787 8689 8784 8895 8839 1903 2083 1892 1907 1925 2084 1973
2586 2593 2602 2553 2514 2389 2520 2482 2460 2398 2518 2408 3969 3886 3943 3906 3921 4003 3947 3920 3878 4004 3836 3905 3972 3845 4000 3901 3997
3510 3532 3690 3537 3508 3526 3693 3557 3700 3671 3508 3545 3598 3530 3682 3550 8057 8119 8099 8264 8160 8141 8200 8056 8052 8214 8095 8264 8087
2095 2253 2089 2213 2163 6313 6332 6449 6335 6335 6280 6474 6405 6385 6445 6426 6350 6323 6363 6478 6338 6346 6270 6410 6288 6386 6324 6435 6452
7699 7799 7681 7820 7753 7773 7748 7697 2089 2031 2124 2179 2145 2032 2100 2114 2052 2033 2133 2018 2078 2134 2138 2157 2168 2110 2083 2022 2099
5182 5221 5195 5212 5223 5218 5317 5222 5341 5218 5380 5364 5287 5191 5377 5168 7491 7573 7366 7376 7457 7487 7462 7493 7402 7382 7411 7520 7560
7992 8101 8063 8019 3712 3692 3605 3575 3631 3563 3681 3648 3596 3689 3714 3612 3674 3588 3663 3601 3737 3632 3678 3718 3622 3663 3701 3624 3733
1704 1764 1867 1824 1729 1836 1697 1757 1860 6616 6579 6523 6451 6427 6575 6554 6451 6527 6528 6502 6475 6533 6550 6450 6540 6591 6448 6444 6405
8328 8263 8300 8259 8442 8308 8363 8257 8451 8447 8320 8416 8311 8339 8341 8287 8368 8308 8282 8304 8464 8323 8444 7539 7593 7552 7637 7607 7583
1483 1592 1446 1431 1586 1426 1410 1586 1543 1409 1424 1504 1591 1408 1584 1497 1571 1433 5426 5468 5446 5473 5458 5386 5460 5357 5410 5451 5370
4687 4528 4577 4626 4728 4529 4634 4618 2642 2549 2617 2521 2666 2619 2711 2624 2700 2704 2670 2526 2556 2650 2586 2509 2709 2549 2601 2572 2681
1692 1759 1763 1765 1604 1725 1697 1706 1666 1589 1743 1707 1608 1620 1659 1614 1652 1577 1694 7482 7628 7617 7456 7606 7595 7541 7576 7499 7618
1579 1555 1585 1505 1552 1650 1578 1617 1580 1456 1501 1583 1526 1556 1583 1595 1505 1627 1451 1731 1662 1735 1564 1610 1602 1620 1580 1673 1616
4876 4852 4794 4801 4934 4913 4907 4859 4820 4880 4898 4924 4845 4982 4882 4955 6831 6770 6719 6905 6771 6846 6845 6903 6755 6722 6801 6784 6751
8414 8367 8566 8397 8448 8373 8459 4267 4346 4338 4300 4320 4208 4350 4332 4372 4312 4232 4180 4330 4284 4244 4382 4381 4364 4266 4371 4202 4301
7710 7623 7623 7577 7685 7566 7674 7646 7643 7193 7119 7260 7173 7128 7106 7229 7166 7116 7224 7117 7283 7084 7248 7113 7217 7272 7107 7163 7108
6545 6461 6601 6489 6448 6464 6434 6516 6559 6524 6584 6596 6508 6473 6449 6465 6459 4539 4534 4476 4528 4517 4421 4357 4417 4466 4414 4494 4561
5751 6138 7110 4334 5887 8817 6128 5278 6216 3318 3482 5262 2908 2010 7421 8636 3272 7091 2878 5415 1786 5460 7305 5035 4503 2465 3951 6529 6450 2836
5799 6098 7131 4212 5914 8724 6097 5328 6262 3226 3624 5189 2871 1976 7320 8551 3277 7158 2847 5435 1878 5305 7192 4949 4485 2381 3832 6571 6613 2842
5746 6129 7084 4182 5961 8657 6068 5391 6081 3342 5489 5280 3023 2038 7440 1522 3312 7082 2767 5306 1816 5446 7362 4929 4415 2512 3969 6527 6614 2752
5711 6102 7121 4317 5990 8710 5975 5375 6076 3306 5456 5230 3079 2146 7440 1439 3332 7050 2708 5328 1788 5371 7185 4994 4475 3013 3960 6585 6497 2746
5710 6206 7201 4309 5906 8635 6082 5423 6198 3329 5488 5324 2885 2038 7309 1484 3282 7153 2904 5480 1881 5365 7223 5014 4591 3078 3822 6721 6565 2778
5647 6118 7139 4291 5883 8674 6162 5250 6133 3345 5483 5382 3069 1974 7336 1440 3394 7214 2771 5489 1901 5474 7246 4931 4554 3027 3824 6605 6482 2722
5736 6121 7271 4216 5849 8661 6152 5385 6243 3246 5493 5266 2968 1978 7347 1399 3352 7121 2843 5314 1841 5437 7164 5081 4514 3076 3834 6698 6529 2919
5845 6249 7187 4240 5760 8807 6019 5396 6182 3230 5453 5388 2945 1994 7244 1495 3313 7220 2916 5303 1807 5313 7354 4886 4503 3058 3920 6602 6410 2836
5665 6131 4954 4253 5714 8756 5990 5444 6066 3142 5460 5242 3022 2044 7309 1323 3230 7174 2846 5366 1883 5388 7205 4955 4432 2965 3892 6688 6554 2867
5764 6146 4929 4200 5732 4654 6147 5411 6117 3251 5545 5330 3074 2001 7442 1478 3317 7107 2811 5385 1829 5450 7329 5586 4558 3071 3920 6623 6596 2852
5734 6113 4848 4323 5635 4617 6135 5388 6138 3243 5608 5298 2911 2098 7359 1426 3240 7214 2808 5380 1831 5452 7247 5751 4499 3087 3987 6561 6558 2753
3835 6151 4804 4193 5659 4731 5962 5267 6220 3174 5614 5336 3081 2121 7355 1526 3418 7117 2853 5362 1830 5481 7179 5762 2345 3094 3826 6655 6425 2781
3781 6258 4969 4246 5663 4717 6121 8682 6127 3278 5521 5326 2924 2139 7272 1385 3324 7014 2846 5347 1877 5372 7349 5599 2301 2967 3888 6539 6503 2776
3823 6193 4896 4325 5653 4690 6034 8584 6093 3272 5594 5211 3050 2054 7413 1461 3429 7171 2758 5328 1807 5409 7362 5621 2390 3053 3924 6628 6583 2747
3937 6209 4873 4317 5647 4621 6087 8624 6152 3172 5574 5259 3080 2118 7278 1319 3270 7163 2890 5485 1841 5371 7269 5662 2287 2933 3804 4574 6614 2761
3879 6173 4990 4272 5694 4745 5981 8606 6196 3305 5575 5311 2947 2026 7364 1517 3221 7080 2880 5326 1816 5424 7353 5769 2413 2946 3864 4689 6504 2748
3871 6050 4816 6087 5719 4716 5975 8698 6170 3239 5566 5339 3067 1980 7281 1323 3319 7089 2820 5459 1813 5404 7338 5768 2410 3037 3852 4633 6546 3053
3874 6194 4797 6276 5803 4567 6048 8691 6080 3344 5458 7580 2947 2123 7442 1315 2304 7012 2807 5408 7875 5385 7311 5724 2289 3094 3961 4541 6464 3121
3833 6207 4910 6172 5777 4741 6155 8698 6149 3232 5602 7496 5203 2018 7287 1476 2422 7193 2921 5437 7797 5423 8295 5692 2257 2977 3863 4562 6538 2965
3761 6073 4840 6288 5795 4630 6053 8650 6111 3334 5467 7605 5348 2155 7258 1314 2299 7211 2727 5338 7823 5490 8392 5619 2354 3054 5848 4500 6576 2937
3892 6187 4878 6111 5668 4687 6084 8631 6212 3171 5654 7564 5401 2084 7253 1466 2248 7108 2873 5411 7919 5476 8263 5602 2306 3004 5805 4601 6538 2987
3919 6154 4945 6161 5633 4669 5972 8632 6061 3320 5557 7497 5296 2157 7451 1464 2263 7086 4166 5508 7929 5446 8398 5674 2297 2992 5759 4605 6459 3124
3935 6215 4889 6148 5777 4712 5970 8601 3067 3338 5660 7669 5244 2041 7362 1442 2249 7206 4065 5489 7776 5396 8427 5708 2367 3118 5856 4490 6434 2977
3744 6205 4852 6103 5802 4651 6026 8678 3083 3390 5575 7503 5280 2110 7317 1332 2348 7169 4198 5393 7884 4493 8318 5586 2357 2930 5817 4658 6590 3089
3758 6137 4864 6200 5756 4685 6064 8640 3072 3483 5503 7513 5334 2148 7348 1469 2262 7206 4078 5413 7862 4323 8398 5689 2338 3058 5739 4673 6440 3063
3889 6161 4831 6140 5721 4714 6201 8685 3159 3449 5657 7691 5284 2333 2184 1340 2292 7105 4076 2739 7948 4432 8285 5777 2444 3079 5823 4488 6440 3042
3866 6202 4986 6120 5669 4685 6182 8636 3206 3508 5651 7642 5380 2282 2201 1394 2332 7153 4256 2655 7773 4423 8332 5766 2329 2916 5882 4595 6425 3121
3748 6154 4915 6198 5782 4676 6305 8501 3121 3385 5651 7560 5194 2283 2176 1327 2365 7563 4253 2741 7868 4413 8412 5595 2266 2984 5852 4648 6511 2951
3864 5129 4872 6120 5799 4580 6292 8678 3139 3338 5473 7627 5254 2153 2265 1325 2388 7552 4164 2703 7835 4391 8450 5758 2259 3075 5762 4521 4794 2950
12 6 22 11 48567 0.905049818025499
24 24 2 1 96616 0.9731785299266661
8 9 0 28 45669 0.9274172152289603
10 13 29 29 64020 0.9947497895796942
24 17 15 23 41312 0.949332810258225
9 9 20 26 62090 0.905119766101012
8 0 22 24 81399 1.0990367638201903
5 3 26 11 73866 1.030857679660492
0 8 28 10 72523 1.0807122282659203
13 8 16 18 39121 1.0614848191447794
20 25 17 3 78918 1.0444633726315682
21 17 5 27 54306 0.9328977966619751
2 19 14 14 33567 1.0721644846292906
28 28 16 6 83722 0.9120672555114828
25 27 6 2 87278 1.089996412888805
29 22 13 8 71917 0.9180878724495148
3 21 21 22 64228 0.9155671436687084
17 1 15 15 54340 1.0711823008736472
10 4 29 5 88360 1.0057577633145423
29 19 12 21 54673 0.9697123759653842
11 2 29 17 80217 1.0888338108658075
10 12 11 28 50655 0.9609995920216549
18 24 25 27 21078 0.9619638698979258
17 23 7 19 26237 1.0981424722917712
29 1 13 10 79407 0.943797003002099
18 0 9 3 44058 0.9936731139597308
13 23 23 15 38917 0.9437833284251969
2 4 27 14 78228 0.9039994640426008
24 5 6 9 58742 1.0641448667792717
24 6 12 16 38734 0.9166267360144295
8 12 14 6 32848 0.9955450765375462
15 5 9 23 59512 1.0086195988003261
27 24 5 25 59075 1.0744362198647734
14 15 4 10 34848 1.0637673112110733
18 9 27 20 42122 0.989728869949134
10 3 21 11 64249 0.9840942225352178
18 14 12 27 47312 0.9956643062180183
11 21 17 28 32896 1.049413649557871
20 1 20 17 42204 1.07962671184823
15 13 6 18 23587 0.923988494584494
29 19 21 10 34327 1.0952126528349357
8 26 5 17 25811 1.0549847012919569
27 9 15 2 60582 1.010903409574469
17 23 9 5 51524 1.0890613877906152
8 11 29 21 63357 0.9663588904778054
9 14 17 23 30476 0.9260195093244679
4 19 20 6 58190 0.9483775185435828
8 26 1 9 42897 0.9724169840838368
5 21 26 17 49868 0.9898060302439131
18 13 12 5 38798 0.9103917191433599
10 11 5 17 28184 1.0713716155094548
24 0 2 18 65477 1.0760047928079628
4 16 24 0 58683 1.0477043838111881
5 2 14 7 49369 1.0051500438465826
7 8 18 13 40314 0.9544481781494181
11 2 22 12 61734 0.9634990150852667
1 12 11 28 53895 1.0037129416318709
3 25 9 3 53355 0.9601021056434076
24 6 16 16 30237 1.0586671226661375
23 9 16 14 27061 1.0000356568972801
22 12 1 25 52402 1.089900162286311
15 10 14 21 38487 1.0470472981424008
4 12 26 17 49345 0.9104706009275013
28 12 0 4 78933 0.9767905175842747
28 4 2 13 71993 1.0100856779621938
2 14 17 5 64225 0.9739701225223845
16 28 18 15 35101 0.9086205481163327
4 12 27 2 69229 0.9585559254291011
18 6 9 8 46898 0.9918570305118178
21 18 10 17 37628 1.040983939962128
10 14 5 19 22387 1.0101893504548582
0 5 29 4 98413 1.0160798678337049
1 22 27 1 80307 1.0734378287322635
0 10 26 6 65609 1.0346699380968827
20 6 28 19 39281 1.0472024804164994
27 13 19 10 28235 1.0016421280777856
15 27 5 26 40700 1.0834003209206804
25 0 28 29 55091 1.0518518134955166
17 8 11 1 50520 0.9519096960390632
26 1 2 6 94437 0.9380697514721813
24 25 3 7 77747 0.9683802282356202
5 13 18 20 38364 0.9199170354184828
14 7 27 19 49341 1.0494622865861807
25 18 1 21 48836 1.0675027505911245
11 5 20 10 49311 1.0377367078097541
3 18 23 18 43199 0.9791347054421643
9 20 7 28 16693 0.9959538016037606
4 29 2 13 33659 0.9154344329877534
9 28 29 8 76684 0.9003419907816334
7 0 25 21 77733 0.9730012426148097
3 11 24 4 64981 0.999676214784319
12 0 29 2 72745 0.9488333310862581
24 14 13 3 52260 0.9877593126619975
5 28 6 16 21445 1.073824036938859
16 1 6 22 66646 1.0476022987767801
3 28 3 18 36338 0.9741345480216616
7 16 13 5 45279 0.9973746139235843
17 29 23 18 39849 0.9968109903286291
28 17 2 26 70823 1.0125876110102066
20 27 28 4 75084 1.079650344746804
22 10 3 12 45181 1.0206620020627675
8 20 29 5 69690 1.0240311672240952
29 14 11 22 52948 0.9731858946484195
15 18 3 22 43568 0.9444727771573488
12 4 27 2 76433 1.0644777750256067
8 25 15 8 55292 1.0034455652133463
28 28 3 20 77130 1.0365596298208086
6 2 21 4 77591 0.9138608738722505
15 17 27 27 54090 0.9141604947482272
4 22 16 24 46130 0.9148029536240174
28 19 5 15 42683 0.9323971114968506
24 1 0 12 65062 0.9810863584022045
17 3 3 11 74134 1.0524743308342552
11 1 23 12 70566 0.9508123105627369
11 19 20 10 50933 1.0088546712263031
4 16 26 1 62837 0.9294690357690034
0 5 27 12 70222 0.9170395650383973
17 8 9 19 35455 1.059207434125618
20 21 0 11 60636 0.9230991269887209
6 26 23 3 60274 1.0408777309807065
10 6 21 14 52630 0.9009102184563356
25 15 12 27 51898 1.093470097331841
27 17 15 0 64226 1.0463532029069604
17 11 25 15 19734 1.0439522518742068
28 9 21 22 56974 1.0658644084536388
2 16 17 3 70507 0.9786574475224712
26 0 17 24 57430 0.9894715398374015
20 4 4 12 58463 0.9792281803057022
6 15 19 0 56682 0.9128706304976182
16 24 28 13 42582 0.9252301979372761
24 8 15 10 34309 0.9008225437797104
7 4 23 8 69104 1.0560564620356716
9 5 26 24 63026 1.0185346891125915
4 10 22 0 68465 1.0693560276173937
16 23 0 15 49407 1.0199788604506312
15 6 22 24 60465 0.9859461695274105
24 0 21 27 62901 1.0550403036042326
16 8 13 25 51119 0.9450985660599326
15 23 28 22 52844 1.0068212229485562
9 2 12 21 54383 0.9300461680136769
0 7 2 28 38714 0.9386496092291345
22 5 4 17 51096 1.0011862845946766
24 27 19 0 62193 0.9546552709980998
1 20 8 15 18111 0.9757629738320054
9 28 23 29 42857 0.9547962386798569
9 0 18 13 47928 1.028680173769459
1 4 16 14 61508 1.0489043761656447
4 0 18 8 72288 0.9730396023201525
11 16 7 6 41964 1.0378936942444592
12 27 21 29 33915 0.977209900712716
4 15 5 27 24389 0.9634667053120266
18 15 0 23 37473 1.0083731370733169
22 6 3 6 70420 1.000230956230935
7 29 25 16 48894 0.9015180932166647
4 12 5 29 32382 1.0377728397777366
28 10 1 4 92372 0.9281945641149993
24 25 1 19 59523 1.019451834148612
12 0 1 3 55297 1.098148527647052
1 8 16 11 55589 0.9819811270368903
7 3 7 23 52368 0.9221526847878091
18 0 10 24 81948 0.9784100818645791
27 12 16 12 30871 0.9477729403384608
22 5 8 29 60777 1.0578734089633635
21 13 13 25 42433 1.064148051183836
29 24 16 1 75689 1.001311528133901
20 10 12 5 44580 0.9124878986288404
15 3 20 15 44781 0.9461064861699406
9 16 15 0 55275 1.0606231631942036
10 10 22 27 71594 0.9889998071935648
2 2 9 28 79059 1.0859946525360507
11 15 12 28 49766 0.9717619204723489
15 0 21 5 32793 1.0309257539082437
9 8 16 5 37691 1.0246578467596186
12 29 0 0 82205 1.0969060518197675
7 18 0 3 44708 0.9960842530636345
1 11 22 1 65433 1.065075432161064
25 12 4 23 51314 0.9441733316312573
14 27 22 1 65759 0.9114141065997263
21 21 8 13 51472 0.9914443002513745
9 0 0 27 63215 1.020487253105259
11 25 15 17 43930 1.020939376704626
26 6 0 2 89074 1.0847785541617565
3 29 26 11 66565 0.900345626367523
29 10 14 8 58992 1.0440149528623175
27 9 12 6 62902 1.0084451122994162
22 4 21 19 31906 1.0441801529929489
28 24 11 20 45095 0.9591840034597405
25 25 14 0 71608 0.9280613010518971
7 8 15 26 65111 1.0592066316264515
9 23 25 20 49285 0.9367233231625063
14 2 27 20 66249 1.0786822975352177
9 12 14 28 54923 0.9756017135779316
22 6 16 0 32114 0.9117689786353103
1 17 25 14 44589 0.9263087327382241
8 23 3 14 28424 1.0129499097845496
13 4 5 26 65614 1.0062952143047055
4 25 25 20 53328 1.0828225942719654
29 25 20 26 33747 1.026339372686861
3 11 8 24 40160 1.0166624094075885
20 3 17 18 39348 0.9425813227185849
1 3 26 18 78481 1.0551964686022575
15 13 6 14 19763 0.9885740207433072
25 7 3 0 88739 1.096403630516484
2 28 23 25 69515 0.951697469011628
13 0 29 20 80841 0.9098757100746186
25 0 25 14 21823 0.9836121249887531
29 13 9 12 41990 1.0968758961390008
21 25 6 11 59386 1.0761124640309354
22 6 19 27 54815 1.0850178213942991
4 22 24 4 64776 1.039447285957072
23 1 12 18 54583 1.074230413577734
17 27 21 5 51807 1.0142241195960628
18 24 21 11 41765 1.0898616844815816
19 5 24 14 29970 0.9111251195201682
21 13 15 9 23403 0.9828744946182729
25 19 16 15 18779 0.9258997558979647
12 26 21 7 63760 0.9969894357771749
5 3 21 14 62561 1.0489306334108695
4 25 18 10 50179 1.087071613282964
28 1 27 28 72911 0.9528378247654457
26 27 9 24 51058 1.0758783765125066
20 11 27 1 52064 0.9068733768496943
9 3 22 5 61350 0.99097448359107
10 5 5 22 47709 1.040366003836666
0 2 14 25 77636 1.0375734440534474
9 4 27 13 56097 0.9545457596176743
8 17 29 25 62582 1.0432790425388865
6 17 29 10 58739 1.0135625715637557
1 2 23 21 86215 1.0166025629153603
15 27 4 18 50219 1.016439546543523
4 19 27 0 72869 1.0792646463302924
11 16 28 28 67224 0.9914906674579171
22 11 12 27 53742 1.0023678974672587
21 28 9 29 42064 1.0474354930615266
20 16 2 22 47220 1.0098784628004314
20 9 28 22 49577 0.9547810071742123
24 10 4 29 56748 1.0357894841927302
25 5 28 14 20608 0.9021239658921935
7 15 0 5 32729 0.9960046290267048
25 0 6 22 58898 1.0824106148758736
27 22 3 0 99007 1.0196981728866046
22 25 28 20 34076 1.0547612058085831
13 11 4 14 37693 0.978226985538466
14 26 21 12 50698 0.9581975909960756
4 24 4 0 67905 0.9059540603412619
0 16 15 24 48511 0.9574502800782617
4 26 0 12 31987 0.9489170138169494
27 23 19 15 32121 1.0206870102372965
6 23 29 28 75784 1.082800496372484
3 2 22 18 71319 1.094060603682682
0 29 15 3 77272 1.0499420193986229
1 16 24 27 64840 1.03431082236564
27 19 10 9 51655 1.0541899063369418
10 11 15 17 34914 1.084578396137157
16 8 26 17 42353 1.0614513725947818
0 18 5 25 21968 1.062841109106775
24 12 15 2 55101 0.934488921974493
0 29 28 29 81146 0.9399954731215667
15 29 28 17 61888 1.0988417638807746
20 17 8 23 45673 1.0575962390647602
9 3 19 3 48411 1.0621483386154702
24 7 29 12 27726 0.949458405689143
17 3 25 8 45289 1.0153887011922154
16 25 24 4 52195 0.9643479527092866
20 22 14 10 54102 0.9380683922613275
20 7 15 27 60603 1.0272525495195015
28 16 20 13 20060 0.9400983440037728
5 0 16 19 68861 0.9228407414189687
8 3 18 6 53006 1.041256145340487
6 12 28 0 68484 1.063688417123603
13 18 1 0 77120 0.965003064163684
22 7 16 27 48935 1.0461638680167795
4 6 18 5 70354 0.9774436392207317
23 11 12 26 53299 1.092501463935197
11 27 15 14 50958 0.9981013257118155
21 22 3 25 67017 0.9305642564117514
1 8 11 28 62655 1.0499446977007367
7 1 24 8 77354 0.9086203875096873
15 3 26 14 55721 1.0517908529761038
14 11 16 0 34860 0.942584570656906
3 29 19 27 52563 1.0235583859951864
21 21 1 4 89632 1.0264511138477124
21 10 9 0 65477 1.0554930255748576
0 3 14 8 66083 1.0890213058419378
15 2 1 10 69285 0.951511725879419
10 23 18 2 80450 1.0558623858293505
29 27 23 5 59856 1.0140134221985329
26 10 2 19 58467 0.924136018230161
16 4 28 23 76253 1.0906170460204327
29 19 24 4 36809 1.0577831431618079
9 4 7 29 49857 0.9949718028688107
10 11 23 7 51330 0.904958309266872
3 20 27 0 69614 1.0672164600037064
10 10 20 3 49715 1.0981808723055069
24 8 21 17 24520 0.9507360516439796
24 11 3 26 57198 1.0834270974214268
29 23 19 0 66373 1.087004448913419
21 19 6 20 43787 1.011047371349466
9 16 15 11 25212 0.9814954521779381
14 9 29 25 60963 1.0517191694570562
11 19 3 24 32912 0.9569196516054991
24 27 5 29 61837 0.9021185178133755
7 28 29 3 89866 1.0010699965785765
3 2 13 12 56210 1.057080145631079
28 16 16 27 49433 0.9293160540201817
19 26 21 9 49963 0.922941009562036
6 20 15 1 62113 1.07845582786947
9 25 18 28 36867 1.0031699973382475
13 19 27 16 41561 1.0739513369517533
7 29 27 22 68121 0.9100221073202037
27 14 9 2 58977 1.0397298829249284
25 16 10 24 49958 0.997185175543926
19 16 18 25 26731 0.9124987352404285
14 27 26 22 48951 0.9861300665171117
21 9 26 26 40008 0.944659382863052
26 26 24 15 24994 0.940182919687572
25 16 16 0 51411 1.0305440936628154
25 8 9 29 63787 1.0150718995161623
11 28 0 26 39439 1.0092606214862245
0 28 18 25 54603 0.900693867948791
14 9 16 19 35340 0.9519310183070684
12 28 25 10 61695 1.0595439902835502
21 20 29 10 56976 1.056328716979527
28 14 7 28 54745 1.0778638455963931
26 29 12 16 50821 1.0763959936215257
22 9 15 21 38094 0.9182870591010407
8 1 19 27 84025 1.078581152829105
3 22 5 13 28546 1.048841203834153
5 22 9 4 45296 1.039771667109701
15 25 3 28 46809 1.0051102490880361
10 12 29 20 54366 0.9111761069129808
29 9 3 15 54178 1.0588163846490626
6 15 17 5 53570 0.9834182517425439
3 7 24 2 78990 0.958219479592748
17 3 17 20 59189 0.9033438602730531
22 5 10 14 38341 0.9362638480543297
0 26 27 9 67317 1.0894461571910292
25 25 24 9 27477 0.9570430569799303
21 19 29 21 41645 0.9781161219403799
16 14 12 5 41080 0.9554188096187092
7 19 26 29 57658 0.9444891732264118
9 12 22 14 27141 1.0336662349103976
22 0 17 27 54676 0.9774962282391064
22 2 16 22 48283 1.0389666484420006
25 3 12 25 63181 1.0874380211178993
25 7 6 2 80398 1.0922322436078873
16 14 8 22 38154 1.028964151848987
2 29 0 13 24993 1.0509110285852228
28 22 16 6 74852 1.077553488654458
13 5 4 8 49313 1.0095448383637242
0 27 17 9 53681 1.0974561076565412
17 11 7 29 44477 1.0739867675343509
14 21 6 5 61331 0.9290950434262784
18 10 22 21 43914 1.0154544258447948
28 2 8 17 69450 0.94718543189485
26 21 22 3 36148 0.984514015933751
7 16 13 8 39291 1.0588919876700478
8 0 3 5 37412 1.0227871312578145
14 0 29 29 90161 0.915165087710632
9 4 24 3 66963 1.0435469942182998
27 5 23 17 33154 0.9257211795360877
2 29 2 7 45158 0.9946844490573548
20 28 7 7 85583 1.01003240921463
22 7 9 21 44577 1.0873425683483073
9 19 0 22 21332 1.0788499674319714
10 16 24 4 44460 1.039006124565462
0 2 11 12 53867 0.9626485352321265
28 1 6 21 74533 1.028729870755187
7 12 29 11 55901 0.9656291884265332
19 12 26 23 35874 1.0895055171385584
8 27 25 21 58527 0.9086458600458724
25 9 19 15 17692 0.9669293165647601
24 2 21 20 47950 1.029217981597843
25 5 5 25 57971 0.9849525963568071
6 28 20 22 55337 0.9999140212376373
11 28 0 18 44157 1.00504483532697
21 22 24 4 54282 1.0639758646909043
7 7 25 5 67970 0.9808051345807375
22 18 1 3 69936 1.0750781069384943
19 26 14 13 40944 1.03662288023077
23 27 26 18 26383 0.9438187179299379
8 6 29 27 86855 0.9461445496787815
3 4 1 16 34625 0.9657614966789229
6 19 25 14 33252 1.0224993406885046
3 23 8 6 55697 1.03660047326882
24 4 17 17 32299 1.0302174841614948
29 25 13 11 61258 1.0056214094143097
7 11 23 21 44390 1.0356349547593104
29 4 26 17 50358 0.9898947150960712
11 5 19 12 48189 0.9344129599714118
22 3 28 10 35187 1.0025191064633723
25 7 0 10 57830 0.9430815040558171
6 28 27 15 45870 0.9471018994515242
13 1 1 20 71758 1.03461510075774
9 2 28 14 61153 0.9908127564726738
13 6 5 9 42677 0.9457943906820709
20 26 17 15 36536 1.085603998582269
28 10 5 21 64371 0.9330581495777689
25 13 12 27 55037 0.9138622914151792
29 21 6 10 65393 1.0156737452967342
22 9 14 15 20114 0.932725525642249
23 17 8 14 32563 1.0455516787670152
26 23 18 15 28610 1.0938665338723594
21 17 1 10 54821 1.084131943002728
23 13 17 3 43899 0.9494362083372977
1 11 9 17 30582 1.0965259464258412
13 21 26 29 52023 0.9689670639675928
9 8 15 17 36577 1.0461396166181585
26 0 5 25 69636 1.0264649699989252
17 29 15 9 48494 0.9220282206561998
0 15 25 5 59707 1.0864741287208963
2 23 22 20 64161 0.9542189114957154
26 14 13 18 32592 1.0416774319806563
24 27 25 14 25538 0.9922007339062147
6 25 25 19 45492 0.9851225453236307
15 10 2 8 50735 0.9571065790861819
23 21 6 21 46264 1.0437759155460815
0 11 16 8 53736 0.9798269946425101
21 4 14 17 41125 0.9829267839104733
20 2 0 6 78431 1.005820310231638
4 10 17 16 41121 0.9014913593193427
19 28 29 2 82985 1.015055005841538
29 20 7 26 64880 1.0059791171916548
22 5 8 5 65500 0.9576354402250159
25 28 11 7 73254 0.9480762823941714
21 14 0 24 51375 1.0068122317966792
24 0 13 11 54424 0.9293234696452156
5 4 17 15 46505 0.9105188748721579
12 6 28 24 73963 0.9780328279724579
7 19 27 18 45104 0.9688813535074763
25 23 20 1 46858 0.9582166000538088
18 1 24 21 60162 1.0896646762976583
5 0 17 1 61791 0.906543259628319
29 29 19 1 74696 0.9995418181742662
15 0 3 25 78373 0.9091605520883568
23 21 7 19 44120 1.092488718696722
20 18 7 25 39113 1.0181325628536415
2 7 21 5 77101 0.9770707187474782
24 10 2 7 68658 1.0657054410212181
17 8 0 21 48551 0.9278670968075569
10 16 18 11 30915 0.9762014936049976
10 7 0 8 40784 1.0029153886296756
14 4 18 14 37096 0.926036359539129
1 13 4 21 23444 0.9204225748592235
14 24 15 8 48822 0.9983927878136287
8 17 3 5 48687 0.9762617503297342
13 28 16 20 27628 0.9229888425020673
3 19 29 17 62211 1.0396780844887494
18 0 20 16 43836 1.0037405789054765
4 6 9 14 36968 0.9137334450832785
12 4 10 16 48235 0.9273524013593593
10 15 15 3 44155 1.0109368746006828
16 26 10 5 66465 0.9033913707880828
5 0 11 16 52454 1.079563764314892
17 25 23 21 23783 0.9253486812559811
21 24 19 7 54033 1.062243093117896
26 26 20 10 46490 0.9436100261810291
27 12 28 1 46028 0.982990424992817
5 4 16 19 60296 1.085776530741122
0 13 7 27 32248 0.9444076788211678
18 7 7 20 48322 0.9864322703492906
3 13 16 20 32986 0.9249218183176932
10 1 3 17 58899 1.0964727791616782
14 14 14 3 30097 1.040510395140096
4 28 11 22 38851 0.944719828030563
1 5 4 27 59491 1.0784107229568978
26 14 5 10 48623 0.9874701500730912
20 13 10 1 56446 0.9018371565199493
19 13 14 19 27009 0.96216968419172
23 28 9 21 49788 1.0726124808691644
24 4 12 26 64177 1.0976281634697858
6 22 5 2 46226 1.0746202895261767
28 5 6 3 93122 0.9899220068741238
15 28 24 8 61691 0.9074463182261561
1 9 20 2 73650 1.0691211763176236
11 18 0 12 32831 1.0979707374137266
5 15 12 7 40151 0.9986040103100153
3 22 27 18 64048 0.9897355253197655
7 25 28 4 76125 0.9784794471815252
19 5 3 4 76533 1.0755019868040163
23 14 15 8 33920 1.0879104492294123
12 19 4 24 32305 0.9445365849059176
22 0 9 4 61828 0.9864924987485492
22 9 17 18 22154 0.9368116686665613
20 1 11 8 52329 0.9034742743383563
24 13 3 18 40686 1.051426199491598
6 12 9 4 27478 0.9066259349562295
15 19 5 20 26011 1.0188409909333855
2 2 28 22 107492 1.0758527074354598
6 29 16 3 71192 0.940238601569459
23 28 8 9 69580 0.9532539945989942
12 2 20 0 38199 1.0382813392681887
7 1 11 23 74518 0.9328414627539874
1 14 27 14 50169 1.008455151714635
29 8 7 1 90641 0.9403355166762569
19 11 4 22 52160 0.9365241458039871
24 5 12 18 46922 1.0472897752032555
29 29 3 6 95839 0.9886774463234589
15 16 4 12 28572 0.9420300298712235
28 13 14 27 59099 1.0310454540963265
14 19 13 2 57315 1.0759145961860381
20 16 26 21 23778 1.0145760101058
23 29 6 22 58092 0.9851459291279373
29 28 14 7 76965 1.0986572017220257
13 22 19 14 37569 1.0439881489742826
10 22 18 28 46037 0.9472272928980383
1 11 14 18 45129 0.9265766637370368
0 12 4 22 28335 0.9451053134825345
3 7 10 1 46238 0.9467584162509981
26 19 1 24 59002 0.9822839851956932
29 6 21 2 48575 0.945095045355188
24 10 3 18 45744 0.9468996338200468
6 6 18 10 57004 1.0042947199425414
5 7 25 8 61939 0.9157260028608429
28 11 19 9 42755 0.994111909175091
22 21 19 12 33825 0.9498620714784317
9 2 23 13 53799 0.9018710052832457
17 18 19 1 49052 1.0836564051660469
13 23 18 16 30630 0.9209480286823947
22 28 1 21 70643 0.9210245985847983
12 5 27 21 70511 1.0447565800102157
24 29 21 19 39673 1.0354513431731642
5 7 12 4 45164 0.926782236103321
16 8 2 0 77240 1.0536469753627231
4 28 28 6 85284 1.0623454715685339
11 2 20 7 52423 1.0983339960865641
3 8 29 4 96106 0.9700742767206023
29 24 0 26 74817 1.0803578121495965
15 23 23 4 57520 1.0846747866411321
6 16 18 12 26119 1.0965141808537209
29 28 23 23 31920 1.0837469137115787
20 23 0 25 59177 0.9380220505835938
20 1 5 20 60286 1.0835456955499818
22 4 8 18 44792 0.9023348844967173
6 0 28 19 86308 1.0507150726855534
18 12 13 28 45389 1.0916772084376267
9 7 27 17 52031 1.0973492123728232
11 27 17 20 34604 1.0125388022029884
18 6 12 2 39933 1.0704653169352036
21 13 27 24 28645 1.073082416661878
0 27 0 16 13261 0.9754841853744278
26 9 19 4 34825 0.9848244808680273
4 24 10 17 33816 0.9458937980294906
15 29 29 16 57110 0.9013433861751277
28 26 17 8 58173 0.9327375949070229
18 4 1 2 82093 0.9898224312672318
4 1 7 24 59649 1.0042228190335882
12 2 26 1 65187 1.0799355214534954
2 17 9 0 53317 0.9278490320345513
3 13 14 18 31994 1.002375403635082
25 20 28 29 23776 0.919553652403469
26 10 19 16 25505 0.9167625692907889
13 14 26 4 48555 1.0292677592923303
15 0 2 13 62554 1.032353701976465
4 10 23 20 59804 1.0938664780773533
3 20 11 1 59778 1.0926428030055544
25 29 15 27 37706 1.087773067684804
26 14 17 25 36070 1.0948905997701244
11 27 18 17 47800 1.045365740932255
27 2 7 1 92472 1.0312096300176576
13 4 16 27 69418 0.9625378165179572
0 17 29 6 81675 1.031220459459182
7 3 24 23 77760 1.0743568374476569
11 26 20 24 27913 1.0996944914382714
29 12 19 2 51687 1.0471542527936786
9 5 19 10 45343 1.065122415307024
26 2 6 25 64417 1.0686659192090462
11 8 15 15 37225 1.0410659231722401
9 17 28 12 44428 0.9266960900503299
21 25 15 14 39605 0.9888219856693208
2 27 29 18 80670 1.0233173641037796
20 29 0 29 56792 1.085958707083515
9 11 24 19 37163 0.9113001384763523
0 12 23 17 45123 1.0428817693764207
3 20 13 15 21555 0.9548367170140074
25 21 3 20 48024 1.0911322600452382
10 2 12 27 79469 0.9844850997837481
11 14 17 27 42433 0.9823944927089908
19 5 3 15 53705 1.0558907766283296
13 4 7 26 64997 0.9092019506345984
26 5 23 28 49950 1.0695438698383668
28 27 21 5 56810 1.0765673047219098
18 16 8 9 33114 1.0618589608785083
20 20 17 27 33495 0.9775841559766679
19 28 22 3 62882 1.0439930258004932
18 2 11 19 71034 1.0601660859777087
0 17 10 13 25027 1.0938880168772858
11 29 23 0 77088 0.9716269716462234
21 2 0 13 61675 0.9763215979412968
4 27 8 19 29595 1.010389429357774
16 17 14 29 40824 0.9118504846965906
18 14 0 11 39558 0.9393116329088291
24 3 17 10 34622 1.0069331645355717
24 23 4 25 60780 0.9926136087806324
2 6 1 20 35126 1.020192024079397
9 4 0 6 49094 0.9455993443292937
20 1 18 9 20900 1.0704562965051525
3 4 15 3 53861 0.9501331600290536
9 15 6 2 45283 0.9336510708445809
12 24 8 8 54935 1.0766716284350721
26 19 2 11 56101 0.929794236694365
16 6 13 17 52808 1.0063251769693125
0 11 15 5 56895 1.0374340939266629
19 18 12 22 32805 1.0314670793397156
28 10 15 21 58125 0.9777842074066458
29 7 2 1 109724 0.9643898254146517
11 18 0 17 30605 0.9256661100087623
26 3 4 28 77443 0.9274499509364721
27 0 17 21 54867 0.9950238408554357
23 22 18 13 30374 0.9261152675078109
10 19 5 9 38828 0.9525845123063671
28 3 15 8 63770 1.0978112159256088
15 13 16 2 39007 1.0148332357149594
3 24 15 23 50051 1.036493730909331
17 3 5 29 80001 0.956621889868188
20 6 10 23 63444 1.0344071129979593
7 9 29 0 79018 1.0694006661844062
3 25 13 26 32343 1.0239912218724072
24 22 29 12 38402 0.9362921005090534
29 6 25 14 34777 1.0252761234520071
15 4 21 20 67498 0.9706556043315636
28 21 0 17 68154 0.9928590831282043
16 17 27 29 51267 0.9734259918298143
29 6 6 17 65690 0.9344777583791595
5 14 14 26 48166 0.9348492148224559
21 13 1 4 68570 1.0283194870390109
6 4 1 19 49230 0.983737790334695
13 4 16 11 33504 1.040561204654365
29 17 2 0 99514 0.9337143808466598
7 26 20 20 51619 1.046643686968793
19 23 1 5 80188 0.9786585703464691
1 1 2 15 50225 1.0242837358858596
9 16 6 0 51544 1.056063546896507
25 6 26 29 39593 1.0361886285241226
0 28 29 20 75034 1.0806439012826774
1 1 11 24 80345 1.0848602820012248
18 21 23 1 52003 0.9015058221778579
27 11 6 9 59773 0.9064631880019299
11 1 2 27 80519 1.0562478064127785
28 14 20 0 41658 0.9338872629254545
10 12 17 8 29483 0.9569435213130693
1 12 1 2 34128 1.0658523541940523
10 3 7 11 32378 1.0986768701313312
27 29 18 25 33785 0.9019351293604685
24 14 9 22 39329 1.0289591657738157
0 23 5 14 29139 1.0594293457483392
18 0 25 11 41124 0.9504769871068899
18 9 0 27 57025 0.9196031632154457
19 14 16 26 33492 1.0213740577573227
26 7 7 20 52401 0.9835333738364519
8 23 16 19 31205 0.9965484618704478
3 17 17 15 32409 1.0121536048572375
6 27 11 13 27488 1.0158351565284602
0 24 11 28 41853 0.9665478927743318
10 13 18 28 51811 1.0380365898880017
14 13 3 26 44085 0.9536345459448307
0 9 22 26 75537 1.0292942003298786
19 4 11 17 62906 1.0255414928461244
5 26 17 4 74695 1.0391393906803654
17 11 15 2 35910 1.0638377966776507
1 9 10 12 31975 1.0749087141315345
12 11 1 20 42037 0.9193022161748526
15 28 28 29 47265 1.0357169128048906
16 28 12 12 53985 0.9667906745945538
27 1 15 7 64372 0.9603397389517121
13 6 5 9 42677 1.035823859983018
14 12 19 3 42329 0.979459867273688
13 7 2 26 71904 0.9379184828370941
22 12 6 21 34529 0.9527180293926742
17 12 9 23 36375 1.095596091157003
17 5 23 12 37160 0.9749773014234442
7 15 4 26 22582 0.9811549009581975
27 29 19 18 46114 1.0687078511173818
24 3 0 20 62553 1.0545153432177146
16 2 3 23 80544 0.9341846401320493
17 11 29 11 43315 0.9670530760449358
25 20 0 27 60257 1.0517626369430582
0 6 27 10 73750 1.0040910613642628
13 15 26 20 32720 0.9131642260169361
18 3 12 28 88277 1.0669394531086356
19 11 1 26 58387 0.9238487559899488
11 21 1 2 66294 0.9692439936033763
26 10 10 15 34641 0.9440558819907239
27 8 10 12 50024 0.9582778501602464
25 27 0 24 67907 1.0209997239635171
3 23 29 24 75305 1.0030075360922313
10 17 25 4 51060 1.0177172421454206
28 1 27 18 53403 1.092949024421339
9 13 24 11 32509 1.065966646032623
13 0 15 10 33365 1.0137849782825923
9 2 11 29 65831 0.9045606373305487
19 26 7 8 65935 1.0304806046909596
12 11 14 20 42828 0.9932449674114289
17 22 28 27 41393 0.9643319972208273
8 9 2 27 51321 0.9039244159107395
25 11 21 0 29638 0.9588896461008306
5 20 18 13 29761 0.9313065231677298
22 7 28 0 33314 1.0147589533990438
1 17 18 17 42906 1.0702239594648497
9 16 6 23 16253 1.0008618492038754
27 25 18 21 37976 1.0660161993288508
29 16 9 13 38356 1.0629176504372642
22 7 24 27 40247 0.9449736791018097
18 12 16 2 41511 1.0744223127342432
23 17 14 19 32217 1.0902158847141754
12 28 5 17 47459 1.0132402205208102
9 10 7 18 19452 1.0795297219654458
16 17 1 15 40369 0.9963950694908434
9 9 3 28 49866 0.9488623331302295
1 10 10 19 40169 0.9714452596924725
6 0 0 26 62387 1.0904983178337415
8 10 6 29 32365 0.9021343753715669
0 27 21 10 61173 0.9326452875992464
20 8 4 21 55343 0.9816315452900901
12 24 0 18 39777 1.0133876779643176
19 21 5 19 39764 1.0959945058065588
5 23 20 11 53479 0.9452816210190271
10 17 7 7 41293 1.060372628686996
23 4 17 22 43845 1.0050463713951459
25 26 10 23 46615 1.0918790878569997
24 13 11 28 61742 0.9451383380467149
15 22 13 7 64328 1.0970059870275894
6 2 20 12 69896 0.9162510926876409
15 1 14 23 75012 1.0647405237475087
3 28 26 4 81722 1.024971776001652
11 2 13 19 67085 0.9660834512840999
0 21 29 11 70423 1.0310526026755
3 20 13 16 30308 1.076629050448485
20 17 1 17 46881 0.9395450877441122
22 19 1 16 46569 0.9236551128354236
11 9 18 16 35691 0.9616205134984399
0 29 16 11 57249 0.9884068553497096
22 5 26 18 27931 1.0404405194130564
11 6 7 21 45922 0.9941082044329252
19 17 20 2 39511 1.0037841226988375
10 4 6 27 50080 1.0675704774892463
27 27 28 14 36509 1.0193496489737472
14 11 29 12 44896 0.9141171955961732
8 29 7 14 26275 0.9298054941470555
13 24 23 27 31229 0.9649911885567002
17 7 23 26 58108 0.9175483330781345
23 23 29 17 35417 1.0044152308527192
24 15 3 1 72200 0.9856038148827911
1 8 21 9 62028 0.9599509660456156
3 7 1 25 37067 0.9332450976170302
10 18 27 16 38748 0.9056575010798744
27 9 6 3 79579 0.9754973397136613
10 8 25 29 67776 1.022411694360715
9 4 24 12 51761 0.9856612768878645
24 6 1 19 57741 1.078840030253771
9 8 5 20 28087 1.0960290966821387
18 26 1 22 50155 1.0790117742269905
18 5 6 18 55752 0.923253031348935
20 13 5 23 40785 0.9570151523626604
15 5 3 6 58021 1.0288767789109832
12 1 0 21 72605 0.9443226491271212
23 4 19 21 47516 0.936626427207013
28 27 7 21 65631 0.9028829390646012
13 8 5 26 56149 1.0519249257567282
21 0 2 4 89762 1.0724854546833338
0 14 14 27 55884 1.0344760345003414
3 12 7 27 33618 1.0545175076319702
19 15 15 1 50265 0.9414272365143133
19 6 5 19 55878 1.0912703077988193
5 17 8 2 48722 1.0627125163296565
14 20 27 28 50629 0.9502422258805023
16 13 18 5 34385 0.9836889561920144
1 27 28 8 76481 0.9683755530767238
23 23 12 0 80441 0.9749800400571333
15 5 6 20 50660 0.96818967238146
25 9 14 7 41270 1.056325575590862
1 21 19 3 72268 0.9555696818016187
5 23 17 24 37434 0.9103561140949079
13 29 0 9 55816 0.916459689605393
8 2 10 27 68031 0.9861077169670758
13 0 14 22 71773 1.0198664965600752
5 22 21 29 59237 0.9115023490041957
21 14 12 13 27036 1.010620034594956
27 7 0 3 86761 0.9923224930773306
10 12 13 22 46301 1.0129521239559969
8 24 18 3 79099 0.9414616085756214
11 2 0 25 67029 1.0474477481399525
13 15 29 23 45033 1.094442803868502
12 7 19 22 68431 0.971123976165031
25 0 2 22 73202 1.049679476834948
28 3 14 3 72790 0.9634266430675874
8 23 29 18 65028 1.0988668814300828
0 14 15 14 32451 0.932944655909894
10 0 27 3 76555 0.9291127840057158
28 28 5 19 75951 0.953771922295022
1 1 12 13 61239 1.0952464589576003
29 8 9 21 60181 1.061586527150806
27 17 12 3 66847 1.010694960776423
7 3 25 4 76383 0.9899658039773043
15 26 28 4 76483 0.9672542112599358
1 17 9 11 29316 0.9872239792271171
3 26 17 21 41443 0.9110621659265097
0 1 11 14 61183 1.0403640886151786
16 1 8 13 51599 1.0409948849754451
10 14 16 22 38321 0.932189227987763
9 24 23 1 66717 1.063169565070532
26 9 3 23 64297 1.0634108251357424
15 10 2 2 66757 1.0108590405803708
1 21 26 17 54314 0.9288343262595055
24 29 3 10 79914 1.0138115568008645
7 1 9 20 56240 0.9582307862838617
23 5 16 27 56483 1.0827887467140345
28 1 7 5 102533 1.0910461170046817
24 2 21 21 49487 0.9925375878837039
8 21 13 15 23705 0.9472707482136155
0 11 18 14 39558 0.974841499581767
19 7 3 9 59314 0.9758569732643949
21 9 3 4 71441 0.9766747133349277
8 9 0 19 36000 1.0934171880547108
22 17 11 14 27318 0.9985595785714233
2 11 18 21 53719 0.973928342829061
4 8 28 28 93990 0.9595167199992279
6 4 17 10 56799 0.961000047234366
11 12 12 29 51388 1.0303926950862459
19 21 27 29 39301 1.0799455766859887
9 10 8 21 29629 1.0977081206927073
7 21 25 23 48160 1.0253452064923119
25 8 20 27 51515 1.0807497989323571
18 16 25 12 19186 1.0062563585109148
22 26 4 0 101957 0.9656032012936688
13 17 23 10 39029 0.9715931402813571
6 19 5 2 42403 1.0002918271287036
2 9 29 9 76023 1.0662238689622403
12 16 7 2 53792 0.995282543967098
2 7 23 17 63993 0.9102355906887755
9 9 26 8 50776 0.995336590813123
0 9 4 3 29662 1.0827710198277314
18 29 9 16 46157 0.9621568527813481
28 12 16 19 42225 0.9788536501432676
10 27 26 5 75838 1.0538164743554248
28 10 22 1 38225 1.0764313534736367
23 25 7 28 51043 1.0874937365121333
28 10 0 17 70023 1.0263896746754606
1 26 22 18 54406 0.9160239711542498
20 12 21 1 33208 1.0878437640239595
9 21 13 6 53931 1.0988177858785764
9 27 1 29 27158 1.0274764307750548
21 12 12 6 53725 1.0694281488340496
21 11 14 19 39355 0.9704331861715334
18 25 1 17 49296 0.9258605807774811
25 6 14 2 57008 0.9841578600465937
23 22 5 3 74652 0.9409554928054463
5 12 15 14 26208 1.0106182141651263
24 12 4 0 75476 0.9935328609214125
8 20 4 12 21811 0.9278236264713916
20 3 7 18 52297 1.069946284252723
2 12 11 17 37171 1.0248507161280909
9 11 21 7 48533 1.025981561316605
11 5 21 6 50078 0.9900260720897222
15 28 28 7 79485 0.9370406076196336
13 24 27 18 45941 0.9249343761157854
28 8 6 6 77725 1.0572665336923743
9 21 14 27 31378 1.020119135930587
15 24 2 22 49528 0.9004701653052524
2 14 4 3 43265 1.0914097489772725
28 24 5 9 68355 0.9738422875768666
19 18 27 20 33282 1.0924328752287713
16 0 2 26 88322 0.939095016094043
16 12 19 28 47289 0.9214433274172787
11 19 6 13 22591 1.032857424355566
5 15 4 28 27126 0.9504922658743344
7 2 18 17 65050 0.9397867128959194
3 21 12 1 72237 0.9927010236969178
22 8 1 22 52337 1.0941754380960569
7 10 24 20 46430 0.9580302112532586
10 14 25 29 50270 0.9871955940376754
1 10 27 19 60482 1.034990413246501
18 9 1 20 46824 0.9291032764522118
19 18 19 4 44352 1.0785043720696974
8 19 15 23 34322 1.0040927121077627
15 9 14 23 46693 1.000045538480517
13 27 19 17 37198 0.9814258152889654
1 14 24 25 63341 0.959291958969749
24 21 0 17 59209 0.9915792785292915
20 7 24 14 21807 1.0758219819705979
15 16 21 24 32489 1.0513683436525716
9 20 24 25 42660 0.9591162375739248
29 0 27 12 44457 1.083317463993997
5 11 19 0 72715 1.0712192936394054
11 24 13 10 57748 1.0095569691796173
26 24 2 18 58567 0.9946539380417592
20 17 29 27 53242 0.9820500117577976
28 17 14 26 60532 1.0502672162375422
22 15 27 20 20145 0.9741984970786592
24 13 21 6 20590 1.0490029432618497
6 29 29 8 67790 0.9081346247933201
12 24 25 28 36841 0.9053791598467058
22 28 2 18 72957 1.0686577873816174
15 16 19 9 25577 1.0692715032203786
2 22 24 27 71982 0.904161868213946
9 28 28 20 72905 0.9856526146254884
29 20 6 29 65872 1.03950795549289
5 18 21 10 42089 0.9010380940308556
3 17 27 7 65104 0.9397852162667404
22 21 28 9 43205 0.9096261869698629
5 7 24 20 63704 0.9443606275137216
26 18 6 16 36976 0.9069320058068017
4 19 21 12 47344 0.9764860254281351
10 15 5 26 23056 0.9532645111808041
20 6 3 20 54935 1.0194214901178231
1 12 26 14 47956 0.9863139552017499
7 22 10 13 20842 1.0434547909290401
22 2 9 1 58779 0.9418439875198759
2 24 27 25 74704 1.0910333974349864
11 7 24 23 70858 1.0583744854423276
2 6 10 3 43620 1.014047127246585
2 9 14 17 45528 1.0742606786276072
15 4 25 8 49511 1.0519051076656785
10 14 14 21 32716 0.9012807497897247
13 17 22 19 36119 0.96550037462721
6 0 22 27 103519 1.0224108991681555
0 15 29 17 61508 0.9317570700511184
14 2 13 22 70133 0.9676577316599289
3 9 9 25 49951 1.044319206039754
22 28 20 18 43466 0.9703401418640457
3 26 14 1 75491 0.906512750671294
22 14 26 0 31863 1.082744979037145
1 16 9 22 27708 0.945068876645396
11 6 19 19 60443 0.9089758342670827
4 6 2 26 51557 1.030363167669221
29 23 1 4 95799 0.9807768826473378
11 23 4 14 38251 0.9694339753055925
5 11 16 6 59328 1.0054259569917359
6 19 6 7 33188 0.9211308873398264
10 10 29 14 50479 1.053645798875133
9 23 27 16 47595 0.9720007778896627
27 20 1 29 73470 1.0829592141858202
10 7 20 20 62647 1.0526548791928385
15 27 5 6 76689 1.0937749203790912
2 10 10 24 49934 1.0307998447382518
15 5 8 8 39012 1.081931681045166
22 29 0 13 73325 0.9369621715088383
7 17 18 13 23713 1.0917627124206293
11 9 0 7 40568 1.027976218138263
14 18 0 2 65286 1.0173341007446588
7 4 1 12 45782 1.0572510678934381
26 0 5 21 66958 1.0974152848354546
7 29 25 3 65986 1.0498537492691988
3 12 7 19 22896 1.001619742123734
6 25 25 23 52184 1.0905891952502405
11 16 9 29 37131 1.0664660335620435
10 5 1 15 46337 0.906401213805447
11 15 1 13 19806 0.9715965446548356
17 15 16 28 33786 0.9291667422209346
3 23 27 27 79892 0.9806575674944151
16 28 2 2 100077 0.9795819303283069
24 9 6 18 38950 1.054090424527489
15 24 2 24 43719 0.9155397487624155
29 24 0 26 74817 1.0079530148217122
2 10 14 11 45319 1.0836255981987388
11 19 14 26 33888 1.0845476322474483
20 11 16 0 44572 1.0481904068125747
12 11 13 27 61089 1.0707064306147018
13 15 24 0 40732 1.0165654682242788
7 6 14 2 42757 1.0950561771917258
8 17 17 23 34990 0.9754248689789845
13 13 20 3 37270 0.9621012392048177
19 28 5 29 43634 0.9125345722134918
10 19 14 13 29789 0.9231000399569144
15 19 19 10 38315 1.032470920915705
13 4 23 6 52939 1.0811803937529787
26 21 1 19 58218 0.9036738704086387
4 27 11 16 39887 0.9091669113793688
14 28 27 1 87153 1.04462510412881
13 12 17 3 39968 0.9785015667664819
8 20 26 2 60508 0.9082927669142001
1 29 13 24 42116 0.9060237603812439
9 27 24 9 59310 0.9072481915349001
16 0 24 27 73771 1.031608238562006
10 14 2 23 38238 1.0769149251700894
26 5 8 10 59677 0.930250907084712
20 8 29 10 38766 0.9167431424238864
12 2 25 22 71518 0.9064089479372793
4 18 16 22 39111 0.9795018287998845
15 16 23 6 32854 1.0718902928828264
15 13 2 24 47664 1.0807305460173067
4 15 23 14 29764 1.0624476751574734
26 9 15 14 30454 1.0751134757381662
3 29 3 11 44055 0.993536709858195
28 25 1 25 75867 0.9740492289589469
17 12 13 6 29546 1.0832779058533935
29 22 20 8 52051 1.000268462246438
10 12 2 9 33046 0.9920328764223296
0 28 23 9 61557 0.9412936606254654
22 26 3 26 66524 0.9803328087994523
24 15 8 23 42083 0.9514222296676087
18 19 12 24 27734 1.0328236920135128
5 18 2 27 31472 1.010540510233633
13 16 8 2 49818 0.9900768821660756
2 2 3 15 52025 1.0918596415951003
2 15 21 20 51896 1.0821703929528637
14 4 8 0 35449 0.9490336450909908
3 19 28 5 74485 0.9779073636687239
27 21 3 23 70069 1.084464142541191
16 27 18 18 26459 0.9329169055622889
