6139 7561 6539 6521 6899 7002 8021 6254 7908 6468 7637 7117 5744 7399 6175 6873 5874 7098 4825 3836 4668 4518 4988 4090 5226 4464 5868 5132 4345
2328 2873 2302 3464 2920 2008 2417 1998 3983 3958 2419 2719 3183 4360 3257 3921 3312 4258 3321 4021 3972 2295 2457 3582 4372 3755 4296 3498 2875
7698 7942 8246 8099 7174 7534 6340 6145 7443 7380 6762 6248 7086 6319 6034 7140 5867 5788 7145 7469 7836 7854 6516 6628 7703 7531 6090 7469 6122
2394 3388 4375 2656 4218 2471 3599 4106 4515 2603 2652 4896 5049 4782 5725 6010 6274 6074 5605 4695 5104 4842 5161 4736 6440 4664 5505 4757 4884
7693 7340 6466 6433 5868 5917 5874 5622 6801 6529 6180 7036 5358 6038 7318 5162 5267 7135 5730 6468 6785 6796 5390 7095 5294 5251 6043 6880 7387
5395 7288 6219 6854 6816 6878 5898 7217 7335 6203 6834 5912 6851 6501 5739 5713 5969 7510 6378 7859 6462 6977 6555 7467 7124 6245 7666 6346 6029
5861 6013 6578 5630 5002 5973 5329 3628 3529 3512 4270 2219 3451 4191 3208 3456 2342 3951 2768 3466 4036 3655 3437 2345 2751 2332 3312 2673 2536
6630 6291 6723 6687 5904 6413 7058 6387 4570 5833 5622 5992 5041 5455 4853 3897 6028 4684 4318 4444 5917 5003 5282 6067 5619 6188 5471 4431 4903
4770 4828 4891 2726 3545 4218 3038 2964 4651 4236 2794 3338 3480 4655 4821 2743 4609 2502 3929 3831 3707 4332 2549 2584 3567 3506 3410 2667 2652
6746 6692 6704 5264 5521 7222 5674 6514 5314 6623 5245 5339 7424 7133 6344 5541 6399 5611 6294 5688 6339 6937 6716 6332 7526 6551 6686 7837 6941
5779 5988 4570 5843 5634 4445 5502 4772 4412 1589 2509 1763 3501 3689 2874 2087 1788 2906 2300 3201 2852 2112 2578 1656 3463 2358 2335 2176 1983
4582 5926 6193 5411 4932 5334 6138 5263 3395 2663 3747 2896 2570 3845 3580 2826 3026 2811 2059 2837 2949 1907 2779 3047 3769 4020 3133 3181 2035
4166 4346 3914 3806 4815 4190 3342 3944 4944 4896 3979 3854 3845 3714 3539 5192 4002 4750 4735 4970 3100 4760 2940 3177 3767 5177 4440 5154 4014
2596 2566 4341 4327 2645 2626 4205 4000 2782 2968 3686 3848 4320 2736 2376 3952 2821 2877 4493 2588 3578 3343 3113 2748 2406 3036 4071 3742 3230
4776 5246 4598 3491 4093 3659 5478 5726 5103 4728 3825 4521 4575 5099 4024 4813 4985 3535 4577 3458 3557 4819 4641 3468 3827 3665 4027 5838 5915
7097 6396 7819 6704 6533 7406 6624 8121 6801 6778 7915 7030 1919 3731 2896 2097 3963 4052 3152 3480 2863 3304 2448 2113 4143 2303 2752 4051 3161
5184 3402 5665 5118 5050 5659 3434 4370 4372 3733 5354 4635 4985 3857 5489 3927 7040 7245 6988 6804 5724 7176 6058 6478 6277 5792 6012 7497 6155
5304 3854 4610 3970 5118 5174 5209 3985 5446 5376 3639 5123 4626 4689 3742 4925 5525 5110 6237 5074 5904 6553 5135 6280 5791 7182 6948 5399 5491
7394 7281 4923 4451 3775 4418 5476 5264 3988 4198 5584 3792 3804 5459 4843 5087 5051 6012 5138 5988 4343 5601 3839 5090 5420 4112 3978 5457 5483
4689 5488 4647 5526 5572 5913 4171 5087 3332 2893 2683 2325 1519 2843 1609 2151 3181 3106 2553 2823 1458 2634 2518 1996 2144 2043 2296 3331 3094
5995 6037 5136 5706 6138 5375 6722 5651 5972 5527 6091 6444 6694 7162 6244 7002 7050 7080 6462 7156 5045 6315 6595 5480 4802 5203 5812 4893 6055
4191 3310 4283 3443 2952 2867 3136 2437 2529 2457 2709 2946 3294 3179 2838 3441 2786 2091 2325 3127 1893 2326 2355 3054 2311 2788 2690 2640 3607
3848 5171 4017 1661 3036 2547 1409 3264 1621 2929 2603 1256 2780 2775 1357 1255 1442 2780 3391 2197 1572 2878 1904 1977 3428 1649 2134 1468 1479
3818 4673 4838 3253 4125 4337 3768 5000 3663 5234 4731 4974 3396 3004 4124 4793 3512 4283 4678 3811 4976 4480 3928 3596 4232 4637 3341 3725 3346
4955 4315 5631 4921 5766 4411 4595 6187 5319 5895 7369 6219 5515 5998 5599 7323 6942 6802 7174 6438 7184 6450 5470 6423 6849 6696 6147 5871 7386
1906 1880 2561 3327 2171 2954 1879 2849 2572 1899 2332 2354 1912 2077 3253 3757 1823 2322 3699 2848 2652 3380 2552 1957 5535 6994 5736 5353 6979
3409 2341 2312 3069 3764 3238 4496 2690 3552 4081 3388 3606 3911 3155 4508 4420 3822 3604 7087 6763 6105 6154 7132 7399 6433 8090 6348 7441 6909
4233 2086 4128 7219 5502 6937 6860 7010 6461 6696 5956 6744 5512 5883 6396 5788 5739 7373 5633 5459 5369 6413 5352 6598 5589 5281 7405 5903 5518
3277 4102 4365 2404 2790 4254 4170 2437 4087 3152 4408 4566 3638 4736 4554 4396 4722 5089 5719 4380 5049 5367 5147 5282 5183 5391 4440 5666 4802
3308 3388 2939 2749 2653 3438 4096 3525 3824 3770 3367 3673 3704 5454 4106 6000 4268 4290 4099 4074 6145 4404 5943 4586 5682 5937 5399 6157 5166
3862 5826 4681 6095 5740 4132 2696 5967 5884 3806 4103 3546 3811 6174 2172 5843 3975 4481 5723 4414 7464 6293 6029 5379 5330 7929 6279 4100 3494 5181
3774 6031 3911 4755 6563 4043 3762 5516 7332 3540 2309 4208 5373 5939 1976 5361 3410 2946 7179 3703 6237 5471 6054 5732 6336 8511 6880 5534 3960 5949
2892 6509 6540 6529 4849 4012 4897 6403 7180 3023 3506 2766 4962 5400 1851 4914 2650 4320 5880 3900 8026 5493 7891 6114 3642 8200 6631 4574 2775 4194
3220 6573 8174 6072 5052 6268 5616 4702 6882 2802 3412 2831 4516 4635 1227 5103 3791 3293 5698 3212 6686 6021 5872 5777 3014 7187 5210 4629 5213 5980
3152 5889 7897 5902 5111 4534 5622 5707 5957 2776 3234 3155 4317 5231 3433 4980 2065 4138 7442 3670 7917 5163 7238 4901 2902 6590 6212 4756 4427 4285
2647 4760 7906 6364 3154 5668 4856 6318 6039 2664 2363 4543 5993 6675 1291 6385 2356 3399 7197 4053 7093 6354 6058 5608 4380 7071 4635 4459 5176 5827
3169 6200 7785 5309 3641 5121 5646 6032 6583 4379 4218 4591 4482 6087 1436 6206 3957 4266 1898 4167 6208 4483 7873 5065 2870 7187 5566 4646 4094 5652
4303 4565 7988 6212 3108 5166 4714 4893 6212 3769 3613 4081 5278 4973 2896 5058 3258 3673 2245 3702 6572 5965 8026 5775 3158 8310 6596 3910 5195 4648
3441 6635 6400 5047 4168 4777 4977 5109 6221 2955 3333 4281 5646 4979 2594 5874 2314 3889 2766 3490 6250 4927 5865 5902 3286 7142 4902 4635 5646 4047
3399 4377 8157 4647 4537 4784 5530 6019 5745 2584 3477 2805 4816 5409 3196 4412 1961 3657 1701 3769 6870 2938 6754 5482 4294 6829 5488 4593 4128 5355
4594 4789 6410 6987 4090 6305 5310 5308 7114 2297 2419 4124 5716 6255 3097 6425 3614 4235 2516 2661 6831 4751 6705 4356 3355 8561 6392 5598 3928 5294
2757 5339 6224 6778 3829 5250 5897 5178 5917 2558 3888 2716 5723 4939 2129 5901 4128 3017 2555 4083 7922 3190 7522 5633 3159 8105 5001 3736 4900 5523
3014 6251 6363 6341 3131 4614 4549 6793 6195 2360 3023 3733 4765 4937 2255 4433 3531 3804 3793 4301 6545 3266 7220 5120 4480 7675 6157 4401 5957 5084
3367 5925 7548 5451 4005 5031 5357 6198 5913 4295 2841 4399 4546 3453 2730 5395 2765 3260 3863 4759 7119 4894 6704 5508 2937 6930 5264 5672 3928 6127
3588 6203 7932 6635 4710 4825 5834 5390 3982 2561 3727 4002 4317 4634 3664 6631 2199 3423 3395 3445 7114 4404 6931 3985 2502 7852 6745 5396 5770 4460
3929 5717 6523 6486 3929 4937 4781 5467 4007 3355 3140 3163 4137 2769 3986 6235 2350 3596 2659 3389 7832 3396 5775 4572 2851 6761 4695 4201 5462 5681
4587 3703 7455 5591 3987 5491 5940 5780 2739 2330 3273 2697 4351 3340 3104 5642 2110 4593 3960 3371 7394 4382 7451 4952 3606 7298 6125 4653 4837 6193
5526 5126 8412 4964 3884 4852 4511 5605 3891 2731 3370 3925 6016 4081 2265 5278 3839 4660 2171 4469 6683 4190 6858 5071 3635 7943 6128 4855 4981 5718
3355 4776 7239 5486 3704 4758 5860 5170 2573 2803 2390 3760 3853 4547 4121 4423 2171 3715 3903 2964 7446 3133 6566 4195 4019 8144 5006 3948 4518 5405
4659 4152 6907 6343 4480 5633 5056 5879 2062 2492 2831 3162 5059 3989 2117 5191 2689 3533 3135 4443 6076 4508 6795 4915 3251 8025 4903 3645 5103 6165
5013 5268 6861 5034 2783 5339 5154 6108 4077 2262 2234 4600 3847 4037 3095 6655 2720 4479 3084 4097 7019 4475 7187 4236 3830 7477 5531 4160 5744 4303
4550 5729 6858 5016 3716 5221 4732 7080 4156 3075 3226 2490 3961 4800 3259 6336 2775 3320 1785 3324 7834 4121 4611 5442 3048 6979 6439 4257 3978 5368
3646 4162 7633 5367 4622 6031 6144 7440 2564 2440 2915 4029 4846 3250 3238 6269 3341 4435 2836 3226 7478 4574 3797 5827 3872 7176 6163 4347 5393 4832
3911 5245 6555 6960 3319 5910 4611 7523 2465 3267 3206 2341 4975 4713 3198 5688 3927 4649 2091 4044 6343 4663 3780 4833 3243 7962 5269 5023 4364 4655
3732 5495 6300 6514 3168 5483 5254 7340 2250 4391 3478 2601 4499 4506 2326 4865 2614 4672 2926 5505 5999 3748 3890 4999 4073 8642 6855 4810 6084 5583
5427 5668 7756 4875 2904 5877 4243 7860 3456 3555 7015 2456 4692 3075 3936 4404 2879 3433 3606 5365 5890 5001 3558 5562 4049 7886 7747 3810 5848 4196
5435 5176 7771 6081 4770 4545 4933 6526 3979 2383 7314 3030 5254 4006 3814 3391 3393 2855 3710 5866 4514 3411 3967 5549 2629 6286 7188 3521 4696 4749
5102 3974 6994 6351 3121 6429 4732 6299 3293 4477 5674 2585 5745 4003 2288 4691 7012 6291 3354 5774 6152 4152 3978 5074 3475 7740 8347 3255 4892 5793
4521 3909 7805 6598 3878 4952 4947 7062 2093 3333 6000 3754 4436 3841 3850 4260 5764 4566 2652 5193 4152 5184 4318 4732 2589 7111 6499 3618 4790 6088
16 16 12 0 64302 0.9162284735113753
11 12 12 3 36905 0.9968274117558524
20 1 25 25 81068 0.9738380539383681
25 10 22 27 45401 0.9561869506085693
12 28 11 19 32522 1.0313673457019137
4 0 16 8 71684 0.9612367933984253
15 18 5 24 48713 0.9905353300645668
5 16 25 18 60477 0.9976165587620698
15 18 0 27 78888 0.9785937929823763
21 17 10 6 64194 0.9224282736847637
7 8 1 18 51118 1.0801930779552293
22 24 5 15 72256 1.032990696249298
3 15 24 6 85017 1.0384753081313998
27 2 5 12 95996 0.9492257353249723
1 0 29 20 131494 1.0677128561091258
23 4 13 15 58712 1.0048779023049463
25 25 1 29 106498 1.0827634826484032
21 21 23 9 30747 0.9926445675985339
17 15 7 28 68760 0.9419278508436656
12 11 1 15 38281 1.0198863853466928
1 23 21 27 82296 1.0655897145532311
0 19 5 12 43250 1.0272858160437706
26 7 3 13 82071 0.9582318209458683
14 2 27 8 64252 0.9704105327815071
0 6 26 24 117937 0.91699374454125
25 23 29 14 40174 1.0610462789427362
6 21 24 28 82154 0.9849726595033855
23 10 4 16 65743 1.0937969815592075
21 21 29 0 74053 1.0614091182801932
12 29 29 16 92838 1.0181654056126777
15 0 5 24 99651 1.0883331027051693
11 10 16 26 65098 1.037566459297471
22 4 2 23 113241 1.0294793686380739
11 13 11 26 39455 1.0033771673610383
1 24 2 10 49386 0.9463372362253799
22 11 29 23 55459 1.0661246764042547
14 17 6 14 30012 0.9249624538568869
18 4 25 28 84176 1.0229080121178202
10 29 1 21 54531 0.9365991468460393
8 28 16 8 79254 0.9360893771652925
4 7 24 25 110778 0.9691542894022714
7 27 3 10 68747 1.0778190887981303
8 21 27 8 85404 0.9519327183523907
22 28 8 22 62065 0.9444849295704275
16 8 4 18 67753 1.051011004372353
26 29 17 6 88388 1.0256459464885463
23 13 15 11 31083 0.9251994971425644
21 5 18 22 53476 1.0735400630128527
15 17 28 16 45783 1.0474184215218818
14 6 1 14 56510 1.0535837430610941
7 23 23 19 70366 1.0585014451912669
1 11 15 15 46933 1.0652998535283156
9 14 3 4 51480 1.0369535427048098
26 3 23 11 27571 0.907000029612157
3 27 12 20 52835 1.0127542107522856
3 22 11 27 47555 0.9548289960963323
29 10 6 3 97069 0.9849471266329682
27 22 0 21 107610 1.0858212280381379
29 11 23 21 45498 0.9918472625097094
26 16 10 28 75876 0.9094881070903914
18 21 27 11 45396 1.0006723458860198
25 28 28 10 70683 0.9188364804468759
11 0 2 16 83438 1.0401639224325192
25 15 0 13 77308 0.9673053024781115
12 18 19 13 31528 0.9072841114999921
27 0 1 15 107550 1.0349656038197925
16 28 18 17 44953 0.9361335283425313
26 18 17 23 40715 0.9266578366693069
20 17 27 29 56447 0.9937483805426862
25 9 6 9 56904 1.085929632200151
8 8 6 16 34150 1.0552096606528776
21 4 3 6 77992 1.051922050125166
5 12 2 3 45247 0.9994239508614603
26 24 5 22 81358 0.9106831881098005
10 10 22 20 57568 0.9107716073154669
13 6 28 18 73640 1.0613170250135813
10 14 6 27 46357 1.0648037277156157
0 24 18 0 130977 1.0777305534827282
24 26 14 18 54520 1.0309921238144502
25 23 19 13 41132 1.02315430529905
20 2 22 27 69031 1.0607012478697582
26 26 4 15 103364 0.9165915186435674
1 23 8 2 89460 1.0875872703772698
7 9 20 8 39992 0.9608323614433372
7 11 24 1 80400 1.0174750670579127
18 8 1 16 66604 1.0341427239182044
24 17 14 3 72042 1.0986853310754274
3 4 12 0 43495 0.9693215755486462
23 20 8 9 67312 0.9667788377207126
26 26 15 2 114427 1.0460719016054265
3 13 15 17 43591 1.0482077985300273
0 16 19 10 67774 0.9594544948976972
24 24 9 5 96294 0.9029359024962881
19 9 21 17 24218 0.9361223698211427
22 8 27 28 69342 0.9005149038515944
2 6 27 27 132654 0.9676476270060209
1 27 22 26 91705 1.0160749926551713
16 29 1 6 107815 1.090851826925914
2 28 9 4 106742 1.0963435689838033
12 20 4 18 36877 0.9035804736451297
14 1 16 24 90470 1.0194802718151406
27 15 17 6 57426 1.047575242941801
27 21 9 12 78784 1.049350667868945
12 22 0 10 64650 1.0850909821040908
10 24 18 16 42428 0.9177620162975272
13 28 18 0 113787 1.0464622011782887
15 18 27 2 74683 1.075745096225455
14 9 21 0 47682 0.914629152971627
23 6 10 18 65573 0.9038610579380694
20 15 29 29 76357 0.9898725157636175
18 5 10 2 45753 0.9459840536448223
27 5 1 29 142494 0.9119499890009641
6 16 14 12 34696 1.0910471586059065
10 16 5 5 54377 1.0049442439806409
6 12 12 17 31765 1.0725621922724524
19 27 15 17 37210 1.0328238303728705
14 14 24 16 34579 1.0850402559202934
24 26 15 12 63612 1.0945215298783604
8 10 25 7 53267 0.9547401790253874
15 27 17 12 53704 1.0892359966393839
8 5 12 18 48187 0.999409743673533
12 3 7 29 93666 1.0597170688040356
25 7 14 14 48856 1.0675748190586367
23 28 13 10 70641 0.9424785380211915
9 29 10 5 74206 0.9810839972981347
29 19 8 13 77033 0.915509077248455
17 24 19 8 47278 0.9935067885961641
5 13 15 6 60358 1.060890062087836
13 11 5 28 72591 1.057818163600521
1 25 28 1 142279 0.9738879648109677
13 3 17 12 45204 0.9703894526393625
29 4 17 22 81317 1.0546425796791783
1 6 21 3 84298 0.9661299095437278
22 28 13 0 96816 0.974150257172289
26 28 22 14 51121 1.0645991691729366
25 8 15 18 48774 0.9854275099717256
2 11 15 6 59343 0.9994332614069912
26 24 16 1 94748 1.0900894692969862
8 6 3 24 76448 0.9003087040411765
24 1 10 12 70996 0.9224180391694226
27 15 9 29 91025 0.9492680382573576
4 21 7 28 36116 0.9559637728398623
4 29 3 14 62331 1.0552304116984148
12 25 27 27 66648 1.0646837854884184
25 23 1 21 96034 1.034104365039733
23 19 16 5 58371 1.0504504182639802
24 5 0 11 90213 0.9417610159345732
0 28 13 19 73041 1.033788808004559
6 25 14 10 64346 0.9365559543652057
16 14 3 29 85519 1.0653372071465388
10 10 11 23 36164 0.9630760189593975
10 11 4 17 35092 1.0768129893403346
29 1 15 17 80010 1.0432925467157708
6 14 15 17 32858 1.0801454443347849
7 11 4 20 44368 0.9075876259609366
17 18 7 19 33771 1.0182262016615256
27 2 8 23 110759 0.9719515815907948
21 27 17 3 78245 0.9882237672923946
6 23 1 29 37839 1.0413730371769734
12 21 1 17 44208 1.096554311369648
12 13 3 8 44604 1.067185612311781
12 3 15 14 47147 1.0964907136089994
15 22 20 5 68244 1.0624716926513809
15 0 24 15 80072 1.0826566151126835
29 8 14 29 97865 0.9257541578283994
28 23 21 3 74813 0.9728840168915154
1 28 23 27 98458 0.9042985820278714
6 9 12 28 70252 0.9000707877775775
12 18 25 7 59813 1.0319421527251422
28 23 3 10 111560 1.0615716110211921
12 4 27 22 91476 0.9930497397376391
25 9 28 0 35478 0.9340856721211278
15 1 14 11 49254 1.0968963319505023
13 28 26 22 61840 1.0406122265671465
22 3 29 11 37824 0.9566813882343445
0 22 18 1 125001 1.0904974677238621
17 29 29 20 74653 1.043206109360469
25 21 6 5 99094 0.972246087062746
19 11 29 25 65357 0.9124414746901005
29 26 4 5 141546 1.0244995962723165
8 6 22 20 73125 1.044598972073376
27 0 22 14 50566 0.9109010352769944
21 25 7 25 56293 0.9719420520304622
18 17 26 12 35135 0.9805380875383483
10 4 4 28 96449 0.9816322554993233
20 28 10 25 48924 1.0564621889401689
13 14 11 26 39994 0.9811750242799295
28 8 7 18 79475 0.9882890798046051
12 11 23 15 48199 1.055035796598034
10 24 6 18 23309 0.9997428889918523
22 12 14 15 33833 1.0961009041011298
13 8 4 11 37551 0.9880767208566347
27 20 0 0 130812 0.9236038233830103
25 18 1 9 85706 0.9842701360351892
10 0 25 23 107567 1.0697932817026239
2 17 19 23 68512 1.0485365162265667
21 16 14 9 35212 1.0607289313857806
15 19 10 9 41980 0.9162409904843398
5 21 18 4 91928 0.901137126542603
28 7 0 2 107449 1.075869372892131
27 11 20 24 48120 0.9446804098094711
3 19 10 25 40475 0.9556529470472914
18 29 20 4 75938 0.9829552482606049
6 0 10 6 42238 1.0331527538026772
6 20 19 24 57625 0.9544575805408866
29 17 21 5 56898 1.0979975226842906
12 16 0 3 72127 0.9674822225908971
26 20 12 15 56180 1.0674502470990257
25 15 6 29 93634 0.9931597832669564
23 1 21 15 45328 0.9286395688996533
24 29 3 18 98301 0.9496058069489313
9 28 8 4 75820 0.9509608562263854
1 11 29 5 98665 0.9862510785318237
26 12 20 1 49938 1.0332493137631826
18 29 28 6 85711 1.07845791308243
15 7 3 23 90406 0.9206652469257134
0 28 1 12 61354 1.0867030086385292
21 26 21 14 31335 1.0366824738343299
8 23 10 15 29596 1.0636316086292823
9 24 16 13 49023 1.0900422684272242
11 7 23 23 75469 1.0819593470815665
8 14 19 20 46696 1.031634680465504
6 27 27 1 124296 0.9664690252874542
16 12 3 20 60325 1.0937005097359493
8 11 22 12 49186 1.070013692989413
19 17 12 2 64388 1.0640546127666148
7 3 22 27 105368 1.0604011305772358
2 27 14 11 87541 1.0621510833816403
22 26 10 21 52096 0.9346188031783362
9 0 4 10 56329 1.073816995670471
18 21 28 23 47033 1.083304772632358
4 10 0 20 48227 1.0120648362736342
16 29 18 0 113320 0.9487472311480966
27 19 0 14 84188 0.9281998088727104
2 7 18 25 104335 0.9747219862435914
26 15 11 10 58887 1.083137274976876
13 20 22 15 37652 1.0712012139327969
5 23 14 29 54590 0.953745108067189
6 13 4 23 45019 0.9741887548224115
13 7 20 19 54163 0.9776033161863935
9 23 17 19 42110 0.929378273001971
10 29 4 20 52583 0.9919335990991469
12 22 27 12 73310 1.0097082567354547
13 11 25 17 51421 1.0041166317381076
17 20 5 6 84843 1.0593338808416808
15 22 19 1 86313 1.0042211039685665
3 16 20 7 73477 1.0250950647114194
6 6 21 26 97951 0.915867917003544
22 6 4 13 73348 0.9877250207744749
7 3 1 10 50282 1.0183752156704091
4 10 27 23 104473 0.9724827773431184
26 18 9 20 59939 1.0637147142675945
23 1 21 15 45328 0.9695372554955489
15 5 27 21 82155 0.9990050239683367
4 3 15 13 73008 0.9721032803566613
7 1 11 23 78718 1.0245911314844047
11 14 17 9 33180 0.9433836417567869
11 8 12 22 46709 1.011942545948926
8 5 9 26 69124 0.9609789387635492
9 18 23 13 48518 0.9557299956963021
26 2 9 7 74569 1.0931013614240335
16 13 2 18 59343 0.9623211821881333
29 2 16 15 74060 0.9266923117780623
17 10 10 27 66283 0.9467605999358017
14 5 28 14 71508 1.0825352271606605
14 4 4 22 86015 1.0174503225323424
18 15 29 23 60459 1.0344948642394587
19 19 1 24 75855 1.059971778197197
17 10 26 29 73012 0.9406379027148702
1 21 16 27 72048 1.0657085239650108
5 24 10 17 35593 0.9458983612684563
4 12 15 16 45015 0.9214782146142771
3 24 11 1 104804 0.912130429065782
10 8 27 5 63185 1.0214765642084171
8 22 29 26 88935 0.9420354216532293
1 21 1 3 59491 1.0765743411221353
7 11 27 3 79191 1.0655307195606312
17 26 28 25 51974 1.0473672506933767
9 22 27 8 86593 0.9313141702164772
26 17 11 22 57663 1.0250915054662633
27 3 7 21 105333 1.0154925657894627
26 5 4 4 87744 0.9074365369724063
1 12 22 29 92834 0.9768652394430696
21 16 29 21 41462 0.989569817522544
24 24 13 28 50049 0.9686396652858381
24 8 23 17 27482 0.9160336645989012
2 20 27 8 103152 0.9822561540613958
6 1 10 29 96885 0.9034403429864051
21 2 21 23 55825 0.9915748605150647
20 28 1 28 89998 0.9011073539342676
5 10 12 24 57484 0.9640938975364128
1 0 23 27 127623 1.0826626768122314
12 20 24 0 89928 1.0824975282521747
20 16 3 18 59941 1.0228463130075922
3 29 21 4 122476 1.0842393274202418
23 1 9 6 76766 1.0429795817255092
12 18 2 11 48004 1.086666288579723
3 18 9 25 50216 0.9093370559026884
2 0 4 19 73590 1.0211907078085436
2 1 1 10 31954 0.929938394373665
20 11 1 18 71848 0.9661139775497687
22 28 10 6 88629 1.0896611191426684
25 7 0 24 116457 1.02641204695998
4 9 22 7 57131 0.9713674467913056
15 26 9 17 44141 0.9675404366091052
26 21 24 1 61617 1.0235388904784493
19 28 4 15 77097 0.921414942853605
18 28 27 5 81149 1.0325298021071445
29 5 14 6 67380 0.9450678545292917
8 9 4 0 48902 0.9331969668010328
27 7 6 15 81072 1.0671572978940151
9 3 26 12 82627 0.9958032196921399
16 23 12 1 88116 1.0426714449843613
5 11 29 15 87104 0.9243028888733819
25 29 22 18 39147 0.9220080895052662
13 29 25 26 66510 0.9597728572046171
14 16 13 27 37839 1.0202601619015534
9 26 22 7 83932 0.9447484424633776
16 17 19 25 31903 1.0828701266257357
14 7 0 17 68117 1.0074548034873287
7 2 20 19 94156 0.9932292551325723
13 28 17 19 39662 1.0601685878821985
29 26 16 26 65313 1.0995117265710155
21 18 7 6 72505 0.9453775637946183
19 28 25 4 69730 1.012549308735421
19 16 5 5 77678 1.0655462767418147
18 20 9 8 66642 1.0294909601984816
21 9 21 26 43265 1.0398149519398707
3 23 18 15 75027 1.0436099837076354
18 28 4 2 127782 0.9936830067705744
16 7 29 24 80344 0.9834257874404306
7 23 28 21 87904 0.9012504331102491
12 27 17 10 70190 0.9476031347197874
13 19 11 4 57295 1.0398255607345828
11 15 8 4 43683 0.9469669428862528
17 10 5 26 81453 1.0254192629913617
11 16 27 2 81041 1.014508281423435
13 20 3 29 64036 0.996288939174055
3 6 6 19 53590 1.037581320216572
18 20 24 28 43189 0.9284577342906958
10 7 5 18 47697 1.0618625847546541
7 18 29 3 96022 0.9020231490655966
8 19 25 13 60027 0.9586995159082303
2 26 28 8 128745 1.0720945507951807
28 0 10 14 87976 0.919372063173667
7 11 19 29 82540 0.9352648378013848
10 29 14 6 73279 0.9302473713912564
16 12 23 6 39766 0.9512049470902678
13 7 18 14 39168 1.079430760517798
28 22 27 6 62287 1.0680834808937483
28 7 21 28 67818 0.9677670046243821
6 16 13 20 30450 1.0358451944264395
22 8 16 19 42159 1.0162563667337583
24 7 22 20 37602 0.9503602527496047
27 5 25 27 76408 0.9842819777700412
26 8 2 3 95498 1.0048965974749982
10 0 1 23 101743 1.0141154632322913
21 26 7 21 62900 0.954043231483821
17 12 0 7 72274 0.9726445505365613
23 25 9 18 60543 1.03522881062784
17 26 28 5 86973 1.015870166343044
27 11 24 0 35548 1.0741675408987739
18 17 9 10 47062 0.9507235785377463
4 6 1 29 92127 0.9247610228164501
8 21 13 26 30647 0.9865075094430121
3 0 27 16 116928 0.9022667685756182
5 12 10 29 60426 0.9912922095601115
0 29 27 28 129364 0.9676273006092363
20 19 3 1 105853 0.9702648617421806
4 8 14 16 55553 0.91856862581371
6 10 4 1 47513 0.9282730222476457
18 9 17 21 39270 0.911622797707367
29 26 16 23 61892 0.9445163242888432
19 28 6 17 65172 0.9234945364322559
0 22 25 20 97452 0.9871531539644898
11 5 3 23 87248 1.0192492781648392
0 17 14 3 78891 0.9401816610191012
15 1 3 29 127544 0.9803306907958867
2 6 14 6 62035 0.9774476909532575
1 17 16 21 59670 0.951722961106658
14 1 7 11 55897 1.0435171786816027
2 19 22 22 73070 1.0141594615562686
0 23 19 28 83201 1.0057136211576043
9 20 15 13 39018 0.9515925503189058
21 11 8 5 55620 1.0716337997782484
28 4 5 14 87131 1.009057674788089
5 0 21 17 99705 1.0336422627047992
23 22 3 8 91624 0.9557221624140466
19 3 26 22 71549 0.9446144624093749
26 6 0 13 93512 0.9882872073703902
15 5 5 6 53961 0.9207958249707592
1 10 21 3 77755 0.9599859944177365
27 24 7 10 94022 1.0031871317329417
8 26 6 13 49296 1.0653016880439177
1 22 8 14 42467 1.0502746910285121
27 27 21 16 49303 1.0233365904588845
23 25 26 12 46300 1.0793990730705645
23 12 0 17 80114 1.017268610949187
23 11 20 2 38285 1.0168113051322836
25 16 11 17 43142 1.05511250641752
29 4 8 26 115817 1.0128237737048078
25 25 0 7 120277 0.9537912147876398
15 5 2 1 68930 1.0948585170522216
20 2 6 16 86383 1.0199471337764099
7 1 6 26 96008 1.0486122762014856
3 1 17 7 79779 0.9452187507516809
8 16 4 3 65178 1.0034292233631557
28 27 10 29 82782 1.020948391555907
9 5 21 14 66680 0.9745279131904667
26 20 2 11 94882 1.010857622710589
28 6 26 20 54073 0.9108655179439623
15 22 4 19 48022 1.0204669739390484
20 0 11 29 114009 1.0579401151230967
14 5 29 7 65201 1.060962663069557
17 26 2 26 75078 1.0144971159612073
10 15 11 2 54888 0.9184792546002776
2 27 3 5 87453 0.9389549465234928
7 0 27 29 143818 1.0585443053982493
26 12 6 18 66845 0.9966339993777693
13 23 20 26 31388 0.9670247074851173
24 24 25 13 34393 1.0435332883515263
16 0 3 10 72719 1.0310652676343317
23 4 17 20 58740 0.9397726770264578
3 9 16 25 84895 0.9104768089915988
8 0 25 11 86749 1.0799363778910755
0 1 24 8 96052 1.0067267700455373
29 29 15 19 81805 0.9020056540519605
22 22 1 6 96289 0.9917775933215732
18 14 6 18 41495 1.0715470623929453
18 17 21 4 41469 1.0085509781308484
25 5 10 24 84320 0.9232883194141074
7 3 6 16 56853 0.9239752277467176
26 12 14 17 45893 1.0868004276466914
21 18 27 1 55517 1.0937545226290575
22 26 11 28 54239 1.0950939647479414
27 14 3 8 87208 0.996923063030867
4 4 4 14 45170 1.058626457208679
29 17 29 7 41691 0.9154530696837159
26 6 9 28 100069 1.0865790699402076
4 26 21 13 86288 0.9801814680297455
10 22 10 0 80116 1.0760023731020925
23 17 1 24 90181 0.9336047327635949
5 8 16 15 59312 1.093503583647438
8 11 17 17 44797 0.979943376268527
22 15 9 18 41136 1.0063389566996714
7 12 27 25 97704 1.0721103417315927
15 27 11 7 73991 1.0602735797416454
26 9 12 9 41917 1.0005526049401985
28 21 10 2 111467 0.9210779194382634
21 0 22 10 33267 0.9095298377737926
6 25 23 8 88282 0.9755282748540018
3 11 27 4 86730 1.0481045048326005
5 19 14 6 61696 1.0825420790966243
16 1 12 19 81199 1.0973459013174982
29 24 7 5 114604 1.0321899967129118
29 28 5 19 107921 0.9056988793711663
14 7 0 11 56507 0.9920312444357066
19 5 17 16 40536 1.0176536549657018
1 18 3 2 60930 0.9553124405170053
27 3 24 17 48558 1.065677499704755
2 14 20 0 95180 1.0665782935327417
4 25 2 4 89210 0.9705409849822199
27 13 22 23 36696 0.9267030745999705
13 1 7 21 78804 1.0414420371799376
21 19 2 9 78876 1.0650074575952
0 20 13 7 73267 0.9334674931399817
26 7 27 24 54213 0.9967153897923506
0 26 13 9 88968 1.0917951059979998
15 23 22 2 72423 1.0170592761349402
25 9 11 15 55641 0.9316336702748231
27 20 18 2 79915 1.015341699810353
24 20 8 8 78306 1.087842882797322
4 3 26 23 125293 0.9697765535409006
5 0 17 4 57785 1.0503672824393067
11 28 18 18 52077 0.9596700798672748
25 27 9 18 73830 1.0123160764634038
26 24 15 20 50205 0.9312111057788768
22 2 29 17 61360 1.0705561452994794
0 10 21 1 89451 0.9370654514854203
29 24 20 21 39188 0.9404945170656615
3 16 13 23 46388 0.9493786825300198
0 18 27 10 102740 1.074066761530007
14 12 28 27 83397 0.9826889903508328
24 8 23 22 39662 0.9694018219218563
7 9 21 28 86416 1.0625184502244698
23 7 29 18 47338 1.042794639497704
11 7 25 16 63366 0.9743833621550546
12 27 18 9 72559 0.9930298773123074
16 6 24 12 43527 1.015461116753036
3 11 29 24 109509 0.9846210331555402
20 14 12 5 50682 1.0768518664560927
11 1 8 18 70668 1.0654811165551996
25 8 10 26 82459 0.991219517972199
18 8 0 26 108228 1.0224625038678201
16 14 0 4 73466 1.0443706744407157
28 28 23 12 67817 0.91124566844646
14 15 19 0 76876 0.9722026808960105
3 17 15 13 47038 0.9244560008829757
28 13 10 6 76707 1.020432423919497
10 13 28 10 66146 0.9514122436552654
19 1 14 13 67797 1.013980148100457
25 23 15 16 45525 0.976561037285057
3 0 13 28 115305 0.9362392591399793
7 18 11 29 37706 1.0607905417628154
13 2 9 11 39044 1.0180570994868319
24 20 23 1 62836 1.0614479314572032
14 0 10 13 50032 0.9234760380157213
4 11 1 4 27975 1.0614269980199216
25 1 8 11 70824 0.9979039956593427
14 7 8 15 43857 0.9996526513049243
10 3 24 18 82208 0.9270568464948967
12 14 26 13 44510 1.0082198326868441
24 4 3 26 122304 1.0743106673634157
2 9 16 6 54554 1.0839629453978166
5 11 1 20 45312 0.9832549373773305
21 26 17 18 32236 0.9474826652391096
11 4 18 25 87024 0.924154758563474
10 18 18 9 45193 0.9738109027359769
11 27 9 4 79282 1.0072209062007205
28 14 7 11 74742 1.0862208190629694
26 13 26 29 64091 1.0667030646817253
25 3 12 8 55288 1.0376989131446592
13 20 10 12 32392 0.9953552282495822
24 11 24 27 50515 0.9066493854458573
1 17 17 10 64163 0.9589689684244015
12 11 20 20 53169 1.0228612749365027
10 21 29 28 88771 1.0360253851154393
8 11 26 27 96473 0.9187994673066956
19 8 15 27 62933 1.0899909407052149
12 20 5 27 43450 0.9220535294096325
28 11 14 24 68609 0.9206667716582223
27 6 10 29 102857 1.051396161183221
0 0 23 26 131167 1.0703186690262725
4 28 19 17 80803 0.9859745881111389
10 1 21 0 49166 1.0725597455158398
15 3 7 24 85747 0.9338155319333478
18 19 8 28 61921 0.9628848862243655
14 10 22 6 32587 1.0890116023227594
2 28 28 9 127413 1.0398716570093671
13 19 20 3 68675 1.0217915943269011
7 16 27 4 83806 0.9397801203420248
13 27 23 13 63908 0.9024958025543064
26 2 13 22 85311 0.9612579805487477
4 19 26 28 100207 0.9825096138708656
2 25 12 22 47880 0.9751041177473745
15 4 18 16 52872 0.9996676143975193
20 13 11 10 36168 0.9688646710852116
2 15 11 7 47964 1.0209795811558093
28 7 7 28 115049 0.9888484202348724
0 24 17 18 74314 1.0803956353000261
9 9 0 26 84337 1.0564844408125051
26 18 1 2 108404 1.076956583161505
12 4 16 17 55798 0.954493426265794
1 6 21 28 109975 1.0418627216400351
27 14 16 19 44707 0.9431234019807653
7 29 9 6 83856 0.9994716019271471
22 10 13 7 35294 1.090741828097644
0 9 14 15 54580 0.9265761367743637
25 11 16 24 55185 0.9007756896903827
28 1 11 24 104726 0.9720718916057769
29 25 17 27 55027 0.9347857121163408
1 10 6 19 38184 1.0386343594478615
11 8 20 12 39348 0.9190899448201638
22 22 0 8 97758 1.0711518812012746
10 20 27 27 78593 1.0693828188541021
9 15 25 3 75536 0.9971860105211199
16 17 24 21 40178 0.9379856886063336
11 27 2 9 76111 1.0936030303459994
13 17 3 17 35132 0.9453240848289675
26 23 8 13 80305 1.0087553434640124
27 9 3 13 81951 0.9600352428357566
9 10 9 24 43587 0.9861826929705061
28 24 15 22 50142 0.9132809275491239
19 22 4 0 110417 0.962967051861467
4 27 11 24 34573 1.0709642215138966
4 6 24 7 82607 1.059019125677306
16 11 22 29 56451 0.9148505557300045
1 24 18 6 104562 1.0218219119129857
24 28 11 5 99962 0.9345251393727616
29 17 6 17 74845 1.0061016069948978
8 0 9 23 82401 1.0803902585127556
18 2 26 15 62395 1.026105745125722
10 26 18 24 32346 1.0959393314419765
16 9 6 20 54976 0.9079845270940308
14 28 1 25 66431 0.9162647921144392
18 22 28 16 48854 1.0069757562944261
26 8 7 14 67212 1.002737106717524
16 5 15 15 44240 0.9210108762983946
27 6 20 10 30570 0.98302921761053
15 25 19 1 93552 1.0797257836354948
8 6 12 28 72757 1.0326610153644658
21 27 8 9 80007 1.0382992667345583
14 9 21 25 57480 1.09871379085501
20 28 12 24 38947 0.9404434292415702
13 18 25 6 57899 1.0862982925089546
13 28 1 13 72863 0.9501793503898407
2 25 20 27 75921 0.9463068001910588
13 17 0 27 74507 1.088489563681389
14 28 0 12 83785 0.9046861969589498
18 0 16 24 94356 1.0711841529964428
1 19 10 8 55432 1.0327341283104496
1 25 27 5 129404 0.9065190616056097
6 12 10 3 48757 0.986513127356794
28 22 18 5 79053 0.9328992742774709
19 13 25 0 45551 1.0452315110351729
28 12 1 11 91545 1.0374477008490908
16 25 4 14 64761 0.9571101593628355
6 24 18 5 92646 1.0627791953874839
29 29 2 3 159371 1.0347549010612151
14 27 20 16 51090 0.9470621744093367
7 25 12 4 79852 1.026127777008042
7 5 20 5 63147 1.083730240333805
1 26 29 2 146619 1.0471481687255408
21 2 4 11 79245 1.0371154037730472
0 18 22 23 87721 0.9422929367341623
18 16 9 8 48021 1.0383280137089899
7 15 29 6 89051 0.9992948627604021
8 5 15 1 46662 1.0374513377818935
7 18 18 22 49898 1.0054784694551697
5 17 29 17 78244 1.00827310826756
8 29 8 17 39236 0.9210234643189524
13 11 2 21 65645 1.0250198380614262
20 16 14 5 52458 0.9563903019774265
14 23 13 9 52207 1.0379076590862986
22 21 0 27 97487 1.0157913982887243
7 19 17 5 72641 1.0233110620425832
19 8 16 28 63774 0.9390866137265153
23 15 4 14 58030 1.0627101803815415
21 28 28 1 84282 0.9424656648110858
21 1 19 17 48790 0.9342056245046977
26 12 12 2 72627 1.0944845195047135
4 19 6 0 85501 0.9848962999760006
21 27 2 8 106863 0.9891814422009817
3 18 0 10 40614 1.033510496283474
21 1 5 13 85966 1.0108840780864237
1 2 12 29 101803 0.9812822573593365
2 26 15 20 68540 0.9167241371406492
29 23 6 19 90011 0.9585126499600528
27 10 13 27 84430 0.9584498188535437
5 19 29 23 94064 1.0115121635404187
14 9 1 5 50408 1.0170371935356635
11 19 24 1 84694 0.9878554309318207
5 8 14 19 63265 1.0534024090997178
19 7 25 19 46026 1.0683719211541556
25 9 14 2 59389 0.904675933637454
20 29 1 23 87081 0.9487777731163093
16 15 23 19 30735 1.0205171324484472
13 17 1 26 66111 1.0567877291050845
15 9 29 27 86788 0.9221663773502792
20 9 20 28 53701 1.0863209245300598
8 11 26 2 71341 0.923974785331174
24 6 29 11 28610 0.9749218989981685
1 18 29 29 130029 1.0023581612522663
6 29 9 6 84703 1.0094822660064677
21 17 10 16 34902 0.9246656537671883
10 18 25 23 59803 0.9444467821213773
13 27 15 11 57711 1.0135700851765461
19 24 16 0 86335 0.9095183038799474
10 21 16 4 67176 0.9345925760510168
18 7 22 22 47262 0.9860910691282929
25 24 25 1 59010 1.0301176598798818
10 3 18 24 91537 0.980175041649433
16 4 0 23 105261 0.9849162401364804
5 22 3 5 73276 0.9241614848516967
21 10 10 27 70950 1.0279899695934716
4 22 24 24 79640 1.035403361165049
3 4 23 9 76397 0.9697285104673876
3 11 22 13 68673 0.9506801255278281
13 3 23 21 76449 0.9435560927384529
18 20 19 9 33815 0.9058077666988693
22 26 6 21 68795 0.9640895500087359
22 13 29 16 34317 0.9847171348267421
17 11 8 1 63111 1.079870705878344
19 1 4 8 88368 1.0438581915529321
24 13 15 1 69829 1.0277690693647354
11 28 11 14 41711 0.9291547335685966
7 24 17 25 39419 1.0118775759061873
25 3 13 2 58302 1.0771849139265162
29 2 18 1 56942 1.0495424890072118
14 16 26 1 65187 0.9803670188063199
19 26 25 19 37619 1.0518859459354697
10 18 4 5 63605 1.0192455928125401
24 14 4 2 102815 1.0080858911573014
21 3 3 25 112959 1.0838377887607158
22 13 23 28 37600 0.9633821623853754
25 26 21 1 82607 1.0367662656673189
0 12 12 20 54537 1.0548959074724593
25 23 17 19 39963 1.0878578682595212
10 25 21 15 56912 1.0651404432510665
0 22 4 8 65088 0.9395939899970521
10 12 29 10 66596 1.0800793273259148
0 7 26 18 101260 0.953514464528276
21 18 11 10 49068 0.9991034971600337
0 6 27 5 98359 0.9602084620756698
23 28 20 11 48726 1.0397940609032417
10 20 20 4 72757 1.098844028010958
27 0 16 10 57649 1.0136683277528604
14 11 3 6 50998 0.9140263245013531
16 4 4 18 82072 0.9396210258345188
0 17 6 6 54878 0.9755849247230073
21 22 4 18 67954 1.0559231423258364
29 27 5 5 137224 0.9381175752523743
0 13 3 27 66498 1.0036040950533645
9 13 26 15 61339 1.0843840122949495
21 28 0 10 101722 1.0011525941282127
3 1 19 9 76547 1.0148158254273025
15 5 12 13 41138 0.9977871912919165
21 19 14 22 37145 1.0650951635453725
21 19 25 11 26049 0.9072109043337082
27 14 22 20 28934 1.0606104422044926
1 7 17 21 85570 1.0539446667399737
9 28 29 1 124636 0.9453353526663774
3 5 14 14 59882 0.9739385593421529
28 25 22 8 61075 1.0095085868075235
12 8 29 7 58454 0.921278374953028
5 21 8 14 33913 0.9981116528786713
22 0 2 29 141810 0.9819526914736031
17 15 6 10 48960 0.9271333827386706
6 26 27 26 88100 0.9900456748686749
8 22 16 7 69140 1.0646573598679576
1 21 9 16 42685 1.0771512210632246
5 15 0 7 42813 1.0594549805465445
4 18 12 21 36800 0.9120329237870867
24 13 7 17 60798 0.9288318916721519
2 5 21 6 78778 0.9735359323382338
26 18 4 17 68376 1.0695074984624513
19 11 2 29 102544 0.9028152072874718
1 6 17 24 92181 0.984709816294495
18 23 11 27 38271 0.9869724485942117
13 0 10 13 46665 0.904744015401936
5 6 0 17 59528 1.0649043579009483
12 10 4 22 63255 0.9038122356923475
12 28 26 17 74212 1.0156993938033057
21 5 12 20 66251 1.0246743324966991
7 28 22 8 94605 1.0918747292006483
6 17 12 24 33774 0.9635232994458272
24 21 3 14 73784 1.065588302474076
15 19 23 8 47211 1.0710986579574802
7 17 13 22 30802 1.073114839603826
29 0 12 15 91377 1.0521765402242285
12 16 3 15 33454 0.9925643009289029
1 19 27 4 109478 1.028504825452712
5 0 14 8 60543 1.0707463083641813
12 24 26 14 65548 0.94696085840144
7 23 25 5 98307 0.9073389821978847
13 7 22 25 68259 1.0844166297227351
9 27 16 16 49228 1.0855815851786061
6 11 3 3 37349 0.9137804559342395
14 3 21 27 90392 1.050898610700046
14 13 23 27 61376 1.0710178288137389
10 22 23 12 60582 0.9875058677023631
13 12 23 0 66626 0.9755760929368685
7 0 0 24 99512 1.0273426603373104
14 3 6 25 84733 0.9174350372733376
9 22 23 11 68755 0.94481937191386
28 13 8 12 71670 1.0745864411475894
1 1 29 5 116356 1.05386273648705
17 13 4 5 74614 0.9305255022335301
0 20 2 1 70954 0.941181485520906
4 25 8 3 89217 1.0781531541368796
22 5 29 16 51639 1.0766755179651548
8 4 24 6 71291 1.0838674725026813
22 27 2 23 82058 0.9943440238191089
4 23 18 25 58407 0.9149520452678271
26 16 0 11 83896 0.9350531125689899
26 23 8 29 81097 1.0328750023712416
7 21 28 11 85359 1.0469328429103353
26 25 26 7 58017 1.0332642320815681
18 24 22 7 50067 0.9920916115705047
4 22 2 5 77273 0.9491464222985215
3 5 11 0 44956 0.991792571687845
0 18 23 19 82396 1.0175166428940714
29 5 14 22 91085 1.0297431588260686
29 0 19 11 59026 1.0814690222968106
18 1 1 17 101105 1.0847231812132854
10 11 29 5 69997 0.9456814578623352
28 20 5 22 94034 1.0048710699760444
8 17 27 23 77097 1.0421383863163816
3 18 23 28 92728 0.915372072775441
10 15 28 20 69487 0.9660466643987853
26 10 21 1 42013 1.0691678895216772
29 13 21 7 39866 0.9653039533245087
18 14 14 23 41595 0.9492664987732942
7 9 10 18 32014 0.9347613623321369
3 14 16 8 50922 0.9289542280635832
19 28 14 9 59886 0.9568662532111099
10 22 26 18 58647 1.0050910117479743
28 3 0 22 131320 1.0383753369887596
14 7 13 29 78912 1.0757969918034946
19 5 29 7 46869 0.9420962338658294
5 15 3 24 44365 1.048974638403627
2 26 25 7 120866 1.0863909879407248
26 4 17 16 50806 0.9316619587140796
20 15 21 0 52840 0.947992765069329
26 4 3 21 106904 0.9787103049582575
19 27 6 3 104399 1.018181474521692
20 6 26 16 43096 0.9914649543011411
8 19 0 14 32979 0.9017360587761809
16 21 20 15 32168 0.9840054276254484
20 4 29 21 72353 0.9250291577413573
13 21 20 8 53208 0.9359412627290292
1 12 6 29 63589 0.9360466583244966
12 28 27 5 105435 0.9978197129348131
23 25 2 20 92524 0.9239837613636653
6 22 20 16 55220 0.9108167268623842
23 13 16 22 46578 0.9384338662350796
26 26 3 2 142727 1.011156246991536
6 24 18 17 59135 1.078637296068929
4 18 3 3 67656 0.9827074662920652
6 23 9 4 75738 0.920009754056091
17 9 27 0 51586 1.0576869526275525
0 0 9 18 74438 0.9543248669354356
15 3 11 11 41717 1.0808022370343187
25 25 8 1 118221 1.02083596119692
2 7 15 10 53704 0.9931447054074112
8 21 8 11 37615 0.9180898238591979
26 14 4 24 88983 1.0180210109819603
15 16 24 13 32004 0.9817595947207833
13 11 11 24 43109 1.0842140191356726
0 15 16 16 49370 0.9471183870569782
29 28 8 23 92589 1.026222194224661
26 20 5 25 91373 1.0083339701684135
2 24 14 24 41477 1.0966036378607993
14 9 2 18 63529 1.095327754489841
20 5 2 8 78747 0.9507765630707807
6 14 0 21 40765 0.9520115139601666
6 14 24 26 81864 0.9051288962990353
23 21 14 4 73981 0.9858722874917407
14 12 9 0 58007 1.0653893612376848
17 24 22 0 75391 0.9259838340789925
13 14 5 19 32567 1.0357130020354581
18 14 1 11 53392 0.9634930224852044
23 11 19 24 39660 1.092320559474633
5 29 25 0 129204 1.0305663409027745
6 9 3 24 60603 1.0226082628487572
15 3 19 17 60586 1.0238086875639016
0 28 21 23 90400 0.9081374895264259
3 1 11 23 89010 0.9358669032905702
0 12 28 28 124130 0.9627302170932316
16 29 27 27 57314 0.9035295390038665
6 24 2 1 87077 1.0881740940992357
8 4 28 23 112382 1.0531127476915296
4 6 14 24 87987 0.9795733335134273
28 25 1 0 142423 1.0533988374305356
23 14 2 29 106131 0.9350329477901754
29 9 10 14 68906 0.9952173136779178
5 13 0 28 68799 1.0201310005446989
26 7 8 8 58355 0.9862149078476008
9 17 10 2 58635 1.0502368394187296
17 27 8 2 103462 0.9547329656436637
7 15 12 25 41104 1.0310768948078868
7 11 24 9 54091 0.9654791765239678
26 14 2 3 106604 0.9502855992876451
15 27 21 13 55729 1.0981060523644304
26 20 18 5 67408 1.0926438117711426
8 16 18 15 33898 0.9004505914793259
18 7 0 12 71035 1.0265798899518102
7 3 3 22 91490 1.0895421016451128
25 12 15 14 34698 0.9333104133106834
5 2 20 5 77412 0.956406591814961
6 21 23 5 86887 0.9277595310897777
18 26 18 0 92289 1.0996040258533928
9 15 6 0 68979 1.0616255992703576
3 29 28 22 110828 1.0607971929188331
19 16 7 8 55191 0.9553486670232187
5 7 29 25 121872 0.9302807623267974
6 0 14 7 54181 1.0261376324164826
14 28 4 25 54361 1.0309667511392873
12 19 20 14 35537 1.0144069879736732
10 21 21 27 51178 0.9622714844265072
18 21 7 7 75614 0.9089933488088802
29 12 11 20 72640 1.0012715620221848
11 18 3 28 56611 1.070973733226947
17 20 24 1 74257 1.0576947430117214
13 21 6 15 35176 1.0617318851862527
17 24 7 28 48136 0.9327007633777316
10 18 25 19 48371 1.06190919469539
8 27 8 9 60328 0.9280948067661712
15 18 1 17 46779 0.9270929452756735
1 11 19 25 81818 1.0476436890750904
19 27 25 15 44224 1.0990879000183411
18 5 17 19 53359 1.0417796586054262
13 18 24 24 48989 1.0566725595426962
14 6 23 29 85051 0.9342995627386554
6 0 22 22 108933 1.0511179690777908
25 27 7 27 81840 1.0839623346825509
4 18 25 12 76792 0.9048184552488444
12 19 14 8 46807 1.0509232498586925
5 26 20 4 105281 1.0182703133672741
4 23 19 29 69914 1.030302232724229
2 10 23 18 79040 0.9597788223524014
5 6 17 10 54193 0.9168947639660641
0 27 9 5 103180 0.9974389666539939
5 16 28 27 98520 1.090770103135643
13 9 0 9 39513 1.0217552612194394
0 9 7 12 32854 1.0844344337561793
9 10 25 20 69857 1.028221072511188
1 0 29 4 114572 1.04088225028175
16 29 25 28 50472 0.9785468345609051
4 13 26 12 74149 1.0255305180837426
5 23 20 20 66787 0.9072301702783409
9 9 23 27 79406 0.9569859514451133
13 20 26 28 72829 0.9306905280987028
27 26 9 13 92901 0.9109828344657507
4 22 13 15 54345 1.0245812701577468
9 15 22 22 55315 0.986703154191231
17 28 7 22 60623 1.025831587728956
19 26 24 16 37663 1.0331257147607686
26 14 5 12 72277 1.019525305308087
2 1 29 26 155151 1.0742087511717302
21 3 6 28 107291 0.9173365930898595
29 21 29 4 70486 1.041542400320314
12 10 26 2 58933 0.9292016167801207
8 4 24 26 105728 0.937045737110129
6 14 9 29 52146 1.0389592780891164
9 10 18 8 31541 1.0027242286212679
1 20 25 9 94065 1.0448010230903384
12 12 27 12 60072 1.0353009128495954
10 0 11 28 98610 0.935919027826047
14 4 8 27 82267 1.0819458178616643
25 20 29 13 34704 0.9430628278538489
0 24 20 9 100084 1.0409438956284907
28 24 19 1 89838 0.9707888525848174
6 0 17 21 104743 0.9763372404737987
1 18 20 7 84034 1.0747682572751653
14 4 23 25 84270 0.94753607901193
18 25 9 22 42933 1.035697711602278
21 15 13 0 68476 0.9276127014238114
16 11 22 22 42412 1.0051323369558502
8 1 0 21 94461 0.9563303602970902
5 4 17 15 71616 1.016697952369684
13 13 1 15 33374 1.0889084437764955
29 3 13 0 76823 1.052815222315501
24 1 18 27 83610 0.9715928951271983
14 23 11 1 89001 1.0901224245854413
27 22 8 22 76259 0.964131796107109
23 23 12 6 76483 1.046079393048583
13 29 19 0 115776 0.9056398869139265
24 9 20 27 53698 0.919753127144138
28 22 11 12 76567 1.022228946521857
2 16 15 23 57134 1.0748148272433378
29 29 13 19 90009 1.00054232512895
27 26 18 11 68241 1.092015096354614
28 3 8 11 76255 1.0044530385863268
6 28 25 27 86740 0.9828076972958453
24 20 18 5 63889 0.9764189800811403
4 3 4 13 47472 1.0616146096300425
23 6 19 25 55745 1.0519857809474313
18 1 27 20 84324 0.9108787786393727
19 1 3 7 85838 1.088300249165246
25 6 28 27 71284 0.9989473250346258
17 28 23 2 84219 0.9464188792023327
9 28 19 27 48099 0.9019663776997197
11 17 27 1 82770 1.0718308714061724
13 5 12 15 36965 0.9334829580517433
28 28 26 20 47264 1.086972718567053
26 9 28 22 49366 1.0305518011450359
28 23 29 14 46552 1.0789880520569317
5 11 29 28 121511 0.9434037138032385
0 3 27 14 111758 1.0404135473659415
9 28 21 19 64840 1.09644459760332
3 18 28 15 90699 0.9873135049392455
3 28 8 23 34496 0.9434175828520242
19 25 14 1 89610 1.0696144366778157
20 29 23 7 62110 0.9329792659525445
18 12 28 19 47762 1.0686532463368672
3 8 8 26 75265 0.9633852433179642
17 22 1 14 69503 1.0525158886137367
11 1 25 1 62122 0.9802834193163903
27 19 3 15 83914 0.9728141223013188
23 3 10 16 68751 1.0547337150190175
4 13 28 24 97292 0.9763199005343
1 15 24 4 89145 1.0045812743759204
4 12 14 0 73055 1.0890465054520062
16 1 7 13 73277 0.9390671384078253
14 9 23 5 36481 1.0815538068915516
10 15 11 27 35234 0.9614019475467274
19 25 2 15 75614 1.005155982732558
10 1 21 7 65762 0.9131539819384553
3 13 23 22 76004 1.093698391654833
0 26 9 11 78666 1.0062494479853377
19 22 29 28 56395 1.042611685878152
0 26 10 22 52522 1.0757718178643338
16 19 3 21 54775 0.9654544060870301
21 7 0 3 86387 1.082435965075631
5 19 20 27 68356 1.0270335883513149
25 18 11 24 57028 0.9675356563069102
21 27 11 20 52159 1.0525086303103202
25 18 5 10 75783 1.0932423740571944
18 8 2 19 75394 0.9333721325692514
29 6 16 21 75062 1.0858172204881378
22 16 18 25 35647 0.955523300996411
6 28 15 1 108916 0.906739770964208
5 2 18 23 110712 1.0228084598626537
28 9 6 11 73488 0.9837300195468042
10 16 4 0 72453 0.918028459863697
23 28 20 5 65600 0.9387766854013564
26 21 28 4 59149 0.9031607784827784
2 24 12 24 34060 1.0828690157840606
18 12 0 12 62854 0.9996085962075322
