3964 3647 2374 3276 2873 3213 3655 3417 2545 1981 3841 4954 5187 5037 4745 3711 4998 4926 5057 3018 4022 3164 3916 3612 3409 4222 4243 4733 3496
4976 4821 5398 4319 4767 4733 3781 5146 3477 5564 5330 5269 5886 4493 4241 6256 3796 5642 4767 5305 5852 4097 5824 5989 3931 3750 4549 3948 4373
3578 2930 2327 1875 2678 4226 3892 1851 3125 2421 3613 2931 2927 4148 3664 3876 4527 4290 4336 3137 4004 2530 4563 2880 3305 3382 2437 2309 4686
3780 5052 3657 4952 4059 5501 3155 4116 5747 3287 5490 3597 3208 5318 7155 6895 5941 7257 8149 7983 5855 7465 6519 5560 6799 6770 6492 6681 7238
4066 3442 3063 2604 4107 2985 4140 2665 3403 2504 2323 2516 2549 2435 5676 6117 4116 5078 5631 5390 5409 4563 4478 4256 5941 3797 5545 3978 4159
6464 8668 2088 4115 2614 1952 2912 1642 2458 3360 2065 3432 1555 3168 2389 1845 2629 1888 1608 2774 2699 3579 1621 2802 2582 3150 2586 3686 3298
6292 7708 5529 5493 5598 6835 5652 5746 7843 6848 7262 6626 6167 5741 6641 6976 6483 3269 2852 2003 1225 2946 2627 1104 2969 1994 2162 3701 3414
4133 4607 3454 3880 4783 5126 4189 4613 5564 4436 3064 4671 2491 3927 4627 2321 3329 2332 3474 4525 4085 2932 4268 4585 3177 3179 3487 2782 4596
7817 8114 6639 5343 7453 6300 6222 5333 6585 4824 5806 7309 7451 5277 5138 6379 6410 7097 5489 6354 5918 7213 5104 6200 5971 7097 5202 6639 5146
3116 3493 3370 3270 2219 2904 3059 2694 3493 1684 3605 2392 2336 2593 3399 1839 3411 3899 1792 3316 3203 2699 3010 2829 3741 1670 5281 6226 6729
6635 6607 6529 5748 7178 4969 6597 5093 6518 5768 5328 6219 6440 6684 6831 5516 6713 7135 7167 5643 5440 4262 4885 5307 4380 2802 3316 4857 4577
5593 7286 7263 5794 7471 7012 7682 6704 5970 5755 5360 7693 7149 6956 7611 7644 6990 6914 6418 7113 5371 5328 5779 7655 7055 5343 5614 6116 7422
6462 5397 6225 6214 6605 4627 4566 5583 6638 5825 4978 5229 6829 7475 7601 7988 7694 6580 7061 7642 6386 7473 8574 7579 7579 7499 6943 7540 7310
5574 6804 6021 6343 7480 6284 6796 6567 5316 7417 7336 5514 6223 5876 5525 6752 6835 7289 5306 5069 4862 3470 4188 5279 2944 3601 4246 3902 3935
5859 5079 4329 5789 5544 5512 5668 5591 4518 4484 6364 5961 4619 6093 6593 6199 7658 7517 5880 5558 5142 6320 7535 7369 5874 6669 6726 5673 7130
2248 3747 3467 3829 2978 3215 4708 2840 4135 4347 4324 3602 3078 3541 7127 7033 6835 5997 5233 5901 5062 5366 7389 5773 5475 6003 6935 5339 7034
2713 3480 4112 3757 1821 3661 2682 3975 1726 2602 7497 6982 6478 5776 6796 7174 7437 7366 7356 8268 6276 7138 7276 6042 6997 6677 7687 6261 7230
4684 6043 5871 4963 5679 4609 5083 5390 4032 3718 3741 5509 5099 4943 3991 5903 5167 5691 3751 5084 6148 5969 4725 4688 3768 5545 4653 4208 5881
3976 4389 3117 3619 4894 4588 5319 7066 4645 5493 6998 5570 4475 5645 6520 5866 5776 5605 6889 6984 5431 4612 4633 6199 5150 5451 4681 5318 5534
6742 6445 6767 5876 7748 7047 5558 6453 6845 5659 6177 6867 5637 5862 7194 5529 6961 6303 5382 5827 6686 5246 7032 6473 6424 7533 5995 7204 6984
6385 6390 8123 6953 6873 7517 8704 8320 7988 8133 8663 8649 8309 7034 7159 6922 6680 8352 8717 7369 6874 6555 6025 5740 4556 3790 5800 3755 5062
5957 5783 6435 6867 5538 4974 6262 5882 4929 6249 6697 5476 4654 4668 6570 6296 4816 4792 6789 6937 6598 5062 5105 6532 5542 5379 5055 6365 5553
7408 6988 8289 6590 5560 6273 6559 7236 5088 6685 6827 6750 7385 6782 5630 5038 6306 5288 5594 5905 5176 5834 6368 6664 4846 5675 6601 5526 7007
5550 4670 4658 4329 5219 5577 5170 6052 4516 6776 5228 4301 3591 2582 3398 3394 4094 3829 4278 4288 2865 4639 4216 4006 3140 3535 3894 3471 3842
3051 3518 3048 4292 5512 4698 3661 3151 3969 3435 3712 4122 2084 2274 2565 2434 3976 2310 1976 3264 4315 3714 2119 1876 2599 2770 2349 4194 1997
3859 1898 2126 3139 3395 3588 1862 1745 3353 3190 2952 1348 3262 2095 1329 1657 2295 2327 2850 3589 3659 3113 6408 5543 6938 5164 5905 5563 5077
5815 5702 5716 5008 3330 2714 3321 4593 3085 3055 3707 5008 2559 2556 2902 4098 3355 2631 4704 3708 2491 3101 3649 3014 3246 4024 4803 4839 2801
6302 6051 5502 4858 6146 5298 5263 5870 5768 6858 5544 5694 6465 5967 6435 6594 8235 6535 7649 6923 6341 7525 6834 6524 7905 7181 7478 8017 7989
2076 3422 2168 2080 2646 2116 2104 3621 2615 2189 2751 5418 5662 7070 7497 5556 6931 7245 5405 5483 6569 6404 5203 7629 7076 5761 6775 5986 5688
5794 4553 4317 4774 3140 3115 2730 2125 1360 3481 3607 3131 1806 2658 3165 2435 3424 1657 2656 3014 1350 3130 2638 3648 2646 3602 2584 1385 3481
2595 5027 5667 7157 6500 5120 7174 4644 4594 2956 1511 6411 4321 6771 7068 3666 5095 5780 6492 2472 3046 3753 5207 6187 5345 5468 3461 5512 2162 5303
2511 3674 5970 6792 5721 6104 6279 3058 4129 1358 3216 5830 4218 6917 7677 2077 4545 6368 6055 4440 4071 3729 3016 6322 5260 5618 5097 4535 3464 6585
4037 5579 4089 6135 6630 6747 8509 4082 4266 3606 2540 6036 2663 5658 6060 3246 3315 7209 6955 3504 3196 2742 3510 6161 5820 4952 3438 3585 3887 5655
3005 5059 3676 5767 5090 5114 6294 3153 5052 3629 2911 6459 4030 7162 6165 3443 3553 6879 5524 2167 2760 3327 4278 6830 5434 5814 4653 4709 2121 3025
2490 5628 4319 5650 6275 6244 6314 3282 4233 3526 3459 7167 2761 6998 5622 3060 2726 4933 4404 2121 5268 3570 3061 7641 3655 6721 4796 5237 2742 4417
4112 4892 5720 5575 6693 5495 7691 3572 4829 1482 3063 5421 5205 5335 6975 3349 3464 7394 6672 4273 4305 4171 2927 5859 5320 3991 5619 5154 1743 2790
3972 4294 4126 5201 6958 4460 4141 4153 3768 1411 2576 7607 4979 7004 6941 2736 3772 7243 4637 3354 2918 4833 2998 7853 4929 4499 5650 4576 3840 3247
3811 4118 5657 6856 5528 6801 4642 3401 3406 1697 2914 6085 3906 6845 7445 3142 5022 6505 6742 1996 4147 3715 3133 6063 4133 4760 5753 4528 3803 3282
3769 5237 4462 6817 7107 4639 4060 3138 5355 1506 2584 6697 2695 5746 5812 4144 3177 5951 5412 4143 5013 2998 5289 8175 5097 5811 4601 3608 2519 3988
2679 4588 5353 6874 6037 5265 4858 2965 4058 1148 3350 6605 4567 5714 6409 1874 2982 6190 5253 3301 4839 5205 4825 3985 3524 5199 4365 4321 1697 4011
4290 7523 4050 7681 4948 5855 3897 4287 4138 1210 3162 7320 5244 5525 5514 4279 8460 7131 5295 2541 4922 4514 6351 3589 3775 4109 5945 4485 3052 2977
2365 6594 5003 7269 6989 5340 4243 2525 3443 2254 2927 6627 4800 7330 3540 3286 6294 6489 6026 1867 5350 3418 6743 4500 3718 5990 4229 5416 2770 3682
2733 7719 3793 7045 7357 6503 4074 3843 3313 2076 3533 7210 5137 7224 2780 2893 8624 6982 6941 3459 6784 4993 6815 2705 4781 5042 3387 4467 3968 3488
2883 6106 4785 6185 5041 5906 4274 3653 3257 2554 2079 5532 3614 5312 5007 3957 8158 7569 5401 2191 4671 4801 4611 4383 4797 5558 3947 3478 1369 2438
3967 7092 6133 6160 5272 5592 4457 2846 4412 2154 3178 6186 1804 4950 4866 1984 8630 3344 6604 2480 5491 3539 5097 4491 5383 4968 4557 3980 3046 3857
4452 8424 3924 7153 6361 6534 4068 3510 5305 3290 2339 5494 3165 5302 4089 3049 7691 2996 6323 3775 5345 3926 7082 4006 4081 3715 5650 4716 2830 2784
3995 7265 4435 6845 6383 8282 4678 4267 3172 3566 3583 7062 2463 5104 5251 2174 8590 1472 8204 4398 6131 2918 5561 4941 3397 5047 4546 5144 6662 2064
4564 6417 5617 6132 7094 6245 3822 3156 3212 3944 2126 6720 3111 5972 3641 4142 6402 1576 7838 3944 6854 3309 6946 3006 4424 3935 3581 5541 6756 2806
3905 5976 3963 7003 6178 6171 3648 2189 3170 3247 3471 6610 1842 5573 3930 2101 8545 1882 7828 3630 5904 3480 4718 3192 3625 3915 3806 5819 6871 3883
4440 8389 5985 7464 6765 7473 3211 3184 4196 2328 1121 5344 2929 5477 3506 2276 7396 1518 5731 3323 7041 3802 6961 4698 5623 5295 4688 3308 5411 2539
3369 6382 5151 5138 7195 8504 4603 2750 5658 2126 3276 6685 1326 7298 4434 3127 7070 1831 6163 3866 5157 3559 6235 4886 4845 4002 4320 3375 5903 2228
3834 6161 6139 6116 7140 6844 4747 4296 4582 3074 1290 6080 1465 7159 4261 4109 6544 2322 8150 7910 5037 4595 5351 4159 4527 5689 3494 4608 5474 4500
3785 7786 3998 7589 7100 7383 4299 2379 5480 3350 2097 5854 1666 6644 2921 3097 6307 1929 5951 6616 6723 3315 5392 2763 4783 4057 4205 3619 6428 4387
2424 6856 4272 5193 7056 6405 2655 4182 5050 1671 1893 7496 1332 7410 4203 2824 8648 1730 6284 8794 6612 3703 6715 2332 5122 4163 4977 4157 7310 2741
4351 6960 3896 7644 6779 7752 3393 3976 4035 2774 2493 7271 2125 5012 3676 6985 6914 3493 6524 8288 7070 3583 6580 3829 4445 3804 5237 3691 5888 2797
3127 8085 2833 2549 7340 8320 3865 2857 4724 2104 1891 2711 2396 5333 5113 6923 7942 2571 7542 7720 5707 3393 7043 4115 4028 3604 5051 5845 5704 3328
4485 8259 2035 3084 5810 6796 4994 2230 5518 1566 4153 3197 3062 5794 5295 7819 7098 2012 8214 8530 6686 4727 4479 4184 3350 4156 5839 4244 6298 4283
2658 8231 2298 2038 6565 8323 3549 2200 4153 3029 3355 1564 1603 6282 5249 5934 7811 2433 6085 8703 6058 3216 5085 3917 5441 3403 3997 8343 7937 2110
3602 7315 3082 2906 5707 7492 4431 4389 4506 3103 3583 1508 1723 5343 3213 5275 8038 3374 6136 6927 6534 6523 5732 2819 4499 5933 3375 8501 7866 2131
25 18 20 24 39394 1.061506895859865
17 5 1 11 58479 1.0758191796445487
25 5 16 23 79844 0.9644178139231103
9 18 21 25 70180 0.9361348169835281
18 1 7 21 91043 1.0364537219348346
25 3 8 18 88418 0.9460810450468228
25 14 13 6 54791 0.950212307800784
14 9 29 16 52544 0.9405624332072939
7 21 3 2 62049 1.0078151435115648
23 28 19 13 62608 1.0801811693321928
9 20 16 12 49441 0.990434148906916
2 7 13 1 63853 0.902716569649598
18 13 25 6 31610 0.9257114594509093
24 12 7 7 55694 0.9418503497828277
2 8 29 25 104687 0.9983876126713984
5 6 20 1 75918 1.0672282857777062
22 6 8 25 98347 0.9407420188767488
21 28 22 11 69122 0.9210083487780601
19 17 21 1 74247 1.0485643838666943
9 4 8 22 55826 0.9207101857254204
8 2 12 13 52944 1.0325261052932453
6 11 26 12 62276 0.9985816845873363
11 19 1 29 54396 1.0284339961730944
14 7 6 16 46725 0.9652431785894334
25 6 0 26 117828 1.0507693658594761
2 20 29 16 86327 0.9706101527700017
27 4 9 5 75595 1.0630374811639505
22 19 15 7 66135 0.9165413484410736
0 9 28 18 89008 0.9209241708425956
29 10 6 1 88925 1.0381524219454297
11 20 5 9 46001 1.0191022731084507
9 26 18 3 92088 1.0240955398888367
18 18 1 10 78497 1.002243110245614
8 11 5 22 43990 0.9498933298923261
9 22 23 1 107210 1.0090941521785888
6 8 22 6 59245 0.9179488842861775
29 7 27 19 47135 0.9358209750120564
25 27 16 15 57015 0.9522320206342185
12 28 2 7 78032 1.01803576739262
11 10 2 23 60174 1.0909560845540272
17 22 16 5 79225 0.9424028362005804
22 21 9 25 62936 0.9159686237309544
7 7 29 1 84626 1.08800188393019
11 10 0 0 55438 1.012419837145297
25 17 4 6 71194 0.9905301412779648
20 6 6 8 50885 1.0640792291667311
26 13 0 20 92015 0.9953289720336227
20 21 13 16 52499 0.9347567368381562
28 20 24 8 49086 1.0915205571125366
11 24 17 28 37099 1.0026337946062003
17 7 4 25 77467 1.0733991488118064
2 10 0 1 31708 0.9587590538592329
2 24 25 16 86617 1.0873505735473288
16 7 26 20 58205 0.9274855473212058
15 0 29 29 112724 0.9790655528682092
2 28 10 16 52801 0.9003839297095351
22 15 3 1 91001 0.956285702237116
2 12 13 18 54776 1.0126727363469101
17 4 9 13 44951 1.0877632351793265
2 25 2 4 72924 1.0799445749053558
21 19 2 20 63470 1.0821296244243368
13 12 23 11 27686 0.9396874037539585
9 8 0 23 62352 1.0232839062555756
14 1 20 21 105917 0.9458293037647363
4 4 28 25 113912 1.0207108483853158
4 1 10 6 43623 0.9535458180084233
15 10 21 29 85669 1.026138148013635
21 11 6 14 64213 0.9751854089587922
19 22 4 2 100827 0.9856597577971243
2 4 21 12 70014 0.9704972475814072
0 23 26 24 108330 0.9138863889618578
4 27 13 11 78371 0.9370941466674044
21 24 7 5 111688 1.0252803971858264
6 28 8 11 57342 1.0206083557172945
6 5 18 0 63296 0.9396471071954875
8 20 8 0 66666 0.9239949782906726
5 11 19 6 46738 1.0985406459511216
10 0 29 21 102940 0.9306369010487737
23 23 13 12 58080 0.9642256978210297
16 13 14 27 82527 0.9129899035230942
9 27 13 10 63987 1.0132549312856054
26 6 15 10 37704 0.9591312938262447
3 14 19 17 65053 1.0950428035853363
28 2 14 25 109647 0.9719384315553543
0 29 17 10 94257 1.0019864735955395
10 14 11 27 52280 0.9636723661755777
6 27 17 7 75992 0.9978338108898106
3 23 9 19 32452 1.0216279282454066
12 9 28 4 55405 1.0088879043582883
1 9 9 16 36063 1.0591509760512097
25 26 18 19 53184 1.040367616918229
14 28 21 25 41266 1.0585306499126241
21 27 17 8 83624 1.0127057264347266
14 1 23 0 41684 0.953882023889465
0 8 18 27 107512 1.0250371095769295
5 23 16 24 51181 1.0786705801925578
12 3 28 9 74344 0.9795334130151563
18 20 20 3 96882 1.0668298004388854
0 12 3 0 45609 1.001857512131593
1 21 25 6 96423 0.9659654688124057
4 12 9 18 32393 0.9780521531581262
15 29 5 14 67059 0.9600348278303746
18 26 0 17 96896 0.9612087855795811
25 10 9 8 42131 1.0547104460226295
29 11 8 15 67797 0.9613306871515479
12 15 4 0 61152 1.0458527733292273
10 22 16 5 67723 0.9079135241451466
25 12 0 25 106570 0.9782940397228637
12 20 2 26 56926 1.0468540531193522
24 3 9 21 96744 0.9223578510675434
13 17 4 18 43541 1.0264472131665157
14 11 9 23 58909 1.0390213572871396
0 24 9 20 45287 1.0755470494526524
16 14 1 1 76692 1.0706175548415018
25 12 8 28 92950 1.0970866409042481
1 13 0 28 62013 0.9873002820538843
3 11 1 22 45949 1.0532855944101787
27 22 14 16 54679 0.9447197033771589
9 2 11 12 38501 1.0001586808017648
21 14 3 18 71373 1.0295868002324942
17 29 23 0 109928 0.9532365819035209
2 7 12 22 74792 1.0844339509690082
25 12 19 3 58029 0.9446859456921045
26 6 9 9 51591 1.0072105104621332
13 15 16 26 69749 0.9873573864994469
5 1 10 19 62796 1.0651897689531735
14 27 3 25 51113 1.0725850294655765
0 15 23 0 108062 0.9514706537167644
15 12 23 20 46757 1.0550768550794045
8 10 17 17 51475 1.0361274691905535
21 27 18 18 56493 1.0466794177987384
12 20 17 14 46531 0.9101687880183704
5 29 22 22 88940 1.0753065060179123
28 29 10 14 98312 0.9546952670502025
0 28 0 9 74696 1.0246124045341074
1 10 24 18 79404 0.939717363939558
13 22 10 0 81816 1.0896666603052705
4 12 28 8 67045 0.9339598079137429
0 7 12 29 88719 0.9448026429547891
23 25 2 19 92219 0.9646680058402953
22 27 12 1 123217 0.9432321134727961
16 29 19 7 106117 1.0899927772053257
22 20 11 3 107639 1.0009605325073503
0 20 25 3 105605 0.9157601314259809
13 3 25 17 73708 1.020329680646998
23 9 29 2 31026 1.0677346528631393
29 17 5 9 70062 0.9931195222548883
22 13 3 7 63986 1.0344112728988246
6 13 11 24 53746 1.093300789005863
7 11 24 23 84245 0.9379682350976186
10 22 16 1 80893 0.9456623172870293
6 16 16 0 69987 0.9285476679447967
3 18 16 17 55367 1.0107769173301004
15 10 2 17 53774 0.9889425189898188
0 15 20 24 97058 0.9589273465821395
18 22 27 13 60927 0.9495615454734578
5 7 16 23 77033 1.0202215529034628
23 8 7 18 72114 0.9116070304935204
10 29 23 24 59515 1.044040182323071
1 16 21 27 102892 0.9480263028984979
5 23 19 25 66196 1.08025404801204
6 19 18 0 85480 1.0409690087968124
9 11 19 29 86224 0.9020919759351422
21 5 23 18 54208 1.062092694108676
27 11 13 9 40745 0.9527791009233649
12 29 24 20 63648 1.0134684259298559
12 13 5 19 45856 1.0864393943713533
28 15 14 1 86437 0.9368277834945831
24 21 19 13 39553 1.0770586761759915
8 15 24 0 90235 1.0308427749785114
2 12 1 21 38638 0.9569436379233625
14 17 9 0 73773 1.0566654629836831
12 14 20 8 47615 0.9637840445694466
4 25 15 10 68556 1.0244937321511203
0 27 4 11 64436 1.0851863583541237
19 23 13 2 113534 0.9198662441123293
12 26 25 14 74731 0.9419062382516389
4 26 9 1 78540 0.9046968618026733
14 18 0 16 58364 1.016203516094326
2 29 15 11 89017 1.0601124056045008
29 6 29 18 31579 0.9065808954174662
7 20 22 2 105324 1.0254140662186608
26 17 8 1 85886 0.997571565761477
10 25 4 18 41501 0.9407845740562994
17 11 13 27 84640 1.013142800819404
26 23 20 5 74870 0.9826544079064717
15 23 3 23 54868 0.9917953391495424
16 28 1 3 108708 1.0341850290795152
24 20 13 27 67487 1.0559082763832601
21 12 14 4 48559 0.9862100802488787
1 3 15 12 63845 0.9782346561865107
1 15 13 1 79150 0.977587261114665
9 8 19 13 43380 0.9387395614092107
20 6 18 26 98662 0.9180356139559046
26 4 13 20 76716 1.0569568715425401
11 21 3 0 81897 1.0248026417757925
10 8 25 11 46960 0.9986744435057494
16 29 6 20 53208 1.0532940632900645
14 0 28 15 85560 1.0647054091714117
23 24 2 26 90191 1.0703466252454894
6 8 24 17 68758 1.0498694406377935
0 0 19 16 98602 0.9427388855525988
11 23 1 2 88433 1.0824588282145815
28 22 0 25 123861 0.9310423505659946
29 5 10 18 88515 1.0146498146751561
28 17 8 18 62038 0.9778486279523297
18 26 23 5 90590 0.9493262558405624
20 25 7 19 70525 0.9547813877083756
9 29 25 13 92737 1.0788883094552253
14 18 4 10 55687 0.9226543291976311
25 23 3 21 89298 0.940450371013815
17 23 11 13 72403 1.0122774794374398
0 15 14 9 46799 0.9050052071515472
27 19 18 11 47329 0.9636483656014162
10 13 26 9 57709 1.0593992469860385
8 3 9 26 71874 1.0427039629556814
21 8 6 2 64423 0.9009433842578284
4 11 13 0 54134 1.061315195418255
17 13 0 2 76920 0.9386182296298959
22 27 28 19 50174 1.067622571727276
24 22 25 8 40553 0.9411301971916076
6 5 3 15 36931 1.0824761354745795
23 6 4 2 75974 0.940237987004666
15 11 11 1 56680 0.9170517951172769
1 16 26 13 85942 1.054245874081
2 24 11 16 57048 0.9770530552372946
29 18 7 13 78367 0.9128127959096192
21 3 5 28 115088 1.0496944825037624
0 29 11 28 34526 1.076335627866529
22 26 23 11 53042 1.0830157197339683
21 15 8 24 66237 0.9301304293667039
12 22 12 0 91031 1.0364252529421125
15 9 25 0 54335 0.931011818604969
6 29 22 0 125173 1.0656899365511205
25 23 1 11 101645 0.9788765234379366
20 4 8 20 88097 0.9465857812246189
0 12 16 14 65476 1.0964404683531421
26 15 15 29 74932 1.080401002275871
28 16 13 10 57831 1.0786358751653535
22 2 23 21 68563 1.0269633844991573
27 28 28 4 80190 0.9185808934409653
14 13 25 7 40435 1.000667066050856
29 19 18 17 29408 1.0364759379315005
7 0 26 11 79434 1.0899022149020055
17 21 6 22 45957 1.0038814353739713
14 21 25 11 57145 0.9618424797935682
11 23 11 13 47974 0.9941859065068517
17 16 29 22 43645 0.9327214595494946
15 1 16 10 32007 0.969621178556471
21 11 17 25 74462 1.0950605289070752
20 22 25 4 69156 0.9365595482816346
16 6 29 27 84588 0.9877575020681715
24 2 6 2 80700 1.0196430008057358
2 11 23 8 62027 0.9673448808914603
17 3 27 14 65525 1.041359203154804
7 3 19 2 60629 1.0438564672954629
19 12 14 29 87323 1.0039719022057378
7 19 11 3 64237 1.0390684425943806
7 3 21 6 69954 0.9577635183213378
22 5 29 13 41660 1.058889352263913
18 14 29 5 48998 1.0217631669479634
10 12 3 5 37535 0.9530981307500481
11 9 2 1 40999 1.059857471746523
28 25 29 13 38354 0.912197886318895
3 11 9 20 42552 1.0727446911547225
3 15 12 1 69380 0.9684629807043261
5 19 7 7 35764 0.9176876442983103
21 20 12 6 89520 1.0443712697989824
20 26 4 15 91733 0.9991128988737014
20 10 2 19 65416 0.9419422567167955
10 2 19 5 55541 1.0752658297149205
13 19 11 6 56119 1.0782953899204657
16 0 27 0 42279 0.9780567509806277
24 22 3 26 95179 1.0814895236219113
26 28 27 16 50457 0.9705847571125347
10 3 24 27 108106 1.0276939025775027
1 28 11 24 44946 1.0400310193556237
12 5 22 4 58042 1.0419179952469635
0 17 9 13 43564 0.9694894005351469
22 0 23 11 48329 1.0561014143494607
7 8 14 19 49076 0.9552096496064426
12 8 0 16 52518 1.0291622415737405
10 18 19 14 49460 0.9995099847363371
15 18 18 28 61315 1.0072582808516368
0 24 28 21 115814 0.9014074987637027
19 27 25 2 87188 0.9749123834479837
12 18 22 17 36800 1.0800092292468713
17 15 14 8 37914 0.9930154018615479
17 1 4 11 61347 0.9175778681717385
2 0 12 4 56419 1.057892392555241
21 21 27 8 54189 0.9773322360094469
19 11 0 19 77384 1.0283865561364136
12 1 5 21 76320 1.082903886986195
17 9 4 6 35870 1.0330973994169885
12 1 2 24 95753 1.0866409907331795
10 19 15 1 70566 0.9449559589844824
25 12 18 23 53859 0.9856517537876383
14 27 28 15 93290 0.9834652917374455
19 5 23 14 54035 0.9347239140975043
25 2 3 16 90163 1.0054570247183023
5 3 10 25 71700 0.9927532947018146
0 24 15 28 57492 1.0656403067594047
10 19 17 4 65185 1.0530529973102976
17 5 1 5 64641 0.9313650606830427
25 9 8 29 105586 1.0589594775865896
3 8 14 1 65246 0.9243977370408881
8 29 17 12 88110 0.9817388586019409
13 21 1 8 69741 0.9290732526245622
11 21 4 10 51448 1.0061778801315555
17 5 10 22 73349 0.983367093693725
10 0 25 16 81578 1.0425484656498236
29 8 26 25 56692 0.9280674374291972
16 17 4 11 60897 1.093215891098357
1 18 10 19 34066 0.9787848231538767
3 0 9 24 80716 1.001907413332884
20 28 12 18 77083 0.9427809716269294
19 22 21 5 84734 1.0860941135183846
14 23 15 12 65487 0.9627662927247536
6 25 5 13 30674 0.9916322734457143
14 18 29 1 80872 0.9313634217181417
10 13 28 18 73362 1.0835605292366643
9 20 28 16 65081 1.0954851700956074
27 23 13 26 66055 0.9710450393454702
4 1 15 24 99623 1.0588183301445062
17 7 26 25 74673 1.0929102955022922
22 21 1 27 96596 1.0271845035589502
12 29 24 14 80173 0.9514760343723916
7 20 21 21 58262 1.0657147380100036
21 4 25 13 43318 1.0833340226332642
18 23 7 15 63795 1.0953241542718315
29 22 23 11 40593 0.9936465251909039
11 4 25 19 84107 1.0667213420480368
18 7 3 24 80409 1.0165660611648448
12 24 18 5 89181 1.0142119925562532
0 17 1 4 55471 1.0679179433715071
28 16 22 20 37886 0.9247653850392655
25 27 8 0 118671 0.9820536228846093
18 29 2 24 61459 1.0602627477189313
27 17 4 26 85946 0.9670244098214359
25 20 24 5 41945 1.0976224393607033
12 8 15 29 91226 1.0067044047553142
9 16 1 5 50133 0.9940316763982421
22 12 5 27 90478 0.9551873024256599
1 5 17 13 66681 1.0352217307626237
13 26 24 22 56046 0.9195997051859205
14 7 24 22 70019 1.0336806550640603
0 4 9 1 46679 1.0914337605831863
19 29 5 29 45297 0.9350661084597404
10 25 27 8 97997 0.902259176851624
23 15 22 5 42942 0.9327021358716991
20 12 8 23 75963 1.0798533564358688
2 0 8 26 87580 0.9993607090408746
21 19 25 3 56265 1.0381252433717114
15 1 26 9 57589 1.0088327150385112
15 11 24 14 27259 1.0714042829991965
25 17 20 26 45383 0.9082380642799012
8 2 25 19 84224 0.9199123780868498
19 19 16 5 67725 0.9190110855290442
16 24 2 23 65657 1.0272117974567387
12 10 23 29 85572 0.9583046471324153
21 19 2 17 68959 0.9336664245917778
16 11 29 29 78060 1.01532386820498
13 15 3 16 33827 0.9131803090487982
9 14 19 26 77827 1.0663265450701238
26 0 8 13 84621 1.0838410407537382
29 2 26 16 47256 1.0103085976894222
9 15 4 3 42562 1.0160598004829777
23 7 24 23 52575 1.0976924159440296
24 8 0 21 93740 1.0679073803658332
28 2 7 12 78547 1.0202923705976628
2 12 7 28 53197 0.9808238842890751
20 5 13 0 52095 1.0533422083918955
4 10 27 5 73227 1.0806710654440046
15 5 10 20 61399 1.0081797528196392
26 20 8 21 70949 0.9077367859160733
13 8 18 24 91353 0.9578297869665107
8 28 21 14 87147 1.0119565336215681
18 11 7 4 56819 1.038971965259069
21 27 29 0 93896 0.9955287258347263
2 9 11 7 30296 0.9142744338210965
0 14 24 22 96541 0.9633267444980339
10 1 25 5 76409 0.9627691630767753
13 6 2 5 51316 1.0511371439958963
12 21 1 13 60714 1.0264079002681763
2 10 10 22 54704 0.9044577766071606
15 17 7 0 83348 0.9927297056107506
22 23 10 5 96509 1.016345302945226
26 18 1 20 81786 0.9583399823839367
17 4 23 8 39377 0.90788719086974
0 19 25 17 76288 1.060057535403829
14 0 8 27 98875 0.9210025389122278
20 5 0 0 93270 0.9878466631121943
5 16 4 6 29269 1.0105086046675644
13 14 5 7 41049 0.9740812738503842
23 4 19 26 92003 0.9515274726044455
12 13 23 9 49623 0.9569093336475832
22 12 14 25 80858 0.9963467703114848
19 12 22 5 41913 1.0669780715817683
11 20 25 21 58312 1.0045731906696165
16 16 21 11 38065 1.0410849439369856
12 4 6 25 78944 1.0249345221046922
7 6 19 13 56802 0.977766110431221
25 2 16 29 99460 0.9798507083488892
28 10 29 24 38971 0.9139530942680939
23 6 15 8 33741 1.068920145321619
2 5 27 2 93673 1.0464585283477694
1 19 6 9 37653 0.9740576860137661
14 3 10 22 80254 1.0222191477859033
15 15 17 29 76404 0.9962010954582655
28 26 11 14 88466 1.0728997477543687
6 26 28 15 91682 0.9343880222762051
12 22 7 9 57282 1.0365247737205212
15 23 19 7 90742 1.0455984632266175
12 19 22 12 52947 0.9179451572556302
25 18 7 23 70577 0.9128784566898097
29 28 2 9 109133 0.9728692595474998
21 17 6 1 94687 0.9964029693593017
7 21 29 20 78767 1.0576565875160946
5 29 3 5 71840 0.9590538637378025
2 26 13 17 65399 1.0469218925430375
29 13 17 13 31485 0.9588406927421609
23 7 0 18 92404 0.9752009172508701
3 6 12 23 71038 1.0995821313266716
14 9 18 18 51647 1.007714700306581
6 27 27 21 94279 1.074119134195799
1 19 13 11 63573 0.9610002418447372
29 25 20 29 39557 0.9854010665500716
1 6 10 19 57803 0.9255266228381952
25 22 8 22 73761 1.0964288203482166
4 0 25 24 116024 0.9616101479242043
6 21 12 9 42148 0.921251069931439
0 14 7 8 43684 1.040002870348142
2 19 10 0 68124 1.0191576107072706
5 17 28 27 109961 1.0997136365768017
10 14 29 9 66613 1.014863275964324
1 14 11 16 42719 1.012489744007779
11 2 26 5 78491 1.0875632585271606
8 5 15 9 28185 0.9167114306402198
24 20 10 14 59861 1.0564388572684218
3 12 17 5 53351 0.9089104202590347
9 1 13 10 38472 1.015956348712586
1 5 27 28 134653 0.9316906002600406
14 25 25 1 107254 1.0459414626719856
23 15 13 15 30016 0.9503286181043166
8 21 19 26 59966 0.9874193645757134
16 8 5 13 32920 1.0897119559157011
12 10 1 8 32129 0.9383908322668926
12 19 20 0 94176 0.9314070240833463
1 11 27 23 106451 0.9321600636208275
15 2 6 19 70876 0.9125526824243418
21 29 26 20 42713 1.0472095258210805
0 11 2 20 44398 0.9449276086061189
16 4 4 22 70699 0.9953484455133458
6 14 4 3 41012 1.0523559350885356
22 16 1 19 72970 0.9522441106834423
9 10 25 24 82004 1.0934562313258238
25 6 0 12 78825 0.9101539872061636
10 11 27 10 49940 0.9361684001116835
16 22 13 7 83387 1.0011420352853622
25 25 27 7 57783 1.0178187177000833
27 9 24 0 32986 0.9079283768189764
2 8 13 6 44586 1.080689700243242
10 9 29 1 70752 1.095912879781851
23 0 29 28 88425 1.0040930156647618
28 15 22 28 63590 0.9520449130410045
24 2 4 4 87819 0.9360491417103867
8 29 9 12 58909 0.9749556314161929
14 17 2 4 77664 1.0787813258283037
2 27 20 14 92531 1.040886820928267
1 14 10 22 50608 1.0249499957986792
15 26 22 11 87242 1.0705589908811954
0 12 21 3 90673 1.0321005099019018
25 15 20 2 56840 0.9859531444359596
9 2 0 17 67275 1.0691228854951764
27 27 21 4 92593 0.9461677121232155
4 25 27 10 97495 0.9224875691569453
19 26 3 18 87551 0.9978254788765301
13 3 24 21 89066 1.0978514242467454
9 0 20 12 64797 0.9082496860643936
11 23 19 2 97187 1.0952327729169096
16 12 9 9 26834 1.0143452224987606
2 6 26 3 85002 0.9140548001080444
25 1 13 17 70896 0.9844891470060405
13 4 7 10 45550 1.0589191324667482
16 5 1 3 66906 1.072313181963009
24 17 6 29 77963 1.099700093472495
29 1 23 14 48254 1.0742803496225724
23 11 9 19 63291 1.095404849352605
1 4 8 8 40501 1.0554223068355268
28 21 27 5 55454 0.9558253188126682
18 28 4 25 58920 1.0567445674374352
25 7 16 26 85230 1.0897055044627701
26 4 14 24 98773 1.0448982501363484
7 15 0 19 28759 0.9269790469107886
29 1 14 1 68120 0.9601140155074888
9 25 23 11 82089 1.097265904680659
6 4 7 16 42646 0.9266206933769771
17 3 22 29 107461 0.949489772720118
18 22 2 2 104228 1.0704205378048246
10 26 18 13 72547 0.965589997765351
0 4 7 10 36960 0.962540218032806
20 21 2 25 81072 0.9760745830623514
19 22 28 20 45708 1.0540757802612677
22 12 10 28 92149 0.9924737858348623
2 24 25 25 96851 0.9524855205665874
11 7 4 25 66252 0.9446189669537468
26 14 9 1 74951 0.9466545539369314
4 12 9 28 52826 1.0702600027413545
11 1 24 6 72474 0.9861555574282999
23 13 23 0 46278 0.9115479270301995
6 29 1 5 75520 0.9390534682985606
18 9 22 18 48454 0.9619816618288339
6 6 16 3 50419 1.0700326126052004
7 19 6 7 39238 1.097491364725407
28 19 11 26 93345 0.989922560282321
24 2 26 20 54846 0.9184968201513759
0 1 20 23 127211 0.9632676412245901
14 27 6 21 46011 1.0646752008086253
0 7 14 22 83263 0.9882357012513583
12 15 10 28 53386 0.9388937308451254
15 12 5 21 58833 1.0153109625567813
8 6 11 28 76314 0.9222616935348665
17 5 27 7 40891 0.9514669843417835
6 27 28 24 94084 0.9130741680990535
10 24 26 12 79433 0.9135005631706581
7 17 29 19 74466 1.0362150435466484
6 24 3 17 29486 0.9128329270690175
6 27 23 23 79195 1.058870747380499
10 26 7 3 82487 1.0434076588051338
1 8 7 16 35825 1.0365836262587875
11 8 27 21 77733 1.07252848878233
26 0 8 0 64932 1.0639585626858759
13 3 4 17 75463 1.0358314930941508
23 0 0 17 116771 1.0833145294334623
9 19 10 2 53312 0.927167600861034
4 21 29 19 82983 1.0447147817933038
18 10 6 1 60302 0.9589085586985238
7 28 29 1 130596 1.084701031731829
10 10 1 18 52065 1.0765366834870695
3 8 0 1 32746 1.0520572365674503
29 13 21 23 51673 1.0612547985139185
14 25 5 3 88096 0.9506607491063519
23 0 11 11 75696 1.069022341795721
24 2 1 22 114384 0.9494059055439359
23 21 2 24 89236 0.9704803342728239
6 16 1 24 39755 1.0647583423471163
11 25 4 16 48449 0.9359922946241214
22 13 29 23 47221 1.0718881889364664
2 18 14 3 81424 1.0409372037565283
22 25 0 0 134019 1.0696917914428945
16 24 16 0 107918 1.020709206863288
29 19 13 20 56422 0.9258156326152599
26 3 17 13 48016 1.0361758764597973
13 27 28 28 60270 0.9393478946132913
28 18 16 29 76067 0.961116135274464
17 21 21 9 65915 0.9754296776859114
21 1 16 28 130778 0.9729924805363762
21 1 8 26 119373 0.9524260884667801
29 0 1 29 145466 1.0682003323941078
26 4 17 21 71952 1.0956037894953552
18 20 23 26 43718 0.9920952805652435
23 11 18 25 68260 1.0590117074874075
17 17 23 10 35605 1.0408617669379028
6 11 19 18 70861 0.9329173278004262
2 8 4 20 41190 1.0528836369305932
0 28 25 15 98113 0.9530494801740063
1 3 25 15 89800 0.9525422715885163
20 8 9 9 30162 0.9432874523242321
16 7 11 19 53179 0.938416843002838
10 24 17 13 61952 0.9309634702280397
21 11 7 20 73818 1.0015770356466587
16 28 26 2 109523 1.010339201933264
24 4 1 20 104018 1.0847319728162168
22 20 8 22 65223 0.9656125741654376
15 26 4 21 58182 1.097333820360813
8 5 0 2 49294 1.0229435276004344
23 15 1 12 76503 0.9482671009195578
4 15 17 8 44709 0.9978030537981367
13 4 0 9 59539 0.9656630522212774
0 0 16 16 91830 0.9154697610904652
3 12 3 22 38264 1.0565881748127581
18 8 22 28 84746 0.901448145110605
17 28 17 14 69291 0.9703685441115819
28 10 15 29 87117 0.9013044837613643
4 6 25 14 65913 0.9958935384516531
10 6 26 3 71470 0.9273375109900178
10 27 11 12 57229 0.9635835071668701
28 9 22 20 48337 1.086511712092427
7 26 29 3 119829 0.9255838261928078
4 25 17 0 99421 1.0784732901214118
26 22 3 29 96512 0.9336772576194103
20 12 14 3 51950 1.033892147154229
18 21 8 4 85381 1.002980774988283
2 3 0 16 46805 1.0453620350324775
15 15 25 14 33140 1.0290023178933536
27 25 0 15 109954 1.0728196700829198
19 15 15 25 63905 0.9708027164817454
13 19 10 2 64480 1.0035056212167393
1 11 5 2 37808 1.0936956717998547
6 13 15 11 41910 1.0041194937838014
15 17 3 28 63899 0.9709242141056819
27 15 9 11 66459 0.9839906013654427
12 8 12 18 52970 1.0147472021813249
29 27 1 28 93283 0.9483678958011574
19 16 10 21 49738 0.994742128537662
29 1 5 24 115410 0.9908430712698467
28 27 9 15 95728 0.9940877236504484
7 16 6 7 32047 1.0774229052574276
29 8 15 23 84035 1.008186795749234
16 27 15 7 99141 1.0443704278487085
14 11 0 0 67415 1.093389329650013
14 23 0 20 60288 1.0757317819109233
29 17 26 29 40315 1.0447447145916549
11 7 17 29 98263 1.044298655013381
4 12 29 28 109241 1.0186974783590368
13 11 26 9 41228 1.0186548369636854
6 7 11 16 43058 1.0019534868713809
29 6 2 13 83368 1.0137548162726264
1 3 21 24 129823 0.9801654481483841
21 12 0 26 107872 0.9884656383639301
20 18 13 5 81030 0.9781042916042749
7 26 18 5 90983 0.9047989766309037
0 9 29 28 113447 1.0606910266475607
2 17 13 26 66346 0.9328489117776093
8 8 22 7 48320 0.9188283024420096
6 25 23 4 105756 1.0473331197089628
24 3 20 19 67775 1.0206166906477723
3 3 7 10 33553 0.9560330902690574
5 14 25 0 85407 1.0276140246274936
7 18 26 7 79998 1.0051304786807218
16 12 10 24 64706 0.9340753561515842
19 18 21 8 53015 0.9548025814198685
25 5 13 24 88194 1.0808027844271402
18 8 3 22 69222 1.0149709678717351
10 5 21 10 48280 1.0590706849505818
6 14 11 29 61568 0.9885577495358174
23 10 9 4 48621 0.9739552707462598
0 17 3 3 57938 1.0613878676009816
11 6 6 15 43415 1.0057825878674804
20 16 11 3 86094 0.9182109316090629
20 10 9 18 52747 1.0873705375286145
16 14 7 8 43144 1.0337997727507215
7 15 27 22 81061 1.0337852855585066
0 9 11 25 74439 1.0756557160614686
11 17 19 29 77986 1.00945762135218
21 17 12 21 42100 1.0338261460332374
24 19 19 12 26337 1.0264575720155256
21 12 1 15 71934 0.9539136014196403
28 4 8 2 85488 0.9715624219525184
11 12 2 2 53203 0.9078216170399033
17 7 28 15 56895 0.9608748789266242
11 20 16 13 57790 1.0169306500111313
19 24 28 7 77015 0.9753168920221775
22 1 26 18 61692 0.9534798343350275
28 22 28 0 63454 0.9668444349697989
18 28 22 19 62561 1.0906139514874462
14 28 28 24 68767 0.990946547064512
16 26 24 10 79435 0.9747959196199044
25 15 15 29 68860 1.0096339628739124
8 3 24 5 76642 1.0365225283852506
11 6 28 0 76939 1.0976674314593187
4 19 15 15 41735 0.9991913747159884
12 5 14 26 93454 1.033636411244818
17 16 11 27 68179 0.9452644300357553
19 5 18 28 116032 1.0289032356260075
20 6 13 15 56296 1.0973087055953274
28 28 20 1 113605 1.0987289099872086
5 0 14 2 41552 1.0385353841356713
22 8 24 24 54042 1.0353841289111252
26 26 21 15 50029 0.9846593404917364
28 2 1 18 111299 0.9127110375791944
27 26 15 4 96225 0.9464195778359931
26 9 11 15 56418 1.0528588583108636
13 14 29 23 68875 1.093248575097525
15 21 9 0 81370 0.919385416490758
29 1 22 4 38367 1.0880115396746726
10 18 1 3 70587 1.0241061717904534
12 24 10 0 83321 0.9620477543103638
6 12 21 19 69624 0.9867644697818861
23 17 13 7 59823 1.0827505127375994
22 28 27 5 82550 1.0820598904170187
25 17 14 8 48852 1.0420665353888512
18 16 3 24 70995 1.0338932473867541
13 18 28 16 50958 0.976632201285778
17 17 1 8 72267 0.9170991520642121
12 9 29 24 77447 1.0166297761213827
14 15 23 24 55101 1.0168068853414571
28 5 13 28 108944 1.022222060567458
21 16 0 24 87865 0.9545497018466436
4 1 19 21 99023 0.959804563883176
14 8 28 7 48427 1.0138625371064967
5 23 13 27 42100 1.0600410834793932
12 8 2 4 42759 0.9937134972683156
0 18 25 7 95660 0.9578792296722686
15 23 5 10 68988 0.9098628925470209
9 11 27 18 69983 1.0400004829620164
5 21 29 12 84132 0.9994460219898668
24 26 16 19 51571 0.9070309514424494
26 28 6 4 120437 0.9397492640638401
28 8 5 18 78507 1.0435299754594143
26 14 15 13 32013 1.0954204915456407
12 15 23 16 36303 1.012600556647132
21 28 8 4 123309 0.9679880507494458
18 7 17 18 56340 0.9087028940007547
5 23 18 9 62904 1.060081172913849
16 26 8 16 63833 0.9036416196635582
25 14 6 8 60752 0.907152973613974
18 14 9 20 45385 0.9377057232665064
22 5 15 8 39024 1.0282280654346698
20 5 16 11 41358 1.0653904917159582
29 4 14 24 103747 1.0848806237304984
7 7 7 27 61643 0.9510986567286933
26 17 26 29 43011 1.032800935198616
4 14 3 27 47720 0.9423616939973365
19 28 5 26 57198 0.9224992032132083
6 26 17 26 50097 0.9171080402959841
0 22 11 18 49437 1.0917548398552992
5 2 22 8 61936 1.0265705727245402
8 8 13 21 56140 1.057092421022412
1 20 12 20 44117 1.0321933829935186
9 10 3 1 38381 1.0092985226513966
24 17 2 9 73158 1.0571957555481937
25 8 16 12 29102 1.003488361368081
8 11 1 18 51937 1.0109845914599591
15 3 1 26 99826 1.0358224232155755
2 19 20 21 65795 1.0665858111852766
23 6 25 17 31136 0.9476464666610959
11 28 20 21 60143 1.0918256439034106
19 14 3 20 66670 0.9266339348578142
21 27 10 4 116383 1.0744896228599576
5 6 22 5 66169 1.060725384426759
14 8 27 11 42709 1.0562072198897539
10 29 9 3 82172 1.0759801267298976
18 17 0 5 86152 0.9724644298157701
12 2 23 4 62910 1.0456011967177679
15 3 20 26 106746 0.9940528836883846
29 19 10 1 97369 0.9574888249803328
29 12 27 0 35085 1.0025039284327422
15 27 20 1 138254 1.0425487038018257
12 29 23 13 86396 1.0701488200018399
5 0 2 17 64033 0.962789322701886
20 23 6 12 84939 1.04275078915304
22 10 1 12 60031 0.9974288409387186
24 10 11 25 90165 1.0513238400684326
20 0 16 29 122980 1.0762775548206294
8 2 18 15 69118 1.0605391481990543
3 11 13 23 65005 1.0476708835920792
3 18 10 14 38366 0.9632982105700557
20 25 26 0 89797 0.9251802914383137
10 29 29 6 115066 0.9135646225313118
18 8 17 26 90684 1.0356319868409636
15 29 17 17 64959 0.9431275997587127
3 26 17 22 73650 0.9697382390124096
1 27 24 12 105219 0.9039556698188237
9 19 18 20 34940 0.9753093415009375
16 20 17 10 55010 1.030139031074535
21 17 18 28 63477 1.006263710037115
10 20 29 13 71388 0.9567911514070542
14 28 6 25 30692 1.0760547901291861
11 28 16 2 99428 0.9051933241140687
17 16 29 25 52577 1.0059288236066135
8 10 7 23 46845 0.9646836031767911
25 5 5 27 103142 1.0253474384900012
7 7 22 9 45697 1.066300103757937
29 7 29 28 55502 1.0922797051646231
16 20 27 10 57920 1.0584712908626592
15 17 18 25 48227 1.0955647775479602
10 19 26 3 82276 1.0896917230980523
16 23 26 0 97388 0.9257223631655015
24 9 14 18 52476 1.0622578510483187
8 5 28 19 90031 1.0541917512424042
17 8 25 28 80494 1.0240907896359532
6 18 28 26 98269 1.0297128708100647
18 22 23 2 87928 0.9828602660697354
0 12 23 26 115701 0.9034907208757005
1 22 26 28 99903 0.9994038506469005
5 19 22 0 96755 0.9933868163402471
16 3 28 29 100824 0.9502638786511381
8 21 25 6 82423 1.001725328433402
28 25 15 5 90943 1.0473664882527984
12 10 18 26 94386 1.0641163595159464
14 19 27 29 74857 1.046119051445816
7 26 29 29 76889 1.0628746337906978
17 23 2 21 63175 1.0273314571788488
4 29 1 14 56417 1.0662510666417107
2 3 21 24 123031 0.9008845862812451
8 29 15 26 35804 0.9002808800727905
25 2 10 12 68721 1.0718699718960392
0 3 8 22 70398 1.0823252531690517
10 1 11 17 63670 1.0653244155929462
27 7 19 29 81684 0.9609986617719313
16 28 9 6 86237 1.0167122340422177
16 10 29 3 48777 0.9967635456320227
1 25 25 2 123838 0.9523201053955745
8 17 10 29 49225 1.06740991734645
17 6 0 3 67897 1.055335714796347
7 22 5 14 23804 0.9575776436184249
15 14 15 28 78872 1.0847444931356507
2 17 15 5 64325 0.9784912194705069
14 3 3 11 59788 0.9878427677636012
18 3 26 6 43522 0.9882869268372236
23 25 11 23 54876 1.0612064843316205
9 13 27 8 60221 0.9920109322985479
21 17 1 2 99063 1.0774070034939918
13 7 0 16 59839 0.9740860656795831
0 4 25 2 96848 0.9472750556408305
24 3 9 27 115974 1.099582413573485
3 3 29 17 96286 1.0218811131959809
8 13 20 23 76769 0.9335819572749343
6 6 2 17 45259 1.0068943947750733
10 23 26 25 65534 0.9465250747308569
0 18 11 27 62582 0.9915262311333601
25 15 14 15 35868 1.0153068715287228
8 12 19 9 35819 0.922996020157042
23 12 0 26 109184 1.0744202436813848
19 25 17 17 47674 0.9638962962667512
4 9 7 26 49977 0.9875700834611072
26 29 17 2 108160 1.0696003244991656
13 11 26 6 50297 0.9247391433923036
13 13 16 2 46242 1.0338306639574417
26 0 7 29 130558 1.0146629577189417
15 28 28 8 98955 0.9845586559252782
8 21 27 3 98178 0.9764044917162928
23 13 7 29 92948 1.0767294259939582
5 26 12 11 64657 0.910892577852389
18 8 23 22 64359 0.9328668181144035
26 1 4 18 101340 0.9983669122692006
23 14 10 11 50958 0.9562469290883947
28 23 5 27 97070 0.9314525373049654
10 9 23 25 81489 0.955299821195471
12 11 26 22 66765 0.9560359493075322
14 26 18 5 104454 0.9338402291113465
5 4 1 16 43531 0.9903816496394
3 17 3 6 43657 1.0314555903296574
13 0 4 29 102100 0.9153538836804466
16 21 9 13 47661 0.9448639278126816
4 20 17 15 52348 0.9614315446885213
3 12 15 24 75436 0.9667176890288782
5 22 22 3 104298 1.0775649091014152
10 15 16 1 57783 1.0470462984249962
6 10 25 28 102605 0.9701402819214342
14 25 24 3 110874 0.9921004272139331
25 17 17 14 31342 1.0319070911642196
27 2 14 12 54794 1.0221327247084757
14 29 18 1 126980 1.0593531718945843
18 15 7 10 47461 1.0752509484595891
29 18 13 9 58935 0.9566934718239635
3 23 22 4 111566 1.0883064553880568
11 1 5 13 53121 0.9503719779961273
3 2 25 18 87775 0.9080717826844548
18 7 23 15 47116 1.0471441554193588
20 1 16 22 114193 1.0236478999426484
27 17 3 13 82362 0.9635822235147591
8 6 29 10 64926 0.9161088623860102
24 28 12 4 109220 0.9871701052572216
27 22 29 0 72141 1.020988089844296
20 27 2 10 107386 1.0076489724311612
21 28 18 4 110517 0.997611455916458
25 12 4 13 62452 1.0244186191308517
5 9 7 26 48730 0.9769524597826185
25 21 16 1 76529 0.9602713676073195
26 13 16 26 74713 0.968098550525275
0 22 3 0 81460 1.0800934088486458
28 23 17 4 86792 0.9274330862133203
2 17 6 10 31638 1.0745936298688132
18 1 29 28 110808 1.0090619730927253
29 27 16 8 77931 1.028546845922365
10 2 22 25 113056 0.9460121852719592
15 18 16 1 71692 1.0486984618686628
14 6 10 22 66012 1.0265837650050547
3 13 0 25 58552 0.9127442291084764
22 12 1 29 107697 1.019807658393663
11 7 29 28 99668 0.9750236003471325
1 0 23 11 84210 1.024760627910373
4 16 11 28 48583 1.0517876493662592
28 28 10 2 126504 0.921330752225009
24 19 0 8 84303 1.0486403483105442
6 13 23 12 59229 0.9089891393481901
12 3 25 12 69817 0.9801001866382637
13 20 19 26 50431 0.9204130493176428
25 3 7 24 106990 1.0790991328552362
22 24 0 0 132445 0.9431208778035804
16 16 27 18 36308 1.05496556788174
8 2 14 13 55563 1.0612727515452895
28 5 4 27 114436 1.0736275581361023
7 16 6 27 29519 1.0972147924023061
13 20 24 24 53518 0.9269781990468237
8 10 17 12 33565 1.0787169391301723
8 20 3 8 46982 0.9223333409585202
8 5 2 12 40447 1.0964943502915654
7 7 17 5 42137 0.9411147030521281
23 3 1 6 90455 0.9050469345751506
18 9 29 16 44224 1.042935389070994
20 26 13 10 87705 1.0703690321620283
0 18 22 19 80212 1.0194761660929914
11 12 4 9 27114 1.048441992318623
22 16 20 27 53016 0.9425798398625427
15 20 7 9 51893 0.9922094466875809
4 29 2 0 89416 0.9550798626967009
3 26 13 20 54435 1.0811087821095753
2 15 12 4 63576 1.0295690743708914
6 3 15 27 101431 1.0003460517640343
29 29 10 12 94842 1.0060127978928388
28 4 20 29 88211 1.0193205763231379
14 6 21 3 45866 0.903423747709318
14 14 9 20 37121 1.0299402700865545
28 25 0 2 132487 1.0747016550031092
9 14 20 1 75420 0.9442433620045234
4 8 18 17 64938 1.0932260793068895
3 0 12 21 85315 1.0299140768367405
14 9 13 23 63199 0.9691011230970785
29 20 10 18 69401 0.9859533346074811
23 6 8 27 104085 1.0473008871669247
8 20 20 17 44842 1.0314712689848309
6 28 25 6 102765 0.9282137243144457
20 12 13 3 58135 1.0441440123108945
18 11 25 23 50839 1.0420296834860132
20 27 28 10 68753 0.9899816273102633
2 4 5 23 56999 1.0315778681796481
23 22 19 11 49125 1.036666332938926
0 10 5 0 42309 1.0860744118524832
22 11 12 11 37801 0.9524394793393475
0 24 10 1 91561 0.9510179334163947
9 20 16 27 50504 0.9571138922042862
9 25 2 20 40579 0.9163461273618123
13 24 26 24 57731 1.0288584979224809
10 8 25 10 44008 0.9107722080486212
20 14 12 16 37113 0.9291987373923022
16 2 3 26 95111 1.0782478583301658
6 1 29 0 87915 1.0252806164366413
4 14 18 0 73121 1.0138729049817559
25 23 14 14 59185 0.9013144495122986
18 0 2 12 74830 1.0255260357023763
1 29 8 14 62151 0.9478658364140408
23 15 9 20 53399 0.9028050301225897
5 8 27 28 110922 1.0337376711810606
9 2 6 16 48383 0.930941924537027
10 22 16 2 77413 1.0458360980162966
9 27 11 1 89312 1.0437724894510612
2 18 18 11 72158 0.9570343289740038
2 21 11 9 47326 1.0133161042584322
10 8 18 10 28367 1.018468675561633
27 10 20 26 66365 0.9468798795208447
28 4 18 26 91256 1.0155050541933346
3 28 13 8 72381 0.9183021486923579
11 23 2 20 41583 1.0317739158955272
20 5 22 15 56633 0.9191128719115627
20 24 10 13 82477 1.0043197179870291
12 15 3 29 62273 0.9400815452766056
29 5 2 29 128848 0.9164000365676649
18 25 14 6 101205 1.0085685699363798
14 10 29 19 56508 1.0621368789660668
23 18 0 27 97500 1.0253151419501585
17 2 27 10 56165 1.0433180494882095
5 3 19 2 69109 1.0531721523838373
6 25 19 4 94411 0.9604114165256159
22 28 20 4 101976 1.0580200965016073
7 7 6 20 42040 1.0343631966687306
16 19 8 17 31256 1.0989851702503641
21 29 0 7 113807 0.9794751197977665
12 11 15 20 60529 1.0612696406138733
5 27 8 18 32681 0.9201967018098985
20 22 11 8 86070 0.9726280800578706
9 16 0 0 65173 1.0540224940849363
19 17 19 29 59208 1.0647559174936592
14 7 14 22 75481 1.0269225173109306
10 24 20 26 49594 1.037447860944198
29 29 10 5 113172 1.0193597982732798
6 15 19 14 45080 0.9112555784149804
16 4 26 14 49628 1.0398123084628819
0 0 11 7 58645 0.9475585062470981
28 2 16 28 110981 0.9423556859875035
25 19 13 19 41827 1.046636949883839
15 4 11 20 69177 1.002173026699648
21 24 15 7 84940 1.0812227614934222
12 9 27 14 51132 0.9480547943273777
10 0 20 13 75661 0.9883965061451997
7 8 25 11 50357 1.089979161273598
28 4 20 10 33490 0.9918617421312961
16 29 23 7 93508 0.9108857895466929
28 26 22 4 85374 1.0511824053250616
3 27 11 5 85044 1.0499290287538037
5 18 22 15 58984 0.9415865451143078
0 0 11 10 55438 1.0331340043282944
7 3 28 8 80784 1.0853073452892008
29 9 25 17 27501 1.0890576436042125
16 15 11 5 60601 0.9969852690622079
17 3 22 11 48763 1.0312840817811308
15 13 3 11 47274 0.9844645872909799
27 16 29 26 38383 1.0898363675226928
5 12 21 4 67660 0.9599949843424891
26 4 3 22 104061 0.9556240707658612
3 14 18 4 69165 0.9691001763238878
0 3 17 6 67897 0.9157444562151733
16 18 27 13 43622 1.0517275108102218
18 24 23 16 51751 0.9235406731406739
14 17 18 4 68819 0.9811018980567264
16 0 18 29 124071 0.9219955929863649
6 7 22 29 109115 1.0514266963902497
21 5 20 14 54225 0.9300820804711158
