4454 2971 3611 4044 3243 5607 3978 4938 4826 3514 5236 3516 4898 3480 4290 3933 3517 5310 4328 5054 4015 3778 2973 5080 4300 5571 4266 3308 5546
4265 2609 4100 2138 4306 2582 3904 3976 4546 4167 3748 2144 3823 4441 2996 4481 4700 2041 4343 4563 4299 3781 3990 3385 3345 3116 4410 3863 1936
2207 4449 2589 3731 2955 2489 2466 4096 3524 2938 2241 3397 2735 3806 3121 4252 3588 3337 2022 3549 2500 3691 3767 3964 2349 3732 2712 3372 3569
4275 3724 5427 3607 3456 5655 4503 5055 4751 5266 4988 4340 4134 3615 3673 3514 3829 5202 5625 3955 5214 3970 5037 3838 3337 5512 3554 5181 4325
1782 2185 3003 4002 3241 3197 3357 3571 3912 2921 1914 3219 3188 2711 3524 3215 2328 1962 3861 1405 2822 1890 4128 1840 3494 3815 3825 3393 3686
7400 6742 6349 7503 5036 5827 7359 5855 6751 5955 7310 6886 5249 7010 7566 6385 7510 6397 6458 6107 6243 6104 5542 4998 6673 5785 5994 7068 7233
2570 3918 4479 4861 2963 2971 3541 4447 2090 2559 2476 3381 2349 2582 4048 3368 3385 3213 4335 2867 2331 3407 2973 2798 2620 2299 4780 3773 3146
6876 5872 7750 7141 7896 7381 5903 6215 7873 6344 5163 6823 6982 5623 5528 7877 5521 7750 7210 6032 6380 5958 7622 7827 6309 5188 5783 5829 5185
4243 4792 6224 5586 4941 5060 5651 6509 6764 6523 4217 4734 4867 5063 5557 6363 6626 6049 6271 4733 5371 4227 4682 4952 6716 6741 6441 5231 5187
5222 6471 6913 5477 6542 7577 5703 5552 5781 6370 7378 7537 5597 7535 7579 6511 5902 7400 4853 7468 7001 7507 6366 5804 5065 5881 5169 5686 5655
8054 6732 7146 7337 6844 6262 6312 5577 5696 6139 6477 6703 7999 7654 7727 7012 7086 6218 5688 5761 6706 7403 7470 6114 6155 5784 5449 7129 5448
2094 1498 1493 3060 2378 3192 3533 2595 3916 3015 3449 1252 2829 3292 3899 2312 1834 3685 3434 2140 1702 3737 3043 2027 1185 1574 3508 1997 3494
5642 7080 5789 6801 6390 7101 7206 6817 5933 6291 5929 5551 7820 5837 7356 5631 6536 7540 7323 7886 6924 6826 5922 7297 5414 6250 6325 5490 5662
2307 2383 3450 3881 3684 2505 2958 2810 3877 3189 3302 4636 3764 4687 4549 4410 3378 3231 2460 4502 4184 2606 2219 4520 3377 3318 2042 2703 4166
3592 3005 4608 4228 2761 4101 2410 3161 4705 2461 2418 3379 1945 3434 3108 2076 3500 3600 4661 2601 2340 4418 3135 3479 2195 2859 4530 4277 3656
4357 4331 3404 5298 4717 3038 3272 3220 5468 3955 3307 4924 4212 5058 3958 4985 4811 2865 5316 3884 5156 3850 4160 3366 4633 2746 2809 2837 5226
4902 2401 4728 3711 3982 3894 4383 3067 2828 4918 2886 3477 3977 2911 4121 4723 3303 2807 3710 4987 4757 2615 5029 2660 4186 3974 2286 3355 3713
2078 2890 4071 4205 3382 2234 2486 2440 3121 3206 2971 1924 3812 4434 2979 2638 3137 2650 2992 2249 4369 3542 3018 2163 2230 2104 2951 2426 4222
5175 6170 5925 5497 6340 6406 6731 6072 6387 6156 6029 5639 6726 6514 5011 6026 6354 6782 6668 6016 5801 5438 6366 5353 4831 6678 5492 5717 5678
5119 4070 3994 4762 2674 4661 2707 2744 3635 2683 2730 2697 4938 3787 4815 4328 3616 2668 2488 3949 4108 3385 2786 2493 3509 2675 3852 4255 5118
8281 5783 7263 7190 8031 5591 6461 5857 6698 7771 7561 7055 6008 7974 7124 6147 7119 6955 8181 7654 7963 7753 5875 6516 6859 5950 7688 5673 5870
2989 4565 2307 3881 2486 3743 2324 2105 3568 4012 2437 3685 4390 3119 4294 2335 2082 4334 4215 3546 3949 3438 2058 3628 2732 3990 3493 3787 4397
4580 4802 2706 2544 3299 2944 4728 4038 3472 2452 4403 4561 4730 5159 3332 3506 2716 5151 3183 3743 4992 3282 4433 3551 3765 2937 3108 5063 3106
7144 8031 5815 8357 5696 7204 6974 8219 7311 8277 7773 6508 8060 5772 6563 7914 7038 6725 6166 6371 7949 7819 8090 5929 6834 8352 7927 6459 7315
6086 6416 5904 5610 5207 5452 5287 6056 4943 5336 5313 3959 6322 4880 5147 4793 4183 6545 4647 6277 4597 5104 6517 6195 4687 5777 6455 4750 4597
7411 7752 7198 8228 6853 7890 7143 8033 8602 7982 8907 6454 8483 8013 8077 6894 6242 7406 6278 7561 7892 8808 7279 7208 8870 7110 7720 6736 8372
3357 3096 1662 2644 2727 1270 1269 2999 2797 1423 1779 3008 2062 1743 2974 3119 3081 1150 1272 1418 1609 1470 1248 2646 2532 1826 1295 3147 1521
7456 5493 5407 6260 6505 7140 6126 6906 6805 6549 5910 7581 6809 7623 7322 6105 7658 6614 7481 6627 6940 6197 6022 5795 7700 5240 7402 5621 7530
2598 2698 3178 2851 3515 2769 2408 2955 4430 2468 4209 3952 4499 3133 3529 4550 4715 4784 4032 4650 2857 3239 3953 3207 4322 3225 4660 4078 2851
5667 6626 7239 5778 7846 8305 8420 8360 6190 6970 5737 7951 7750 7007 5780 6082 5828 8234 5913 7809 5648 7484 6874 6902 5901 5752 7528 6011 8339
5582 6432 5626 2740 5655 6203 6250 5880 3769 7433 7146 7505 3135 1319 5215 4866 5447 5614 8255 6718 4772 5655 4299 6030 4918 4523 3144 3963 8072 7524
5183 6779 4950 3208 3743 3828 5378 6329 2586 5771 6589 7002 4325 2254 7067 3507 4931 4234 7686 6740 6125 3642 2159 5192 6144 3754 4412 5261 7740 5745
4707 7718 6709 3250 3467 6429 5644 8498 3670 6200 6137 8459 3888 2417 7018 4362 3937 5344 6505 5593 5873 4905 3611 5843 4960 2769 4238 5655 6929 5786
6475 7537 6506 4386 3663 3789 6669 7906 4227 7850 8447 7185 2292 2737 7063 5116 3920 5418 6990 4435 4519 4668 2076 6264 6883 4909 3489 4083 8342 6026
4627 5574 7263 2702 3720 5703 7636 7784 2328 7872 7633 6908 3982 1765 6736 5384 5423 5452 7918 5874 5390 4739 3938 5457 5032 3650 2150 6030 7126 6636
4248 7222 4703 3568 4998 4653 5600 6590 4208 7857 7801 8167 2428 2086 7255 5713 4418 5618 7923 5281 4504 6181 3618 6862 5293 4550 3543 5466 7838 7730
5701 7442 4682 4613 5251 4332 6112 7396 3341 5929 7494 7875 4748 1323 5770 5098 4731 4411 7001 4339 5570 4850 1868 7292 6924 4792 4043 5665 8691 6062
5072 8223 6489 3456 4156 5013 5344 6014 2205 5844 7166 8630 3413 2519 5347 3386 3047 6185 8163 4285 4231 5101 3146 5253 5334 3875 2890 5136 7265 7425
4401 7012 6555 3779 4885 5271 7038 5799 4148 8170 7625 8468 3720 2079 4556 5161 5285 6454 8272 5845 4461 5803 3038 5645 5093 2805 3847 4880 8406 5631
6171 7134 7150 3461 4930 4592 5686 7004 2834 7451 8273 7499 4743 2483 4990 4880 4410 4539 5616 4266 5710 5437 1568 6098 5326 4110 2459 5831 8124 7289
6190 6940 4555 2277 3730 5227 6139 6074 2864 7239 6640 7545 2512 2917 6051 4493 5530 6574 7774 5922 4054 5396 3344 5910 4871 4895 4556 4537 8398 6595
5738 6011 6929 3271 3759 3635 5482 6929 4200 8188 8706 7653 2369 1544 6636 4397 3885 5926 7992 6453 4310 3698 2896 5785 5194 3668 3302 5727 8456 7429
6371 7548 5460 3265 3442 4546 5320 7473 4421 7984 7422 6144 4771 2625 6551 4262 3755 5233 5772 4201 3719 3767 2747 6965 6969 4405 2647 5238 7350 6846
4417 6641 5427 2799 5769 4811 7665 8463 2993 6339 7435 7980 2596 1029 5892 3733 3083 4275 5748 5929 4235 5465 3029 5821 5551 2948 4330 5877 6313 6967
4173 7994 4941 4600 3630 6325 6542 8403 2981 6226 6076 8666 2625 2677 5802 5230 4741 6022 5584 5349 4180 4989 3439 4693 6280 3672 2404 5923 6329 5541
5149 6572 6527 2428 4190 5414 6203 6045 2139 6825 6544 7654 2018 1927 7137 3263 5543 4130 8345 4729 5280 3491 3251 6265 6439 4692 1942 5962 6684 7423
4332 8332 5072 3277 5203 4860 7538 6559 3236 6967 8064 6787 2035 3524 7262 5376 5358 5096 6516 4686 5072 5172 2882 5812 5749 3518 2431 4104 7447 6129
5156 6073 4788 2924 3162 5026 5788 8120 4565 6331 6268 6265 2889 3768 7276 5757 5646 4434 6893 6455 6092 4243 3075 6824 7007 3833 2243 5925 6002 8046
5691 8262 6547 2706 4344 6262 5760 7183 3734 8158 6406 8560 3436 1292 7212 4111 3708 5535 7606 5990 5550 4691 3536 7030 5275 4141 2960 6129 6260 5602
4201 6300 4995 3014 4933 4320 6476 6028 3369 6513 8470 7675 4029 2205 4600 5033 2922 6580 6746 5616 5435 5045 2920 5475 5470 2933 3746 5599 6194 7080
6448 7860 6099 4348 5162 4151 5122 8517 4538 7177 7013 6892 2054 3640 4645 5598 4551 6752 7928 5240 3940 5031 2601 5664 6940 4283 2075 5824 7201 7415
6041 7470 4856 2536 3501 5735 6996 7101 3852 8346 8643 8693 4006 2893 6163 5147 3891 5604 6556 6679 5633 5603 1531 5470 5452 3078 4653 5267 6187 8235
6039 6313 5736 4785 4329 5998 6341 6634 4008 6021 7519 8113 4115 3289 4957 4072 4726 5833 7794 5822 3663 4566 3970 5542 5270 4839 2977 6291 5916 8055
6255 6326 5491 2797 5601 5281 5891 6701 3609 6504 6011 7355 4543 2945 6698 3071 4443 5316 7214 4909 5011 4828 3639 5570 4466 4301 2107 6366 7248 6672
4072 6856 4825 4629 5210 5721 7194 8022 3097 6623 6196 6318 2305 2157 5951 3993 3977 5347 6999 5040 3652 4244 4278 5170 5370 5249 2452 6080 6307 7746
3960 8246 5764 3674 4080 4722 5373 6986 3955 6225 6274 7985 3721 1335 7118 3441 3930 4889 7797 5625 6118 5373 4188 6493 6146 4225 2227 5766 8237 7797
6056 6526 5827 2595 3922 6370 7197 6563 4017 6301 7827 7876 2771 3530 6580 3313 3584 6441 7341 6552 4191 6138 2782 4668 6287 2879 2970 5197 6458 7226
4591 6987 5051 4023 4374 5685 5349 6814 3826 7742 6200 6878 3007 1104 5355 4569 4821 5136 5914 6591 4278 5909 2518 5426 4876 3574 4077 6462 6336 8087
5006 7358 6194 4929 5742 6235 6615 7928 2205 7615 8229 6029 3893 2860 5892 5273 3868 6720 6570 6463 5168 5999 1962 5429 6637 3712 3023 5969 6020 7757
23 4 20 12 34244 1.0833128926357396
27 6 18 4 47824 1.069878899733935
25 17 8 29 90038 0.9084585618497699
21 17 14 6 51342 1.0778241199017933
2 12 24 7 80384 1.0046206787436924
11 7 4 23 60074 1.0089486716812972
24 12 4 4 82585 0.9997391929682922
23 25 27 18 33311 1.050976907409421
3 23 12 28 49423 0.9298585611664669
20 16 17 0 59732 0.927118054731631
21 20 21 7 44122 0.9929395300825331
6 12 13 15 27075 1.0324996635623584
8 28 0 20 56789 0.9779836951921428
2 12 29 21 91993 0.9846101308327562
27 28 6 21 77596 1.086448653498716
13 15 5 9 43348 1.073630974732084
4 18 12 8 47573 0.9986413082545373
17 18 12 12 33278 0.9424126863380402
1 26 29 12 109155 0.9086836860508448
19 29 20 19 41746 0.9033914326768303
27 11 3 11 74256 0.9777025106053134
19 11 9 14 35778 0.9627037883200913
1 18 14 14 49871 1.0639728170489922
8 2 27 2 74283 0.9193246507481557
25 16 28 6 36041 0.9267842829019829
9 6 1 17 61681 1.0845126302828005
3 28 18 4 103138 0.9087882086310071
27 2 0 7 112052 1.093937640020328
21 8 29 21 61672 0.9214235740097363
15 4 23 9 49173 1.0244601095689352
29 4 1 21 120365 0.98406778309032
26 6 5 23 100346 1.0391711218231001
17 17 8 26 52737 0.9779737955109314
17 14 27 19 47849 1.0574978988551644
20 8 2 13 55586 0.913368467955829
18 2 24 28 98364 0.9151265000957043
11 21 3 29 49633 1.001823000519531
27 10 16 22 65132 1.0223214240817182
21 15 4 2 82341 0.9939882417880181
5 24 21 29 67764 1.0387040552218787
3 20 21 16 72676 0.9219986689587801
16 14 23 3 55205 1.0427548982778612
23 13 0 10 67962 0.9206689762803218
15 19 25 16 52058 1.0883745554057156
13 25 25 21 51912 1.0731889186753008
9 29 5 22 41598 0.966517251438439
13 20 6 5 63760 1.0337000974653952
2 7 15 2 60237 1.076487517555579
1 20 11 19 44025 0.9761035026509854
24 5 2 23 112244 1.0219037080261326
28 7 22 25 60655 1.0658543186259548
20 9 10 13 37686 0.9293306980870599
15 25 26 21 42281 1.035029707543908
9 5 18 12 50074 1.0546719838349439
2 22 24 3 107477 0.9808320697818438
13 20 25 17 60937 1.0175642917009449
19 6 8 6 55726 0.9571978657802814
11 19 24 26 53225 0.9895318481055586
26 22 14 15 56030 1.0044994439717136
7 2 2 18 67908 1.0691807151699768
0 27 20 22 76671 0.9389594353156085
13 23 1 18 53214 0.9483069988539766
12 13 29 18 67198 1.0753958586005927
2 28 17 18 74554 1.0949577411915983
3 10 23 24 99213 1.0614280307038333
15 23 1 4 93216 1.0537971630979
19 6 18 28 77078 1.0828814218001048
15 21 24 15 55427 0.910120502506872
0 6 29 14 100941 0.9256858800705766
1 21 19 28 70342 0.9792348896828023
23 3 19 26 79403 1.0092439048148965
13 17 8 29 57937 0.9270940970296409
11 8 3 15 39658 0.997939315062121
8 1 27 18 106010 1.013976951779678
12 14 27 20 60091 1.0410552419868269
5 2 23 5 73777 1.0693287581542221
6 19 15 10 50251 0.9804003720995333
26 0 20 17 61294 1.041345263001253
5 3 17 7 53101 1.0239440271492521
28 0 29 21 69152 0.9067469803713902
23 0 16 11 62270 1.0379433893412893
7 25 5 9 61341 1.0615269538204637
12 5 23 2 49185 1.0209566014609948
4 14 1 28 50962 0.9532310792428094
14 29 3 1 114640 0.992510295424025
16 21 24 3 83352 0.989611671313012
21 1 1 12 86057 1.016890702060488
11 26 21 29 39757 0.9654501934101029
19 29 9 1 115632 0.9227150963316019
2 7 26 20 90864 1.0266044820158677
18 29 28 5 92196 1.0525272209802417
28 10 1 29 123632 1.015846115080029
18 16 9 14 41958 0.9096495934437209
5 8 24 7 73301 1.018573139318568
20 14 7 7 59500 0.9971771419533901
7 24 5 6 68674 1.0693084142393943
18 19 14 0 75713 0.9848741720638451
19 29 15 17 52971 0.9105954790635028
21 29 10 14 76380 1.098549732243232
1 10 16 10 50444 0.9469219971118219
0 27 5 11 66125 0.9517278332687966
11 16 23 8 57161 1.0144881114311013
2 27 24 22 79302 0.9398147643255872
6 13 22 1 74147 0.9113912493990738
0 23 12 2 91649 1.0380084397510907
21 7 28 10 35367 0.9427871015573823
25 14 14 6 58809 1.019363278306808
7 19 25 23 76981 0.9581997072883581
8 8 29 13 68651 1.035425982020959
6 25 11 10 54920 0.9323724346850348
21 5 8 24 91589 0.9302372422494611
18 28 13 3 91751 0.9916032922575999
4 27 3 9 59912 1.0520338573280585
25 15 4 2 95705 0.9105911064446285
17 10 0 7 65170 1.0887640579897155
0 21 26 16 94425 0.9153290564730461
8 17 2 24 47024 0.9767184493129467
9 0 1 4 44001 1.0967056465505325
14 3 3 6 49878 1.0429140501642045
5 28 23 19 89791 0.9036916972665321
29 12 5 6 86347 1.064907178547681
4 11 3 1 38534 1.0302939000106355
16 12 3 14 33310 0.9176144586224312
14 12 24 18 54514 1.0749711785996392
1 2 28 24 124294 1.015629147957624
0 29 6 6 86358 1.0438617994272832
15 23 4 23 40919 1.0284214174236652
15 23 24 5 84917 1.0334231589339387
28 20 1 6 105703 0.9248760054020905
16 0 3 2 61759 1.077380289179791
11 24 16 6 63781 0.9828047892753653
9 21 5 12 46660 1.0328313103743039
12 4 28 13 69586 0.9663244542962806
21 17 26 3 46427 0.9373483251885619
1 24 14 10 67051 1.097063783638767
0 20 19 28 78653 1.0188231870761983
20 27 29 28 45538 1.0456153612970986
1 22 4 8 46718 1.0372941205830877
8 22 4 9 47530 1.0436218310433998
2 28 17 15 82979 0.9998030850684305
13 28 26 22 49544 1.0801812562172257
4 13 13 20 43797 0.9272289412190848
4 27 10 8 70054 1.0041292377780078
18 23 5 8 80141 0.9143166844605467
29 13 18 28 67988 0.9492817353398543
25 19 15 19 55166 0.9359596963175255
13 5 1 20 81336 1.0121835847052807
9 27 27 14 85605 1.0721897522745412
18 16 27 28 61300 1.0578811384944968
4 14 26 25 78995 0.9236433647515225
16 5 20 19 59432 1.0903697004427513
17 5 2 23 80547 1.0593367820693447
17 14 1 19 63342 1.0388437332512106
3 13 26 14 56502 0.9684038049279244
20 17 16 24 40360 0.9145323425543207
25 26 9 12 75249 1.0300313997311932
8 4 20 28 110128 0.9896311680719313
11 26 18 14 57472 1.0601983534543453
0 26 24 14 101954 0.9596020589523195
16 10 19 17 33816 1.0774177679535817
21 19 29 3 66523 0.9302984244674535
11 9 19 27 70520 0.9302358024241298
25 26 7 12 80924 0.9023252327134073
3 10 12 26 67146 1.029345175789621
5 20 11 12 42397 1.0006647188353543
10 1 23 9 70447 1.0653107257321492
20 7 8 16 65125 0.9356784853509437
11 3 25 0 63128 0.9186748525382934
29 28 14 20 72448 1.0697059507406492
14 25 6 27 34790 0.9740167804163743
25 20 18 8 59446 0.924824926678702
5 21 1 10 43690 0.9592071342883376
13 0 7 16 69945 1.0207512390970261
16 20 2 0 96507 0.9163041984481209
22 13 19 6 30562 1.0996259927673342
1 11 14 25 71858 1.081298262447293
15 22 11 7 55202 0.9417584779188005
4 19 0 7 48883 0.9799040099999559
5 26 17 23 44891 1.0809354745616098
13 9 24 19 70121 0.9926077977778891
5 29 14 5 98896 1.046867162105656
1 0 15 1 67344 1.0365162118320617
7 24 14 12 56096 1.0505924460848541
9 6 14 27 79146 1.0255894056177
24 25 20 7 73721 0.9279612809826211
20 25 11 19 43275 0.9700691063094871
28 20 5 4 103172 0.9100083063674009
2 17 19 21 69546 0.9906400905873861
18 28 11 19 43843 1.0336226082656266
19 16 4 13 46488 1.0297999550443229
29 10 20 26 66137 1.0691215729803107
26 0 24 24 63339 0.9066075815275719
20 7 8 19 75152 0.9388197915881465
13 19 16 9 38639 1.0689966920164315
25 4 21 21 62294 1.0256739688751733
0 24 18 0 113014 0.9537369406967788
15 15 16 2 50281 1.0483872031627404
0 28 13 20 64637 1.023255930829739
23 28 28 12 55100 1.0478933838089266
17 29 19 12 58102 0.931984886599647
7 17 17 9 51037 1.0260053027393772
19 2 4 1 58308 0.9550978587910202
26 5 4 2 83283 0.9894841010136738
6 17 19 10 50277 0.9170614193884793
9 14 4 4 45827 0.9957224855358897
2 5 26 13 81062 1.034740575856083
27 9 7 21 93723 0.9727929514821669
1 9 23 0 105010 1.0750293213619335
18 15 2 9 58133 1.0100973848348405
20 21 1 5 100793 1.0749433787864136
24 25 0 0 137410 1.0406043729433767
21 29 7 23 65471 1.02309314125281
6 16 18 23 60187 0.9390523569045658
28 4 28 20 50856 0.9524561944448374
26 12 8 13 46391 1.0483162747524615
19 11 3 16 51385 1.044107825332699
25 0 2 3 94620 0.9501301388306566
9 12 13 26 49897 0.9538655386306045
14 2 1 10 69825 1.008240964886686
17 18 19 28 35977 1.051002092667841
7 12 26 10 59458 1.0596528210916267
22 0 5 19 104939 0.9145357901282348
23 27 9 25 52711 0.911144568081501
6 7 14 25 71934 0.9048984045455908
4 27 1 7 67371 1.025141245750829
29 12 19 25 60733 0.9334438318625053
8 11 0 24 61151 0.9378418373355581
16 17 0 5 79103 0.9333481278288214
9 29 9 5 90347 1.0145959415799395
20 23 12 19 42966 0.9544822341734776
15 24 0 22 52302 0.9521823206849568
10 12 7 29 69754 1.0749528808189923
24 17 5 14 71639 0.9548762641120815
2 16 28 8 87267 0.9556406564720384
27 29 0 2 135526 0.9138393456284539
16 29 24 11 75360 1.001824699452303
11 28 17 12 53190 1.0730709202898034
25 1 18 12 61129 1.0806742271995589
5 25 23 5 111643 1.047501985568036
27 9 4 20 85601 1.0415622902477106
18 2 14 27 88442 0.9236423880250667
12 4 5 29 99036 1.0425897290454313
10 3 0 5 42450 0.9570172367224711
23 8 29 26 57888 1.0620442853692438
19 22 1 3 101975 0.9691344660294795
17 0 21 11 46587 0.9785838518520437
26 21 0 8 94732 0.9478416296386974
26 29 13 1 103275 1.057072068776136
11 16 27 18 65761 1.0397229942699173
10 3 0 12 60293 0.911179841400636
16 29 3 27 54510 1.0835445813700064
3 18 11 20 42136 1.018861677246153
11 7 19 25 74757 0.9609002820497735
25 21 22 10 45159 0.982114861712956
2 11 17 16 49835 1.092721962448323
26 10 28 24 37145 0.9810733794554919
1 13 29 5 92709 0.9187781269439376
26 11 4 12 60280 1.0819152746584708
21 14 21 27 44094 1.037590939331952
7 3 22 1 55649 1.078969932631806
0 26 8 9 74933 0.9520408473747642
7 4 29 23 112171 0.9785122850765046
26 29 22 2 72620 1.046839417943609
24 29 24 8 64690 0.946675902527478
13 12 23 11 36311 0.9977763760869516
9 12 7 3 45783 0.9919457417623538
25 20 26 4 40209 1.0144995345382548
8 6 2 27 80341 0.9650578740792841
14 14 0 7 55086 1.003645807304072
26 25 24 16 24333 1.096776888917574
4 22 13 24 32902 0.9589247895516746
27 1 8 10 91409 0.9505355639111288
29 29 17 14 80439 1.0941751901917491
22 8 26 1 30336 0.9372525141486152
8 0 12 21 77062 0.9242730363520266
26 12 16 12 31433 0.9421601923962096
14 8 2 17 55199 1.065351400968392
16 21 8 7 69814 0.9322314827663775
15 13 12 22 36806 0.9716953185693656
18 12 4 16 41332 1.0879078365283745
7 21 5 4 62754 0.9880445399287436
16 24 3 20 52802 1.0343376647696403
2 6 24 2 89086 0.9159234858758852
18 1 2 10 81523 0.9758665943122303
16 23 29 21 52187 0.9067179496925204
25 1 1 23 122558 0.915586143283647
13 8 5 28 89017 0.919970923631022
5 29 25 10 118931 0.9994614662600337
22 4 9 15 70521 1.0411610224143366
22 28 9 8 94927 1.0989208843124787
18 9 6 13 39574 0.9845161190314359
21 16 24 3 52125 1.0268797508644676
13 18 29 25 72657 1.0540289521817443
9 16 12 28 48262 0.9476838953363771
3 3 19 10 76100 1.069469699905477
19 28 10 2 99497 1.0260691388129444
12 5 27 16 73792 0.9621280655027973
16 15 8 10 38131 0.9072301253517947
10 21 12 8 46355 1.0325756535262096
20 10 11 2 57821 0.9202235946489526
6 17 16 9 47771 0.927172017844064
27 29 1 9 112589 0.9450153823727417
26 17 25 29 28931 0.9778329122249723
24 13 0 26 97074 1.0121831464040574
14 13 2 24 57506 0.9156205950983489
25 15 7 22 75638 0.914831935899116
2 14 14 26 67813 0.9704985572250264
16 5 22 26 81236 0.9173304738905917
20 4 8 22 82009 0.9287871106941725
12 9 29 26 91462 1.0414148520489024
18 3 28 16 66313 0.9652499539061731
4 15 13 10 37278 0.9966223820187857
27 24 3 14 86391 0.9818302788499477
17 21 7 12 54533 1.0448609439086138
0 1 18 10 87354 1.0313627316240392
28 25 7 2 117507 1.0863267119439592
5 27 22 17 85449 0.9796395207436909
8 18 23 14 71138 0.9556798705587537
16 5 10 22 65949 0.9058587319273373
9 14 17 20 47340 1.0444491779542169
27 23 22 18 34365 1.0135273198166896
22 13 3 6 71047 0.9965511375815403
13 9 18 26 64544 0.9247024245417257
13 16 0 2 76298 1.05632254290988
14 25 7 20 39055 1.0190619196173198
21 27 13 18 49743 0.9557731826372639
8 21 9 6 69626 0.9572721945382608
7 3 28 1 76520 0.9445884930426338
20 27 4 13 80746 1.0215837004261663
18 1 28 10 66234 0.9601937089466829
1 19 2 0 65073 0.9167546063580728
28 3 22 9 35668 1.0603197620402758
11 7 19 23 68769 1.048597979375062
23 1 0 18 113568 0.9410966453626216
25 2 15 14 63437 1.0528969020818875
0 28 15 14 84223 0.9793741792392822
10 1 26 28 106530 1.0646143471013418
9 2 18 0 46486 1.0729866572922127
16 24 7 16 57855 1.016657117643477
9 27 22 14 78331 0.9174883320998581
2 11 25 9 77805 1.0743425258478831
22 18 22 0 68389 0.9428084517840436
20 17 2 25 84320 1.0971550645961614
0 20 12 15 63699 0.9661544090508661
11 23 18 16 45872 1.028697247286218
23 12 19 27 62808 0.954502489633458
21 13 8 24 67850 0.9160182329055638
16 17 1 26 75724 1.0085528871339653
26 12 7 0 95050 1.0969378192939978
9 13 2 25 49257 1.076362576073444
27 20 16 21 42505 0.9304664351223102
25 13 0 8 77031 1.0405319900239525
0 18 20 7 85092 0.9050157623524215
3 17 13 23 45740 1.0093995381778684
29 12 1 15 78600 1.0564261338293934
27 9 13 19 66995 1.0533178046841656
2 22 14 26 44315 1.047607527091184
19 29 13 12 69602 1.014928543989278
17 29 11 4 86678 1.0503708674285281
9 13 21 19 50010 0.9681393042082187
0 10 7 7 38684 0.965944476562008
5 1 24 29 141875 0.9100719767780606
29 5 17 1 57593 0.9941564451660045
4 3 2 19 57802 0.9436566122554169
25 6 2 9 89197 0.9573761617139734
22 14 1 16 66781 0.9503397074618413
2 10 4 29 61426 1.0434887518064826
13 16 22 1 69329 1.0551249910803264
2 2 4 20 57321 1.0988886803766074
0 6 6 17 52494 0.9907620036994154
7 17 27 1 99227 1.0520308825188853
15 16 21 9 43834 1.097717288676115
19 23 10 28 44839 1.0355441095315845
3 9 6 17 36326 1.0624496848459641
6 19 29 12 80835 1.0183300140234584
19 14 6 28 80415 1.0643932840358028
20 15 6 11 49072 0.9098854956561588
15 1 9 21 82233 0.9827311262479148
25 1 20 29 94578 0.9509577456832374
7 21 24 2 111104 0.9152353698598745
13 0 8 22 77880 1.0430438978092953
11 10 29 9 70464 0.9621182491476824
11 4 22 17 66745 0.9323804668142877
13 21 14 7 47525 1.0610594670127662
3 10 14 17 47296 0.9308573828269678
18 18 13 9 46527 0.9593217159612825
3 17 16 4 72727 0.9529790121512745
13 29 19 18 50074 1.0895648247013403
7 5 27 20 95265 0.9186853937666548
25 27 6 27 70564 0.986916526782259
4 3 16 4 43930 0.9793575726680785
17 26 28 3 80124 0.9004952380577292
29 5 14 19 85310 1.0347119371360898
29 14 12 29 90978 1.0102321259970681
23 15 2 14 63819 0.9032444005144823
12 10 1 23 66962 0.9712613293429632
4 3 3 22 58316 1.0698851085040268
27 17 22 5 54806 1.00355264636229
27 24 21 14 43755 1.09951948079478
26 6 4 17 79137 0.9100082196595244
18 13 21 28 58137 0.9058116467584938
11 8 22 8 40028 1.0925757826567795
0 4 17 18 85729 1.0509342628386351
6 9 28 20 82162 0.9084548554970413
5 20 29 21 85726 1.0818684236685892
11 8 1 3 47712 0.9668898923387536
11 11 29 29 93412 0.953043163088142
26 19 1 20 88925 1.0634566412070459
23 4 0 16 93888 1.087358091449134
28 28 14 24 53056 0.9572118067097289
17 12 3 0 74960 1.0327382868795085
24 21 23 10 49354 1.0253114195400528
1 6 8 12 43015 0.9290309284201766
1 8 23 17 84166 1.009982052335518
3 26 24 4 119543 1.06800161698986
5 22 15 14 54823 1.0911433521618532
22 9 14 7 35047 1.0665618523178604
13 0 20 5 38630 1.022463163248844
3 11 18 21 68009 1.0093927272027723
14 16 27 21 62774 1.017155756759093
6 17 9 2 63782 1.0069608063912225
3 17 19 10 57941 0.9645180119827492
10 11 6 28 69868 1.0519420319077648
29 7 6 18 94244 1.021908910362292
6 29 4 20 34657 1.0391026315592382
12 4 7 12 41477 1.0976620314565209
10 26 1 5 86460 0.935016421033479
5 1 15 28 110649 1.0618546737532277
3 12 11 28 60021 0.9839091899673155
13 19 22 15 51187 0.9252453327898736
1 26 5 15 44549 1.0870910044331563
17 17 5 23 56170 0.9654098303201311
9 5 4 24 71967 0.9502984795763147
5 26 14 11 63754 1.0532737950181936
5 0 25 6 95868 0.9612108661978804
12 12 13 25 45561 1.025643154349578
18 15 8 11 43576 0.989097692955132
18 20 6 16 61816 0.9932671582844762
13 15 20 26 54323 1.0379616711186546
0 15 28 24 98815 1.0573644634350523
18 12 8 17 45614 1.091329674788957
21 20 12 23 40789 0.9882264080668434
9 6 1 14 49504 1.0025014708207776
3 11 26 20 76599 1.0276779644079659
14 14 29 28 82979 1.0083448092635203
16 22 24 4 79080 1.063985543634886
1 16 22 7 82186 1.041195609867029
21 20 9 22 42675 0.9004985629672162
11 11 16 4 42247 0.9790001981293338
5 6 17 17 64278 1.0598661372730547
3 15 29 26 98205 0.9325485030470678
5 1 20 21 111209 1.0416422538770793
9 29 27 19 84680 0.9550717286761868
4 28 9 13 53985 0.9470391438446027
15 4 29 28 106073 1.0137954408295593
21 19 3 25 75773 0.927473270862937
13 25 25 0 98165 1.002058085675058
29 19 11 23 73534 0.9842293910555419
21 3 21 13 32631 1.0798311571535055
2 0 19 28 124373 1.0029168441165444
6 16 18 2 69958 1.0223733627771285
19 17 8 17 58218 1.0335917859148924
14 1 18 18 69567 1.0891380551422951
6 25 14 2 88765 0.9095537042261863
29 22 20 15 45703 0.9493972127634354
0 15 26 9 76791 0.9805963997711002
3 14 8 0 63581 1.087777175547343
22 0 15 19 85642 1.041908616121813
4 3 11 10 45545 0.9794331259841237
13 27 29 4 98049 1.065209572520301
5 16 17 18 54901 1.0678031969321666
2 22 3 4 60174 0.9992753599401423
14 23 20 5 73998 1.0933169623899728
10 6 14 16 40544 0.9881862958155477
27 25 10 28 61104 1.0179166829610031
29 27 29 1 85516 1.0854996040629095
25 7 19 1 48743 0.9241796962972999
22 7 0 27 115670 1.0414439682757577
25 28 2 15 102870 1.0390681750397095
22 10 18 19 48570 0.9287033452221711
25 10 5 14 70390 0.9371616483250291
18 6 15 22 60871 0.9663402974274674
6 4 12 19 63007 0.9157323736174826
21 15 11 20 52240 0.9213701071404959
11 2 20 11 59756 0.9191976968430828
28 1 6 12 84992 1.0400412893715725
20 5 27 15 49943 0.9854184495425005
15 27 3 17 61199 1.054189270157702
17 23 25 7 71646 0.9579974278140185
29 24 5 23 89203 1.0799427403589128
26 13 27 2 29467 0.9161024949352178
22 7 16 19 60403 1.0310897173652398
11 12 19 20 46866 0.9725218734986906
24 0 4 9 100148 1.0038921140501371
27 23 15 15 61095 1.0318412799985381
12 17 18 11 37124 0.9131444699734268
13 1 23 1 48286 1.026038964462002
16 1 19 27 87747 0.9716184241952579
3 1 25 22 118987 1.091875249407726
10 1 14 28 90021 0.9077043243571723
24 25 27 1 66998 1.0443652399105923
9 2 22 9 67146 0.9454024991397444
21 26 24 10 57864 1.0627375723498012
13 22 29 4 93547 1.0864433464107002
8 7 22 3 65923 0.9019497270036755
26 20 19 2 66512 0.9965930155069875
22 6 4 5 75054 1.0126660635822675
6 29 2 1 96427 0.9940458563084156
25 16 14 9 53621 1.0709147206203766
2 15 3 28 49724 0.989401075063354
1 16 24 5 98398 1.0945981319283
5 5 6 26 68693 1.014757958652387
3 9 15 23 76570 0.9781234762914923
20 8 6 26 84949 0.9772751339698887
5 20 20 24 58810 1.0843951796806464
18 0 7 15 75134 0.918051622132836
2 17 20 3 83527 1.09903436228058
19 3 25 28 86528 1.0852355657015167
13 26 7 13 49811 0.9740834979728207
11 5 5 18 59621 1.0771013686874595
25 15 16 21 51795 1.0261117481591633
16 8 20 27 71429 1.0971209279265095
25 0 19 12 56764 1.089060649230733
9 7 6 24 63408 0.9360882149216955
26 8 10 17 65830 0.9384631722363496
12 12 24 18 61881 0.9806538051153789
8 29 25 29 83738 1.0251880803877427
26 1 20 12 45418 1.049284537062619
21 24 11 1 92344 0.9216429044960175
10 5 9 26 69887 0.9575815126375073
4 23 29 20 89194 1.0607688456225215
18 10 19 24 55194 1.0988049830141293
8 28 13 9 75219 0.9781095693121115
23 7 12 6 53167 0.9201369910357651
2 18 12 3 70920 0.954785644300093
27 25 9 3 98948 0.9886679077068568
23 27 27 13 44331 0.9811723586894285
24 15 26 1 38887 1.0472938285187783
27 28 5 11 96822 0.940887444740142
9 16 17 22 44716 0.9226185458165393
26 18 18 13 31823 1.0891206432255214
12 12 29 24 77897 1.0453218890277984
8 1 26 24 108332 1.032781027400767
4 8 23 5 78009 0.9201385710924149
23 23 27 14 41154 1.0162148610284603
23 16 28 7 42053 1.0820144179331725
4 5 13 19 66419 1.0000325774548815
18 24 28 24 44297 1.09731236156789
7 19 14 24 41194 0.9463956404871252
4 2 8 26 84422 1.0145602834678447
7 29 18 29 64662 1.0668098417380805
17 15 15 2 46303 0.9102137122107269
4 12 26 9 63482 0.9728096986046906
26 19 21 2 56045 0.9023688639502675
3 2 16 15 73223 0.9967791491685636
10 8 1 2 48948 0.9779436693287794
21 9 15 24 68078 0.9754798895361503
9 4 0 5 42781 0.9812550623580547
11 18 14 11 25544 1.0544428415756928
17 9 28 4 54409 0.9203518513976484
22 6 22 29 81632 1.0392773247326665
9 2 8 12 50016 1.0418111339756135
24 28 10 21 65984 1.0641252532344927
8 14 19 9 40798 0.958659531493992
12 4 20 13 48693 0.9665950852150348
17 19 8 20 43270 0.9839158869655938
18 11 22 5 39422 0.9306969763607575
4 12 26 0 85303 1.0144145890502037
3 28 20 5 110714 0.9928980564021311
27 4 24 27 60478 1.0542185295964803
16 13 10 28 57569 0.9319374459667762
27 25 22 5 64589 0.9670746267840205
6 11 11 21 39349 0.9793066225386935
7 21 23 26 60593 0.9316682619076855
17 2 6 25 91251 0.9185245003798709
25 1 8 18 106785 0.9877015465376335
29 6 11 7 77113 0.9928963951338493
7 20 26 3 97880 0.9108975195209305
27 2 15 26 85368 0.916859967403718
20 11 11 24 61623 0.9206237802784917
20 28 11 16 60921 0.9072486078224437
23 25 14 11 70909 1.0508250784646727
18 9 3 0 79994 0.9735099017544131
27 4 10 13 63023 0.9518188434347594
29 27 15 12 75075 1.0958042109743342
26 6 5 12 68285 0.9594818757096911
9 21 2 7 69819 0.9056178457399573
3 18 29 6 103642 0.9473628570336328
16 23 25 0 89538 1.0249393930407837
21 11 9 22 60861 0.9672900233662836
13 0 6 4 37123 1.097647898709466
22 25 24 0 76913 0.9475135608429796
25 19 16 13 46012 1.0199175975935852
24 17 12 22 60511 1.0853409260805427
23 9 14 23 75347 1.0524449748250357
10 8 7 26 64941 0.9337172115434703
17 21 11 7 55830 0.9216295093239212
5 22 10 2 77884 1.0386835787543487
10 0 26 29 109395 1.0122146161857455
28 5 23 24 64756 1.0775216057053816
15 28 18 6 74272 1.0902138335985574
20 19 10 14 55047 0.9199124249075484
6 9 26 5 75543 0.9599935106474791
9 19 11 29 34595 0.9106804491992047
14 16 12 3 45622 1.0899161502459562
17 5 25 14 52396 1.0042868312413737
20 11 1 7 72241 0.9255676502035685
28 20 18 16 47538 0.9163347030302977
17 3 21 15 48099 0.9377797204274693
22 7 21 22 57294 0.9138874783662506
14 5 27 4 55273 1.0114132890720453
17 18 4 2 79861 1.0620851158410076
25 23 10 18 69860 0.9338387014049405
13 26 27 24 47192 0.9369709935995006
29 23 6 11 85873 0.9979089927396582
13 21 6 15 44119 1.0793850743324893
20 8 11 16 44763 0.9949157051320843
19 17 8 5 73803 1.0544760498841688
21 27 27 0 80146 0.93862471098821
27 8 10 0 77254 0.9475656281533278
1 11 15 26 75094 1.0104793987024994
15 13 10 22 37254 1.0599403132209106
8 25 28 1 115422 1.0065304560121926
8 20 19 18 56333 1.0303943003491889
7 0 24 19 115789 1.084677267884329
29 26 12 4 101110 0.9693415121700691
18 7 22 17 48379 1.0864790023225932
18 10 21 3 35170 1.0832920996431663
25 23 9 5 96027 0.9250038182490399
20 8 8 6 53644 0.914291603352099
18 0 10 15 65669 1.0524538444676974
20 11 17 25 56729 1.010674621232552
10 25 20 15 65288 1.0004534873262205
28 1 26 19 47811 0.9066219477610523
29 0 15 6 70269 1.0305368288380694
16 14 10 21 40407 1.0486358965227702
25 11 9 4 82235 0.9071694856577726
25 3 14 18 73022 0.9967773060609594
3 6 21 28 113147 1.0107299752460248
25 0 2 14 95035 0.9885074237450062
26 29 16 18 59474 1.0102327381593164
11 4 15 21 61666 0.989394278092452
24 4 0 19 112644 0.9396909140227323
9 3 18 10 51574 0.985912896213585
2 5 21 22 98660 0.9967781241035415
13 24 10 1 77567 1.0830487067327141
10 21 7 6 65970 0.9861098207388651
15 24 23 15 57967 0.9343073728980296
27 14 8 22 78605 1.0150079359759254
17 0 0 29 125665 0.999510174375407
7 9 0 12 34170 0.9156731284465294
6 16 6 3 41636 0.9765411071328709
13 13 27 7 53312 1.032368034253174
3 14 16 20 57888 1.0578702613308888
28 22 19 24 33706 1.0157195333447326
23 27 3 21 76527 1.0469462770493732
2 22 18 26 53335 1.0079012355091412
24 2 6 14 82707 1.0103024762263653
25 19 19 7 56545 0.9965393366524457
28 22 20 27 37285 0.9991566046769438
15 22 25 25 44150 1.0691025508810634
3 15 10 2 60464 0.9868879179802174
21 19 1 20 77755 0.9818173586837922
15 3 16 21 66106 0.9017006754336794
8 27 5 11 65263 0.9342825617756209
9 6 4 15 43890 1.0730966331392537
7 11 16 13 32384 0.9494321446088384
18 5 5 18 73069 0.9493556407519668
25 8 14 10 46294 0.9459049855118162
7 0 22 22 112117 1.0082016103185683
25 12 9 28 92237 0.9322804439824846
12 12 17 21 42888 1.0710632273238203
6 28 12 2 95883 1.0977596719312044
12 9 8 26 63459 1.0266484405762146
4 12 25 22 77234 1.0151864632555028
15 2 22 16 63434 0.9251180334269471
22 17 12 27 61916 0.9101670020382766
5 29 7 13 59709 0.9245544454049633
0 15 9 9 48678 0.936201270298189
1 0 29 26 137030 0.9749637180135563
28 16 21 12 32855 1.0202164444051511
17 22 21 2 74070 0.9224112265537799
11 1 18 4 29998 0.9717088806323261
23 3 13 3 33417 0.9251787692155963
0 20 22 16 91681 1.0832178778431067
1 19 6 7 51563 0.9744372378314486
18 4 21 11 33678 0.9003682897536738
10 15 3 24 54808 1.053893197451622
2 2 7 23 79079 1.0930186074707
8 28 13 7 81906 0.9924296362988154
4 1 17 23 98216 1.074208213363958
25 2 10 22 95633 1.048283472176149
19 7 14 19 49816 1.088246426867155
5 10 22 23 87740 1.0756070728897795
29 15 16 5 67147 1.0542533365322313
18 17 5 1 89404 0.9717790535169704
9 21 11 3 62350 0.9920312938675657
13 10 13 21 41935 0.9339614303824793
27 3 12 2 56022 1.0831265573747473
15 11 18 23 51220 0.93808227394425
20 16 5 20 71197 0.9730958205844942
4 21 26 4 93184 1.027567177155581
0 16 15 3 76969 0.9056821864990771
22 20 28 28 45560 1.059609519705624
13 6 23 1 52523 1.054568490772262
22 20 16 10 51547 0.9698786711699867
27 9 3 6 95346 0.9235555702307198
25 7 10 25 95089 0.9631330463437779
26 19 10 9 67973 0.9376088943827069
2 5 16 23 90638 1.089945981684013
22 29 23 9 74752 1.0175125323327823
28 28 4 6 115977 0.9762397778429109
7 6 15 25 85259 0.9975103858910183
13 19 23 2 79332 0.9353818465248993
4 24 5 3 64910 1.0648764721155441
19 28 28 8 73344 0.9657723150380111
22 16 22 26 37753 1.0214964781239393
5 0 1 24 83058 1.0625360734655447
19 8 25 29 74685 1.0894822753123
28 8 1 18 97001 0.9854503737515901
27 13 20 2 52335 1.0802158219774536
28 19 27 8 41568 1.014073274516374
15 1 5 10 64270 1.0390631104553396
22 8 1 2 89823 1.0997392106503179
0 25 0 10 63708 1.0926128985828247
13 29 16 1 98710 0.9934957068047288
8 14 15 21 48049 0.9824020949803174
5 22 29 11 97288 1.0947027885580318
11 13 21 28 69224 1.0275212284955242
22 6 4 24 96081 1.086561355569075
1 23 15 28 58514 1.0216770968091304
1 19 21 17 81643 1.0008049111830135
12 6 13 18 47299 0.9167689638774937
26 27 2 18 89589 1.0725308783046692
27 20 0 20 95710 0.9713634188553629
20 24 24 14 53020 0.9549368380995645
14 29 8 19 50773 1.0457718932235929
24 29 25 11 58806 1.0713163533775485
21 22 4 13 69620 1.0674144965647485
25 28 15 6 89192 0.9904187214013737
7 14 24 10 63786 1.0465632136877954
22 12 12 27 73334 0.9606562597620835
7 22 25 26 59194 1.001908068253494
3 24 28 24 90646 0.9786897661940802
4 25 24 15 91110 1.0481874978266705
10 10 23 17 60589 1.003234335276511
11 17 0 29 72448 1.0735486897974194
7 9 19 23 79728 0.9386404576410329
21 14 0 13 51249 1.0019386288643553
5 24 22 3 105208 0.955658449064204
4 1 26 12 91794 1.0290584713895954
21 13 1 11 52778 1.0864951725766574
0 11 14 12 39456 0.9366681434669777
20 7 6 22 79662 1.0237790927772221
12 8 23 2 54487 1.0824784392316222
20 9 0 3 88788 0.9113169950825445
24 21 26 10 32832 1.0834532058610102
14 6 15 29 75161 1.040797988133492
5 18 28 17 93251 0.9942020162712022
25 7 23 27 61855 1.0492852196655895
14 7 0 22 74302 1.0800456050871623
18 25 11 18 40501 0.9112991049927716
3 14 18 4 60271 1.0751109924657103
9 0 14 23 84507 0.9480543950241392
1 16 28 15 82644 1.049685646281866
22 5 7 3 53984 1.0728543710854082
19 22 2 21 54753 1.026247131505011
9 20 23 10 77078 0.9146086886913684
2 25 15 28 53276 1.0417707627843469
24 3 7 24 111853 0.9601517262083031
24 27 12 3 105878 1.0640223829651527
1 4 10 13 47993 1.0867900572064173
14 21 22 19 39657 1.0273537088876223
25 5 5 22 100796 0.9570166512559752
0 16 24 17 86824 1.084562449814903
19 29 6 20 62015 1.0909957440756326
7 24 22 0 116359 1.0863149745267182
15 7 7 12 42066 0.9832704125602698
19 12 10 1 59060 0.9842202891141388
16 25 0 6 102107 0.986536439268921
1 22 21 1 106390 0.9066102836005546
23 14 1 16 70683 0.9560880860559335
16 27 10 23 27607 0.9266175672946552
4 5 14 24 81772 1.0403775756177323
6 23 15 17 47078 1.0843176514893427
12 25 29 3 102042 1.0866445931529947
26 7 6 6 81076 0.9193145930666635
8 18 10 9 52737 0.9432495600804341
2 8 21 23 91667 0.9260454460666963
1 5 0 17 45429 0.9669325482391355
13 20 4 1 81507 1.061777899038648
29 27 11 6 101125 0.9626879960775057
9 29 17 6 86716 0.920491739434032
17 19 4 4 75848 1.0023735569708496
24 26 28 2 62541 1.0203254459721547
28 1 25 19 53436 0.9707490998714291
29 27 10 3 112032 0.9354166561849881
21 22 7 11 77030 1.0408524745537162
7 10 18 23 78778 1.067783776198679
13 29 7 18 55594 1.0381629237407748
1 24 9 13 48711 1.0303727020679285
2 2 7 21 73145 0.9584748980747217
16 17 18 25 32142 1.0790425279502869
4 24 29 6 112598 1.0454523178942972
25 23 9 16 77545 0.916081941408917
27 20 3 10 85778 0.9270213980362517
25 10 2 6 91696 1.0650630411922948
16 20 2 11 62822 1.0140911256775555
4 22 4 1 61428 1.0487923595686044
6 12 8 27 55949 1.0076694560716404
22 28 0 3 130556 1.0805122585692721
11 11 25 13 39596 1.0389705371577023
18 3 16 29 82995 1.0214567135621635
7 14 20 10 49664 1.087683806136698
17 28 4 23 54910 0.900476796770992
1 26 8 9 71789 1.012014976381087
9 3 22 19 83877 1.0179457671957164
12 29 13 8 73229 0.9331465626542527
7 9 28 7 85419 1.0051935673244026
9 9 5 0 49473 0.9057866085308287
24 2 8 12 81150 1.0726213064789485
17 18 4 28 67961 0.9907140433884651
10 28 14 8 67873 0.9621926679923011
21 29 19 6 83066 1.063583118382135
11 6 3 12 40728 0.9771440853726967
9 4 0 12 58545 0.9749518437518174
19 23 8 14 64255 0.9990246808817523
15 12 5 0 67942 1.0857480560899715
10 16 7 5 54500 0.9020867768259927
28 16 20 18 43716 1.0703916453601448
22 22 8 19 54188 0.9493942500901136
14 17 28 28 77290 0.9934003230562496
14 12 18 28 59957 0.9441450307744887
10 9 25 28 93401 0.9072546336285424
12 24 15 17 39206 1.062761312246957
16 1 9 25 91491 0.9219201157363985
12 1 27 29 114348 1.009092384748327
27 7 4 19 90254 1.0506833495445635
8 26 6 2 83276 1.0024490567625508
22 28 22 2 84591 0.9366587129892382
24 25 12 20 55878 1.084047178622688
25 29 4 2 127395 0.9024513708490227
2 20 12 28 54188 0.9682899400791338
19 29 1 26 71111 1.06515906179442
0 23 24 13 87366 1.0207942023157655
5 0 20 0 75455 0.9438482952183148
11 12 29 0 81755 1.0991858812359485
7 19 20 15 68612 1.0926467311502428
20 27 12 24 37057 1.0082453313603756
13 15 9 0 60070 1.0749356468481341
20 1 6 17 84488 0.9938274195697522
0 24 20 12 83204 1.0147802363414626
13 23 2 17 49168 0.9974351556848291
4 22 13 8 61827 1.051808979421013
26 12 23 24 39774 0.9383782135987013
23 24 28 29 38245 0.9431918806216307
25 26 2 24 77565 0.9638773111486137
16 16 10 1 60707 1.0310183325816462
19 28 6 23 54132 0.9242113113625956
2 22 6 10 41462 0.9075542095372642
20 23 4 17 65576 0.9327239409386707
10 25 11 14 33893 0.9206235573083859
11 25 21 6 76517 1.0097287425125674
29 26 2 25 87513 0.9015310348863962
25 25 12 25 47312 1.0200583021391005
18 17 0 23 74118 1.025354716046477
12 24 27 7 93780 0.9536483415203465
2 6 14 13 46921 1.0410845729867615
20 0 6 8 72804 1.0298454659071377
21 1 3 18 95556 1.0164461532826765
1 19 8 8 52662 1.04953871448424
23 5 6 4 69456 1.0827301285878534
19 3 3 19 82628 1.0646408478981804
8 1 24 27 123824 1.0972343286003987
25 28 13 13 71448 0.9567500947967438
20 7 6 24 85433 0.9445123654885524
4 15 21 0 84050 0.9798093660619562
10 21 27 0 100693 1.008734067360131
6 11 20 7 57714 0.9924659992240028
21 1 8 9 70872 0.9892200500348686
4 2 27 1 89196 1.0156321058817108
1 9 17 23 81796 0.9103700882273461
20 4 0 5 79692 0.9326347694519898
28 3 10 27 105225 0.9932653628972389
19 20 15 26 27992 0.996955263054422
21 24 20 12 43442 0.9143622920080717
14 9 7 1 56185 1.0015142697187096
2 6 8 22 62839 1.015111202962758
7 29 10 10 78583 1.0466895714803677
20 21 21 11 40980 0.9586379260873826
21 28 0 25 78584 1.0479473763211082
22 16 12 19 52713 0.9562389690802685
0 8 16 27 92291 0.962042931394
10 24 3 5 80216 0.9585264812469871
20 25 24 13 49641 0.9413396050660858
12 16 23 4 68544 1.061165441237276
15 17 25 13 44603 1.0438411831285448
26 28 6 8 91556 0.9010074773464285
0 10 10 8 41656 0.9626825427978826
18 18 6 18 63974 0.9126326429578033
10 3 21 12 57489 0.963154500330988
18 3 1 1 63973 0.9385202104937664
13 23 23 17 54667 0.9337117426553526
10 0 8 29 101840 0.9072094160151283
28 6 29 18 52202 0.9589599707464233
19 17 21 9 35361 1.0367151783427757
14 8 25 11 53409 1.02349884123889
16 27 3 2 107164 1.0080914277790982
14 8 5 19 57639 0.923583119959839
24 4 16 6 42866 1.0517600498410662
24 21 29 5 59262 1.0327140218267923
4 5 12 8 36253 1.076474725589995
19 8 17 22 50733 0.9714679972775125
24 7 13 24 90926 0.9794877168430418
15 24 20 19 37328 0.9897677975260204
4 22 26 12 77802 1.002245732731752
28 23 28 12 34929 0.986945744191111
9 16 17 24 49897 0.9822146532177517
7 21 7 1 77650 0.9154295188330398
16 16 3 21 63225 1.0990461157013351
3 28 13 26 41661 0.9681491926615212
9 2 8 13 49349 0.9715067140120802
27 17 17 20 51009 1.0390278384429659
24 27 12 17 70906 1.0686601469476626
27 10 15 27 73386 1.0268629025182126
22 24 22 11 52339 1.0533833218799722
6 1 22 25 117300 0.906894578806286
12 8 5 3 40112 0.9458932214118724
18 28 13 21 35459 0.9026211128323883
4 22 18 6 74647 0.973776673484702
12 16 4 1 66270 0.9639902092505195
3 2 21 24 116523 0.9930348036824348
1 18 24 4 105126 1.0158331587501315
16 27 7 2 100717 1.0644815480599312
29 10 12 26 88840 0.9753202809032853
18 28 2 0 122442 1.0196761383180513
16 1 27 5 53560 0.9916630653651072
22 6 4 27 107215 0.9941079413007496
23 20 8 5 95197 1.0628910284526403
4 29 19 4 106162 1.0239577142931533
11 20 28 3 86042 0.9470592234533683
8 0 16 8 51852 0.9922089394241461
26 21 28 12 24206 1.0263306005328627
21 23 0 9 97569 0.9857193457189612
17 24 27 3 77328 1.0748374659952493
19 0 0 26 122319 0.9027343874108005
22 28 4 13 89940 0.937481521737901
0 17 22 18 84856 1.096987938329163
15 1 22 25 95839 0.935075131155563
28 14 8 5 83488 1.087751151215869
19 0 18 10 43455 0.9410613040175402
14 4 23 12 52540 1.040083720272631
23 18 25 3 57619 0.9782093236774998
17 5 24 16 55907 0.9627200940183366
7 15 23 22 72641 0.9404685495164611
27 26 6 13 77229 0.9128334007231237
8 13 1 9 28983 1.0370548291731478
15 1 5 11 67112 0.9142447506900234
11 28 1 1 99126 1.0789517878524413
20 6 28 18 64463 1.0741535773319624
8 29 17 11 77091 0.956365079949562
18 0 16 15 53208 1.0778629790953551
1 3 21 28 122272 0.9233962971098316
24 14 15 29 74637 1.0069049417811327
0 22 11 25 38920 1.010500943161744
13 25 19 6 73639 0.9435264610652376
15 23 25 17 51839 0.9486035310446118
13 15 17 7 32550 0.958564359190814
9 27 19 23 43120 0.9649286040583831
21 18 10 23 54477 1.0270583293803315
22 15 10 21 63309 1.0086459443307554
8 1 21 0 63026 1.0220951287479783
13 10 3 9 46593 0.9423132578670204
8 16 1 2 63603 0.9635478905942738
25 20 17 17 46408 0.936462284687507
1 9 18 19 75073 0.9693444076244068
14 28 7 7 83598 0.9124207691031214
5 9 26 24 88523 0.9855758535255283
13 24 7 10 65438 0.9374876298655225
1 27 20 20 82830 1.0849465021251345
2 28 15 5 97090 1.0570227503175502
24 5 15 29 93823 1.0801270894905568
5 8 22 4 69935 0.9914367583808168
12 4 12 26 67084 1.0492025399495093
14 4 27 17 76351 1.0174779104554756
20 14 9 21 59904 0.9169532529505096
20 14 8 25 70873 0.9581772355324729
4 25 21 22 59931 1.010757850429955
28 18 4 13 77344 0.9858641256405207
29 19 17 27 59152 0.9397622767518966
7 3 12 25 78150 0.9078686175892898
22 27 5 26 57179 0.9499084806869796
1 21 20 26 65981 1.0017768350082632
6 24 2 11 48331 1.0776670700014679
1 15 14 24 65377 0.9349919260021666
18 1 13 11 49498 1.0728613818633341
6 20 14 27 40399 1.094994697217796
24 5 23 17 52292 0.9869398901003483
25 25 13 24 46284 1.0981520609212299
14 11 1 19 56104 1.0606770413791569
