5636 7299 6256 7905 7510 6123 5816 5474 5964 5405 6234 5825 6809 7180 6124 7488 7356 7149 6897 5640 7804 6153 4615 3849 5894 3549 3944 6219 3984
8287 7279 6713 6572 5948 4430 6224 6539 4825 5055 7196 5337 5124 7254 6146 5303 4567 4551 7051 7026 5840 5727 4857 4560 6330 6969 6869 4202 4673
5419 5182 4820 5235 4262 2949 5167 5237 5457 4684 5638 4235 3643 3027 6326 6435 6680 6063 3662 5555 5687 5181 5342 6382 6156 5862 5272 5717 6329
5855 3388 3827 3643 4247 4414 5006 2895 3063 2889 2669 1945 2949 3600 4177 2815 3913 3476 2246 2661 3115 4371 4272 1745 4122 2523 3562 4336 1775
5278 5160 6006 4040 5371 4068 5091 6474 5712 5580 5952 4269 3722 6455 4715 4771 6341 3829 5154 5392 4761 6371 6604 3938 4926 3405 4752 4457 3025
2112 4758 4497 4905 4800 5630 4927 5403 4467 4827 6043 4891 5171 4777 6068 7311 6824 4978 5348 4827 5215 5859 7090 5202 5622 7257 6919 5086 4257
8079 6149 7776 7538 6958 5626 6553 5092 7202 6936 5383 6863 7205 7590 7211 7312 6909 5145 6013 5156 7388 6812 5153 5115 6315 6427 6831 5579 5686
2745 2445 4357 3002 2927 1592 1697 3458 2496 1824 4272 2319 1558 1669 3057 4043 3088 2043 4306 3538 3373 3926 2250 1844 2576 1652 2866 4273 4195
2741 5146 3004 2098 3357 4392 2729 4965 4359 4542 3489 6888 7000 8383 8159 8467 6796 8402 8035 8425 8153 6463 7753 8459 8549 7370 8054 7880 7600
6413 7866 7732 6392 8166 5917 7465 7873 6654 6063 6716 5768 5340 8012 7119 8073 5341 6734 5747 8082 8067 5450 5464 6325 5981 6398 4402 2905 5484
4053 1860 5052 5512 6546 6505 5874 7856 6661 5979 5539 5373 5655 5461 7195 6779 5114 7410 5079 5500 5077 6790 5243 6174 6932 7463 7715 6346 4910
4482 5533 4891 3450 3624 3846 4093 3101 3082 1898 2203 2439 2697 3076 4554 4448 2552 3533 2048 2742 4364 1888 2086 2349 2812 3859 4738 4550 3677
1733 3091 4402 4242 2656 1843 2599 1885 4022 2364 4046 1967 2729 2809 3940 3103 2722 2022 2061 3204 6627 7799 5610 5441 5718 7044 7218 6668 6681
3512 2426 2389 2157 4459 1683 3531 3969 3978 3157 3239 3400 2836 1990 2471 1750 3137 3116 2823 2587 4091 2287 4506 3170 7450 6505 6007 5526 4801
7531 7422 6208 6527 6144 7092 6201 6413 5575 7456 7414 5096 5203 5051 4793 7271 6530 6193 6871 7633 6712 6286 6470 4872 6094 7040 6087 4781 7544
4424 5335 3856 4484 4159 6477 4980 5795 4289 5953 3579 6402 5433 5291 3727 4818 3986 5981 6260 3898 3847 5544 4310 4104 3625 4158 4596 4279 5372
2326 4439 3445 1648 4305 1417 3284 4395 1489 3254 3029 2335 3614 2490 3387 4205 2049 2187 2516 2107 3030 2800 2355 3606 2188 3757 1718 3014 3984
4506 6476 5974 4473 6100 5283 5599 5811 6064 5493 7111 6148 7790 7258 6529 8380 7446 6608 6349 5494 8461 6043 7546 5485 7064 7357 7602 7273 5736
5815 5250 6361 6493 5678 3923 3745 8149 8201 7484 6095 6698 6018 7578 6035 8493 6585 7117 5867 6667 8347 6681 6700 7959 6017 7596 8487 6721 6629
7385 7006 3406 3758 3467 2304 3523 3993 2979 2879 3878 3278 2318 1805 3866 2578 1278 3855 1683 1227 2743 2065 1753 1650 1513 1700 1320 2901 1839
7293 7159 4508 4508 6403 7273 4421 5918 6406 6389 5002 6977 6660 6592 5465 6439 6154 5878 6997 4512 5950 4859 5429 5581 5255 5430 4768 5666 5515
7336 6664 5862 5093 6318 6516 7783 6191 5453 7884 6455 6698 7134 7197 5618 4941 7747 6625 7405 7356 7493 5650 7140 4891 7342 7099 7237 3912 2125
5170 4724 5454 5894 4999 7170 5824 6557 6778 7323 6050 5300 7037 5221 6690 6500 5497 6938 5248 6288 5717 4882 6848 4951 7447 5738 6452 3845 4298
2845 2568 4266 3358 2883 3744 4119 4691 2719 2742 2176 4508 2490 1876 3486 7250 6740 5575 8048 6048 7140 7154 6219 5993 5499 5981 6439 7361 6824
5694 5705 5691 4660 3772 3015 3803 2861 3147 3556 3493 5514 4555 4658 3735 4275 2832 2810 4313 4602 5733 5194 2943 3207 3748 4105 4599 4013 4633
4289 3369 4854 5513 3494 3855 6034 4313 4551 3489 3945 4389 4178 3888 3798 1544 4357 3067 3516 3908 2784 1477 4140 1869 1627 4178 1991 1806 1628
3121 5088 5141 5000 3734 3507 5059 5273 4308 2803 2958 6127 8274 6359 5952 6225 6364 8290 6298 7772 6361 8348 7717 6272 7968 8350 8709 6103 8705
5171 2899 3776 4563 4924 4888 2373 2552 5029 2225 4257 4306 3287 4729 3192 4889 4190 6010 5863 8120 7348 6470 7343 7178 6790 6064 5470 7557 8222
5651 4862 6339 4960 6567 4454 5877 4492 6552 6708 6701 4208 4280 6196 6622 6618 6290 7112 2798 2621 2682 2045 4721 2043 4024 4277 2208 1813 2624
4188 3565 2886 3500 3767 3054 2114 2986 3219 2365 2073 3629 2159 3120 2394 1892 1887 4629 1940 2301 3873 2671 3048 4663 4306 2351 4362 3279 3622
7376 3761 4845 4352 5377 1864 3621 2771 1886 4581 6733 4705 6727 3079 3846 5256 4870 4786 3683 5467 7922 7046 5883 4186 1635 5320 3348 6525 1947 6616
7690 4619 4834 4346 7258 3253 3440 3050 3586 3463 5204 7420 6117 4354 3140 5264 5712 4537 1567 6483 7701 6178 7346 3962 4527 2623 4551 4844 4647 5672
5524 3983 4793 4186 7036 3689 2308 2878 4045 2972 7028 7040 5263 3060 5209 4618 7025 3509 2802 6154 5688 5446 6720 2508 3900 3853 2650 4227 2568 6874
7049 3068 3448 3516 6763 2097 3815 4688 2186 4508 6775 7111 6374 3301 3941 6366 4388 5233 2085 6787 8073 4232 6975 4112 5253 2570 3672 5260 5791 5952
7795 4591 1893 6151 5237 3233 3840 2897 2204 4630 4686 6395 5413 2653 5060 6611 6976 5093 1814 4247 8061 5053 5743 2296 5238 2405 3091 8108 4625 6600
6222 3336 4829 6332 5204 2258 1250 2498 4044 2793 4655 5809 6175 6754 6032 3932 6651 3602 3909 6263 4562 5985 6132 1818 4722 4589 2906 6719 6251 5761
8192 5147 4639 5727 5830 3597 1517 4859 1722 4629 5548 7078 5923 6663 3201 5349 4930 4723 1376 6193 6808 6661 5739 3246 2801 2646 3419 6857 4878 4920
6597 5846 2266 4950 6583 2097 1673 5152 4266 4412 5972 6352 5178 5497 6051 3868 7281 3075 4241 5702 4839 4513 6737 3672 2835 2736 3698 5977 5333 4593
7065 4635 1877 4067 6480 1998 3444 5452 2060 4444 6758 6731 7003 7066 3958 6227 6175 4665 2402 6659 6732 5440 7601 2207 5321 3058 4799 7452 5467 4336
7979 5808 2686 5285 6128 1938 3201 2910 2034 4842 4855 6957 7943 5858 5156 6367 5247 6843 2614 7803 7071 5758 7348 2665 3753 4848 5012 6159 6059 4513
6747 6180 4250 6078 5254 7290 2207 3943 1833 4218 4147 7390 6019 6385 5918 5045 4690 7654 1562 5762 6550 5844 7905 3784 2699 3540 3963 6803 3274 5241
5375 4675 4845 5821 6687 5766 1552 5207 3122 3804 5930 6632 5841 5637 3139 6318 6341 7630 2845 7423 6590 5509 7971 2891 5402 2763 4712 5919 4941 6373
5807 5011 6893 4503 5613 5528 3764 3376 4186 5621 6611 7121 6799 5224 5154 6483 6863 6503 2241 6823 6851 6234 4095 1871 3165 2716 4389 8085 3339 6301
5326 5232 5833 6170 7557 7129 1262 5032 2734 4349 5083 4714 6837 6718 5199 4086 6152 5118 1737 7128 4155 4856 5286 3364 3631 2789 2978 5885 5531 5342
8008 7356 4920 3707 5056 7292 2483 3795 1697 6172 5730 6911 6340 6287 5659 5067 7322 6788 1395 6379 6976 5213 5220 2942 5065 2053 2593 6896 4350 6663
6765 4787 5880 5222 7971 6794 3614 2674 3018 5326 5586 6317 5405 7131 4836 6626 6340 5002 2084 6941 6952 6879 5225 2758 5005 2382 4088 8458 5405 6179
5144 4946 7289 4594 5226 6207 1241 2943 1702 3868 6983 7156 7483 6891 5719 5329 6231 5649 1696 6945 4991 5060 6094 4607 4329 1987 4429 7797 3401 6640
4042 5336 6807 3579 7576 6862 2748 4625 3259 6523 4102 4548 7899 6621 6395 5779 5278 6719 3326 7188 6130 6220 5126 3866 2818 3424 2413 6160 3280 5513
4307 5566 4954 6001 7619 7723 2532 3247 2286 3608 6306 6879 7209 4747 6818 6539 7507 7567 1731 5967 4791 4442 3696 3118 5074 3489 4938 5542 4610 6554
4960 7336 7293 4673 5355 7087 4104 4954 3925 3673 5578 7335 3218 7705 6622 5797 7264 5713 2256 6042 7002 6369 4626 3955 4097 1945 3672 7697 5460 6431
5439 6531 6604 5958 5338 6187 4521 4357 1694 3828 5590 5154 3591 7260 4583 5292 8164 7930 3282 6523 5561 5964 5873 2369 3327 1936 4346 6969 5382 5343
4534 6435 5123 3612 5663 8366 4462 3617 1940 6284 8114 4930 3957 5459 5414 3734 5355 6194 1276 7820 7016 5192 4315 2230 5149 1491 8388 6397 4733 6894
5183 6494 6684 4814 5013 7138 5271 4035 4332 6514 6224 7353 2849 5322 4360 6170 6521 5015 3897 8307 4855 5075 4836 3747 3191 3119 8109 8141 5508 7169
5307 6475 6087 4687 7634 6611 4232 4779 6875 4453 8501 6506 5214 7531 5096 5715 6798 6288 3802 7802 4895 3038 5615 1993 3706 3738 8749 6259 3535 5147
3303 4673 7554 5414 6235 5884 4872 5164 6415 4546 7362 5249 2467 6430 4977 6310 6789 6042 2534 6367 4841 2934 6294 2870 3125 4335 6997 6535 4442 7077
4453 5636 4839 4625 6631 6362 3282 4384 6077 4906 6670 6968 3326 6772 7098 5664 5498 6846 3263 6929 6773 4274 5846 5734 2839 3929 7878 8446 3886 7506
5537 7072 4833 6159 7589 8289 2949 3610 4808 5136 6732 6533 4894 6974 7083 4984 7256 7272 2801 7331 4255 3493 3370 5192 3167 1666 6269 6458 3709 5461
5390 6835 6255 4503 5375 6695 2914 4825 5032 6156 8501 5882 3192 5846 7070 4939 7856 6777 3583 6072 5883 3389 3961 5665 2828 3087 8480 8412 5701 6197
4777 5652 5878 5285 5581 8250 3413 5451 6401 5272 7828 5437 5141 7207 6828 4752 8193 6528 3616 8040 4725 3756 5540 7804 3347 2573 6384 7661 6169 6088
28 1 16 29 119031 1.0977170046608031
28 13 0 27 126587 1.078192331380899
2 29 17 5 112034 1.0286555943872724
28 15 0 5 112323 0.9390159846851351
29 19 1 25 97867 0.9705056778638874
23 14 11 16 55330 1.0384161196644346
27 10 13 25 82537 1.0460818769440223
28 13 6 4 93201 0.9577027158172567
26 11 8 22 93041 0.9604650672753291
29 18 2 4 109649 0.9083182719588507
22 11 6 16 69701 0.9907197607318003
11 16 6 24 36186 0.9529596596363996
10 18 2 4 60722 0.9889982724477694
24 24 13 4 81657 0.9615569481827926
16 0 29 16 89452 1.020384748875942
20 22 27 27 39263 1.070810936389217
18 2 19 17 50264 1.0383773676676
5 22 24 5 110428 0.9162166586658417
7 5 17 13 50400 1.0750023260239316
3 11 12 26 69738 1.0329601510772743
13 27 0 29 66712 1.0439204521974228
27 28 14 17 61193 0.9474276727536162
4 24 17 2 100712 0.9368455291506971
20 23 4 23 49060 1.0928421772343784
24 6 24 26 73434 1.0478003206221933
12 3 16 25 69008 1.0794033639338063
6 29 22 23 65408 0.930180432788545
23 29 16 17 54448 1.063428129286843
3 27 11 17 51704 0.9877732519124133
21 17 27 9 57133 0.9553795583815063
18 10 0 17 78392 1.09862883595806
19 8 27 22 66662 1.031585493315985
12 21 29 7 86765 1.049544044709506
12 23 26 8 86652 0.9572510677121552
17 4 8 19 71581 1.0651330443477902
15 11 24 21 62498 0.9597785474328779
17 17 26 14 48576 1.0534559801218388
14 10 7 25 61984 0.9633853711937685
25 9 28 1 46832 0.9102666067878226
18 9 9 13 51199 0.9333467355980927
19 8 6 24 75689 0.9205804072081131
13 23 20 16 40660 0.9021359761624682
23 17 22 5 53679 0.9215384881126939
22 21 18 14 41573 0.918492603953768
28 20 23 9 50140 0.9293360298599813
17 2 5 23 94478 0.9858600223292756
9 1 20 5 56316 0.9750482381265612
17 26 6 19 55298 0.9972261070163548
14 4 25 8 56644 0.9388238425032829
20 2 9 15 75321 1.0507609966200124
23 16 5 21 71575 0.939706403460624
2 20 20 27 70427 0.9607621947892082
21 16 4 15 69824 0.9229796021569295
11 10 25 6 56789 0.988354894980825
7 9 6 21 41751 0.9164758185950908
12 0 11 28 86456 0.9555999483553029
5 12 19 23 64901 1.0380031374833947
0 15 9 12 51961 1.0637849312984327
25 23 6 27 67220 1.0586022899716754
4 19 18 17 45513 1.0688882684849719
17 8 10 2 39434 0.9011987382942407
16 13 28 26 63228 0.9878378706372409
23 23 9 10 70325 1.0310450217429952
1 13 13 1 65195 0.9451696607978808
18 28 27 11 72687 0.933350944250832
24 20 10 17 49455 1.0071973563389824
24 16 0 3 110497 1.0233419413201248
1 10 6 24 67782 1.0282042674019918
1 19 3 4 59478 0.9203608472554253
14 3 8 24 82536 0.9701945391593483
14 17 22 13 49842 1.0661055446125454
7 6 28 18 86092 0.9136404149382437
16 12 26 5 53948 1.0543484156787415
13 15 26 14 56883 0.9784993562488331
7 9 25 12 66410 1.0211986224129963
17 18 28 6 71247 1.0183863130353168
26 24 18 17 40191 1.0722778466054752
3 12 14 29 90792 1.0856499919723877
0 11 21 2 96064 1.041238696209646
17 20 3 15 50123 0.953959146472483
27 4 1 17 119898 0.9132946393722726
5 2 24 10 79408 0.9429562438796073
19 21 8 26 46217 1.0991169768848659
19 16 6 25 54710 0.9133985815237414
10 18 29 23 62760 0.9126025017715418
13 24 28 25 48306 0.9827144500615458
8 16 10 25 43605 1.017701480444813
26 27 21 12 66322 0.9686804981423749
24 1 2 27 141981 1.074365782797323
6 2 19 10 57818 0.941461690979718
14 24 16 4 64820 0.9203110987176366
24 14 11 3 69336 0.9018783487977217
11 27 17 7 72565 0.9569303299767796
25 14 3 29 101150 1.0027356015050843
10 15 15 2 57805 1.0298399894387082
14 22 28 12 76059 1.0443497465714846
26 25 18 6 71889 0.9743988812178203
27 0 12 6 74266 0.9496711843756034
25 15 11 20 47860 1.0317720003460087
22 20 8 14 62518 1.0244755082274901
0 6 27 10 91110 0.909852008151693
16 21 1 16 51445 0.9042530997429205
14 7 21 27 75245 1.0210875482374053
21 22 7 1 91938 1.0917867122160476
2 14 4 3 43323 0.9316587517582795
25 23 28 7 64225 0.9299236887342754
2 0 16 8 65475 0.9542361222675632
6 3 21 15 80783 0.9553818896940012
26 28 0 15 102163 1.0356671554217285
3 19 8 5 46643 0.9410527282123027
22 2 1 10 88811 1.0060701613102114
0 22 25 6 126191 0.9190577672989099
29 1 22 27 103539 0.9137270383171963
20 16 28 3 83158 1.0341588695899067
20 4 21 26 69708 1.0068290051613247
8 1 28 11 97186 0.9396185553420613
14 13 11 0 54896 0.9454818567694792
17 0 29 21 103619 1.0336775476076212
8 25 28 1 130884 1.098134372304969
14 14 0 13 65032 1.0914339625137772
17 11 14 23 45931 0.9083023125347238
29 1 28 13 42524 0.9661244625328499
22 18 14 12 40920 1.0185479530284827
29 1 24 27 92861 1.055234348978059
9 17 7 0 54289 1.0421069823682152
14 23 24 22 34528 0.9540283901844642
19 29 29 0 104131 0.9506291111717233
13 19 24 28 52372 0.9712982982847256
14 0 0 11 78822 0.9094158311968545
7 5 10 12 32527 0.9038762395471245
9 2 14 20 70313 0.9030298672275936
17 8 1 26 91853 1.0512312324027757
18 14 0 14 80823 1.009687804685202
12 0 9 7 30465 1.0565709693200382
6 1 14 9 48526 1.0275503859374544
21 20 9 2 88190 1.040987012561549
21 18 1 4 89816 1.0025533639319213
5 26 10 14 57186 0.9361153629701433
23 22 9 23 50386 0.9277637899970189
11 9 24 0 70758 0.9323416098433207
0 20 6 26 47067 0.9103158844795218
2 11 25 1 106682 0.9557819140788764
0 12 22 24 95317 0.90780361664954
26 29 0 19 98314 1.0581291069186896
0 10 26 10 93155 0.9786883895530767
16 1 5 9 53527 1.0122074273743413
17 4 24 19 71719 1.0381994067503428
28 9 1 14 104902 0.904455293204634
4 21 8 10 49056 1.0692702466403436
21 17 0 26 84376 0.9716079394021526
22 1 24 25 93572 0.9918380211195665
0 16 25 13 89116 1.0352347371469681
19 11 26 15 40794 1.0515395225717212
21 28 2 7 99569 0.9586392173665853
3 26 22 3 119256 1.0576286677029434
3 14 29 0 122791 1.0176468466558202
20 20 4 7 76364 0.9431225709225658
1 7 29 24 113907 0.9979790385885876
4 25 28 27 77156 1.032558117961931
16 26 21 13 53638 0.917786539273908
4 21 18 26 61126 0.9471792696917868
1 10 13 10 49345 0.9217165089365248
13 14 20 18 24699 1.0304106324443156
26 29 3 4 122724 1.0579044486719436
14 26 28 3 109050 0.9497235024159767
4 14 19 16 59531 1.005712272919772
1 3 18 20 96293 0.9689706918016106
20 18 0 24 67786 1.0089187599011409
12 14 3 3 54490 1.0786074680290618
1 4 24 15 97556 0.9036583724895298
1 13 17 22 72247 0.9959891339608378
0 11 4 26 69068 0.9940159175521147
23 17 3 8 80685 1.0560411272945556
7 11 5 29 63257 1.0846166443747463
7 9 6 27 57061 1.0908207142940713
26 15 10 9 77241 1.0022760665395967
3 15 10 2 53314 1.0238062525817229
9 20 14 5 67176 1.0640636573932571
11 12 3 3 45578 1.0645817746320585
0 8 21 23 89711 0.935179941032514
20 14 7 4 63721 0.9891608171574238
22 10 4 18 72789 1.0353413485314518
11 8 1 28 85914 1.0069803426957404
29 29 19 20 51157 0.974490989193286
26 0 13 0 66771 0.9766762948268488
14 3 20 12 46568 0.9701619940145831
15 10 5 3 52572 1.0459560564627004
24 8 8 9 51056 0.9284315490379614
16 24 4 25 38713 1.005236185286262
7 17 2 7 40255 1.0688640054689111
15 2 13 13 45551 0.9233359875556528
19 21 7 15 42701 0.9090085026072726
5 9 23 12 66151 1.0082805784983542
6 15 2 7 38473 0.9893987961846978
24 4 4 6 65705 0.9062200967676116
14 8 2 23 74961 1.0135736598126883
28 16 6 22 88852 1.0447904316019494
15 24 27 21 48351 0.9511760998017529
14 4 10 22 73463 0.9790192413441963
23 26 2 29 81537 0.9187863870118681
10 19 26 25 56823 1.0539029200526178
5 21 28 5 119193 0.992745605165838
1 18 3 6 43766 0.9204062558936993
27 23 15 8 75371 1.0415268366937191
11 0 27 10 82505 1.0839706775548201
21 26 0 22 75553 0.928613447616917
0 9 18 9 61065 0.9773239055335687
27 5 16 7 48386 1.0458707846535775
5 7 7 20 43525 1.054491407964617
5 12 26 29 101737 0.956169596937846
21 0 28 5 52084 0.9201039930485527
27 12 18 19 52814 1.0436536690730636
21 10 28 21 62930 0.990289030642444
26 15 13 20 49058 0.9592820386331646
29 0 26 22 74451 1.075807391553864
25 16 6 16 62406 0.940481799181708
9 23 3 9 60889 0.9500737752006466
28 22 7 25 69574 1.0128821853930732
13 18 2 24 47399 1.0804602264454015
14 0 0 5 58589 1.0977740559416234
28 26 21 12 64666 1.0884420243837198
12 22 2 8 70402 1.0616984568259362
10 8 19 10 29695 1.0354889943198429
10 27 22 17 63389 1.0732864005668485
8 7 26 8 64154 1.085903763791347
27 10 0 20 111426 0.9407211514275396
26 17 25 4 58681 0.9946747024466914
4 29 5 7 80796 0.9907773897352629
29 14 10 1 100388 1.0853482075536935
18 17 3 23 59109 0.9910650642544723
25 6 14 11 57871 0.9270215448845088
20 21 16 6 54493 0.9829895529687525
16 20 11 1 67197 0.9497281890592297
14 27 3 8 86682 1.0304807247923986
27 1 19 4 50341 0.9683600901909948
7 21 8 6 44414 0.900648021789782
0 1 23 28 139187 1.0175818529423604
16 10 25 4 49144 1.0565319022378274
4 1 23 21 115048 1.094886713609862
24 16 12 17 36387 0.9610689492844281
14 7 7 3 30605 1.091806612893705
2 9 18 3 60089 1.0806895415396836
5 4 23 5 64070 1.0326172415902548
24 25 8 21 60009 1.0625227524697116
3 27 11 21 39017 1.0103505045101377
6 21 26 16 75721 0.9086572875411583
24 19 0 20 76473 0.9230373839108554
17 6 8 29 94716 0.978168865552555
27 25 6 16 72728 1.052319291231884
5 9 27 18 82280 0.960246171872474
10 19 28 1 108897 1.0858063110743155
15 15 1 0 95293 0.9439514712772965
29 6 3 16 107224 1.0085317298177694
25 20 7 8 78714 0.988254984568631
2 12 7 24 53105 1.052858553062478
24 26 6 24 57496 1.0368500968068401
28 12 17 2 75104 0.9375425369630053
25 28 0 19 89180 1.0870197647157547
0 14 5 24 54851 1.0572693790143877
20 2 20 17 56798 1.0858533253352343
2 29 11 20 56366 1.0398888719764845
13 22 21 16 43667 0.9766973580168543
1 0 28 15 136293 0.9223735367122075
4 14 25 5 94288 1.0765345516348166
10 4 1 1 44192 0.9107698114941959
4 14 29 29 108465 0.9068941656131989
6 20 5 1 66875 1.0648608348685864
6 13 15 25 59992 0.9014119574624975
26 0 3 1 108596 1.0404853769064326
2 8 10 16 53481 1.059750523416764
28 28 22 15 60637 1.0893438479079176
8 26 22 3 111539 1.0471080513339217
29 11 6 17 84415 0.9957545053151782
3 6 29 21 108244 0.9633171478017938
23 13 16 17 40745 0.9538209999844172
7 2 3 27 81203 1.045029069632434
10 3 24 28 104548 1.0163548495627746
0 18 5 13 31987 1.0740697431160502
19 20 18 9 32253 0.9488255497436753
10 7 7 25 64398 0.9583255832654356
24 8 14 0 62114 0.9389325347460837
13 8 11 19 36208 0.9610214376587591
8 10 29 11 86349 1.0036297800265988
19 19 4 25 56376 1.0731976074992553
6 19 27 21 70285 0.9567249755947461
23 12 25 25 44969 1.0453098736859545
28 13 4 7 91815 1.0044480684608503
16 26 5 16 60192 1.0433538497031023
14 16 3 8 54410 1.097043688059447
23 22 26 13 46760 1.0641523033798967
20 25 6 22 49026 1.0183100526940252
7 20 7 6 39368 0.933627263705832
25 18 10 4 79741 0.9663456036297702
15 12 10 25 55392 0.9703636523057668
4 10 14 14 58289 0.9672447596128324
15 12 15 0 47536 1.078218652419313
18 15 16 5 39802 0.9226717954704188
15 19 28 6 81287 0.93883687687215
26 3 10 22 109402 0.9430296295356617
24 15 16 9 45969 1.0450956093509174
27 12 1 5 94312 1.0590329569207648
15 14 26 4 68622 0.9814821910893464
9 0 11 15 61096 0.9481479521418069
26 17 15 14 50377 0.9413162104694559
29 14 17 13 56814 0.9563919140688537
24 23 10 25 42600 1.003984111442956
9 11 28 4 92673 0.9173553349443172
28 0 4 14 124983 0.9880258070728514
24 1 16 19 81797 0.9176254229498724
10 5 15 16 53532 0.9613219540737956
3 15 8 4 43649 1.0812982896713035
9 16 19 12 48777 1.0339755746145858
23 26 18 21 25895 1.0816150981453976
19 27 29 5 81485 0.9369303479382187
24 0 0 19 126212 0.9770806087259001
23 6 23 28 81876 1.0104124361659133
28 24 7 5 98328 1.0058226443296587
8 21 20 23 50388 1.092382690477173
13 2 0 25 101565 0.9815415457840996
7 23 14 3 79227 1.0592154181993676
8 3 9 24 68061 0.9261695898043747
8 19 5 11 40672 1.0825617450169716
24 9 1 1 90985 1.0573683671287335
8 1 21 14 79513 1.0912342499018766
23 10 29 17 42370 1.0843553305429035
24 19 29 5 55631 0.9304519394167401
22 20 5 27 79845 0.9115077452527879
28 21 8 9 89612 1.0019578133554283
4 28 28 1 152409 0.9305833127488078
10 4 5 9 29244 0.934589236108033
7 29 13 11 66648 0.9139521591077028
17 14 14 5 42798 1.0709676813313442
7 20 20 3 83291 0.9289256575538607
9 23 1 3 83990 1.0097780874345295
12 29 5 25 44074 0.9119417793474168
21 4 19 16 47561 0.9025092476903916
18 0 16 18 62484 1.081360220279354
14 13 26 21 62680 0.9549969316582392
29 12 6 13 94828 1.0585868339191205
27 3 21 13 62439 0.9900388807554474
6 29 9 13 66182 0.9634121470091256
21 13 15 26 56421 1.036108730330767
23 16 13 10 56934 1.0748875315319897
20 19 27 7 69209 1.056613824244522
26 12 19 9 34657 0.9199058697661032
14 29 17 18 45613 1.0039647489562356
9 28 0 15 72499 1.0315175390400633
24 13 9 22 74919 1.0345249177840454
5 28 28 2 148713 0.9514993604384844
9 8 24 20 71826 1.0926627385496968
1 11 2 24 58166 1.083215688119265
13 6 20 19 56268 0.9332780461853626
3 20 11 3 67060 1.0047381068290522
16 0 3 1 61924 1.0803827413680858
29 3 24 20 67500 0.9523007063840461
1 10 0 0 59972 0.92359379323974
7 12 28 17 77138 1.0696514565233148
8 7 17 19 56715 0.9619312708149899
15 4 10 15 50745 0.9981833012162209
15 9 6 18 52898 0.9676668318020702
13 2 28 21 94026 0.9076800252252822
21 3 24 29 98603 0.9644617983287624
29 16 7 13 78600 0.9536078623096264
26 5 25 25 73514 1.073329453668677
21 6 1 17 87974 0.9666395817973634
2 6 29 21 110552 0.9913873539486471
26 21 18 0 96713 1.0776345448737927
12 29 8 2 95977 0.981682037717136
14 27 5 8 82292 1.0719881266153741
12 18 22 21 37388 0.9678213215405199
1 10 24 10 79525 0.9511152298858156
13 4 14 28 84778 0.9482260300328698
22 16 8 20 59342 0.9802913514261717
26 20 11 7 78876 0.9633793264282801
7 1 3 13 43149 1.0627817608223151
2 15 22 19 63942 1.089869935828648
17 9 12 14 34929 0.968213211879284
5 17 10 28 55451 0.9100787389521375
12 10 21 2 53828 1.0137386671882846
1 1 11 12 61395 0.9803553938123684
3 27 5 5 76772 0.9538675837870536
8 21 29 16 80077 1.0585109017481213
29 3 8 2 90644 1.0986953799640518
19 6 28 16 70218 0.9152621018705059
2 0 11 5 49015 0.9852241831422244
15 5 2 19 73235 0.9136884111003016
10 20 27 10 82174 0.9573014370403701
21 0 27 15 76666 1.0450049873674727
16 23 21 8 53713 0.9567430075534304
6 8 13 16 39824 0.9684157153888644
10 5 17 2 39325 0.9660881967492376
20 28 10 17 50042 0.9471726808287728
0 3 6 20 77615 0.9895332454719696
22 15 9 6 66152 0.9249407667176638
25 26 12 16 52330 0.9206356918705841
27 5 25 26 78181 0.9637845318336742
26 16 21 9 47503 0.9271464505806334
22 21 1 29 93751 1.021534705940377
11 14 23 20 52341 0.9889625942554237
9 9 14 14 34865 0.9985509105732381
6 25 9 16 39583 0.9385380593458614
11 3 0 20 82742 1.0349941466970178
15 27 1 8 92339 1.06765450730333
29 7 0 11 112548 1.0507611806494341
5 9 22 18 65983 0.9204682736891038
2 5 24 27 108644 1.0422078383043796
24 29 4 5 112286 1.056391018542354
14 6 7 13 34727 1.008681817454833
25 18 21 12 32454 1.0641425761737306
6 4 27 20 105246 1.0767020577968767
20 2 15 12 48422 1.0612011510030015
7 13 16 0 58404 0.9083060439103419
12 19 23 9 55012 0.9903029658844418
20 28 26 19 50623 0.9525893803526819
1 17 24 22 72686 1.0026411605106154
21 20 2 3 99719 1.0792427738789359
18 7 15 27 68624 0.9768668488549358
2 9 11 27 78294 1.048470901809654
17 18 24 21 34218 0.9436093525876791
12 23 24 10 73670 0.923460786983515
14 4 29 10 74651 1.0957371352115701
10 7 20 29 78400 1.0638359418413916
20 25 20 9 43987 0.9835346076786808
2 5 15 27 95386 1.014518110744324
18 21 3 18 47153 0.9847450555752056
27 16 18 0 92504 0.9665518684149432
5 9 26 24 90512 1.0007244464870084
14 9 22 23 59439 1.0329013495017874
9 0 21 12 78694 0.9764149872171808
15 2 20 17 61057 1.091356108453659
1 17 2 7 41839 1.004371830738084
7 24 24 13 77178 0.9691446180788833
0 25 8 15 56554 0.9984777997058057
12 20 16 3 55810 0.9258642019480182
12 27 23 19 64011 0.9408275034409508
26 11 10 13 74984 0.9324864995947109
22 3 26 22 78933 0.9375540922276717
27 25 4 16 79936 1.0160256243761432
5 25 23 8 94590 1.0595896442923922
5 22 18 23 46781 1.0042466342137353
0 21 12 7 77445 1.0330356547509552
12 11 26 3 74642 1.0266014957835088
6 5 15 13 54237 0.983508364416833
27 29 3 13 106807 0.9017624475384539
17 16 14 2 59081 1.0689418479679818
29 6 2 5 85420 1.059161215511016
13 18 26 12 52291 1.0778300893526287
17 3 0 3 68710 0.9199419510894385
19 8 22 0 45548 1.0737135731014404
3 0 15 6 53318 1.0662762890573352
26 21 19 12 47229 0.9835419809083291
2 3 11 9 43224 0.9910063588300537
1 25 14 6 86819 0.9757666534162698
8 16 0 18 29150 0.9136783133772772
16 24 13 16 27883 1.016864691743732
8 3 23 10 60373 0.9165386794016251
15 21 6 8 61133 1.063553530844123
5 7 18 6 34883 1.0767395445373311
19 11 28 18 45672 0.9325337525612021
13 11 16 24 40330 0.9374937556350282
29 2 29 19 47614 0.9036117101494603
15 4 7 26 85211 0.9491814596738779
27 13 2 1 110527 1.057724356167834
11 22 12 5 49938 1.0497957961375455
3 2 2 29 97130 1.0204584941665966
21 5 19 27 67025 1.0419512819507688
22 25 0 26 66439 0.9252262400020972
22 23 21 1 86233 1.0113215980736305
18 14 15 2 52452 0.9896130699417257
12 29 3 5 96601 1.0778370545666522
5 13 27 19 83089 0.9637808223910473
16 10 19 3 28472 1.0865514978097592
17 22 24 14 44705 1.0738860378641162
1 7 28 8 92274 0.980133479329134
12 17 28 6 82422 0.9745951715849783
12 15 21 20 37530 0.905846588563076
20 8 12 5 29134 1.003747461616866
1 9 3 17 31392 1.0494087939825232
2 12 23 5 82627 0.9275808325764818
8 26 24 9 95064 0.9675005774247984
13 6 12 28 77194 1.026977112574112
8 9 27 22 92765 1.0318977855387066
27 2 9 5 81690 0.9163639390031147
15 29 19 9 65744 0.9213199953321471
24 15 24 29 48452 0.951266063075612
2 20 11 16 36683 0.9506219761116823
12 26 26 10 87441 1.0282210716912867
3 1 12 10 50824 1.0752834967737581
16 20 7 25 38759 1.0955771384691873
15 27 5 3 96859 0.9013386986129851
3 23 4 9 49606 1.0453103093698504
6 20 12 9 51911 0.9375578692763944
2 19 7 25 36465 1.0785954762299523
11 15 1 5 54175 1.0329990057770067
12 29 28 0 143666 0.9818177231391043
24 23 9 19 50743 1.018203509372327
20 21 28 28 43973 0.9277457678157889
3 24 20 19 63193 1.0795953143889323
18 19 3 0 97266 1.014036063200563
6 27 25 12 95302 0.9522898783526372
4 17 19 26 53136 1.0825648193675659
24 25 8 25 45278 0.9803093161245672
29 4 16 23 89159 0.9682265114626752
7 18 4 10 36938 0.9478844194968175
19 11 6 22 67734 0.9037686283747275
13 17 11 4 43206 0.9777394646601215
4 18 2 6 43790 0.9788865630468615
24 20 15 5 74110 0.904697941641177
14 17 22 27 46621 0.956417307928102
9 13 2 3 55035 0.992171827582906
9 15 15 7 48571 0.9660367905086873
10 22 18 14 53191 1.0864260608871237
9 19 0 14 48150 0.9552637279396489
10 9 5 2 41468 1.0725022966675923
19 6 28 13 54925 1.0985637012536262
22 18 4 22 62497 0.9220984877930927
23 16 4 24 76835 1.070693165625053
28 10 18 27 80513 1.0376836855232214
25 23 14 28 47027 1.0320634878748165
22 0 3 19 111795 0.9343294445571568
10 1 21 10 63865 0.9249475489965592
26 21 17 3 85964 1.0985615713440524
22 16 7 9 70996 0.9362518387010546
4 16 20 3 86936 1.015886383832063
16 6 6 2 39717 1.0179955200003887
28 18 3 15 73956 0.9763262420686012
1 6 11 23 71641 0.9911923888406218
5 3 23 29 122058 1.003182895773146
4 23 12 3 77095 0.9011810425758245
11 6 17 27 75091 0.96597208755175
0 14 14 9 62554 0.9389841940835554
29 25 15 10 76088 0.9250658257716192
10 5 17 22 68476 1.0786413405012838
14 17 24 9 59619 0.9472665065783159
20 0 27 19 93350 1.0026862352158115
10 27 29 29 78436 1.0524342933971615
6 27 22 5 113949 1.0312608485697172
4 15 20 17 58048 1.0282898872062265
23 23 15 0 88588 0.9414872911895498
20 13 7 20 56805 1.0420727364146565
25 28 22 10 65852 1.0312683743689837
20 15 22 3 58088 1.0675442037974086
25 2 3 24 129642 1.008103912874335
17 7 25 5 41913 1.026557794716746
18 9 11 20 51188 1.0538632965733077
7 22 6 13 35706 1.039407249634612
17 27 26 23 40516 0.9021215730822906
17 17 24 2 79787 1.0906812852632959
24 28 9 10 86133 1.0641912662186264
1 14 18 0 88019 1.0798520582724471
26 1 1 10 111210 0.9173399720565834
29 22 9 22 76255 0.9840334799144751
25 4 9 20 100286 0.9854450213896534
1 26 24 0 143070 0.991282434312595
16 9 9 13 40808 1.0611517139532474
24 23 9 29 64685 0.9550644590240156
17 19 26 22 45984 0.9982930395901995
2 28 17 5 105953 1.0145209227020635
3 13 14 12 61003 0.9805589888844544
6 8 13 13 35095 0.964967011475065
3 27 13 11 71957 0.9127461945188058
27 28 18 5 87453 0.9959219656107823
1 14 5 0 58985 1.0138451835774092
13 1 23 29 107165 1.047363019682507
25 2 27 29 104341 1.0859561626623733
0 11 21 9 78551 0.9515501548962023
2 2 12 9 49865 0.9332031146310636
11 18 20 6 56645 1.0481596964091358
4 5 6 17 44879 1.0223724309295759
24 14 9 26 75236 0.9706919505896534
29 15 22 21 42259 1.063747624572105
28 5 29 25 63136 1.0669573321654602
10 19 12 27 36519 0.9436461588495675
25 26 7 28 65318 0.9901011983724128
29 10 27 0 41811 0.9047801671608368
16 21 26 9 66616 1.070934365083477
13 4 29 18 84995 1.0029575973366223
10 18 17 14 29411 0.970186050012954
24 16 25 4 51818 0.9984384594704065
14 7 4 18 57076 0.9842285239791857
2 11 5 26 60517 1.0661315097874358
14 9 28 13 64946 0.9324868405547052
24 19 12 16 37780 1.0749717650746864
20 10 3 19 67738 0.9344718364700397
2 25 1 1 93903 0.9877676883196256
12 26 29 4 107632 0.995440032839305
29 22 22 3 79713 1.0909312202876118
2 20 29 10 99746 1.0730585091317897
5 7 0 21 67981 0.9923765009308986
26 18 5 18 53469 1.0338670054810835
2 22 21 20 71180 0.9756400243516028
19 0 25 26 96932 0.903441455589364
15 6 26 11 51927 1.014985086921299
26 21 20 9 60937 1.0494480276147071
7 18 21 24 46419 0.9809947881622152
27 21 6 3 107668 0.9232210637287699
5 26 11 8 66352 1.0364453263244942
22 15 12 18 36744 0.977309044619969
23 14 9 29 92052 1.0371759462521146
16 7 10 26 68847 1.05587725333816
19 14 29 21 50001 0.9652522851824705
1 7 23 24 99389 1.063322458520732
28 2 21 9 60276 1.0070560404069662
10 3 26 9 70431 0.9478849902509136
0 11 9 6 46146 1.0087185064069906
0 4 8 27 92138 1.0823118506450344
23 1 11 23 96236 0.9253490182952795
27 3 6 27 136789 0.9650141506975328
25 29 27 0 104115 1.0511928387837228
16 28 24 1 102555 1.0565088301500818
9 19 16 24 36639 0.9654447373654773
14 4 26 28 100956 1.0306502831606559
4 24 15 27 47823 1.0982390045600636
20 10 24 18 42947 1.0940875247503437
23 28 26 2 103341 0.9451370527751157
29 26 10 23 60718 1.0157394291810733
23 2 16 23 83046 0.9599316068626902
28 11 7 28 108338 1.052601677754784
21 1 8 10 72056 1.0104762921748867
18 3 29 25 92213 0.9478940287018316
28 2 8 26 133732 0.960393337712364
1 20 10 18 36737 0.923455808641633
18 13 28 28 64307 1.0267892795924531
13 7 20 11 35103 1.0313046239924946
23 9 21 20 54214 1.0195108088190468
0 0 27 17 134395 1.0757912387652504
19 24 10 21 36885 1.0682995393873633
21 0 10 23 104404 1.01067146453484
20 7 21 25 54176 1.0577600378373122
8 12 24 20 71938 1.0709272729694037
25 11 5 21 89934 1.0616271359051224
11 27 8 9 65990 1.0631464951237592
3 5 19 2 55428 1.037173358081443
18 9 28 22 66183 1.0245945573109803
16 20 22 2 76088 1.0804782638170811
25 1 10 2 83406 1.0469316623893856
14 7 29 7 58408 1.0037291666669588
8 0 8 27 83867 1.0032890957453597
6 26 7 17 28927 1.0584468398354574
22 13 6 9 70139 1.058314619529737
3 15 21 23 63057 0.907610281742746
15 2 20 27 81693 1.0975641532072826
26 20 19 24 33988 1.073335913363766
22 6 0 15 90831 0.9507079060471326
7 5 9 20 52531 1.046777240044633
14 5 8 24 76421 0.9535192201607344
16 13 2 29 85776 0.9176946301161846
2 14 16 20 54518 1.060716656296022
2 21 9 0 81276 0.9843210320060259
6 23 18 11 70975 0.9975752983135083
10 18 1 15 37231 0.9065795358256814
15 28 19 7 67958 0.943951618929346
18 26 7 6 78670 1.0751643660804764
27 21 26 5 60287 1.018811683612282
6 11 25 0 96423 1.0335730254970545
19 14 28 23 50958 0.9029893782157085
19 9 4 22 81418 0.9387768638847455
14 8 3 26 80843 0.9400177751585035
29 26 9 1 120503 1.097853202871147
6 18 13 14 27755 0.9507867307533108
9 20 6 10 47012 1.0153439222388798
15 1 18 20 70213 1.085958381201808
2 7 26 28 111231 0.9189222479767105
23 28 28 0 105074 0.9431900262894524
21 3 9 16 79744 1.0207235523738563
1 8 24 24 99002 1.0550626145467417
24 21 28 6 61618 1.0356166348381468
24 19 10 16 46656 1.0663546097713286
26 15 21 29 62271 1.064975983956085
26 23 18 10 61531 0.9111851432872278
12 5 5 26 75234 1.06047817507418
17 28 23 0 95524 0.9040786489560819
17 5 22 24 69769 1.098591661513982
18 8 26 0 55714 0.9066357370109638
3 16 10 28 61901 1.090518884348608
2 6 16 9 42415 0.976568800035862
4 20 18 8 71766 1.0052018765992043
16 3 25 8 46588 1.0321281442208954
16 20 19 10 34232 0.9999897192898253
24 15 9 1 89880 0.9578275059955085
21 11 28 7 45645 1.0885777370434078
4 23 24 23 59399 0.941465185586179
28 22 10 6 89017 1.0140207596610649
21 8 6 0 66322 1.0263329877772482
8 13 27 14 87126 0.9300843951159965
7 13 6 1 37094 0.9342218619862626
25 0 27 20 85248 0.9607805810227563
29 6 2 23 119008 0.9281692948766219
6 13 22 13 81854 0.9920979258695277
3 26 21 3 115644 1.0556201690231692
8 29 6 6 72433 1.0842282133149794
20 29 6 7 87882 0.9919223409066724
26 18 7 6 79708 0.9113366383241145
7 12 5 23 37915 1.0033974029820212
9 9 0 15 54220 1.0895654957215932
18 22 27 8 72447 1.0477548289049738
2 26 15 29 60291 0.9489996945811414
27 26 3 28 86639 0.998258405224073
1 12 21 7 76109 0.9035617121748601
18 14 11 23 47372 1.0390553571178152
3 22 19 9 75186 1.029269418493067
22 11 14 4 57985 0.9332588802460503
29 17 18 6 69770 0.9249022551733658
22 25 6 29 59063 0.9832357238327508
15 8 19 25 50444 1.0565018043365957
21 7 27 13 43676 0.9482730355315275
9 17 0 24 47439 1.0712861330406303
17 15 10 21 39070 0.9916136902803792
24 5 18 23 68609 1.00737119568906
10 1 1 2 33125 1.0449236621888416
2 7 18 5 49009 0.9360040541085358
28 19 5 24 81370 1.0567563935235251
7 7 26 27 101514 1.0850825239544672
4 22 8 13 47206 0.9352396740484522
15 28 17 19 36925 1.049166304858641
0 22 17 29 74561 1.066403636455918
19 2 8 15 68874 1.09365530338308
2 28 10 8 79434 0.9851924470832337
23 9 13 29 88674 0.9728160889927719
14 22 1 4 89383 1.0060928225659167
17 6 1 13 60681 1.062439605246467
0 25 6 4 85385 0.9372480621516583
3 3 29 18 110370 0.9223522044959982
27 1 18 13 76523 1.08045518533419
25 14 7 19 61993 1.0516420456051374
18 11 7 5 49264 1.0952950299879056
27 27 3 17 86861 0.9723508244042104
3 22 8 28 34288 1.0333774147797024
27 10 20 3 51883 0.9892217491666592
28 22 2 21 87366 1.0415731488538946
8 10 12 23 54456 1.0678757771763017
15 27 27 7 95030 1.0116435009076612
2 3 17 27 109367 0.9879693451172216
20 18 1 5 80586 0.9954310798093045
20 4 8 15 67065 0.9666749389722115
10 3 5 16 56470 1.0497877548918677
21 25 7 7 74216 1.0847320631257233
28 11 1 2 115574 0.9871622156829167
14 14 28 25 65522 0.9606100584592504
7 25 19 1 102358 0.9105684040547958
5 13 17 15 61132 0.9132064343594024
10 12 5 3 48087 0.9509562042737287
29 3 26 17 58736 0.9477538525948754
12 21 1 18 39035 1.0536397198604828
21 11 28 6 45482 0.9939064748280321
19 4 29 4 52612 0.9884470340099178
19 20 28 27 41455 1.0387796264486933
12 2 3 1 34121 0.9450124264100933
29 15 17 17 50383 1.085460987815294
3 23 6 13 46412 0.9009110167561553
14 1 9 12 53300 1.063848292901031
16 29 28 9 93560 0.9685521866290204
21 2 5 14 83561 0.9351394335793981
5 9 23 14 70517 1.0804702987934416
5 19 26 6 99666 0.9964272286272351
12 19 9 29 48820 0.9383530191143614
9 16 14 4 59403 1.0229141542491251
27 14 24 1 60747 1.0864629404500854
13 5 21 17 61581 0.9717035650391296
3 2 18 6 51678 1.050896113288767
17 18 23 23 26829 1.0104376866430014
25 23 9 10 75188 1.071975543208139
19 11 26 1 64040 0.9887773439524228
27 6 2 0 100693 0.9542200188291963
15 14 6 28 69514 1.0555347086483267
18 10 24 22 55870 1.0242061603922155
16 4 24 7 37508 1.0137738501724862
18 1 9 10 58247 1.0844077769423361
12 24 21 10 68622 1.0904405707589677
6 7 10 21 58096 1.0557961115360976
7 23 2 2 78199 1.0097896525276262
9 24 27 19 67958 1.045122355821158
11 29 18 4 94723 1.0652884868290746
18 6 14 20 54488 0.9489270965382977
26 2 22 12 52075 0.9397595764336334
28 9 1 4 100130 1.0275025030675766
24 17 10 6 69500 1.0822652903415027
28 18 22 12 38144 0.9067946449658763
9 9 9 25 60336 0.9014562952733535
6 26 17 26 40142 1.025927468192858
10 3 4 20 67665 1.0370551978858078
29 8 15 11 68618 0.9552839544335825
22 29 8 26 64941 1.0471033729361667
4 17 19 11 57780 0.9890896302906307
18 2 26 10 56723 0.9478399713076296
29 18 11 19 49413 0.983671833866792
20 8 14 3 34261 0.946993169088617
27 6 17 17 74539 1.056931855813883
3 26 26 6 122823 1.0512130925613992
27 22 4 16 83091 1.0590125452259562
13 5 1 17 67152 1.024467260366403
3 21 18 25 55718 1.0804836127054216
26 16 14 6 69449 1.027506145298908
20 27 29 23 43288 0.9717113384299311
17 26 26 27 40230 1.0213925614391561
10 7 0 8 35889 0.9180784392011759
3 10 3 27 54161 0.9098348523161647
2 24 18 1 111754 1.0559266334987174
21 13 14 19 45450 1.0018767632017473
23 3 28 18 66235 0.9326757742823406
0 15 1 6 46361 0.9375255746136121
7 14 9 24 39624 1.0352068635924865
22 17 8 26 65622 0.9523813456135866
23 21 9 7 82738 0.904396327315528
9 26 27 28 66571 1.0599221453805316
21 28 29 0 110538 0.9930368888548353
20 26 11 16 41146 0.9333428144333059
6 19 18 13 53392 0.9821807937772964
3 21 18 18 43349 0.9273583462951055
27 28 17 8 79027 1.022761445445944
26 23 14 28 52761 1.062343809459077
26 1 10 2 86691 0.9633415765713267
13 20 5 28 52314 1.08488091010504
3 10 10 22 64494 0.9411889048618679
17 12 8 21 61913 0.959991615845585
5 19 18 20 46208 1.099726397239677
20 17 24 11 41901 0.9164077810159523
22 14 26 29 62072 0.9041098527158171
19 19 3 16 46130 1.0537780552920764
27 18 3 22 72562 1.097156655815925
14 2 8 20 76569 1.056372437125003
26 18 14 13 51461 0.947623497900422
15 27 27 17 61791 1.0144940119487988
14 25 17 2 76693 0.9846154639388591
10 15 1 12 52021 1.0404290299854226
3 9 1 27 66121 1.0570730131027877
10 18 26 7 77367 0.9256911170766545
29 10 0 17 102857 1.0249793292902072
3 22 0 6 61159 0.9861675307079214
0 14 27 21 98656 0.9522201235220473
25 3 15 22 91751 0.9405933569262525
27 11 18 7 47373 1.0226045778015664
17 1 29 28 113116 1.0674620066317626
4 21 29 2 125296 0.9329141945110387
15 5 26 18 70992 0.9405167456198857
6 27 28 23 76228 1.0164029774559598
16 27 15 6 63409 1.0116940947052493
7 22 15 24 29750 1.0438324329193096
1 19 6 7 53787 1.062796414678692
17 27 21 8 61689 1.0362084323255323
15 0 24 15 75615 1.0620256081963872
13 10 28 23 73289 0.913305299742432
11 1 14 24 80453 1.0956737143785715
24 11 16 17 48983 0.9668269056732557
21 9 7 16 63915 0.9349487718461773
6 1 18 22 90282 1.046610220101593
12 14 13 23 30322 1.0313332054949738
2 13 17 21 64059 0.9835976372981153
28 1 4 29 155434 1.0722494643491067
13 2 22 24 82207 1.0893429819049643
26 7 5 17 95757 0.9306211232597825
10 20 7 12 35294 1.0085943301015454
14 5 28 15 83310 1.060583821985835
3 14 10 19 37901 1.0165592666191048
9 11 29 26 94499 0.9327243244259238
18 9 13 14 37929 1.0916788548791865
11 29 15 18 43331 0.9053782595881448
3 17 9 21 33830 1.0989996592928022
21 9 10 4 48122 1.0990797739006357
25 23 6 20 67054 0.9262217756809906
18 29 29 4 96546 0.951171503644912
26 18 2 10 89940 0.9917370916480479
29 29 20 16 66464 1.0972798341607437
27 19 15 17 42916 1.086041622911691
13 1 2 8 48311 0.9633098904974864
27 22 11 16 61088 0.9076300957929534
29 24 0 27 95383 0.9604317314755908
1 7 11 3 42392 0.9779012857199145
17 23 27 6 80563 1.0713638189438561
19 1 24 23 79936 0.9121982565399923
1 21 9 19 41220 0.9807040456349427
11 3 23 9 50448 0.9655541448975523
17 23 3 5 82832 1.0313202958920826
24 15 29 9 40035 1.0129698199149797
3 24 28 5 126112 0.9624810385864739
26 5 29 13 31328 1.0819558579385309
8 18 28 21 58428 1.0042465550410633
4 8 22 21 85391 1.0669603975640767
18 19 18 1 66967 0.9789927075447288
5 18 9 29 49013 1.0376525489457626
4 15 24 13 82737 0.9922529386656155
22 17 26 10 46111 0.9013580290914524
29 0 9 8 89194 0.9719805204063823
24 19 7 29 78743 1.0290229857233832
27 8 13 28 106165 0.9791606188105235
0 19 19 7 84533 1.0433403832760866
18 24 24 8 62536 0.9788577288772454
28 21 10 23 63138 1.0099204290462152
16 16 26 27 54802 0.9983088716566164
20 28 7 21 56649 0.9763712419180344
0 20 13 17 48794 0.9121199424958212
20 28 29 22 49464 0.9774064673420877
16 20 6 18 27120 1.0280009844863314
10 24 17 16 38945 1.040886735972368
10 10 6 3 37669 1.0719335703889235
13 2 20 19 66956 1.0013199671384756
5 26 8 11 53919 1.0927183154749125
14 19 13 1 58296 0.9781062365082929
8 1 4 16 60307 1.064139491769171
10 16 1 3 73575 1.081643093464469
5 16 19 5 69999 1.0100301024339728
14 27 0 0 127557 0.9859223301689513
29 10 13 10 69275 1.0127649987358647
20 1 10 21 93408 0.9839230330212532
18 21 13 28 43921 1.0447845178762982
2 25 16 13 70559 1.051800984594107
1 24 26 3 137295 0.9718241287980858
29 20 20 24 42970 1.0390010254446784
10 16 6 27 52026 0.9555688939087322
12 15 21 9 51239 0.9690600879780756
4 8 23 5 64612 1.09280031188173
6 23 9 10 55015 1.017442010252414
7 13 5 28 55633 0.9232615595016026
17 19 19 5 49940 1.0817413361477857
25 7 12 19 70637 0.9808899447254729
24 17 3 26 78987 0.9260557755489528
5 12 13 2 54693 0.9781275338116415
20 29 6 19 62088 0.9040043020065553
8 26 29 24 69608 1.0717476864463644
5 10 23 0 87085 0.9823680232888776
26 16 16 18 36722 1.0415915751597138
21 26 0 10 103919 0.9696680876753432
24 19 16 27 45835 1.0083502594048026
13 15 7 28 51756 0.9627715438003437
22 29 4 0 130412 0.9998064153389243
2 8 27 2 100585 1.0255806867657564
28 15 8 22 88194 1.086693180786479
7 27 20 28 51684 0.9017246054178701
13 1 28 12 77639 0.9813151868297084
12 9 6 29 76329 0.9984073932344842
22 12 1 29 107916 0.929704336449183
22 3 14 22 86909 1.0449376169461326
26 4 18 18 70131 0.9875480737690211
7 10 2 4 29416 1.0526875784464262
7 14 19 29 60499 0.9870589043116067
17 19 1 6 76860 0.9078644395240625
14 1 28 13 87151 0.9390071085136645
14 17 25 8 68716 1.0536075836435574
6 1 11 22 72855 1.0073841603283091
9 6 25 22 84110 1.0161883779402208
15 24 22 6 74896 1.084481827320289
0 17 10 28 68218 0.9849569851491407
7 20 13 13 36213 0.9692393433102102
25 18 9 20 52107 0.9583886831137645
12 13 23 2 68962 1.0670299024462468
5 6 21 23 77960 0.958288388503479
1 16 27 25 85338 1.0303528329863405
22 23 4 1 104820 1.0961264597632838
3 24 5 1 81924 1.0964667040912994
23 4 26 27 87166 1.089791077995258
28 24 22 12 55025 1.0164437565745392
8 9 1 25 66477 0.9251784463648137
17 28 27 12 71661 1.0432649382725927
0 25 12 12 74052 0.9205463204709157
13 3 26 23 89211 1.0519169497931724
11 24 4 17 37224 0.9816162042355444
10 17 1 2 78180 1.0504358335556314
22 7 6 27 100955 1.0349758069918455
10 9 18 25 61790 0.9421014499678443
26 8 21 15 44959 1.0226193075766858
22 25 2 4 97345 1.0606120752431043
14 5 29 1 76502 1.0419015481045932
8 11 21 10 57347 1.070575241458967
1 10 18 25 90957 1.009817144594706
7 14 17 1 62693 0.9241080834370927
14 17 3 6 61801 1.072049488904112
23 1 15 12 60279 1.0091227366124187
10 5 4 9 26462 1.0840549612458312
2 28 24 10 115666 0.960868170931489
4 26 26 21 76804 1.0942434776529022
21 8 10 14 48936 1.0290253520095611
20 7 18 26 56933 0.9423400053794311
23 1 11 17 86473 0.9194252083484498
21 5 14 16 65494 1.0683808692120917
2 5 21 13 78079 1.039258028511785
13 19 22 29 53131 0.918713625085395
21 12 28 9 39651 1.0546030470647223
22 1 22 20 86047 1.05423886836495
6 24 15 6 73148 1.0289561052387017
16 24 25 16 47638 0.9009930670364398
0 5 20 0 80029 0.9081368571242653
10 18 25 3 87937 0.9037620255385437
22 8 1 12 71858 1.0944238361336802
10 21 7 3 63958 1.0409517964792832
17 3 19 28 72990 0.9767258325426943
1 29 14 16 81886 1.043541783481255
29 18 27 2 56352 1.0445690886058727
14 9 0 14 62554 0.9056284993843092
0 20 8 29 62699 1.0225442613578288
12 10 16 24 47209 1.068629443020139
24 1 2 11 102009 1.0827457045659645
3 18 28 18 63752 1.0637695187191756
29 11 8 2 93080 1.0962596278376706
26 6 7 14 79422 1.0859677592981543
26 27 15 18 52650 1.0937424690580317
14 23 17 10 48787 1.0410639312568013
16 26 27 23 43643 1.0829466795533702
3 21 7 28 33326 0.9529921916613473
17 6 2 15 65662 1.0575538318899542
7 22 28 11 95633 0.9598123525668851
