3831 3309 3520 3794 3851 3346 3361 3796 3460 3906 3278 3712 3730 3470 3803 3354 3328 3944 4042 3705 3341 3677 3978 3719 3375 3380 4037 3671 3422
2682 2733 2908 3067 3170 2753 3353 2638 3057 2769 3025 3280 2589 2653 2753 2587 3020 3044 3104 3007 3209 3076 3252 2731 3110 2683 2745 2781 3344
2143 1644 2129 2284 2191 2131 2222 1945 2056 1894 2166 2021 1960 2189 1742 2060 1930 2251 1669 1566 2203 1650 2133 2200 1812 1649 1926 1743 2165
8902 8404 8626 8491 8264 8205 8155 8557 8307 8767 8605 8234 8775 8352 8262 8768 8594 8334 8666 8509 8590 8263 8363 8836 8352 8330 8763 8333 8349
1479 1156 1675 1507 1547 1384 1125 1152 1252 1643 1361 1338 1358 1160 1093 1516 1214 1406 1161 1548 1289 1686 1228 1298 1563 1443 1209 1483 1751
3905 3385 3236 3771 3853 3557 3544 3893 3713 3483 3260 3315 3237 3852 3340 3223 3305 3361 3809 3455 3480 3424 3520 3928 3909 3433 3169 3871 3796
1681 1317 1299 1244 1567 1765 1641 1140 1284 1510 1563 1731 1671 1237 1672 1200 1203 1152 1739 1763 1204 1853 1509 1191 1289 1574 1599 1494 1559
3979 3951 4598 4326 4521 3980 4371 4079 4503 4044 4196 4572 4365 4296 4343 4199 4020 4306 4138 4452 4462 4318 3996 4030 4617 4485 4677 4600 3963
6178 6240 6467 6116 6197 6000 6324 6653 5977 6609 6622 6624 6170 6286 6365 6608 6443 6373 6342 6000 6178 6222 6362 6416 6325 6326 6076 6180 6571
6154 6491 5859 6309 6258 5997 5897 5865 6483 5828 6035 6477 6247 6134 6149 5851 5966 6367 6152 6434 5985 5964 6485 6170 6410 6514 6096 6351 6159
6769 6847 6723 6785 6675 6764 6553 6793 6362 6425 6288 6493 6840 6642 6307 6338 6866 6427 6293 6250 6332 6530 6813 6548 6873 6967 6954 6516 6383
7995 8118 8741 8346 8030 8021 8247 8036 8656 8702 8171 8647 8457 8404 8050 8161 8575 8246 8022 8699 8482 8574 8384 7976 8117 8611 8549 8098 8048
4210 4265 4475 4632 4530 4563 4023 4474 4022 4357 4280 3965 4602 4457 4009 4643 4026 4135 4448 4185 4018 4556 4316 4396 4608 4577 4225 4317 4314
8021 8138 8167 8651 8492 8736 8568 8658 8182 8332 8316 8014 8705 8689 8014 8320 8179 8267 8581 8314 8438 8073 8217 8317 8057 8047 8324 8100 8497
5104 5244 5162 5328 5803 5307 5796 5569 5110 5212 5771 5692 5554 5289 5228 5452 5352 5794 5517 5355 5754 5392 5520 5521 5806 5421 5686 5474 5819
1667 2052 1927 2067 1905 2270 1875 1916 2049 1639 2316 2306 1782 1997 2279 2253 1609 2050 2295 1678 1855 2019 1933 1658 2178 2000 2211 2285 2112
6961 7114 6638 6731 6632 6878 6694 7290 6675 7220 6973 7313 7161 6908 6736 6768 6685 6771 6978 6830 6549 7153 6983 6632 7242 6567 6792 7153 7057
2895 3570 3317 3428 2834 3028 3030 3195 3161 2830 2947 2866 2958 2865 3343 3188 2872 3148 2842 3496 3483 3195 2985 3215 3260 3462 3496 3525 2957
4712 4666 4889 4844 4801 5048 4722 5274 4717 4786 4829 4737 4568 5087 5111 4928 4662 4833 4667 5293 5074 4713 4668 4809 5158 5043 4742 4870 4607
3365 3692 3129 3384 2980 3353 3494 3527 3647 3696 3170 3587 3385 2940 3368 3704 3389 3210 3534 3683 2989 3051 3247 3318 3468 3211 2995 3545 3341
6558 5839 6247 6436 6144 5892 6014 6383 6125 5964 6598 6022 6275 6056 6228 6473 6484 6204 6329 6560 6361 6512 6043 5848 5972 6478 6372 6342 6148
3855 3408 3466 3775 3466 3930 3830 3909 3323 3884 3876 3705 3871 3935 3353 3342 3961 3569 4002 3240 3708 3526 3399 3935 3556 3340 3525 3385 3356
7416 7583 7784 7453 8004 7532 8060 7782 7426 8092 7995 7604 7771 7441 7901 7679 7765 7474 7658 7735 7420 7733 8024 7574 7722 7732 7840 7388 8025
7449 7224 7643 7707 7248 7618 7213 7167 7188 7687 7471 7429 7327 7527 7156 7636 7045 7531 7215 7303 7193 7084 7320 7112 7513 7652 7284 7472 7266
5075 4647 4771 4797 4732 4552 4827 5133 4556 4941 4420 4438 4681 4781 4673 4895 4435 4598 4945 4959 4673 4686 4826 4436 4812 4487 4619 4551 4758
6861 7231 7238 6828 6965 7097 7135 6998 6814 6844 7291 7446 7287 7046 7538 7413 6806 7312 7437 7475 7369 7246 7399 6899 7057 6771 6812 7366 7405
2996 3381 3081 3441 3120 3137 2930 3026 3209 2976 3103 2941 3542 2966 3369 2930 3384 3316 2834 3402 2847 3304 3125 3042 3413 3270 3113 2841 3259
7811 8055 8476 7804 8188 8129 8269 8125 7813 8160 8025 8362 8009 8553 8331 8479 7997 8163 8361 8265 8156 8188 8106 8311 7989 8401 7882 8516 8282
5998 5887 5897 5931 6289 5952 6089 6011 5985 6161 6548 6183 6405 6113 6350 6399 5997 6595 6148 6216 6089 6344 6600 6336 6414 6555 6345 6158 5910
6682 6879 6953 6539 6423 6496 7033 6334 6921 6662 6758 6589 6696 6884 6542 6749 6653 6458 6420 6882 6570 6370 7017 6578 7069 6995 6987 6318 7038
7960 6591 8518 1840 4595 7990 5849 5803 6945 1695 3305 4961 5347 5481 2094 5316 4203 4391 6039 6540 8019 2162 2484 4041 5855 7314 3612 8043 1194 7249
7488 6777 8007 1786 4319 7641 5679 5345 6541 2090 3757 4706 5357 5696 2442 5808 4721 4688 5706 6357 7521 2344 2338 4074 6171 7578 4038 8094 1655 7231
7432 6959 7972 1967 4065 7625 5978 5522 6357 1530 3851 4459 5196 5658 2236 5567 4237 4669 6295 6200 7595 2473 1881 4080 6376 7406 3780 8127 1113 6985
7937 6780 7957 1976 4057 7953 5827 5794 6952 1988 3739 4391 5045 5174 2386 5184 4282 4255 5918 6089 7426 1945 2093 3960 6295 7309 3930 7935 1548 7066
7751 6857 8499 2072 4351 8233 5769 5512 6527 2098 3652 4682 5750 5450 1847 5398 4102 4988 6170 6133 7671 2318 1882 3826 5953 7393 3392 7956 1467 6685
7436 6274 8136 1945 4532 8298 6403 5405 7044 1547 3486 4709 5060 5229 2477 5831 4189 4885 6011 6127 8036 2253 1927 4045 5929 7555 3451 8482 1741 6947
7539 6749 8490 2205 4270 7741 6063 5713 6764 1747 3449 5013 5640 5677 1896 5725 4168 4927 5775 6273 7522 1797 2365 4006 6450 7369 3753 8388 1628 7209
8094 6928 7987 2219 4572 7672 5906 5586 6969 1840 3777 4519 5185 5134 2034 5592 4403 4575 6400 6506 7744 2025 2441 4084 5999 7480 4020 7995 1588 6705
7621 6502 8431 1912 4143 8263 5890 5986 7040 1675 3167 4645 5191 5002 2459 5597 3981 4961 5990 6472 7433 1862 2149 4204 5745 7337 3587 8009 1853 6971
7447 6931 8614 1888 4122 7804 6342 5435 6617 1756 3685 4311 5207 5385 2549 5143 4202 4333 6139 6634 7614 2524 2264 3688 6321 7093 3862 8118 1577 7113
8009 6483 8575 2434 4149 7769 5887 5935 6668 1730 3317 4965 5346 5250 2549 5814 4206 4528 6042 6142 7940 2414 2178 4020 6408 7238 3777 8353 1722 7150
7473 6768 8065 2288 3963 8108 6218 5874 6574 2096 3203 4999 5517 5536 2428 5822 4390 4764 6332 6489 7453 2380 2289 3791 6137 7208 3410 7793 1402 6920
7536 6331 8263 2120 4383 7665 5661 5406 6870 1593 3672 4538 5724 5742 2495 5638 4314 4524 5884 6275 7620 1950 2199 4019 6095 7664 3417 8352 1349 6838
7804 7007 8620 1883 4574 7668 6220 5523 6530 1911 3316 4419 5391 5144 2137 5217 4489 4337 5866 5879 7867 2115 1926 3703 5923 7651 3427 8544 1681 7298
8093 6479 8343 1845 4224 8044 6371 5340 6428 2046 3644 4406 5086 5129 2068 5688 4499 4709 6410 6323 7757 2359 2174 4361 6364 7198 3954 7933 1258 7221
7566 6810 8186 2340 4114 7782 5643 5269 6964 1617 3484 4270 5600 5160 2160 5207 4156 4398 6295 6333 7976 2505 2302 3680 6389 7625 3772 7968 1210 6816
7899 6300 8207 1746 4333 8281 5948 5435 6576 2054 3443 4740 5775 5515 2097 5343 3953 4776 5718 6099 7479 2071 2186 4203 5712 7514 3309 8528 1395 7306
7476 6542 8033 1712 4004 7968 6272 5838 6498 1571 3747 5030 5665 5300 2120 5772 4110 4783 6026 6411 7684 1865 1966 4167 5846 7462 3430 8530 1587 6927
7690 6290 7997 1998 4022 7716 6277 5613 6933 2206 3508 4675 5478 5004 1982 5465 4367 4989 6085 6017 8008 1932 1993 3869 6271 7066 3729 8279 1664 7339
7776 6311 8168 2423 4141 8217 6092 5413 6837 1830 3665 4358 5291 5256 1853 5602 4222 4728 5973 6565 8074 2343 2422 4120 5886 7391 3584 8462 1604 7162
8191 6431 8531 1796 4372 8342 6284 5659 6797 1677 3170 4981 5316 5220 2312 5778 4422 4747 6341 6139 7815 1793 2483 4152 6045 7080 3484 7884 1324 7264
8111 6662 8430 2298 4102 8167 6176 5301 6362 2132 3468 4325 5135 5320 2092 5321 4002 4675 6200 6436 7446 2253 2426 4113 5936 7479 3493 8207 1547 6711
7805 6545 8629 1962 4662 7730 5790 5317 6755 1718 3234 4499 5089 5016 2492 5853 4531 4683 5863 5965 7837 1792 1864 3865 6052 7316 3652 8017 1148 6730
7734 6893 8451 2051 4274 8032 6020 5949 6824 1623 3817 4476 5293 5565 2469 5671 4392 4763 6155 6606 7474 2276 2058 4416 5678 7596 3950 8156 1166 7125
7842 6440 8553 1835 4656 7921 6340 5576 6602 1805 3649 4278 5523 5520 2255 5249 4555 4925 6147 6025 7661 2088 2150 3680 6073 7125 3921 8014 1523 7216
7898 6482 8297 2174 4597 8222 6098 5784 6343 1563 3250 4395 5789 5073 2487 5159 4359 4974 6164 6547 7863 1797 1858 4252 5887 7388 3912 7816 1420 6702
7943 6342 8081 2064 4081 7924 6187 5802 7024 1858 3577 4939 5052 5498 1893 5111 4367 4402 6131 6489 7733 2330 1892 4125 6185 7475 3471 8316 1302 6871
7465 6321 8336 2090 4055 8298 6258 5625 6657 1520 3150 4921 5451 5259 2322 5171 4470 4822 6397 6177 7329 1875 2577 3933 5798 7169 3524 7870 1195 6625
7441 6529 8310 2423 3933 7712 6279 5281 6376 1838 3440 4598 5614 5405 2429 5478 4302 4635 6166 6261 7493 2322 2363 3686 5886 7644 3952 8397 1343 6870
17 0 17 16 46778 1.0339336213953116
26 15 28 24 39422 0.9179111272685302
0 21 1 9 30247 1.0644317924080224
1 0 15 24 67177 1.0990373288225215
21 10 5 3 41819 0.956608340962262
7 11 22 19 64904 0.9243617727078541
18 16 27 13 35863 1.0471178981790306
9 10 29 9 41972 1.0006720774415785
20 4 25 17 61856 0.915016490415533
27 1 3 2 67582 1.058559774017363
23 29 17 23 33098 1.0803354388661115
24 13 8 13 47329 0.9275797810776557
0 6 28 1 79644 1.0274175488361945
18 1 12 19 65436 0.9605098371472194
24 1 17 11 48111 0.9222412482034006
16 8 22 27 64354 0.9960369281523417
21 11 14 4 32954 0.966216713444147
19 21 1 5 65866 0.9377285424267923
9 28 2 17 29814 1.0479198163507468
10 24 13 4 69018 1.0062984878028511
24 21 21 2 70452 0.953229509561581
7 14 10 25 41434 0.9934356786747448
21 17 11 18 52435 0.9698329589339949
19 14 3 7 46636 0.9849158090198571
20 17 16 7 42822 1.0269736013866448
13 28 28 6 82541 0.9174714040239491
10 10 24 4 51006 1.0474093738737331
29 16 12 25 73275 0.9480001527730573
28 0 25 9 42362 1.0872130204966872
9 22 22 13 50847 0.9945817621985693
27 26 10 9 72732 0.9220110940347498
20 13 28 8 38760 0.9098768353098988
27 23 2 7 80044 0.9033865814410469
19 10 10 14 32861 1.0032463565290628
0 29 2 5 46801 0.9460567182942612
27 25 23 5 88437 1.001870429676278
15 25 24 17 45793 0.9094226596650301
3 18 11 27 39500 1.0808658169524878
3 6 0 23 39903 0.9535489424524008
19 1 24 17 69205 0.9011960908798626
0 15 15 2 52526 0.9337817002883373
8 12 19 27 57634 0.9103160708019479
0 29 28 9 78142 0.9161380947984153
4 24 4 13 14599 0.9610849173557695
10 26 0 4 61697 1.021285169259017
11 5 29 16 84537 0.9613244780066148
19 15 9 10 38727 0.9611066262778664
16 24 17 9 39729 0.9975008661232123
16 22 3 18 37698 0.9001572185794581
1 6 16 19 61554 1.0028941893781171
15 6 8 13 38851 0.9229566219099669
2 26 13 11 57205 0.9168572680817529
13 8 12 21 42622 1.0986000300332788
4 2 17 15 47321 0.9888245858558519
20 0 11 2 42635 0.9345563648156953
28 11 17 4 47312 0.9498431986270426
27 5 1 4 68427 1.0330059895941397
2 19 4 5 26047 1.0870480126221378
4 25 8 3 38270 1.055815188637492
17 9 19 17 29029 1.0676154526254735
6 26 18 9 46697 0.9850382888690098
24 11 0 21 70839 0.9674861329156105
28 1 12 22 82732 0.923453377435092
11 12 17 23 44787 1.097715164762715
26 11 2 5 57786 0.9831003999517216
16 0 21 15 51211 1.0780174499345883
9 3 6 29 44690 1.0235396552668232
13 1 23 25 94662 1.0799157849059637
5 19 0 4 38713 0.9002835128041413
22 20 16 8 54533 1.034135364552948
29 19 26 6 59453 1.081513585268019
19 7 4 1 45459 0.9715044782467397
23 17 3 28 69484 0.928757756587484
26 9 4 11 42839 1.0238460483452858
5 11 16 2 44195 1.0444786677011049
18 10 13 25 55731 0.971499979542219
14 19 11 3 47067 0.9553919782294746
7 27 28 10 79220 0.9425263648796516
0 17 22 24 72808 0.955193527648678
21 14 14 6 34775 1.0407737342177241
6 22 12 28 18426 1.064307251455952
7 9 20 22 51594 1.0409149924955023
19 28 9 26 27292 0.9673147876646089
23 15 5 2 64520 1.0806672666641142
21 17 8 9 46027 0.9635875026316392
13 7 4 5 33304 1.0772588381857036
15 3 26 12 40898 1.0186658555515837
4 4 13 25 62712 0.9321883537173233
0 2 13 28 59380 1.0236222217079645
12 6 19 15 39836 0.9616999628181512
0 19 6 26 26548 1.0312414394474971
6 16 6 0 23522 0.9142953357000564
6 13 27 23 63573 1.0540713668994988
0 17 17 3 61157 0.9104050850617288
23 26 14 27 29571 1.0577065290887626
17 20 12 9 37668 0.97152321040768
25 7 17 1 43548 1.017028449744033
15 25 23 15 46071 1.041459798810794
29 0 23 26 111501 0.9401409261410992
26 3 1 15 69790 1.0455984539563727
2 23 6 1 38480 0.9679437335328911
24 12 28 23 50659 0.9164064622202693
24 29 8 4 75854 1.0762266603319315
18 23 5 6 60680 1.0333870159808336
10 19 7 7 46572 1.0108951884285107
19 12 10 5 53749 0.9123866569326678
27 24 1 2 94231 0.9946676964445165
24 4 26 15 43572 1.0182494689070225
12 10 17 16 29821 1.0780464769169664
14 3 7 29 59335 0.9215265412670309
23 26 9 20 56473 0.9297674981044523
26 0 3 16 76322 1.005827395921607
18 26 12 5 66990 0.9818608901394995
17 5 1 22 60209 1.0191314845830295
22 0 2 24 87713 0.9156422169069834
26 19 9 26 60599 1.0059693934468892
9 26 25 28 35604 0.9643494120893199
17 25 27 23 35930 0.9682824138755357
28 16 2 21 75750 1.0009369865961728
19 21 4 5 53370 0.9636833510032954
1 12 3 1 32260 0.9274239384295051
6 1 20 11 46323 0.9938024153116731
18 19 25 4 72367 0.98278485284664
22 4 1 5 54669 1.0970487468272592
1 23 22 14 60032 0.9544960940769927
8 22 22 21 31960 0.98870276294577
16 10 8 22 43102 1.0051296243819936
2 24 15 15 45135 0.9636785633298338
12 15 19 11 28980 0.9402422367580622
7 19 5 0 41325 1.0979079582206577
4 28 22 0 87630 1.0385750756521857
22 0 21 15 63697 0.9672986942172653
26 25 13 10 64687 0.9815873436535922
0 8 17 3 45627 1.0703844775979023
5 13 19 26 53225 0.9125712001295805
28 18 6 19 66719 1.0683936305951431
4 15 28 24 74727 0.9068355830314869
10 1 24 19 88743 1.0131344901222685
13 4 27 7 50646 0.9977914749554475
23 27 24 8 78278 0.9255124864887825
23 24 28 11 63643 0.9527576411209445
28 19 18 11 59046 1.0522217575894468
29 27 15 12 57828 1.081483309836217
6 28 29 2 91454 0.955336755550897
8 16 5 8 24415 1.0420129799250322
22 28 12 20 35057 0.9199770275906394
4 18 19 14 38527 1.0800933634818526
12 19 25 6 73060 1.0311968225359893
8 10 19 1 46115 1.0146031650905902
5 18 10 10 31518 0.9422015680837534
19 0 5 23 70362 0.9931482010164054
20 27 0 18 60510 0.9456668141012767
12 3 11 20 58336 1.0038364081028734
26 0 26 17 53532 1.0180590380974186
9 3 25 20 76886 0.9479842271529624
8 8 2 19 34343 1.0546400531567324
0 29 9 18 45520 1.0144899063838635
20 17 1 19 63492 0.9440460079154925
24 7 2 29 76979 1.0152863291860286
0 25 12 1 71311 0.9466676445432078
6 11 9 24 36035 0.9705264442183066
28 12 25 1 51330 1.0836517890356139
12 15 25 19 57408 0.9270666824893437
10 11 20 4 49492 0.9003145287060036
5 16 14 17 38526 1.0104725017097176
4 1 26 23 79198 1.0167373350675075
9 3 26 9 44336 1.0730085995840413
21 20 8 24 46193 0.9555924924705882
5 13 22 14 41560 1.0388940188757507
10 11 14 0 47910 0.9397093964523009
15 1 7 14 41022 0.9935326742874789
21 3 15 20 46301 0.9181939484796657
10 11 27 2 67046 1.0025210678180332
8 25 5 14 33101 1.0727080672298928
1 2 15 22 58171 0.9107321220589071
15 7 2 13 35563 1.066279362695214
16 10 0 7 39721 0.9516381929120982
22 20 2 28 56393 1.0223634192414817
9 15 17 12 30455 0.9949048787606873
28 7 3 4 65726 0.9066535570212523
27 28 15 2 69242 0.9000251565969879
28 19 2 17 75329 1.0738741758128416
13 6 22 16 51692 0.9521258376493813
25 6 9 27 88742 1.0249618265370657
2 14 16 6 43004 0.9045926708027663
9 24 0 4 60522 0.9950515661503222
19 27 6 4 59010 1.0884898489895571
7 19 29 4 83837 0.9731719926162496
26 4 7 22 73475 0.9281319840767086
22 16 3 19 60639 0.9788410152292664
6 0 25 17 77877 1.0406529371993993
13 11 12 29 51815 0.9505474425961125
8 23 27 9 67145 0.9146970957922905
2 7 17 3 39668 1.0034703581255484
19 22 25 8 59572 0.965057297344524
26 19 17 18 34209 0.9504416274558665
27 19 0 24 77034 0.9553765503458607
23 3 12 12 46509 0.9298118589130363
29 27 4 6 72538 0.95530332998529
6 11 26 26 60681 0.9418533515240861
3 20 5 8 28035 0.9349132315834252
0 4 6 15 32186 0.9621806406449711
15 20 18 27 25201 1.099632435266032
16 2 9 22 60168 1.0956124975340737
3 9 26 13 54385 1.0898639781416866
7 27 5 6 43959 0.9244162493195727
15 5 26 14 42469 1.0701496215395854
6 26 4 17 16462 0.9184790745463777
28 24 7 25 65597 0.9981906137566541
8 18 4 28 30598 0.9842529639567619
23 15 13 12 38520 0.9718562685817442
28 28 5 10 62273 1.0276233035240743
6 26 17 15 45564 1.0014739005074396
29 5 5 26 96702 0.9023105418101435
11 28 4 7 39977 1.045236462678443
14 14 29 18 56387 1.0710464069835437
29 15 20 23 55684 0.949049928615005
6 27 17 26 25178 1.0834667692348483
12 15 23 8 42742 0.9651360201194313
0 10 10 23 48823 1.0568457576137824
19 4 21 23 66091 1.0490742981390668
2 11 10 22 34733 1.0791373897972651
23 19 4 4 77594 0.9821942225799044
29 6 20 8 42147 0.9635816960569987
19 14 26 18 28959 0.9421876958699533
3 7 20 20 65359 1.0951501276254396
6 1 17 28 56074 0.9515139672226419
4 1 24 13 65235 0.9079679765777356
15 1 4 11 37761 0.9133470193176667
16 29 11 4 73135 1.0591992757951545
7 3 27 28 69948 1.0892650937807122
18 2 6 22 57620 1.0606076045667021
2 14 24 27 58221 0.9444201795887093
16 19 3 3 56841 0.9494405535865519
1 6 22 0 68385 1.0248217468096419
4 6 3 26 30764 0.9786693406873247
14 17 28 16 50305 1.02134698055167
28 2 6 20 76262 1.0786796466534212
8 21 23 21 32158 1.0933336662545354
6 13 24 28 48382 1.0906853250974025
19 23 15 9 37772 0.9797650376328257
20 1 26 5 30186 0.9200890315355686
18 14 27 18 37072 1.0594200540074215
13 1 18 29 76689 1.0396970972660706
13 9 17 25 43983 1.0119914168697763
26 18 16 11 46490 1.0070205031723332
4 26 13 18 42731 1.0151200925649402
21 1 2 6 52249 1.043754633427225
26 12 20 27 65168 1.0327167945052427
12 17 4 20 35648 1.0693561350893852
24 3 7 2 39513 0.9517453017844641
19 4 8 0 44435 0.9977326619036337
22 28 0 7 68153 1.032411405671853
28 24 29 9 63535 0.9270139942421524
24 3 5 20 69139 0.9614535770145332
11 16 6 23 31383 1.0629880057959322
16 20 20 1 63190 0.9428054676500562
19 20 24 10 50426 1.0795825371601824
14 3 18 18 46801 0.9235228021324452
23 28 7 26 32383 1.0435628783386295
1 23 20 29 46939 0.9456504593512488
4 18 15 5 40238 1.006350538556814
8 15 22 16 46271 1.038710166888445
24 18 28 25 45585 0.9167203677265896
8 11 2 17 28849 0.9126481711807807
6 2 14 29 56713 0.9049432810707635
28 29 3 29 50078 1.0659747033745155
24 14 15 12 23356 0.9365685051949576
18 28 13 0 76160 0.9320461705840195
2 11 25 4 65345 0.9442127057186178
21 1 5 15 59853 0.9217904167025132
5 23 27 29 50422 1.0051842606039574
29 6 12 21 75783 1.0520147075430821
13 9 16 19 30816 0.9436345932923597
15 1 8 24 66061 1.0092461156137313
25 28 22 4 84485 1.07991648532582
15 5 10 12 36692 0.996539303147693
18 23 10 2 66575 1.0646431553173812
10 0 20 19 85160 0.9676958935515134
27 23 1 13 75382 1.0932841004160188
19 29 6 11 48336 1.0669332796814
6 17 20 22 38172 0.9928090003141579
16 19 21 3 50956 0.9229616641636401
10 12 2 1 45355 1.049227715052657
29 0 21 24 104558 1.0859747115809653
26 23 17 2 72396 0.9289788129829607
24 14 9 5 64991 1.0995372087281015
8 10 15 4 29431 0.9871223618236393
8 19 1 0 52948 1.0884788034990232
17 10 27 27 69037 1.05317247882201
25 19 16 26 48047 1.0288009825095699
23 0 9 10 67633 0.9978853132843208
15 10 2 6 31419 0.9763913624065822
7 28 14 0 70882 0.9454378676225929
24 4 4 29 81649 1.0342116833847084
24 5 8 28 83260 0.9012335646601007
9 24 17 8 58595 1.0303047359917648
1 6 13 20 58704 0.9874107695132056
13 2 21 21 60545 1.0170134323326478
13 14 22 10 32552 1.0742216704938021
22 27 1 27 42082 0.9295956645858225
19 22 2 8 55588 0.9827161794817499
18 24 13 1 71556 0.9607218360169241
11 0 25 8 63400 0.9189011039717322
11 20 11 4 64394 0.9901520641761122
23 2 8 25 89689 0.9832707152894995
8 15 22 28 54476 1.0559976169944068
16 2 6 15 45797 1.025449114319044
6 11 18 25 57106 1.068603763306055
27 6 11 11 54334 0.9635047219150438
29 1 7 24 98827 0.9087511507116357
20 1 1 15 68383 1.0984169850458128
7 23 25 17 63723 0.9388873063185919
22 13 14 7 40916 0.9090435263457277
14 18 9 13 34961 0.9551708446277033
10 1 24 17 79842 1.0801651102463348
3 9 16 9 23644 0.9085254224865228
15 6 13 21 34373 1.027562951654828
4 17 17 3 45547 1.0310976763840103
26 11 19 19 42614 0.973119764351893
6 21 10 27 23671 0.9472632563287277
20 1 3 28 79251 0.9500294637932445
27 16 12 12 50744 1.0899247842091828
17 2 27 6 37451 0.9953075401960758
6 3 11 26 52701 0.9307995769649805
0 21 1 12 25611 0.9895489655094108
21 15 12 24 46926 1.0626417641223662
22 19 27 26 42733 1.0902325455572484
21 11 7 15 47097 0.9498085049944968
26 20 21 26 30737 0.9120907554517746
18 1 1 24 76199 1.072722356101716
19 14 10 7 40930 1.0874542904285982
17 12 2 10 37765 0.9452384012620869
8 0 0 2 35036 1.084990443943644
8 24 12 10 49848 0.9677477085547568
10 15 27 12 53863 1.0426689838370038
19 18 3 6 61465 1.037369145776815
8 16 1 4 39390 0.9648838827365573
26 5 28 29 80427 0.9293918255029119
12 5 5 27 59607 1.098614724662844
0 18 22 15 69514 0.9667893431011019
4 9 21 7 38226 1.0224783469074352
4 23 0 29 15928 0.9781702136475596
10 28 17 13 42837 0.984088560431668
15 23 4 24 28253 0.908975018264651
26 27 1 11 70330 1.04789629655661
16 3 21 27 64934 1.0918072659485585
16 4 5 24 58650 0.9989752049075548
26 27 8 8 70205 1.004075939446404
19 29 28 4 90894 0.9067923763631699
6 10 0 27 38844 0.9616048761176673
12 21 3 19 26499 0.9235345155392746
17 3 13 11 28948 1.0094381505351167
8 16 12 24 39883 0.9356571558566258
13 3 24 8 36794 0.9257930393065086
25 19 21 2 70557 0.9238533280046749
3 18 18 5 62099 0.9122506474838347
2 20 6 2 35983 1.0804339563106005
20 7 12 10 29942 1.0252793209689959
20 20 9 7 64616 1.0441813747015782
26 2 2 19 77328 0.9337321637808067
22 9 9 24 64850 1.0813790454319332
2 25 6 6 35602 0.9077272308269022
2 17 29 2 83857 1.0460881524528816
6 25 10 7 43660 1.0685912623596066
21 22 12 27 34222 1.0705650044327661
6 4 19 26 62005 0.9527791009455917
26 17 12 1 70712 0.9924401846927735
6 9 28 5 63605 1.053954391682499
16 17 11 25 41122 1.0000227060762161
2 20 9 24 31246 1.0862999129178348
2 12 13 13 37209 0.9954376803677208
4 25 2 16 19332 0.9686355292252045
22 27 16 15 48950 1.058615151732277
8 23 0 21 23538 1.0320190278867858
9 11 5 28 40999 0.9110610754114802
11 6 25 17 72832 1.082712404175686
29 24 5 1 100432 1.0722190587548057
28 13 14 22 52859 0.9167777460164106
13 20 28 24 56044 0.9515839480790781
25 27 11 8 76023 1.0934710539787946
5 3 18 7 42213 0.9654297648998639
12 14 4 7 27503 1.0723291622168356
5 12 20 27 56270 0.9314311323919419
11 11 29 19 81160 1.0677514868607825
2 25 27 29 50417 0.9091089852295383
22 27 4 15 53029 1.091780433258743
2 7 8 22 33907 0.9819525352356853
20 18 15 13 30000 0.9558509887207972
9 9 25 16 54872 1.0116564166075612
15 9 1 2 36643 1.0583931277228475
15 27 28 11 69646 1.0388632159335904
21 1 3 17 64605 0.9342733714390485
22 4 13 24 73930 1.0547443540813628
16 15 8 28 42073 1.0688918060990842
12 18 5 23 32953 1.0194313281583358
1 6 13 26 65590 0.9991026270136849
6 15 14 18 36888 1.087021889961568
28 24 21 15 52737 0.9464935059004205
21 27 8 6 70415 1.0781023667146876
12 3 19 11 32244 0.9959051170860213
13 12 5 27 52667 0.987080656515044
2 13 29 17 79611 0.9132770200736677
3 20 15 12 44082 1.096407713568025
23 24 12 9 63469 1.0263568518546706
1 12 4 26 28751 1.0389453730474947
0 23 27 26 62385 0.9105183992272764
5 22 6 0 34363 1.0100605242353253
4 16 19 22 40545 1.0355245966361852
10 29 1 10 50611 0.9077818032719626
9 12 1 10 32842 1.0449044608308955
6 1 25 15 67061 0.9465461167803467
15 29 5 0 64698 1.0324754039480746
13 24 13 2 65933 0.9179309021358452
7 29 0 21 27153 1.031739957716999
18 12 15 4 27994 1.0557655436632338
15 0 7 29 66826 1.021584271950672
4 7 19 10 33587 1.0617828067553625
7 23 9 14 23690 1.0792586745433954
15 18 2 25 41035 1.0251321966478986
11 10 2 12 30004 1.0989145007844325
8 2 18 25 79711 1.0477342884641434
3 25 8 20 27060 0.9116460275571676
22 28 25 9 66538 0.9078445955045126
28 5 20 8 44058 1.0290007126308514
23 2 9 2 42235 1.0641332626982232
25 11 24 0 47839 1.0644350873831712
1 15 25 28 60388 1.098417313585578
6 14 15 2 37074 1.077406386031344
20 22 1 26 50242 0.9093089980989006
14 11 8 5 45998 1.0871105562461734
27 5 2 10 65473 0.9856801215624945
14 25 2 26 37290 1.0792318501429683
14 7 20 19 51474 1.0018651107913312
2 12 19 5 51107 0.9399255077067323
5 26 27 21 55338 0.9223311690073887
15 14 19 21 22392 1.0429260985043438
2 2 11 14 36710 0.9324749066878095
26 14 21 24 43076 0.9383382172815043
15 9 6 18 29333 0.9296873458549926
12 0 17 26 71808 0.9965844750965679
2 20 1 1 41704 0.92423147905252
17 20 24 7 55801 0.9928267723886262
0 24 8 1 62543 1.0555993836900313
22 20 27 4 72486 1.0161178949193312
17 26 5 4 63700 0.9713221847467537
20 19 11 7 62089 0.9120445716551915
3 6 2 25 37248 0.9197791580600692
26 19 22 11 42930 0.9475951863765574
20 1 18 28 75545 1.0837676255471582
26 7 8 23 71522 1.0499033000097076
21 18 29 24 44887 0.9386472673683796
2 2 9 22 42576 1.0081618628683755
19 20 0 16 58320 0.9975677543896826
3 14 3 29 30340 0.9997092406345496
29 2 3 24 93237 1.0442211789852958
3 12 29 28 63394 1.0230628349293553
8 15 21 16 42269 0.9506282910435213
2 10 16 8 33743 0.9225722790790823
3 19 6 29 23603 1.069775198772172
5 22 19 0 66842 0.925035158166038
18 24 4 14 50638 1.0087919553419515
12 25 27 28 34297 0.926004969903356
25 29 28 0 109342 1.0602631761327195
19 28 7 3 58914 0.9329839232563295
1 2 14 18 61284 0.9241476442799942
13 2 29 12 68910 0.9402603944014364
4 6 28 21 70533 1.0770552817246268
9 23 26 27 50209 1.091149847390866
11 23 27 0 92302 1.0037386215880506
12 16 24 19 51251 0.9869580879166784
29 14 27 2 51575 0.938651813742529
20 21 29 3 75049 1.094801338852808
22 25 5 12 68981 1.0252243012117137
25 0 26 11 42298 0.9949118591567759
2 4 27 17 82546 1.008582033611711
1 16 21 27 57623 0.9424793166600376
10 13 23 17 50857 1.0720654362021274
13 21 23 25 45530 1.0453551649398176
21 6 27 19 57753 1.0592723745733963
15 21 26 17 35114 1.0481391967152216
1 6 17 26 67545 1.032885729582813
29 18 24 0 82893 0.9950129174568096
29 13 6 6 68346 1.018001517520483
5 22 22 24 48534 0.9768466551818473
11 17 16 27 46179 1.0171858085540155
22 5 11 0 53694 1.0548796274538355
28 28 18 29 18500 1.0220451169713587
18 12 1 14 47748 1.0744089880432945
22 11 2 16 58363 1.095668268350924
12 18 23 0 84226 0.9816956615351309
11 28 16 18 32097 0.9489214835534074
16 23 25 29 35585 1.0352551359265967
17 27 12 4 66986 0.9801844173008056
17 28 16 6 52431 1.048419329001462
28 20 14 24 44983 0.9909873456095596
23 21 2 22 45616 1.048160621743458
25 8 10 23 68704 1.033965557327753
2 29 8 13 38503 0.917480508699373
16 29 3 12 52233 0.9681009253333256
4 1 9 15 34520 0.9104576133862106
13 27 23 16 64845 0.9233431366908055
18 27 1 22 40864 0.9868578524227106
17 6 24 18 57773 1.0916897314321348
21 4 7 8 47022 1.011953068813562
11 23 5 9 40826 0.9275914507006255
9 17 13 26 52242 0.9319393400660765
14 6 29 10 43885 1.014185016668262
28 14 2 18 66078 1.0639238108543698
10 28 4 4 42311 0.9979085097432407
14 15 27 20 50629 0.9849974501088076
21 24 6 7 62200 1.0196446241528319
5 0 0 27 55206 0.9526438481409071
19 5 21 25 71789 1.0004782745608751
7 1 13 14 42128 1.0903573702445242
23 22 20 29 32902 1.0949933565848837
12 28 9 9 43186 1.04610588965045
29 27 24 21 36151 0.9397694288316885
27 19 12 9 62231 0.991867159703869
4 15 12 25 40635 0.9525023857620398
27 23 7 0 90525 1.014289649797012
6 10 25 7 49597 1.0328245349917722
14 7 25 14 41177 1.0846154026362764
14 20 0 28 42048 0.9237019652863293
3 0 4 24 40513 1.0297130535050942
23 4 27 28 89969 1.0840043982475622
29 1 23 14 62011 0.9867735885484399
25 26 4 12 64375 0.9696260500104535
4 7 1 29 36061 1.0077207912466672
26 25 5 20 55112 1.0291274351082316
11 17 27 9 55836 1.0958070536159576
26 8 10 18 68142 1.0933299147198048
21 22 13 7 54258 0.9400464443695188
8 28 24 27 28038 0.9866448472041718
8 22 2 17 21928 1.0295874102108244
1 22 14 20 34795 0.9341785332479762
29 0 3 24 106798 0.9720091719727167
26 18 15 21 31798 1.033824153227516
25 25 28 15 49267 0.9820586606757757
28 13 4 13 60746 0.952979431650478
14 3 3 28 56478 1.0744857459192962
10 2 10 14 40238 0.9177267208133572
17 23 6 16 35979 0.9629731790837646
6 25 0 6 43491 0.9868248132474934
27 1 16 9 48838 0.9431566043934991
24 14 9 29 63028 1.053460076711557
2 13 17 11 41046 1.052191477937273
7 12 15 29 45160 1.011379882248515
14 5 28 18 76015 1.0984561034064997
27 6 21 1 33079 0.9858476422542405
9 15 22 12 45840 0.9159615198405233
25 16 24 4 50861 0.9512899960037939
8 25 9 13 43147 0.9185621821526783
4 10 19 23 51618 1.0311381921535938
8 12 19 21 51465 0.9074697356314554
2 15 23 16 59055 1.0162051017614984
12 3 0 3 24532 0.9993778135801442
2 0 24 13 72263 1.0236392715655127
28 3 16 3 24149 0.9539211394039832
23 26 29 15 62410 0.953562581272318
29 8 11 2 60892 1.053554607434323
13 29 14 3 63706 1.061769659880597
24 17 8 26 72620 1.0688734656726053
5 6 18 26 65617 0.9186403886388662
27 6 16 21 61712 0.9142294247462138
5 10 11 20 38725 1.0750093584038396
19 22 5 22 30359 0.9620917853222645
5 28 28 21 57003 1.0466594410239731
11 11 17 22 44973 0.9800669369900461
6 4 16 26 57877 0.9523697460769389
21 22 9 10 56390 1.0044806461440505
8 20 22 22 39579 1.0176694211571347
24 0 10 21 80178 0.9786660934374891
6 5 6 20 22271 0.9079927781651161
26 18 14 9 49404 1.0008667468958974
24 13 15 16 28890 0.902579615375434
5 8 1 17 27713 1.025327240373213
10 17 14 26 44482 0.9296290890838861
11 26 19 17 45785 0.9119358076220259
15 2 25 12 48614 0.9549311045196825
16 0 23 24 83213 1.030842076162751
18 21 11 13 37153 1.0060206674134495
21 3 27 21 69123 0.9655856606711185
24 8 3 8 49227 0.9292815374716303
8 7 15 18 43668 0.9635318314878482
21 21 2 28 46720 0.9883695728566815
5 25 27 29 49207 1.0099483480745588
10 18 21 17 57121 0.9486340268806988
22 20 11 19 43298 1.0541142045691698
25 27 23 4 93437 0.9927921488668616
21 2 15 8 25514 1.0985635930154287
26 13 16 7 40478 0.9755270912012836
1 15 28 22 72701 0.9827154253736101
28 14 7 0 75445 1.0065160280804706
23 22 9 20 39388 1.069028809186955
16 4 19 25 58687 0.9313643068954612
3 18 25 12 70648 1.0337694559650121
27 28 12 17 52622 1.062801507486731
18 13 1 6 55267 0.9125480412397643
0 11 19 22 63224 1.0483955396023468
14 17 4 7 43333 0.9122407316846889
2 0 8 12 37100 0.9221557538069435
13 3 1 9 32658 0.9209588960626329
17 14 28 26 61097 0.9943211601127753
16 28 0 5 65739 0.911518970718071
1 6 21 25 76953 0.9673309327749223
23 0 3 15 82506 1.0486623719189652
17 24 28 11 68925 1.0760554038519645
8 17 21 7 55870 0.9140938122102769
29 1 15 0 48390 0.9349895777158499
14 5 19 21 48586 1.0946139456792585
3 13 20 23 56855 0.9620503904857436
12 6 26 16 58727 0.9539313381772543
27 14 10 11 55624 0.9056198165475785
7 15 17 27 44683 1.076742623591799
12 2 11 16 52187 1.0689934488894943
21 26 9 3 72883 0.9010935782199075
17 9 23 3 30865 0.9120693858623904
24 17 9 21 51747 1.0603491717194984
24 25 5 28 42101 0.9938059410197938
1 18 11 11 50502 1.0829944942267151
16 28 7 17 36562 0.9192360048546286
14 18 12 8 34213 1.095459957723507
0 6 24 23 84013 0.9759122989698118
10 12 23 23 65926 1.0704396542207038
5 16 23 6 65150 1.0987396233654494
25 0 23 19 86641 1.0655525921257654
24 15 15 14 24250 0.9406864866856106
18 17 3 13 49716 0.9813243138983077
12 17 11 5 59529 0.9690384971480924
3 17 4 26 16877 1.0890103652407883
6 2 6 14 17652 0.9471376797343599
4 28 26 19 60514 0.9443447159629988
26 27 18 10 65807 0.9023017944233339
11 14 3 6 32027 0.9276170763651695
14 25 21 16 45975 1.098273731705698
2 16 20 6 59531 1.03471947904133
26 1 3 29 94389 0.973394044517324
18 29 26 11 69642 1.043251566125304
20 20 12 0 72016 1.0972617288855901
28 23 12 10 69848 0.9924330097542001
28 29 17 17 55331 1.0146874041150453
11 22 10 6 57621 0.9005542808647574
23 24 14 2 77008 1.066503965135813
26 18 7 11 67585 1.0181527776113086
23 4 2 22 76507 1.0076354872202364
5 26 15 21 30293 1.0558668590088485
8 21 26 20 41166 0.9632216766514463
9 22 2 4 42600 0.9824110918395308
22 17 24 6 54591 0.9312308020606128
11 10 22 14 36852 0.9160726996563213
23 15 17 4 49721 1.0874804054496896
14 2 3 1 35739 0.97435524816128
2 29 0 12 40321 1.0592190199819378
3 22 15 16 36668 0.9925046424026442
15 26 28 9 57021 0.9708591915731517
21 5 6 2 39349 0.9906344126067113
7 16 19 6 49262 1.0458021765947028
6 14 19 12 35299 0.9491114732830614
10 4 24 0 50174 0.9960230203130962
22 17 29 11 51033 1.0812069590207505
26 21 11 6 71061 0.9689013328172246
15 20 6 13 32451 0.9225796130902949
9 11 3 25 45451 0.9663256200415722
29 22 16 11 56933 0.9847159643817478
11 23 21 1 71455 1.0768140160816726
23 7 21 17 47777 0.995614871365352
25 6 27 17 44876 0.9088510208954864
8 28 11 3 50669 1.055323141060886
8 19 14 23 35559 0.9402772983474348
27 2 13 0 54418 1.0299756458662268
23 23 0 2 85352 0.9279880478011279
12 0 0 12 56079 0.9453371508282145
27 20 14 2 76349 1.0862454026426176
5 21 27 17 61195 1.0295102902371887
4 20 17 17 42338 0.9663699310687444
8 11 26 5 58136 1.0040423395886993
9 15 23 4 66479 1.0041438201991468
7 11 10 0 45290 0.9397080855728601
4 20 5 1 31458 1.0537040864087364
7 14 6 27 20844 0.9967219966488947
7 21 1 7 33758 0.931783756809235
26 9 19 0 42919 1.0453843585781857
11 13 5 28 42074 0.9616491047489555
14 11 21 17 33671 1.0594330966181138
28 14 25 26 46363 1.0930109290821448
6 4 21 19 63925 1.0883474604537786
23 16 18 0 69939 1.006869043471432
9 12 11 4 48465 1.0771518984291504
2 16 28 6 76582 1.0743538675351287
22 7 14 29 68908 1.0091958679924127
3 15 5 3 23176 1.0542086233916959
25 4 8 0 60244 1.0059172152053761
5 7 17 27 56171 0.9516640243717314
17 24 0 12 61753 1.0542459917545055
27 26 13 15 61942 1.0774320258206525
12 8 22 29 66271 1.022706222703125
8 16 18 28 44391 1.0960825285896107
24 9 24 19 46807 0.962230585953796
17 1 22 27 79117 1.0974594765740129
13 16 8 1 59527 0.9529019291032603
3 9 26 17 66069 1.060975050256981
27 13 15 9 37856 0.9598051390131059
18 25 28 22 36358 1.0023318649147333
8 6 0 19 51736 1.0129818926387917
16 23 5 12 44959 0.957978528001444
16 10 3 6 34518 0.9336229534367094
2 6 20 12 52972 1.0476314908400643
12 20 27 12 60340 1.0646936289676694
0 21 29 22 64464 1.0204484603157542
3 26 0 12 36733 0.9564592241558338
28 13 8 16 64305 0.9286173627158494
26 11 13 3 41685 1.0753242514723438
0 19 12 21 33543 1.084184075221985
4 27 12 14 35893 0.9538004357999699
16 29 18 6 65939 0.9909457469750979
12 12 2 29 51261 1.0318748954556338
14 13 0 1 55576 1.0656672085577261
16 24 29 6 81358 0.9004939251465535
26 11 10 5 61723 0.9226633675501121
5 14 28 19 71061 0.9724141473795612
0 13 24 21 64682 0.9153457873473325
6 22 21 7 54079 1.0560454355313258
4 10 17 23 47397 1.068985911363398
27 15 20 2 61234 1.0291872089062188
0 7 23 0 83323 1.0111849968313336
13 1 22 16 62808 0.9948496698973865
20 0 18 9 40553 0.9490146159122526
15 22 0 13 47335 1.0942126716742246
19 15 28 5 59909 1.0870267870923684
14 21 28 22 32555 1.0813254821422627
1 5 10 11 40785 0.9084819745475167
9 17 4 25 30072 1.0007230252566304
28 3 3 29 92081 1.001910113714795
12 27 27 9 68602 0.9455305743282836
22 28 23 2 84674 0.9267597237383683
21 29 4 1 66201 1.0154743254271263
8 15 21 11 47085 0.9794618172897959
24 19 18 12 46401 1.0657577577001325
8 1 24 13 73557 0.9113265832440252
20 2 24 25 88400 0.9177931281334508
21 2 17 15 45203 0.9267505370204273
10 25 4 12 44992 1.093114337470561
18 10 24 5 35040 1.0426126988319262
24 25 16 16 49436 1.0061171411378835
19 10 14 3 25071 1.0811607989138188
4 4 11 19 54050 1.0229095017683965
1 12 24 2 68557 1.0251886431666373
2 28 18 7 63930 0.9712923410332663
26 13 24 23 37186 1.01004501312983
28 28 4 27 36834 0.9085740976477862
28 7 8 19 79021 1.0343151343687214
1 19 24 16 74715 1.031079814618955
11 10 28 28 68624 1.0436222349154436
20 21 11 8 50921 1.099020929054199
24 1 3 14 67768 1.074595888206583
19 27 16 11 48059 0.9530648634994616
17 11 12 0 40328 1.0287368189472557
24 7 17 1 40035 0.9720904278118538
18 7 8 14 41958 0.9957809364797526
14 9 1 13 34570 0.9593557905464907
1 19 29 20 72787 0.9834259013017675
17 23 22 13 45290 1.0608084242314892
3 5 4 15 20819 0.9832325646471113
26 7 12 16 51423 0.9761961012450384
20 6 26 11 32266 1.0323431297523058
25 29 16 24 36636 0.9812218482258761
15 23 12 11 37419 1.0251236578637037
27 3 23 23 75091 0.9714093254380944
20 8 3 10 40824 0.9915987245572059
20 6 16 25 63680 1.0411768310050977
23 20 3 26 58297 0.96114162434758
1 5 1 28 47722 0.9369990597625331
6 15 2 22 17897 0.9844338511742945
6 17 0 3 30795 0.9541619423605442
23 21 11 15 47104 0.9511224337527581
5 25 22 22 47307 1.0613096374573476
1 14 29 28 62895 0.919516773702047
24 20 14 0 73383 0.9651819701602553
16 1 10 25 79949 1.0845539191813491
11 13 8 21 33646 0.9574007763455196
7 14 25 0 76734 1.0874622305126438
10 18 29 1 99963 1.0181719691482196
4 19 24 3 62354 0.9564918056243072
13 3 25 4 30717 0.9936111822307837
18 22 18 5 56585 1.0516473513904194
12 13 19 9 28645 0.9387423219392171
11 24 29 28 47580 0.9874856882854527
6 25 18 20 36783 0.9803448797323546
11 9 15 20 29850 1.0622357527470647
29 11 19 4 47985 1.0219101175641216
21 29 29 17 58526 0.9168304342027723
23 20 24 10 54299 0.917415640677058
18 3 3 29 71390 0.9674867928226707
15 11 23 20 43851 1.0510320814599357
24 26 10 22 44846 1.087258799672542
21 21 10 2 65943 1.0897705733151186
28 27 18 16 60233 0.9107710757614574
12 20 21 11 48496 1.055073962670785
28 17 15 11 49311 1.0619517903622464
14 27 6 0 59366 1.0792169690967297
2 5 10 14 31994 1.0385095362716867
20 4 1 14 60023 0.9297580839870062
22 20 19 4 66857 0.901716428494269
29 20 2 19 67996 0.9724304894760843
20 17 2 1 69310 0.9224351601328665
27 19 3 14 71063 0.9506250594512282
29 28 6 23 40633 0.9073716259567213
1 29 10 5 67325 0.9376293034669878
4 24 10 3 40507 0.949323348951904
8 28 17 12 49225 1.0248705515037801
21 13 24 3 43880 0.9539110417410818
24 25 2 25 51547 0.9122604045856021
18 29 6 5 56841 1.0783808771500254
0 20 26 12 77207 1.0493401103806077
20 16 10 2 59068 1.0903579927175417
4 4 28 4 56738 1.0635691125034923
19 6 21 19 49838 1.0890650795721504
6 24 29 20 59791 0.9154715546176352
2 19 9 23 26642 1.0700259986213756
5 10 21 9 32345 0.9177731979128031
3 5 15 0 39464 1.0332195216945297
28 17 23 24 43875 1.004065327792478
13 23 26 13 53320 1.0833010918683073
0 25 12 16 57672 0.9311364052593142
4 20 17 1 56549 0.9430529137045705
29 18 29 1 84800 1.0079105418351277
28 20 12 29 55895 1.065759881877408
24 17 29 25 53098 1.0777223403839897
7 16 4 3 26191 1.0763487056539025
21 14 7 22 46182 0.9449099042024852
19 4 29 12 54486 0.9870258367489764
17 21 8 16 39634 1.0995169574421388
16 24 4 6 55076 1.08925892929898
11 11 17 1 42241 1.0629554094744431
5 7 21 21 57409 1.0428295533093137
15 4 27 13 47871 1.0555547846311308
14 13 24 10 34541 1.0967908534831354
21 2 19 21 59995 1.0284607405948578
28 25 14 0 99256 0.9499267368949842
1 18 25 20 67846 0.9640425010043696
8 2 17 23 66095 0.9662146424898932
13 19 17 0 58678 1.014698934237373
16 29 23 19 53601 0.9982285253760605
5 13 15 3 39139 0.9004610992852243
23 22 28 3 69997 0.9560539178466871
25 14 5 11 51795 1.0785609893847865
1 25 15 27 32076 1.0466552893360423
14 20 20 26 35407 0.9435962864195132
9 14 1 28 34166 0.942893356013568
3 28 24 27 36010 0.9456019620712319
2 14 3 27 30211 0.9191332305882939
6 17 3 1 32837 1.032580111296046
24 20 5 6 71042 1.00549925736098
28 7 4 20 70007 1.0981971710849665
11 16 7 9 33291 0.9780964120447778
20 8 17 19 41591 1.0955024579966628
6 23 15 14 33910 0.9837456485469569
15 25 3 22 31656 0.9998195967880324
11 18 21 15 45722 0.9731704162046905
4 25 7 10 28977 1.0508682647673933
14 19 8 24 39832 0.9741076614659768
17 21 12 1 55305 1.0047318602332598
25 7 5 14 58276 1.0625032745278573
15 18 3 5 51136 1.097565799355438
0 22 18 10 56636 1.0619659819883334
14 4 27 6 44511 0.912911985424696
15 10 10 25 55439 0.9344459901261006
11 24 1 27 43939 1.0662436514954785
5 27 17 28 22275 0.9771792449758026
16 20 27 24 42415 0.9285901622161867
1 6 11 9 27049 0.9049784587321585
17 27 15 5 52534 1.089208829672229
20 18 0 9 65385 0.9207307178402622
2 19 18 26 47939 1.0966459867880944
20 0 1 3 54298 1.0214872127355437
3 24 0 0 52790 0.9894754080259934
5 17 24 22 51888 0.9959709649062313
18 3 6 8 31949 0.9509540687305933
1 18 27 16 78010 1.0269473375525875
21 18 8 6 68550 1.0288025057786074
15 7 22 28 52639 1.088390461103352
9 10 20 24 63936 0.993248958719854
23 14 1 14 49111 0.9340702624091448
3 18 25 15 65456 1.0338580512646527
22 25 5 29 46108 0.9062522950002431
26 27 13 9 60729 1.054779609020712
29 19 9 8 84368 1.0233814606129634
25 29 19 8 71011 0.9053188049064537
4 24 26 17 62728 0.9333877670991776
13 9 16 23 35648 0.9784152569435653
15 19 22 12 35951 1.0237746669757208
16 6 10 26 63315 0.9927134527533162
6 21 20 2 61546 1.005872352912168
19 20 10 15 43365 0.9722475674780348
19 15 5 16 39403 0.9969604935692037
24 17 27 26 41923 1.0864242554583947
3 25 6 2 42454 1.0188068000170947
15 1 29 15 63606 0.9067322199342729
14 21 11 12 37654 1.0686350044372197
3 10 21 25 64393 0.9560313006472391
2 8 16 16 44341 1.0046638834484651
24 25 4 16 60096 0.9287014378721419
7 0 29 21 86790 1.0692316762521323
2 13 17 21 44611 1.0690121538009105
4 1 6 11 17516 0.9060352800285499
18 15 8 29 57204 0.9946774616923272
9 18 26 11 72327 0.9937419630490458
22 10 11 23 58791 1.0767400492439343
19 0 5 13 57121 0.9366259981207219
25 11 8 21 67378 1.0706903446646678
3 17 15 1 49695 1.099186884188389
28 23 9 17 71869 0.9813621898311318
5 8 0 17 32104 1.0538268574192615
0 19 25 10 77114 0.9519502094684527
16 10 10 27 54116 1.0506353495812526
7 24 25 24 60576 1.0468264374838165
28 23 2 23 64678 0.9779198768686581
9 26 16 16 45278 0.9967198323937101
1 0 21 7 60245 1.026536428734491
10 5 1 21 56517 1.098715146961898
6 2 18 24 64961 1.0588225626735128
10 21 23 2 71277 1.004991119514676
8 0 18 13 65537 0.9435050958597365
4 19 5 2 26525 1.043601977460475
19 25 4 24 38571 0.900673765203981
27 8 29 19 59959 1.0563315302541354
10 21 15 1 51338 1.0718060897197672
22 23 27 5 77094 0.9061555907760462
27 13 22 5 50060 0.9801317493772633
16 0 1 3 41752 1.0841183849246054
26 2 1 2 56864 1.0690515446995592
27 0 22 16 74284 0.9630739297084312
7 16 21 25 54830 0.9925270931934926
29 25 13 18 71327 0.978020619333039
14 10 5 19 40365 0.951829531370764
22 15 13 18 41665 0.9944176353853249
4 26 11 20 30298 1.0835740338928705
9 29 26 20 54994 1.0433730000082901
21 24 9 10 63724 1.0948803031575842
17 20 16 4 46247 0.9557383899814894
27 25 13 26 44164 1.0353521542760187
4 0 24 13 66714 1.0484773891430965
20 2 0 14 63262 0.9554931076533673
14 15 15 0 35064 1.02547439012798
10 27 17 22 30681 1.0928700042859096
18 12 1 16 53088 1.030431726628563
19 10 13 25 57840 0.9128244276139014
21 11 16 3 33137 0.972487804762977
4 22 1 10 26150 0.9060548763443577
22 22 16 3 56278 0.9551115257968724
23 10 9 24 73304 1.009257169587326
29 23 25 3 75800 0.9568343355484598
17 23 1 17 49268 1.0329475128496184
27 14 10 14 37889 0.9671340085688104
16 22 20 4 55783 0.9603428292611595
11 25 5 8 57931 0.9457795471447653
9 1 13 14 51135 1.0910727567155094
25 15 6 17 54060 0.9604913806184069
12 4 1 21 52411 0.9034760322547853
24 10 11 8 37515 0.976475858772655
25 11 6 18 59400 0.9645394175996331
28 16 27 1 62331 1.0356451991720215
8 28 15 23 21174 1.0208204734512232
4 18 19 7 46750 0.9019633101518093
11 21 20 10 47672 1.0033880583475712
3 22 29 3 79556 0.9610878117128364
6 17 7 3 22633 1.022532535460911
23 7 6 10 46709 1.0169918964886948
8 18 14 5 57662 0.9890873443511381
12 29 6 22 22740 1.030488828787551
20 5 8 18 71194 0.9902751695326723
9 18 27 20 65514 0.9744781373520227
27 21 10 27 53257 1.0512454895111978
23 0 22 21 89494 0.9915552407084361
3 19 21 3 62132 1.0947915411099451
16 9 26 14 33707 1.0162922978438265
19 29 9 17 54085 0.9678477661712551
18 13 16 23 33115 0.9918324824286964
13 16 21 23 37245 1.099829464664758
24 19 13 3 68331 1.0539319481235525
21 1 14 28 70572 0.980203473892288
0 23 22 28 47703 1.0695986355378375
15 24 15 9 29669 1.006229470405052
11 9 13 21 36179 0.9482891530779602
27 24 16 27 40353 1.0209617424884037
15 7 9 29 57456 1.0778379607787445
25 1 13 12 63004 0.976884229598181
25 21 21 7 55480 1.0392788279965193
13 1 6 4 29261 1.0666073447284283
15 29 9 25 30062 1.0525904369808754
15 25 20 12 41782 1.0000282913224967
18 26 6 23 34261 1.0736225074182815
24 29 4 25 38804 0.9341547318653065
10 12 27 5 68604 1.0207459448332707
9 9 21 3 35229 1.0026146089555104
10 29 17 3 68306 0.9599414525178769
15 21 17 10 29347 0.9247504682742084
15 26 26 15 51216 0.9834914084673086
7 26 19 19 45640 1.0453569195750174
