5348 4260 5870 3861 5511 4207 6014 4301 4029 3623 3945 4336 3653 5811 4550 5183 6018 5833 5887 3917 4378 4514 4288 3802 5505 5484 4011 4086 5829
5916 5224 4991 6074 4068 5260 4759 5721 4100 5773 5075 4459 5453 6059 6017 3951 6007 4333 5688 5385 4287 5143 4635 6225 4737 5988 4278 5678 6346
4370 2087 3864 3962 2246 3223 3634 3578 2798 4292 2190 2081 4435 2069 2432 4178 4231 3886 3922 2706 3200 2979 2429 2576 2710 4046 3028 4057 2276
4523 4065 2829 2788 3903 2954 4313 4924 3837 3508 3933 4119 3407 4866 2764 4664 4846 3027 3730 2984 5031 4646 4516 2825 4292 4122 3088 4226 3042
5001 4153 4020 5690 4519 5373 5993 5033 6173 4514 6138 5362 4662 5846 3929 5113 4171 5262 5032 6135 5089 4316 5659 5141 5503 5183 4404 5356 4485
3284 4533 4620 2457 4470 3373 4322 3841 2970 4686 4211 3949 2848 4646 4402 2767 4615 3885 2900 4060 4459 4194 2924 3869 3924 3932 4190 3532 4102
4411 3012 3013 5053 4700 3781 4078 4119 4367 3190 3337 4345 5100 3700 2971 4383 2888 3592 3058 3602 3649 4869 4312 3094 5271 4537 4383 3939 5083
5908 4536 5916 5892 5343 5780 5277 5325 4764 5672 6268 5618 4986 6114 5303 4962 4932 5503 6069 4837 5939 6619 6099 6423 4708 4592 4822 6579 5529
6205 7077 6524 6042 6112 5875 7909 6806 6747 7084 6950 7617 5860 6938 6808 6896 6976 6653 7359 7326 6730 7183 6584 6276 7280 7601 7616 6891 7252
7060 6105 6211 7074 6298 6850 8220 6084 7544 7801 7668 6575 8444 7368 7448 6521 7448 7468 7811 6175 7155 6431 7355 8298 8307 6960 7591 7074 7418
2665 2509 1858 2993 3372 1235 2743 3326 1509 1861 3331 2420 2081 2214 2531 3166 2344 2491 2984 3002 3483 1629 2427 2730 3217 2613 3410 1479 1746
5118 4980 6326 5291 5172 5915 6802 6508 6698 7123 5240 5475 5739 6873 4894 6649 6967 5850 6533 6491 6938 6724 6036 6862 5153 4951 5105 5228 5649
4222 3910 3244 4684 4438 4716 5262 3296 4433 3576 5376 4223 4328 3835 5494 5105 4548 5119 5508 3446 3189 5377 5406 4470 3547 4747 3733 3555 3311
3287 3913 3305 2861 2419 3531 4570 3357 4343 4628 4638 2331 2722 2591 2888 2452 2816 2559 2323 2732 3579 4334 3477 2865 2649 3436 4134 2851 2558
4926 5710 5238 5292 6485 5768 4575 5601 5057 6157 4686 5274 4609 4687 5395 4426 4535 5545 5736 5405 4343 4386 5579 5168 5071 6550 4498 5953 5625
7717 6418 6790 6178 8086 6181 7185 5912 7413 7280 7330 7670 7264 7629 5935 6703 6233 5848 5933 7391 7303 8121 6233 5733 5924 8028 6950 6624 7222
5493 5589 4316 4492 4733 4086 4282 3886 3796 3808 4333 4687 5173 4970 5220 4342 3568 4444 4120 4305 5798 5811 4163 5509 4231 3918 4295 3901 4700
4862 4391 5369 6255 5675 5902 5683 5971 6059 5257 6387 4845 4346 5967 4572 6071 4353 5957 5940 6323 5079 5706 5892 5269 6035 6428 6265 4094 4055
4341 4164 2794 4465 3024 3097 4122 4515 4260 4543 4891 2623 4740 3959 4390 4252 4076 4843 3777 3856 4731 3232 4244 4312 4216 3964 4190 4838 3193
4830 5121 5959 5671 4836 3814 4073 3741 5299 4903 5105 4189 5408 3604 3808 5535 4428 4211 5976 4329 4685 5122 4578 4401 3937 5747 5776 5184 5811
2579 4485 4541 3903 3901 4408 2611 3524 2572 4932 3299 4113 3749 3067 4127 3764 2552 4158 4597 3646 4449 2990 3292 4330 2935 4108 3621 3579 4832
3233 2770 4389 4093 3772 4004 4271 3623 3104 4288 2980 3691 3750 4620 3784 4638 4171 3054 3610 3217 3287 3679 4174 3270 2961 2501 3289 4709 2887
3966 4283 3386 2253 3671 2861 2662 2989 4678 3434 3694 3083 3778 3359 2522 2587 2719 3077 2805 4044 2658 2279 3096 2361 2898 2949 2979 3889 4013
3086 3555 2185 2984 1995 2626 2088 2411 3171 1996 2675 3507 3911 2269 2025 3611 4207 4238 2764 3254 2397 2048 2145 3483 2279 3473 2539 3040 2970
4140 4033 3834 4157 3398 3894 2724 3124 3846 3736 4319 3869 2747 4865 4030 2537 3123 4592 3725 3073 3232 4788 3552 2866 4058 2481 4836 2979 3296
2991 4311 4784 3081 3707 3899 3995 3795 2675 3588 4696 4443 3898 3538 3106 3829 3232 3065 3990 4361 3502 4622 3452 5091 3317 3050 3461 3482 4558
6601 5569 5570 5099 5348 6676 6258 5869 6308 6028 5376 6130 5361 4329 5353 4758 5922 5955 4622 4667 4380 6027 6524 5889 4334 5444 5012 4885 6318
3323 2062 2130 1700 2098 3648 2738 2662 1966 2101 3538 2287 3482 2955 3775 1625 3188 2690 3485 2957 2624 3233 3095 1799 1563 1372 2772 2558 3128
5195 3156 4185 4738 2874 3399 3532 3421 2872 3360 2867 4201 4305 3361 4617 5078 5106 5063 4243 3508 5024 3873 3361 3754 2987 3600 3476 3002 4998
3518 3543 3557 3355 2943 3518 3062 2436 1864 3700 2278 2255 3994 2057 1929 3599 2258 2554 2091 2915 1845 2453 2967 1940 3252 2438 1707 3368 2199
7861 6181 7678 5493 3033 4211 7630 4002 6654 4029 5557 4211 6725 2314 2838 4606 1784 2675 7054 6335 5277 7190 5168 4050 3136 8018 6726 5575 6067 7041
7936 5866 8063 5534 3372 3868 7810 5479 7472 2697 7686 5491 5720 3048 4266 4244 2653 3192 5691 6129 4252 7645 4535 4642 2599 6480 5930 4470 6576 6971
7995 7060 8469 5014 3841 4804 7011 5732 5642 3493 7373 4652 5704 2295 3932 4107 3839 1894 5847 7003 3025 5858 5828 2717 3415 8271 5164 4976 5680 7405
7856 6222 7997 3803 3862 2647 6124 3764 7409 3182 6190 5925 7526 3864 3218 4413 3794 2518 5578 6324 3731 6049 5993 4504 3030 8463 5909 5711 5859 6541
7658 8077 7177 3867 2430 3954 8008 4489 6044 2847 6921 5571 6351 3170 3124 4743 2015 3592 6117 5999 4409 6954 4936 4775 2520 6524 4923 5111 5744 7429
6343 7757 6323 5260 3297 4199 6061 4789 6110 3488 6408 5505 7384 2251 3956 4748 3200 2337 5813 6984 4191 5671 4608 2833 3997 7507 5363 4992 6339 7730
6224 5807 6311 5739 2591 3554 5903 3802 6408 4041 6092 4402 6587 2897 3662 4059 3807 2317 6046 6138 4886 7527 5490 3673 3642 6774 5740 5130 4660 5693
8337 6836 7836 5219 1996 3569 7687 5665 6830 3035 6017 4463 7595 3807 3064 6071 2913 3740 5743 5795 2902 6265 4329 4220 4093 7888 5159 3920 6299 6950
6335 6085 6328 4768 2913 2671 7963 3725 6675 3244 6172 6396 7340 3162 4047 5996 4162 1824 5284 6765 4076 6730 4492 4333 4340 6421 6043 4807 4458 7179
6480 7860 6288 4888 2434 4097 6166 5150 5836 3862 7107 5171 5685 3435 4643 4725 2569 1619 5965 5162 4214 6011 5643 3870 4334 7458 5469 5553 6004 6088
7929 5990 7937 5131 2588 5032 7309 5349 5458 3676 5936 5992 6096 4018 3868 6160 1898 1555 6056 5020 3484 5932 5796 2419 4016 8792 4593 5611 6693 6077
7504 7860 6173 4135 2700 3707 7978 3906 7447 4251 5638 4845 6079 3405 4548 4363 3697 2496 5106 5833 4831 6486 4068 3837 3054 7720 5939 4373 4834 5454
6924 5924 7819 4636 1951 3861 6075 5837 5108 2123 7367 5490 5501 1695 3228 5820 1792 2807 5820 6538 3381 5836 4593 3439 3773 8072 4572 5210 6751 7040
6576 7293 7153 3824 2276 4951 7396 5076 5138 2051 7691 5489 6885 3283 4213 5331 4016 1647 7092 6905 3900 7563 4231 2552 3400 8429 5064 4531 5147 6183
7139 7297 7055 4336 3432 4543 6612 5798 7424 3216 6988 6044 7281 2037 3583 6250 4088 3042 6344 5560 3288 7479 6145 2966 4277 7517 6991 3903 5334 6204
6517 7962 8003 3986 3707 3726 7229 3884 5770 4250 7296 4945 5472 2849 4302 5143 2248 3702 6177 5932 3917 6272 5797 4707 2253 8668 6573 4423 6194 5561
8388 6472 6516 3749 2188 3070 5695 4151 6147 2422 6010 4647 6034 2099 3157 5406 2372 1852 7113 5064 4651 6445 5017 2607 3429 7992 5400 4883 5156 7147
7973 5909 8350 3928 2328 2808 6315 4119 5278 4123 6581 4666 7008 3713 3005 5997 3824 3699 6953 6479 4341 6473 4712 4019 3533 8196 5040 4325 5018 6454
6251 6510 6219 4219 2444 4025 6653 5475 7138 2126 6203 4321 5703 2771 4534 4507 4060 2886 6092 6795 4231 7611 4714 3672 3491 6770 5829 4574 4468 7106
7167 7204 6982 4544 2808 4256 7185 5832 6806 4122 5915 5110 6667 2914 3514 6203 3623 1839 5055 5117 4717 7766 5225 4144 2708 8100 4874 3553 4990 6961
6289 7723 7701 5617 2878 4949 7725 4366 6854 2903 6936 4120 7294 3683 2904 5456 3594 3201 6067 7099 3751 6580 4414 2406 3101 6614 5422 4899 6543 7337
7780 7076 8163 5067 2608 4273 7728 5775 6907 3439 5392 6047 6463 4018 2679 5840 1984 2371 6863 6084 3560 5804 5092 3527 4178 7264 5855 5800 5201 5434
6579 7103 6546 5568 1759 3144 7785 4970 5674 3009 7614 5071 7057 3228 2935 4815 2898 3696 6138 6045 3206 6480 5922 3952 3130 6805 5672 5935 5638 5526
7075 6848 7506 5512 2934 3038 7948 4829 5627 3540 5706 4223 5432 3346 4088 5187 2078 3779 5373 6594 3540 6121 5245 3223 3140 8387 6293 3750 5240 7351
7676 7162 6768 3559 3920 3821 7808 3993 5787 4126 5992 5214 7522 1804 3772 6100 2426 3066 5640 5813 3935 7244 4144 3162 3732 8639 6414 4680 4545 7330
7278 6268 7320 5685 2205 4293 6278 5977 6377 1924 5664 5928 6667 3374 4637 6074 1885 2530 6598 5652 4433 5730 6124 4725 4434 8215 5222 5310 5862 6611
6549 6816 6858 3914 3851 4024 7612 4950 6553 4244 5958 4703 5164 3923 4165 4408 4090 2426 5850 7190 4115 7397 4161 3955 4259 7720 5906 4051 5142 6955
7815 7605 7264 4032 2200 2838 7212 4403 6785 3947 7176 4390 7163 4034 3264 4365 3120 3233 4741 6452 2877 7435 5982 3991 2791 7368 6964 3578 6705 6753
6402 7776 6897 5580 2117 3383 6388 5387 6066 1912 6496 4111 5952 3987 4975 5502 2201 3205 5107 5703 4879 5645 4160 3357 3401 8005 5543 5852 4593 5714
26 15 28 1 48731 0.9645593593090723
15 8 25 27 92406 1.0264997879165056
24 5 21 14 33306 1.040678772176707
17 21 9 5 68165 1.0511049587063095
5 20 19 18 50579 0.9051636127918804
6 14 16 9 46261 0.952995419755027
13 29 12 19 36710 0.9916006417428826
28 9 20 5 40247 0.9719102806941989
18 3 13 20 69296 0.9330823006161425
5 6 22 20 89774 0.9485887521910344
8 0 17 19 83850 0.9838811174946703
13 29 4 23 51892 0.9367920303799185
5 19 8 8 52423 1.0558384799476574
0 16 3 3 48222 1.08083155975848
18 16 7 18 37562 0.9364290345471273
2 26 7 7 79286 1.0773915597283326
14 5 26 3 43826 1.0257730177412192
24 20 11 6 82604 1.0630354297214824
16 24 20 12 57882 1.053251536224359
12 7 23 9 41513 0.9433168031457256
3 22 20 27 77895 1.0925429452028204
10 10 4 27 73372 1.0990593753459972
2 9 11 3 46722 0.9101224590468372
1 20 2 7 47050 0.9998135826995536
1 22 24 12 91130 1.0915134955777683
9 29 18 22 52073 0.9178104678821556
20 6 28 26 80005 1.046405263446125
21 10 16 23 63648 0.9898668087938126
26 2 19 12 58900 0.9422335762736456
19 26 9 9 82453 1.017717375670772
23 1 22 27 75282 1.036871023867978
12 18 28 2 90892 1.0866350288910482
13 26 25 25 49774 1.0231588409497683
23 25 18 6 75305 1.0729373207813584
24 12 12 0 69493 1.0242874631657448
19 1 28 9 56741 1.062579526714703
8 5 19 18 63426 0.9726391810844789
27 1 5 13 89899 0.9530439246341377
28 13 2 27 110380 1.0657833358283733
4 7 3 23 63619 1.0968871262385973
9 12 6 2 43482 0.9240158683284276
2 13 22 13 61366 1.0345507083252632
5 26 26 2 131512 1.097501892985585
11 19 8 10 41861 1.0436948644908528
1 12 16 13 50669 1.048740593337452
2 6 9 17 54140 0.9009150133238788
11 8 18 16 48506 1.0997731171711562
28 2 27 28 74128 1.0856459073559466
1 13 9 19 46436 1.0654795010417257
21 21 6 25 69031 0.9322288832423324
18 20 24 9 51273 0.9241678078821884
28 7 22 12 35690 0.9524222429352934
14 24 5 26 42505 0.9299146590939276
3 20 6 13 32130 1.0943364948279197
11 0 25 4 58475 0.9526525550120507
6 12 26 2 90634 1.0443916129741861
17 29 11 15 71351 0.99085159968557
0 15 7 24 51704 0.9962556323614729
18 21 8 22 46584 1.0155119925439273
15 6 26 22 92731 1.0313683172938781
13 10 3 11 45818 1.0499788349124546
2 25 3 15 35812 1.0630714568687865
24 7 25 17 37150 0.9829221550755193
28 17 15 0 91630 0.946458052488094
1 14 0 2 50948 0.9029443637992719
1 20 1 2 70590 1.082560651450067
17 15 7 25 63481 0.9187044448459719
0 15 26 24 98766 1.0438060941718172
4 18 8 11 43097 0.9354685704495845
15 4 2 16 68385 1.0827002153105998
21 23 29 8 64579 1.056181847006704
20 29 0 28 106295 0.966013334466855
11 1 21 25 101461 0.9957113469305452
12 16 25 11 53809 0.9552219096367356
5 28 21 17 82432 1.0021091317906998
4 14 23 22 74555 0.9162963021366307
27 12 20 7 37207 1.0212365182482745
8 4 13 25 68705 1.0422323009049639
18 26 4 14 79529 1.0614348599931638
20 23 21 13 39019 1.0368827311180053
6 27 16 14 74508 1.0495080430164045
0 29 19 2 138064 1.0121250560561754
28 4 17 10 52380 0.9882219602910037
0 20 8 5 75413 1.071847778050036
15 20 26 28 67874 0.9213738446409132
24 13 16 9 37579 0.9887098433051323
11 8 22 3 50295 0.9703261096104223
24 20 18 3 65838 1.0208016097928245
4 24 7 11 58591 1.051911796536359
6 13 22 15 53257 1.0387969573383622
8 12 29 17 75744 1.0348048869710322
19 14 4 9 59684 1.0431474928391664
2 20 7 15 32185 0.9903912239755648
1 15 1 29 55621 1.0395090113418348
19 26 28 20 50999 0.9080772993944304
4 0 6 24 96537 0.9439704016013506
7 29 20 7 109832 0.9922075395194212
10 5 26 21 89278 0.9009098077488276
0 10 18 11 72639 0.9690544155814245
6 25 19 6 101725 0.9933334867892005
2 28 20 20 90697 1.080100913975202
18 0 28 27 102406 1.0201153251565742
17 27 14 7 86901 1.0971227442167957
27 2 1 2 88208 0.9887090703241632
27 27 0 26 111710 1.0804824109589806
16 2 23 20 72569 1.0874507007290277
9 18 25 6 82644 1.0646848916781162
28 19 11 0 108272 0.9099010321022954
25 12 15 11 46279 1.0896126004690454
1 24 8 5 79667 0.9284374011210981
14 7 1 26 96932 1.023906671632272
18 17 6 0 78356 0.9437879290832981
28 29 3 7 136170 0.9112987378195893
5 8 25 3 72839 0.9909662907256686
4 17 11 6 50264 0.986567896636733
10 21 25 19 60653 1.0551485280766744
16 12 4 12 45844 0.9420024787868915
1 16 6 27 54136 0.9195829058510139
26 16 4 0 105070 0.9042741320424991
5 9 29 7 83374 1.0873968436316397
19 8 29 6 45784 0.9678746900970785
20 12 28 22 54004 1.021843258392253
1 21 21 29 96987 0.9967869215674154
0 18 9 27 65080 0.9996942658965018
17 12 5 16 46583 0.9808257451307032
14 28 1 2 116727 1.0215943289957103
0 12 15 29 98357 0.9745621094814453
26 24 2 28 98861 0.9567219289304907
15 12 1 14 52918 0.9883920233533131
4 12 7 29 78520 0.900796570674678
17 3 8 21 80525 0.9184559890896822
29 24 27 8 46073 0.939577842448562
14 16 4 6 63970 1.0148944323042992
4 19 19 9 72807 1.000433107674003
25 15 11 13 47317 1.0676445201086215
13 9 27 19 69509 1.024904560600246
28 24 16 21 53956 0.9218041622767819
21 23 27 11 51706 1.0270275042067696
8 1 6 21 76839 0.9511602282837798
16 0 8 29 113155 0.9771900450553335
2 2 19 24 112281 0.9801076797466958
19 15 3 29 96083 0.9117873011204679
26 3 19 20 72290 0.9232446981836272
23 12 22 3 24481 0.936361840409816
22 24 12 29 51626 0.9302339748355267
22 28 24 12 52160 0.9809797475190261
17 2 15 15 67601 1.0065673448841301
4 22 12 3 78376 0.9693722924239306
9 14 10 29 43895 1.0380772702875465
20 17 6 12 54067 1.0764669798097615
17 17 21 28 49376 1.005605075041412
29 23 26 10 46024 1.0924088685959445
8 22 27 4 102434 1.0835474214523257
11 7 25 4 53220 0.9647988346184466
10 23 29 17 69048 1.0541977591276481
16 21 2 5 89118 0.9551424387585641
1 18 13 10 54662 0.9068819778933523
4 23 0 8 63006 1.0635370288354848
10 19 14 1 62219 1.06269810872059
13 15 10 5 33103 0.9299050477334125
14 7 8 1 44140 0.9185960856964569
25 26 7 26 79649 1.0917852557083432
15 13 26 1 74950 0.942009327855606
24 22 23 0 68248 1.0371637535509748
12 8 23 5 47408 0.9957766496337884
22 5 18 21 65709 1.0403974321579559
24 24 6 28 79623 0.939241521858742
7 23 13 19 34390 0.9310443625595257
8 16 7 2 55671 0.9615810575364492
2 7 11 28 88283 1.0566760406580067
17 7 3 22 88713 0.9704230155272813
29 24 25 6 60740 0.9954288072391559
19 28 11 10 91167 1.0150480615093527
25 29 9 0 127063 1.0748645612023437
2 26 23 17 83088 1.0922470523561896
11 18 19 26 60303 1.0415131556015242
25 12 6 25 93442 0.9245210337863542
13 19 28 18 52049 1.034104777996165
16 18 3 29 82141 1.0929439166955925
11 11 26 24 84054 0.9857213048666581
0 12 14 28 88559 1.0234934202329318
17 7 25 16 52991 0.9174834553632437
24 7 10 29 97679 0.9799717005881001
17 2 16 11 42534 1.0404048691380758
14 6 27 28 104917 1.0737793376827502
9 4 2 12 44972 0.981728617486951
28 10 24 29 70475 0.9084676722082698
27 27 0 27 114815 0.9802879285270015
6 16 10 1 50600 0.9712853458055699
18 22 4 7 90157 1.0395938779726333
9 11 6 4 32482 1.0617693643854813
14 17 19 3 66979 1.0936963753553952
25 23 19 17 33518 1.0146278927123125
4 24 16 20 55658 0.9444252698440956
10 16 6 22 30614 1.0837134369901837
15 24 20 16 45428 0.9245054425559438
8 21 14 9 55546 1.0930583003815861
2 16 9 13 30125 1.099599148042652
1 22 8 29 56172 1.0197730567354024
5 0 25 23 117462 1.0871032998108439
9 9 3 23 65490 0.980123504559572
20 9 4 14 65375 0.98668463546646
1 25 20 3 111333 0.9713473858014566
10 6 0 24 74800 0.935866777145846
6 20 22 6 86193 1.0659748786991408
25 13 13 13 35745 0.999393755799693
9 2 21 15 71556 0.9977127106327441
3 14 13 29 73029 0.9689623812400175
14 24 19 0 104501 0.9776436112017262
17 9 21 27 75138 1.051529844115412
22 1 15 23 92134 0.9394195931196475
3 29 14 3 108505 1.0295277053280765
27 21 7 13 79009 1.0376378563026183
0 1 0 15 62224 1.0354154582300414
23 12 26 5 29626 1.0668208768208989
29 16 10 8 72443 1.0117203307328881
0 20 17 28 91829 0.9448638510261962
6 8 15 11 47537 0.9685668553762996
22 1 2 9 80673 1.0132423371771235
0 7 14 28 107598 1.0475514745336096
10 2 18 12 54568 1.0741879764344446
28 13 10 25 81020 1.0178039851229048
28 14 19 23 52796 1.0799164176207419
8 14 14 3 46706 1.0894126921706588
29 24 15 6 95712 1.0284467491070437
3 4 15 24 87909 1.0814711500014285
6 15 4 5 43076 1.03362060169319
16 6 25 5 34339 0.9767228727499206
0 13 17 12 53975 0.9782277077017955
22 26 9 3 97278 1.0265420937759135
27 0 20 27 96334 1.0209018951177184
17 9 7 23 70376 0.9548315742632104
14 22 9 15 36851 1.0407316073386683
9 14 4 22 47786 0.942564494061721
5 23 25 6 108447 1.0966353654953542
28 6 10 4 54912 0.975928691915911
24 29 15 3 100628 0.9851645584069507
20 14 11 22 52739 0.942087759050947
16 29 11 17 58147 0.9441848677416482
9 18 21 26 63704 1.058073900049864
5 8 11 18 47993 1.0723169339972545
16 15 24 21 43662 1.0468795783406608
24 14 0 2 103904 1.0733305198235004
9 27 22 3 99833 1.0935344535091867
26 15 9 11 66260 1.0158525714983928
13 1 17 23 85201 1.0628711706454999
2 1 13 21 83460 1.0519136317521898
6 1 24 23 107187 1.066109844476043
19 10 26 2 50395 1.0176554485090161
29 8 11 19 84424 1.0459454232690475
25 19 0 11 94795 0.934619866976703
0 5 0 28 92833 1.0114107371586127
26 27 3 15 101839 1.016878990993521
0 24 24 10 105523 1.0755337751730887
1 9 15 26 95162 1.0555589244756183
6 11 19 13 48616 1.0011180141981764
7 21 15 25 49223 0.9344935271902972
6 10 17 6 54455 1.0528412138903216
6 3 17 7 48893 1.0778153431149227
20 6 19 17 40149 1.0335281126134437
26 12 13 11 49533 1.0829215656754303
9 6 9 18 42148 0.9172075569501434
0 1 25 23 133097 1.081420964640857
4 2 5 21 76748 1.012263411037721
26 8 9 15 76772 0.9050428437158499
0 17 13 4 65080 1.0010254043907678
15 8 18 19 58205 1.049002631853457
14 11 8 5 38525 1.0412606815005396
13 15 4 6 59253 0.96570561662486
19 12 22 4 40032 0.9372569615434735
17 6 18 24 81046 1.0167470267773218
1 13 23 21 82425 1.0699734067390387
26 9 18 11 34623 1.0426196916935553
11 10 5 16 38330 0.920583669992786
12 5 12 24 63316 1.0098525070795699
18 8 24 29 82705 0.9398405061699047
12 15 18 20 36131 1.066224284902455
28 5 14 26 106807 0.9154053986446914
6 20 8 8 53553 0.9667438892288378
15 24 14 15 40145 0.9188786290349776
19 20 28 8 63398 1.0111826114614093
6 15 3 27 52951 0.9079277863786551
4 27 13 14 70299 1.0533576384482504
22 13 6 3 73350 0.9366076883754544
22 18 13 9 52382 1.0278341621311877
13 18 24 18 38865 0.9461861570316821
19 25 18 11 60463 1.0322012636692526
24 16 1 29 103258 1.0139015040120574
15 23 25 3 90388 1.001672450342871
14 2 21 7 42362 1.0848155023929107
21 19 15 13 37721 1.027508418833413
25 18 8 27 83049 0.9446818072181058
7 0 4 23 100762 1.0834728689265982
6 27 8 3 90918 1.035165918728588
17 12 28 20 55102 1.0557045099908604
29 10 29 28 45900 1.067086942826735
21 21 13 4 78322 1.021133384074812
27 0 22 16 55467 0.9567955005968714
29 10 1 28 129936 0.9072585922337053
11 8 20 17 52440 0.9200964372396632
14 11 23 2 57913 1.0059877557527204
25 23 13 20 52327 1.0202125479387723
26 3 20 18 61139 1.05190908702851
18 3 8 13 54110 0.9490591826287159
26 2 20 27 95288 1.0817458833152718
21 24 3 21 74978 1.0967588153340393
6 7 18 9 48780 1.0461575063863346
4 10 18 23 86184 0.9342353322380337
16 9 24 4 37369 0.9890885276699133
2 23 28 27 100691 0.980547124793082
23 2 16 12 52432 0.9204922533333891
0 8 28 0 109856 0.9533009866004394
12 15 3 10 49313 0.9355472098208484
27 25 25 7 57035 0.9564231650717
12 8 0 6 57797 0.9795969487934373
10 15 8 24 32930 1.034951656343395
6 22 11 2 73191 1.0212354273960913
7 11 15 2 58457 1.0244020298280878
20 16 20 26 37057 0.9311627439062246
26 16 13 1 75181 1.002499557884836
5 5 22 13 73081 1.05495329059905
4 20 29 17 80123 1.052333004596076
17 1 22 10 48365 0.9767400712715013
4 0 16 0 69273 1.0496604262437712
0 23 20 29 91917 1.0202694693243644
10 12 19 1 58900 0.9694967368950682
19 5 2 1 61495 1.0376469812167073
24 3 16 16 61241 0.9336118915949849
8 26 5 5 82939 1.0131213402199961
12 8 4 20 59399 0.9432053890345082
6 13 12 19 38120 0.9139914008648996
2 1 23 29 134012 0.941103056106498
4 5 26 21 111322 1.0579762648027176
26 21 6 28 99306 1.0792128335534972
25 0 21 7 38435 1.0985973622662246
11 7 9 26 60177 1.006107718072527
15 21 7 25 49473 1.0468015633562997
21 13 7 20 60623 0.9797660296512616
29 20 2 23 99555 0.9845608017576442
11 24 6 1 75907 0.9808758344223261
13 9 11 26 59167 0.9211044438377444
16 16 29 15 41754 1.0197992381464858
7 26 20 19 73536 1.008534370214402
3 11 11 26 69422 0.9317609033130436
11 6 21 11 53041 1.0470039778931355
9 13 25 16 53380 1.0343090305584033
13 22 6 11 55272 0.9607733785744657
0 24 22 12 93175 0.9715021292494332
6 20 2 13 33503 1.0434492540523883
22 10 17 25 65108 1.0261936796786493
24 16 8 6 78668 1.004630041860699
2 2 21 10 81818 0.9211716454209142
1 20 13 21 50961 1.0192995649950498
26 7 3 7 85269 1.0074179109266523
26 27 25 3 74841 0.92154820447332
15 29 16 1 116982 0.96505378918426
4 9 5 18 38856 1.0276440819994765
27 14 6 20 72184 1.0926142472500768
8 13 14 26 56577 1.0206981618856243
25 24 12 9 80971 1.017763441794294
21 9 12 20 59800 1.0324373030767644
3 0 15 21 94824 1.06014500258955
14 4 27 12 58100 0.9391113526778165
7 8 12 21 54834 1.0065199940070615
18 17 10 10 38887 0.9519451076174381
28 11 1 7 104621 1.0726428058562365
24 29 7 23 76525 1.0978830998960154
1 11 7 20 50396 0.9788381951081261
16 11 26 26 78967 1.0540343358746582
22 4 12 28 103063 0.9833568933221868
3 17 11 8 44862 1.0957974553060335
26 11 3 11 89244 0.9480104432849226
20 26 11 17 57306 0.9207866743355847
21 26 1 4 117348 1.077532946671787
7 1 23 27 118413 1.081903289898362
10 27 0 5 93808 0.945736397352778
12 25 29 15 78283 1.0042044006868536
3 22 15 12 67554 1.0346588748120054
16 26 17 8 83012 0.902169606649724
14 9 28 6 56007 0.906990803197588
27 12 7 19 77624 1.0647255739062786
27 1 8 7 68694 1.0504704963629998
26 11 1 10 97409 0.9870268031742745
23 14 13 18 37400 0.999248744671263
25 15 15 6 64778 1.0179024278791409
29 23 26 5 57205 0.9413690484068005
0 20 14 26 71627 0.9109118241711464
4 9 14 2 51864 1.0431715453209576
27 8 15 4 44776 1.0668429231665872
3 20 20 24 71599 1.0951259344399091
14 16 29 24 63514 0.9267255140559055
4 17 7 10 38745 1.0775605515727682
29 22 6 24 87416 0.9133494837234774
22 3 28 10 37341 1.042736787009657
9 27 17 10 76990 0.9488390797461962
5 20 25 22 80745 0.9755710740977179
20 25 21 13 45661 1.0637762915790483
1 21 28 26 112891 1.0758974446922323
11 18 3 25 52221 0.9358659812855434
1 27 22 17 86890 1.0415972430295963
26 10 13 26 88915 1.0381289660238955
11 12 5 3 41581 0.9435453156753085
25 12 23 2 36011 0.9741636513355825
29 26 8 24 80464 0.902892554114529
23 21 11 6 81461 1.0113660295508164
2 24 4 5 68290 1.0924122507763923
20 28 20 3 90287 1.074428851290676
29 16 21 20 33669 1.0088143444420283
26 18 28 5 45184 0.9352911406690593
13 19 10 4 43873 0.9469138001402522
5 16 23 2 85276 0.9812083140076359
23 25 6 2 106714 0.9520128002507634
26 14 4 21 84809 1.0982617137436996
2 9 21 27 107517 1.0293161187609285
5 4 4 23 77863 1.0638495906856145
8 3 3 14 58537 0.9835677780178335
19 9 2 15 67313 1.095833768216463
7 29 12 15 64472 1.014262347486356
21 22 29 14 46163 1.0801955576228728
4 15 11 1 62479 1.0481976243024373
3 29 9 19 61891 1.0731673374693786
8 15 19 16 41622 0.9189611260730454
5 11 21 20 71097 1.078995821730147
7 27 4 4 90060 1.0944353057440468
4 1 13 28 101507 0.9212029209676932
17 28 21 20 44499 1.0059415752824512
4 15 23 19 64511 1.0013091305290585
4 2 21 4 52875 0.9336222296363093
14 2 22 26 98261 0.9130314859149246
15 28 12 20 41187 1.0851294923086665
29 15 1 28 117423 1.0422369306899686
29 2 22 25 83418 0.9612542584707024
19 7 9 24 80306 0.9235752469268187
17 1 1 3 67465 0.9379800626704713
24 5 21 17 40826 1.0738284634834279
23 29 21 10 63054 0.9580392136337224
16 14 0 4 73904 1.0734489402865877
26 7 14 4 45660 1.0261029166625921
22 3 23 27 69124 1.0971360708238813
18 19 19 1 79045 1.0158257055535955
25 17 12 19 46200 0.9244889356816228
18 18 12 6 58965 1.0253125671392358
8 24 10 16 29764 1.0329518929397647
14 27 11 1 88809 0.9926062376824781
23 9 10 29 87268 0.9407924867357729
11 9 2 7 37244 0.9298350563374441
7 10 15 2 53048 0.9390280792305913
21 9 0 20 95095 0.9550298494005305
5 9 17 3 54750 1.0569255439820824
13 5 24 19 74650 0.9048233037597031
25 5 4 4 58182 0.968164824705628
8 18 0 6 70029 1.0063261545388384
19 22 20 11 46437 1.0244350585304811
21 10 17 18 41995 1.024907434798266
8 13 14 27 60178 1.0104281053458342
2 4 23 13 81411 0.908868255217343
11 11 11 22 40133 1.0711833123051302
0 28 13 0 118192 0.9610345374766538
24 18 8 22 66888 0.9060426269159121
13 6 17 14 42824 0.9956778244841421
22 11 7 26 89797 1.0929614941410652
4 20 7 2 78375 0.9819304519407575
2 4 3 13 30772 1.0088307390210722
16 3 1 1 60288 1.0673911871366393
21 25 10 20 49252 1.0433541554725463
28 14 1 9 97961 1.0040045046477322
19 0 13 9 54166 0.9728950530049442
22 18 19 4 50542 1.0523894250949448
12 2 25 27 109294 0.9181658724501972
11 28 5 14 58915 1.037050175610395
26 27 28 12 49159 0.9586938231073401
16 0 21 25 101774 0.9700347948055517
10 24 1 16 45471 0.9218772395683342
2 16 14 8 60411 1.077167604453009
19 26 28 15 61602 1.0681532399571796
29 23 17 16 52866 0.9659860899587722
24 21 19 26 35823 0.9208696225879646
18 19 9 18 37876 1.0693541534549784
12 24 28 23 58628 0.944139013402755
6 3 2 29 97052 0.9127280734964311
28 15 14 29 89844 0.9592652845925248
25 16 11 1 83806 0.9928649989567757
28 18 18 29 73433 0.9126873147967801
23 6 3 29 126175 1.0913363866226518
12 25 28 16 72483 0.9344791956421598
17 10 3 29 105899 1.0232108910686786
4 21 16 29 74640 1.0602448967298355
10 5 23 14 58875 1.0656004896019073
14 4 23 25 83252 0.9810558268839698
18 10 12 25 66171 0.9862833431374881
22 7 18 16 43385 0.914561468479481
17 7 7 25 87569 0.9478402936954791
12 22 0 14 61239 1.0121022681496596
6 28 15 12 81075 0.9523843387196804
1 10 13 26 83804 0.9900937639168526
12 17 27 9 62744 0.9128221281293046
6 22 5 7 57468 0.9807153975508734
14 18 24 28 66362 1.0752357777396078
18 21 8 1 91445 1.0350995032912556
22 6 9 22 85673 1.0878822136449149
29 22 4 8 111522 0.9510577228016335
6 28 16 17 66135 0.9641021831640313
5 19 23 18 57653 0.9960744364737198
4 22 23 6 99998 0.9747590371566548
10 22 22 22 45818 0.9807956459989031
11 9 20 7 34780 0.9073840172368145
29 7 22 12 36818 0.9901016835275007
12 24 20 29 45939 1.0433429844014996
25 18 9 15 54938 0.9244309355877094
26 2 16 18 77271 1.0234740808778564
29 23 2 27 107195 0.9869654331985568
10 4 8 28 72060 0.931060289249485
3 3 6 25 87498 0.9028288217641733
11 0 6 19 66237 1.0354783601497837
0 8 14 10 56205 0.905267049417928
27 15 12 9 64869 1.09904743573095
1 13 18 15 59377 1.0578279095857455
18 8 20 28 81816 0.9017153228719729
20 28 20 16 44257 0.9163361196095587
10 20 22 8 69267 0.9250261166703362
17 12 24 3 53926 1.0033866319476736
13 2 4 17 60967 0.9726846383852286
28 9 20 11 35363 0.9127210891586313
25 3 24 20 58811 0.9036268588083481
18 12 18 25 54628 0.9258454503939472
21 2 25 28 89235 0.9349914827637893
2 7 16 14 65518 1.014071455451797
10 6 13 19 39266 0.9681376289669942
18 20 12 10 52787 1.0219092494293134
23 4 5 16 80107 0.9832699927967432
20 21 16 12 47030 1.0136307774654885
25 25 14 2 101158 0.9321618515440795
3 18 20 29 91716 0.9313816558833449
8 29 21 0 120396 0.9240850666636995
7 11 27 17 77380 0.9309224597713477
25 1 2 17 104671 1.094625822901739
15 7 28 10 54851 0.9065071300036179
28 12 20 26 67068 1.035651074784166
1 1 5 29 107060 1.0834830983420367
17 4 4 17 66404 0.9404745072809559
16 14 8 12 34714 1.0856232129857293
21 27 28 10 70726 0.9537326155575254
16 3 8 15 58490 1.090346575407317
3 7 24 19 99297 0.9470327657275075
29 10 9 6 78848 1.086274605281407
29 5 2 10 96972 0.9745103683442028
0 12 28 25 114021 1.0324918421407092
4 13 23 4 74267 0.9557769318941127
16 0 29 3 57485 0.956753958317281
14 24 23 19 43127 0.9870109717315805
18 21 27 5 74216 1.0822025113924691
7 29 19 13 85785 1.0645640907222158
14 7 22 10 39933 0.965244122814272
14 28 17 0 115650 1.083703148745637
13 27 18 22 34179 0.9088917145956317
1 18 2 7 39809 0.9686245013913242
6 0 23 27 120149 0.9344856319034018
25 14 1 0 111793 1.0629139026284649
24 15 18 26 52210 1.029826897082013
23 4 7 18 78486 0.9824822844629864
27 4 25 28 74496 0.9816099310373188
29 6 7 13 87193 1.0287315646994113
20 24 14 0 108188 0.9053451350185667
7 1 19 28 122964 1.072219754001509
15 19 22 27 54708 1.0401872365607954
27 7 18 28 91493 1.064227352059683
1 9 14 6 57223 1.0284427272237435
13 5 7 29 92789 0.9254129225226947
16 1 18 12 49988 1.065405463135704
13 4 4 24 80020 0.9528087182684941
19 0 14 17 80879 1.0256164455779537
16 17 28 17 34578 0.9659452659174745
7 6 15 10 47249 1.0466683823025429
24 9 10 4 49498 0.9545198236145463
9 5 8 22 56582 0.9975510853860516
18 28 3 15 88737 0.9898952669789957
9 7 20 20 67859 0.9784248402889681
9 14 11 2 41523 1.0362640554486218
5 11 20 12 54882 1.0238417138132605
10 25 15 10 61784 0.9932757501301431
22 26 1 25 83767 0.9063312205048409
0 9 26 9 85219 0.9941090301424433
5 19 27 3 99032 0.9342242969671155
25 3 15 15 69549 0.9980584779426004
29 25 0 6 139868 0.9689983841480398
9 26 22 27 61338 0.936177072071065
2 20 25 23 87559 0.9034783891175399
13 15 26 24 63484 0.980113357637395
28 26 9 0 124410 1.074538321817877
15 0 21 14 75255 0.9942644143989664
2 1 21 15 93693 0.9482296274155569
20 29 17 17 54961 1.0615855888459302
18 15 11 12 33169 1.0288035231799317
2 29 7 8 85538 0.9789266621600068
14 14 23 13 31999 1.0085038477375479
17 23 12 15 41549 0.914593663926688
10 12 1 2 57598 0.9474329514358432
24 26 3 2 120720 1.07170421779403
24 21 24 6 52952 0.9971122333410833
18 22 2 15 69489 0.955723511858837
10 10 3 1 43251 0.9676299491968079
15 24 5 5 83104 0.947436851966574
21 26 28 1 92004 1.0284498673491749
22 12 15 23 58006 0.942702294263138
2 24 23 2 112508 0.9597851217270701
1 4 28 21 122413 1.0070956850590786
29 29 25 10 65997 0.965471198967861
8 3 18 17 64322 0.9301421532562038
20 5 23 15 38849 0.9577806303435903
13 23 4 18 46402 0.9296719264950466
0 5 12 14 66197 0.9690680006013402
20 17 5 15 43880 1.0310971908774291
22 0 20 24 80658 0.9669488169041196
3 9 15 23 74876 0.9732357086228464
3 20 26 21 88205 0.960061325623294
4 18 26 21 81208 0.9882161533165793
10 22 19 19 45465 1.0087665068130378
15 28 6 12 80669 0.968465645989539
17 13 7 9 39220 1.0724448911131352
3 20 5 10 41268 1.0909640359996922
29 23 6 19 84007 1.097049165593093
0 11 7 21 57679 0.9055421626408499
14 15 8 20 34224 1.0272673083007406
5 26 19 7 103210 1.088576486100911
14 7 29 22 89418 1.092769798242632
7 5 8 24 66518 0.9625186630609508
21 26 15 9 78521 0.9231163534528765
13 18 8 25 42974 1.0821247379293089
16 13 6 14 34288 1.0400972620124604
6 29 5 17 51562 0.9137000306965134
8 20 22 23 56124 0.9149912057520632
17 2 2 12 77670 0.9992064664122615
16 10 14 27 69728 1.071824790523144
11 3 26 16 75044 0.9628807749180175
13 24 27 1 100810 0.9100096805803473
17 9 3 1 63379 0.9769414577270465
25 4 0 3 74151 0.9437670322689958
10 22 22 13 55712 1.0717661780642227
28 11 10 28 95011 1.0364658226452086
9 1 26 16 87561 0.9481978224476675
28 16 17 11 47970 1.0979159310764506
12 26 3 1 95448 0.9566054851896294
16 14 27 14 39390 1.0989492300255272
11 21 27 8 82573 1.0876931408323323
8 21 2 1 86411 1.081072468221982
3 1 27 27 133439 0.9345055204912192
21 29 13 20 56794 1.092198808814688
12 14 28 4 75292 1.0998968180726196
24 27 9 19 73530 0.978479258220346
8 26 26 5 113593 0.9882695772737109
25 12 18 24 55878 0.9719974618811069
13 18 20 23 41112 0.9066922221547181
17 21 15 10 61412 0.9247134085008982
23 18 17 2 66989 0.9977226903780342
20 24 6 22 56059 1.0528615401491128
16 2 20 23 87125 0.9224195024261616
12 26 21 21 47972 1.0150095847239529
7 15 26 7 90788 1.053470600477996
1 24 18 14 77412 0.9975378420422074
8 9 20 16 55131 0.9742317230531492
24 8 23 28 63247 0.907888970942543
2 12 11 13 33334 1.0340099356878412
28 24 8 5 104797 1.0169710216168966
12 29 9 17 44361 0.9134138199626052
22 5 9 12 61061 1.0937737486647015
8 18 24 23 64138 1.017001188055834
7 1 16 9 55439 1.054090969038181
12 7 25 18 71295 1.0449247301343172
22 29 2 27 97096 0.9763406023582475
17 29 6 26 64876 0.927814670236788
17 18 9 27 56597 1.0440767918069067
0 9 28 10 96770 0.9603763284042535
15 12 3 0 77308 0.992815228324392
18 13 7 3 58212 0.9782896213876762
27 21 18 29 60701 1.08123180444254
3 12 2 2 37572 1.0349280807348271
16 24 4 11 76567 0.9850294117591236
26 25 13 22 55208 0.9106767115808924
25 5 18 20 64888 0.9009237611390639
20 1 16 24 98346 0.983713514323111
14 15 7 21 43065 1.0765396039622848
16 11 21 21 51236 1.0962814452473215
8 16 29 15 65027 1.0122119625621075
12 19 24 14 49760 1.0140153909606981
18 20 27 12 50545 0.9044388720798009
1 18 27 24 93843 0.9341854690422507
16 23 28 16 57550 1.0460593487017449
23 21 29 17 30892 0.9732504354762276
29 16 21 12 34701 1.0285213468459362
14 29 9 7 80320 0.9132818525031294
5 3 26 9 71236 0.9069125222515982
15 0 25 3 53355 1.0417787911747043
8 0 5 26 100957 1.0013392546532305
28 7 24 16 37195 1.0351680462698203
5 8 5 21 50398 0.907111206171422
24 10 7 3 66469 0.9643585666947236
6 23 14 15 49569 0.9962495714246016
18 26 2 5 111391 0.9268363627795968
21 4 14 9 40153 1.0180361878428847
1 10 21 8 74029 0.9500167982206492
7 29 9 15 61663 1.008044518618787
0 8 18 2 74678 1.004586820901991
29 19 29 7 31015 1.0372616476362635
6 7 17 9 44657 0.9445570428384451
21 9 10 29 86422 1.0236611006324705
13 8 4 6 46669 0.9244816073251073
23 9 5 18 71779 1.0756477959818815
5 26 11 9 69608 0.9113333545291412
22 28 15 11 75815 1.0967680744614108
20 14 20 0 51684 0.9301820748978434
19 24 29 26 40564 1.0439295375721809
25 8 26 27 61435 1.0909847649724358
6 24 16 17 50404 1.0611221069725978
21 13 14 29 77776 1.0451680219477537
1 13 25 4 90328 0.9720833357672025
3 5 23 9 68785 0.9549125461663039
14 7 18 25 80752 0.9985664341677196
13 10 25 13 45436 0.9420267734030379
25 19 21 12 33692 0.9938783583637191
13 12 1 8 55522 1.0645331100476902
13 13 5 18 33327 0.9074244308488092
17 17 17 6 55469 1.0195930321527924
1 16 20 8 80838 0.9927115763499905
29 26 18 14 62151 1.0496884973034788
1 2 21 5 70873 1.0322746465091193
12 14 3 11 40742 1.0043165096464899
26 2 9 9 69442 0.977436354688547
1 18 14 5 73678 1.0768128080931822
24 12 8 17 53504 1.041392848120229
11 7 0 2 52199 1.0540600573326306
8 19 5 7 57281 0.9315343651336395
2 13 2 29 50725 1.027407380176213
27 25 12 0 110862 1.0918027950380313
28 19 4 12 91793 0.9743713432925224
7 9 0 12 35681 0.9489364433493326
5 8 6 26 70841 1.047750486537481
7 15 15 0 75469 0.9388539910648568
13 3 29 8 58475 0.9964667020314684
21 7 29 26 73682 0.9681407758822118
16 8 18 17 43815 1.024062240998949
24 23 5 9 91660 0.9025343718191771
12 2 18 12 54885 0.9133349853603703
1 15 4 28 57086 0.9184668391133981
2 11 12 17 43318 1.0298060947495962
7 3 25 27 115836 1.0915491478940713
5 19 22 13 60745 0.9594043689830345
13 24 7 3 73944 1.0987563864036878
1 10 16 21 80518 0.9036994483622536
0 3 0 27 93180 0.9224820485581745
28 13 13 17 52199 1.0000612395176351
3 11 19 25 93149 0.9429191242739206
9 29 23 13 81267 1.093427667445948
23 22 12 11 62809 0.9860109441080017
15 21 5 0 89221 1.088071494101276
2 28 12 24 50282 1.0397603894733787
11 4 3 11 45913 0.9350197836890672
2 4 13 4 30603 0.9789584181546207
1 23 22 19 80584 0.9179759239975455
12 18 27 4 80975 0.9786726619845613
16 25 12 12 52800 1.0609698254866258
19 19 2 9 79622 0.9913370322560162
0 13 20 27 100444 0.9539418403722445
25 0 6 5 70322 0.972605344268337
27 18 8 19 66686 1.049161702190439
23 5 17 20 62370 1.0330262166315056
14 13 22 2 59090 0.9494443194428823
19 11 2 15 64165 1.0864015093971087
25 20 9 17 53323 1.0089490938220478
17 9 3 20 69625 1.0193537002995439
9 1 21 2 53002 0.9058009454631112
17 3 26 29 104098 1.0909274780030247
14 15 15 25 46069 0.9763899475662177
14 25 6 12 65589 0.9161541255175023
26 7 10 0 65200 0.9950804888285025
17 28 10 17 59927 0.9039121124858731
18 28 3 13 95403 1.0472306149109747
14 4 21 27 94813 0.910879565653221
21 29 21 3 86717 1.0304490364298895
0 2 27 1 91969 1.0435843064066117
0 23 20 8 102535 1.0178437633352324
23 2 11 21 87329 0.9644257503249216
5 0 7 28 106484 0.9421384288328161
4 4 22 6 54101 0.9868995649359047
27 6 19 0 48576 0.9898210043921534
20 18 12 23 45268 0.952688532923149
16 24 5 5 85357 0.9365888941414952
24 10 17 20 54266 0.949932534119422
15 26 13 11 55809 1.0376780559020276
15 29 29 12 100362 0.9271841578854723
27 21 9 13 72040 0.9208808400996795
24 26 0 5 129269 1.0477428954612122
15 3 3 10 57652 1.0670112451298603
7 13 20 11 47050 1.065250813532637
23 18 13 15 37441 0.9391585155269231
10 4 24 29 104751 0.9289627982941527
24 24 13 11 65850 0.9901546952206423
22 25 4 22 72343 0.9851371189965978
8 10 29 0 91242 0.970074428464427
29 24 13 24 55257 0.9737131944310802
5 26 10 18 44179 1.025645304090539
19 17 15 1 79912 1.0489153743000124
15 16 29 3 75629 1.0960435223302911
13 6 4 19 66889 0.9701144293023899
26 5 19 12 48329 0.9401379155697023
20 0 10 25 96026 1.0662900463914253
12 12 2 21 55561 1.021825382924841
18 29 10 7 90652 1.0351206527923935
5 9 14 3 43779 0.9691472592204653
9 23 3 19 37760 0.9030381007360216
9 4 27 5 51109 0.9205150930979769
29 12 9 28 99401 0.9320872910235684
21 19 8 9 62444 1.0467570620274567
11 15 8 28 50818 1.0685129626855523
23 9 20 27 63269 1.0549864024947238
11 4 8 12 35410 1.0848267965499412
17 18 9 12 41079 1.0244436431278434
12 0 4 23 92515 1.063357010053006
7 17 21 22 52756 1.0308439023216271
11 3 14 29 90399 1.0689393126048314
27 17 20 26 49282 0.984703786144619
10 29 5 22 37048 1.0891571902353487
22 7 5 13 71614 0.9766239778434299
2 13 18 2 75188 1.0441615036879772
16 0 6 10 66101 0.9882653937085203
14 21 11 11 41695 0.9406508032230697
14 25 26 9 87072 0.9591676571541634
10 10 21 2 51828 0.9824319772580792
23 10 19 28 69842 1.0752323852099515
25 28 26 4 78347 0.9531121049009272
11 18 13 29 45864 1.0517945685985086
7 15 22 7 75333 0.9584316181064257
10 3 28 22 102543 1.0379577269349878
9 26 18 15 59173 0.9144946306304514
22 3 0 15 94271 1.080938394611058
5 14 7 1 58865 1.0348957745172631
13 3 24 19 75092 0.9860096403637374
22 19 28 7 50772 1.0916192476110722
1 27 20 26 84602 1.0472920821072078
20 27 17 12 65380 0.9651398069170469
27 9 7 6 78155 1.0478519003051279
24 19 26 2 63090 1.0178864643010552
0 22 3 6 68725 1.0043424096417677
16 4 6 4 26588 0.9449298456887325
13 13 26 27 78656 1.0092680629310025
6 4 29 16 91686 1.0193331469246574
0 20 25 8 106282 0.9171065072896821
0 13 12 19 52791 1.0928871284218402
4 4 14 26 87519 1.0411876186078113
5 11 19 25 85386 1.0533479613337455
6 0 27 24 123950 0.949174119679755
20 27 24 13 54526 1.0744603905625927
7 29 3 15 71056 0.9516294965305073
16 7 21 2 33882 1.0189349031300938
22 16 8 22 57379 0.9431987387353815
19 16 3 9 69298 1.0015707536371097
17 2 29 13 69536 1.028019721809316
25 9 21 15 31422 1.0657605919938464
5 2 16 24 90947 0.9851330185394669
21 10 5 6 68354 1.0340610964898727
10 25 22 0 99892 1.0111073341537467
1 13 11 29 73087 1.0453504908061855
13 16 25 22 54021 1.098654776591107
12 13 29 9 62004 0.9892058317256038
22 0 5 11 84195 1.0283047593256966
22 24 0 1 127310 0.9575868907972931
29 12 20 15 39376 1.0411541518777034
7 5 2 14 46848 0.9987900137426162
16 14 6 12 40658 1.0592439971494463
18 29 9 4 100436 0.9334436965409318
5 13 19 0 80615 1.0333723768955911
12 16 21 6 58779 0.9262933452277827
26 25 4 14 95289 0.9993245871350458
4 15 14 7 59703 0.9011122666434767
4 6 20 6 60284 0.9609130400084183
14 10 13 1 36507 1.0376737870437116
20 23 14 1 101696 1.0390233313998287
24 22 20 3 67586 0.9033106167916813
10 10 25 6 60466 0.9201878058416532
21 26 14 13 62821 0.9244155701516396
0 21 21 7 106200 1.0467178767521437
1 23 2 7 56048 0.9200769454885125
14 5 18 24 84579 1.0796059058655405
5 16 12 3 56412 0.9547767450576449
29 21 11 28 85396 0.9370685514556264
20 21 12 2 87724 0.9825267561457351
13 15 7 5 43440 0.9800114806974198
20 18 24 8 42076 0.9898780783903384
24 16 19 6 47315 1.0408009253071004
12 9 25 29 98756 0.9731187619326623
6 25 1 18 41287 0.9552669336255928
29 15 18 13 41068 0.9786180914792395
16 9 10 24 58261 0.9334097936489577
25 13 8 7 68266 1.0617987372769893
8 4 18 15 58673 0.9155637649856164
28 7 6 29 131795 0.9120970703324175
27 8 4 2 81298 1.017694091861836
2 3 20 13 77987 0.9173106289935925
26 1 17 5 43626 1.0638346166036823
26 25 27 16 31664 1.007711470595167
27 18 19 15 33016 0.9746724254541245
10 18 13 9 32489 0.916721951322454
18 7 20 29 91163 1.0728204595059012
1 5 4 25 76206 0.9143800392141612
15 23 24 25 37771 1.0734455517944568
6 5 11 18 50057 0.976042355666548
5 24 21 25 60402 0.9855472419447889
1 10 23 11 82044 1.082151614888008
11 26 29 19 83973 1.052762601885216
19 26 18 8 79490 0.9298645813851929
2 11 1 23 43190 0.9689931432608412
5 1 6 19 69123 1.017753517413193
1 11 13 0 71421 1.0394445032287591
13 17 19 0 79232 0.9873013353098199
17 9 23 29 78553 0.9180703412130476
17 20 25 12 49033 1.0240086117969684
17 16 29 18 40595 0.9868955822266381
3 29 19 7 119674 0.9586770305586856
7 3 3 24 87964 1.0751974512444344
27 11 9 5 72797 0.9280987892776142
1 1 3 12 45525 0.9136288187639247
16 8 27 16 56413 1.0045177283297893
17 8 6 29 103965 0.922221403376314
17 16 15 8 44471 0.9870779605661131
7 6 14 0 45647 0.9080138390728855
14 7 23 18 67947 0.9513820279994583
13 26 2 1 100070 0.9710175085978255
23 27 22 17 31496 0.9298374986403765
8 8 28 28 112565 1.058386929966147
1 0 21 6 82134 0.9648743046184645
0 2 14 23 99896 0.983095331585392
0 25 12 3 94884 1.031965626775358
19 24 1 23 67366 1.004123550883672
22 15 9 10 54895 1.0249285199110527
16 1 23 5 33405 0.9798053465178673
24 10 20 19 41479 0.9610461861548009
4 26 28 24 95884 0.9763237819431416
20 14 12 21 43294 1.0242034879683775
19 2 10 14 58740 0.9852168868375287
12 20 25 4 79339 1.0100207573300075
21 27 28 18 52483 1.0246504473886624
16 8 5 16 57618 0.9333815035458888
24 4 13 20 72038 0.9622707975351592
14 19 17 6 63886 0.9533582566555765
7 18 7 8 46539 0.9181459158730837
23 9 12 6 46775 0.9949636987172799
16 22 20 28 35543 1.0003095957283485
24 4 14 6 38370 1.0062227934469705
14 28 5 9 84411 0.9917951002619223
3 1 25 10 86417 1.0198925980772198
20 7 7 3 50577 1.0894712831868751
16 26 0 18 78196 0.9694615983382276
24 9 6 14 71945 0.9818479093832867
1 14 16 4 69748 0.9404049776995672
25 15 0 25 97665 1.0322221634837105
29 25 22 14 46082 0.9357691254244782
12 19 21 25 50235 0.9226661136329254
15 12 2 15 51084 0.9918607220648339
7 8 10 1 34450 0.9006586197772165
16 9 2 8 49557 1.0854778049105702
21 19 16 26 42038 1.097096939033938
23 23 28 13 43557 0.9050267351941703
20 14 2 25 80217 0.9626114205266862
3 5 18 13 66296 0.9329673752163845
6 26 22 14 83727 0.9362244939958833
17 2 12 13 57259 1.0317419460868618
17 26 29 3 103661 0.943807795858834
0 20 16 3 93163 0.9217130142945401
17 22 29 12 68283 1.0861995897917036
3 9 13 18 53064 0.9831527118051878
1 17 10 27 51019 1.0287035353805194
4 20 17 12 59310 1.006154982968772
21 23 3 16 71144 0.9822593483633764
8 11 11 29 63611 1.0133772159531782
8 18 16 0 78773 1.0257792266275525
6 26 25 5 118175 0.9984180081377146
20 19 1 20 68887 1.0602732113717992
16 24 25 25 33759 1.0175181032782639
17 21 12 11 49442 1.0792717707508008
0 5 27 29 143609 1.0403220495527556
18 28 12 20 51736 1.0936659247344138
18 25 20 4 82671 1.070594106053717
20 26 7 8 93563 1.0043595369188896
8 21 11 12 41929 1.0844040837569826
16 2 8 0 48302 1.0149635124943808
4 3 19 16 77339 1.081247209129748
18 26 13 6 84277 0.9291631542679085
13 12 11 20 29295 1.0666187689675422
13 24 3 11 68829 1.0305510998661627
24 8 3 18 84417 0.9346961594942725
21 17 23 25 27855 1.0404986708039634
23 12 9 26 77924 0.9632099469170111
26 16 10 0 82366 1.0276188679823055
4 22 3 1 79681 1.0412501776714813
14 24 2 16 56048 1.0630696938554898
12 21 26 1 99941 1.0776701612361497
4 4 10 25 69757 1.0241300768236914
8 8 2 4 41666 0.9950302112648866
3 20 12 21 39913 0.9917259595006102
13 1 10 8 27994 0.987666850662128
1 28 11 23 54114 1.0354797151632487
