8797 8684 8759 8789 8683 8712 8824 8694 8698 8733 8772 8779 8678 8677 8715 5225 5135 5129 5213 5100 5124 5129 5128 5187 5195 5136 5125 5122 5126
5650 5634 5722 5684 5628 5714 5629 5675 5689 5616 6831 6880 6935 6913 6923 6829 6903 6891 6956 6823 6908 6992 6886 6882 6964 6851 6794 6964 6835
5911 5953 5867 5955 6045 5971 5908 3013 3025 3022 2840 2975 2922 2857 2947 2889 2907 2977 2851 2925 2989 2896 3041 2853 3014 2927 2916 3039 2876
5137 5035 5136 5119 5154 5172 5207 5117 5125 5157 5188 5197 5029 5119 5013 5082 5039 5123 5012 5008 5071 5016 5175 5011 5070 5053 3646 3657 3673
2198 2228 2177 2307 2363 2363 2372 2180 2214 2383 2194 2179 2323 2233 2288 2189 4454 4455 4349 4516 4365 4551 4360 4511 4397 4367 4390 4523 4363
5834 5868 5895 5776 5861 5900 5921 5909 5922 5903 5859 5767 5889 5773 5780 5736 5861 5864 3561 3369 3465 3391 3424 3491 3524 3464 3541 3507 3472
1390 1467 1453 1436 1434 1359 1479 1508 1453 7267 7287 7179 7303 7245 7236 7215 7290 7302 7242 7272 7242 7212 7172 7273 7207 7164 7174 7267 7330
8482 8599 8560 8451 8545 8428 8603 8503 8492 8584 8477 8521 8412 8547 8479 5390 5227 5200 5354 5364 5387 5237 5402 5209 5248 5226 5249 5245 5296
6579 6506 6572 6402 6546 6451 6567 6459 6398 4354 4311 4317 4228 4371 4237 4391 4254 4355 4242 4247 4322 4286 4341 4287 4234 4398 4373 4396 4248
6804 6734 6684 6779 6769 6662 6661 6797 6708 6726 6758 6734 6821 6857 6796 6752 6672 6807 6744 6842 6799 6664 6730 6692 6739 6659 6684 5135 5091
2810 1683 1690 1716 1679 1694 1616 1664 1674 1574 1572 1681 1579 1735 1724 1726 1713 1584 1633 1706 1596 1683 1619 1612 1623 1749 1678 1635 1587
5197 5134 5233 5131 5132 5115 5074 5051 5112 6330 6431 6336 6347 6422 6347 6358 6412 6277 6423 6343 6378 6457 6283 6375 6286 6288 6442 6318 6357
4946 4887 4817 4785 4863 4867 4919 4885 4803 4897 4766 4939 4757 4795 4800 4808 4883 4745 4806 4924 4805 4836 4792 4796 4926 4899 4909 8421 8344
5991 5930 5848 5875 5877 4278 4197 4231 4300 4180 4331 4249 4235 4249 4322 4275 4239 4244 4231 4258 4194 4245 4203 4217 4262 4194 4342 4147 4200
7469 8386 8391 8318 8479 8414 8355 8356 8493 8398 8399 8453 8441 8383 8322 8370 8323 8325 8446 8459 8427 8323 8329 8357 8352 8366 8398 8424 8412
4436 4518 4385 4546 4438 4591 4406 4534 4480 4520 4455 4569 4400 4490 4580 4460 4390 4449 4535 4490 4416 3200 3264 3107 3105 3248 3101 3105 3241
4886 4935 4880 4942 4985 3499 3561 3606 3570 3547 3584 3422 3414 3431 3560 3555 3491 3430 3435 3469 3429 3520 3536 3500 3457 3552 3474 3480 3503
8001 8006 7976 7964 4805 4684 4720 4817 4687 4706 4655 4688 4756 4711 4824 4658 4724 4773 4821 4809 4744 4772 4811 4705 4723 4834 4800 4804 4641
2789 2809 2760 2606 2713 2709 2801 2617 2649 2755 2675 2697 2753 2734 2622 2605 2662 2709 2841 2658 2740 2711 2655 2703 2847 2702 2780 2647 2841
6559 6578 6600 6588 6519 6463 6412 6694 6540 6559 6570 6635 6618 6697 6647 6713 6647 6520 6551 6664 6619 6536 6627 6524 6579 6634 6603 6549 6670
4453 4487 4416 4513 4506 4324 4501 4494 4412 4324 4333 4418 4367 4359 4450 6498 6408 6492 6430 6546 6503 6426 6445 6565 6527 6450 6527 6411 6413
7961 7976 8025 7961 7994 7931 8007 7978 8095 8034 7995 7991 8109 8060 5546 5524 5598 5467 5416 5501 5619 5512 5460 5497 5578 5420 5425 5461 5597
8053 8207 8166 8197 8099 8107 8129 8201 8172 8215 8024 8210 8022 8143 8062 8159 8022 8109 8078 8019 1533 1565 1691 1605 1506 1590 1544 1628 1527
8882 8938 8850 8814 8941 8805 8882 8897 8894 8858 8807 5989 5923 5856 5870 6009 5847 6000 6000 5990 5837 5970 5963 5838 5927 5920 5951 5998 5835
2422 2366 1766 1761 1755 1725 1717 1719 1721 1845 1790 1762 1680 1771 1667 1757 1700 1661 1845 1761 1739 1776 1719 1803 1760 1660 1770 1834 1713
2034 2157 2103 2006 2093 2049 1996 2061 2189 2061 2134 2186 2172 5423 5537 5610 5574 5590 5559 5546 5607 5449 5609 5460 5547 5559 5597 5553 5464
2159 2195 2135 2198 2175 2284 2281 2205 2284 2156 2178 2156 2108 2090 2199 2287 2179 2143 2160 6603 6586 6622 6661 6506 6654 6488 6519 6514 6569
1929 1842 1813 1915 1879 1904 1775 1841 7232 7098 7221 7279 7250 7142 7087 7265 7128 7215 7261 7238 7087 7141 7138 7099 7092 7165 7166 7226 7103
2928 2876 3030 2977 3019 3059 2950 3000 3013 3047 6983 7041 6903 6951 7028 7076 7070 7024 6999 7027 6956 7089 6904 7015 7008 6998 7061 7099 6961
8042 2344 2206 2335 2349 2216 2189 2340 2209 2295 2315 2222 2283 2257 2295 2254 2352 2177 2251 2177 2356 2272 2309 2356 2367 2189 2209 2248 2178
1533 7380 3155 5366 2730 4357 2382 3492 5102 4422 8945 3006 1581 6154 2363 1944 2818 4536 3578 1703 4038 5171 8147 8753 6555 8350 1891 6167 2219 4955
1382 7216 3278 6962 2710 4497 2563 3622 8435 4289 8839 2997 1522 6142 2434 1988 2860 4620 3525 1613 6205 5339 8102 8752 6443 8189 1928 6094 2015 4788
1536 7214 3232 6944 2788 4331 2469 3573 8463 4309 8959 3145 1482 6147 6246 1985 2857 4573 3491 1594 6165 5257 8036 8682 6453 8203 1959 6158 2142 4954
1486 7285 3131 6901 2661 4338 2580 3451 8549 4369 8951 3028 1660 6131 6383 1849 2811 4491 3454 1708 6195 5241 8067 8602 6426 8244 1813 6127 2081 4844
1529 7267 3178 6904 2696 4409 2515 3478 8477 4391 8814 2993 1592 6273 6187 1825 2913 4526 3532 1690 6276 5221 5240 8694 6539 8395 1876 6188 2069 4870
1351 7315 3129 6913 2662 4403 2436 3596 8478 4357 8847 3124 1583 6296 6216 1972 2912 4612 3476 1695 6190 5187 5384 8769 6517 8315 1998 6021 2127 4943
1341 7290 3313 6999 2615 4379 2575 3430 8514 4380 8927 3044 1656 6326 6364 1995 2951 4590 3633 1666 6179 5511 5365 8759 6427 8215 1992 6033 2072 4782
1432 7191 3201 6944 2717 4425 2527 3578 8431 2953 8955 3058 1606 6221 6253 1860 2780 4491 3454 3263 6189 5414 5314 8617 6546 8228 1958 6066 2038 4933
1483 7308 3154 6916 2790 4406 2380 3431 8440 2988 8851 3142 1503 6241 6266 1914 2922 8706 3543 3224 6208 5540 5350 2623 6518 8381 1875 6089 2018 4842
1409 7321 3121 6994 2757 4346 2519 3530 8466 2915 8944 3160 1473 6219 6202 1893 2807 8820 3520 3093 6317 5396 5279 2814 6572 8289 1982 6055 2078 4830
1526 7319 3134 7000 2633 4398 2409 3559 8530 2958 8867 3038 1518 6297 6240 1821 2938 8842 3621 3286 6157 5444 5269 2716 6415 8362 1869 6120 2151 4772
1356 7293 3208 6826 2602 4521 2547 3507 8410 2849 8927 2997 1606 6279 6300 1889 2881 8773 3465 3288 6163 5513 5336 2705 6455 8200 1962 6015 2154 4897
1492 7247 3310 6948 2726 4429 2466 3525 8448 2881 8838 3027 1507 6179 6310 1945 2936 8682 3586 3175 6165 5416 5277 2637 6507 8285 6422 6007 6989 4922
1339 7275 3166 6984 2687 4354 2504 3438 8391 2983 8960 2991 1579 6260 6241 2008 6950 8778 3490 3248 6231 5518 5297 2636 6570 8251 6428 6182 7112 4766
1382 7354 3281 6929 2654 4441 2577 3443 8365 2857 8793 2970 1560 6260 6225 1925 6965 8757 3438 3245 6287 5591 5385 2746 6513 8234 6451 6087 7062 4881
1519 7320 3218 6861 2755 4420 2407 3480 8413 2848 8961 4567 1524 6205 6380 2003 7072 8714 3564 3157 6193 5470 5354 2807 6552 8242 6413 6157 7103 4921
1453 7184 3205 6870 2694 4435 2511 3562 8385 2853 8804 4687 1580 6333 6246 1966 6975 8798 3570 3194 6130 5500 5306 2709 6591 8291 6419 6164 7052 4759
1526 7265 3260 6924 2754 4331 2393 3528 8439 3016 8871 4569 1619 6174 6275 1829 6976 8876 3589 3211 6157 5545 5317 2715 6444 8353 6585 6178 6984 4865
1495 7242 3263 6981 2630 4396 2441 3454 8490 3041 8993 4678 1557 6321 6301 1810 7061 8765 3639 3120 6223 5476 5417 2697 6522 8255 6515 6022 6979 4833
1449 7216 3288 6976 2692 4374 2409 3440 8396 2974 8789 4604 1485 6339 6316 1962 6903 8777 3601 3240 6308 5455 5231 2725 6453 8384 6471 6062 7077 4923
1430 7281 3126 6910 2689 4382 2557 3555 8388 3038 8806 4713 1542 6336 6288 1910 6985 8765 2791 3234 6137 5588 5339 2724 2592 8336 6459 6078 7095 4831
1486 3099 3309 6871 2726 5653 2394 6977 8437 2986 8788 4659 1662 7418 6364 1882 6985 8797 2807 3204 6290 5526 5242 2652 2626 8242 6549 6064 7118 4909
7838 2975 3314 6897 2590 5835 2554 6807 8463 2953 8856 4748 1651 7275 6368 1911 7050 8812 2746 3102 6320 5525 5220 2725 2459 8240 6414 3180 7164 4897
7954 3061 3235 7018 2714 5675 2377 6954 8525 2836 8980 4645 1541 7336 6223 1900 6933 8876 2758 3128 6147 5459 5402 2670 2545 8383 6473 3266 7078 4930
7895 3124 2990 7014 2634 5817 2448 6963 8440 2876 8110 4579 1513 7317 6281 1938 7014 8755 2721 3144 6157 5555 5300 2828 2554 8378 6469 3300 7106 4877
7867 3097 3025 7018 2620 5714 4082 6998 8446 2890 8079 4752 1495 7394 6362 1919 7016 8774 2805 3227 6167 5538 5382 2803 2546 8212 6603 3131 7021 4939
7810 3116 2862 6942 2596 5723 4010 6976 8507 2866 8141 4593 1557 7275 6366 1942 7078 8800 2764 3164 6321 5486 5395 2739 2546 8357 6507 3295 6989 4753
7816 3137 2914 6901 2670 5677 4140 6971 8415 2993 8095 4694 1471 7322 6253 1841 7089 8846 2719 3131 6316 5496 5319 2796 2602 8346 6501 3133 7132 3603
7987 2968 3015 6864 3730 5736 4106 6960 8402 2852 8096 4774 3683 7459 6314 7862 6956 8843 2818 3133 6294 5597 5346 2777 2593 8227 6462 3200 7162 3637
23 17 18 27 44823 0.9464825464828565
27 6 5 22 77069 1.0203295516745046
26 6 3 1 62316 1.0958269257413131
13 14 18 1 46137 0.9354859373637434
0 29 18 19 66690 1.0819978849637022
0 26 25 18 72116 1.0768516711271459
27 27 22 14 42550 1.0955394315412958
3 14 14 29 60138 1.0337109506688633
15 9 27 21 58198 0.9072270410867045
12 20 27 1 72577 1.0909342038799923
3 17 12 8 41733 1.003684795725678
12 15 11 26 23823 0.9087208399126264
27 18 8 5 60506 1.013516124099424
8 19 1 27 40983 0.9426843614223704
14 9 0 0 42379 0.9854274772238073
20 16 11 11 35413 1.0970513578158034
29 0 21 26 77034 1.050036584631819
3 11 17 2 53702 0.998305869242562
29 11 26 18 21939 1.0818846418617016
20 0 4 21 70796 1.0331201959713
14 9 26 6 40903 0.9198706237790694
20 24 17 14 40221 1.0363240198361483
4 22 14 18 43858 0.9546134243932994
14 8 2 21 60532 1.052337290226872
6 22 2 13 38029 1.0986538216281232
7 16 10 24 21655 0.9641238509415072
15 25 8 9 48680 1.0755460197438236
17 10 19 19 33008 1.029364514475819
3 4 28 14 72039 1.0782285571349837
20 22 18 2 64665 1.0778853006052773
19 5 9 25 65614 0.9369606398011288
25 1 17 23 60692 1.0913375803800875
12 2 26 16 56095 1.0764942789877503
14 26 10 17 31486 0.9285893058949731
8 23 8 7 38861 0.9671217475201997
22 25 8 24 45304 1.0164888862902668
12 1 8 28 58480 0.9167237222810308
23 27 3 25 65425 0.9679442946832097
23 25 20 14 36286 0.9898188077222336
6 1 27 3 51578 0.930141665571615
9 25 0 28 30319 1.0692852683915186
9 29 8 2 55847 1.0828222229583044
15 23 8 1 61079 0.9536595590703586
10 21 20 1 55039 1.0116077178756464
23 28 6 11 70307 1.029625152719646
29 4 4 15 66042 0.9139058640136889
21 29 23 0 68890 0.91692069148882
13 14 23 23 42056 1.0611774464988073
6 25 22 18 68042 1.0918609434813829
18 20 24 24 25513 0.9207372704653847
16 20 18 12 28800 0.9486355670172746
22 22 16 28 35376 0.981208869600772
25 29 14 2 82898 1.0120174995656468
12 12 10 20 16524 1.0959294955579768
17 7 17 25 58754 0.9925035033147108
7 3 26 13 56916 1.0599804763573584
10 21 25 7 49071 1.0166507132260416
26 11 19 28 58605 0.9950714862208893
12 13 2 19 37508 1.029073443275738
21 18 11 19 35390 1.0371484675480256
3 5 11 9 29565 1.0526056162792554
11 6 19 21 54305 1.0027221329865625
2 16 6 9 29071 1.0887470863197684
5 9 7 1 23236 0.991718003791074
17 28 1 7 90112 1.0372179777268342
8 13 15 28 54608 1.0319872018401837
7 5 9 21 45044 0.9179152162330186
22 10 9 27 65988 0.9882883260846977
14 16 26 1 58357 0.9270566045962321
24 1 18 18 44396 1.0036177554756252
24 2 20 27 60226 0.9807033441687079
14 13 0 29 67231 1.0938853838160485
1 25 15 14 56644 1.0847328209620184
13 10 10 19 24905 1.0572103185900388
14 8 25 22 60045 1.0057424475111272
1 3 19 3 55266 0.9182168820616259
27 17 10 22 55525 0.9576641581754664
17 2 2 8 52015 0.9302895420322856
21 25 14 29 51240 1.098074303824781
14 4 2 15 43893 1.02518018161161
6 11 20 1 50766 0.9819440019511678
24 12 27 20 28146 0.9476159640844072
16 27 9 7 60223 0.9524934996948
16 19 28 10 52119 1.0829148543584488
4 10 12 23 37505 0.9494148808688085
11 4 19 21 57902 0.988488455880051
21 4 7 1 43374 0.9108338442125984
21 15 13 20 36660 0.9099441691986624
28 23 5 10 71620 1.008581110966033
3 16 23 19 53311 1.037553842653867
8 28 17 2 69773 0.9471330060001264
0 8 23 0 68241 0.970677388315163
8 0 19 5 32558 0.9873739920679653
24 8 2 22 67486 0.9906777992249157
3 19 9 2 47714 1.061040342869029
28 8 1 0 72107 1.0160921427365894
10 22 25 28 54740 1.0633369664759071
6 20 21 24 60436 1.0241228321165632
29 5 2 5 80597 1.0310624200961769
29 11 25 20 31940 0.9660118116289281
28 8 11 13 45130 0.9357888833092121
11 18 2 13 29159 1.030239635187869
11 4 1 13 36799 1.059828458478626
24 9 10 29 55510 1.0300727987147793
20 24 9 29 48372 1.0860930559374866
9 5 29 21 67873 0.9592700624120619
17 4 5 15 46577 0.9032349564892793
10 3 1 17 45377 0.93450111719298
28 29 5 12 77540 0.9771654675698147
1 5 3 14 37787 1.0267416455404994
0 19 11 27 40635 1.0119275278463313
3 10 5 25 55040 1.0889902422119027
20 3 22 13 40480 1.0635296595752814
6 3 6 22 61998 1.0513952105300908
13 5 12 21 47434 0.9088288477375138
11 2 29 15 58179 0.9164529116078687
8 8 10 0 26308 0.905175363063606
14 11 9 3 32236 1.0298916193805887
1 24 11 1 75602 0.9080180880788146
13 20 27 2 73083 1.0903575361087052
22 21 7 5 73148 0.9066277875767644
8 10 0 4 35167 0.9341850148139026
29 6 2 16 68200 1.0584281920695804
21 27 27 10 52070 0.9797363050128499
3 10 1 22 48570 0.9595195565898346
29 7 1 14 63799 1.0685811795273508
19 29 25 7 60485 0.9724493142240531
14 14 1 26 51610 1.0287328932070494
9 3 29 3 62841 1.0502890544102412
16 3 7 15 44858 1.025682127381407
13 14 9 7 24810 1.0814854965378833
23 25 5 7 75323 1.0800035663347916
9 7 18 15 32119 0.9313909223556531
17 15 15 0 46743 1.0874240285665944
11 16 24 6 42187 1.0965414337359922
5 26 18 7 58973 0.9276918163306014
8 20 26 16 50125 1.0326656145098485
8 23 7 6 40942 0.9197140579002732
16 3 5 5 37715 0.9086656312537374
8 17 29 28 76085 1.041783300030548
13 23 6 5 47497 0.9805241846366395
3 25 21 19 65533 0.9287678769828163
22 3 2 9 70858 1.0161866652680493
8 25 28 20 77791 0.9424014706283235
16 18 4 16 35715 0.9811579304086236
4 28 27 25 74515 1.0483672515167684
16 7 11 23 48037 1.0001271532826272
18 22 13 10 43477 0.9592286192656913
26 24 0 7 82454 1.0399584021860273
16 23 26 23 27248 1.0613805070469349
7 14 27 0 69142 0.9582133944669899
25 12 1 13 44456 0.9489856775711637
17 24 5 29 45763 1.0280787674810588
13 25 23 19 48408 1.0794733193645236
29 24 22 3 61255 1.070108252479287
8 0 20 4 30771 0.9313311566494675
15 13 28 13 31500 1.0345051829527616
16 12 1 6 39841 0.909846239579556
24 6 27 22 43988 0.9734987881308342
5 18 25 14 56885 0.9313208152824
8 11 9 21 27685 0.9181622158940532
13 3 6 10 38917 0.9365721765030115
1 10 13 1 54859 0.933498867134986
29 17 24 27 31837 1.099304642099579
8 14 27 15 40604 1.0872006532748597
1 10 20 18 60998 1.079479892823588
9 25 14 17 42248 1.0726853904883336
11 19 23 7 52702 0.9254033350971099
15 28 8 24 38830 0.9167164876501052
27 26 24 3 58577 0.9579124029063655
11 27 0 3 77950 0.9186633418233913
16 8 22 0 34317 1.0567170925179616
10 8 22 0 32005 1.0403936940194551
20 24 28 10 49505 1.0094696506061962
16 26 10 0 66107 1.016164200321581
1 27 16 24 48906 0.9582827578886567
4 5 26 27 79729 0.9611781252916003
18 26 22 9 54707 0.9997110688114534
12 3 4 18 50529 0.9555479674436704
8 28 3 6 56206 1.0162644105864251
2 6 29 29 94826 0.9682807381875963
28 12 6 13 41508 1.0022249613888834
6 22 29 19 80728 0.9133999929557454
27 13 8 21 59678 0.9200523865411793
20 27 21 13 55628 1.0447027359368297
12 29 4 10 51637 0.9658269579441282
8 3 15 17 48579 1.0790310493912627
9 9 21 2 45744 1.0090806504842345
14 23 14 1 63227 0.9204120094022126
3 28 15 21 42684 1.0006917947551561
0 27 4 2 74623 0.9852573062054478
18 10 8 6 32545 0.9311438428655598
20 3 16 21 63680 0.9399266784512496
8 1 20 3 37364 0.9414976922123555
11 24 16 7 53348 0.9095461280184218
26 22 26 9 37537 1.0357479031948744
20 15 14 29 57372 1.0370293424498782
17 29 18 20 29491 1.0319924285933149
12 21 4 19 28890 0.9253811251671077
27 15 22 3 38452 1.0230173088178593
25 7 26 20 33895 0.9760807066477905
14 3 3 9 48426 1.0502828060056375
18 21 11 25 36982 0.9845722499805619
21 16 10 17 30031 1.0073935014732533
24 28 24 10 31455 0.9349424589500831
3 19 29 16 67512 0.9249407941745482
12 21 21 24 39521 1.0790350140153133
10 26 1 18 35897 0.9072481745109581
28 0 20 27 76184 1.0104710149403946
15 15 11 8 27523 0.9482918020625238
4 4 10 0 16769 0.9791397310463615
15 27 9 12 45772 0.9113374227785188
12 23 2 19 29958 0.996867848516027
23 29 7 7 75181 1.0694664807038197
5 28 13 9 50443 1.0099929092630155
4 7 25 2 58350 1.095547856826733
6 24 23 12 61385 1.0556889244939354
7 25 23 29 62791 0.9184264210960404
20 10 8 26 51425 0.9828802433375297
10 3 14 16 35941 0.9089029603192955
17 26 20 12 47569 1.053927370894796
11 6 25 11 37820 1.0288523227878699
7 0 27 29 91493 0.926909567089666
8 11 23 22 51983 0.9684272193893847
6 5 23 9 51305 1.0133714085879817
14 0 3 25 68595 1.0205635113060954
0 25 26 20 84814 1.0180582637690367
13 2 22 20 74452 0.9269360901364124
1 17 8 0 50879 0.9193636995165746
12 22 4 29 35275 1.0131020957855523
27 24 28 7 48231 1.0936638103792977
13 28 8 13 45093 1.0845620498280153
11 10 2 16 34130 1.0699628372228176
20 26 27 8 61583 0.9346245495486107
11 0 17 28 81639 1.0525303621297208
19 16 24 22 28517 0.9911183670801077
14 6 1 10 45065 0.9170521811711688
29 22 4 13 66060 0.934487650092957
11 9 3 20 40826 1.0894994315510649
27 20 23 2 48942 1.0623399414529628
14 9 4 1 38640 1.0812152690516827
19 18 1 11 50566 1.050613191207961
8 6 21 23 62795 0.9182176822213832
17 28 13 0 84487 0.942266370251053
18 4 20 25 67703 1.0826951543718448
14 8 29 12 47107 1.0502139682090175
27 1 9 24 75867 0.9463533067916845
21 8 14 26 77731 1.0386458156252596
24 1 28 18 40994 1.060579690435285
24 7 4 8 49151 0.9599969757843451
6 20 4 10 37321 1.0166577808835635
18 13 0 16 43904 1.019728096988406
13 13 20 26 61121 1.024548217692292
2 6 0 28 71707 1.0463652369528054
16 25 23 4 64398 0.9176693430199473
6 19 14 24 36695 0.9172040469203939
22 8 5 7 61021 1.0930478369556849
5 1 11 25 63798 1.0154661365176731
13 0 24 5 34816 0.9748964277165155
0 10 29 0 93742 1.054199237016004
5 3 4 20 53527 1.0894229718730553
0 14 11 12 24649 1.0874240225060685
23 17 2 21 67220 1.0693268701935352
3 7 1 25 62810 0.925262345015931
24 18 23 1 33224 1.0493122528026102
23 16 6 23 66943 0.997595836756419
29 24 24 11 35482 0.9398289666659896
28 15 0 5 75307 0.9870117376493768
8 24 10 1 46265 0.9363653683035835
15 28 29 28 63158 0.9163097734787249
2 3 28 22 98142 0.9270685398458332
16 6 24 26 54489 1.0690027112784057
16 17 1 16 39679 1.0957679075156288
12 7 25 23 59066 1.089083551792773
2 1 11 3 30338 0.9680242962376601
9 14 1 5 45777 0.9492119341581807
11 25 23 22 49325 0.9376198412806136
8 23 28 10 64070 0.92762037956284
7 1 24 3 48480 1.0394375970155112
16 15 28 29 57840 0.9898408412070134
7 18 19 14 39383 1.0845861682253202
9 9 20 11 27695 0.9564070762111567
17 8 1 24 78161 0.9818159723704014
18 29 22 21 30574 1.0055425370609037
9 22 16 2 57835 0.9974484166921717
26 11 12 18 44242 0.9739045438300904
20 9 2 1 59539 0.9146395565753486
11 5 2 7 30440 0.9595360230227757
23 23 23 0 52049 1.0478124767590251
0 14 21 0 60151 1.058941971504928
1 13 20 21 68582 1.0230844907480439
2 18 12 25 41102 0.9960294226395596
17 26 12 19 43707 1.0741588694289543
18 1 4 1 25125 1.0084823987447225
27 3 6 23 86841 1.0991012370988247
22 21 10 13 50075 1.0719818195288737
27 24 2 22 78996 0.9387970740632303
19 26 19 1 81280 0.915567610588584
23 11 13 27 64256 1.0204646159981456
16 26 10 14 41740 0.9302346739944218
17 8 29 1 48883 0.9926482078125187
15 3 4 18 58357 1.0809390024829042
26 24 19 6 48824 0.9637701916705407
12 0 27 26 88648 0.9067043840211242
5 20 11 7 39728 1.03820019625293
5 12 21 13 33007 0.9245735218430572
4 7 22 16 56710 0.9814394164301974
0 15 9 11 28506 0.9951910022106601
19 16 12 0 52882 1.053363024908976
21 11 16 27 61270 0.9273033026133471
16 20 14 0 60775 0.9167027942757773
15 5 17 25 69929 1.0998810222484794
27 10 5 9 57974 1.0377972865716751
21 23 28 6 51443 0.9693395047973223
11 27 25 3 71685 0.9982052046417771
18 5 22 17 50757 0.9916635978800145
18 22 17 11 33342 0.9769415426044756
11 24 15 0 54473 0.9790482077337157
20 1 0 20 78086 0.9621329253753294
0 29 10 6 62361 0.9389531918685119
0 5 11 29 73572 1.030557124741363
23 10 18 17 34292 1.0536357757473327
7 17 11 2 40194 1.0634803160547888
8 9 28 16 52495 1.0985623172932055
12 28 22 29 54471 1.0569255733097482
14 24 17 0 68263 1.0240968348905644
11 6 29 19 59709 0.9971997820259333
10 1 3 22 61371 0.9037723326263076
11 12 1 5 37779 1.0147837647728317
14 8 19 29 78993 0.9476719292294751
15 24 27 3 70406 0.9675871040966559
25 3 26 23 43381 1.0269753973698836
13 6 14 19 41894 0.9903579100752764
13 23 1 11 44883 1.0127791422247583
1 1 12 10 45529 1.0720515187404807
20 22 13 13 47876 0.9059916975828282
5 22 24 29 73656 1.0274677945549906
11 22 6 7 42972 0.9525498148230033
18 22 3 7 63364 1.091003664261439
24 6 21 20 37570 1.0913876056199106
22 7 18 23 57867 0.942733629613581
1 27 20 4 86888 0.9836223254667672
16 13 5 27 49336 0.9932254611680007
3 12 15 19 39009 1.028745955010721
16 18 26 17 33170 0.9899682970285745
25 8 5 16 52422 0.9393348203513358
9 3 9 25 51686 1.0369508522098125
11 28 20 0 64336 1.0365800230727915
25 7 29 26 50420 0.9336268626186858
29 19 11 13 52348 1.0842585608943633
14 29 0 19 56410 0.9025148625779863
10 8 29 0 68778 0.9241909708358441
8 17 18 14 29717 1.023689174115938
13 6 28 27 76606 0.9727403713440637
11 11 1 5 39416 1.0047241192783447
6 10 27 9 54977 0.9627996369646972
10 17 16 11 21193 1.0354518002742592
17 20 27 7 56293 1.0393618660767183
15 29 2 13 66122 1.034617006115217
14 7 1 8 48702 1.0769770554686953
2 24 12 18 41356 0.9487800552895691
23 1 29 14 37247 0.9215714935552346
20 13 19 25 47967 0.9763119591626562
15 6 13 19 43727 1.0176417315558974
23 16 9 18 39413 0.988562732800746
27 19 14 28 63682 1.054029962089958
17 13 27 14 29385 1.0416602041622536
14 26 25 7 71555 1.0516912953332622
4 26 15 17 46951 0.9826086467178579
10 12 0 27 47679 0.9528399979738735
28 18 10 24 57582 0.9392748481622484
16 29 6 21 62202 1.0072614645229954
9 14 0 26 45442 0.9542700707538614
7 16 22 8 56104 1.0131095666283312
11 13 28 6 51080 0.9743602593928462
18 2 1 1 35790 1.0559673852839486
19 8 3 8 55864 1.0921780852008658
20 4 8 0 30771 1.0691147684742306
11 21 4 28 29445 1.0792108374674054
20 27 1 1 102737 0.9896895170257338
18 12 29 12 19157 0.9376280363618035
12 25 28 18 62014 1.028071524111387
19 29 7 4 82740 1.0204337966666925
15 21 28 7 67148 1.0994022399390748
15 0 19 27 83822 0.9066140772405363
13 3 0 16 55648 1.0698627179102396
11 1 12 28 55728 1.0625940850693785
13 8 25 5 40049 1.0323841023508569
13 25 17 5 66721 0.9242315284996482
9 12 0 9 28630 1.03970918656873
5 26 20 21 52757 0.9759240286612482
14 20 21 9 56445 0.952225336572539
13 22 22 13 57320 1.0637416951903385
20 0 25 20 56931 1.0802358193745758
21 11 27 7 33808 0.9256198970460121
8 23 26 2 69242 1.0480801934742017
7 5 15 18 52313 1.0200133381972627
5 11 22 25 62908 0.9432149919209022
12 24 5 12 36336 1.0602534802520065
26 13 9 29 60059 1.0229394394408016
12 19 11 0 40847 0.9386811185476927
29 14 18 2 49700 1.0597865905492772
3 6 26 17 60887 0.9601672119858526
7 16 2 27 43396 1.0746678580521052
8 6 7 26 43777 0.9218477985046025
9 27 24 3 68741 1.086988084012587
22 22 2 1 86624 0.9413280512959821
10 22 18 11 31869 0.924830161558151
18 11 1 19 46430 0.9237750748246776
14 24 16 6 61834 0.9314537566303404
14 28 9 23 29517 1.0190612014252212
4 14 14 20 40641 1.0925513977510222
17 16 9 6 35553 1.017939567462336
19 17 5 12 42277 0.9530361980972717
29 0 14 1 56687 0.9983673622852299
13 19 22 10 56416 1.0237767453052786
5 28 0 6 69857 0.9353860328651943
19 20 2 21 58532 0.9500475062312151
18 1 25 26 69018 0.9913418548209001
13 14 25 7 37928 0.9949025058060653
11 6 20 26 73397 1.0984127512502329
27 28 2 16 82846 1.0058068345738918
28 0 6 23 96561 1.024083270138843
21 3 6 16 68305 0.9143857285977616
10 4 14 14 32510 1.0940768955868954
1 12 27 29 80193 0.9559552969253824
9 3 24 29 73411 0.9785745965824976
29 1 19 2 33096 1.0597409116436776
2 2 11 27 69214 1.0185295565526378
21 6 2 16 59074 1.0599138125906669
29 15 0 29 89805 1.0225415014663515
0 6 12 13 40810 0.9468460861639145
9 6 27 29 78416 0.9612468853209506
8 25 9 4 47448 1.0764147601757328
23 20 1 21 76880 0.9086897066939976
25 11 13 27 63507 1.0995021894024413
2 5 7 26 63052 1.0108809953075546
25 6 0 29 87513 1.080266890705153
20 5 13 2 31324 0.9097262512714214
24 23 13 22 34009 0.9182504945359602
4 5 12 2 28348 1.0138133930061901
29 16 9 22 61437 1.0067132664221585
22 25 25 9 35283 0.943820224641618
7 10 28 16 60593 1.0384323544222915
20 28 7 9 81387 0.9313283396503138
1 20 6 12 33913 1.04098121213012
24 13 5 18 51298 0.999836912229837
7 27 4 10 48132 0.9199240457560527
18 6 27 14 38858 1.067645725737336
8 0 23 11 50324 1.066493306775021
9 21 22 3 69858 0.9850710717930042
5 26 17 6 60289 1.0389478575181368
7 18 21 27 63532 0.9652218632674814
2 15 22 9 52750 0.9311828590297468
12 21 17 26 37382 1.0958839668925788
25 4 8 26 65738 1.00507065151144
4 16 5 1 40811 0.9088380811074751
11 12 6 29 43649 1.077479142660839
26 19 22 28 26441 1.0557569437796128
29 13 22 2 36112 1.0041349475488108
4 1 25 23 75631 1.0770033137673096
28 2 4 6 64779 1.0753313086601144
8 19 20 3 61955 1.0256691565257559
26 28 17 20 49805 1.0007004175658671
18 9 20 22 45810 1.09517296650118
2 25 15 14 50792 1.0840655492869111
0 8 5 20 52628 0.963083910219533
4 20 20 23 52844 0.917257250459728
2 10 26 14 47507 0.9229842244193426
24 17 0 13 54842 0.9332571514867352
8 11 12 21 33246 1.0212336610488244
4 6 11 17 39049 0.9728003960950655
3 18 24 8 59858 1.050788289640424
8 4 14 18 42924 0.9499053460948156
0 10 6 23 65510 0.9873725994201163
9 7 20 24 63651 0.9601283101350978
29 14 6 19 59130 1.0513857333021794
8 20 18 5 53654 1.0328251800531605
21 26 4 15 68438 0.9840829953802616
11 5 23 28 72785 1.0416402456202272
5 26 14 24 33634 0.9584133566073819
13 27 18 20 38734 0.9795464519475645
4 4 26 28 88606 0.9933143779846482
12 1 5 10 36732 0.9875026760765628
25 20 5 24 71032 0.9808128198680223
29 12 11 26 56801 1.0456101428633011
16 9 17 19 35889 0.96307249051827
28 21 1 26 84350 1.036361024837641
29 22 3 29 80569 1.094613936038795
24 26 13 11 45848 0.9031719349860418
8 14 27 10 48989 1.0816549171974688
11 14 19 29 62846 1.000575601531781
10 29 15 18 35721 0.9321211196510991
12 6 21 18 53168 0.9292050169528028
24 6 5 19 57120 1.091239649189057
0 1 26 2 63127 1.0873840053107202
11 26 26 13 52198 1.0514774084689973
24 2 27 14 31133 1.0277418432337182
29 6 1 24 95994 0.9056860536585214
24 8 9 7 40744 0.9984490062841216
26 11 18 19 32474 1.067621333930732
28 27 9 25 68651 0.9457276050115457
19 25 21 3 74158 0.9843653415005479
26 5 0 19 73426 0.9138682172050986
8 10 16 8 31203 1.017117576060297
27 7 12 4 45719 1.03467754856046
2 18 21 19 56182 0.9840222716898147
28 3 27 18 41732 1.003297337373213
27 21 2 18 77869 1.0595897273465391
23 23 14 16 44096 1.0241591892657578
12 10 29 4 56366 0.9139855450921007
26 28 24 17 30439 1.0658026983673279
22 7 3 14 63664 1.0913407460933193
2 14 16 2 54211 0.9084211615369185
17 27 8 2 77527 0.9948136763630203
27 27 15 17 56700 1.088162653119542
17 29 28 27 46821 1.0219706374204571
13 10 10 19 24905 1.0598412103851131
13 6 24 22 55035 0.904045237709512
21 16 2 0 64250 1.0463548083597345
24 20 19 10 34928 0.9780603250986083
26 18 11 2 57209 1.0100774667041528
2 22 1 3 63203 1.08624161311353
23 26 1 5 88964 1.072765991645927
25 20 6 13 55471 0.9431608518688114
15 22 9 7 46697 0.9870037778959946
7 23 1 1 72004 1.0853033503023977
3 3 22 18 73112 1.0622565434459295
21 10 6 13 46202 1.0814184240471874
25 7 11 19 49055 0.9810066799119778
14 4 29 16 59740 1.0974367621688776
3 9 25 19 57694 0.9659802995714195
23 28 19 15 39428 1.0504596109797426
13 3 17 10 40630 1.0694541526830394
7 1 8 19 51870 0.9012808741445241
27 18 1 24 85727 0.9490627694760825
9 29 21 24 50028 0.9150236635017077
2 29 26 25 78630 1.0498401882187132
27 3 4 6 62743 1.089008810464879
4 24 5 1 76372 1.0082428545507602
0 9 15 23 61841 1.0843761258912494
8 3 2 25 66765 1.051382402158866
6 5 27 29 87257 1.0296332366928485
9 18 5 0 41650 1.0477367906018522
6 19 16 25 41054 0.9081904571197567
21 13 22 0 46979 1.038420466641797
24 17 6 16 43404 1.059597073412938
2 20 16 19 40257 1.0910881165473436
13 27 4 12 47290 0.9218673318816609
28 23 23 13 35898 0.9613910060547155
24 12 26 22 28039 0.9316047382048509
19 2 22 15 42762 1.0951083454559105
28 1 15 27 86652 0.9732170321246918
9 9 29 22 62066 0.9897993088038914
21 11 0 13 49002 0.9300012276839271
8 1 14 16 50412 0.9886437140200863
17 2 6 12 45320 0.9723270248483407
5 6 22 28 76300 0.9027093732031443
0 6 28 29 102648 0.9743833724275683
27 7 17 18 49021 1.069966135929668
1 3 15 24 76349 0.9513346255436151
13 6 29 22 70071 1.0744117898942795
26 21 8 20 65537 0.9123029870600804
23 1 10 21 59915 0.9904663878481166
1 6 8 9 24336 0.9119351252690366
27 1 20 10 38194 1.0713409749113032
8 16 18 18 30817 1.003315994219833
29 1 25 7 23029 1.0504797071697762
17 9 19 25 54638 1.076475221443386
14 16 25 23 44254 0.9000625200173563
10 18 4 0 39659 0.9672157035694487
29 27 16 1 87326 1.084647536519034
28 21 19 14 47360 0.925749985010865
11 19 5 26 24679 0.9570344709596975
5 16 27 18 55361 0.9423811738493155
18 21 24 29 31510 1.07631353550048
14 0 25 2 31110 0.9173889386813496
20 25 1 26 62550 1.0534035267701198
15 24 2 0 67465 1.053743040119001
23 24 25 8 33507 0.9712677160430535
13 8 21 16 44237 1.091855444081138
5 8 19 2 45642 0.9035736377059381
0 4 4 18 47079 0.9749997864330278
1 3 16 25 83006 0.9261052922952752
3 23 17 7 77717 1.0510812020739742
6 4 23 22 67265 0.9932524844394465
0 2 19 3 52699 0.9144824749396028
20 5 28 22 61906 1.0627669312696169
11 29 14 18 37055 0.9065826165987136
27 5 1 1 65763 1.0700933210743875
14 24 15 3 68145 1.0772147098271745
4 24 22 19 70635 0.9593417486978189
2 2 8 8 33298 1.0192731298424782
4 25 28 15 68693 0.966072185513552
27 29 5 15 75462 0.9742765354617922
10 9 2 16 27807 1.0535058332479683
7 3 22 24 77683 1.0552212652890345
17 15 21 22 36742 0.9955973329051337
16 17 27 3 51133 1.0528595951086663
20 9 29 24 50930 1.0203302177389821
13 27 19 20 44957 0.9034493585625157
25 19 5 12 44977 0.996371021287649
19 18 16 26 33177 0.9706861177814544
28 9 2 27 78939 1.0572011992051424
29 19 5 24 82435 1.0644863387915557
27 18 20 1 53380 1.0368454468746269
24 15 7 0 52426 1.0926303119014247
29 4 9 25 79607 1.0255026143452206
18 13 0 12 30904 1.0692474388192057
5 0 24 2 40924 1.0448886224054188
29 3 22 16 47277 0.9228775199889049
18 12 29 4 37292 0.9238943044196013
5 0 11 27 59149 1.0178513362176917
10 23 15 28 29106 0.9159514530165993
6 5 29 10 57328 1.07504325502763
23 24 14 12 39145 0.9749329843615984
28 6 19 16 45716 0.9394641987301267
29 28 4 12 74077 0.975118116923952
26 9 22 28 41649 0.9561472796806051
12 26 29 3 79233 0.9238109905130931
17 21 9 8 56634 0.967941817082683
20 12 15 23 40963 1.020481296709705
20 18 19 4 47571 0.9858712313393523
27 23 14 4 68378 1.0226001132595373
14 24 16 11 49859 1.0257985092426087
10 0 11 25 50948 1.0206198658933687
1 24 14 4 74576 0.979984468963277
0 1 8 14 55907 0.9086821577655759
21 25 29 22 30714 0.9481150152613724
4 5 2 29 67663 0.9908351907405728
22 19 3 8 65905 0.9617990377328465
25 27 13 18 55126 0.9025189346984525
28 0 12 15 61688 0.9741875035971322
11 23 8 1 50355 0.9332300164603381
21 6 18 24 55851 0.9020635588914654
25 14 0 0 66574 1.0089466247595638
16 9 28 29 70978 1.0561569580399768
0 25 7 15 48319 0.9546130529286498
0 20 29 20 82961 0.9035582193274859
14 1 7 8 38887 1.0382555673525065
2 9 9 27 52407 0.9650620358665978
2 0 22 5 52960 1.083750200513816
24 17 16 23 32118 1.0474694479394697
7 19 26 9 52703 0.9813536274771579
6 13 23 2 56268 0.965930075219348
24 7 9 24 57250 0.9564308342519307
14 26 12 12 43087 0.9275780185389596
21 26 5 6 79677 0.9647474650238531
15 21 12 4 55231 1.0331726614878054
29 28 0 29 95214 0.9908714211593074
12 13 28 3 51095 1.038904774259729
0 15 11 0 46602 1.0094334445285467
28 7 6 3 66133 1.0767374099647498
24 11 15 5 35426 0.9754042711397478
29 28 29 10 40889 0.9471888538897134
4 1 20 27 94881 1.0671466708527046
18 14 2 17 39097 1.016444482141827
20 9 0 0 56543 0.9762643096521078
11 19 23 3 59724 0.9175814097549244
11 3 6 20 51130 0.9217985052077057
26 20 16 6 54537 0.978458067820739
23 22 4 7 65253 1.0791737753787993
1 6 10 5 24258 1.0130330325798578
4 10 29 15 52271 0.9341748992527262
0 10 2 19 38100 0.9909986832792732
15 22 27 0 76147 1.0149000135315267
6 10 6 29 62813 0.9839266840552033
27 8 1 22 88066 0.9319732081337775
9 9 16 16 27926 1.0799524086552192
16 22 5 17 48753 1.0347852936279986
22 21 28 1 57156 1.0152769072853896
0 21 10 3 58037 1.06231934828965
7 7 27 20 68781 0.9200522046115791
2 8 14 9 40915 1.0287004152917776
2 0 25 25 83531 0.9643331602653952
3 2 23 25 86184 1.0446454721308824
9 24 3 9 47020 0.9936448559224366
22 4 12 9 41664 0.9947266575700321
13 25 9 7 46530 1.0878330178917257
21 26 19 4 62973 1.07257175089663
0 12 7 3 35946 1.0636995732655903
7 25 29 16 73802 1.008876369288399
24 3 12 1 37738 0.914655314027552
25 8 3 28 73092 1.0476953938541635
9 26 23 19 54953 1.091299424638072
3 21 24 21 70298 1.0865372109339035
19 19 5 20 45234 0.9763421622403103
17 9 16 26 56766 1.023499845800958
23 25 4 28 63159 1.0630020609586948
29 11 13 11 33490 1.071913122580624
5 29 26 25 72934 0.9192584725324219
22 15 4 17 41052 0.9962076702650291
14 10 3 11 34890 1.0029931219889756
23 1 5 20 72923 0.9324950082722772
19 8 28 21 62442 0.9939601051539773
17 0 8 19 49131 1.026850643861258
21 15 6 13 39647 1.0493442589417707
5 13 22 14 48614 1.0180681382754821
13 7 4 20 49597 1.0652353348126362
17 18 10 4 43829 0.9250072262160066
13 22 19 26 32583 0.9779902270878367
19 29 13 23 34966 0.9326602527179917
29 26 13 6 75954 0.9385730057953918
19 27 29 16 56847 0.9834768869523961
0 23 16 12 62718 0.9624436858967154
17 16 10 13 21674 0.9660365515568929
14 25 12 1 70875 1.066482532577804
19 16 5 12 36768 1.0271163208751362
17 29 4 25 54182 1.0442304164048652
18 10 5 26 50952 1.0846766391978393
9 16 24 5 43781 1.0110805023345675
3 14 4 24 44227 1.007639214192995
17 27 2 11 70222 0.9596247372902105
10 26 8 17 24639 1.0009628857771051
2 2 27 1 60213 0.9359313192890314
3 21 19 1 78812 1.0540022308531591
23 27 25 14 31692 0.9977121408880356
11 27 16 9 50927 1.0196232106013643
18 11 26 24 38114 0.947611024909016
28 29 20 11 58602 1.0892818186258126
23 4 19 27 65475 0.9897806117456694
6 3 8 20 46269 0.948353365519585
12 1 15 17 51265 0.9655397242728535
21 15 28 6 35131 1.0530055511732073
17 8 10 24 47297 1.0110412584387845
14 18 20 1 64266 1.0711090668206238
22 5 10 25 67056 0.9342348919677351
21 29 22 16 45439 1.0397088713468539
23 26 9 15 54308 0.9311062313593896
26 8 5 24 73788 0.9090752703205617
19 5 4 0 38211 1.0824588831357984
21 2 15 8 36716 0.9810514430988209
11 2 12 29 57545 1.0367891248820047
6 16 27 12 44720 0.9077753276954674
13 23 25 18 41367 1.019826734590467
18 26 9 1 73785 1.0836623869488502
10 12 21 23 48115 0.9748659771428672
12 6 13 20 40438 1.0371297880638533
14 6 23 20 55163 0.9202634788499323
22 20 8 19 50179 0.994677858803761
19 22 7 21 49221 1.074854623205685
2 17 5 10 27505 1.0548256736247736
7 16 21 24 55357 0.9052873954327765
0 8 24 0 76195 0.9793730881893742
27 14 22 6 29057 0.9097915689701241
19 26 9 17 55002 1.0793595782847765
18 22 21 7 50877 1.030373732121225
26 9 29 21 33603 0.9468514264024891
12 27 6 21 38713 1.0770952999782615
26 20 18 12 33785 0.9866683558864844
13 5 3 23 69784 0.9424456725151786
12 5 27 7 46772 1.029866972201348
20 15 1 22 60659 1.0139299407111797
15 21 4 16 45452 0.9211751573100776
10 22 20 24 35277 1.0277988743735964
0 19 21 11 57609 1.0484069251026569
29 7 24 2 24531 0.924915682721317
17 21 28 0 71772 0.9459802504325415
3 16 24 27 64171 0.9944112500023541
22 25 14 29 45211 1.065412860799191
22 7 17 16 45415 1.0035869390401797
9 17 18 29 56755 0.9677241942277657
26 28 7 16 70892 0.9292654417741006
8 21 25 1 70571 1.098792426613382
10 11 20 4 38300 1.0076733909174822
2 12 20 2 57085 0.9491651458676851
23 21 24 3 36835 1.0973815791092254
12 23 27 26 55560 0.9642532060364793
6 17 24 3 62816 1.0857419791308651
16 25 20 1 80091 1.0761155751081795
23 9 17 1 42954 0.9141226038882514
14 27 2 11 59589 1.0145064672511666
23 25 28 2 57877 1.0141385670222096
8 8 29 21 69180 0.9440284817401207
29 0 7 19 84711 1.099402267347755
7 6 21 8 48124 1.0990835055693993
25 15 4 28 62658 0.9681266990305823
13 18 21 3 68186 0.9864699840966284
16 19 7 7 49244 0.9111140651588485
11 23 28 23 46314 0.9867136468075743
0 2 22 24 92381 0.9425156856595973
13 9 1 14 34283 1.0727911510536885
19 26 0 9 84839 0.9060805158055883
4 21 15 12 42976 1.0537816583955413
16 26 0 5 85672 1.0999393215078725
7 11 9 1 33243 1.0358526188375632
1 28 28 7 88536 0.9821201231205028
29 11 5 1 67775 0.964226577654119
2 9 18 20 55291 0.9462146702442904
4 12 14 7 31607 0.9592089177663773
2 17 3 5 36697 0.9840850372026548
22 12 29 8 21952 0.9181000161299554
8 6 12 24 43195 1.0819700088489963
0 16 5 2 45155 1.034584496382836
11 4 5 12 23608 1.0391682666909547
18 13 10 3 30116 1.0481841200443744
17 21 2 1 80715 0.9448448152816317
13 13 22 18 37275 0.9954852057583026
15 3 2 19 60629 0.9582548233475622
20 24 15 7 64502 0.9387428783172526
16 12 6 19 32234 1.0569302061170078
25 0 17 29 81396 0.9250225213179996
3 20 13 11 41921 1.029449440020664
20 20 15 9 48432 0.9098319727306359
1 4 20 3 52821 1.0073089578353187
13 4 5 27 57743 1.051132926407579
29 8 18 19 46070 0.9613654086598071
0 24 2 10 53867 1.0692381201381256
25 6 3 0 53394 0.9384316680214796
19 1 5 9 42648 0.9645427983607873
0 16 18 5 60054 1.0200561314678007
14 29 21 10 79516 1.0144187854526032
17 3 24 27 65674 0.9121182120300565
25 5 25 18 28008 0.9382832930851621
19 7 13 19 50783 1.0054640386548912
0 1 28 0 70223 0.9131888904209354
3 27 7 15 41051 1.010583953562509
27 8 29 28 56261 0.9004838635035665
26 5 4 10 54269 1.0291454722053628
27 20 2 22 83188 1.098501290558244
17 17 28 14 37254 1.0824864434893735
18 29 29 18 55380 0.9702276199341624
2 29 20 21 65766 1.0487826311763209
27 24 18 27 36085 0.9476349073405054
28 18 15 26 53733 0.9052664454209183
5 29 16 18 51503 0.9856686261668759
7 0 13 23 51733 1.0123100540300702
7 7 12 19 36972 1.0018783823556237
19 13 28 10 32903 0.9554738566776136
13 24 24 22 35742 1.0163088700576814
15 4 14 16 47527 0.9246794471380252
17 18 26 29 51127 1.0963247907097482
4 9 21 22 69504 0.9511746887482292
4 24 7 14 52021 0.9504649172524455
5 5 20 2 40725 0.9350799506805325
16 28 6 12 58246 1.0359735631948759
4 7 18 6 37138 1.000906721904072
4 23 13 26 35209 0.9118245228799514
8 29 15 2 67598 0.9224580911889163
26 0 22 12 31122 1.0163182495853458
15 4 7 16 41729 1.0388579906334856
17 10 0 11 41750 0.9197208540645199
9 3 28 17 70699 0.9991777439360553
1 15 16 15 28872 1.010363299705693
3 18 21 4 72929 1.0926301884912109
0 26 14 12 48764 1.0908575553351914
29 27 28 17 30328 1.0005363532173461
28 21 6 25 81940 0.9165717718085836
17 25 22 18 38586 0.9770608555856873
14 24 28 19 53705 0.9915624507475267
23 0 12 4 38425 0.9416669568146363
23 18 27 2 38606 0.9291123158860051
15 21 12 12 39966 0.9401191827961419
8 27 18 11 46702 0.9538878606368824
14 22 18 11 48676 1.0124819499958058
18 22 24 26 23482 1.0577178428037988
28 19 25 6 35583 1.0455421910830986
9 20 1 3 61221 1.085151285128911
27 17 5 27 75474 1.0548541388571482
8 25 7 6 48744 1.0105027524916617
28 3 16 16 51374 1.0173808196403433
12 4 2 13 33866 1.02571311776041
4 8 3 22 47459 1.0142348948330262
3 8 13 23 52019 0.9649841940102075
27 15 10 8 39349 0.988200642706878
16 10 6 10 36982 0.990868278191742
12 26 24 11 50806 1.0916607044178126
6 29 14 10 62401 0.9741737446651544
20 7 17 16 34883 0.9923924365608229
16 26 28 22 50196 1.049766389490165
3 16 28 0 76707 0.9818334064179176
25 8 12 14 38442 0.9875058630004121
3 2 5 24 66984 1.0842361302518269
0 4 25 24 83914 0.9411121017252844
23 12 23 25 30892 0.9222259217785455
15 4 0 26 69010 0.9374517904884313
28 17 18 28 56745 0.9263103381111153
21 4 6 15 54820 0.9792447491039271
6 12 16 25 47740 1.001250636310383
27 29 10 26 67368 1.0577722266866916
15 12 26 25 46794 0.9058233070725666
21 11 22 23 37316 0.9692339738038319
27 27 8 13 64930 1.0024942535184178
29 0 12 1 56995 0.9694569547351827
15 24 29 1 80166 1.0154912816067092
28 5 7 23 81662 1.0693558121420945
7 9 16 4 33240 1.096464683832748
20 16 9 18 34199 0.9974136623961788
8 1 13 23 55697 1.0426320435463077
19 14 28 21 47360 0.9642820756128139
2 29 24 6 78581 0.927448455555248
23 16 6 27 64095 1.0418482539634764
24 7 5 15 45440 0.9075917263186434
28 7 9 3 64259 1.0818490313473434
8 8 19 15 39362 1.0670321714051623
3 28 26 24 66958 0.9677827229152627
29 13 17 4 44831 0.939538757269151
2 16 19 4 59719 0.9143105017664896
20 6 24 15 25554 0.9473913047021395
5 14 16 15 27005 1.0167406765091105
15 20 4 8 50809 1.0991953709173958
6 22 20 22 53995 1.0976237080403823
10 10 22 14 38157 1.0057306828131003
27 6 17 3 37204 1.0909363674830632
19 1 1 29 91584 0.9838349813351241
8 10 1 16 31492 1.019388965004925
18 18 5 19 41586 0.9825090442696975
4 22 3 1 66621 1.0200437287738213
17 9 8 0 39347 1.08331411269997
22 7 0 25 91002 1.0865457430332393
20 18 17 5 46559 0.9581746695814999
10 5 5 11 25063 1.0852676203139306
10 26 18 0 55928 1.0195208601092611
15 13 13 27 50047 1.0060578639465676
12 13 0 28 55335 1.0971540093712884
16 17 25 4 44002 1.0738379172037402
27 24 6 5 71597 1.0834770179799456
23 12 16 22 43646 0.9008735745581506
22 15 2 13 43465 0.9633672897916912
10 25 24 16 45013 1.092052932760898
4 0 20 12 45133 0.995861773115797
4 4 21 11 52327 0.9577722024392786
10 29 8 15 26951 0.9431417932129509
25 10 11 26 52915 0.9267804801906867
13 20 20 14 39200 0.9871496290839757
4 15 2 24 30162 0.9842944369918496
13 22 25 15 49905 1.0443868967747267
8 6 2 14 32496 1.0208665066561151
3 25 27 16 76616 1.0587526672233614
27 3 3 26 82506 1.0026616366048082
8 15 27 4 52660 1.089174366087811
3 17 12 24 43295 0.9894352172104206
21 24 5 12 58261 0.9492815868255895
10 15 18 24 37634 0.9008177939352298
24 2 7 28 72221 0.9304090847667434
22 7 22 20 48907 1.0351688580981793
3 24 19 8 77100 1.0886131598125854
10 19 7 26 17403 0.9604707625946569
29 11 26 20 30702 0.9863388675674639
5 2 22 21 77089 0.9539341417473085
15 21 6 22 40361 1.0272502248027824
8 12 11 28 31722 1.0614426252049176
23 26 11 3 73621 1.047221567126818
14 5 23 17 59080 0.9190659716416882
0 12 0 29 59413 0.9746327947610427
22 17 2 8 68586 1.0547355575145552
17 22 27 14 48040 0.9275714947103689
21 16 3 27 61976 0.9486342865876225
23 29 4 12 65890 1.0063780136490994
18 28 24 19 36867 1.0929434208932844
23 21 0 11 64504 1.0820610190843962
13 22 16 10 46859 1.0866012792568023
22 8 7 15 51536 0.9792483349578079
7 18 20 17 47604 1.0800282171289275
24 0 19 19 50338 1.0950712442836474
15 9 28 1 51553 0.9955671765475809
1 22 17 23 59330 0.9250585356486911
22 20 17 9 46890 0.9693087122130929
26 18 17 4 48413 0.9138945730115327
15 13 12 23 35889 1.0528799068470411
25 3 16 8 34923 0.9044223129348398
0 12 29 28 80322 0.9006229816689193
1 6 22 11 57496 1.0321000731712946
6 22 28 25 76791 0.9468465881895562
2 0 29 12 64270 0.9707671025386911
20 2 25 21 51681 1.0943902462057138
28 7 9 16 52872 1.0844796006974078
5 21 27 27 80373 0.9601651305851039
28 12 3 5 57603 0.9406681734019521
27 26 28 8 57555 1.0051913132157104
21 26 24 16 28653 0.9055974888519994
16 2 17 23 65852 1.0336527053103306
18 7 24 21 38412 1.033993479735113
1 18 10 9 37216 0.9970227707640144
17 20 1 29 65448 0.9171523252785998
22 24 4 16 60982 0.9330225101061682
1 17 25 4 69106 0.9241533528477818
5 15 12 27 36618 1.033970503902919
11 18 14 26 33523 0.9157168422015822
20 17 18 5 43690 1.008223048140447
3 10 22 13 46569 1.0079798065464562
4 25 16 25 44236 1.083993668610831
25 17 26 28 37089 1.053036061192255
16 19 3 13 46642 0.9112353344512242
26 18 6 17 57279 0.9702053321707225
28 26 7 5 91321 0.9251524930432445
21 10 29 2 42953 0.9202804218202428
28 1 0 9 82625 1.0680619551803419
27 26 10 16 66151 1.0721995386236165
20 29 14 25 45230 0.9304034591355305
9 20 18 14 32687 1.022616905668483
16 13 25 2 36602 1.0137426029799281
29 28 3 1 100885 1.0203691806345352
29 14 10 16 42954 1.0667855729970646
18 0 1 10 56087 0.9352124520836546
8 27 7 3 61381 1.0197117050384423
15 14 15 25 43467 1.0765966051729092
13 4 3 0 25891 0.9670859373027015
27 26 11 13 69542 1.092648228735184
11 27 11 11 35799 1.0733170406181372
