4866 6387 6924 7077 6393 7228 7521 6816 7266 7519 6858 7029 6431 7516 7637 7456 6656 6665 7678 6926 6867 7591 7173 7009 7270 6479 7760 6969 6572
5419 4662 5433 4422 5480 4977 4408 5095 4521 4493 4398 5370 4455 5197 4530 4778 4450 4568 5067 5292 4752 5372 5047 5329 4507 4367 7425 6797 7793
7721 6837 6934 3395 3177 3279 3459 3795 2952 3090 3123 3240 3529 3426 3875 3505 3502 3013 2888 2583 3533 2720 3418 3952 3254 3964 3816 2791 3312
1675 2382 1891 1677 1635 6659 7382 7169 7240 6697 6709 7080 7508 7229 7723 7669 7620 7180 7075 7373 7009 7872 7920 7094 7329 7377 6895 7715 7162
7546 6909 6421 6911 7157 7329 7625 7598 6535 6721 6925 6697 7375 4594 4424 3745 4118 4250 4177 3946 4419 4479 4309 4621 4862 4682 4432 4750 4047
4122 4538 5086 5173 4663 4620 4339 4418 5228 4669 5174 4605 4828 4552 4547 4199 5194 5250 5020 5310 4778 4599 7524 7419 7379 7780 6776 7504 7770
4217 3782 4231 4230 2808 3984 4173 4163 3752 4042 3485 3592 3606 3738 3035 3963 3812 3512 3534 3639 4070 3388 4014 2893 2557 2145 2610 2445 1731
6924 7391 7926 7680 7519 7639 7603 6751 6888 6757 6569 6963 6719 7783 6887 7914 7439 6905 7066 7636 7243 7537 7348 6686 7826 7745 6625 7135 2643
3704 3339 4012 3500 3363 3298 3976 3969 3372 3001 4146 3480 3911 6129 5398 5759 6240 6065 5496 6073 5930 5976 5607 6461 6209 5120 6305 5564 5903
8222 7821 8466 8085 7899 8402 8044 8032 8715 8695 7380 7947 8574 7319 4832 5297 5547 4696 5356 5615 4684 5593 4393 4305 4924 4528 5280 4695 5207
6137 6356 5825 5566 5819 5926 5460 5784 5851 5827 6470 5988 6443 6441 3617 3145 4263 3786 3260 3202 3289 4139 3406 3464 3390 3112 4172 3562 3649
4517 5491 4215 4474 4387 4791 4726 4742 5032 4665 4830 4222 4220 4986 3980 3997 3464 4225 4006 3156 3308 4296 3580 3637 3681 3031 3893 3602 3784
1891 1811 1818 2522 2664 2302 2463 1938 2119 2314 2188 2367 3121 2597 2327 7744 7645 8469 8099 7879 7618 8131 7924 8410 7740 8555 7338 8440 8256
2793 2948 2687 2787 2747 2556 3754 6610 6382 6400 7506 6643 7558 7008 7297 7209 7480 6711 6944 7443 7373 6321 6393 7495 6386 7431 7079 6634 6704
8312 8142 7620 7404 7558 8090 7344 7363 7184 8401 7395 7519 7795 8494 7847 8479 7928 8323 8249 7855 8092 7173 8316 8075 8465 7209 5802 5925 5367
5978 5864 5806 5496 5996 6120 5124 5496 5288 4866 5094 4841 5658 5653 6137 4979 5912 5355 5055 5628 5766 4773 4975 4756 5420 3882 3879 4289 3664
2857 5879 6161 6875 5959 5789 6977 6159 6901 6181 6599 6653 6010 6849 5874 6333 6975 5926 6437 5863 6100 5605 5898 6454 6506 6727 6551 6175 5851
5033 4471 4561 4837 2160 3181 2499 2297 2501 3479 2949 2110 2793 2786 2634 2682 2777 3345 2607 2144 2788 3341 2057 2541 2886 2603 2194 2513 2315
3528 4174 4522 4295 3579 4460 3635 4147 3702 3450 3497 3707 4010 3367 4572 3848 3985 4110 3381 3206 4554 4410 4156 3144 3228 3214 4390 3916 4435
7328 8293 7352 7418 8448 8316 7994 8398 7347 7123 7603 7101 8195 7380 8455 7481 8021 8427 7355 7275 8156 2689 2019 2447 1453 2403 2640 2792 2617
4991 5046 4169 4537 4505 4099 3870 4665 4857 3815 4887 3832 4628 3804 5003 4460 4666 4872 4879 3838 3986 3656 3553 3569 2489 3509 3377 2488 3244
6141 5738 4987 5656 5187 5746 5500 5283 5272 5384 5479 5302 4829 6174 6181 5657 5898 5277 6004 5391 5475 5532 6037 6856 5891 6769 5796 5855 5788
2236 2675 3584 2833 2273 3047 2265 3629 3511 3000 3296 3638 3238 4210 3823 4362 4336 4611 3814 4463 4367 4365 4198 4551 3982 3383 3906 4086 3506
8156 7997 8016 8816 7682 8590 8881 8763 8340 8632 8459 8374 7485 8498 7629 8171 8693 8891 8261 8051 8365 6412 6812 7705 6842 7384 6418 7542 7059
5405 5567 6046 4998 6196 5481 6004 7446 7831 6656 6744 7536 7562 6472 7163 7563 6695 7713 7757 7165 7718 7179 6680 6572 7085 6911 6926 6970 7261
3976 4120 2967 5852 5822 5472 5919 5131 5461 4780 5482 4632 5526 5996 4621 4753 5455 5564 4777 5408 4763 4906 5128 5226 5973 4693 4680 5746 5546
7448 7159 7724 7200 7717 6936 6625 6931 6941 7695 7176 6663 6866 7121 7679 6778 7467 7213 7018 6519 6773 7673 7294 7468 6699 6457 6782 6571 7142
3124 3661 2887 3382 3922 3249 3171 3226 2795 3158 3281 3460 2715 3032 3016 3382 3410 3133 3429 3988 2981 3515 2699 3100 3565 4062 3726 3387 3449
7519 8330 7151 7637 7653 8316 8078 7968 7123 7435 8059 7138 8280 7629 7282 8089 7671 8243 8537 8251 8510 8114 7801 7388 6203 5376 6702 6057 5395
2173 1657 1958 2516 1757 2716 2115 2106 1975 2479 2582 2170 2272 1872 2003 1741 1614 2011 2638 2011 1462 2554 5683 5919 5445 5515 5637 5827 6150
5152 4902 7595 5329 6676 4038 5214 5817 3057 7999 3708 2184 4119 2853 4140 2303 5590 6357 4544 5696 5988 7747 4509 5645 3492 4472 5801 7822 5946 7401
4143 4699 6713 5054 6745 3234 5635 5608 2965 8682 7454 2440 4241 2478 6970 1982 4353 6646 4800 5259 5694 6969 4070 6886 4526 4492 5127 7192 6231 1927
4942 4405 7546 5158 7000 3697 5583 4900 2892 8496 8723 1954 4737 1976 7603 3337 5055 5332 3822 5513 5866 7389 4499 5859 3585 3970 5182 7362 5156 2848
4702 5430 7922 4999 6660 3423 6175 5768 3206 8053 7467 2188 4885 3249 6944 2045 4526 6383 4806 5621 5915 7268 3299 5955 8049 4413 4925 7336 6351 2908
4189 5112 6640 5572 6196 3874 6301 5030 2917 8412 8805 2260 4326 2365 6743 3329 4850 6492 4115 5144 5074 7534 4327 5808 7736 5000 8151 6893 5437 2615
5063 4523 7072 5430 6815 3612 6393 5878 3525 7863 8796 2688 5048 2501 7062 2761 4892 5648 4296 5547 5812 8180 4270 5905 8551 4746 7541 7143 5296 1741
4356 5297 6735 4828 6916 4308 5806 4513 2757 8204 8606 1834 4972 2276 7894 2660 5256 5368 3653 4889 5468 8056 3911 6279 8533 4287 8578 7738 5421 1970
4715 5224 7669 5516 5789 3931 6160 4854 2877 7448 8457 2384 3807 3317 8065 2300 5155 5555 4481 4762 5967 8094 4474 6401 7444 4601 7932 7973 5140 1552
4628 4804 7524 4432 5952 3321 5434 5836 3854 6002 8871 1671 3826 2968 7539 2991 4838 6574 4572 5150 4982 7749 7230 6173 7957 5074 8656 8193 6443 2763
5121 4696 6948 4519 5990 2964 5574 5552 4137 5172 8450 2751 4406 1909 8023 2329 4384 5302 4107 5437 5331 8007 7637 6704 7495 4527 8545 8296 5186 1568
4650 5430 6004 5248 6445 3397 5071 5579 3419 6010 7557 3036 4904 2774 8093 2704 4339 6403 4275 4559 5248 5166 7192 6090 7911 3814 7641 7680 5120 2123
5007 4291 6680 5463 6632 4303 5698 5407 4051 5300 8215 1843 3673 3668 8068 2486 5471 5785 4728 5746 4680 5354 8329 6083 7605 5095 8393 6884 5204 1809
4800 5438 6484 4861 6586 3611 5192 5436 3868 6137 7533 2710 4054 3005 7515 3163 5101 6380 3516 5492 5739 6064 8245 5988 7697 5093 8412 6894 5415 2348
4448 4838 6330 4896 5716 3073 5341 5582 4786 5588 7887 1777 4822 2350 7535 2753 4826 6066 3439 5380 5720 4954 7565 5988 8146 4329 8008 6900 5036 1779
4738 5525 6321 5666 6838 3577 5756 4769 3867 5528 8787 2297 4080 2633 7767 2982 4404 6387 4605 4638 5758 5954 8099 5843 8614 4207 7523 7285 5336 2109
4204 5071 6114 5658 6507 6314 5803 5120 4660 6066 8571 1955 3745 3574 7157 2686 4305 6042 4338 5003 5497 5310 8109 6341 8082 4720 8519 6747 5755 2368
4851 4693 6763 4617 6173 5990 3481 5070 4694 5668 8420 1811 3944 2933 7238 3308 4778 6282 3539 4940 5178 6066 7947 6057 7851 3773 7695 6808 5900 2799
4201 4970 6503 4765 6188 5508 3959 4605 3638 4891 8270 1974 3984 2592 7486 2514 5249 5950 3504 5962 5264 6010 7713 7057 8431 4914 8774 7519 6097 1691
4759 5013 5954 4642 6029 5814 3932 5589 3930 5695 7719 2729 4578 3157 6913 2449 5440 5643 3898 4585 5174 6310 7599 6258 8104 3934 7685 7491 5315 1892
4554 4505 6280 4665 6413 5463 4419 4713 4077 6106 7493 2711 4268 2407 7507 2479 5308 5867 3522 4621 6884 6225 7690 6507 8119 4654 8661 6759 5222 1549
4797 5175 6356 5374 6928 5802 4226 5632 4063 5985 8124 2837 4169 2452 7729 3220 5007 6459 3609 5281 6282 6200 7649 6321 7346 4392 8676 6905 4340 2399
5120 4865 6762 4897 6525 6244 4654 5650 4507 5296 8106 2141 4938 3089 8080 3198 5315 6112 4544 4748 6526 5374 7228 6477 7821 3104 8735 7476 5225 2492
4830 4433 7052 4407 6317 5686 4214 5174 3620 5431 8303 2702 4088 3564 7372 5412 4930 6655 3720 5156 5922 5641 8557 5962 7851 2896 8498 7025 4009 2662
4947 5389 6556 5177 6339 5616 3716 5712 3585 4801 8681 1618 5002 3551 7257 5899 3416 6015 4294 5080 6194 5798 8156 6234 7821 2576 7832 7105 4935 1700
4384 4319 6939 4826 8560 5399 4464 4445 3742 6199 7500 2900 4818 2925 7888 6727 3729 6432 4156 5862 6291 5336 8500 5921 7735 3145 8600 7202 5157 1973
4434 4554 7266 4927 8722 5602 3423 5434 4574 6073 8004 2944 4555 2963 6829 6020 3399 6344 4472 5793 5623 5192 8364 6429 8775 2012 8402 6910 4336 1871
4301 5602 7286 5085 8345 6193 4323 4913 4658 4791 8215 2125 4245 3326 7094 6693 2869 6051 6482 5791 6030 6239 8562 5718 8333 2844 8575 6451 5169 2354
4772 6293 6556 4923 8701 6415 4474 5199 3764 5367 7456 2216 7823 3290 7183 6377 3486 6603 6365 5413 6526 5582 7678 6616 8245 2769 8923 7744 5358 2278
1861 5741 6284 5075 7823 5326 3594 4654 3825 5548 8830 3863 7244 3541 6944 5511 3091 8316 6963 5356 6613 6212 7719 6646 8086 2511 8173 6490 4910 1822
6 24 1 29 23527 1.0344971675859471
4 13 21 0 85994 0.9124110965817025
23 2 9 11 65062 1.0446054515705239
14 29 21 13 60097 1.0542241928806586
18 28 13 7 75443 0.949578453724871
17 3 15 26 73769 1.002984760425865
27 9 23 29 74386 1.0689066303358759
17 22 27 5 73568 1.0699441822608189
3 12 12 16 44848 1.0983707203380548
6 8 28 9 71835 0.9364832309892351
27 12 24 0 52435 0.9317441233527082
13 25 0 27 65703 1.0948975009103465
16 26 18 9 56710 0.9925588178239977
3 16 16 0 82463 0.980294997233489
1 17 28 18 102517 1.0897085076147486
23 16 13 26 74780 0.9686157028110289
28 15 7 29 96004 1.0986239241853728
4 15 12 19 40512 1.0947708591107543
0 14 16 18 64829 1.0485861494285798
0 12 5 4 46955 0.917623139996297
5 23 5 0 95275 1.0024214857340734
14 11 28 1 64425 0.9641278364484378
7 17 17 13 47483 0.9626187502688335
6 14 27 9 66125 1.0899559542709631
20 19 13 26 55385 0.9902437180564941
19 27 7 1 108516 0.9217769149898722
14 14 26 20 71970 1.0199070473249616
19 13 2 15 52110 0.9226065971747496
25 10 4 15 67616 0.9226996765008896
15 5 4 5 39971 0.9317205633024775
11 21 3 16 49501 0.9879698991325193
10 29 24 22 66048 0.9400194718481003
24 5 12 4 62930 0.9114799865046165
6 27 21 15 74819 1.0462613590800858
17 13 21 24 55925 1.0073759823646578
7 13 13 6 36223 1.0267396535224127
27 17 20 4 64489 1.0770525711475154
14 2 3 20 89522 1.061576115680775
2 2 26 8 104083 1.0049325745547202
13 2 3 23 92856 1.0579709156013914
15 17 28 11 54105 1.0704748275997273
9 8 7 26 78667 1.084281082964268
5 26 9 16 56354 1.057069914299912
14 12 18 5 34831 0.9955585699485073
23 11 2 22 84067 0.9761647211618621
6 2 22 3 84278 1.0260667463104798
0 4 1 16 54193 1.0314043745947916
24 22 2 9 108126 1.09118216783987
5 23 10 28 31788 1.056267331295231
23 5 8 15 68298 1.0752307298895247
0 13 26 3 100842 1.0140498563299587
21 0 13 3 44980 1.0726347142569757
29 11 21 3 47119 0.9841049448235235
4 23 19 2 114400 1.0715326001484478
25 10 7 7 64287 0.940975025422601
12 20 22 13 59130 0.9375855490416696
21 29 13 8 75686 1.08783128806605
26 6 27 27 73167 1.023235218031316
12 4 4 12 41126 1.0200420265062238
20 24 21 8 72368 0.9941776684203609
25 26 15 28 41161 1.0237416911720578
3 15 28 11 71464 1.037176313148871
26 6 19 17 67735 1.0702918825510936
3 26 10 8 87402 0.9472680233608695
16 21 7 5 74522 1.0848068059019274
27 0 16 9 72633 0.9198382521353304
17 12 5 19 58050 1.0818104885932929
7 22 19 3 99571 1.040130350151286
29 15 29 27 42230 0.9039386798282476
1 1 21 9 94357 0.9065616185668373
4 12 24 4 81757 1.0391017590585674
16 22 0 29 67684 1.0557831763778438
16 22 12 15 42523 1.0858261632566584
17 11 29 18 44443 1.0154424127576989
7 20 29 29 79192 1.032432396385183
5 29 0 13 67254 1.0712558733212587
26 18 2 23 110807 1.029140949342148
5 0 1 6 30059 1.0114417367696311
27 23 7 18 100413 0.9823165750675703
10 10 15 25 67883 0.9038754454221305
11 13 18 6 37390 1.0381466858098365
23 19 15 27 62364 1.0677213798495648
6 20 3 6 63523 1.0359044947254703
11 9 17 13 25255 0.9536035167535063
4 26 0 18 44757 0.9365880206631236
29 8 20 20 67831 0.9786429373470896
9 20 22 22 76319 1.0082464015341974
8 11 18 14 30713 1.0562860329315509
3 0 28 4 120127 1.0758096503482109
27 8 17 4 50531 0.9441970169736366
25 4 17 29 98897 0.9624693742725596
22 18 5 15 60292 1.0908046408353498
23 28 22 17 49735 0.9215413793448209
5 19 22 0 101541 0.9657572071437699
10 21 15 2 74354 0.9125410544382526
26 5 4 2 115866 0.9090951955717818
9 2 17 16 63515 0.9521668045337341
2 24 18 18 81930 0.9363915089086663
13 11 18 17 28510 0.9883218842540715
2 26 22 5 114701 1.0402009639704406
4 13 19 4 67416 1.0137908015889296
27 15 2 16 85286 0.9073342246437333
19 11 29 9 31118 1.0764777873497817
19 20 13 15 35722 0.9017956657460556
22 6 10 2 66543 1.0862201312248712
6 7 19 12 49770 1.078270527424123
13 16 20 6 55296 1.0923840894358277
7 4 10 11 35336 0.9758175930923519
9 4 16 24 84893 0.991473570275849
10 22 11 4 62700 1.0826335401767004
5 14 12 3 46280 0.9104109979062945
8 16 18 21 53514 0.9623553854093098
26 19 7 24 104055 0.9154333973880066
25 18 5 18 80796 1.092746387828928
24 4 1 5 102160 0.9179155613857041
9 12 14 26 81299 1.0917200432551284
4 28 18 15 70898 0.9846619174351492
3 25 29 12 116497 1.0966614636408154
23 16 12 9 48527 0.9026525373134431
10 13 4 1 61986 1.0676076780369517
12 1 25 24 105768 1.0011277249832133
20 16 1 24 87376 0.9382036442757385
9 18 11 5 48530 1.0551426142024614
13 10 25 22 84862 1.0338843462767258
13 22 25 4 107052 0.9089936044426985
26 8 0 11 75503 1.0312225603741507
28 26 1 2 147958 1.0036400052861099
8 7 17 10 37288 1.0990322508213886
16 28 5 2 114353 1.0407929835553236
16 27 26 25 43232 0.9194703358597655
6 15 27 13 64915 0.9126992887503049
9 18 16 3 69592 0.9609083832060592
25 17 10 11 61504 0.9623731432820773
17 12 4 3 66248 1.0042309417263402
10 8 2 0 51056 0.9665331552004833
4 3 0 22 76099 1.003355889457717
17 20 0 24 81693 1.0064819638871736
3 21 24 18 100565 0.906877892884931
11 21 21 27 60485 1.072782970656023
28 25 1 14 112754 0.9515845010045481
27 13 25 23 44732 1.0323001634932722
2 2 17 27 108651 0.9196046215445882
9 8 28 4 83091 1.0841612277501904
0 5 27 14 94017 1.0355463582784814
7 7 15 17 58844 0.9550432597350866
14 20 6 2 94702 1.0997625656896635
26 28 10 4 109880 0.9921867400229528
24 25 22 0 95779 1.0550279206742772
0 12 20 13 57818 0.9310967730469839
29 26 12 26 75181 0.9123560115466605
21 21 13 3 81973 0.9683810305872842
14 3 10 18 54161 0.9283385761325504
23 0 21 16 60943 1.0005818590853668
17 19 7 9 56180 0.9113113492121918
4 10 20 14 52805 1.0318440323396134
16 24 25 22 56221 0.9100169964986992
6 19 29 9 87074 1.0285876654694528
19 27 10 18 60695 0.9159197207449198
22 26 22 13 54465 1.0424047551914077
26 29 27 11 62403 0.9948624938657068
25 9 8 12 53205 0.9377121523118532
24 6 9 10 61583 0.9898376344651311
16 13 0 10 50205 0.9127162067822913
9 15 27 18 65519 0.9849802521877177
14 17 8 26 63152 1.0420358887824852
9 24 25 17 93506 0.9878257719025132
19 27 25 18 52902 0.926691448481611
14 29 7 9 88838 1.0290283580490842
11 28 12 3 79284 1.061157767533806
15 4 11 12 35621 0.9503636446965925
18 0 25 8 52719 1.025962749895034
12 10 10 0 31499 1.0089193230207005
17 1 4 9 75155 0.965654967637705
11 24 13 1 74144 0.9929811299788277
16 16 27 23 67180 0.9759492718441968
20 17 29 25 57091 1.0507591599480077
3 9 27 17 88307 0.9278478195415545
23 25 2 5 114242 0.9508342606348061
3 13 18 7 55213 1.0952423128591329
1 20 11 17 53102 0.9088598525249935
19 4 17 15 41606 1.0035459366229964
3 5 18 9 65475 1.0825477941463888
0 19 5 24 44255 1.068120248705622
14 18 4 28 70036 0.922560874136797
18 26 29 18 63555 0.9646783115427819
5 27 0 17 62463 1.04090427285171
4 16 7 3 59271 0.9795506261918365
20 11 9 24 73015 1.0766097215524377
18 19 8 5 63871 0.9693654437718228
14 24 22 5 88972 1.0658602695257344
13 7 17 26 64639 0.9651169616092922
16 1 21 20 82678 1.0332514301876052
7 18 5 26 37434 1.0266730589307107
14 21 24 21 58888 1.071395552636355
12 25 10 11 60222 0.9263183695457222
23 20 17 27 50341 0.9734411627987477
11 0 27 27 114122 0.9854186673141438
4 7 28 16 92093 0.9448232762128698
0 10 20 21 86459 1.0137329337286374
19 29 6 23 41152 1.0937509005509263
29 1 23 8 38973 0.9994153104392066
6 11 16 10 28857 0.9646192618339055
18 29 4 5 102391 1.083317149944673
24 19 14 12 61201 1.0360501815970635
1 0 29 14 111973 1.0564510804807024
25 1 0 28 152551 1.0512961726337404
20 27 22 18 41009 0.9888762359800356
23 16 14 20 53140 1.0787182379522828
6 13 13 3 43186 0.9553076785141613
18 2 11 6 46849 0.9152435664690098
2 0 9 17 79453 0.962960541348456
14 18 18 26 38974 0.9192089587738476
7 11 11 4 33699 1.011530369905436
23 7 14 16 56702 1.0119327093630357
6 7 27 4 86994 1.0516814791178766
7 20 29 27 91169 0.9888587860780769
19 5 3 14 74569 1.0230802410593145
26 19 10 14 73608 0.9507403445523712
10 19 26 18 67419 1.0404833120787207
24 16 6 5 82989 0.9707872079445233
24 12 26 0 54676 1.000492428744854
5 5 17 0 59583 1.0659177989098751
2 14 21 4 83292 0.9282122207769322
26 15 29 26 50262 0.9016444827977065
28 9 19 17 60312 0.9990356207216876
20 22 7 2 102813 0.9138412123265832
19 6 3 9 66227 1.0361857647033332
0 16 19 28 92189 0.9145226993774205
10 13 3 18 40252 1.0401031852747717
0 22 20 11 84966 1.0092775451037572
5 15 25 21 87410 0.9811946688673893
1 5 22 26 117963 1.0853762998902599
26 17 14 14 57986 0.9598074559600163
16 24 3 22 73383 1.097689467190344
22 0 25 9 38950 0.9368567378673649
19 5 12 18 66522 1.0471245057608196
23 21 3 13 90297 1.0349960440303176
25 25 19 6 88722 0.9032379998000016
15 12 6 0 64132 1.0307038981843428
13 26 10 7 87412 0.949938906682463
23 9 20 24 70430 0.910996918387637
2 1 18 2 83395 1.0755714731829018
29 5 8 26 120950 1.0878381218645137
25 2 12 0 66969 0.9343340350677896
24 14 7 5 73977 1.082315355739599
4 21 11 25 44843 0.9148467149253783
22 9 12 16 47394 1.0300764799135427
25 1 20 29 108894 1.0384923929521128
2 5 2 22 55512 1.0152920862214785
19 3 0 23 117045 0.9655476561975955
4 16 14 3 63082 0.994752212841131
25 19 9 27 89624 0.9375954546204595
0 16 12 7 56979 1.070485480098645
1 15 29 27 117269 1.0208616163562219
10 24 0 28 51339 0.9525468798530204
19 1 8 4 61711 0.9073332781910898
10 10 3 16 43442 1.0282852363920438
8 23 13 12 58656 0.9339313872204499
10 25 19 7 82916 1.0396059740520924
11 7 27 11 49197 0.9174664665674345
18 28 27 27 30163 0.9832742785121678
16 21 25 14 57562 1.022798244355827
23 17 16 28 61917 1.0606235503016026
19 15 18 4 40540 0.991161086272079
3 13 1 0 50485 0.9885269988803137
26 11 3 1 86695 0.9290302594949215
12 15 20 2 63106 0.9179495863726149
28 2 28 18 47134 1.0468308808265274
13 24 25 15 82481 1.0229277123055915
3 13 11 19 43564 1.0174844929559874
14 5 24 4 58147 0.928056125975964
7 11 0 28 80110 1.0410954483518835
25 28 28 12 69516 0.9638549279641825
5 4 24 1 99229 0.9071395743998132
15 18 7 15 37954 1.0678206012761637
21 22 23 10 62929 1.015440094217763
6 5 0 0 34406 0.9791793690252459
19 23 4 19 80959 0.9740517699987385
13 15 27 0 82589 1.0730960128650746
2 25 26 5 129351 1.0938504086920342
16 15 10 20 34430 0.9427406060668964
25 26 9 15 83887 0.944306974097987
0 15 24 22 104550 1.0100832440832361
22 18 12 5 61366 0.9555294150063908
0 18 9 1 87522 0.9690081118883134
17 17 3 29 61786 0.9725654160840682
6 10 12 21 57412 1.0979964765577885
13 15 20 21 44160 1.08706209520795
12 18 0 25 74167 0.9715459712894202
25 5 8 6 82004 0.9974003166532164
0 20 8 1 90527 0.9966877948419883
24 10 12 28 90231 0.9987762224357849
23 1 19 16 65538 0.9595343422235423
3 19 7 28 49147 0.9071497684989983
16 27 15 11 52862 1.084065511582685
2 25 9 4 90823 1.0539328607282576
26 4 0 23 139563 0.9685914453335849
8 19 29 20 96539 1.0850921448250852
13 13 20 17 33478 0.9686032748672557
23 15 12 9 44647 1.0849583444589244
10 6 29 24 97051 0.9616005793026976
16 1 15 28 93575 0.9922150307520081
29 1 6 6 96305 0.9910005902954471
9 9 9 19 55366 0.9653407290263923
20 11 27 2 46338 1.0472828600755517
20 6 8 25 97132 0.9881196735040688
11 2 4 23 91714 0.934001667610352
8 27 22 13 87043 0.9879411645563604
14 23 21 6 80566 0.9162984874116961
10 24 12 8 54177 0.9509189038089969
13 16 19 28 58624 0.9434346395614486
3 22 26 5 123226 0.9782393182886244
13 6 20 10 39065 1.0519159540535599
17 24 1 24 67474 1.0859102594434242
6 13 19 4 62550 1.0817683798939606
4 6 13 14 58882 1.0854589401720096
24 8 0 1 107549 0.9082481353193178
15 13 15 1 51416 0.9145413931875696
22 16 11 20 54448 0.9040034522442507
26 15 8 5 81456 0.9809012407545586
9 27 29 3 122927 1.0379395551244266
0 9 2 18 42155 0.9489401542508324
1 14 20 6 73638 1.0818314337180726
3 13 29 12 72312 0.9322485538347978
12 8 0 26 90328 0.9531674704182972
23 12 4 2 89797 1.0630271660730666
22 6 6 22 90443 0.9509973798968157
15 25 10 12 67175 1.0794025172645942
22 7 22 17 37043 0.928421827111934
5 14 27 5 81881 0.9439741910678703
1 11 16 7 51895 1.0532099712326712
3 11 12 10 22843 1.0662322116194904
28 13 4 3 98284 1.0539363660484473
12 20 3 18 45685 0.9364085098517112
3 17 14 8 61493 1.0647721130778185
11 28 13 14 60204 0.9862963745073359
18 0 4 11 69739 0.9803744739110309
4 13 5 2 53217 1.0519770764136467
25 20 1 23 119809 1.0711394819372804
7 14 19 10 50648 0.9459531095813444
28 10 10 10 56855 0.9826329977189461
20 0 27 17 73570 1.0519356901690182
8 12 18 14 34193 1.0524151562987183
28 8 27 17 30906 0.9240230743436637
9 27 8 17 53229 1.0050745285325833
3 26 8 4 94017 1.0866759384957596
28 5 8 4 91198 0.9980453627493924
28 24 6 17 103905 0.9565481164759586
28 11 10 12 48314 0.9067085265832333
7 8 28 27 114676 0.9917825956704295
6 12 15 27 80666 1.087915718452732
18 6 13 29 73855 1.0059693844936863
5 26 20 13 87884 0.9504386657067422
24 26 17 11 70872 1.0512193732729018
11 2 20 19 72488 1.0274045303951005
17 1 0 17 97731 0.932560713811071
12 1 4 12 47277 1.089554325707644
2 20 29 17 102081 0.9546112996387305
12 28 9 5 89966 0.9881512976534393
11 17 3 22 51840 0.9652730341286362
14 25 7 8 83438 1.0317311153535802
21 12 4 23 89150 1.017098261754707
22 13 2 25 92426 1.0000187038199218
26 4 15 21 93870 0.9194433299166827
2 8 15 21 80366 1.0555835109873382
5 18 23 24 95152 1.0939933812026852
20 20 19 11 42693 1.088073313632292
26 21 15 21 63462 1.0866193670283961
11 21 29 3 94610 1.0009794202101105
24 12 1 13 66654 1.0877168499877916
27 14 0 6 93894 0.9062111173368815
10 21 4 11 50144 1.0635339903659715
17 14 3 22 70711 1.0298463007095573
1 21 12 22 64610 1.058567246003849
12 29 17 9 64947 1.0081571893403398
23 4 9 4 77055 0.9303123525007121
18 5 9 12 47967 0.9410028078262096
9 24 18 14 66617 0.9799713087596212
2 18 14 12 53883 1.0033642516936532
22 25 3 20 89897 1.0815773302044245
1 28 22 9 108647 0.9658547909567572
26 0 17 11 63336 0.9191996452733445
7 23 18 22 68670 0.9610868963311758
6 13 9 25 56117 0.9792409096261597
24 19 17 22 43706 0.9872571855172091
1 14 16 12 52069 0.9779384837074961
13 27 17 6 81655 0.9669311849664761
24 11 8 17 60183 1.0543206304465031
1 21 4 13 38463 1.089457169760071
8 16 16 8 50483 1.0420702526640204
16 6 11 25 78004 0.9275550922250545
4 12 15 0 63154 0.9152540723723311
1 28 26 0 153295 1.0245683141528623
9 10 0 28 91545 0.942607252422304
24 21 8 0 115561 0.9260411471556275
13 1 3 9 58939 0.9923602921483792
4 6 25 13 82571 0.9104192797868605
9 15 27 17 62386 0.9290788603503946
7 5 1 18 65887 1.0860136414721724
24 4 15 14 63132 0.9883738428173809
29 26 15 4 107416 1.0279160370584173
0 17 19 19 79675 1.0918825276292743
21 7 10 25 91416 0.9001453565354306
9 25 11 3 79446 1.0673047278503722
17 10 11 2 40507 0.9576310920074834
7 23 7 12 51562 1.0835875945790305
24 7 26 17 52318 0.9135630762571297
26 19 26 0 67366 0.9375895042411369
20 15 23 2 55714 0.9982841909934599
12 4 1 7 51062 1.0364587002163415
2 3 14 16 73686 0.9553368683332524
1 24 19 2 120013 0.961135767217762
15 15 19 6 37933 1.039567351956079
9 19 15 15 33979 1.0848427558226184
22 4 2 27 119932 1.0877708475055672
3 22 22 5 104612 0.9668223588181961
12 6 28 2 78820 1.0641064408304892
14 4 23 19 82410 0.9782185478612405
1 10 12 24 83619 1.05161500554886
14 7 28 15 69466 1.0662699664221784
6 1 15 10 62477 0.9719997694479181
29 13 6 1 96351 1.0911299370039873
19 18 27 21 45197 0.9064758515287985
23 14 3 20 87658 1.0267136298759443
26 26 7 9 110021 0.9230407868407373
28 18 28 6 35497 0.9296925316025308
9 6 29 26 113585 1.0110393246239628
20 10 0 17 77097 1.0779221413949789
11 24 17 12 58367 0.9048791508991869
5 10 13 22 74174 0.9786739809357488
25 16 3 16 75020 1.056623767633732
3 16 23 10 74346 1.091176003041798
12 11 2 27 76827 1.047570641286404
26 8 2 29 118136 1.0466370184328533
6 0 3 26 102193 1.0179742601460007
10 15 6 0 67118 1.0170900064898747
5 8 28 13 73019 0.9755126861506354
28 9 9 4 78924 0.9395260341986655
25 19 9 26 94474 1.0944890754086045
24 1 19 21 91313 0.9976317957706688
1 10 26 16 83152 0.9375926778648236
28 16 16 1 81400 0.9298214249587196
28 15 3 26 120484 1.0206186596452618
0 5 10 0 53003 1.0116665560706644
25 23 3 25 90998 0.9712498427655303
9 10 27 29 93259 1.0529443843501118
28 27 27 14 51065 1.0418643722821384
17 22 14 15 28660 0.9924610040443238
22 25 17 0 96457 1.020639833581239
17 7 10 17 44786 0.992688972810721
20 29 2 26 48351 1.0740497375558744
9 18 1 29 57771 0.9308572180327077
21 6 19 27 81643 0.9844831246492771
4 24 28 18 111576 0.9155771763555569
15 13 0 6 62932 0.9959086663027509
26 13 22 25 56049 0.9068835519534542
25 14 3 27 115623 1.0655623105062573
0 4 19 26 115264 1.0121796146563016
3 5 16 24 99010 1.074818985319036
16 13 2 24 72542 0.9986671829858965
26 27 20 10 81818 0.9473470952135143
17 28 11 1 81781 0.9815620251191404
20 13 23 22 51580 0.9473383131656555
29 5 2 13 84661 1.0849217670167992
12 28 25 15 88350 0.9358596850702251
2 12 20 0 86434 1.0968314323539226
16 27 21 4 89034 1.0952538431003025
26 11 9 18 64009 1.0574098563424603
10 6 3 24 89549 1.0756157383510758
19 28 4 13 84587 1.0588923315198857
16 25 19 17 35394 0.9322512397967391
9 10 21 16 52202 0.9813576939150499
8 29 26 0 130118 1.0395331284378901
18 16 24 2 68561 0.901593933192744
3 7 0 15 36215 1.0775845726998758
4 2 26 21 133145 1.0988426321348561
10 5 13 26 88891 0.9362702254733769
9 14 19 1 74085 0.9526174168961332
25 4 4 24 131658 1.0953222613909324
12 6 29 6 63589 1.0816147725532028
1 26 10 15 62979 1.0105745477320893
5 21 14 9 71159 0.9320833115616436
26 5 14 29 104146 0.9739558464206581
14 11 4 13 30070 1.0392126199748961
10 22 17 19 44937 1.0550090285207725
19 10 20 21 54282 0.9668527904970972
12 16 7 29 61140 0.9401628123429943
11 3 4 8 41862 0.9624362564924311
29 14 16 12 43128 1.0874317191255454
9 20 25 23 94864 0.9692658344806495
12 14 26 26 82471 1.0590282279989625
28 23 20 1 93198 1.0533427395701014
26 0 21 21 96911 1.0288318203436138
22 26 23 5 85775 1.0574381483013702
28 10 21 5 47556 1.0964067941751685
15 18 26 12 55667 0.9672704408573347
13 3 16 24 75475 0.9106823694863464
27 13 12 24 92476 0.9508578245808393
16 23 3 15 66295 1.050306470143595
27 14 15 27 81900 1.0047312924464775
15 11 2 23 68625 1.0141297321076983
8 24 15 21 53953 0.9764680104962341
6 21 20 5 89096 1.0783330621595413
23 10 26 3 48198 1.0411005192839484
10 7 6 1 40961 0.9000407201446663
14 2 11 29 96044 1.0096572839315852
6 10 25 5 73513 1.0625118133049734
27 25 20 21 34236 1.0664232860587752
12 14 6 2 54902 1.068783634518653
16 12 8 24 74911 1.0794658837793465
28 9 15 28 92434 0.9084158188761339
18 14 25 22 61251 0.905009111586574
5 18 12 6 52487 1.0672218704680407
17 14 1 28 82270 0.9565670002022172
8 20 12 0 67601 0.9163828999846388
26 19 5 8 94922 0.975672029797128
21 9 15 18 48118 1.0045646677329383
8 26 23 15 89419 1.0739730394930538
12 10 22 8 34937 0.9320600226102533
23 26 15 12 74348 1.0467463174846126
23 15 6 25 85016 0.9592493242848434
26 24 1 13 114791 0.9734904409069782
26 13 14 6 60368 1.047739430099779
7 22 5 13 39103 0.9053496952003065
14 0 28 9 80315 0.9770221806945677
4 23 25 7 113533 1.0315582002715484
29 7 5 11 66659 0.9915804507304835
2 18 21 2 103379 1.084754332396538
21 5 7 5 63068 1.072725624491136
9 11 8 21 55685 1.0471538357301353
28 8 0 7 92841 0.9772372884675475
0 29 25 29 58986 0.9844227008073807
18 27 28 7 92147 0.9717487892501454
27 11 13 6 51445 0.9811242109164419
8 28 3 19 54287 1.0408771637449128
24 16 10 0 81128 0.9497891104650381
26 11 1 10 62553 1.0740701315099768
29 21 8 12 73885 0.9154572995325787
2 24 10 8 75002 1.07780327275081
13 11 28 3 61921 1.050910371193939
16 1 15 24 86846 0.9565277964093557
17 29 27 11 71797 1.0701765852085736
3 0 26 6 105065 0.9353800139774215
19 12 18 24 48542 0.9267042636583882
19 2 10 6 57874 1.0048316652081777
4 23 7 15 41484 1.024720464594851
27 13 7 26 109860 1.0788024431056744
6 17 15 26 66391 0.9336080328821884
3 28 6 21 36209 0.9274815874996286
12 18 1 21 58772 0.9476325821540875
29 15 16 17 56624 1.0589567661409238
12 22 8 0 91115 0.968014488975913
5 27 9 3 98526 0.9416165708937185
22 13 14 28 68553 0.9715881516327659
2 27 27 7 123660 0.9926884723264595
1 5 6 24 78818 0.9483858221754603
24 10 11 6 50726 1.0689657691509558
24 23 7 26 81654 1.0449194555311652
1 28 17 19 68225 1.0520336193930921
22 5 13 8 47040 0.9926455856552842
15 9 29 2 64690 1.029354184027604
14 14 0 2 85523 0.9707798065799024
2 18 10 27 61407 1.025065356788486
18 24 1 16 80536 0.9178145092625488
14 23 7 3 100543 1.0288818925707757
14 6 5 14 49325 0.9183394306018439
11 23 14 2 74416 0.9131787096121795
28 9 3 7 87506 0.9804807600962665
23 12 14 16 41820 1.06940825018369
22 11 21 21 46236 1.0367258454130575
18 24 23 16 52301 1.0777745059135828
7 9 21 8 59083 1.089206174686962
5 0 10 17 78954 1.054863671513726
0 19 15 19 73313 1.0174124795462032
0 20 3 28 44286 0.9955184914408044
13 14 5 7 48242 0.9505651180290653
0 28 3 3 95893 1.0230484999701663
10 2 0 8 57078 0.9743317354321067
0 26 18 1 131621 1.0976480871853418
29 11 6 13 62027 0.9024542808074485
20 8 21 21 63727 1.013926290271656
4 23 27 10 103218 1.0788771431163042
8 18 14 12 41984 1.0075360474711457
24 19 3 10 89456 0.918704064631714
27 22 13 0 100122 0.9388223931578681
24 7 6 18 84433 1.0853581981740916
19 10 15 1 52279 1.0317574375913088
0 11 25 9 67657 1.0870724371613318
2 29 13 2 105463 0.9392416214130683
22 19 5 1 106978 1.0675487150464096
1 27 20 0 143916 1.0402889656763914
16 10 26 9 44321 0.9828519395021
11 12 4 24 67682 0.9068131262775286
26 18 29 3 47906 1.0189001036214511
13 26 29 17 91726 1.0563434216886125
9 4 26 13 74040 1.065576419214573
27 25 9 24 74488 1.0463385727553716
20 23 22 4 76155 1.022947679117898
27 14 17 26 68249 1.034359741098096
27 27 15 5 103664 0.9759172304964623
17 6 5 21 79207 1.0379066837577202
6 26 16 0 105629 1.0287192145556185
2 22 26 5 118727 1.090507955899095
3 13 16 16 47868 1.0521392632254798
13 12 27 26 88651 1.0958779416212232
29 9 20 18 57139 0.9109569506850194
14 0 24 17 87414 1.046809815364629
10 25 23 3 102149 1.0565439666993586
0 4 22 18 104014 1.0813583766375592
27 10 15 24 77180 0.9896058907861196
1 22 29 17 112404 1.0753231396236016
28 11 17 24 61502 0.9767199972430414
25 2 0 27 155156 1.056440399351491
13 19 29 3 90701 1.012602992579716
25 4 5 6 99411 0.9859590279063668
28 18 5 15 82596 0.9424853096175052
25 26 0 21 106307 1.030318247721954
6 2 18 24 99632 1.0675600365225815
19 19 8 4 71819 1.0705914802057346
25 0 4 29 133562 1.088335797604176
15 3 5 17 71067 0.9491126836327404
10 2 2 22 91435 1.0362074518341424
12 10 25 5 58697 1.096509421796049
28 28 5 27 62763 0.9809513026652542
1 29 2 8 71413 1.028978929219702
15 10 17 26 48954 0.9969004362101306
26 19 13 2 91755 0.9142860616770245
20 3 4 2 86932 1.017855666355834
26 9 9 16 69592 1.0018701625436448
20 8 10 5 47923 1.004531569319142
17 15 18 2 43513 1.0003075044487164
17 18 6 18 45253 1.078812701220634
24 18 28 4 61631 0.9934731738877922
7 22 0 3 89543 0.9445337219088611
9 4 19 29 93136 0.908243434981801
20 29 24 13 68157 1.0486466327579458
16 12 0 6 64826 1.0262231751179587
23 22 27 2 90594 1.0064815350095888
5 12 0 4 44370 1.0086190493587999
15 18 0 26 90013 0.9604603177681537
2 18 28 23 118019 0.9797157383937053
25 1 27 29 102469 1.0446916088011404
19 20 18 4 59570 1.0265073159255798
28 10 28 27 65396 0.9422043575562673
6 3 3 28 101892 1.0056217606946647
24 8 14 23 79709 0.9968013788508432
19 23 4 4 104263 1.0073382397989759
21 15 8 23 72111 0.9451394343274651
8 27 11 16 57140 0.9598360009103198
26 26 24 8 76934 0.9118775104679202
18 1 9 4 55753 1.0239533758851427
26 23 21 18 48125 0.9618300831456588
7 24 21 7 107710 1.0523147928625185
18 8 26 6 38288 1.0887295484923536
15 24 25 1 105864 0.9972406924753939
0 3 15 27 123557 0.9535039565875869
5 26 10 19 49065 1.0620098101298925
21 18 9 9 65194 0.9280242549847543
25 4 11 4 79233 1.0914921044848305
21 6 28 24 80759 0.98456180019887
0 8 0 26 76285 0.9530263057908661
25 6 6 7 79998 0.9798655193726361
7 15 29 0 88566 1.0399501541799152
19 27 27 2 105134 1.0778746456590247
20 3 11 9 57756 0.9029071659887103
8 0 15 6 46493 1.0140604569884788
11 17 4 28 62578 0.9793714949886323
20 2 28 8 52430 1.0402235078376227
24 11 3 8 61708 0.9227451801343342
29 15 20 14 36380 0.9052885000179066
23 0 9 11 67751 0.9808959292710271
0 19 0 8 53120 1.0280876671931944
22 6 29 25 73464 0.973164746617247
29 24 5 11 91467 1.015533529292017
4 1 2 17 57487 0.9241173592598302
14 4 21 0 53483 0.9044161944372084
16 29 0 19 74799 0.9290625372184679
10 23 15 13 46592 0.926261536555553
2 24 18 5 98487 1.0288933324159726
27 29 4 15 93828 0.9048736615390501
1 17 13 7 61884 1.0640504031245446
10 11 3 26 73314 0.9915040558729971
27 13 3 2 92613 1.0812884013281965
17 1 11 10 50158 0.9930519303693066
7 29 23 16 81163 1.043040393295015
4 17 15 28 67372 0.9269335884438744
15 20 19 29 37496 0.9912353966272226
10 24 18 12 63165 0.9443858140575885
24 23 20 8 79998 1.0759481068752468
9 18 8 7 51937 1.0405104303818122
22 20 16 8 59392 0.9415666576731959
23 25 17 3 85288 0.9358435002081763
11 16 25 0 86347 1.021383812209234
28 18 10 7 81501 0.9400273671220299
25 21 4 0 135126 0.9027622456844638
24 18 18 6 63190 1.0620331358032171
7 25 24 13 94967 0.9589294579814124
13 19 26 25 67345 0.9313395645610427
23 28 3 0 130468 0.9895041514139924
24 17 2 7 89705 0.9769269680705077
10 11 3 18 45620 1.0113685863061972
17 9 10 27 75208 0.9024688602825216
0 0 18 20 109193 1.0473490525245264
26 16 9 0 92513 1.0277902255552855
11 18 26 11 57690 0.9289641593653893
21 22 11 4 86623 0.9189871153520245
15 12 24 2 60483 1.0510343575053467
29 16 23 6 45309 0.9133478874770369
27 3 20 8 45157 0.9815662267062991
6 19 12 8 47324 1.0380869026152069
23 28 23 14 69628 1.0452566909164025
17 6 28 12 47760 1.090298222289181
12 10 22 0 57479 1.032665819906482
1 10 13 23 84448 1.0444937496155315
20 27 13 22 56437 1.0924289518061052
10 27 25 20 82063 1.0204640478952633
21 23 6 23 67698 1.0318451970949583
10 15 3 11 31387 0.9333636037249091
22 23 19 12 56986 1.0638945621047222
25 5 2 14 89313 0.9171987268010251
7 13 23 13 46392 1.0508301342785304
11 21 15 2 72861 0.9812930244265609
13 23 27 13 81416 0.9859852050632979
9 11 21 16 44822 1.0421053135990346
15 19 4 20 58965 0.999889539300556
24 17 10 24 84004 1.076975022886196
6 23 8 10 52267 1.076686571543621
21 9 2 9 60486 0.9389774473980836
27 7 13 0 76521 0.9905296600855794
5 2 20 0 77249 1.0173551017791136
15 10 24 9 37780 1.0892125376816197
19 10 10 29 74757 0.907532160224815
19 14 5 21 72830 0.9230287514362346
14 6 4 16 57272 0.9124226544247002
27 8 17 9 40343 1.0729782734970268
17 28 26 13 66598 1.045886347243384
6 21 25 3 109618 0.9448649226771448
15 0 10 7 40443 1.071697365706654
1 1 15 0 67196 1.0895278302390314
21 5 18 18 58567 1.0735632483252664
18 28 25 18 61009 0.9299037164279864
2 23 25 22 104237 0.9998752924739194
20 21 5 2 106406 1.059348655417788
14 16 2 6 63835 1.0802556166992818
26 19 28 8 43259 1.0610613841692171
16 0 10 21 78767 1.021703522581925
25 11 29 19 27469 1.001579817046362
9 13 23 20 69535 0.9014447579267065
26 13 13 29 77968 1.044982746827223
13 25 25 25 46644 0.9099999344700485
28 27 21 24 37315 0.9438279094464029
17 3 1 7 74287 0.9373685819310935
17 14 28 21 61207 0.928110480314308
23 29 13 18 56595 0.9778655858206631
18 14 8 11 30713 0.9306192369947834
2 18 20 26 83772 0.9699060208216495
14 0 0 17 87524 0.966608390950702
6 9 15 17 51247 1.098320573944469
25 2 10 18 90969 1.0797845180560666
28 12 23 7 40253 1.0561674048884941
27 23 4 4 124010 0.9179637925692985
10 8 9 18 44994 1.0881000060222548
12 9 10 26 58560 0.9435578313583949
29 17 26 27 47034 1.0401377088268515
24 7 9 15 65195 0.935960091636712
23 5 4 10 72768 0.9208947709581041
17 28 22 13 53595 1.0998216126881837
19 3 20 20 72078 1.038219867455232
18 7 9 26 86382 0.9336583418467114
26 19 14 14 66732 1.0236101092148586
22 25 0 9 109713 1.0928378937360603
0 7 11 7 47164 1.05874671820495
23 1 12 5 63341 1.0369219760958188
15 2 9 8 42793 1.075527873908427
28 0 18 21 89331 1.0421931414550734
16 13 8 2 55234 1.0004886266525963
25 21 11 16 75662 1.094163081307751
24 9 9 15 57401 0.9075549446969925
29 17 12 24 97128 0.9727099070477576
5 27 7 13 56329 1.0847989460546972
12 16 23 0 78277 0.9291999293152613
19 22 9 27 46759 0.9023538292119369
20 5 22 13 35556 0.9302940514971776
8 20 7 8 57902 0.9561240203196364
6 27 19 24 42852 0.9123259124747606
23 19 5 19 82381 0.9102578609241999
28 13 2 11 67305 0.9673929573923813
23 8 7 11 48054 0.9128066055836971
4 17 20 8 70959 0.9240550106402378
14 4 21 26 98102 1.087794479702901
19 26 2 1 117286 0.9219547477768191
28 24 8 11 92647 1.0857989744370715
1 29 14 28 33318 0.9852172450832767
12 22 25 5 104188 0.9407056940108616
8 19 11 10 47316 0.9952716899519409
16 25 14 0 85092 1.0925770486185282
28 3 27 14 37626 0.9474132042597657
25 16 16 18 42640 0.9217146977366597
18 16 26 29 57589 0.9501659684030933
17 4 5 9 55666 0.9127924143267956
21 5 9 27 109857 1.0629108255484299
9 17 0 11 46480 0.9638150372633896
25 21 23 6 75251 1.0779468638435112
19 8 1 18 78546 0.9572808990306753
25 21 24 9 65346 1.0690006968811292
14 28 1 29 33318 1.0356735815999567
8 21 23 13 75769 1.0975419573286473
22 26 1 29 56748 1.0142129455956213
15 2 28 18 91390 0.9131721503090482
8 8 1 3 40333 1.028483038852999
29 22 15 27 70654 1.0015484840662414
27 24 5 13 99619 1.001094267730982
6 9 13 22 73839 0.9363788615840966
9 4 22 28 103082 1.0410920383614097
15 20 16 7 50849 0.9592944905417556
24 19 7 10 80346 0.9006852580124219
24 11 12 20 63688 0.9787578219850249
11 9 19 16 42477 1.0776098463015917
21 25 11 2 92943 0.9307674965799956
23 2 28 17 72397 0.9884681547780161
24 17 6 17 71400 0.9366520066054149
16 13 19 2 46980 1.0243767884417219
22 8 8 27 100448 1.0466274736721917
5 17 0 8 47361 1.0314782049206883
22 20 25 6 64590 0.9559573864193793
20 1 10 29 109333 0.9659370986213787
0 10 8 3 51967 0.9811774448408598
3 2 12 0 46488 0.9088145358773208
12 16 21 21 59363 0.9674123892827201
27 7 15 0 72445 1.0011864234199128
17 9 25 1 57040 0.9354570929962094
22 23 22 2 76863 1.0957926292871274
10 24 4 29 30094 1.064188406265583
10 6 29 9 68162 0.9588744383897652
21 1 26 10 52318 0.9231681302412681
7 7 16 0 55009 0.9803761066391667
22 1 9 4 75311 1.0489141619545976
22 28 1 20 83283 0.9556468265267116
21 19 11 21 55172 0.9465730165623318
20 8 24 18 54609 1.000162966655715
25 17 21 29 64847 1.0578914684264704
29 1 14 0 68926 1.0957576477708144
15 29 1 10 92233 0.9841257197305716
2 6 18 15 62415 1.0088051060709633
5 6 5 29 83586 0.9581322324676772
24 3 14 4 56536 1.0169138769442616
12 15 20 13 27575 1.0383488650782486
17 1 28 2 59042 0.93860823063304
14 19 25 29 56321 0.9771183454136038
9 18 14 9 47130 1.0097633093761305
23 28 17 9 71082 0.9130669255674281
28 5 7 24 127766 0.9036428693773534
23 18 15 1 83911 1.084402709355973
7 24 19 3 111100 1.043606351920559
7 28 27 10 98939 1.0450537402299402
7 1 13 23 101585 1.0314392919757374
22 8 10 10 44098 1.0837810213689745
22 26 15 0 106561 1.0777197396112397
20 23 6 8 85311 0.988221654775207
9 24 28 19 99749 1.0808140820215208
25 25 27 8 59515 1.0790239145455358
24 15 5 23 91370 1.0589833456095115
27 9 17 28 75921 1.072197218525704
10 1 15 24 91628 0.9863702440170152
6 14 16 18 45740 0.9241230217721239
23 6 10 27 101087 1.037490973579367
10 25 25 5 107455 0.9881666578840693
28 26 17 13 75204 0.9043799624638361
20 14 9 24 71976 1.0097443744355385
29 14 22 23 58818 0.9655319309284948
12 18 25 4 90345 1.0579836356544825
25 17 3 15 74249 0.9252139445636652
26 12 13 26 90614 0.9323562641276629
4 29 6 7 78082 1.059030887043588
7 15 12 24 51598 1.0688714886500073
1 18 22 28 87860 0.9682919503629256
23 11 24 28 80144 1.0182520008498743
5 28 4 15 53968 0.9720095657510848
25 25 10 7 97201 0.9883021849463758
10 20 26 10 73540 0.9048821593861925
16 26 2 20 78777 1.036099034929976
28 18 23 8 51830 1.0233251809462285
13 25 21 23 42605 1.0055797288707724
14 3 12 11 27365 0.9597984628998478
11 27 23 27 45238 0.9001913901674956
8 29 24 24 57127 0.9336959342856854
2 11 10 16 36486 0.94605469999244
10 15 14 29 57898 1.0219865955339162
23 8 6 27 100299 1.0675336921272507
15 0 14 17 70751 1.0111765581056127
23 27 24 15 68674 0.9843849893825751
10 8 29 20 73733 0.9312636104223047
1 29 26 14 111261 0.9453548839458599
12 4 24 21 88113 0.9625439011350964
18 8 22 2 34208 0.9660106280768022
8 17 27 0 104008 0.9591148986127528
6 0 29 19 110138 1.062766289282743
11 2 29 6 79575 1.0227016647340157
16 4 27 3 59775 1.0565665373530635
2 0 21 11 81007 0.993965884296167
6 3 7 15 47268 1.023733671808251
3 0 19 17 92127 1.0795183611270927
10 24 18 14 59122 0.9453916132491267
8 1 20 2 64320 1.0518656599152336
17 27 9 1 89394 1.0185957793977434
12 18 28 22 83229 1.0848957200385523
5 20 23 21 95600 1.0184573889588475
29 6 25 14 34815 0.9167940441853423
14 7 24 9 51214 0.9430649687611654
23 15 9 20 62341 0.9298379573793407
0 22 14 12 74186 0.9114172314637977
10 26 8 4 84730 0.9652865277579851
3 6 17 2 73915 1.0066129247456899
1 3 28 0 121138 0.9483827476455478
18 8 19 27 63949 1.0798079142635997
8 8 21 7 58327 1.0053406550492638
8 18 14 0 68753 0.9551265345567117
29 6 12 15 62979 1.0733661100061878
1 3 24 14 96670 1.0742155956765944
0 15 15 29 78091 1.049254255956636
29 3 0 2 125742 1.044736337391605
1 26 1 10 62135 1.0231218366648043
22 22 17 0 92469 0.985884988556553
14 20 25 9 70185 1.0115180347028203
1 27 16 17 84049 0.9177169016178018
18 8 20 16 34792 0.9268243295115928
1 19 10 25 58443 1.078140632937072
16 11 29 5 46544 1.0427309434963854
23 14 0 6 90188 0.9430250627166606
28 0 26 17 51991 1.069738484290182
26 12 29 1 35645 0.9564782651588247
17 23 26 1 93264 0.9507164924993896
6 25 22 8 94013 0.9752020975218837
6 3 17 15 63459 0.9378405960884093
9 13 26 21 85482 1.0235845824891185
13 18 24 5 76552 1.0185523721229501
2 19 18 15 57256 1.0010328215529307
5 24 8 7 74053 0.9605426604394419
16 20 25 24 54379 0.9444568173665885
12 3 17 21 55726 1.0465892616789483
4 19 27 29 83607 0.9906281303891329
19 0 19 13 56303 1.026922941508021
15 23 22 13 53256 1.0471141005612623
25 15 19 2 72107 1.0848400034786536
7 18 24 18 68691 1.0210150362068824
6 2 27 5 100928 0.9674965763244716
29 18 5 5 94153 1.047301081597376
16 8 4 5 53594 0.9790392360942589
5 1 17 11 65672 1.015142985990121
25 29 16 23 37467 1.090851402416581
11 8 23 4 60952 0.9506974923499374
22 23 0 10 102404 0.9343540022484432
22 23 21 12 50467 0.9989604278587475
23 10 29 27 74672 1.062308457893631
19 21 0 11 76769 0.9950171286762381
19 6 0 12 66375 1.05387617023418
7 9 27 27 108981 0.99080659107847
26 29 29 10 64027 0.966257246166078
13 20 24 4 92100 0.9134220696223226
27 8 21 28 84732 1.0421522510526111
23 19 22 3 61042 0.9463170510300344
13 25 28 20 73886 1.0321344683775147
23 21 12 14 62673 0.9214271343042967
7 5 20 26 96292 0.9335880019975483
22 7 18 15 38665 0.9856653564669451
23 2 10 8 71523 0.9594489721528735
25 13 3 26 111612 1.0182140313774477
21 9 29 20 48292 0.9548636970961604
0 5 18 16 76814 0.9919138092665313
10 16 2 4 59361 0.930791422667401
28 9 23 22 71174 1.005489038497786
12 1 26 26 108264 1.0131048802486349
18 29 15 9 62533 1.0198366401974779
0 1 18 29 126952 0.9702599273434811
12 12 13 27 68583 1.0641848491423969
27 8 23 29 77181 0.9372115752611107
11 10 2 9 31809 1.0659243868242112
23 29 13 4 90033 1.073775500663955
14 15 1 19 51025 0.9213865249280354
23 23 10 11 80090 1.0762462816355038
5 24 27 5 121369 0.9514454840464944
23 5 9 5 66252 1.021811178317313
5 28 5 15 50639 0.9541005135058205
18 11 9 20 51113 0.9534616988351007
15 20 17 11 34553 0.9308630074630165
25 10 13 3 58113 1.022311892562578
0 26 23 17 112479 1.099248898035375
9 17 7 27 53990 0.9887016115210405
13 9 16 29 71104 1.049952568209887
1 4 26 9 97482 1.04483232181953
3 19 29 18 105130 1.071513808356537
0 8 24 16 85237 0.9018182746822315
26 17 2 2 116110 0.9873581458345396
26 9 3 24 115839 0.9665858703103237
24 12 6 15 60680 1.0120019477568964
10 13 21 1 69850 1.0955377576265586
8 27 10 7 91517 1.0520215866729825
4 13 3 22 38769 0.9612236117521135
4 6 12 8 39678 1.0922702134438524
4 20 20 8 83332 1.0472171761733238
