8462 8418 8317 8660 8314 8413 8499 8621 8427 8446 8512 8601 8426 8297 8274 8477 8422 8440 8449 8483 8522 8667 8671 8527 8672 8361 8337 8537 8360
3632 3534 3744 3748 3630 3654 3546 3713 3733 3784 3739 3731 3752 3872 3734 3626 3578 3671 3693 3799 3728 3852 3559 3863 3617 3597 3726 3883 3669
1436 1387 1180 1224 1146 1146 1138 1298 1427 1319 1455 1414 1415 1391 1433 1168 1447 1186 1292 1395 1486 1104 1189 1408 1348 1202 1239 1312 1385
3043 3020 3321 3136 3231 3154 3210 3077 2971 3329 3114 3112 3065 3091 3183 3168 3277 3254 3267 2955 3051 3165 3152 2960 3136 3061 3327 3221 3012
6061 6072 6176 6026 6218 6085 6123 5898 6096 6045 6047 5958 5870 6095 6196 6025 5852 6093 5976 6003 5930 5885 6033 6107 6076 6179 6046 6142 6201
5298 5260 5167 5297 5366 5198 5066 5129 5446 5325 5429 5219 5415 5118 5134 5362 5227 5410 5425 5281 5385 5387 5390 5265 5420 5334 5440 5078 5441
3613 3665 3551 3439 3601 3609 3682 3522 3545 3404 3345 3436 3388 3651 3668 3681 3302 3659 3490 3416 3492 3534 3582 3630 3634 3673 3587 3484 3491
5902 5999 6069 5828 6103 5989 5894 5884 5755 5776 6124 6059 6029 5870 5859 6018 5887 6046 5979 5882 5979 5765 5996 5892 5981 5938 6122 6034 6137
6148 5951 6191 5859 5924 6095 6096 5921 6200 6059 5889 5861 6107 6188 6127 5929 6064 6196 5866 5838 6069 5982 5863 6001 6017 6125 6028 5848 5976
3491 3586 3682 3719 3771 3575 3705 3629 3761 3687 3667 3780 3640 3646 3468 3434 3466 3479 3805 3791 3472 3609 3662 3506 3525 3647 3773 3723 3488
6997 7142 7060 7141 7248 7176 7084 7101 7221 7106 7054 7205 7060 7044 6877 6994 6975 7008 7026 6955 6903 6924 6905 7268 7249 7115 7176 7012 7221
6493 6498 6581 6775 6602 6569 6480 6434 6577 6522 6578 6418 6495 6552 6613 6554 6418 6776 6734 6786 6632 6757 6754 6728 6602 6770 6641 6791 6740
5287 5074 5130 5377 5438 5334 5295 5327 5081 5259 5449 5120 5342 5139 5367 5235 5346 5235 5124 5097 5118 5372 5260 5075 5064 5264 5458 5236 5430
2542 2667 2853 2598 2779 2745 2633 2701 2817 2628 2747 2846 2785 2648 2713 2612 2866 2613 2681 2768 2498 2513 2613 2868 2669 2497 2587 2770 2576
6742 6875 6794 6829 6937 6716 6654 6554 6770 6720 6638 6553 6722 6734 6751 6573 6590 6714 6634 6935 6539 6814 6562 6810 6902 6902 6619 6759 6762
4121 4059 4103 4350 4155 4210 4161 4253 4311 4201 4393 4247 4085 4382 4301 4359 4062 4138 4167 4356 4356 4376 4285 4140 4283 4219 4047 4332 4411
3981 3705 3756 4031 4003 3923 3801 3725 3908 3773 3803 4068 4052 3794 3711 3828 3961 3955 3947 3690 4016 3702 3949 3901 3793 3697 3880 3885 3995
8429 8206 8375 8397 8093 8300 8144 8221 8047 8306 8265 8159 8049 8089 8257 8307 8231 8438 8113 8112 8297 8047 8153 8162 8217 8194 8310 8357 8249
3997 4183 4253 4135 4347 4155 4276 4032 4027 4025 4166 4294 4091 4015 4037 4367 4094 4358 4082 4032 4100 4198 4099 4353 4020 4285 4294 4245 3962
3187 3101 3078 3254 3237 3449 3254 3314 3131 3409 3444 3125 3195 3233 3318 3298 3305 3249 3304 3369 3360 3122 3214 3092 3319 3393 3311 3279 3275
3085 2919 3016 3242 3142 2900 2898 3283 3223 3050 2949 2913 2910 2965 3253 2981 2924 2942 3107 2919 2899 3039 2972 3204 3023 2968 3108 2900 3245
3689 3574 3600 3659 3561 3453 3396 3353 3538 3610 3559 3624 3558 3458 3409 3400 3491 3699 3495 3678 3614 3667 3575 3516 3522 3642 3350 3527 3658
4423 4228 4109 4097 4177 4317 4328 4235 4162 4111 4114 4433 4248 4120 4366 4121 4088 4249 4081 4413 4070 4263 4133 4373 4356 4262 4071 4288 4116
6750 6813 6592 6810 6472 6727 6692 6652 6748 6822 6667 6743 6484 6543 6700 6657 6764 6567 6708 6604 6762 6793 6723 6777 6609 6482 6512 6818 6547
2144 2238 2021 1933 2221 2161 2033 2281 2201 2071 1958 2056 2311 2237 2051 2318 2268 2271 2231 1969 1945 2133 2245 2094 2319 2171 2038 1932 1993
5683 5643 5647 5527 5674 5600 5507 5789 5524 5626 5756 5590 5634 5602 5599 5888 5526 5904 5632 5590 5883 5729 5649 5532 5721 5585 5569 5540 5574
7466 7546 7226 7314 7221 7381 7480 7441 7491 7322 7519 7413 7449 7447 7246 7269 7383 7593 7210 7333 7503 7476 7225 7411 7251 7572 7513 7388 7599
7208 7205 7081 7164 7302 7294 7019 6952 7111 7043 7137 7034 7275 7284 7126 7031 6991 7065 7133 7245 7148 6938 7238 7123 7070 6936 7299 7102 7153
5758 5589 5476 5696 5773 5773 5610 5629 5703 5590 5693 5533 5546 5458 5409 5639 5485 5776 5672 5621 5766 5739 5685 5699 5701 5531 5766 5625 5455
4256 4211 4225 4255 4178 4269 4412 4081 4212 4401 4372 4409 4168 4216 4051 4080 4324 4192 4303 4225 4144 4066 4228 4041 4416 4396 4188 4204 4380
1451 3087 3323 7844 8251 7956 6687 5546 5402 8320 2938 4236 6327 2592 4376 8638 4497 1550 3899 8000 4163 5120 8671 3366 3660 8802 4221 2179 5164 2853
1184 3089 3310 7558 8217 7727 6989 5652 5336 8118 2821 4439 6520 2725 4439 8612 4317 1433 3764 7999 4458 4850 8519 3613 3472 8548 4161 2210 5106 2900
1281 2919 3160 7566 8149 7755 6875 5851 5470 8299 3204 4383 6421 2418 4415 8672 4584 1604 4124 7959 4536 4961 8609 3633 3517 8575 4233 2207 5236 2766
1329 2882 3260 7724 8092 7621 6906 5659 5693 8214 3076 4446 6327 2419 4482 8876 4272 1540 3845 8195 4280 4869 8513 3730 3561 8774 4246 2071 5196 3012
1115 2746 3426 7609 8247 7790 6701 5570 5373 8186 3003 4315 6394 2386 4274 8540 4614 1406 3938 8252 4482 5005 8515 3671 3531 8870 4350 2223 5078 2879
1124 2995 3174 7832 7939 7990 6920 5597 5530 8150 2928 4507 6293 2519 4355 8763 4374 1629 3925 8034 4545 5108 8720 3540 3783 8766 4215 2191 5061 2921
1427 3021 3267 7681 8309 7777 7015 5721 5641 8187 3021 4239 6496 2679 4443 8719 4385 1439 4018 8048 4246 4865 8794 3351 3626 8547 4260 2240 5180 2707
1380 3091 3160 7512 8264 7642 6672 5561 5318 7945 2871 4219 6321 2770 4432 8728 4319 1346 3856 8089 4396 4947 8845 3481 3737 8638 4216 2056 5115 2776
1229 2710 3453 7700 8118 7914 6732 5525 5681 8237 2854 4297 6247 2593 4481 8693 4343 1304 4042 8260 4322 5034 8570 3619 3654 8610 4460 2312 5157 2739
1310 2744 3331 7685 8222 7712 6854 5784 5583 8227 2935 4297 6592 2714 4312 8610 4241 1287 3836 8133 4275 4894 8653 3381 3679 8856 4462 2303 4905 2752
1438 2794 3417 7459 8127 7763 6672 5615 5360 8160 2858 4416 6417 2548 4356 8844 4542 1460 3872 8180 4200 5074 8521 3488 3680 8862 4275 2379 5184 2948
1464 2708 3323 7852 7970 7615 6896 5862 5420 8305 2999 4404 6439 2438 4526 8554 4540 1386 3874 8182 4376 5093 8519 3349 3564 8598 4355 2257 5295 2659
1329 2787 3440 7860 8245 7682 6974 5700 5613 8262 3188 4428 6359 2378 4543 8736 4253 1513 3863 8034 4176 4938 8636 3680 3585 8646 4265 2128 5263 2717
1267 2740 3416 7646 8229 7893 6778 5632 5334 8150 2975 4202 6571 2454 4547 8891 4224 1592 4012 8221 4264 4840 8582 3443 3463 8838 4497 2392 4910 2785
1163 2869 3466 7595 7973 7636 6892 5579 5408 8228 3173 4223 6604 2592 4221 8711 4563 1593 3942 8149 4457 4953 8679 3483 3666 8635 4111 2370 4952 2672
1397 3076 3485 7858 8288 7929 6823 5628 5448 8118 3075 4392 6612 2599 4468 8689 4555 1305 3918 8069 4340 4969 8600 3622 3652 8871 4402 2302 5264 2685
1203 2711 3159 7733 8284 7926 6945 5581 5404 8140 2864 4172 6312 2515 4223 8923 4533 1558 4041 8289 4506 5029 8596 3745 3537 8674 4109 2241 5292 2886
1279 2786 3105 7625 8265 7842 6866 5907 5335 8063 2943 4486 6451 2592 4586 8646 4319 1299 3783 8208 4544 4737 8522 3452 3691 8722 4386 2074 5209 3008
1461 2875 3407 7460 7968 7842 6951 5757 5475 8247 2985 4443 6371 2737 4297 8829 4290 1452 3814 7970 4190 5013 8725 3475 3678 8595 4219 2376 5159 2684
1177 3002 3432 7613 8012 7715 6877 5787 5404 8138 3138 4435 6263 2473 4257 8567 4532 1298 4135 8099 4338 4901 8557 3658 3819 8575 4351 2034 5249 2988
1356 2804 3377 7758 8341 7876 6830 5538 5434 8033 2943 4265 6334 2565 4593 8642 4241 1528 3831 8211 4183 5079 8623 3578 3471 8586 4463 2031 5067 2982
1109 3092 3407 7633 7954 7652 6736 5869 5593 8339 2942 4299 6542 2732 4555 8848 4553 1410 4122 8028 4404 4924 8779 3378 3692 8637 4297 2282 5173 3024
1343 2938 3316 7758 8173 7865 6679 5570 5628 7987 3009 4526 6579 2555 4275 8563 4234 1677 3921 8184 4488 4999 8532 3506 3630 8497 4395 2243 4935 2983
1240 2898 3394 7724 8327 7666 6678 5604 5300 7998 2890 4542 6453 2525 4590 8916 4404 1494 3806 8191 4188 4935 8647 3518 3642 8606 4483 2289 5143 2670
1343 2862 3254 7757 8013 7665 6688 5712 5351 7959 2992 4224 6593 2525 4388 8811 4344 1672 4024 8207 4374 4891 8865 3542 3633 8639 4145 2049 5239 2992
1189 2960 3411 7707 8286 7898 6684 5888 5681 8225 2945 4418 6525 2696 4285 8622 4582 1520 4065 8095 4330 4818 8594 3407 3452 8792 4365 2274 5049 2947
1176 2852 3461 7478 8005 7959 6748 5568 5646 8281 2931 4319 6625 2547 4381 8774 4512 1566 4048 8314 4340 5050 8546 3462 3465 8532 4258 2409 5136 2890
1376 2737 3384 7655 8264 7836 6773 5649 5552 7953 2829 4332 6508 2572 4515 8623 4405 1492 3956 8240 4299 4782 8910 3739 3525 8881 4402 2149 4994 2865
1473 2981 3420 7748 8202 7799 6966 5845 5653 8285 3068 4308 6305 2540 4276 8758 4536 1629 3814 7940 4315 4971 8665 3654 3747 8506 4301 2360 5091 2782
28 11 1 14 70900 0.990519517733196
10 9 10 22 61507 0.9707787885905901
14 10 23 13 34802 1.060002360307568
15 22 9 15 37124 0.9170735540903306
2 21 5 10 24365 1.052596430109992
3 2 7 17 30379 1.0999866669229352
8 29 26 25 61771 0.9583647618303309
12 13 21 0 48022 0.9810839011538215
22 10 27 15 34402 1.0375083345956668
23 17 14 9 43624 0.9188075046188461
16 28 22 15 53938 0.9230730773041009
28 1 16 10 54285 0.973713956092218
11 28 0 23 38949 0.9800182878248347
20 22 23 15 32823 1.0989988942059465
29 21 12 6 77919 1.0833175973861364
17 1 3 23 58654 1.0660285851184403
19 12 11 18 34823 0.9168850315941335
2 5 27 11 71017 1.0483710211574282
2 1 17 25 77991 1.023266438986093
18 26 15 1 91154 1.0345980646002404
24 3 6 29 84372 0.9453962113811945
28 11 13 18 49112 0.9230529269373638
27 24 11 9 73570 0.9403920870512013
27 25 17 6 88840 1.0225438224287706
20 29 17 22 36374 0.9816192120566376
9 29 3 1 59253 1.0740413347930955
20 1 19 22 66270 0.9444083418864238
24 2 9 27 83376 0.9379101786007579
25 23 16 17 28052 1.0752848798312364
27 22 8 1 92353 1.0502446789047657
16 16 4 22 45413 0.9868221648289891
23 9 3 18 58681 0.930048598391434
21 8 0 28 81103 0.9530521101938103
19 8 0 7 67925 1.0111732117836958
10 0 7 14 45016 1.0617235482454757
19 27 20 14 41373 0.9414263393760505
5 22 15 21 48198 1.0770716024091682
26 7 17 24 70838 1.0087782788473738
25 26 11 4 91464 0.9024852387608713
13 26 15 16 30967 1.0611807959691855
9 10 29 5 80620 1.051593369923891
21 8 2 29 72543 1.0133876748734783
29 0 20 20 58137 0.9738964412027553
7 23 25 16 57077 1.0247232811002998
7 23 6 8 54460 0.9087595402550273
19 21 24 15 25275 1.0228171442617842
9 10 28 23 73897 1.0796027625753501
27 15 6 21 58778 1.0614781616419162
1 4 15 24 67011 0.9738649449353407
4 28 4 11 40366 1.0031943305905113
2 20 21 29 58259 1.0965639780384944
11 24 21 24 36126 1.0205977845300733
4 4 0 15 46201 1.0327075225100633
18 22 10 10 56379 0.9977546754772258
12 25 27 10 67476 0.9272672930983472
25 18 11 24 48204 1.025947026757452
19 22 28 4 80614 1.0255723925736357
18 27 22 10 55769 1.0420812667241677
15 15 25 0 59288 0.9760270091930057
1 5 26 16 66473 1.0399784281353976
7 10 26 5 76952 0.9897266488699614
18 13 29 6 53783 0.9691832589590104
28 7 20 12 46265 0.9977669127799113
12 13 3 15 29340 0.9316375769961727
0 10 11 28 55104 0.9237770600230115
29 16 26 6 49360 0.9951840244273202
1 8 29 13 71679 1.0251750345267376
1 4 10 6 51007 0.9106255556001099
6 3 15 23 74698 1.0782092396565592
9 7 4 25 63971 0.9380538074146987
7 11 21 23 66653 0.9281380655412597
17 10 22 19 41229 0.9676780144051993
17 26 2 13 57708 0.9155967922534777
10 20 0 22 48350 1.0431003937766614
2 20 21 9 57332 1.097618143056072
14 21 2 26 42924 0.9607290852250597
0 3 9 19 51375 1.0086984350957238
22 4 15 8 54217 0.9791513964311752
21 28 11 3 99666 0.970777214489715
2 18 18 8 59399 0.9087069441566352
12 4 0 1 40943 0.9352469018964547
11 27 7 6 75933 1.0870685204043338
20 24 6 18 44573 1.018131105496435
14 18 20 27 43495 1.0787682505542668
9 2 21 22 84078 0.9194613997560396
20 17 10 14 30423 0.9875239792740282
17 23 2 25 51722 0.9184785842120925
4 22 26 4 96528 0.9933046977294645
0 17 25 22 54139 1.0357166803922926
19 2 4 10 47465 0.9493123805711419
11 15 18 2 64744 0.9727877608685177
22 12 11 10 41772 0.9318506540968127
17 0 1 24 54412 0.9491699171115419
10 20 24 27 55631 0.916130512148882
23 23 25 11 33777 0.9500158454690372
25 7 9 18 52795 0.9070286362892754
9 18 20 17 19222 0.9696945337362648
6 5 18 17 59315 0.9562999100048832
23 0 22 11 32557 1.0369397362011525
16 8 4 18 54984 0.9482522641242231
2 13 4 2 20582 1.0062200897714044
28 16 3 29 62167 0.9426132069481898
1 25 22 10 68940 1.0520960821034633
17 20 1 18 41452 1.062880884904796
0 4 14 29 79012 0.9627372606247491
16 14 8 18 29136 0.9031324349445435
16 13 3 11 39266 0.9023848376591254
27 21 19 10 53296 0.9423719565197995
18 14 9 17 25491 0.9783641340096716
2 0 0 26 42416 0.9479918755167642
1 24 17 10 59750 0.9211511224519761
12 22 10 11 50588 1.0490175074554002
11 9 21 12 43988 1.0081397703612054
12 3 8 11 46705 0.9721223368697418
20 4 5 17 60852 0.959245724676733
11 11 15 0 40972 1.0545493465901792
12 23 12 2 63777 0.91889052510614
20 2 12 0 16280 1.0999282278641411
9 3 29 9 70765 0.9921508492860982
3 2 26 25 84105 1.087189333248261
17 21 21 8 55045 0.956325528996882
25 0 6 18 62026 1.0542648509430081
29 17 22 26 36135 1.054977252049749
4 7 13 27 62493 0.9836982956855089
2 23 7 8 42176 0.9846860401008698
22 23 19 12 42481 0.9227450752771992
20 1 16 21 69783 1.0161677480525577
1 20 4 29 21909 0.9328208159520129
5 26 23 1 80062 1.0183434785757546
7 22 13 17 34422 1.0976753342760555
0 27 23 19 61065 0.9814626209138908
3 24 18 12 56173 0.9699643859649463
4 6 22 6 72489 1.0212205028526933
15 11 22 20 47513 1.0165302849046685
11 23 8 3 83868 1.0880865522076846
21 17 13 5 44366 0.9336700816855158
1 0 21 8 54198 1.0186071380839383
12 26 12 9 55649 0.92998294270327
11 6 21 9 52355 1.04155748182025
25 20 12 21 42549 1.0600968408762177
0 11 27 27 77211 0.960718450032169
16 2 25 13 48008 0.9741748596189631
22 6 18 23 67642 1.077665993877942
25 29 10 15 62867 0.9215792283296674
28 25 24 18 32393 1.0270471367638376
2 4 8 15 38154 0.9579183407650408
4 4 29 5 75434 0.9387477786609318
23 7 23 26 51217 0.9296891509634837
4 27 22 15 54285 0.929610146061442
4 1 7 8 36451 0.9877864663254123
19 24 0 1 74587 0.9281374048583945
22 19 2 23 44931 1.0026258827016348
17 5 26 24 83436 1.042094197394292
24 15 2 24 45766 0.9321898545951146
12 23 16 17 23856 1.0045902562067484
7 24 11 9 69934 0.9050951029562045
21 24 2 11 58832 0.9869647024490125
17 16 3 8 46837 1.079068773251793
18 2 2 14 47291 1.032766258206071
18 5 25 9 47040 0.9339350671066868
0 7 15 29 72984 1.0552474954195623
2 6 23 27 70730 1.0126462136908576
7 9 24 15 63040 0.9252277594395991
13 25 28 5 92630 0.9108843658354185
25 26 3 24 62490 0.9963418787835452
19 5 14 18 53169 1.0513079045777483
24 21 4 27 57663 0.9436229920874041
3 6 15 7 58848 1.0627079448113421
4 12 17 18 44546 0.9088072385411629
17 9 5 16 56201 0.9592211946745504
9 6 2 18 46648 1.0019444742162626
0 29 20 23 60909 0.9838959228394315
25 4 18 21 61611 0.9841278501567465
7 3 20 25 92073 1.016971306889684
17 22 4 16 51018 1.029545278865384
13 1 17 11 41619 1.0374632021943249
28 21 8 19 63175 1.0649600603154945
18 6 26 24 71439 1.0175931131866247
7 17 14 2 52683 0.916886825192094
20 11 3 21 54277 1.054956262766476
19 4 13 10 37809 0.9706061913074963
9 11 22 1 58445 1.0054973217165266
29 9 11 28 88054 1.0113316110472885
23 24 27 0 58741 1.0734721825534848
23 25 8 17 48295 0.9856811244854933
17 9 11 21 60201 1.0118962803854203
14 10 2 12 38781 1.0395698891044627
23 8 5 27 76241 1.0528639251240408
14 9 25 29 73451 0.9682731113643348
14 18 12 27 29834 0.9844299159880543
8 11 19 27 71439 0.9736844303712886
11 6 18 23 75758 0.9155063497490535
2 20 23 26 59854 0.9444273097240201
1 29 4 19 29392 0.9809103930732258
16 0 3 0 16972 1.0941305224312368
0 4 5 29 57868 0.9790472797552205
3 25 10 17 27268 1.0687734866263452
11 23 6 18 34834 1.0222390021258074
29 3 29 14 46973 0.9283398440983233
25 9 19 0 33417 0.9692889734396299
22 27 1 20 57903 0.9864160838444757
4 4 22 20 75130 0.9925849137891982
14 23 2 4 52240 0.9869535841258976
26 6 1 6 69019 0.9436314047333961
13 8 28 18 52894 0.9461281908452052
24 3 4 13 56646 1.0387128219273047
25 3 16 25 80526 1.0034053960144875
3 7 15 29 67637 1.068083556394226
19 3 6 16 63467 0.9221142237128656
12 28 5 0 66473 0.9413239473055137
7 18 4 9 35712 0.9222886857564645
17 8 9 17 47171 1.0212339864632924
18 16 16 1 61502 1.0360940048993814
19 16 6 15 28822 1.0825721739014025
28 20 12 11 60423 1.0871821451246302
7 28 24 17 61935 0.9063728271491198
18 18 8 29 57029 0.978446957704077
27 6 6 24 94649 0.9437598369921664
5 14 7 3 48859 0.9436439095533344
26 24 22 7 54899 1.0062275731215744
18 19 14 0 63234 1.0590596271110109
19 23 9 10 59164 0.9128522306029252
1 22 12 10 52380 1.0073027120662177
1 13 9 11 27929 0.9355982723728392
22 11 3 6 73472 0.9755334678521739
0 4 20 28 89570 1.019069726222337
26 3 11 20 78384 0.9064880720808116
6 17 16 20 25817 0.9785858483346719
8 25 24 5 82793 1.014827351421573
4 14 18 25 67627 0.9430868376294865
1 27 5 16 24836 0.9289157578698777
24 12 10 15 45719 1.0711191274047553
15 3 9 11 48386 1.0169359545449206
3 3 12 24 64040 0.9576225314223182
2 21 17 3 65211 0.9056957976796268
27 23 10 29 57337 1.0614993997946507
7 2 3 19 44013 1.0455933675630693
20 9 26 22 55634 0.9059688181352124
6 28 20 27 34948 1.0649038746777435
3 3 29 20 78706 0.9749379307429781
10 8 5 15 44717 0.9588148631386528
28 7 16 0 47736 1.0536977725269452
19 17 3 6 46493 1.0635685106206434
2 10 26 19 59413 0.9223011175135286
15 12 7 24 58134 0.9863578137089289
22 3 10 29 99120 1.067276796273104
6 1 23 11 54989 1.0718678561880286
11 10 26 6 61082 0.9025069204316659
3 7 14 25 64451 0.9296005154739075
4 16 8 9 41294 0.9200771621108541
20 26 28 17 39432 0.9734364836077115
13 14 21 18 23515 1.0177617433297894
29 22 22 18 36229 1.0367742278469532
25 23 11 29 47520 0.9627554918837878
17 6 7 10 49080 0.9235886897322662
19 1 28 16 57650 1.0078388907879337
24 2 14 13 49132 1.0002582795210713
27 10 12 28 73944 0.9647852782071161
14 14 12 2 40767 1.0089334040267086
12 0 25 27 75292 0.9187901100125234
4 13 12 1 40206 0.954886106158218
0 19 19 27 63355 1.032413882340063
14 11 20 22 45675 1.0571334613921208
3 13 5 28 32285 1.047216588557833
10 16 24 13 36414 1.0628638388901948
14 9 0 4 66574 1.0587065939289169
16 10 25 16 40989 0.9889546771602616
25 29 17 6 84665 0.9722530555785609
8 0 27 7 52684 0.9743759555691889
8 24 0 18 37292 1.084495854950076
11 23 29 10 68885 0.9701536614744439
16 16 23 21 29028 1.0585142117808477
12 5 3 11 54053 1.0564293853022748
23 24 15 17 31551 0.9672840589678736
15 16 29 28 53944 0.9480830735299183
6 24 11 2 68586 1.054686632011846
5 14 10 8 39583 1.0883640426440548
12 12 10 4 49711 1.09025549846667
27 4 20 28 85632 1.035197329563079
2 1 28 6 68774 0.9264543210844979
24 8 8 3 53289 0.9648633931055157
8 11 28 29 84618 1.0524280654063742
6 13 27 12 61502 1.0215008686060874
27 24 8 5 98662 1.035671939963091
2 3 29 6 64375 1.016182507688967
4 26 24 5 78155 1.06311139447454
4 14 12 8 48556 1.0282213658853783
25 18 8 26 65103 0.9200977746258862
12 11 24 27 58520 0.9395742086637499
14 0 11 17 50346 0.9994402779828411
17 20 14 29 43943 0.9273163586561473
5 29 13 5 72858 0.9084438337186282
5 21 14 7 61895 1.029854787442307
28 5 24 18 57472 1.0177762498136493
7 0 19 26 82835 1.0732019787446707
1 6 4 14 26446 1.044817577958804
27 2 1 28 84295 1.0353204649234136
0 3 4 10 30380 1.039272857414098
25 25 11 28 47578 0.9380219399515681
1 6 26 28 87141 0.9163011409492234
25 27 7 13 64694 1.0458200607121528
24 1 17 25 80062 0.998706729037306
15 14 0 13 42577 1.0669129698971775
19 8 11 18 47932 0.9277178570084712
17 1 27 10 44641 1.0205494341994141
24 0 20 9 32756 0.9573405405823254
29 11 13 1 56978 1.044366222396325
1 28 22 12 66621 0.9722812454374605
4 27 23 9 74158 1.0157534730999733
9 22 14 12 43817 1.0934275435354992
17 5 10 24 84879 1.0063308416647123
29 16 18 18 25420 0.9662399890798893
10 19 4 27 41736 1.068095463690424
5 25 17 25 51887 0.9866816419693886
2 1 23 14 64313 1.0533620799754435
5 9 10 29 62429 1.0675616207706553
0 0 17 13 57642 0.9646150590770666
10 27 20 26 25661 1.0699744056683154
12 7 20 16 46084 0.9098293286747569
25 3 6 9 69082 0.9718579970363839
22 20 29 1 62463 1.0922064398821034
8 14 23 28 65192 0.9676066417620031
25 23 22 8 45707 1.076173445432843
1 7 20 0 37682 1.0799075844441173
0 14 25 14 56008 0.9066984409181253
25 28 0 11 77650 0.9457690767417916
29 6 8 25 103917 1.0197737945606926
8 12 29 3 85881 1.0158243408056704
23 4 6 15 69418 0.9010886201568896
27 29 24 17 34170 1.0610181494892168
26 4 1 5 67156 1.051081345530577
3 13 24 18 42248 0.9298002850172897
20 28 3 28 44070 0.912492751062978
7 25 24 21 63129 1.0012367175647428
23 12 9 6 67438 0.9969548180524984
25 6 8 22 77888 1.0642134187489156
1 5 8 17 32742 0.9477850007399966
29 8 14 9 60060 0.9356997652447606
6 25 20 0 72883 0.9963704802027882
0 3 12 17 48224 0.9718367129720664
1 15 5 1 33660 1.0595880463754215
13 4 7 28 77325 0.9171483732885006
27 1 18 22 72662 1.059172686252464
22 2 14 18 59932 0.9643087732329281
24 3 28 22 62729 0.9889365083432207
3 28 3 0 41982 0.9145493018465936
0 25 22 29 70106 1.0347646088001827
12 26 14 11 48657 0.9655352156746276
1 19 23 29 68774 0.9704856395095852
7 24 20 27 43192 1.022991539326552
5 10 4 23 34021 1.055256108794658
14 9 22 23 63843 0.9745108817137133
0 29 15 7 75343 1.0502876001837225
18 27 25 2 70046 1.09568193523063
14 10 2 27 50955 1.0974011962238648
20 21 8 20 43007 1.0873174039002624
15 16 22 9 41865 1.0139664676055742
26 29 2 5 79451 1.0407660785154524
6 2 19 29 90146 1.0333079618441594
15 26 3 28 34190 0.9061202349577129
20 3 25 26 72154 0.9986165615393395
15 11 15 28 59618 1.0909229198902153
14 7 14 24 55012 1.0365406291700405
11 8 13 0 32551 1.0537641151975237
1 1 0 28 48183 0.9595412814164151
7 5 20 3 53190 0.9806458289605944
15 23 14 8 52608 0.9993336595696191
2 5 28 29 85206 1.0006191268018483
4 5 23 22 82743 0.9034313035800757
3 18 12 8 47839 0.9312056884822549
1 10 8 29 45151 1.051367018400606
21 9 5 4 72619 1.049180706111171
6 29 5 16 36901 0.95269859711913
24 28 28 13 42562 0.9026091778984947
1 14 9 11 31034 0.9321896758216892
9 17 18 27 43332 1.0274531914371274
2 16 19 19 32713 1.0072357522486082
10 19 18 15 34201 1.007144665512325
24 27 20 16 30449 1.0768921359476231
4 1 19 18 54751 1.082331159321544
24 20 14 9 51589 1.0766864367765843
28 8 10 17 58754 1.0695042916973403
7 3 22 26 102333 0.9450167044258185
15 21 19 1 74776 0.9069496156471211
27 0 0 19 71196 0.9184107073438211
21 6 10 6 66058 1.0283556753425969
24 28 9 15 52100 0.936247478543847
24 19 0 7 61587 0.9199680735346557
10 0 26 19 72299 0.9330288222935617
20 9 0 24 66148 0.9268369771475838
2 9 26 27 68901 1.0971444982433527
13 7 15 23 49975 0.9114024606164627
25 0 19 28 73420 1.0798803686886351
27 7 3 20 78912 0.9526896170904169
20 0 27 22 71664 0.9689373942806219
9 5 9 25 72307 0.9881935445799226
12 12 28 24 63728 0.9573773350113266
19 17 10 4 68661 1.0388999085424153
28 22 24 28 30389 0.9057073384503925
1 3 18 25 81100 1.0407186544747253
3 11 1 2 19026 0.9263623244369837
13 29 15 4 82309 1.0284882948909781
4 13 29 22 71205 1.0308326191082513
7 18 4 2 39685 0.9367944252015938
0 28 14 0 62223 0.9556893350234417
14 8 10 28 70079 1.0270190560011967
29 2 16 25 91720 0.9870517115729766
5 22 11 3 75791 0.9228691681816135
11 1 3 23 51623 0.9599278817945409
19 5 29 28 83539 0.9982608844913037
8 9 29 16 68069 1.0853468056284081
18 27 11 6 81552 0.9480800089039245
21 0 7 4 41431 1.087950367667359
25 14 27 28 46275 0.9261108676477273
7 25 20 15 60147 0.909298599929918
29 2 19 13 53027 1.0812464511069118
17 9 21 29 77575 1.0220034794161643
7 14 17 17 30877 0.9160238279750047
27 7 22 28 69156 0.9450239483381015
1 15 13 6 54547 1.0615912012912594
26 2 7 17 63288 0.9103990865791364
16 24 18 13 46530 1.0535188678924243
16 21 6 1 66898 0.9095945716654318
21 3 5 27 77366 1.0720719902428397
3 19 19 27 54589 0.972150800894892
3 27 29 11 77507 0.9115366628625716
19 8 5 1 49643 1.0678476667636616
12 27 29 9 79006 1.0199020912880081
17 21 24 14 36805 1.0379646711559156
16 5 10 26 84185 0.9012758216391871
19 15 28 5 65728 1.079238307964262
29 4 1 11 70520 0.9165971543932033
22 8 24 28 52719 1.0201635361076806
29 17 25 5 41490 1.0940274751870611
12 0 11 9 40457 1.0458381258627965
20 1 28 15 56969 1.0191392715293492
17 14 25 18 32238 0.9989322988886769
13 29 17 12 60501 0.9250988522010223
8 1 9 29 71574 1.0025140713189566
21 12 29 16 32447 1.0734217902147283
13 6 1 24 58442 0.9910451599140685
25 2 19 18 46031 1.0452601641853223
5 3 12 8 52327 1.0529518984262736
25 7 29 25 64590 1.0929664289596788
27 28 26 12 56794 1.0367312605042807
28 6 18 29 90961 0.9447906116726363
25 27 3 12 66507 0.9293238426371797
0 6 23 12 78339 1.0453900981339541
4 1 26 15 76753 0.926860399617772
4 8 17 4 63128 0.9256548998294233
8 12 11 22 53986 1.0352993498213077
23 18 14 7 54200 0.931528031332308
16 7 14 26 68063 0.9644315638767472
23 1 7 7 59231 1.0062205445058758
15 1 9 13 48486 0.9092841161907991
14 12 5 10 35818 0.9304270757792875
16 10 3 9 42285 0.9001668990998936
2 3 4 15 29169 1.0762667201446694
7 13 22 10 48060 0.972947447877707
19 22 22 29 30514 0.9379744708139941
9 8 2 28 52289 0.9955561397349618
5 8 12 18 48641 1.084882404368197
6 6 2 21 41446 0.9713815558197627
20 25 6 29 44515 1.0440030143063044
10 26 4 22 38835 1.0557902289815868
16 25 21 5 77748 1.0653948705484422
10 20 22 18 38098 1.0809781885128031
9 13 4 4 45783 0.9786752560445839
10 1 22 25 87845 0.9942321927175156
16 18 3 25 40072 0.9868392336779344
14 22 15 2 69508 0.9835754330682714
23 16 23 28 35163 1.0588272126898892
27 27 19 21 37062 1.07365668514215
14 6 24 7 51708 0.9600391663478712
24 8 0 14 64454 1.054162619565398
23 15 14 6 64289 0.920187476084214
25 5 13 11 54096 1.0096280117576053
9 29 14 22 36904 0.9530469606517364
24 1 15 24 76248 0.9006140242448215
29 21 0 19 73506 0.909233711880593
26 7 12 6 63504 1.0896454055667673
14 9 7 3 53469 0.9304685567320097
8 16 7 5 55412 0.9654659605197667
23 16 7 15 41558 1.029416003204904
4 0 8 27 50871 0.97095367475557
28 5 18 26 94166 0.9807729485071335
4 8 27 25 88260 1.0393758906811306
25 15 27 6 47255 1.0368662037310385
5 13 25 9 63921 0.9508780481074803
9 1 25 19 71457 0.9061749203773735
0 25 11 25 51192 0.9822544428299654
3 21 8 7 54007 1.0182406098690235
24 8 5 1 47026 1.0839762262369814
14 8 7 15 46327 1.0110787149409755
12 16 1 2 42658 1.0933690163482757
8 19 22 21 48860 0.9019747367560823
16 1 25 5 32371 1.0643175496810795
18 19 4 29 53025 1.0231409671766238
5 14 0 0 31961 1.079971226098714
23 10 4 17 47065 1.0976643383567544
15 20 6 3 67932 1.0252656527305608
24 27 17 24 28271 1.063225582376353
9 12 25 18 45801 0.9892929699374807
23 28 8 3 101251 1.031969077822815
0 21 11 11 54685 0.9096870135882877
6 11 18 0 48992 0.9713438744857532
29 12 5 4 89165 1.0577307658873845
0 4 5 12 40864 0.9347925073016307
9 3 15 10 43975 1.0552095657570295
9 6 1 15 49587 1.0052239778426313
14 16 11 7 40283 1.0918778492121317
15 24 7 1 75504 1.0306749829143296
2 9 28 22 75791 1.0027258344084906
5 24 24 6 75574 1.07200207852447
27 6 9 27 95485 1.0504602806553192
2 26 10 11 46550 1.0922687204335473
3 25 15 15 43233 1.091948545479951
27 15 7 13 60009 0.988838272236245
20 29 15 20 46148 0.9177402924425406
20 20 26 11 36960 1.0731250910016241
0 22 5 8 51737 0.954051681181241
13 12 10 19 32017 1.04573102456627
27 18 15 26 55201 1.07644398114958
19 12 13 27 51455 0.929401954278245
20 28 5 22 57818 1.0082702436946653
8 1 18 8 50861 0.9065249363733296
7 7 23 15 78412 1.0966768593979421
22 16 7 8 63919 1.0838235721706755
4 27 17 26 35142 0.9085434901198423
13 16 4 19 27705 1.0786499118601873
16 22 8 28 42345 0.9471856814620151
28 27 10 28 47291 1.0958217164294297
1 16 26 14 52441 0.9559669009150755
2 16 28 22 66196 1.0470084998400448
6 26 13 29 24608 1.0458071588279299
12 26 19 20 43215 1.0775408820890147
19 6 8 1 38818 1.0857962667203283
18 23 21 5 65579 0.902787830145748
12 18 6 22 31048 0.9830952116117414
10 23 16 1 78526 0.9458435967241587
17 7 27 22 81210 1.0345397116323707
0 10 24 20 54073 1.0758324040636629
14 12 1 22 49990 1.050901908168749
12 24 27 5 87813 0.9158986713571041
23 18 5 10 56125 1.0193192370075908
16 28 14 3 83020 1.0597144680721158
17 0 28 12 52480 0.9781353084384172
13 3 3 17 46516 0.9974178653099333
19 28 17 6 85141 1.0299379970996372
13 16 19 3 56274 1.0224467861966466
18 0 1 29 61605 1.0001167519120817
5 15 14 26 50170 0.9027635210594015
17 8 8 2 54867 0.9031906246552582
5 11 22 26 79830 0.9257162949095442
29 10 24 19 34466 1.0880604772923075
1 11 19 16 40725 0.9639606670993341
13 9 7 23 56104 0.992011567407697
23 10 4 7 72411 1.0427583073784181
14 0 4 19 52796 0.9828734021109983
13 11 25 14 40595 0.9035858794443263
5 15 8 23 40223 1.0505306830612693
13 26 4 5 71061 1.0228376764713758
6 7 26 28 94010 0.9712854666873836
6 26 14 0 63245 0.9834732973896883
19 22 20 7 48153 1.0115570025881455
16 0 5 14 47579 1.053236688330991
23 22 4 9 73364 0.93812438664104
17 13 6 4 59812 0.9270769053267847
22 20 12 0 66974 1.0206642543554787
18 13 1 13 43339 1.0582953983624965
24 22 9 9 61189 0.9409085888097866
12 23 25 2 70947 0.9678874514921276
10 8 1 16 46581 1.002218829857304
1 10 11 22 54084 1.0460606436083957
27 12 6 12 64890 0.938187104117639
1 23 7 28 25776 1.015698556325986
10 9 20 14 45456 1.0603828591626785
1 28 29 25 74919 1.094440104302707
20 2 17 26 84974 1.0027822620474327
9 24 24 0 83679 0.9491164024139539
27 16 14 29 62393 1.0251040524716775
21 1 7 15 69098 1.0351894899988348
3 20 15 23 46398 1.0232521580467353
11 16 4 5 50860 0.9210247254379793
1 24 0 3 46355 1.094230624958696
2 2 27 18 63544 1.0919091298733783
19 6 29 28 80090 1.07281812549415
22 8 24 29 54712 1.0831940534112965
15 6 10 15 52737 1.0434211834286677
24 16 10 11 48192 0.9298874877379741
17 6 29 27 88989 0.924601596531483
8 18 26 10 50488 1.0164823370017169
22 28 29 18 42307 1.0204496084813541
23 5 2 12 62214 1.0974827148619783
26 13 0 22 68947 0.9305075019884963
5 6 15 24 76984 0.9386368582655037
2 15 21 22 48307 1.0129413298606393
0 20 24 9 61884 1.027533445359554
25 0 4 22 73236 0.9396014570436968
13 0 10 17 48405 1.0685643680820458
7 22 27 22 80741 0.9418804285495318
22 23 1 15 59482 1.018508802078852
2 18 10 7 48727 1.0088928208660244
21 8 16 20 48185 1.0883581325009943
27 25 8 1 94748 0.9730644385280602
26 16 13 9 48626 1.0021965819319754
6 23 6 1 53112 1.0956538316626891
21 27 28 12 52990 0.9728429672718064
19 29 26 16 49424 1.005642584453125
2 25 4 4 43846 1.0460240794028806
2 4 10 2 24520 0.9093450365774479
16 5 29 26 94888 0.9016300791337732
20 12 29 21 45885 0.9996635133344537
26 13 4 13 56491 1.0230308262124956
0 21 21 8 72326 0.9618499216958751
2 5 29 5 62476 1.0565782313823284
6 7 22 2 54800 1.0117028084812636
3 0 13 29 66267 1.0860750659872591
17 26 13 10 60056 1.0772158362572142
17 21 11 7 64052 0.9153202703380499
10 24 17 9 68993 0.9193987677298701
14 20 0 6 56821 1.0666929212642207
7 26 22 0 77650 0.9839839348585598
8 8 24 29 85423 0.9557659125981705
25 8 29 14 33044 1.099249499261667
22 2 0 15 69676 1.066115167054161
19 28 9 9 77775 1.0813067251465482
22 17 1 11 41656 0.9936960567784154
18 23 13 8 56554 1.0983028675061361
20 22 20 7 45357 1.0748113969284907
5 21 12 1 61002 1.063906509709979
1 10 18 9 54813 0.9680914029479205
7 22 28 2 96259 1.0873932517206248
20 27 9 2 91391 1.0606904306371292
28 10 18 16 39849 0.9496381159194516
16 25 3 12 59964 1.0822144193049514
19 9 13 25 56349 1.023329124824273
24 10 10 5 66801 0.932420708305028
11 7 23 1 49152 1.021818456489309
28 14 8 5 89126 1.0837137367309582
10 2 8 25 78549 0.9178285633421873
4 22 2 14 25096 0.9710247887501757
10 2 20 29 97574 0.982200451387534
7 22 20 14 53677 1.0721789862111815
3 29 4 14 31257 1.0023952884678797
1 27 6 20 29029 0.9133665914082724
16 23 22 2 73806 0.9599495462370767
28 13 5 29 75537 0.9520902389647468
16 3 2 15 49504 1.0318143500015793
13 0 7 26 66238 1.080241338635338
19 23 25 17 28697 0.9309179740540882
17 6 11 18 60267 0.9163316679644754
20 24 13 5 63920 0.9422271978730391
20 25 19 5 64695 1.0289216478892773
11 11 20 2 53493 0.950036788173266
0 29 1 13 29463 0.948776911088981
19 11 13 27 54580 0.9351914563768103
25 10 23 18 24268 1.0041104207121772
22 26 28 21 39381 0.9322830690317823
23 4 11 24 78403 1.0795132180134246
10 7 14 14 40896 0.9849136105915489
28 8 2 2 70506 1.0713803870620897
28 3 15 6 58470 0.9236042277531674
26 12 15 25 67716 1.0315247892194805
26 2 27 16 49956 1.0448086906018785
20 5 20 28 69330 1.0049758745123714
18 0 20 28 77350 1.0102855504747743
6 3 26 1 42367 0.987544466125178
16 6 29 28 90981 0.9868874668952077
1 17 9 23 33519 0.9392561796443614
21 28 22 18 37213 0.9050476737741754
7 14 11 29 61858 0.9554591992175852
6 26 9 13 48351 0.9004835722437071
29 22 2 25 71337 0.9511762078431458
20 26 15 15 42406 1.047255740868228
16 13 18 1 49710 1.083804225850445
11 7 22 25 81623 0.9918316428511179
24 21 27 1 51449 0.9398331110467859
4 29 0 16 30832 0.9902831224750583
29 11 4 1 72313 1.0795915469927821
19 18 1 5 51740 1.0358412216419954
16 26 16 15 42439 1.0384575619014358
7 2 18 21 75721 0.9049391751707822
6 11 1 5 29611 1.0632038629103744
9 26 26 16 64923 1.0192272907302191
14 0 21 8 37321 0.9400313581978076
12 18 0 28 43742 1.005283663230724
4 15 10 25 55253 0.9007806275294711
26 20 24 0 51678 0.9055734868524773
17 2 0 4 50793 0.9187172331976032
21 12 28 22 52873 0.915517087534496
16 0 26 27 72410 1.0988210434056895
20 6 3 5 55805 1.0758329882514461
0 16 15 13 41307 0.9423337465550783
10 1 8 13 47296 0.9825446986478122
25 11 21 17 22046 0.9508372702628989
20 15 17 25 45499 0.9582934631374986
9 20 18 18 28426 1.095631180185418
13 2 4 16 49468 1.0698531413362427
14 22 27 8 74010 1.0460769000559509
4 20 7 28 34758 1.0266736826846956
4 23 22 27 57029 1.0722213228857425
2 5 3 26 31894 0.968559614004539
14 28 0 23 44223 0.9598173088951429
20 8 14 3 45329 0.941797799353452
7 13 27 13 51548 0.9448326542034142
7 2 12 22 72672 0.9810374814324196
10 10 8 29 66222 0.9863638232254511
18 3 3 7 47676 1.0626798791901233
18 3 15 29 98965 1.0662118799418994
17 20 1 20 44833 1.0382607788137934
14 17 7 4 65291 1.0628325891913017
5 21 17 16 41884 0.9275407079410151
7 13 28 18 53255 0.9374249782895457
1 1 29 12 77623 0.9144887042193227
4 9 27 20 73683 1.059621382396567
0 11 6 3 36579 1.05765878748752
18 15 5 28 56150 0.9190745339815519
25 9 6 22 67349 0.9247178296264267
4 4 21 2 51323 0.9188335831046266
21 26 28 8 69769 0.9359751819203613
5 6 28 16 79242 1.0410317409321215
13 13 25 23 43381 0.9795483881147485
16 18 7 22 42867 1.0235075104631604
5 15 29 3 82130 0.9792499388468013
18 21 18 6 60287 1.087384626220729
26 3 3 24 81695 1.0469095541376487
3 7 23 8 65261 0.9805451605929822
23 10 17 26 61440 0.9916577101958278
14 12 15 3 44810 0.9298421740276624
21 3 10 22 90516 1.0377324120271183
21 3 1 8 50883 1.0934195942840494
5 25 25 12 74242 0.9383083165261059
9 8 16 18 46640 1.0208146313816755
19 14 14 27 47419 1.0459879043517442
16 13 28 18 39036 1.0293482713827649
0 3 0 16 41190 1.0893521188528323
0 23 7 13 32491 1.0636164999037505
23 19 2 14 47875 1.0898827474700132
24 5 28 21 53903 0.9720003840583705
25 5 12 28 83488 1.0388572595743142
25 18 29 9 40660 0.9002862635274936
2 10 23 20 52502 1.0694549973648553
20 4 7 16 63671 1.0157675470302276
4 7 2 22 31740 1.0560969458063199
27 10 17 17 34225 0.9241863918688934
15 25 25 11 63637 1.0274117450000515
8 25 26 20 71708 0.9281088655420465
4 12 9 24 50615 1.0746671131479402
14 5 6 21 64426 1.0864562696946067
24 3 12 16 53165 1.0701253723197328
5 1 6 13 33838 1.0747965866367652
1 8 26 13 64020 0.9562002835580559
12 14 22 16 29857 1.029261187839555
17 6 13 24 69146 1.011727397797024
11 2 5 17 49684 0.9947089686175861
15 0 6 8 40689 0.967941372188486
17 19 17 3 78223 0.9960406233880204
25 10 20 2 33408 0.9585851780879451
5 29 18 10 74364 0.9739906492251281
0 13 15 23 49282 0.9454623142597384
19 24 1 2 70334 1.037809856952116
14 22 5 6 72956 0.9966197236223332
23 18 28 7 49895 1.036791757012891
14 20 21 15 30842 1.0106483330191038
5 29 20 18 53156 1.0923788334001734
9 6 20 10 47915 1.0409236389061258
26 10 0 22 75988 0.9903350045515134
18 11 14 1 46357 1.027400084584661
24 17 28 26 36063 1.0030137948284
18 3 23 22 75818 0.9208751439671895
20 20 16 28 33823 1.0756075804976508
18 21 20 29 32643 1.0883625165459343
15 5 15 16 46903 0.9011559719095635
9 28 26 6 92460 0.9994713256958683
16 6 27 2 48075 0.9337762402032549
10 4 3 11 50124 1.0292035611949992
2 3 16 0 22256 1.0922310114123701
13 4 13 28 64597 1.0734519806102567
14 13 25 1 54232 0.9970003248815464
24 13 1 8 58799 1.0882569797823392
25 1 15 25 83393 1.0987024630299145
14 19 1 15 37810 1.0049264091125503
22 13 11 16 36834 1.0998160169247186
20 18 8 0 59033 1.0721186733963424
29 28 4 3 101178 0.9803604693514922
0 13 5 20 27927 1.0562455045651469
17 24 6 4 88397 0.9408633351618045
26 27 8 4 102938 1.0294720769098715
23 10 3 27 65265 0.990344292205694
26 20 12 25 58584 1.0872640539806344
26 18 14 20 38892 0.9430199529483642
6 1 2 15 28271 0.9198472777364898
28 18 14 29 62670 0.9763704966723221
10 9 1 23 51986 1.055582270156994
18 3 24 17 56622 1.0424171301102114
18 29 29 26 35546 1.040923923959289
11 16 5 21 32419 0.9057955074001426
29 1 11 25 95827 1.055646604623157
22 22 2 25 60433 1.0405726239018573
4 20 20 8 65331 1.0304985929787933
4 19 14 15 38502 1.091286416519912
17 1 21 20 66425 1.0841908877284172
29 5 18 7 62224 0.9228474011232932
11 14 29 18 45537 0.9764874968360837
20 11 14 18 32938 1.0046316484407398
26 27 9 23 52475 1.019649574366713
28 7 7 18 74366 0.9234388474401998
2 2 11 1 20737 0.9641804340026727
25 17 3 14 41816 1.004381076801274
23 27 18 20 35591 1.0101234933488443
10 29 29 19 72557 0.9097842969266995
13 2 17 22 73367 1.0337461219111077
16 16 8 29 53775 1.0098324754222474
6 5 21 1 41438 0.962858267512674
17 16 25 20 28117 0.9636655849862882
23 27 8 13 62164 1.056899841330312
25 3 4 23 79143 1.0519843520544638
21 28 5 5 97780 1.0406242474543157
9 24 13 0 71319 0.9810169389586665
5 3 14 13 59491 1.0421117769050419
17 19 4 24 52651 1.0418354979157365
4 29 3 8 39263 0.9764433239359722
10 15 19 3 69586 1.0561635432523457
11 28 14 4 81232 1.088521152995589
0 26 2 18 18806 1.0431877124002238
7 28 12 11 66627 0.9439297750078227
4 21 13 6 61099 0.909883570478102
8 2 4 17 42192 0.9796414323044453
13 21 5 6 61861 0.9988223220529786
9 12 6 25 50180 0.9982656479818736
9 11 24 27 64702 1.0111195127781296
28 26 19 10 66184 1.0412100605939547
2 2 19 18 47563 0.9352454965117613
28 12 9 4 77529 1.068223299109427
12 9 18 28 69595 1.0587904028345558
10 26 24 4 80988 0.9822418942286255
22 29 14 11 67872 0.9687074791674533
18 5 12 13 46301 0.9958005414533174
19 29 8 26 37609 0.9654376276280765
1 20 29 0 65733 0.965529113355599
21 28 16 16 45307 1.0443695987865727
13 16 9 23 30330 1.0408283579666275
1 9 9 24 50797 0.9986774431529493
2 13 13 10 36240 0.9697903216148042
18 2 8 15 71095 1.0921380689533047
16 21 25 1 64545 1.0053380563169816
25 11 4 19 58510 0.9610721577707442
15 28 28 15 62994 1.0603362641195226
0 3 18 28 86663 1.0920999788817705
11 22 18 28 40028 1.0873528392474383
22 14 17 26 54838 0.9861684649269764
6 23 7 6 65328 1.0674889578810685
12 18 0 11 36579 0.9943258438101421
7 24 16 17 42654 1.0017451381935423
0 12 7 29 48074 0.9825277794594153
19 2 3 5 42612 1.0279329380045357
15 9 28 25 80436 1.061600093908348
28 20 5 4 95350 1.0190792786753342
16 28 16 17 41746 0.9718479251844131
4 18 29 1 70361 0.9021062196150816
3 4 23 5 57883 0.9282344066935934
26 12 13 4 63091 1.0389785930841604
19 0 12 26 81935 1.0173132697402303
15 27 20 20 32240 0.9588998288436181
9 11 24 22 53835 1.08161481131124
17 1 27 8 48179 0.913483027600362
13 28 15 5 75578 1.0463321682991076
18 2 21 20 64888 1.041011201038712
15 2 18 12 48672 0.9801639098429807
5 25 26 20 72384 1.0022448070933188
27 8 18 1 45393 1.0237722609873956
9 8 15 26 70523 0.9754465690978342
10 15 16 10 38886 1.0437228678610877
9 20 12 4 60486 0.9694502586068356
0 19 11 14 45947 0.9129115749012139
5 28 7 15 43951 1.0286517292251482
29 19 5 15 54533 1.0645757697899931
22 7 0 29 86345 1.0000747307097042
1 7 28 13 70753 1.0409933393368382
16 28 21 19 41684 1.0183862439557254
22 10 14 24 58894 1.054698465357883
10 1 19 23 80344 0.9426045618705682
29 19 17 23 50326 0.9097714508015348
2 20 12 12 38346 0.9289639375328166
6 20 29 27 69163 0.9931599345036088
21 17 26 23 24324 0.9999823643917235
29 28 9 27 49146 1.018017568029558
4 19 23 4 77539 1.0307630196674262
17 17 1 6 43856 0.9655902791328719
21 17 6 1 58425 1.002155944044698
14 29 15 11 58655 0.9133444269378461
14 5 8 28 84168 1.0704844334317207
4 17 11 23 35485 1.0762854005386058
19 25 25 16 40048 1.0823470053237911
17 13 14 24 43016 1.0181803515355157
27 18 19 6 55052 0.922999422054709
5 5 27 21 94512 1.02138744522393
5 18 5 28 34388 1.0934523619244645
22 24 17 10 58206 0.989753408361205
29 12 24 3 38274 1.0042930039788467
3 0 2 16 22258 0.9732925286994651
21 28 23 6 62220 0.9261291363115292
7 7 28 17 72854 0.9968519504019772
27 9 8 15 66259 1.023624997552188
29 29 14 9 84935 0.9821684637235668
20 14 0 27 52407 0.9764554194742905
13 0 2 26 48460 1.0096010534005249
21 4 23 23 61263 0.9839601097158296
26 10 4 2 63704 0.9346672817691373
15 2 2 29 63006 1.0358640418492016
15 3 11 15 59098 1.0721623912633431
12 26 16 11 54589 0.9123989984768907
3 9 21 18 47494 0.9782233422303233
14 20 1 21 38449 0.974172161967187
16 15 1 1 52270 1.0092224743182958
11 16 6 4 58905 1.0850833679545786
22 13 15 5 50210 1.0872746332255832
27 21 5 10 74301 1.0062745296179703
4 2 5 26 50460 0.9711069607412379
28 25 17 11 70474 1.001143175868499
5 0 2 27 38998 0.9244351546413822
18 14 1 15 44396 1.0031699972163959
16 11 11 29 63633 1.0569516587747405
7 15 10 4 58529 0.9719987271733543
14 27 25 12 60691 1.080419918661508
12 8 13 21 40835 0.9256284714495491
20 8 13 25 58488 1.0453612725217678
25 2 28 14 42299 1.095976252428633
1 14 21 9 61946 1.0435990503142587
24 1 8 1 27881 0.983543837173647
8 8 1 28 58784 0.9044516839066139
4 6 15 0 38156 0.9583805569357458
5 26 11 2 69573 0.9828300304505286
0 18 26 4 84329 1.0910480286915605
4 13 25 10 60587 1.004144434879908
5 11 9 4 38726 0.9108146835423679
27 9 10 23 73519 1.0058184411674602
11 22 27 5 93022 0.9083778242430336
27 27 19 0 70876 1.0279534783284432
24 17 17 3 63849 1.063876621099105
28 3 20 9 50742 0.9485371735452774
8 5 28 3 67606 1.0760111536565826
3 27 26 2 76948 0.9974777076205624
23 7 7 11 68923 0.9563290841749955
7 7 22 5 72904 0.9615456569103363
11 15 27 10 56144 0.9596818414760818
12 22 0 26 52843 1.0965964843907852
18 20 0 19 52376 1.010909862889402
9 25 10 6 75586 1.0168745898214069
18 15 10 23 42011 0.9624074598502874
1 15 3 5 27931 0.9808133585264647
24 21 29 2 57467 0.9673121768883137
10 25 5 10 62505 1.0447109128639913
25 5 24 25 50818 0.93631035862527
11 13 24 17 31861 1.0910041854467467
19 22 26 18 34171 1.042941829924488
27 27 28 3 79255 0.9002523835314843
8 20 27 9 68359 0.9546945918153071
3 19 16 29 54322 1.0362056570315485
1 6 25 19 65941 1.0730105385049187
7 25 17 9 83755 1.0962070946834586
17 24 19 13 43233 0.9079896855200333
26 22 9 6 87336 0.99099186917072
24 14 28 7 37181 1.0021401884208039
11 5 1 14 64903 1.0366119514852827
24 2 10 8 56288 0.9184976812186096
9 10 26 1 60904 1.0140955426216853
0 5 12 0 35153 1.0757631001294439
6 2 0 10 28657 1.007049497073242
24 27 18 3 78038 0.996950091388604
15 27 5 27 22628 1.0072965589755578
3 19 28 15 54411 1.0351906561118756
3 2 25 2 40839 1.0489025169258959
29 23 2 10 72441 0.9735282103946955
29 3 19 6 44780 1.075992234996114
20 8 8 14 51212 1.0032410112028283
15 4 25 12 60109 1.0218176891382178
28 16 3 26 59698 0.9498917097728752
28 8 5 9 84906 0.9757845405049781
6 15 3 22 26647 0.9719020113485506
19 7 4 12 64002 0.9915874964833458
20 25 0 7 75081 0.9099843316464046
10 15 16 11 37050 0.9368377165151276
29 9 16 4 66013 0.9548360020372426
26 0 3 4 42192 0.9894155675114245
1 8 5 17 22355 0.9827707146712783
14 29 7 10 70302 1.0679491579461375
22 9 10 5 67733 1.0063773325296257
17 7 4 13 57613 0.9551128723979603
10 11 22 20 55496 0.9116386976898759
8 23 20 19 47229 1.0236479528709983
6 22 28 23 70476 1.0442059543241646
12 13 14 0 38986 0.9502710032273027
11 26 15 6 74631 0.9411620363265638
2 14 13 23 35648 0.9359273225250893
16 7 1 15 64397 1.050633035234642
26 2 11 28 92475 0.9702335576864574
12 11 21 8 38419 0.9310565641704236
1 5 10 6 51663 1.0947410891523053
