5173 4180 5514 4296 4230 4352 4134 5689 4245 4677 5104 5831 5683 5431 4466 5505 4705 4710 4191 5979 5936 5135 4510 5071 5634 4512 5695 5819 5566
3387 5123 4186 5098 3728 5009 3831 3892 4977 3482 3810 3794 4198 4605 3750 3651 4762 4848 5221 3228 4786 4288 4641 4430 5089 5217 5183 4344 4024
1857 2647 2041 2276 1428 2937 2660 2212 1794 2290 2493 1433 1520 1377 1579 1364 1861 3234 2638 2331 2765 2157 3271 1707 1441 2358 1446 3132 1265
7905 7832 5896 7509 6600 7317 7609 7116 6942 5962 7848 7611 5982 6041 6400 7917 6811 7366 7018 6337 6217 7149 7270 6829 6802 7467 6181 7492 7073
4112 3974 4518 3961 4328 5675 4509 4796 4548 4773 5232 3846 5692 5066 5380 5226 4158 3824 4551 4678 5734 3872 4070 5368 5408 4875 5266 5759 5334
2464 2053 3429 3288 2659 2818 2428 1958 2658 3396 2693 2682 3367 2277 2055 2067 2180 1784 2142 3144 3302 3516 2600 2819 3590 1805 1788 1778 3229
3262 3157 4113 2507 4072 2997 3098 3907 2698 3258 2103 4049 3309 3759 2489 3034 3162 4071 3088 3508 2725 3176 4038 3892 3123 2722 3418 3598 3908
7553 6339 6787 7629 6188 7036 7114 7393 6812 6295 6354 6778 6181 7584 7346 6458 6949 6455 7532 7661 7153 6025 6592 7664 6113 6814 7030 6345 6667
2816 1727 1856 2834 2123 1761 2516 1693 2339 2886 1712 1176 1395 2935 1961 1518 2677 2194 1223 2745 3081 2541 2822 2954 2684 1737 2575 1322 1593
2735 3353 3075 3236 2885 3205 2905 2208 3138 1743 1782 2754 3327 3177 3582 2266 3548 2721 3040 1763 2445 2067 1954 1765 2182 2811 1677 2962 3080
6656 7412 7840 7362 7891 7628 7148 7866 7596 6818 8004 7196 7932 6399 6863 7067 6670 7757 7017 6146 7028 7260 6264 7315 7340 8118 7742 7963 7275
3089 3299 2725 2995 2562 1910 2639 2273 1966 3271 2360 2422 2158 3111 2931 2798 2737 2880 2510 2361 3133 3425 3439 3057 2527 1915 3508 3355 3824
7117 6314 8213 8172 7409 6310 7218 7139 6375 7179 7881 7897 7331 8258 7794 6655 6341 6424 6589 7069 7657 6904 6883 7647 6448 6875 6590 6464 6825
5192 4361 5134 4956 4036 4709 5175 5563 5480 4750 3981 5282 5031 5338 4882 4285 4551 4760 5361 4877 4739 4577 4438 3771 3670 5162 4613 3895 5366
6061 6060 6787 6509 6291 7304 6491 6643 7917 6362 6646 6476 7691 6430 7265 7580 6747 6417 6560 6748 6801 6505 7903 6422 7992 6578 6505 7814 7548
5431 6416 5229 5734 4938 5636 4677 4662 5563 5640 5030 5636 4737 5055 5525 5197 4600 5154 4862 6144 4823 4742 5454 5844 4515 5695 5328 5711 5410
4792 5600 4931 5890 4525 4830 4686 4640 5027 5403 5585 5520 5947 4778 4740 5756 5128 5871 5542 4525 4750 4954 6057 5417 6037 5636 5777 4998 5722
3831 3816 2562 3646 2243 2464 2913 3349 3934 3146 3689 2061 4058 3069 2395 3050 3734 2184 3389 2092 3364 2695 2343 2883 2447 3757 3226 2628 3696
6370 5828 6094 6128 6066 6107 6259 5945 6777 6604 5192 5694 6472 5152 6141 5226 6407 6753 6339 6183 5502 6319 5242 6681 6696 6690 5275 5368 5164
6977 7603 7873 6817 6666 7117 6064 7894 6057 7776 7393 7374 6291 6987 6249 7235 7294 6093 6658 6665 6526 7814 6425 7144 7384 7455 7730 7663 7771
4290 3649 4247 3169 4224 4989 4856 4586 4601 4925 3706 3512 4250 4936 3754 4188 4844 3616 4630 3420 3098 4838 4860 4373 3972 3694 3948 4558 4815
7060 6601 6417 7418 6934 7784 7977 7186 6473 6219 7968 7731 7114 6865 6303 7199 6423 6843 7585 7573 7454 6742 6616 7180 6431 7003 7093 6033 6616
6657 7308 6787 6486 8007 7122 7876 7932 6549 7933 7148 8007 7256 7328 7814 6749 7930 7091 8171 7162 6711 7864 7594 7343 6682 7950 7403 7377 6557
7362 5739 6022 7258 6558 6358 6028 6555 7316 6505 6950 6340 5983 5786 6395 7452 6884 6556 6773 6176 7535 7013 7394 5756 6288 5731 6180 7275 6582
6198 5093 6014 4868 5408 5307 6009 4742 5559 5199 5888 5933 6687 5007 5826 5041 5416 6517 6276 6578 5716 5198 5529 4715 6247 6040 5230 6157 6475
6501 6840 7528 5629 7237 7023 5703 6719 7199 6866 6504 5689 7532 6817 5636 6971 6050 7311 6019 6535 6453 6527 6631 6713 6683 6523 7173 7344 7627
4119 3247 3891 2650 3539 3565 2343 3772 3540 2311 3222 2599 2280 2500 3491 3245 2665 2682 2205 3099 3912 2959 3970 3978 3858 2542 3648 3157 3648
4383 3594 4487 4569 3617 5464 3964 4987 5102 4871 4831 4156 5213 3988 4400 4012 4149 5286 3901 4309 5060 4165 3834 4356 4460 5280 3997 4050 3888
1526 1869 2295 1967 2619 2822 2278 1386 2270 2171 1085 1264 1824 1961 1405 1358 2896 1878 2546 1889 1032 2009 2840 2854 2516 2752 2680 2407 2561
7826 7237 6824 6088 6584 7049 6791 6071 7107 7036 6348 7166 7545 6202 7554 7260 7677 6613 6081 7135 7791 7688 6565 6443 6439 6849 6797 7955 6384
6805 5694 5669 6752 7903 5899 7792 5624 1487 6907 1725 3806 4171 2616 4627 1919 3072 6085 3634 3565 3846 5521 1809 7048 4524 3841 6835 3179 3191 5358
6760 5590 5276 8237 8309 4530 7679 4538 1521 5909 2796 5196 3112 2701 5314 3485 4507 5199 4047 3265 2788 4684 2896 6962 4293 5405 5972 3302 2227 6809
7494 4909 6780 6716 6839 4316 7606 5383 2950 6538 3457 5147 3323 2143 5604 2322 3832 6267 3229 4109 4002 3864 2582 5590 2922 4100 5464 4034 2139 7120
6903 5213 6429 7074 6368 4994 7705 5078 1576 6917 3417 4166 3618 2992 4770 2854 4647 5171 4558 3755 3560 3988 1755 6867 3713 3785 6470 2652 3614 6984
6554 4103 7046 6524 6939 5499 7636 4852 1836 6746 3191 5640 4154 2515 4394 2706 4451 6284 4292 4526 2394 4311 1689 5968 3747 5462 6775 4034 2026 6273
7892 6027 6378 6826 6573 5539 7723 5138 1740 5596 2177 5116 2822 1244 5280 1872 3820 5123 3814 4925 2817 5337 2144 6178 4137 4385 5974 3873 3680 6558
7966 5672 6298 7744 6986 5858 8142 4808 1261 7096 3260 4550 3624 3021 6195 3622 4104 5184 4632 4758 3704 4731 1829 7092 4636 3799 6109 3705 3137 5969
7144 5575 6554 6481 6569 4155 6864 4644 1388 5880 3113 4661 3420 1948 6236 1919 4605 5004 4364 3468 3632 3911 2019 6576 3640 4297 6428 4203 2923 6670
6511 5657 6926 7990 7749 5114 7833 4765 1518 7114 2566 4112 3195 2171 6253 2647 4233 5568 4127 4112 2715 4579 2419 5717 3931 4902 5684 4050 2668 6865
6597 5887 6349 6355 6480 4273 7012 4667 2126 7193 1718 4911 2870 2279 4773 2538 3691 6208 4299 4007 3052 5040 1586 7259 3608 4085 6619 3728 3473 6620
7380 5925 5423 6573 6992 5458 8040 5639 1986 5671 2511 5479 4059 1148 5800 3373 3996 6668 4962 4482 2255 5491 2233 6318 4484 5150 6681 3894 3122 6569
7306 5473 6246 7699 7586 4291 7065 5405 1327 6013 2197 3883 2836 2242 4567 2862 3592 5275 4050 3602 2118 4667 2077 6424 3379 5240 6302 3821 3388 5932
7645 4528 5931 8294 8150 5316 6829 5186 1590 5849 3026 5651 3386 2531 4699 2464 4413 6685 4580 3127 2559 5014 1831 7068 4653 3778 6582 4483 2942 6288
7732 5585 6305 7486 7150 5480 7586 5892 3138 6108 3308 3889 3354 2573 6101 3574 4403 4872 3553 4076 2381 5408 2768 5573 4297 3573 6178 4140 2603 5704
7713 4272 5854 7879 7273 4980 7240 5105 1331 5989 3382 4917 2749 1945 5034 3790 3631 6054 4610 3776 3931 4312 2385 5480 3242 3747 5567 3767 2428 5594
7580 4706 6722 8138 7092 6032 7833 5865 1186 6914 2605 5097 3154 2693 4911 1958 4696 4947 3447 4732 2029 5312 1567 6901 2750 3822 7104 3321 3308 6761
6589 4501 5421 7659 8195 4849 7921 4511 2432 6650 2843 3998 2438 2027 5103 2372 3835 6338 3601 4356 3425 4759 2188 6701 3957 3648 5704 4540 3372 6585
8161 5286 7002 7039 8014 5103 7688 4548 2293 6149 3060 4759 2737 2908 4789 2803 4730 4950 3915 3136 2923 5451 2166 5518 3987 4477 5173 4362 3374 6198
6893 4506 5967 6819 8275 4592 6625 5991 3161 6095 2207 4929 4003 3113 4432 2994 4614 4806 3569 4375 3873 4362 2839 6895 3371 4808 5590 3998 2238 6391
7228 4414 5175 6694 6674 4452 7598 4590 1471 6704 2941 5437 2277 2088 4604 1795 3564 6052 3258 4267 3350 5390 2745 6632 3868 4685 6043 4601 3764 7145
8147 4994 6932 6899 7438 5870 7750 6122 2488 7136 1754 5486 3107 2177 6378 1803 4276 5797 4990 3451 2993 3786 1643 6004 4092 4212 5402 3604 1853 5679
7643 5311 5740 7740 7794 4446 8149 5009 2103 5653 1807 3826 2946 2480 5479 2179 2985 5913 3796 3909 3864 4600 2633 5819 3588 4947 6203 3475 3233 6339
7669 4388 5922 7375 7174 5386 7291 4581 1355 6087 2739 5226 3827 2857 5187 3600 4490 6158 3440 3962 3290 4582 2268 5401 3269 3922 6552 4133 3187 6069
7485 4475 6288 6561 7718 5736 8515 6089 3026 5955 3468 3995 2940 2933 5875 3090 3468 5661 3595 4721 3973 4060 2690 5681 4000 3692 5779 3303 2344 7052
7110 5011 6953 7230 7767 4595 6928 5626 1551 6351 2338 4663 2514 1591 5000 2227 3471 6051 3474 5016 3542 5751 3055 6582 3715 4420 5137 4443 2857 6832
8025 5276 6368 8169 6608 5157 7328 6180 2557 6134 1914 4605 3453 2667 6329 2469 4554 6635 4051 3915 2191 5264 1540 6065 3512 5206 6812 3828 3122 6465
7890 5527 5924 7372 7694 5695 7920 4588 2131 7345 1836 4790 2412 1323 5266 3564 3926 6397 4472 3271 3123 5563 1525 6150 4571 4284 6080 2775 3512 5448
6673 4227 6234 8064 7079 4699 6836 5476 2356 7368 3567 3885 4096 2674 5857 2011 3411 5818 3510 3259 3423 5783 2115 5379 3823 4859 6037 2746 2013 6579
7666 5276 5798 8060 7266 4047 8221 6064 2236 7085 3242 4442 2338 2723 5831 3090 4050 6692 4307 3422 3672 4319 2385 6823 4540 4621 5598 3523 2511 7059
1 12 29 6 74884 1.0567384022493047
7 22 16 11 51194 0.940991402540333
3 16 26 15 67116 0.9588906377919166
18 7 7 0 49001 1.0516338650780537
14 19 24 24 48243 1.0818676229570228
12 18 0 28 51950 1.026178763888793
5 29 4 20 26821 1.0394928267732173
11 12 1 15 28060 0.9448024402803894
19 15 21 23 38688 1.025024979956699
4 8 20 8 29784 0.9090912989429482
29 22 23 3 68729 0.9032461560890271
18 27 10 13 58868 0.9268859711165592
13 23 13 10 46395 0.9787737662951639
28 1 20 28 78994 0.9348169857519405
9 21 18 19 29423 0.9166682987770076
24 1 16 19 92237 0.9616435851236352
3 0 17 8 52937 1.0566289615323607
15 22 13 0 80720 0.9978612210658652
12 20 9 4 47622 1.0247359891702885
26 26 2 5 103110 0.9021044902078234
14 21 7 0 71112 0.9230898923976978
24 25 4 27 75157 0.975504444854606
3 10 22 0 85846 0.944880224561351
12 24 6 4 62405 1.0875753603579925
16 4 8 0 50209 0.9257603790587632
16 20 6 19 31884 1.0342171507909423
8 27 28 11 76355 1.0995635181975771
6 11 13 17 37584 1.0900005620791875
8 18 27 3 80673 0.9709576664046882
25 13 27 2 34879 1.0834456219312714
16 10 21 1 50116 0.9034856109868485
17 18 2 3 65813 0.9366667952149467
13 24 19 6 79389 0.9703831935827486
24 18 25 1 63813 0.9097644564836596
6 11 26 27 90472 0.9940181896130844
0 2 9 16 54567 1.01124155108477
19 12 15 22 40525 1.0249713887145795
12 6 5 15 37660 0.9123767713073182
11 18 7 0 54033 1.0563485357634017
29 17 13 25 62052 0.9311993050357169
8 5 19 21 67101 1.013061871458702
15 9 12 17 41345 0.9899993963660405
8 17 29 9 68940 0.9020508247335044
1 26 18 26 62424 1.07619208753232
29 2 12 11 66141 0.9342367612517085
19 20 3 26 58168 0.9123127632293188
21 20 4 28 60131 1.0784017810816078
20 20 5 7 65523 0.9795353118714458
28 13 16 12 33307 0.9559623546194792
3 1 6 25 68651 1.01614059128674
20 21 16 6 61803 0.9990987802055162
13 15 21 0 81299 0.9986870980119549
5 5 19 4 53314 1.0707345862788484
7 10 0 16 32847 0.9445288943349752
10 1 15 10 41478 0.9705273443425585
10 9 29 18 65552 1.0929676166224815
10 15 27 29 83202 0.9944918438789923
4 22 0 29 28676 0.9567214398650434
5 6 0 18 37374 1.0933418094158742
24 5 7 7 54926 1.0081538759148585
19 5 4 25 85901 0.9194902871278059
20 7 0 10 47501 0.9435736286168541
0 16 16 20 55635 0.9224025855868415
10 25 24 5 90563 1.025566189970903
12 17 0 29 61621 1.0517782931680149
9 26 12 3 66408 0.9867809870325643
7 6 28 7 53585 0.9949584302645039
3 9 28 21 79448 0.989375471059855
2 17 23 25 77702 1.0128127970153764
16 1 28 18 68098 1.0244841295722396
11 1 16 16 56940 1.0662863812894046
22 14 7 9 52752 1.089521054329888
3 4 21 26 104970 1.0425726982056633
13 26 24 29 46687 1.017620529649322
6 26 12 11 52559 0.955001862111418
18 26 7 15 52741 0.951724197008755
5 17 17 7 44283 1.0273231956063378
0 21 10 13 45267 0.9036503702333613
7 12 0 22 39838 0.9544275225186889
22 27 16 2 100154 0.9691671463001892
1 27 18 22 46763 1.0722103493471637
13 16 19 6 57743 0.9691426680183484
18 17 11 2 58490 1.0210899415420425
22 6 16 19 66389 0.9287706326181313
10 23 10 4 59039 0.9501052811824638
15 14 27 15 36379 0.9524366777209252
15 7 24 25 83086 0.9643547344337691
1 27 29 11 94320 1.0403291495634017
2 8 20 9 38911 0.9727702699284716
5 0 18 0 74769 1.0933722101725014
26 8 17 6 26267 0.9664180330409984
21 0 29 20 82730 1.0218399574092913
11 11 29 7 50543 0.9449832769352888
6 17 2 4 37673 1.0231804590325255
5 7 20 29 86445 1.080611888293639
6 19 21 1 87069 1.03642071384566
2 23 13 1 76892 1.0331970439271256
29 19 10 7 67488 0.9235039128560011
16 17 3 13 48806 0.9822005997109585
5 20 14 15 36188 1.056022020064559
11 4 28 7 46266 1.068420849485312
12 10 15 25 58130 0.9061435549423602
7 14 28 7 61191 1.0979767658745876
26 20 22 0 79890 1.0823870457846136
21 14 5 28 75632 1.00312240184682
16 28 0 11 80313 0.9376922659406339
19 15 24 8 40451 0.90463069739185
24 29 13 25 50869 1.016763165528259
29 6 3 2 84096 0.9030197459922101
5 19 12 15 27006 0.9706587592994694
14 8 6 16 34664 1.0501102665632123
17 24 15 14 35589 1.0249851987979517
14 18 26 10 57005 1.0820402627572636
28 29 13 20 61654 1.0679486880576672
3 2 10 27 77190 0.9318843726268606
16 4 11 27 79762 1.0080519749983572
11 23 4 29 37409 1.0130838632787877
14 23 7 1 69811 0.9773792117292621
26 10 3 1 74351 0.9830172937882474
25 20 25 2 61899 0.949990775098013
21 6 3 15 66310 0.9634590647540318
15 24 6 8 58112 0.9370262538306806
12 14 20 9 42216 1.016241811338639
9 8 2 2 25823 1.004886991221182
26 10 11 20 64254 0.9492824832302778
17 27 25 9 74870 1.0628540716565937
24 1 1 20 107386 0.9533172372384151
0 16 22 4 88493 1.0464925634412086
1 23 26 16 77710 1.078983935290908
10 0 15 6 45597 1.0005009556306363
5 26 25 26 77127 1.0995464912819206
6 18 28 25 68828 1.0083966341376855
0 19 18 8 58091 1.0578646929762934
22 20 28 0 58851 0.9884858475503903
14 23 2 28 45530 1.000979330462574
3 10 11 19 42006 1.0511546704763022
3 27 25 25 81960 0.9659409191479265
4 29 25 3 118792 0.9909959096033687
24 10 7 23 75901 1.0329427633764614
6 18 17 16 44013 0.974349172826475
21 13 10 0 65346 1.0572608331955171
27 4 16 25 76930 1.0135897370745481
9 15 17 5 42093 0.9001224051683572
12 11 19 4 47571 1.0530969789983964
26 24 0 16 83164 0.9104887838976637
6 3 11 19 51303 1.082237992395763
1 25 19 19 58558 0.9709219707423004
15 22 21 5 73841 1.0855748883171175
1 21 15 3 80777 1.014930008712259
9 8 1 13 24500 0.9826959082226744
23 0 7 3 91296 1.0901158547148893
9 15 24 11 54676 0.9550944320115442
24 7 12 8 30316 1.0955768839044129
24 17 7 0 87772 1.0782521621895356
18 3 10 12 46736 1.0313882148115898
26 28 3 6 110814 1.097912327059135
12 14 23 0 88113 0.9950443392510828
27 20 13 2 88122 0.9546503218279305
25 13 11 12 36316 1.0037561519134581
28 25 22 7 54706 1.0777470907517426
6 10 20 6 41606 0.994113079460355
12 5 27 25 85266 1.0888466608639626
19 18 22 27 47170 0.9585619668871029
10 27 29 0 105987 1.0208310817461554
23 11 13 13 37184 1.0924602977801172
2 1 4 29 69479 0.9645652167035667
17 5 24 0 51839 1.0856283462481253
16 8 1 27 67314 1.0630183385142635
14 6 9 26 65519 1.0781295005219547
12 29 17 20 44821 0.9754143484501845
4 22 8 11 31127 1.0024599193519028
8 18 22 21 47720 0.9979591760495897
6 3 13 29 82860 1.02611591166004
29 14 14 10 48426 1.020465307503924
13 2 1 17 64572 1.0378483585127283
1 23 11 15 44092 1.0148246214851004
18 14 24 25 61167 0.9033888150671577
25 3 27 24 63630 0.948961617634437
3 24 16 8 61689 0.978840637415169
0 28 17 5 83720 1.0190384214163013
1 23 25 25 76235 0.9022100423409748
3 16 28 12 69954 0.9178123028134036
1 27 21 9 85632 1.0535952067158334
1 12 23 7 57933 1.0369139201599498
18 4 25 26 93863 0.9743055917666266
27 20 13 29 65934 0.9439642450526323
8 18 17 1 58420 0.9849803496528732
22 27 16 20 44180 1.0266514246037417
18 2 17 19 58888 0.915188033953002
18 13 11 18 31376 1.0154273915034737
5 5 0 23 51617 1.0353610177508146
24 19 3 27 78810 1.0039342276340786
28 25 3 6 97450 0.9995162910870479
29 10 17 17 46100 0.9764331899191634
13 10 11 21 34624 0.9357657551267303
23 29 4 4 111329 0.9615818477280969
13 21 29 16 55004 0.9791751414629828
8 15 26 27 73794 0.9193886425494021
23 17 15 13 39694 1.0693775185692809
5 28 12 10 54522 0.9378478370817087
2 4 0 22 42778 0.9756039832040595
12 0 11 10 34035 1.059228587803299
25 18 1 8 81497 0.9027083771446663
11 23 11 12 31483 0.9180999634941097
14 28 6 7 67423 0.9969201395114871
3 14 24 3 86027 0.9948426256727558
9 8 25 19 69776 0.9766864249618097
23 29 6 21 67593 0.9288916498114181
4 0 19 3 76344 1.0367467199215201
7 4 21 1 71489 1.0561645431114484
15 26 21 15 50741 1.0733837314611778
5 26 7 9 50730 0.9153210184973388
2 4 23 12 68349 1.0191294376069813
19 5 13 9 31988 1.0003605518947811
8 0 9 19 43454 0.9724690667527969
29 22 22 12 38370 0.9654501323178977
3 8 13 11 27633 1.0727604530156953
26 2 29 14 40653 1.017609818368777
24 12 28 22 29218 1.0304336121825077
17 7 13 13 29475 0.9461352161597381
18 21 20 2 78222 1.0088891038727976
14 18 24 17 44738 0.953357106726892
0 9 5 14 24571 0.901727620215837
13 5 21 12 48488 1.0685807816399144
12 27 22 5 99006 1.0379463441030603
9 20 26 20 49597 1.026352320456605
16 3 13 15 56320 1.049045276801364
3 11 27 7 66232 0.9817826740908578
0 10 29 8 62718 0.9785492534210721
4 7 18 22 61810 1.0627214443502788
27 13 17 28 62151 1.0002610346315952
4 28 7 21 26404 0.9315846904246614
16 24 9 29 39125 0.9200514561573641
25 5 15 13 56323 1.0089119050499735
19 7 1 6 49977 1.0851549345497369
1 3 29 22 99600 0.9997841686609708
21 5 7 12 55393 0.9920811075730092
15 26 2 28 49182 1.0506625524856705
4 13 11 5 30688 0.9187228103742164
12 22 9 12 32966 0.9747750525754503
26 12 5 3 65851 0.9115710685162918
26 19 9 28 61535 1.0041370418886264
2 6 20 20 74799 0.9316673389996933
29 16 7 25 72785 1.0132077331181106
19 0 26 17 80044 1.0148825763553027
14 20 10 29 39928 1.083786122335007
0 18 18 29 74466 1.0996759821983992
26 17 10 0 85734 0.9518193730963849
21 24 7 6 80240 1.0906897753284448
1 4 12 8 33775 0.9528524951098951
24 16 4 1 85011 0.9542375973041131
16 15 24 27 65012 1.0691001714935768
24 12 23 0 62770 1.063903205163194
2 11 4 28 41367 0.9665511914709253
24 20 3 6 95822 1.0597670108711275
23 27 21 7 78590 0.982051677960375
14 15 19 7 43820 0.9065242479104171
17 17 5 21 42286 1.053016835452445
2 13 1 4 25597 0.9837405005756168
2 24 14 22 29910 0.9521895806389014
27 5 14 3 71753 1.0608980597667546
23 22 8 22 33348 1.0156761302346247
0 2 15 6 57605 0.9565177529599233
25 3 3 4 87504 0.9410260816587094
3 2 13 11 50917 1.0984234663305938
22 22 4 1 87774 1.0722451298272377
28 11 26 27 39225 1.0282070757060633
5 13 13 15 23179 1.0577852613837888
14 20 26 17 47370 0.9890349093162476
9 13 2 23 38335 1.0327763710373186
19 3 13 17 71355 1.0638702498789314
22 8 4 26 82114 0.9307781060616986
12 3 21 11 55562 0.9102962259870451
9 20 27 17 61538 0.9724815910460909
25 20 1 8 84682 1.0470526889280756
29 12 13 29 80716 0.9490471716514555
16 16 25 28 61427 1.0420329921620797
7 7 27 16 64212 0.9357725145030202
26 4 15 14 59760 0.9269425698624353
23 28 10 0 113055 0.9822959032321099
6 25 9 18 26635 0.9655886847763612
29 13 0 13 68323 0.9315158605775254
15 29 2 28 43553 1.086203233432935
27 16 21 9 36196 0.9499399182345418
17 25 23 29 33842 1.0476488646080302
21 0 12 1 49852 0.992524486866574
14 2 3 27 93060 1.073992136794454
3 13 2 0 29731 1.0216380062922354
0 11 19 27 85349 0.9916934455455856
3 6 24 11 70104 0.9905809399019158
11 16 19 23 41292 0.9366753681768731
13 15 8 4 34567 0.9609868632956574
25 10 10 27 84435 0.9062346760853982
22 26 29 19 48642 1.0110732597944658
9 10 11 18 25626 1.0092379637555353
25 8 28 0 23806 1.093232406583286
18 9 25 14 42075 0.9817063589473194
8 7 9 20 29169 0.9540249695554622
22 23 28 19 25717 0.9630092379410817
15 0 13 9 49198 0.9609716680119
2 5 16 11 48777 1.0635930819330126
27 3 2 5 78440 0.9908354932252764
2 0 17 22 77432 0.900215412248369
8 3 10 29 65966 1.0825693121427806
7 22 28 21 48301 0.9274107603516021
27 26 26 4 60293 1.063528163244055
13 4 19 12 47140 1.0151514897803975
19 6 9 27 78423 0.9787989543446651
24 10 4 26 90871 1.0923037364161265
29 17 6 19 73576 0.9961189997767704
12 23 24 10 71378 1.055297840711812
24 17 4 28 86072 0.965971395162591
11 14 25 29 83352 1.0831595414964252
2 16 10 10 26750 1.092753468410694
6 28 26 25 68683 0.9495312748585666
10 14 28 10 52542 1.0511982289842952
21 23 0 19 61164 1.0595881142704378
22 22 1 0 96218 1.0270813967457681
24 10 0 2 76940 1.0743475755016316
17 20 10 28 39518 0.9677245774748382
15 8 22 2 49286 1.0853583758282468
18 0 22 25 105092 0.9505037278900633
2 25 26 29 81379 0.919430350880602
10 21 25 16 65387 1.0997432801929525
23 28 21 13 63396 1.0617252581961398
29 16 1 29 92197 0.9217939722677521
12 9 3 14 38016 0.9913602306129926
2 2 10 5 38414 0.9516886803333069
0 22 24 10 84013 0.9903239974725987
21 10 21 21 49494 1.0647621064594013
21 19 4 2 90182 1.071935974497851
3 26 12 21 40589 1.01656768898196
4 9 25 24 90339 1.0873270054889912
9 22 17 5 57348 0.9818084410762606
1 18 18 26 61613 0.9070204859858378
6 25 25 14 80590 0.9866608698051573
3 16 29 12 72292 1.0031647762025198
8 27 24 8 75686 1.037025183644441
15 28 5 25 35735 0.9920021310956226
11 4 26 16 63581 0.97670852741443
16 18 11 2 59325 0.9430815826735824
0 24 23 18 79375 1.0259886316988633
22 24 1 25 67028 1.0413172880029984
14 2 17 15 57526 1.0724764467417724
8 8 14 18 41746 1.0936391556949483
18 1 8 8 42913 1.0173657841665635
24 3 11 0 74727 1.0686595268488897
21 20 29 24 36681 1.0839959445049487
13 29 5 19 49771 0.9105545090119829
6 15 8 23 24342 1.0850321504946077
21 27 4 5 96936 1.0900130614633692
19 10 25 29 75198 0.9019136157951677
11 8 25 23 72895 0.9682952091493544
13 28 18 8 74148 0.9956937835678322
4 23 21 1 98961 1.0237774495465934
13 0 19 27 107491 1.015567338878162
9 29 9 15 34281 1.0736226132030213
0 16 16 1 74308 1.07468648493615
5 24 15 1 85685 1.0500508985284824
18 21 27 27 45760 1.0508595157872864
9 12 27 5 59913 0.9341450831145367
26 22 29 11 28144 1.075125726949384
22 18 26 6 49210 0.953069733537348
14 13 1 27 59362 1.0379141831521814
25 19 7 23 63129 1.0804322831081419
19 2 3 24 94267 1.0146531313865603
13 11 25 1 70586 0.9759954160549564
24 18 7 9 73360 0.972159066891082
13 3 3 26 84879 1.0064411069932564
6 3 2 24 58497 1.0355258798012215
7 26 22 21 55024 1.0513663579087544
27 27 11 13 74184 1.0906482770769526
22 19 21 0 96096 0.9564425983491838
8 5 7 21 37723 0.9207034623720974
2 13 25 23 77048 0.9896755585111012
7 28 23 13 73124 0.9270281537866322
4 4 15 21 69786 1.0626019427100224
29 11 18 6 44371 1.0544144346863875
18 18 17 2 52412 0.9340772561685466
25 23 2 1 102245 1.0501002587087744
18 29 17 1 89675 0.912553224750594
5 27 17 18 49188 1.058423478755794
14 23 27 26 55077 1.0579126266525094
11 6 8 16 26464 0.9094895871636146
13 28 22 27 32448 1.0860581980892041
8 4 13 29 71723 0.9593976640375904
25 4 19 29 99607 1.0581342198311419
18 25 15 3 84275 1.0715577186934298
0 25 18 10 80057 0.984621446165939
3 4 16 18 73977 1.0029253983902835
14 9 2 5 38162 1.0846179707877874
17 14 1 23 61512 1.00793322164526
15 20 7 14 37565 1.0832511672211897
12 29 14 8 71675 1.0029652827295747
4 14 24 2 87271 1.0758737732613783
8 24 1 29 32088 0.976171038904886
17 21 26 8 57989 0.9513327166194245
3 23 0 10 38134 1.070030616588642
3 2 20 26 103826 0.966474491393343
1 23 19 13 66060 0.934020375757974
3 7 27 10 59243 0.9856247373309155
15 14 28 29 70608 0.9557048466570932
19 2 7 8 48168 1.0164305071918192
4 27 5 7 54065 1.0145673737698626
23 2 15 20 93845 0.916314868205618
0 15 25 3 89318 0.9198532165766797
0 29 11 26 44629 1.0256384622145287
19 10 27 17 38821 1.013491278083435
22 21 1 23 58499 0.9411986269783849
29 25 0 13 93745 0.9946073311520867
10 6 13 24 61567 1.044521343767215
15 27 0 7 85658 1.063134603603728
3 12 3 28 39643 0.9356979756334891
12 19 7 5 45800 0.9178853070157086
11 5 24 8 33723 1.0133994700620894
10 17 13 10 30408 1.080889204557911
7 21 26 29 71886 0.9174340328958421
20 11 28 4 36675 1.075472986476805
10 23 2 13 41593 0.9538749728453662
12 14 17 19 33632 0.978462957577126
25 18 28 6 33737 1.093802129046212
24 26 13 15 71717 0.9438500435276846
5 13 14 2 54937 1.0775066440115535
16 5 13 22 64699 1.0475407323321473
28 7 5 25 86248 1.0761873123542873
0 12 15 14 42610 1.0689457029979903
1 14 18 7 51503 0.9114397420386603
19 19 28 8 54468 0.9773049686273275
23 26 20 1 107024 1.0113235610306957
13 29 17 0 102045 1.0604118205057023
15 2 13 21 79183 0.9950299778205722
12 21 1 13 47131 0.9131719421460429
7 22 22 26 56796 1.0317707616364296
6 11 20 10 40840 0.9598895777574139
20 7 0 29 92071 0.9860785809496986
22 9 11 18 55703 0.9280111524852847
15 10 22 23 60848 0.9038194218370623
18 1 6 16 65892 1.0695434935670314
6 14 2 23 31793 0.9351068485914568
10 0 7 29 82239 0.9618009399513656
26 7 14 11 46252 1.0668964473970766
7 14 22 13 41546 1.060441319351514
10 25 11 11 42602 0.9513472729684149
12 27 21 25 45066 1.0705991906494259
27 1 21 7 41728 1.084063977655717
23 16 13 11 47641 0.980170134504853
6 28 20 4 92751 1.070463453457687
8 29 2 19 34958 1.0114322231677557
28 29 2 11 97160 0.915550621499884
15 21 2 19 39312 1.0439363451890338
24 14 20 0 70307 0.9435512504166833
15 15 16 2 49280 1.0859432090659662
22 7 21 20 65898 0.9879907271576628
12 13 18 20 34605 0.9111445442001123
26 10 8 15 55420 1.0646337042871399
6 3 10 23 59068 0.9321131191608488
18 27 11 22 31834 1.0796920206667642
8 11 0 1 45173 1.0477063304226788
1 10 0 29 51887 1.0851166021579979
25 6 8 3 57431 1.0622692946238306
0 19 12 1 68670 1.0232189079743117
24 27 27 5 64207 0.978092321560672
7 16 15 8 33543 0.9129424631516728
11 22 16 5 60791 0.9701650663454721
9 28 20 21 42574 0.9078235621439539
15 3 14 28 97830 0.9538409121211815
7 18 13 2 58068 1.0376662975503994
14 6 2 24 69384 1.058181985281287
11 18 8 28 30451 0.9498104769560037
14 11 27 0 70402 0.9617263534192767
2 1 13 28 85216 1.0118503535243528
0 17 7 4 51547 1.0925338458176108
8 19 21 12 47583 0.9721145663084786
17 4 13 22 62737 0.9358119361460895
20 18 12 27 53365 0.9934614396961998
28 9 27 25 36387 0.9043008727170815
5 14 19 5 53053 1.0426099235564457
25 12 14 7 46722 0.9999816634532636
6 12 2 21 29352 1.080602782098624
22 19 26 27 44711 0.9677259650818758
20 10 4 0 63159 0.9428114998692367
15 26 6 9 69015 1.0991407657940362
23 26 19 9 84832 1.0643249905039527
20 20 9 11 53578 1.0229716236682624
8 21 13 7 41952 0.9356360717831418
15 10 21 21 52199 1.0437800784210653
26 7 21 22 49673 0.9593273737473178
24 3 10 6 66187 1.0518724595740585
5 4 21 23 78884 1.0256267618292116
22 9 5 14 52697 0.974211173205082
26 2 27 27 66223 1.05628499837906
7 17 28 7 66115 0.9861131048337776
13 16 7 3 48167 0.9539851963971214
7 26 19 1 94427 0.9487915198642245
24 17 4 27 86302 0.9651128794970427
12 15 5 4 38262 0.9941833380842606
15 7 5 27 66655 1.0615265511696288
23 23 13 24 38805 0.9312511222129956
29 15 0 24 86784 0.9030517654218111
24 21 19 7 65764 1.034568518984789
29 7 13 11 54240 1.0893384937544386
18 27 12 13 56759 0.9353208656741634
29 17 7 0 88522 0.9259032857689475
23 1 7 24 106325 1.0780634337620842
3 12 17 13 36961 0.98309278219557
0 19 28 5 86776 0.9951340535694769
25 29 29 9 62090 1.0280446643159733
29 25 9 20 59197 0.9284814659589871
17 24 3 15 52418 1.0595148285174423
14 1 6 28 90156 0.9964207221157768
0 25 1 0 69319 1.0500599414774023
14 17 9 7 43334 1.0149837903494252
14 16 0 18 52007 0.9669278255893254
4 21 25 28 70741 0.9494240736983013
19 9 10 15 44107 0.9021556588797047
7 26 24 8 79539 1.0575919733491626
7 1 28 9 63481 0.9216253518960091
28 3 9 20 79674 0.9875369656113883
25 26 0 8 105121 0.9218438052214846
12 17 5 11 34712 1.0811249903061761
29 7 18 11 41654 1.0347784759738698
15 21 23 14 46295 0.9642412239356827
1 14 9 20 35260 0.9147962784754373
24 7 6 11 47981 1.0143985254915184
27 2 25 17 49576 0.9909111755508164
10 18 6 7 35775 1.047176618538363
18 20 4 14 51607 1.022149019332265
0 7 20 3 64831 0.964161938573994
9 1 0 18 57544 1.0741873361234808
8 8 26 14 53091 0.9887516501051926
9 23 17 5 59302 1.0371177996898404
13 5 19 21 73122 1.0360250613149267
23 27 2 7 100415 0.9836389968320056
1 19 5 6 35596 1.0944230015326815
4 25 14 15 53900 1.0309365756617823
18 20 7 0 76423 0.9415695154699915
8 7 17 12 31157 0.977680628390256
29 11 0 24 94590 0.9451016892122767
5 9 21 6 47798 1.0728173822831908
22 8 2 0 56959 1.016785091759813
17 11 4 10 39586 0.9206827938897072
15 4 4 6 48459 0.948354777918563
29 13 4 0 83700 0.9989792701012499
11 5 0 10 31808 1.021045391229849
4 5 26 0 80857 1.0062467568720077
25 3 9 25 98566 1.0495798198878847
11 13 6 25 41374 0.9199764054133103
25 20 19 3 77369 1.0897651585039863
28 29 16 3 90964 0.9703469904561378
17 22 15 10 41228 1.0785078199483824
19 26 15 0 100684 1.0617424849513253
24 5 7 16 69116 1.0926956622494544
9 23 12 12 34984 0.9025518546275455
4 1 24 29 119500 1.0729682178943754
10 22 3 14 37802 1.0528042589959707
22 12 4 3 68598 1.0713328153590767
2 21 8 15 29488 1.0744494694101503
21 28 10 27 36519 0.9779506553554729
12 0 22 10 58651 1.079917166904568
29 23 12 27 65252 0.9070345201030953
25 28 5 19 74898 1.065920063312708
15 9 1 25 69990 0.9886551132546515
8 18 11 11 21463 0.9257006661682052
6 23 18 4 73886 1.0010826664497108
20 17 15 26 46736 1.075277266083265
22 16 1 11 65408 1.0645926268752104
1 28 10 5 69278 0.9491959938910652
8 14 18 26 52783 0.95723313489624
10 20 13 4 54225 0.9490265232746491
5 10 6 20 27208 1.0777909293442551
3 24 14 15 52308 0.9484924820000435
4 0 15 2 69232 1.0672755134433354
24 25 0 7 101546 1.077976231789763
10 26 11 4 62333 0.9397636358383239
17 28 1 10 75904 0.9391023782054444
19 18 29 17 43156 1.020980730975573
2 0 5 25 61929 0.9942710867091684
25 25 8 0 103575 0.9424677283177791
22 4 9 11 61458 1.0456843516514989
24 3 17 21 82396 1.0872551477863508
9 22 24 22 33619 0.98928770514056
29 5 11 18 72663 1.0015603468182992
22 6 28 11 34310 1.0020825296390499
20 27 26 4 81610 0.9719901202837263
23 22 5 22 39340 0.9368166601901871
29 13 10 6 59785 0.9950037313220644
0 10 12 28 67044 1.004821769194402
16 26 7 15 53095 1.0187160976429839
15 24 0 4 87627 1.0659913676101744
27 29 13 18 73920 1.0092398202669932
5 17 15 3 62963 1.0973469873578372
9 14 20 20 48816 1.0010331957350287
11 0 13 22 63463 1.0632106699113515
2 19 4 5 38702 1.018040220323452
23 12 12 25 72143 1.0951070832591294
19 1 8 28 91896 0.95459386339482
4 26 8 20 29203 1.06530312693704
22 5 14 23 88575 1.0695159239604508
0 3 15 26 101069 1.0154887905125574
24 13 8 10 42448 0.9111853396084605
14 23 21 9 66004 1.0588211084024832
19 3 3 12 67191 0.9445079512898609
10 19 23 7 64056 0.9011950713149652
1 27 17 4 80715 0.9345776206884266
13 9 18 3 35221 0.9251225781445727
22 5 18 11 44613 1.011473226428478
3 16 20 18 63866 0.9308123892688496
22 2 22 17 87088 1.031082029212554
28 17 4 21 65180 1.036288319259487
14 5 26 10 49429 0.9445967831261262
20 0 3 22 95942 1.0138112035620928
22 24 3 2 103840 1.0155306435830038
11 6 8 27 53697 0.9286854075781033
4 26 18 29 55923 1.045126455124989
28 10 17 5 37659 1.0449112765001871
1 8 5 20 33206 0.937821830670755
0 16 11 4 47194 1.0464521026283002
0 22 4 16 28170 0.9639381910310447
9 28 1 21 34629 0.9972365289630323
24 12 11 8 45671 0.9491999825936104
7 24 13 1 73833 0.9695200441201629
5 26 2 7 47888 0.9743481540032547
1 13 17 20 55774 1.0606804562753867
14 4 27 26 96943 1.02972508539411
15 3 25 5 61733 0.9647051487929603
18 5 4 14 52855 1.0325043529754363
9 18 7 10 22808 0.9232465835127347
1 16 25 23 77235 1.010774917982583
15 25 29 0 90378 0.9158635455508934
4 3 18 22 74853 1.0660040821589125
16 23 16 3 73379 0.9878881559801032
5 25 12 8 52341 1.0741946384151002
15 19 18 4 62213 1.032661752415799
21 3 0 16 84462 1.003459226372184
14 2 6 17 65357 0.9683720678463598
10 10 8 24 35218 1.0220259966022818
2 29 14 1 93826 1.0402186344011515
18 18 0 5 75398 1.0497397755643931
13 19 5 29 44929 0.9770466808317997
0 24 27 0 117943 0.926714859503738
23 22 6 2 86260 0.9794157621735463
8 0 4 22 55390 1.047093956558946
24 21 11 8 73061 0.9472239576946395
11 15 6 29 48599 0.9768084039959797
21 20 12 16 43662 1.0875651294266122
4 2 14 18 69761 1.0799681204751208
17 1 10 17 62419 1.0651290105913052
2 24 18 3 82853 1.0464113289856245
8 16 14 28 44945 0.9670709150620416
3 7 13 17 50227 1.0431570730957371
5 24 27 4 96074 0.9044217612396751
1 20 25 29 86543 1.086867850625008
12 7 2 20 47973 0.9868043185140446
2 17 21 17 66519 0.9001484067945986
11 16 12 1 44893 1.0227852367726762
3 16 14 7 46761 0.9877029674204276
4 16 11 13 22661 1.0818180877955572
11 25 13 1 75490 0.903694656531245
17 26 20 5 75646 1.0170609249115252
3 23 5 6 48445 0.9367683399796545
19 1 27 3 47477 0.9600266185332347
21 9 1 7 48684 1.0850801525926217
25 1 27 20 56236 0.9243106729556065
7 1 12 18 53698 1.0351041390377782
8 14 16 0 59363 1.0736889625454507
3 20 12 8 44281 1.0999980117882406
3 1 10 17 60934 0.9158611127078548
2 12 19 14 47282 0.9769419503892607
7 0 25 14 80551 1.0099962877928463
19 12 27 2 52960 1.015277451526936
28 29 5 10 94837 0.9164722820005364
8 26 23 9 77401 0.9068235169601985
3 25 11 9 57702 0.9273644670512305
28 15 7 19 65193 1.0336718637697657
12 27 22 8 78850 0.906964423987673
27 29 19 8 66576 1.0149298643025282
23 9 26 20 42213 0.9995556380075986
21 21 12 29 54897 1.0060947313878001
29 25 0 6 103127 0.9166949636263193
12 27 21 29 37934 0.9062477207371703
13 19 21 1 87070 0.9928434809965792
5 1 3 17 46973 1.058955562786776
7 18 26 17 65201 1.091811961117953
16 13 6 10 28238 1.0358681043262274
19 24 27 20 36924 0.9226550518159615
3 9 3 25 44099 0.9271050963595999
9 11 1 15 26987 1.068975425963346
16 22 3 21 32407 1.078313975998574
12 25 0 14 58739 0.9737875928910644
11 15 0 24 50350 1.0652310135155802
11 12 6 20 30345 0.9241026083716898
7 27 23 8 76863 1.0319000081571752
14 8 16 16 34186 1.0071811300832694
2 24 20 20 51736 0.9155345897626982
15 23 0 16 55336 1.057996790136873
9 22 1 14 37680 0.9583500890994952
20 27 19 13 59610 1.0964750755438029
1 3 24 27 121256 1.0976762675686065
7 12 24 28 81207 1.0607148924572662
20 1 21 23 94068 0.9497511775536395
5 21 10 4 53873 1.007708724827516
18 0 4 16 75854 1.0574190586382255
15 25 24 23 37656 0.9703536406357315
16 16 5 19 44548 1.037487551551149
11 23 29 1 87574 0.9228262709960183
0 1 23 4 93240 0.9649632310608349
10 20 29 11 69935 1.0725927377719875
5 3 16 4 50423 1.0257559516694907
8 11 25 4 63403 1.0245846618960839
15 15 5 4 48090 0.9611581722165372
26 20 21 5 66961 0.9689989366092852
12 19 19 3 72223 0.9206434484609528
11 2 21 11 50588 1.0214113417183213
2 26 1 0 62431 1.0447875377339235
2 6 16 0 62543 1.021203311967682
16 16 27 28 64574 0.9753926184685794
17 6 6 0 51915 0.9452328338263736
9 0 24 24 98753 0.9171487471246818
17 10 7 21 50684 0.9603843726197144
24 5 17 14 51912 1.0427562825830654
14 6 7 19 50303 0.9548942808229324
28 12 23 26 52947 0.9523305570789696
22 3 5 19 88248 1.074805530643081
26 10 19 17 44506 0.9327611489838429
10 10 21 8 28165 0.9816944177807772
23 12 17 25 55251 1.0393564586250303
14 17 24 23 52128 0.9370070519495075
27 24 25 9 44512 0.9524910899056201
16 5 27 29 85605 0.9161322159969446
8 21 1 26 29308 1.0177110257638786
29 20 8 14 66960 1.0831601332586858
9 28 17 6 68235 1.0609121267885748
7 13 21 10 40349 1.0432742373031099
25 21 10 23 47879 1.066135404691973
20 7 12 10 29949 0.9908971859109532
11 13 6 20 28187 0.9048539906229995
28 18 2 28 77122 1.0991628392609931
22 4 14 9 52545 0.9561467412527859
8 4 20 14 50255 0.9632714403768659
17 22 4 10 55139 0.907887527076976
23 17 5 16 64568 1.0391138849852206
3 23 19 25 52718 1.003641073083821
10 15 24 21 58215 0.9230259226387884
4 19 25 1 97674 0.9407976353923548
12 12 23 29 85142 0.901192756599034
10 6 17 22 62266 1.078026597320456
1 1 6 29 78621 1.091502040559994
8 0 23 2 83988 0.9336521430217719
8 20 16 4 57644 1.0345111382402936
8 16 6 1 41679 1.0589380404894484
24 4 28 14 39902 1.0759266840787949
29 23 6 23 61109 1.082292532122368
10 24 28 3 85675 0.910474116474877
8 25 4 19 28098 1.0535782040839787
5 11 5 0 29844 0.9298924806935731
15 13 5 29 59365 0.9967658119568352
22 4 15 29 111913 1.0247184920601689
19 9 21 24 69367 1.0543976304428573
9 10 10 25 39315 1.0814857188262823
7 15 17 21 38833 1.0151924739213285
5 16 29 19 74441 0.9333535014669615
24 0 12 7 76313 0.965106545445901
10 11 0 17 42061 0.9405425646993132
19 21 0 0 103505 1.0797368087757535
23 5 17 28 91956 1.0274774920319656
18 19 3 20 45800 0.9952892420072912
15 0 14 25 97381 1.0981032952333714
19 23 4 25 50947 1.0120979501954084
18 21 16 3 67500 0.9725968889687499
22 1 14 27 114648 0.9483335505655514
2 4 13 27 78291 0.9673717576525316
0 8 19 2 60539 0.9817273123020999
10 25 3 5 64060 1.0644128401970883
20 1 6 4 68556 0.9600222695926723
29 26 14 29 58838 0.9779454329455344
17 29 16 9 65006 0.9776135578184577
8 29 21 26 52181 0.9092056257571177
7 26 4 3 71072 0.9597708712643722
6 0 7 26 76027 1.0344147596194455
22 21 14 24 35065 1.061388811170234
2 8 13 21 52950 1.0310067859272216
25 9 19 3 46240 1.0995504247248014
1 13 20 13 44282 1.0874216678683595
13 4 24 13 63014 0.9174503800921846
6 17 6 28 36772 1.0523464130420563
11 20 26 9 66054 1.0210591165736311
11 1 3 22 63852 0.9441260797325225
17 18 2 9 55640 0.9063133954643523
11 21 9 6 42547 1.0707704270967038
10 21 12 0 68927 0.9474700140747538
18 4 26 27 88226 0.9943796598966521
7 13 16 29 64765 0.9773716130137072
10 11 20 21 57227 1.0822288858446183
7 1 2 11 37413 0.910265956323413
12 1 29 5 69905 1.0952557338171145
20 4 0 13 67812 0.9328869548258223
19 6 21 29 97401 1.0536361058327586
29 5 5 24 91805 0.9512299894259212
16 17 1 11 59098 1.0266394453075542
14 24 4 27 45280 1.0308078761060464
22 1 3 15 87697 1.0199862206868433
12 28 20 14 63791 0.9056270404295541
15 6 28 16 50787 1.0861002522617522
19 5 1 25 86466 0.9326417689793624
12 16 5 11 30292 1.0888664521476477
28 0 21 29 85283 0.9291804114217065
14 28 19 1 100037 0.9815613095253186
19 12 9 26 61557 1.0634938159553973
27 20 21 4 69630 1.0604462819564822
8 29 20 17 59887 0.9636080558236386
7 7 2 12 24766 0.9440667946982844
17 21 6 20 31498 1.0038480695062082
4 9 26 10 53263 1.0350058750175986
28 8 7 7 47463 0.943840742964815
4 9 27 6 58494 0.9819262365461882
25 6 8 9 48843 0.924724665522273
4 4 16 20 66992 1.016321830651526
15 8 28 25 61908 0.9770695866024565
22 6 8 9 46297 0.9523430572071041
9 15 10 0 46550 0.9690263998121631
7 28 3 14 50551 1.0820077419966252
7 27 13 11 57110 1.0782392231874307
17 0 6 13 55935 0.9895816116223595
22 19 8 4 74169 1.0793906539807987
3 10 27 27 99223 1.098967797088194
20 29 26 3 88929 1.0495034135682102
6 19 6 0 59261 1.0153855496043052
29 6 14 15 60520 1.056408953354978
1 27 17 24 49823 0.9421909379959063
8 7 3 20 39017 1.0208077560442594
1 21 17 9 62682 1.0468036679670902
14 5 3 2 58624 0.9664097787403125
0 20 1 4 46615 1.078010974831744
11 25 24 0 114121 1.0226900464778734
21 11 14 17 46726 0.9022190992464516
1 9 24 24 89330 0.9959130938624586
10 17 24 5 73381 0.9456409978987844
18 17 27 13 39104 0.9880054976463248
2 12 4 4 29457 0.9021664183107998
8 12 18 0 57396 1.0398605014784625
10 10 5 28 49814 0.9595025355587721
28 15 3 9 67849 0.9127178666229793
22 14 11 27 67158 0.9880664657377527
22 24 17 14 47035 0.9757490330881985
1 4 18 23 82849 1.0297998680634848
19 28 2 27 53567 1.018224528655975
18 28 21 21 36793 1.0007794930168519
27 14 19 5 51226 1.028055133544201
20 0 6 25 101407 1.0632156019737171
24 20 3 24 65823 1.0250452942502095
13 6 20 9 30351 0.9611221320598691
7 27 24 19 69753 1.088635766445327
21 17 0 6 80584 1.0991427065106893
6 10 11 22 36955 1.07201542797034
8 24 23 6 78247 1.0326580462174384
23 1 29 17 62678 1.0875442289927846
7 4 27 27 97764 0.9570468580195426
0 1 4 10 38443 0.9994478700137336
18 2 3 20 78137 0.9904573102171786
1 6 10 19 50130 1.0851234675425407
28 24 9 7 73098 0.9536884780773207
4 28 13 1 86815 0.9653114299233734
3 1 22 24 104616 1.0279190196115
14 11 0 19 55895 0.9040277779558469
16 1 26 11 54572 1.0099853636314586
29 11 5 28 89149 0.9850390831811728
1 10 22 23 78240 0.9412843402506843
7 2 24 22 84944 0.9721360337944701
4 7 25 20 83431 1.056430968419137
12 4 3 27 76444 0.9850159921502866
8 26 6 9 44986 1.0694882117681503
26 24 24 5 61095 1.005135987834117
0 1 27 26 121949 0.9101412086515626
6 0 27 21 99507 1.0040779701825706
26 29 4 16 91701 1.0095409805928666
4 13 25 20 72848 1.0039541006443609
6 28 8 4 58630 0.9004633328296124
19 29 2 8 90041 1.0690698963627945
7 21 19 11 57661 0.993864960848934
8 7 17 29 71296 1.0122843909903356
15 26 7 9 68150 0.9692070951529195
27 18 1 24 76548 1.0860716959064
20 3 3 13 66611 1.0252832417042337
15 25 3 2 89999 1.098797698278089
4 13 16 19 49546 1.0449870649558117
9 22 22 7 68070 0.973024223545996
11 20 25 23 46044 0.9548566803062359
23 18 24 3 69363 0.9266885467029152
26 29 22 1 94950 0.9188991711939508
1 3 12 7 43809 1.068894313796032
15 0 3 0 75150 1.0729374907525053
14 2 28 17 75900 1.0622920692607682
11 6 24 13 49656 0.9028479434070527
25 25 10 13 77476 1.0969831000926837
0 0 25 22 111036 1.0906052834117455
18 22 28 6 52305 0.9488292099498599
17 11 8 9 29742 0.9966398629298627
7 5 11 17 36808 0.950282649189415
17 14 22 3 63345 1.0056216656775114
27 6 13 28 90302 1.077720648975436
1 16 6 22 27663 0.9821160561384147
9 29 7 11 46143 1.0447818171315617
7 13 12 25 42510 1.070208939987078
13 5 29 12 57154 0.9495251671154055
4 6 29 18 79075 1.0783495839583863
10 4 0 24 72583 1.0468523001856616
29 7 11 27 85519 1.0732711661097658
24 27 20 5 85020 0.9613065857612781
29 2 7 11 71889 0.9652347704368861
8 3 26 25 92935 0.9003032565973487
0 1 26 4 88094 0.9501917689579358
7 9 27 8 46970 1.0268713970770476
22 11 11 25 72994 0.9215620954976126
25 29 19 11 80562 1.027009438908244
0 6 4 17 39318 0.9437287222156551
5 23 14 29 47264 0.9747771015098889
21 29 24 5 92440 0.9745299491101521
27 9 11 0 59734 0.9226643797478274
19 1 25 28 101985 0.9635069272958997
3 27 12 26 39949 0.9679218136859056
18 5 25 25 84561 1.086023161403158
27 5 13 25 82779 1.0731455914840171
16 19 2 18 50643 0.964438467347754
22 27 1 23 73305 1.0487350805034796
25 25 14 14 73023 0.9506868461071625
6 20 9 29 28599 0.9606971054019765
22 14 16 28 60552 1.0438074653370422
28 29 24 8 52793 1.0674918205301895
13 25 16 13 48786 0.9790229897367624
4 23 8 11 35197 0.9665594144983319
18 0 5 3 66823 0.903975975973286
8 5 18 15 43354 0.9351840817281272
5 16 8 29 37503 0.9061189458404625
18 11 4 2 59981 1.0995568601152141
0 6 5 25 56702 0.9020377671881058
16 23 22 29 42451 0.9662052676752423
20 4 10 16 61597 1.0084050024821742
5 26 29 16 77379 1.089452641884443
20 25 19 0 101046 0.9716220395385162
24 3 10 13 66560 0.974425428294526
29 17 6 26 77942 1.0544717456837176
20 16 13 28 59361 1.0821525809745527
19 16 28 25 50513 1.0688391073360046
10 16 5 25 36695 1.0632346224796476
28 6 5 16 66910 0.9910371218087065
14 2 26 24 96842 0.9202383698285713
16 4 23 12 49827 1.0643732502983716
6 19 17 24 37537 0.9022959820671131
3 4 25 24 106393 0.9998420612134385
20 5 9 7 38680 0.9447392024187957
28 11 5 5 58245 1.0740036548457763
20 9 15 2 40846 1.0685780930808297
0 23 19 11 77524 0.9980183039347972
29 18 8 15 64552 1.0711555156498738
9 25 28 2 86710 1.001690883023701
22 11 8 2 55414 0.9850097361244079
27 26 7 22 62107 0.9852368808138999
23 5 12 2 64166 1.0821303633647539
10 28 22 9 83511 1.0328564115953647
27 27 15 7 74748 1.0269680000895784
25 17 3 3 96387 0.9920662017270878
16 0 4 2 72176 0.9832175924294664
1 9 21 20 77936 1.0893076778965247
22 3 10 2 74528 1.0261078694008545
0 26 10 0 89263 0.9277122438753284
13 2 0 12 58955 1.048216760806591
24 16 3 16 67461 1.093891847434425
9 7 26 17 63182 0.9214785017561681
4 2 13 20 65475 0.943869369626287
16 5 1 27 81470 1.079651816738755
0 19 24 23 67668 1.0926049109426597
14 10 23 0 73164 0.9900821860503528
8 22 13 29 34061 1.0437682426540766
7 20 13 24 26795 1.0959234911920162
22 18 9 29 64134 1.099689239460777
15 29 28 6 83845 0.9639927785062521
27 18 17 15 36024 1.0896912794619784
24 16 15 17 37432 1.034594973841884
6 9 16 2 44579 1.0943983648711175
19 2 21 22 82399 0.9201227049613885
4 0 22 2 93539 1.0354883612296812
15 24 2 7 68426 1.0398201559386036
12 8 28 9 36439 0.9725015765789143
29 4 24 16 43663 0.907531413542884
16 28 1 18 62990 1.031272183453868
11 19 3 26 40858 1.0947991135275497
24 10 17 16 36298 1.0290859140722826
26 27 9 25 61215 0.9031216287627931
28 8 19 0 58678 1.0119341485079978
22 13 25 25 51671 1.0852072122597314
18 14 5 24 58157 1.0270578169392657
4 26 15 20 46808 0.9321150452307971
16 7 1 2 48423 0.9477533915576724
5 20 28 15 70447 1.0649739046810724
18 24 8 28 41609 1.068133165557523
5 20 22 16 62631 1.0433457161846675
22 22 2 21 45255 1.0165516614066243
11 4 2 2 39319 0.9308486804478263
3 22 14 0 85499 1.051778189525362
23 4 17 11 49139 1.0958008422704753
