5059 5803 5311 5548 5268 5690 5249 5316 5042 5418 5046 5275 5103 5730 5378 5678 5828 5536 5710 5374 5831 5159 5154 5825 5097 5155 5564 5747 5293
8190 8114 8607 7859 7936 7893 8220 7979 8455 7894 8448 7885 8267 8323 8456 8586 8588 8160 8323 7889 8017 8137 8079 8615 8414 8236 7895 8126 8421
4642 4814 4193 4191 4846 4373 4504 4540 4516 4470 4340 4411 4556 4382 4717 4146 4721 4694 4420 4828 4254 4215 4484 4575 4158 4309 4533 4242 4613
3493 3733 3337 4012 3311 3696 3986 3297 3359 3939 3872 3828 3783 3986 3307 3938 3318 3971 3375 3743 3497 3715 3768 3890 3581 3551 3950 3525 3453
5115 5219 5032 4960 5202 5165 5283 5024 5256 5201 5307 5546 5054 5240 5095 5061 5377 5603 5598 5029 4854 5117 5513 5323 5193 5192 5383 4959 5316
7318 6949 6935 7310 6828 7382 7469 7313 7523 7057 6967 7383 7225 6783 7147 7141 7433 7119 6851 6734 7069 6825 6781 7345 6947 7431 7050 6813 7379
8159 8830 8043 8646 8536 8169 8274 8683 8129 8561 8487 8464 8155 8043 8368 8582 8165 8526 8299 8132 8422 8155 8264 8400 8400 8822 8500 8156 8737
2975 2485 2562 2959 2838 2923 2863 2438 2545 3026 3066 2653 3211 3216 3194 2881 2859 2867 2714 2798 2980 3175 2798 2621 2665 2488 2960 3041 2726
3614 3610 4044 3719 3984 3765 4046 3833 4165 4005 3516 4281 4092 3962 4263 4092 3902 3992 3758 4167 3809 4018 4034 4147 3547 4096 3764 4197 4236
4207 4678 4541 4152 4138 4409 4068 4203 4123 4031 4347 4761 4083 4329 4752 4779 4503 4234 4546 4775 4625 4229 4770 4465 4456 4187 4421 4746 4614
8509 8483 8105 8572 8648 8037 8635 8568 8350 8344 8112 8214 8391 8479 8413 8016 8648 8475 7886 8304 8165 8104 8644 8569 8501 8496 8390 7912 8579
7084 7232 7125 7739 7479 7489 7540 7004 7271 7579 7196 7196 7520 7649 7399 7376 7625 7165 7669 7272 7718 7544 7443 6963 7553 7391 7517 7533 7721
3233 3106 3448 3101 3210 3493 3261 3011 3234 3373 3068 2785 3258 3190 3269 2943 3368 3099 3423 2863 3473 2892 3217 2931 3143 3181 3162 3510 2780
4805 4929 4916 4250 4842 4500 4600 4803 4772 4219 4312 4748 4634 4237 4247 4255 4251 4488 4634 4556 4495 4545 4839 4734 4422 4509 4974 4837 4774
5564 5389 5484 6002 5659 6085 6039 6097 5517 5585 5460 6170 5764 5590 5563 6085 5457 5443 5636 5778 5476 5723 6042 5600 5562 5417 6164 5995 6091
5364 5679 5564 5345 5172 5610 5052 5352 5375 5457 5594 4928 5120 4915 5208 5243 5026 5273 5612 5238 5460 5311 5672 5440 5459 5471 5189 5671 5346
3829 3960 4057 3771 3993 3906 3818 3919 3534 4194 3881 4206 3613 3463 4039 3556 4161 4120 3822 4028 3869 4020 3778 3614 3501 4066 3753 3603 3956
3916 3491 3692 3717 3952 3621 3716 3682 3943 3556 3658 3246 3236 3895 3687 3369 3469 3418 3589 3418 3547 3632 3345 3300 3589 3417 3688 3555 3414
5883 5585 5655 5777 5502 5441 5476 6086 5786 5923 5491 5670 5837 5889 5950 5762 5917 5907 6123 5763 5797 5508 6039 6126 5433 5951 5923 5659 5894
5513 5356 5621 5336 5898 5603 5589 5882 5596 5369 5853 5668 5473 5344 5776 5813 5510 5438 5490 5683 5825 5630 5609 5844 5266 5279 5616 5705 5393
3002 2696 2947 2867 3061 2714 2660 3131 2675 2971 2803 2628 2628 2528 2417 3099 3011 2594 2504 2591 2698 2605 2667 2949 2918 3023 2641 3029 3096
3934 3974 3896 3602 3911 3981 3854 3423 3874 3822 3968 4049 3528 3960 3952 4082 3655 3753 4128 3598 3651 3893 4095 3936 3358 4084 3977 3560 3902
7895 7339 7568 7212 7514 7657 7743 7550 7899 7292 7708 7887 7191 7392 7664 7385 7832 7446 7683 7381 7788 7641 7943 7711 7586 7684 7881 7254 7547
8278 8515 8610 8838 8669 8197 8644 8441 8818 8923 8270 8640 8829 8309 8723 8671 8534 8837 8624 8179 8864 8288 8442 8626 8317 8817 8457 8355 8222
1942 2051 1807 1930 2049 2380 2083 1912 2208 2142 2466 1850 2120 2259 2404 2331 2212 2194 2105 1818 2077 1955 2117 2499 2195 1752 1974 2014 2258
3397 2989 3477 3445 3120 2868 3485 3031 3228 2835 3078 3108 2991 2814 2928 2890 3440 2830 3163 3025 2808 2808 3153 3121 3417 3377 3252 2960 3340
8023 8442 8304 8656 8350 8575 8180 8222 8514 7896 8585 8402 8138 8047 8396 8154 8391 8010 8433 8606 8437 8366 8567 8485 8262 8672 8033 8460 8007
4248 4226 3976 4114 4199 4262 3699 4195 4301 3680 3854 4279 3799 4397 3880 4024 4122 4190 4166 3945 3651 4027 3601 4288 4326 3718 4265 4121 4216
8567 8824 8807 8787 8915 8421 8723 8805 8601 8905 8617 8402 8215 8545 8620 8344 8285 8634 8535 8613 8403 8798 8191 8605 8137 8638 8387 8639 8859
3849 4224 3897 4421 4240 4553 3832 4215 4401 4394 3951 4321 4527 4183 4136 4082 4008 4293 3997 3859 3919 3940 4172 3988 4250 4559 3931 4251 4360
3078 3487 2584 5357 6949 1528 6114 2476 5709 6550 2083 1415 7578 2295 7174 5188 7833 2226 6471 8075 4567 3595 7559 6675 5268 4320 2712 4458 4032 7881
2872 3669 2567 4730 6488 1209 5643 2423 5753 6490 2288 1157 7384 2605 6997 4886 7503 2180 6657 8109 4208 3167 7269 6567 5487 4176 2568 4455 3500 7840
2585 3603 2260 5378 6775 1171 5760 2164 5721 6318 2103 1713 7536 2807 7048 5204 7871 2577 6857 8305 4274 3254 7116 7198 5615 4378 2483 4691 3693 7689
3001 3389 2310 5445 6743 1227 5910 2298 5687 6245 2037 1125 7241 2738 6725 5272 7811 2348 6562 8322 4506 3370 7619 7146 5692 4486 2306 4224 3357 7560
2601 3044 2369 4761 6788 1715 6209 2457 5706 6137 1787 1894 7230 2584 6913 5520 7289 2215 6312 8709 4625 3586 7504 7122 5178 4525 2377 4010 3302 7520
3130 3242 2395 5311 6747 1767 5955 2545 5717 6751 2173 1698 7833 2564 6665 4986 7262 2084 6429 8660 4744 3311 7771 7233 5751 4688 2724 4709 3276 7392
2896 3044 2757 4813 6439 1262 5963 2643 6139 6259 1616 1415 7708 3001 6990 5433 7594 2758 6480 8405 4778 3676 7301 6718 5285 4340 2531 4558 3316 7428
2673 3113 2214 5194 6745 1708 6030 2505 6130 6491 1916 1872 7604 2817 6693 5386 7393 2736 6264 8292 4414 3165 7110 6742 5430 4642 2348 4692 3471 7547
2721 3372 2675 5226 6959 1396 6289 2655 5488 6297 1548 1151 7816 2692 6593 4811 7668 2737 6773 8313 4098 3415 7587 6733 5344 4890 2329 4716 3831 7683
2687 3183 2123 5368 6560 1268 5950 2531 6070 6232 1962 1487 7878 2574 7142 5154 7180 2217 6481 8671 4706 3448 7720 6699 5203 4766 2644 4523 3514 7542
3007 3558 2304 5064 6604 1768 6030 2586 6013 6076 1843 1122 7379 2641 6719 5157 7306 2677 6857 8162 4168 3500 7348 7027 5690 4533 2459 4133 3899 7729
3083 3243 2176 5212 7094 1616 5664 2453 5543 6309 2138 1757 7406 3081 7181 5283 7665 2115 6552 8079 4281 3165 7233 6642 5179 4539 2533 4288 3450 7499
2565 3324 2456 5056 7097 1260 6100 2657 6116 6787 2118 1590 7575 2865 7156 5325 7864 2223 6202 8225 4722 3256 7572 6938 5692 4254 2589 4579 4019 7336
3015 3271 2172 5097 7059 1770 6163 2288 6101 6072 2007 1690 7857 2574 6864 4837 7240 2676 6780 8140 4183 3294 7626 7103 5291 4801 2363 4162 3722 7728
3147 3161 2506 4768 7188 1668 6340 2186 5592 6798 1733 1779 7930 2991 6742 5039 7139 2045 6896 8469 4390 3843 7115 7307 5501 4866 2551 4372 3277 7852
2586 3153 2333 5118 6688 1759 5691 2068 5644 6255 2095 1160 7765 2956 6664 4785 7372 2063 6383 8385 4617 3105 7712 7124 5701 4310 2626 4432 3357 7522
2767 3128 2838 5194 7022 1080 5971 2353 5774 6371 1827 1122 7204 2592 7186 5126 7367 2302 6604 8770 4798 3595 7849 7249 5803 4167 2432 4558 3939 7535
2479 3179 2466 5316 7176 1178 6378 1944 5895 6461 1722 1679 7505 2553 7172 4927 7479 2774 6460 8818 4702 3108 7191 7199 5625 4591 2627 4236 3553 7705
2734 3005 2101 4932 6787 1745 6139 2233 6047 6500 1813 1388 7582 2393 6608 4930 7820 2614 6757 8552 4366 3293 7661 6611 5296 4469 2683 4133 3946 7241
2481 3336 2475 5026 6898 1211 6227 2095 6079 6100 2063 1238 7857 2834 6877 5318 7097 2140 6615 8407 4445 3702 7638 6626 5516 4340 2526 4752 3809 7534
2780 3269 2110 4799 7144 1445 5806 2154 5655 6433 1564 1894 7353 2636 6725 5244 7823 2593 6538 8580 4795 3677 7711 6793 5346 4835 2159 4210 3790 7682
3162 3272 2573 5508 6702 1745 5820 2579 5666 6417 2253 1602 7652 2791 6622 5083 7385 2127 6215 8389 4761 3590 7422 6880 5262 4783 2340 4224 3613 7812
2783 3137 2649 5020 6772 1743 5854 2502 5665 6457 1673 1136 7513 2816 6893 5337 7346 2105 6140 8763 4433 3091 7830 6842 5666 4557 2647 4330 3557 7841
2539 3650 2147 4735 6742 1651 5673 2543 6076 6412 2229 1804 7721 2572 7110 5040 7655 2095 6737 8353 4737 3845 7406 7200 5788 4186 2160 4539 3602 7398
3046 3535 2489 5516 7083 1182 5681 2133 5965 6619 1530 1135 7624 2848 6438 4810 7293 2756 6419 8182 4653 3219 7626 6642 5858 4166 2249 4349 3517 7958
2682 3316 2161 5179 6940 1339 5941 2566 6104 6154 1866 1691 7712 2298 6664 5334 7528 2741 6365 8251 4184 3360 7477 7318 5350 4434 2734 4059 3925 7988
3223 3000 2344 5154 6727 1161 6284 2160 5415 6322 1823 1492 7875 3075 7190 5188 7218 2252 6435 8579 4291 3154 7760 6853 5337 4275 2338 4183 3967 7767
3118 3009 2116 5202 6809 1659 5876 2311 5380 6654 2283 1688 7950 2827 7182 5494 7269 2410 6194 8161 4579 3086 7717 7094 5891 4483 2181 4139 3398 7439
3101 3503 2724 5392 7167 1217 5949 2594 5766 6524 2168 1593 7433 2725 6685 5007 7749 2473 6110 8609 4172 3716 7293 7043 5133 4664 2562 4461 3560 7944
4 15 1 2 57812 1.0335681031215491
7 29 5 1 85838 1.018746667701866
18 2 9 15 63095 1.0084400058108458
9 14 24 4 50861 0.9630667203623522
1 22 18 7 88076 1.068459851444604
8 9 17 2 40755 0.9312230116816334
17 15 21 27 45051 1.0264339559014748
15 11 23 13 19565 1.0963565201161602
2 17 4 8 41103 0.9400865272182191
2 14 23 10 48260 1.0805845823430467
2 10 25 10 41574 0.9420603198667777
22 29 4 7 94773 0.9414910944726587
2 28 6 5 82349 1.045282701308358
11 23 1 15 63826 0.9878054021178498
18 0 13 15 64664 0.9200117364437786
3 22 24 8 78007 0.9660401040011559
6 15 15 5 47022 0.9327722061675147
24 7 19 22 50543 1.0274895087997336
25 29 25 7 53594 0.9365501103870393
10 4 8 19 58381 1.0482544164492504
21 29 23 18 41841 0.981893776496596
15 0 8 12 54063 0.9792893743609946
23 19 12 21 51897 0.9665638971767424
0 14 0 24 55473 0.9405906593456426
19 18 24 24 31263 1.065866606938843
1 0 2 17 70229 1.0374792817216956
17 20 23 11 38896 0.9353923029246323
28 29 22 9 72600 0.9643413423709455
13 9 7 0 40561 0.9714584885644971
20 15 24 26 33742 0.9101533439392796
22 10 15 6 28339 1.0736395999427146
0 28 6 2 99735 1.0285267670642941
10 8 3 15 41790 1.0958826361499248
28 12 22 29 64990 1.0046201006881894
6 12 12 3 40807 1.0276100135169395
0 25 8 0 99329 0.9705189849940353
3 23 29 16 88353 1.0885259785034416
29 2 9 11 53259 1.0141720096635491
7 23 27 8 76483 0.9906553366988861
14 29 25 4 89036 0.9004067849955102
18 11 4 12 26962 0.9928101886277603
1 23 22 17 78550 0.9945862777678157
27 14 26 27 48047 1.034670234989689
7 14 22 12 39498 0.9755487710894023
29 19 22 26 39638 1.097094040608699
18 26 26 28 25945 1.0785710655199554
16 15 12 22 32474 0.9071552207446542
20 1 4 15 71908 0.994727646619633
22 15 14 3 57784 0.9916585225182936
15 10 4 24 70496 0.9508403177074447
16 6 1 6 34363 1.091290470483074
8 9 23 24 64849 0.9244485324525391
2 7 8 15 39669 0.9149106793090414
15 4 26 11 34746 0.9773811143677564
16 0 12 10 42439 0.9460823449797541
4 25 24 2 98633 1.0680390469851742
6 20 29 1 91677 1.0951122240899491
27 27 15 29 47219 1.097322206850219
3 29 6 6 83887 0.9626095502434213
10 26 15 16 45184 0.9555184590111925
10 10 26 16 48109 1.0730312909559157
22 29 7 7 87128 1.0554110203140625
28 13 10 2 60703 1.0327610511636187
2 16 12 0 70510 1.070481934772664
26 5 11 11 35551 0.9279605647774836
26 22 21 15 35762 1.0237729960935351
15 3 17 22 74038 1.0973417256816542
15 15 14 3 58446 0.9167847919312133
11 19 0 0 90056 0.9507531740465645
5 16 4 4 56641 0.9586829724716281
14 3 4 15 63656 1.0165230226397797
12 19 29 12 55337 0.9095571348583339
24 19 7 13 48810 0.9602705376365672
19 25 24 1 68990 0.9483941208062774
28 5 2 21 89262 0.9555715443107612
2 26 21 8 86639 0.9598237673078777
13 25 5 17 46619 0.9309985747523746
24 8 27 0 25105 0.9600353911628585
24 11 6 21 58520 1.0179784946871548
6 10 0 14 30262 0.9473420476304306
9 23 3 15 43599 0.9180063313358079
0 13 22 10 46450 0.9256982115081708
20 0 1 16 87860 1.0289352968820098
18 4 21 28 74805 1.0010638632705997
29 8 7 21 75189 1.0643447292616466
16 6 13 21 60492 0.9851296561398294
8 10 27 3 52301 0.9847017505134957
0 28 5 15 69839 1.0015752796188555
26 1 28 12 42179 0.9347160438415051
28 21 23 2 55313 0.9851697709610752
24 3 28 25 64580 1.035483540179034
18 16 16 25 40696 1.0060249221718172
27 23 23 15 35138 1.083255570009008
18 10 1 4 50991 1.052338574734976
1 18 27 10 73492 0.9764252013753942
15 28 10 2 98404 1.0836470059970327
8 24 27 1 99065 1.0195900230997657
0 19 27 9 82484 1.0816658077394918
6 13 18 21 56022 0.932811165720165
19 7 6 21 65759 0.9072197269140843
11 14 16 29 66424 0.9619716300683844
13 10 11 29 69172 0.9522727460856117
11 27 20 15 58506 0.9693219636833622
9 10 16 24 63784 0.9627837293915146
24 16 3 7 57034 0.9587812755759142
26 4 2 23 103491 0.971211438351557
26 24 15 6 71379 0.9752742394040868
25 17 20 29 39540 1.0545972677367015
6 11 2 0 44718 1.0041625132226117
26 26 4 12 72895 1.0256641097948773
13 24 3 14 60040 1.0462830899331796
1 23 26 1 113767 1.0245667506586826
13 18 25 1 67653 1.0024023259220662
15 13 5 14 34583 1.050105683318387
26 26 11 0 87498 0.9473536341889548
29 14 24 2 39607 0.9253706157000471
9 27 24 23 48206 0.9508015429558038
9 15 22 21 52782 0.9026316379725298
13 6 22 25 73565 0.9345177596620377
16 24 22 2 81366 1.023880293281053
3 7 8 23 61189 0.9549581183883471
6 23 27 4 88607 0.9541265324748123
0 1 23 6 62402 1.04543558074893
0 14 10 21 54659 0.9311832667115967
19 19 12 10 44093 0.9700681578251409
27 11 3 1 63884 0.9422639918791287
20 25 14 3 75093 0.9975423110109063
10 8 16 19 56993 0.9700797010462279
15 19 4 13 50610 0.9797417079423305
16 6 6 20 64125 0.9776991500301427
6 8 22 10 40312 0.984568123325614
10 2 2 21 77491 0.9100838931065924
19 28 23 12 56544 0.9007046286553159
9 29 3 2 94529 1.085359382558261
13 26 13 11 51214 1.09747705714135
3 20 21 26 66056 1.061409987828211
28 25 18 1 84903 1.051750548078586
9 14 0 11 26119 0.9338594952385997
14 16 15 1 70326 0.9282716730630167
3 2 20 25 90364 0.9855443669575317
28 22 22 29 49665 0.9167283999934335
28 1 25 25 67508 1.0863169643460646
0 11 26 14 52184 1.0390818177919736
4 29 23 25 69165 1.0468998260550328
24 15 20 4 31469 0.9708948522761055
23 5 7 0 38179 0.904641220306532
12 16 11 5 36501 0.9154402601578452
9 11 16 26 61530 1.047053599109869
28 17 12 4 57991 0.9942672555781817
8 24 7 1 71102 1.0566517981351056
24 22 0 3 83222 1.0896608618534371
27 11 0 28 101547 0.9390386701034874
8 28 17 15 64295 0.9530979892116339
22 16 6 23 67921 0.938237098252712
18 26 7 10 68170 1.0401728739977552
4 14 19 14 50755 1.0848385103498408
19 10 2 6 47156 0.9071310186190934
28 27 9 21 70905 0.9536299339526239
11 15 26 27 67623 1.0507486076030412
23 28 14 29 38932 0.9281278019251124
16 19 3 22 55746 1.0413473716320503
22 18 9 10 48836 1.0072582890988449
23 18 26 10 27969 0.9603313812267067
17 5 8 27 81386 0.9424694296629275
16 14 0 13 45685 1.0727735391292472
24 13 0 2 67214 1.0113934200346488
20 26 26 21 26403 1.0949372854658384
5 4 14 21 72328 0.9500099703972386
23 29 4 11 76010 0.9451707612257512
27 27 10 29 63889 1.0698042159196373
11 4 25 8 36977 0.9412323188001211
27 4 27 17 41997 0.9480595477279563
7 28 13 16 50063 1.0087825504674135
10 14 2 29 77474 1.0363942188616944
2 8 7 25 61725 1.016248066779416
0 20 7 12 48369 1.069011739542953
28 3 29 13 46835 0.9986990106002118
0 5 19 22 81805 0.9331148647967952
16 10 25 13 22562 1.0432054263982282
1 11 17 4 45108 1.020236273557019
17 1 21 28 85333 0.947509292542874
1 18 22 23 82573 0.9450518338857163
3 4 7 10 23077 1.0769612159271058
7 1 16 10 41999 1.0181319467951155
6 22 7 3 62507 0.9522776873092587
10 26 15 15 50427 1.022778613941193
0 0 20 19 89697 1.05574563052389
20 5 12 14 37833 0.9704709874865844
8 14 24 22 59259 0.9226857736836532
17 24 12 14 45138 1.0968968327699022
20 12 16 3 32560 0.9735466439296616
23 13 16 18 33248 1.0055999126511064
21 7 28 1 32102 1.0789710658713394
8 23 25 12 70304 0.9828416285028977
1 22 13 21 48450 0.9621798575597956
19 11 29 22 49519 1.067354660960033
15 4 26 1 33309 1.080781376069008
28 13 19 23 51459 1.0824615352305924
8 1 9 11 33841 1.0097105595346978
5 20 8 12 36960 1.0028244174786611
10 21 21 19 44787 0.9670262250268012
19 20 7 8 56117 1.0742371919218487
1 20 3 2 74540 1.0221709862925823
8 25 18 19 57917 0.9514015820010177
16 5 21 11 24062 1.0986149474700087
16 12 12 27 59153 1.0684994313874205
5 21 26 2 85458 0.9678435036787516
18 0 1 15 83936 1.0801553112103235
2 28 29 15 102556 1.0226197857174495
18 9 1 16 63331 0.9805087318456915
13 6 20 18 50252 0.9876409964105549
4 22 25 3 91472 1.0490781064145587
18 29 27 12 68563 1.0266272379083727
20 22 8 6 65964 0.9932941000760886
14 19 18 1 76194 0.9490953938986935
13 15 25 21 45453 0.9028953521972112
12 12 22 20 47987 0.9853661271630858
4 15 16 24 66235 1.0738161068931504
19 1 8 16 69714 1.0373405978116716
29 4 9 24 97319 1.071258854501148
8 15 26 4 64259 1.0750714823794831
11 5 17 16 45830 0.9801202695144539
16 11 27 15 32331 0.9581210055117444
28 29 22 1 86755 1.0043735737867987
18 18 5 18 44433 0.9084076158403608
16 7 0 9 47729 1.0355700722946393
6 13 20 10 30703 1.0738705760681673
28 7 28 23 63723 1.070478894650435
20 0 6 27 101200 0.9208341661125022
18 7 29 7 25870 0.9869972706529863
0 16 14 15 50264 0.9341150491724985
18 18 27 23 45136 1.0591315145619018
14 20 20 8 55555 1.0956198742494458
22 28 15 7 71744 0.9183196820750458
13 5 27 11 34504 1.042125372638615
29 20 18 5 60688 0.932587677001028
2 13 15 25 76237 1.0239249484159358
3 14 20 7 48344 0.9073786562207325
12 28 27 3 93449 1.0647860003226102
0 10 20 29 84124 0.9112561448560504
7 21 12 9 43203 0.9966168072164524
1 22 13 23 57834 0.9461838195877339
5 22 14 21 37055 0.9442366015669099
25 15 20 9 24770 1.0222883553772397
9 3 8 14 40898 1.0093950068043833
26 6 13 25 83798 1.0099589181458108
8 6 18 13 41391 1.0179492819060547
24 15 1 23 87293 1.0669669556455461
24 15 16 25 46895 1.036959215232683
4 15 1 4 52641 0.9597028590270049
7 8 6 24 51889 0.9816190589476573
14 15 27 19 50505 1.0011797714696695
2 20 10 5 64015 0.9592178197942494
21 15 5 25 73295 1.0411985264320944
27 10 9 23 76550 0.9100267092435662
18 7 11 20 56603 0.9482432439733012
10 19 1 25 58735 0.9205099899711165
4 8 1 0 38347 0.9405606294178833
5 12 19 1 61392 1.0074226200382965
29 4 22 10 25425 0.9317809808455161
18 0 28 28 90052 1.0501642682084118
5 28 1 19 52244 0.9141094135410417
3 3 22 0 53236 1.0691260439356758
24 5 2 19 77772 0.931718223009611
20 14 20 26 33076 1.0324767327178694
22 19 16 12 43903 1.0079773057925119
14 16 25 7 52352 1.021290944793291
9 23 2 20 37030 1.011525310152232
4 1 21 21 86445 1.0900328013709528
3 17 1 25 38094 1.016657619833804
24 27 16 4 62844 0.9102599993810222
11 9 19 7 28283 1.0995823614926612
4 29 18 21 66476 1.0605269309156709
5 1 17 7 39760 1.0836150764078918
29 23 5 5 88248 1.052048262237088
21 18 24 1 44284 0.9283385157211914
3 13 15 26 67959 0.9513591137028558
25 1 17 8 33001 1.0829134794169462
7 29 13 24 32560 1.066292159030059
25 10 5 7 45730 1.0421978103074347
17 7 20 18 36757 0.9353334334307946
18 29 28 0 95552 0.9200069792826766
29 5 22 2 17140 1.0458859266317995
23 6 6 1 46445 0.9436175945043626
19 8 27 25 63891 0.9136609741868573
8 18 4 3 56509 1.0390053066437681
22 25 15 20 42941 1.0750944997349061
0 5 29 16 77929 1.0970846458554306
3 10 26 10 41337 1.0003920098227248
27 8 16 7 29457 1.0033207251444642
25 26 9 28 48755 0.9617655832135256
4 12 4 28 66264 0.9267953367337833
17 22 26 4 70280 1.0755329190637168
26 10 0 22 88513 1.0427921784022574
11 2 12 28 85082 0.9518299666680261
24 12 0 15 59224 1.016002585527176
19 8 22 0 33866 1.0411154756376257
26 23 3 4 86352 1.0765013216304873
21 20 6 22 61693 0.9838980147777789
11 11 4 17 30703 0.9082254261130489
10 19 23 28 72617 0.9366455095638502
10 4 24 22 66803 0.9484763420969925
1 12 8 3 43159 1.00467426595587
23 27 20 15 40255 0.9059513315016893
20 17 6 10 40028 1.0287738134380735
28 28 24 12 48833 0.9914814266450427
18 22 28 26 45473 1.0223811222544825
8 11 16 5 31414 1.0313843848572495
29 1 14 22 93887 0.9449383642420693
20 24 29 25 31870 0.9881112308900569
2 15 16 21 58177 0.9926066496360253
1 9 27 21 78863 1.0440883373558085
10 18 28 4 77609 0.9812438814776793
23 1 1 13 69304 1.0611540669236759
7 24 7 11 37967 0.93198988567103
22 18 7 11 47512 1.0092219483945655
13 4 15 19 62184 0.9040105415973992
28 26 27 13 45641 1.0305800749959872
28 5 7 12 46656 0.9571929023095436
18 6 2 23 90947 0.9994063488725842
21 11 7 18 41810 0.9302688978837658
18 9 3 22 71753 0.9111143530976596
24 28 18 23 35421 1.0002361759895593
2 23 6 15 47117 1.03893910566882
0 0 27 20 104015 1.033513735210502
12 21 13 4 57213 0.9929887311292388
15 22 7 2 79984 0.903088577051811
25 2 2 25 106787 0.9297630245056012
17 0 8 29 107750 1.012211199309184
16 16 20 4 44319 1.041963968456637
5 0 4 20 77246 1.0455076313454938
1 8 23 11 50513 1.0658096944637288
20 9 12 17 36233 1.0921433361516202
17 4 29 19 61959 1.0278588086748826
1 18 27 14 82336 1.0332399411133941
24 21 5 28 65127 1.0980124115487135
1 28 17 14 84028 1.0751674102277458
0 24 0 8 82691 1.0150827755394825
21 28 7 2 94133 1.035175030827098
21 7 12 3 25510 1.035502686942426
13 23 21 15 54041 1.042399967776965
5 12 14 27 73475 1.046604463796173
20 11 0 7 46697 1.0054652120006655
15 9 8 0 48860 1.0146234297270371
12 19 21 5 55380 0.9395971789528371
17 1 22 6 29833 0.9382775727418156
5 13 24 20 56193 0.9835477725549183
11 17 15 3 55583 0.932961230303148
10 19 22 23 65967 1.0621933814406115
29 3 18 23 79402 1.0313672407422911
17 3 0 6 38531 1.0364356698693697
13 24 21 0 92356 0.9758582997793657
7 1 20 13 51996 1.0953561401840268
9 26 28 22 68310 0.9175034448057694
1 9 15 14 49066 0.9463499168038908
22 24 10 7 74898 0.9415857504075908
10 12 4 1 49759 0.9287372367888241
15 19 12 10 39710 0.9800079381575267
13 9 27 4 43520 0.917919112192591
7 10 12 0 37649 0.9055620121958484
23 23 14 21 46033 1.0114880258118595
24 29 22 16 36990 1.0105653512120518
0 22 11 3 93320 1.0887969161754112
23 24 0 20 93800 1.019198468083925
2 0 11 12 56131 0.9651760481508593
21 23 0 21 79513 0.9925999191557249
16 28 17 2 90933 0.946114435232753
13 21 28 15 64636 0.9814911473742634
20 28 3 16 74261 0.9802841916664841
9 28 17 23 39670 0.9219458142690444
2 29 4 15 61400 0.952703639944329
25 25 27 13 38553 1.0967014598200802
6 6 8 26 65369 1.009629063194758
29 0 18 1 35777 1.0651976391787805
1 17 7 8 40813 1.0070951232199479
8 26 4 2 78209 0.9560207585549935
29 7 21 12 29083 0.9130288657216631
27 24 6 10 73172 0.9709726701577182
24 19 2 8 64039 0.9184037036693519
14 27 2 12 77796 0.9060298027619537
21 27 27 10 50697 0.9719001763855206
17 17 12 10 31311 1.0526521474065724
28 14 27 0 55484 1.0364713736591953
16 1 10 6 33659 1.0173702282497876
2 6 17 24 87148 1.096430469050529
2 10 11 19 52910 0.9013746118935198
11 7 28 18 64530 0.9889141186638566
2 23 12 10 64415 0.9684328862202911
11 4 17 21 70750 1.0207830047811088
23 9 6 20 67422 1.0751597401026265
27 20 18 27 44340 0.9533898362865472
25 21 21 13 28798 0.9089686869334159
12 29 2 0 107179 1.0430739184559656
5 15 21 7 55462 1.0466042445281343
7 19 22 29 72855 1.0630886149738126
20 10 8 24 65235 0.9902375474472527
8 24 20 1 90957 0.977949976171527
29 23 19 26 36693 0.9027371142313526
26 13 20 26 42370 0.9403240919279632
4 19 5 0 72978 1.0979314056072447
12 17 4 11 31209 1.0993161972685712
21 17 21 0 50957 1.0180341790657785
10 12 14 0 52211 0.9422820032972
28 15 12 25 72985 1.0661549950061089
9 2 17 21 78017 1.065658529869133
25 27 8 3 82586 0.9280960144533917
2 3 16 9 45569 1.0662151533898747
1 24 11 23 54585 1.0203397298027348
10 20 23 28 64313 0.9597865894074402
25 16 19 29 49086 1.0270984989382532
25 4 26 14 33789 0.9331710274833808
26 21 1 7 78606 0.9669079672082305
16 3 6 13 47703 1.0167589176226086
8 6 21 9 36309 1.0632560721893412
21 17 11 7 45689 1.0290651673385658
20 9 1 13 43964 0.9161400069881122
26 21 20 26 26403 1.0658466714113597
5 2 25 17 68645 0.9310471483942615
4 3 22 24 93503 0.9883203882365647
24 14 8 17 44450 0.904191072410046
11 25 18 22 41123 0.9461151405889465
12 13 25 19 46050 1.0357675675254785
21 21 1 24 76924 1.0683215043567418
11 18 10 5 50917 0.9902504657140832
5 24 9 3 77258 1.0960294173749459
14 13 20 3 42075 0.9058068379921352
26 1 8 25 98516 1.098095635511365
28 13 6 14 56559 0.9218886652719702
24 27 9 2 81670 1.09310154383677
19 0 3 26 106101 1.0813148305183717
27 2 22 22 61918 0.9965774778133885
15 7 23 9 31003 1.0367885445102603
1 12 20 21 62620 0.9493744969266708
17 25 1 27 49700 0.9975676335150994
2 29 28 22 98706 1.06951642036694
15 18 26 5 54974 1.067820062673783
20 16 3 24 69694 0.9984990091029585
8 2 19 13 53592 0.9688824555147565
28 14 13 0 73672 1.0771266057763145
29 4 15 2 36750 1.012352508082188
1 4 24 25 85625 1.0183829622361706
21 11 0 2 61832 1.0279317308815143
23 3 1 24 111396 0.9080809824373778
7 25 24 15 67400 0.9996898288041405
1 20 8 0 80343 1.0753310081689085
28 11 18 6 33826 0.9291860346478151
11 16 6 26 45629 1.0875461894355343
6 13 23 26 68384 0.9101898018266139
3 7 2 28 80886 0.9534010880325848
24 18 1 12 57728 0.9107275511789555
13 29 17 13 69416 0.9568175734639343
8 7 24 23 64493 0.9999325757882747
21 8 10 4 34654 1.0999315682081998
11 24 4 27 36831 1.0306263539334333
21 0 0 22 110522 0.9452485682399167
25 15 25 4 30053 1.0891985150581018
20 4 29 21 60741 1.0233034838182569
8 22 4 14 41132 0.9806185592128167
19 15 12 25 53045 1.0803014545460679
29 20 29 0 76097 0.9844397286139517
24 9 0 6 50163 1.0387810488895108
29 16 15 29 70985 0.9283005463022208
18 0 0 12 69093 0.9828911967202131
28 3 18 23 81380 1.0672069677346854
11 15 28 10 45835 1.0812499893349188
6 13 1 2 47184 0.9660170591674179
23 25 2 11 67638 1.0808418565971174
28 9 0 4 67436 1.0956941370901319
15 6 20 24 62244 0.93184170763781
2 26 29 24 75310 0.9916642183951992
3 11 18 18 50445 0.9718361523499381
25 2 4 27 103072 0.9109659653220391
17 8 23 1 33224 1.0287791299916336
10 6 28 13 57885 1.0885874376110622
11 23 6 4 77949 0.9080141530988644
19 1 12 16 58952 0.9061889665191577
28 4 19 11 35121 1.0910310955254308
23 8 12 19 56309 1.0070655252443796
13 12 16 0 51845 0.992808801286553
11 9 3 12 27874 0.916534573783553
14 18 4 27 60945 0.9966153226964517
26 13 16 5 34105 0.9186299723300678
15 14 16 26 52358 1.025489458648432
5 24 5 7 65266 1.0219313894467006
7 27 11 0 87848 1.075346094995746
18 22 17 11 43490 1.0853562410449005
1 1 8 10 43085 1.0276144817712523
29 27 12 12 68750 1.0425806337599626
8 0 24 10 53228 1.0593759782178966
13 13 26 7 39301 1.0289850935000528
13 27 0 15 72876 1.075340736696872
10 20 0 24 55875 0.951201393997193
25 14 5 2 62345 1.0716805797009217
22 13 8 12 32127 1.0539840457353273
20 13 9 25 67824 0.9835773383686741
23 11 17 6 26200 1.0186659363939337
10 15 27 11 45342 0.9963150121785272
8 5 29 11 45093 1.0978404057139768
25 24 21 15 34559 0.9636032855773087
7 3 8 28 75250 0.9941805879164454
21 12 24 22 31062 1.0452584668248464
10 22 9 4 71608 1.0795728207297626
25 1 13 0 35950 0.9689790814785514
19 16 5 4 66150 0.9921356839123555
16 27 6 17 54059 1.0704306754227146
7 4 5 18 49674 0.9278412396553887
19 29 25 11 57201 1.0545252909121718
0 15 22 26 88261 0.9095185801427588
5 28 29 23 79470 1.032490524303193
29 27 5 14 91566 0.9572762527418792
2 21 22 0 99022 0.992972640225393
10 19 11 28 45712 0.9377604913858023
19 28 2 1 109940 1.0532425179295206
5 24 10 13 51222 1.073697562772895
27 3 1 13 69812 0.9709498721626337
26 5 21 11 20254 0.9866045399327517
29 17 2 9 67856 0.9061261019756975
4 10 14 7 29546 1.0837505017826714
19 11 7 8 26434 1.091935642386797
29 17 18 16 32223 1.0864499476766667
3 2 26 3 55568 0.9688962336708649
16 0 23 4 36117 0.9456450510967767
19 7 28 20 57111 0.9950806083801497
14 12 23 10 22829 1.0718859806986516
10 16 16 10 40516 1.0421204326068627
13 0 2 15 68929 0.9425480422251538
6 26 25 22 59864 0.9297138239599813
27 0 29 24 81926 0.9870856701135816
21 3 22 17 43219 0.9449212400927018
23 18 11 15 46093 1.0157083886886173
18 0 10 27 106842 0.9343163243782228
1 3 8 8 33033 0.9258433427140258
0 25 25 0 117463 0.956501981218831
21 6 14 26 73893 0.9106505497949121
29 8 8 19 74316 1.0038715769682975
6 12 11 6 38771 0.9173643837595886
6 19 14 8 57684 1.0831712258580368
26 7 17 28 69700 0.9966196274392484
19 23 12 9 56683 1.0962945825974517
7 19 20 18 39494 0.988177536598982
3 26 10 6 79311 0.9539486430803907
26 8 16 8 33590 0.9071092009305638
13 0 2 28 107506 1.0409464916728086
1 12 11 20 56755 1.0042200208150973
16 21 27 0 78102 1.0957828205344808
0 17 6 4 60540 0.9301494960349719
17 3 26 0 29934 1.0753583590333065
3 13 29 1 74249 1.0736938933861822
1 4 26 4 53169 1.0726595011403948
4 20 19 12 64005 1.0945922383489697
16 15 0 19 56840 0.9404163376753617
19 21 21 13 27780 0.9017497966272506
10 12 19 21 53139 0.948571898018822
10 11 21 3 40437 0.97335607417309
24 13 29 29 52524 1.0945508632379797
10 26 19 5 81838 1.0390701591586813
29 1 19 0 32050 1.0029953593901875
29 3 20 1 27906 0.9113742042198753
13 5 1 29 102024 0.9394621066537739
4 2 18 3 39439 1.0790039872579051
19 5 22 24 60381 1.0290560925047905
11 19 17 2 71752 1.0257409741993926
7 26 9 5 63085 1.0129963131088757
8 15 21 14 45613 1.0937590893726354
14 12 7 16 31994 0.9022770387181864
6 2 20 27 90513 0.924793097551766
10 23 29 5 89280 0.9459537186979159
6 9 6 23 54415 0.9661591165649467
4 7 21 10 42003 0.9600849088930783
3 3 16 29 106020 1.0149180832301328
24 25 4 11 60614 0.9133099360852899
29 13 20 19 36997 1.0254195724630764
9 25 16 15 55603 0.9942355153287595
28 10 6 0 60953 1.0397520425553795
12 0 13 11 37128 1.0871722379654292
17 28 3 11 80262 0.9724178929783633
23 28 4 6 88589 1.0748176656986868
9 16 29 11 52751 1.0856652091255234
24 23 29 18 29191 0.9363252401913393
10 13 1 17 34395 0.9655509712888997
24 8 18 23 57808 0.9038964134364121
12 23 16 16 32135 0.9923076665702456
4 6 10 1 30421 1.098748863740584
24 14 14 4 40304 1.0644521040466364
8 5 23 11 39298 0.9724512697334177
15 20 11 11 43250 0.9282442820842861
25 28 21 18 36297 0.953370705640513
24 7 10 16 57226 0.9408223835154452
2 1 28 18 94216 1.0052147078817422
12 11 25 25 52384 0.9783833020629729
0 23 20 0 112896 1.0941191112828157
21 23 10 11 52888 1.0554734486914177
17 6 17 16 35988 1.0123145426415046
0 13 27 18 71381 0.9704313568011149
19 28 18 10 57018 0.9450371849831701
3 26 16 27 36133 1.0331547563483243
23 24 12 7 64497 0.9881606056959632
28 12 27 24 55333 0.9940527704862809
7 3 1 27 87187 1.0171542401796962
7 26 9 18 34140 1.0124907602076743
27 19 13 8 59076 0.9118349104828577
10 15 2 28 66121 1.0610152470380252
19 7 25 23 50661 1.0365325340024256
1 6 13 29 102799 1.0654969128182847
13 14 12 0 48683 0.9571004935440638
29 12 10 19 69968 0.9057419980691933
16 0 2 14 71616 1.0624595440792328
1 16 16 26 70298 1.06640912109966
22 28 6 5 83499 1.0676316852797367
1 2 4 17 62144 0.9512573095331378
6 23 29 3 95945 1.010724786383148
26 6 7 4 38840 1.0345103643467832
2 27 19 28 56570 1.0960064322584173
27 28 7 21 71160 1.0263462937562036
12 5 25 21 56035 0.9548717413696356
20 22 26 12 44402 0.9042162377856904
2 26 21 11 76470 0.9838870068736472
23 12 5 8 52800 0.9396406204820253
23 19 5 22 78062 1.0571629716102222
26 19 4 26 77469 1.0912396395847495
16 16 1 6 65395 1.0467387733639162
25 0 10 20 80745 0.9734016148302724
22 17 2 11 47911 0.9194491496054629
9 29 25 20 67665 1.0243702323581634
26 1 9 25 101185 1.022022967245873
4 15 20 14 51167 1.084543149127631
14 29 4 2 107669 1.09317561428331
12 17 0 1 72908 1.0980182481526795
27 15 9 28 81113 1.0438762238257229
24 6 28 19 48253 0.9801830214902667
17 1 6 22 86855 0.941928755967599
22 10 4 26 76407 0.9911697048334253
2 8 2 26 72695 1.0125099983457164
23 25 0 6 89093 0.9996001974296898
14 16 28 14 55272 0.9236940789888778
26 19 18 15 42278 0.9044366979745639
8 4 14 15 51701 0.9409526403732673
29 2 21 24 74631 0.9280390942015959
25 6 6 14 55887 0.9616509729325995
17 29 5 2 107916 0.9989884517981357
2 13 18 11 32959 0.9902185550929209
24 11 4 27 81606 0.98509671181918
13 21 29 16 59887 1.04657538966867
25 25 11 7 67523 1.0844578344023028
11 29 22 25 48374 0.9546481381207121
8 9 17 25 69119 0.9861738716735325
20 3 13 25 82636 0.9077700683748192
26 1 11 12 54806 0.968535393450952
14 5 27 20 60837 1.096564801617714
2 5 28 0 55001 0.9777135733096791
25 16 5 29 86896 0.9356692661133406
7 9 2 22 55566 1.008386635826262
25 27 23 19 28267 1.056849875564366
23 3 9 28 100299 1.099681840232588
22 23 10 20 57663 0.9946642120131524
7 4 18 11 36108 0.9943150196362864
14 24 2 27 45198 1.0791453606210624
25 10 27 2 25035 0.9308677573304971
13 22 10 11 42351 1.0366420431342722
9 6 11 22 66120 1.047900719750942
11 2 28 19 80823 1.0927743836180273
6 28 7 11 52437 0.9639153083612492
12 16 13 0 53548 1.053141236561839
7 5 6 17 37633 1.041173787468896
18 18 14 10 38414 0.9907416081239906
20 19 0 7 68106 0.9381812163974259
3 27 28 9 100498 0.9396109754875763
25 19 10 7 57732 1.0466528626256888
8 21 9 4 56641 1.060705678477637
18 3 6 28 97048 0.970422600028898
20 19 11 12 42008 0.9154429238233237
23 26 0 1 103095 0.9944026952804282
14 24 16 1 93372 0.9371381262329661
25 6 3 29 103803 0.9175737232543054
15 4 23 23 64562 1.0709931398757115
0 9 27 15 66820 0.9420546742580631
0 15 18 6 68892 0.9231770704770137
18 1 23 25 71815 0.9291518355981053
5 8 21 11 41422 0.9906201381265569
26 6 23 27 58688 0.9780385050535543
7 29 26 3 103435 0.994826109767055
17 14 0 18 56240 1.0654446925587713
12 22 26 28 53605 0.9308562395079141
10 5 27 18 59945 0.966590883809077
26 8 2 9 58211 1.0792888497665314
18 6 10 23 81049 0.9471280440016313
17 19 14 8 47842 1.0291063351678782
21 20 3 18 57179 0.9279094015934323
6 8 25 20 64193 1.005832914329122
27 14 19 25 54561 0.9585232163556349
28 22 12 24 66998 0.9907143064343303
4 28 29 0 122626 1.0753595842653856
16 2 10 25 90644 0.9755097852113206
26 26 4 15 81429 0.9005044110505905
8 27 3 3 79387 1.0442361703941487
28 9 6 10 48172 0.992866151811742
25 1 29 28 76589 1.0391621115973857
23 15 13 11 30165 0.9478452795433941
19 29 8 9 80416 1.0190348017768565
20 2 17 11 30134 0.9164645243819155
4 15 25 5 64192 1.0483492384036746
3 19 18 3 79376 0.9352495288397031
27 13 2 13 54212 0.9388171713870035
12 14 4 1 53657 1.0086493248525803
8 7 3 29 77566 0.9460468553122432
18 24 2 19 74761 0.9631191140294091
4 25 25 1 104111 0.9756917179470518
7 19 21 1 74424 0.9768947072390199
19 14 0 4 63510 1.0977598516023888
22 29 23 15 46989 0.978373997553017
28 13 0 19 86137 0.9284419283083698
28 21 10 12 63364 1.0826063527191339
27 10 7 4 44793 0.9390509554005285
21 9 16 22 52605 1.0297056322869451
28 12 6 2 64726 0.9053480314383722
29 27 25 15 43793 1.0484481197276931
12 20 0 28 59788 0.9594927583336876
13 5 11 26 70268 0.9590834789048472
4 3 23 27 92509 0.9015371778191564
21 14 15 9 28712 0.9197320442558106
6 13 26 10 40198 1.0899752202838775
6 4 25 19 70404 1.0552061618800908
6 29 26 15 91303 1.0669113225914082
0 1 14 3 44649 1.0085474091138364
27 7 4 0 59779 1.079968026474407
27 25 5 14 86610 1.0194023558275935
6 3 12 9 31365 1.0605170035635552
11 21 20 27 41567 1.0872422524782062
0 2 14 17 72004 1.0501034825868365
5 13 13 5 37306 0.9060188214198289
25 19 17 25 40129 1.0630026689731524
20 15 10 20 42781 1.0744883194184374
25 18 12 26 52436 0.9475136887993271
14 20 23 16 46154 0.9851679838020846
0 26 27 27 71303 0.9331351155117045
16 16 10 8 46327 0.9548007615613279
6 26 9 7 61886 1.000932203904159
10 18 1 4 67327 1.0564460792669357
17 2 18 28 86734 1.0567176312353674
29 20 4 11 68435 0.9817096457555763
18 9 26 22 53912 1.019113068694865
8 7 16 11 27188 1.0491325568715026
28 8 16 5 32695 0.9102067231481779
28 5 24 11 18532 1.004351769641148
12 23 8 12 46817 1.0233743342513328
3 28 18 12 82612 1.0860466193869291
23 1 29 26 68630 1.0020122060819634
22 1 8 10 53250 1.0816076268909105
0 27 14 21 57492 0.9075528638859492
6 22 4 6 63852 1.0460015756986834
15 21 7 28 44071 1.0075690278194878
16 27 22 11 58155 1.0993568028488572
10 25 16 16 47281 1.0118993738732394
6 14 1 2 54389 0.9802181906628421
19 28 22 21 30908 0.9653013292016464
15 23 7 27 39146 1.0123510992815805
25 25 15 16 46965 0.9006189582004999
25 24 25 0 59687 1.025862927419511
14 11 29 20 52759 0.9393811654851126
16 20 28 16 49164 1.0504587603871895
19 4 0 23 103309 0.9936683901913423
23 27 7 27 50360 0.975085972089542
6 27 19 4 91613 1.0011951373033123
23 18 8 18 48237 1.095685845256965
12 4 9 13 35860 1.0205980004143724
21 9 19 21 38589 0.9479492908623953
26 23 19 4 64752 0.9150294015252384
21 8 28 29 75146 1.0084441482235698
4 4 25 8 45584 1.0514852713548382
14 8 7 22 58232 0.9955056303850978
0 1 29 12 80967 1.0995613264323436
24 5 9 20 70650 0.9624803499638203
9 21 23 8 72758 1.0480578921018204
3 6 14 6 26538 0.9455967283479048
21 7 12 17 44193 0.9770536373826396
4 26 22 11 73283 1.0791488125628823
15 21 6 29 54225 1.0146394441244881
26 15 28 26 42634 1.0711654945415419
9 19 24 11 52684 0.9696843133843298
14 1 12 24 79611 0.9394376835922276
19 7 28 5 19394 0.904334786219728
15 22 24 1 75625 0.9133754518695967
19 25 1 26 50452 1.052012057696551
2 3 18 7 40753 1.0075263390003346
3 0 22 18 87881 1.0585459410307774
21 5 15 12 29914 0.956641373983928
28 23 4 0 107473 0.9255499549220461
4 28 19 26 46079 0.9512464088178172
21 14 7 17 45601 1.0967740956607677
13 18 8 10 34557 1.0363693383191601
17 17 2 15 44640 1.0561702082328221
24 4 20 28 62104 1.079467638308245
4 2 14 7 35335 0.9835687765209244
20 24 12 8 56240 1.022220443922161
0 25 26 12 102675 1.0222803100259996
9 5 14 20 61195 0.9960091313427509
21 22 4 23 72662 0.949113866699742
7 28 20 0 99683 0.9534145342383382
29 8 18 17 47195 0.9125948206834404
24 12 25 23 28700 0.9629626144426284
3 8 22 7 46484 1.0633116666223175
13 20 8 7 53889 0.9668793754671328
10 2 27 26 84894 0.9808798870361717
1 13 18 6 56144 0.9002019012783398
12 28 7 9 67188 1.0519439216617648
8 13 1 24 60973 0.9508278023825628
9 1 16 16 65576 1.0640089289050363
6 10 14 3 37858 1.0087458066258772
9 19 28 27 77983 1.0526459306977285
16 22 7 11 55068 0.9098181562671589
19 6 10 14 51154 0.9210090928687725
26 14 15 0 63481 0.9679234406986179
18 28 27 11 58937 0.9612180105294325
25 17 12 25 54352 0.9988284527433873
16 27 13 14 57080 0.9214366346589908
21 27 8 18 63260 0.9820211913188892
24 14 20 28 40635 1.0900648459129199
14 20 11 6 58714 0.9772639075510041
29 23 10 7 81824 1.033807078344963
14 10 28 28 70255 0.9191058271538477
29 7 1 11 54965 0.958215071889627
22 29 3 3 103078 1.0546744972247204
7 13 17 18 39359 1.043652711044972
22 12 12 28 75291 0.9260257381903173
5 17 22 26 65209 0.9663469032599117
10 18 27 10 57847 1.0586993575572432
25 13 17 5 30727 1.0319234378577025
12 1 17 20 70973 0.953053705300105
10 11 9 24 53251 0.9962087564564852
13 21 25 25 51075 1.0894976878218772
25 5 26 16 37351 1.0832227219588728
15 4 18 27 81091 0.9301289765365355
17 6 9 20 65273 0.9046181441606553
21 13 9 14 37019 0.9785347182885321
29 28 27 1 82331 1.037825814740819
26 19 25 8 40235 0.9987593811129696
22 6 15 10 30125 0.9689536186974982
16 12 6 28 70251 0.9961548042774749
0 13 16 24 79484 0.970651836247322
28 25 20 27 27469 1.0398926191285298
24 9 28 3 25780 0.9674078144265219
5 4 26 1 50448 1.0478485910131736
29 10 5 27 92368 1.0005003712876093
20 2 9 28 101287 0.9012963599066431
20 10 18 22 42004 1.0228775211838768
20 11 20 23 31970 1.045366006234544
21 26 21 6 59241 1.0406488441479196
18 6 13 27 84198 1.094215987554195
27 7 2 1 61038 1.084998783747916
16 23 21 16 38131 1.0442923105029813
7 15 20 10 34112 0.9882533288991162
12 0 17 29 104076 0.9841205705007975
10 0 5 25 88421 0.9631019010607291
22 19 8 19 55196 0.9096710900678614
7 4 21 19 65519 1.0781024745267365
0 2 16 9 53432 0.952511236348322
29 14 14 26 68321 0.9416803035245216
29 27 6 3 97695 0.9678702582635974
29 21 5 21 81614 0.9460280700407737
21 10 20 23 36337 1.0160339149809214
15 8 5 12 37643 1.0658168351455175
10 3 18 10 44364 0.9176578125648567
28 22 14 0 93179 0.9969785924914735
24 2 16 28 77795 0.9734795623043471
19 18 3 29 80589 1.001548516206716
28 11 1 22 88040 1.0535299954897912
17 25 18 11 50419 1.0451319314972554
21 6 3 21 78628 0.9950140324541219
24 29 14 14 64921 1.085173159413155
28 15 22 10 32330 1.0892828061236088
7 2 17 9 38614 1.0818322237165376
9 22 14 16 37556 1.0804778411199605
13 2 7 27 82912 1.0899107449322083
21 0 10 1 34588 1.0707622243181938
1 18 2 4 63243 0.9126640554484104
27 18 7 24 72131 1.0180179564703853
20 12 11 5 32869 0.9534049990336633
24 22 8 9 54445 0.9651596437101082
25 2 12 23 77328 1.0266521047489947
27 12 22 2 32370 1.014504739443477
7 29 27 3 102504 1.0689070666785416
25 18 5 4 67821 0.9762611863953314
9 10 18 26 66428 1.0424017581427139
29 23 2 22 96824 0.9643548495813793
6 13 10 21 36538 1.0158624331280728
23 15 0 3 73570 0.9604486599379494
10 10 12 24 47760 1.0940413610523385
9 6 21 12 41913 1.05505312929437
17 26 25 29 27987 0.9799530731409906
1 21 15 2 89936 0.9205526773142058
12 17 19 29 58258 1.018023366690524
9 10 1 25 70556 1.01942792799607
4 6 17 26 90890 0.9499505443048524
8 10 19 11 19441 0.9896162512569591
5 28 15 29 41121 0.9865765125762257
26 12 11 14 45724 0.9267337988384233
22 19 25 12 34374 1.0122161575178374
8 4 12 21 61143 1.0219126988369018
6 21 25 24 68482 0.9992305559698118
8 0 4 29 97684 1.0037139431347901
6 1 25 22 80487 0.9051661925013605
28 12 9 23 83273 0.9529718839468204
5 0 6 15 54413 1.001854044560328
7 19 24 2 68043 1.081296697235873
24 21 11 12 48405 0.9662131270489108
18 28 12 24 29681 1.0832659246863052
7 25 25 27 50005 0.9938958694167409
20 9 20 22 35077 1.014698943488525
27 27 14 22 58958 1.065164615116455
17 28 22 8 73668 1.0162795384169883
26 15 13 14 47869 1.0960821974974382
24 13 9 28 74424 1.0717259589211339
0 26 2 18 40523 0.9813683794483047
12 14 29 11 34914 1.0370280200696116
11 12 19 18 44488 1.051395141660282
5 24 0 6 81433 1.0381645372475772
2 29 10 16 67163 1.0614604574592277
18 24 18 14 47571 1.049414130640934
23 27 21 8 54607 1.0940552030209059
16 19 21 27 41893 1.0959368664163471
13 1 24 12 49485 1.0721333347814925
23 14 6 29 90940 0.926688658835078
21 18 6 9 54043 1.095678846615508
11 20 25 26 55070 0.9520486880837313
23 22 5 17 62636 0.985187294243111
28 21 25 4 51682 0.9921478176290461
21 23 1 19 82576 1.050993638446879
24 26 18 4 60121 1.0300903221495115
21 4 14 15 52656 1.0118734533214144
24 4 3 15 61747 0.996390372860397
2 23 11 24 49279 1.0171502370705372
27 11 12 1 48629 1.0280040666502084
20 0 22 12 42910 0.9320915572493688
10 15 29 16 61148 0.9989152009836686
12 22 1 3 79722 1.0828467264424846
16 7 21 26 63224 1.0049996083104948
20 4 27 20 55257 0.9180538364110147
8 17 29 29 80821 0.9150715554691672
24 13 5 2 56683 0.9432780518803301
5 21 20 28 59114 1.0363941519242517
28 1 8 29 115505 0.9808972522494814
25 3 20 28 67802 0.9117874874121051
15 24 20 12 54881 0.9893151482985887
12 24 19 18 44033 1.0952767097794767
3 16 24 7 59173 1.0585648400979677
13 3 18 15 56124 0.9421800485680607
15 2 22 28 82178 1.0143629944793806
13 29 13 15 54416 1.0834330803716399
15 9 29 14 43926 0.9666399667845373
24 16 0 2 74208 1.069279150997827
5 15 24 16 58610 1.0689230056912051
9 18 16 15 27967 0.9458001414535006
17 13 29 5 36972 1.009967353651499
23 24 0 23 85529 0.9976406917603098
8 7 14 16 49283 0.9026913610950865
18 16 10 27 59805 1.007826932658663
9 26 16 18 48217 0.9374116263529566
28 23 27 12 50896 0.9976616375329729
7 25 16 22 39889 1.034343227741052
21 14 28 19 42282 1.0753608395514864
0 2 3 11 40220 0.9224370674396143
5 22 1 4 76333 0.9813552054353081
12 18 5 27 49663 1.0761881579557193
21 1 5 25 100489 0.990173559022054
6 18 9 2 57470 1.0224461284771216
19 5 27 27 64460 1.0876212825038485
13 21 29 27 63403 1.0960668506014164
22 3 28 26 68315 1.0923768333616934
12 11 20 26 52506 1.040076575146318
20 27 26 9 56820 1.008381355296035
11 15 21 17 33024 1.0263225550226567
20 27 24 3 61005 0.9408949225112146
7 9 0 15 37995 1.025988356517864
10 2 9 15 52686 0.9125305556297342
1 24 15 29 61724 0.9279646579078301
8 1 24 1 43765 1.0593236613877197
1 5 0 22 76450 0.9459563223024043
22 12 2 19 69528 1.05753452682116
3 22 21 7 78489 0.9720065953732452
9 4 18 16 60324 1.081371205873976
23 20 11 0 74657 0.9308904380948453
20 7 5 27 85962 0.9793107393093159
18 13 13 3 46168 1.0708583914125818
4 4 22 4 40077 0.9569819486119732
2 11 24 29 71450 1.0497259881449448
14 19 1 13 56909 1.0778372917657708
23 26 5 0 93095 0.9724924436636845
20 17 28 24 44654 1.0024282197811691
29 23 14 20 64972 0.9216455884869917
26 22 29 29 40978 1.047732587177446
23 25 12 0 81866 1.044023751894072
8 16 29 20 66186 0.9042591340652263
13 13 26 22 60566 1.0861826820090075
29 21 5 3 93028 0.9830357077251848
16 2 28 5 28960 0.9665142720902444
22 7 28 28 64456 1.0017751521904654
29 29 27 4 77566 1.0983732062776934
23 6 4 7 45988 1.0566989095724
1 27 25 10 93996 0.9023619563192392
27 17 19 9 37596 1.0459126411378075
