7357 6991 6666 8406 8348 8494 6923 7222 6783 8535 6625 7682 6396 7306 8107 8137 7834 7219 7178 6522 6315 7191 8175 7788 8425 7308 8654 6456 8084
3787 2280 3631 3553 2771 4027 2607 3590 2066 1868 1879 1998 3787 3462 3552 4148 4170 4270 4087 3647 3418 2596 2696 2143 3812 3193 3690 2931 3045
6466 5871 5198 6681 6832 5612 5049 6374 5703 6541 4694 4731 4721 4916 6378 6508 6210 6440 4614 4756 4761 4573 6506 6659 6713 5353 5074 5920 5774
8691 6476 7964 6558 8494 8397 8134 8391 7333 8279 7936 6861 7643 7499 7414 7210 6615 7934 6862 8390 6825 6636 7455 7778 8689 6919 6760 7575 7066
3713 2964 3624 4463 4654 4493 3466 4839 4827 3473 4589 3673 3707 2782 3583 4364 3516 4557 4706 2797 4167 3708 4642 3863 3411 2689 4589 3779 3948
4533 4569 5001 3545 5058 4896 3739 3684 3790 4496 5617 5628 4637 5322 5588 5625 4595 4852 4261 3576 4120 4669 5212 4236 3968 4250 4346 3982 4115
3709 2912 2295 2881 2271 2663 4283 2922 3065 3985 2227 2049 3270 2201 2299 3535 2165 3981 4193 2876 3895 2184 3961 3417 2963 2330 3848 3028 2192
6615 6315 7412 7737 7922 7758 7419 7175 8283 8591 7926 8059 8283 6288 6675 7060 8138 7574 7052 8157 6655 6546 8594 6433 6776 8553 6709 7530 6952
6634 6524 6394 7112 5416 6240 7102 7124 7779 6584 7073 6586 7492 7633 7256 5444 7291 7070 6846 5564 6500 6761 5898 7639 5787 5576 6699 6093 6935
6578 5533 4379 5441 5138 5615 5189 4429 5062 4589 5563 5606 5738 5378 4325 5351 5699 5186 4942 4691 6573 4663 5802 4813 6123 5776 5783 4429 4921
1953 3580 2863 4178 2871 3422 3094 3899 3262 3995 2437 2587 3979 2329 3745 2322 3755 3805 2279 3067 3152 4294 3289 2433 2552 3627 2836 2477 2783
7236 8400 6717 7717 7638 7806 7934 8479 8665 7138 8791 7635 6679 6539 7347 6949 8062 8400 8350 8445 7587 7087 7907 7995 8481 7714 8717 8379 6871
4059 3992 3653 5300 3662 4732 4240 5071 4337 5305 3300 3615 3776 4367 3421 3211 3003 5233 3572 4200 3044 4758 3746 4914 4693 3719 4072 4250 3876
7703 6322 6045 7644 7570 8103 7533 6149 7334 7089 7422 6374 6294 6722 6268 6046 8065 7035 7886 6418 6498 8301 6801 7935 6250 6276 7718 7178 8300
6433 7731 6466 7276 8097 8238 8348 6873 7583 8701 7473 8395 6438 8313 8015 8540 6774 6614 7886 8224 7819 6479 7532 6598 7127 6422 6972 7910 8646
6643 6087 7577 6971 7599 6845 7598 8183 6106 7538 7449 7731 8023 6990 8220 7793 7031 7731 7730 8083 7518 7724 6439 7341 7963 6364 7859 6107 8058
7257 5614 5606 6919 5201 5307 7238 6548 7112 5262 6395 6002 7193 6945 6558 5145 7178 6930 6341 6114 5795 6827 5086 5902 5253 6748 6614 5149 6990
2033 3425 3189 3122 1390 3378 2125 1864 3296 1394 3016 1406 1554 2327 3511 1747 2005 1733 2428 2661 1853 1887 3642 2888 3566 1982 3536 3469 1611
5173 5907 6485 5450 6116 7055 6940 6577 5033 7127 7051 5601 5223 5531 6698 6458 4845 6962 6647 6442 6553 6151 6005 5476 6986 6660 6316 4860 6509
6039 8033 7822 6616 6449 7690 8197 7035 6991 6011 7207 6420 7693 6808 6776 6412 7871 8279 6751 7295 7715 5894 5953 7935 6049 7704 8218 6136 7131
3224 2360 3101 4224 2506 4090 3063 4456 4452 2315 4621 4453 3365 3731 3115 2699 2491 4141 2875 4635 2924 3324 4293 2972 3383 3394 2318 3147 3337
2800 2281 2814 1962 2439 3351 1711 2374 2239 2293 2229 2393 2050 2286 2734 2569 3439 2821 3073 2593 3761 2827 2956 2318 3210 3726 2825 1775 3274
7309 6920 7473 7582 6620 8442 8582 8007 8505 6977 7455 7924 8752 7688 8316 7732 8629 6936 7568 8478 7623 6627 8279 8344 6821 8857 6967 6883 7384
3243 3162 3273 1487 2699 3360 2202 2455 3791 1712 1771 1642 3141 2348 2023 1811 2567 2265 3575 2726 3260 3032 3042 3786 2560 3117 3759 2682 3489
3648 4238 2943 3812 4010 3776 3513 3975 4705 5025 2853 4014 4159 3925 4641 3994 3662 4461 3316 4198 3507 4434 4820 4377 4414 4030 3241 4345 2723
5558 5057 4742 5243 5856 4661 4636 6403 6152 5344 4732 6671 6062 6615 5587 4882 4848 5074 5522 6027 5146 6379 5225 6686 5488 6214 4588 6401 5006
3861 4936 2759 3083 3253 3217 4488 3257 4711 2621 4077 2899 4794 4911 4203 3140 3005 3157 4557 3053 3052 3175 2650 3409 2854 3563 3814 4930 3344
5648 6687 7783 6237 6692 7673 7073 7281 6781 6582 7491 5584 6007 7665 5453 5658 6944 6196 6021 5946 5835 6134 6201 6894 6021 7132 5545 7337 7677
6817 5540 5378 7453 5714 7075 6425 7558 7251 5568 6715 6183 5437 7413 7114 7628 6582 6045 7342 6923 6803 7266 6438 5805 5508 7174 5815 6440 7295
2311 2604 2076 1613 2685 2981 2435 1643 3536 3404 2133 1765 3176 2223 3791 3727 2339 1702 1465 1946 1473 3675 2625 3094 1628 3305 1641 2866 2626
6418 2969 4414 7536 8070 4143 4600 3032 5441 8108 5717 3713 3986 6809 6600 3000 5980 5313 2548 7660 5975 3533 2360 2374 8293 2606 2175 7262 7195 5177
5822 2757 4456 7013 7692 3478 5185 1096 6540 6437 5193 4342 3719 8069 7560 3292 7292 6256 2929 6848 7068 4256 2196 3215 6677 3744 3438 6808 7640 4017
5474 3225 3937 6726 6495 3691 4621 2949 5854 8315 5068 5349 3053 7996 6999 4672 6128 4611 2711 6640 6167 3200 1326 1893 7012 3514 2359 8629 5697 3637
6507 3118 6058 7536 7248 3346 4559 1703 7009 6415 4935 3494 2679 7951 7258 3789 6463 5238 1903 7037 6391 3656 1707 3721 7528 4335 1955 6310 5854 4001
7761 3042 4028 6864 6960 3937 5820 1962 5306 7987 4471 4812 4033 8205 6457 4925 8071 4895 4046 5893 5117 3171 2754 3563 8929 3610 1203 7520 5883 4767
5640 2103 5894 7558 7158 3849 6021 1737 4985 7955 4576 5083 3175 6450 8106 3585 7053 5279 2702 5954 5188 3924 3361 2869 8492 2096 2581 7644 6364 5243
7618 2894 4177 7139 8534 4484 6340 3369 6690 7404 5346 4157 2891 8017 7343 3418 6068 4876 1833 6670 5166 5512 2475 4075 7679 2435 1805 7116 5833 4054
5946 1724 4119 8326 8624 3160 5064 2172 6940 7551 4799 3771 3173 6948 7679 4339 5974 5139 1932 7441 5338 3527 2704 4189 8563 3059 3205 8614 6126 3473
6078 2456 5824 6638 7231 3648 4721 3146 5732 6788 4557 4550 2985 6636 6879 4292 6292 4533 1905 6914 5230 3446 2324 2827 7343 4379 2570 7276 7910 3222
6218 2412 5322 7945 6484 3429 6236 3266 6373 6295 5778 4744 4750 8142 7275 2937 7140 5047 2737 5455 6013 3384 3453 2489 7349 2850 3114 7683 6422 4456
5956 3110 6110 6614 8603 4290 4280 2257 5157 6542 6779 5542 3824 8240 8287 2975 5809 4941 2167 6547 5545 4071 2936 3501 7890 3825 3014 6636 6277 3021
5786 3216 4013 8448 7119 3318 6261 1349 6160 7543 5685 5301 3815 6314 8296 4969 6489 5962 3582 6041 5811 4397 1456 3263 8851 2365 3104 7363 5750 4328
7148 1809 5596 6877 7356 4357 5711 1004 5562 8031 5316 5327 4823 6946 6988 4339 6151 4748 2716 6241 5475 5419 3240 2579 6626 3475 2372 6474 5844 4905
5692 2229 4081 7696 6268 4121 6156 2156 5836 8205 4544 5499 3194 8041 6616 3386 8094 6003 2646 7118 5261 5326 3571 1918 7462 2147 3179 7279 6966 3946
7301 3334 4926 7988 7376 5089 5673 3035 4901 7188 6012 5511 3289 7093 7760 3004 6838 6516 3417 5644 6626 4131 2621 3664 8043 2106 1624 6761 5966 4779
7655 3183 6075 8313 6876 4331 5213 2860 6523 6127 5721 4002 3735 6628 8111 3359 8015 6474 3510 6696 6015 4223 1566 1961 7100 2105 2010 8584 7459 3502
6316 3490 4829 7775 7151 3809 4888 2987 6709 6410 6362 5731 3551 8130 8441 2988 6812 5009 3296 5538 5603 4030 1410 2758 7548 4200 2704 6507 5646 5217
5773 2191 4372 6798 8167 3323 4733 2255 6402 6618 6636 3815 3217 6410 8397 4849 7578 5402 2099 6755 4812 4891 1630 2169 6951 4336 2733 8003 7648 5123
6225 2673 4855 8225 8432 4291 4683 3392 6209 7624 6544 3736 3724 7445 7561 3531 7205 5340 3799 6786 5975 5531 2961 2702 7392 4069 1219 7503 5850 4792
6947 1492 6087 6811 8561 3825 5306 3390 6082 8251 4851 4994 3326 8240 8076 4061 7984 4918 3781 7292 5556 3796 2146 3838 7075 3035 1853 7089 7751 5284
6029 2538 5090 8284 8224 4436 6303 1592 5012 8258 4927 3758 3813 7593 7045 4476 7596 5590 1913 6706 6119 4424 2982 2947 7330 4267 1580 7756 6993 3820
7096 2455 4476 6502 7953 5076 4168 1416 5424 8310 5569 4277 4867 6570 8304 3218 7008 6213 2050 7184 5266 4395 2405 2029 7487 2407 2933 7593 7483 4595
7260 2062 4242 8461 7435 4234 5210 1291 5147 8039 4564 4662 4658 7928 6263 3672 5920 5560 3387 7355 5383 3362 1927 4100 8435 3615 2560 7821 6909 4311
5492 2543 5052 8734 8041 3741 5593 2831 7121 7513 6282 4725 3228 8356 7789 4497 6065 5422 4144 6269 5530 3889 1991 3279 7983 3102 1715 7226 7252 3510
7521 3186 5572 8487 6886 4639 4268 1414 6978 7893 6392 5587 3485 7295 7406 4081 6472 5538 2483 6930 5025 4797 1750 3964 7730 2980 2792 8115 5768 4194
7172 2438 5678 8043 7668 3900 5429 3009 5074 7891 4620 5576 4710 6757 7206 4243 7172 6416 4150 5574 5199 4041 3367 2207 7741 4365 2114 6669 7739 3244
6529 1252 5247 8456 6302 5219 4082 2534 5235 6921 4853 3678 3034 7520 7350 4259 8181 4509 2504 6326 6806 4447 2363 2942 8833 2849 2678 8367 6510 4404
7088 3061 5523 7934 6446 4996 5932 1314 6964 8076 6541 5735 3706 7708 7107 4921 7553 5046 3158 7389 5231 4967 3103 3081 7469 2524 3233 7015 7033 3762
5728 1297 4919 7112 6253 3147 5492 2501 6369 7906 5651 5061 4076 7438 6299 2939 6309 6220 3867 6563 5840 5180 2422 3816 8542 4019 1181 7311 6694 3949
28 9 24 27 66525 1.0395948499926375
4 27 2 2 93768 0.9361385985839696
6 1 10 29 90200 1.020640919339582
15 27 19 5 70450 1.0723542671202364
20 2 5 25 97920 0.9027369331311892
14 10 10 29 77138 1.0292896120890973
4 16 23 5 81391 0.9857353064940636
18 19 2 11 73609 1.033090626824091
22 7 9 19 64911 1.0401830024042287
21 10 22 22 35180 0.9093977312930283
1 29 19 22 65188 0.9020938518259007
15 14 24 13 51101 1.0897917946785662
4 8 14 20 71732 0.9983287510282189
24 26 15 20 42029 1.0238023681069488
9 15 17 25 52367 0.9868499243116469
13 0 29 27 109560 1.043198170310065
8 1 26 3 54512 0.9597156946144402
12 20 19 3 72248 1.0485257515549629
20 28 3 25 50779 1.0675021947508312
4 9 24 29 109226 0.9721451035317594
9 13 26 29 95639 0.9104079270319544
0 4 9 22 79272 1.062888833091748
26 29 15 8 87715 1.0209307151392386
21 25 6 26 39812 1.092318562055577
25 25 5 23 61883 0.9043711001457985
13 3 28 2 56034 1.083237497301353
10 27 26 0 105766 1.0336058902629899
19 23 23 10 44234 0.9437232824176645
10 5 15 26 71638 0.9104707009051446
4 11 25 16 91651 1.0879252589472759
28 27 3 10 117011 1.0354872157345374
8 12 28 22 82297 1.0566846455618144
13 7 4 8 25101 1.039901720683893
14 15 4 21 51158 1.014717749536738
18 6 27 28 86371 0.902852003315012
8 24 16 8 70571 0.9963499494748825
27 8 3 27 113658 1.0002791958737498
5 20 19 1 85626 0.9683151122148275
21 12 13 1 47216 0.9223409925589111
2 25 28 24 76095 0.9555847854964827
16 14 24 7 39465 0.9028938197549562
17 14 24 10 36706 1.082026090064027
3 5 29 25 111681 0.9738342449174369
3 20 10 26 42617 1.0435963133292383
20 14 6 13 60062 0.9283333486693992
9 4 17 25 73509 0.9108929021244856
8 12 19 9 54024 0.91957040563157
29 19 9 15 72242 0.9546541131623042
8 5 21 24 76916 0.9032747956211206
27 25 11 26 40904 0.9057063581127125
5 20 21 18 51872 1.03177027077956
12 16 23 3 61739 0.9087206981006323
29 21 7 14 90044 1.0973952186046811
26 27 7 3 114911 1.0364500970268131
19 0 8 3 49060 0.9818940178615568
10 4 17 28 76800 0.9270469775194744
24 19 29 27 37437 1.0838747302813472
14 26 18 1 69918 1.0068016614564679
13 10 6 28 80907 0.9757064467954463
14 25 9 11 60144 0.9098737865636838
7 23 29 20 63789 0.9630456984000972
28 13 15 19 69320 1.0637073626940707
14 16 17 24 38735 0.91049538681066
4 1 12 27 97439 1.0976240033492057
27 28 26 8 75552 0.9910914321606894
25 9 19 1 38095 0.9034065712948836
21 15 27 26 47219 1.0094514321777648
5 8 29 22 94751 1.0079818099804676
8 20 0 29 54614 1.0251828840047494
8 24 14 10 73385 1.0345244237857287
0 4 18 19 87122 1.0440017857170818
14 21 0 11 75538 0.9873822634823459
18 29 11 9 85853 1.009202580939967
29 22 5 21 62911 1.0873353857874435
20 29 23 6 67182 0.9550222395635226
6 17 23 25 65419 1.077634604333574
24 24 20 0 71844 1.0452318037250934
0 26 17 8 83924 1.0335625869192346
22 18 6 14 55363 1.0959134688015
1 14 19 13 78572 1.0711444656671525
17 24 10 14 49609 1.092953441770555
13 10 26 16 71062 1.089921076179689
5 18 3 27 41020 1.087457145370445
9 26 12 12 55381 1.043595864515286
19 24 3 1 102299 1.0245608233637096
10 25 9 5 67126 0.9231940761447112
0 15 21 26 87341 0.9136755621197846
4 15 18 6 64987 1.0016412841712863
14 4 8 11 52040 0.9965755210452479
16 9 13 23 47875 1.0204863494815328
5 14 13 22 47685 1.0852794858995265
16 8 26 17 59661 1.0471410176540281
22 6 2 16 85558 0.9596045563046391
23 17 12 23 44277 0.9203256875753165
27 6 3 20 103396 1.0065136885029762
17 11 22 28 54658 1.0339149366592235
20 7 19 26 56916 0.9676678480799797
24 17 24 1 47409 0.9127571734876009
8 7 28 3 65825 0.9176257471225386
25 20 28 3 68603 1.0749492138097003
29 9 20 15 44563 0.9648646575206683
14 0 3 8 57381 0.9652464015290746
8 12 22 22 67796 0.9246289317488402
4 5 13 29 96807 1.0626780185260853
13 15 19 21 35586 1.056675448583585
29 2 4 24 113423 0.9221838473821938
21 18 17 1 50879 1.070930953298661
21 5 15 29 77786 0.9362092226377674
13 15 4 0 75450 1.0412861386617909
14 17 29 9 72237 0.9999230721877073
15 5 9 24 73716 1.0170818623236078
19 7 28 5 29855 1.0791870741418543
25 23 0 7 95779 0.9810314344395898
25 24 5 5 100358 1.0373015945937996
19 10 2 4 72862 1.0939107204400866
4 22 8 29 34984 1.027435095029426
14 2 21 18 64479 0.9295955129254085
7 24 4 15 45808 0.9972712629922231
25 8 18 26 69898 0.9812824679160952
20 16 13 26 46735 0.9772473609190103
22 24 3 27 61539 1.0626266165470508
18 28 24 15 56103 0.9548737159003471
19 21 6 15 56786 0.906113010620677
6 19 29 14 82828 1.0457476477810324
2 4 29 5 85483 0.911264438244388
12 6 26 21 73298 0.9782285354725637
13 22 8 14 44447 0.9097284147341208
25 27 15 9 74110 0.9771635863008459
25 2 13 27 98976 0.9089741709646459
8 14 22 7 64335 1.074717192968815
29 28 5 17 88729 1.026447574677961
19 20 15 14 35928 1.0151893067414426
0 8 16 23 85161 0.9284743911851381
3 20 25 24 77219 1.0903449015561275
24 27 2 5 108890 0.9500323945753197
19 13 12 25 58136 1.0666286324483147
15 25 6 14 55371 0.9689820339717692
22 1 3 0 56571 1.022455232065243
23 11 19 4 31455 1.020465623518418
29 5 10 28 99051 0.9304308897040643
13 4 7 17 68143 1.0005719554045165
2 10 17 11 59335 1.0371101054852292
10 4 3 11 46261 0.9886087555726999
12 8 1 4 39482 1.010851188095592
23 13 11 25 63366 0.9356959710422146
20 29 4 9 98931 0.9182465322276749
5 17 3 29 53474 1.0351369862946829
15 4 1 4 62648 0.9128537730949952
29 1 23 22 66116 1.052009402950745
1 22 19 5 84899 0.97134669687129
14 13 14 25 57226 0.9197139843321066
27 22 11 15 59881 1.003309839932551
23 13 27 19 30316 0.9051261407228005
26 24 10 6 78642 1.0808243047123034
10 29 25 8 93463 0.9105736243068068
13 21 2 13 65503 0.931506668207321
18 5 6 17 64145 0.9003302373701292
1 2 5 22 73110 1.0131526838216791
17 12 27 13 44069 0.9188577032576117
25 11 14 4 60206 1.08029267894595
19 23 14 10 52736 1.0033394652974004
16 7 0 12 49448 1.0069209725879487
27 6 26 17 46188 0.9719892417127849
10 22 16 5 58794 1.0380334941891662
4 27 22 2 107832 1.0330232460130353
6 16 13 3 65923 0.9054825954054447
4 12 25 25 92179 1.0407904670370334
26 3 19 0 30448 1.0707183063274301
5 11 9 18 30253 1.0956584088791788
0 23 3 15 39370 0.9963365397197191
12 0 7 6 39233 0.9236456997367485
23 2 11 0 40463 1.0053416512435673
18 0 13 17 67750 0.9336195943740464
8 4 16 8 38218 0.911124523266282
6 11 20 9 57745 0.9285872137650921
25 0 1 11 87257 1.0367753189885507
10 12 24 12 53064 0.9249009790037571
4 0 23 9 71120 1.049548729096721
5 5 27 22 94177 0.9389955248127668
5 6 28 24 101396 1.0589209418663328
20 13 19 1 37294 1.0626538134552272
16 0 0 29 123434 1.0781893816792023
28 18 21 12 37042 1.08913094141671
10 7 20 27 68531 1.0375740492438574
1 0 3 18 63086 1.0074445232544387
16 21 2 20 51655 0.9643539696816955
1 19 26 20 76147 1.0203194416891592
15 11 20 3 42223 1.0264105719628769
24 26 13 28 39006 1.0598649988041358
26 17 17 22 38153 0.9483563232877331
16 22 0 16 65300 1.0205216963164723
16 21 3 23 47287 1.0017938485797577
26 9 20 20 50035 1.042294353987393
9 6 15 16 56611 0.9395758181215857
9 25 7 7 67391 0.9778234477752655
5 15 7 3 44840 1.015712914955895
3 29 28 26 74212 1.0676403511875003
11 23 28 11 80807 1.0199410774027875
25 2 8 25 101966 0.9776827235532662
17 1 8 24 82355 1.0019965827876862
20 26 9 17 55398 1.0393550439301231
13 8 12 22 60704 0.9733601168430317
7 7 5 21 49727 0.9370735567936619
5 18 3 6 46125 0.9242477846692693
27 13 9 5 70764 1.039852774510049
14 15 23 20 38166 0.9967103354805121
23 1 15 17 63122 0.9239334577157013
9 28 0 1 106595 0.9415707132560365
7 23 21 8 74534 0.9635730329524967
17 29 8 1 93900 0.9354141710229734
23 24 18 12 45802 0.9112882157987529
12 23 29 10 74616 1.0790879188894442
9 27 22 19 62864 1.0884176408232673
2 3 15 19 91782 1.079802394163829
12 9 22 3 48044 1.0179943881572138
4 10 12 5 41369 1.067288136625495
13 16 9 29 57381 1.0397843745920698
26 15 19 25 49872 0.9215969836148834
6 13 4 28 52152 1.050953238277633
1 27 18 7 89558 0.973960323748282
26 25 0 1 121640 0.9815964215454333
1 2 15 27 110970 1.0511510043545647
18 1 23 8 26423 1.0214660723307185
2 23 6 12 46253 0.9513357315060109
16 25 9 28 31385 0.9287675217314013
17 13 13 23 34095 1.0883310428548452
26 4 0 3 89090 1.091986708594708
9 6 28 21 90533 1.0257180328520894
25 28 14 12 72306 1.0803315425927007
10 29 11 9 68285 1.0290332802865985
15 15 23 17 31126 0.9636658469773847
29 0 24 23 71412 0.9306794512554081
8 7 26 12 58190 0.9256064097733873
8 23 1 18 36169 0.9992366931242834
8 26 3 11 62655 1.0945542492757998
6 1 0 13 48535 1.0164880756109373
13 8 6 13 40230 1.053444728950406
23 10 28 0 43438 0.9804508867847319
29 6 14 26 80472 1.041606672130313
17 17 5 19 38437 0.9499533840957429
22 25 15 15 41271 0.9839126087753256
23 2 24 17 41704 1.052359748441329
5 10 29 14 86127 1.0700893921931363
11 17 20 7 56657 0.9309532455494374
10 14 2 2 64847 1.0927005325088617
21 0 9 3 44389 0.9028716539057583
25 18 8 23 57890 1.0982700186890426
10 11 19 2 51672 0.9301467654579708
17 13 28 0 61346 0.9800554577617779
0 20 26 20 78475 1.0676988384002069
25 3 3 3 78065 1.0060132059941311
6 5 0 18 53731 0.9166096839805673
13 27 29 0 105639 1.0199248493448585
25 28 5 20 78009 0.9334367082680817
0 15 0 28 54996 0.936786859814012
15 24 7 8 79791 0.9681942819175698
12 13 0 20 61391 1.0374587587507458
14 11 2 29 99979 0.9215800939635338
14 13 4 29 90297 0.9574518487888147
3 5 23 29 110173 0.9618278346504001
28 2 19 20 75425 1.0228588907592588
22 8 17 22 50364 1.0169561325036462
5 23 20 24 47774 0.9247801105551423
22 3 17 11 36164 1.0017138062868978
29 27 3 11 110135 0.9129686215690883
24 17 3 22 69123 1.0524932208410394
4 0 25 3 67654 1.0626384136565878
4 22 5 5 61334 0.9204336018396243
15 8 0 16 71714 0.9311284142526663
9 28 27 23 62009 1.0813470911426566
0 28 6 15 59833 1.097771368533443
22 2 15 9 45079 0.9512445525810291
19 1 19 26 70205 0.9965987875364439
27 24 13 21 51047 1.0390732437902193
2 3 16 2 54538 0.9789919279554976
7 21 29 1 105375 1.0386912671268282
24 17 26 3 49978 1.0434918373928177
12 3 25 16 75655 1.0695787325950237
10 26 20 4 80079 1.0984685139101316
14 25 5 3 91959 0.9764365795224177
16 9 25 26 63395 0.923528499279753
5 7 11 24 68247 0.9042830879374465
11 10 19 14 51031 0.9238336025965391
11 25 19 19 46436 0.9688323095677284
0 5 7 15 45660 1.0415305805119464
22 7 21 23 44053 1.0493065328518039
1 17 4 1 58489 1.0781150988977444
18 11 2 12 58191 1.0010408564725515
15 6 27 4 50076 1.0066936957768033
27 5 15 0 54144 1.0264929656486643
17 7 12 0 34733 1.018944781544311
21 26 29 8 66213 1.02394571388882
27 18 3 12 87389 1.0082980266744188
18 11 9 8 36728 1.0308695585471597
9 23 18 27 38157 1.0817114415344071
28 0 2 26 128991 0.9053987328768988
13 15 23 25 50490 1.0832176805399052
23 20 18 5 51395 1.0810653901206788
29 12 20 28 62420 1.0370397788976262
14 21 0 7 79895 1.0066316445793058
23 26 23 14 33764 1.0542904791535344
24 28 12 13 73435 0.93215732853708
15 1 14 15 51021 0.9119906972949404
23 23 14 24 32766 1.0242989830259726
14 9 18 21 50251 0.9147834302296302
16 9 13 27 63245 1.0103110113245004
29 8 5 27 107586 0.9379319286402141
23 26 27 12 53710 0.995065897504358
27 5 7 17 92849 1.0856646769916234
25 24 9 18 62032 1.079197212683407
29 29 15 7 84331 0.9976495603883653
15 28 4 4 107353 0.9007073600713414
10 10 8 20 41548 0.9901037806245963
2 19 19 14 66358 0.9234357958816887
14 14 17 0 54396 1.0289080046437609
7 9 23 11 62755 1.0785473797076237
13 22 20 10 49446 0.9644834246931487
7 6 27 2 74288 1.0351139016005284
17 27 9 1 86364 0.9628115262958858
2 27 22 8 102931 1.026347858177691
6 6 16 20 66429 1.0538755546888416
21 0 17 20 56929 1.0848833913454732
11 24 29 2 98823 1.0709902294265559
27 28 13 0 116081 0.9342832636801343
15 24 20 12 47675 1.0038873097106433
29 12 20 10 39976 0.9730407257707913
0 20 28 2 125242 1.0474206285142713
11 9 11 20 46387 1.0567244272563368
14 24 25 19 53658 0.9908912322102459
26 2 29 19 54053 1.0447172457209548
29 29 22 0 93325 1.0299449664041682
24 26 22 17 34638 1.0225266331299243
19 20 27 9 62512 1.037818997076409
25 14 1 8 84063 0.9893767764801159
21 6 0 11 62504 0.9327906120224373
11 29 8 11 67626 1.0265993177513826
10 8 27 20 83602 0.9982623018332171
25 6 6 3 61916 1.0327274573688887
1 3 13 21 84495 1.089115453220968
24 25 17 21 28428 1.0230645162436367
26 20 4 0 108787 1.0358008397226959
25 0 23 23 68631 0.9802511509044087
17 13 22 22 32276 1.0892626945938808
28 17 19 20 42900 1.0543623374969275
4 11 10 5 39896 1.0685282421549114
6 13 26 26 83757 0.9500351991134813
8 10 28 20 101053 0.9834117943927266
20 10 4 26 83457 0.9721223025053564
17 1 23 29 84197 0.9974358214156533
12 3 2 10 55657 1.0336829889591872
10 2 18 25 79190 0.9032058970276272
23 27 25 0 81853 0.9149983002451373
10 6 16 27 72820 1.0685669783336125
5 22 23 11 72772 0.9851277909826448
1 20 29 28 88290 1.0841609557350376
4 29 21 25 55912 0.9893323777305097
16 18 1 7 64197 1.0391056428058687
13 21 6 6 66373 0.9871663069001686
0 29 8 24 39990 0.9638753524166777
11 23 28 6 82962 0.96390364745532
24 5 27 16 50924 0.9902279130747789
28 13 22 26 56704 0.9459927894546281
9 21 24 8 77211 0.9759373432536
17 6 10 18 47312 1.0537381079548083
15 24 6 2 90378 1.0044236059556582
27 23 15 22 29727 0.9490018870137635
3 4 18 21 86785 1.0859502033163733
13 27 28 24 51178 0.9967255420650635
12 3 24 2 41882 1.0736050085077258
20 28 11 19 53799 1.0987257572096762
13 29 27 20 70128 0.9087575028273404
21 1 5 0 45387 0.9417175817534915
9 25 10 1 80039 1.0936325795056507
0 10 22 28 113249 0.9411658130541103
7 25 10 13 47310 1.07620516062717
17 6 25 1 33644 1.0517252602604579
19 22 9 1 75341 1.0782723580553708
19 29 13 11 72458 0.9217030100415927
15 11 26 1 56989 1.0070400465480824
20 2 13 20 76371 1.0754397599977994
22 27 2 23 65347 0.922658803877434
7 14 26 17 79711 0.9250058884392313
4 23 0 2 79412 1.060121702431468
14 19 15 2 66070 1.0300762532425267
15 15 25 28 60686 0.9751169733245093
12 0 14 25 85922 1.056993810034357
25 2 28 11 43276 1.0647498783709946
29 19 24 24 28180 0.9823152113232583
11 19 6 24 35394 0.924471356616702
28 18 18 16 43033 0.9349696902675649
9 14 20 27 66797 0.9027911542478425
14 27 14 3 92161 1.0082127105514294
27 13 7 19 86608 1.060588224699055
23 5 10 19 66364 1.0279519512826272
28 19 19 20 44197 0.9658275267374665
14 14 22 21 48265 1.0947975840899702
8 12 17 1 56192 0.9254625367631397
26 8 19 20 55624 0.9456447782202616
1 4 21 29 106472 0.9426586314885933
19 7 0 28 103076 1.0272700877343064
26 22 0 3 111383 1.0281567515496728
2 28 23 10 101881 1.0164736709296252
3 1 1 28 91854 1.0928237671161627
26 20 23 9 37667 0.9500392006292117
27 6 18 13 46145 0.936499556374268
5 11 28 29 112333 1.0930759980320481
3 18 28 28 96393 0.9408895095291112
23 13 10 14 56943 1.071515944684466
28 25 29 4 57465 0.9363332960154611
15 27 3 13 86759 0.9586307279545068
19 18 6 4 66569 1.0352606140026073
25 17 4 7 78857 0.9066367855143326
6 29 29 17 85273 1.0043434082021045
7 11 15 23 61155 0.9167083943468415
17 23 17 4 43217 0.9564890404360373
9 12 24 9 61425 1.002318858722969
28 22 12 18 51039 0.9392038495773574
22 19 5 11 75534 0.9658835526374332
1 0 27 6 88864 1.0164875122261834
0 17 18 12 69709 1.048164194818783
5 18 16 6 63309 1.0977641985626247
10 6 26 20 75991 0.9968689611778924
11 26 0 25 31043 1.0262307381114286
20 10 15 29 69691 0.9099342668174791
9 12 16 7 33591 1.0322769544896775
29 6 7 9 69064 1.0464232755323357
19 27 13 1 85795 0.9832415492265419
10 1 11 24 82527 0.9907984614152792
27 12 11 2 74037 1.0351733272744468
14 14 23 9 53488 0.9950534265564981
7 17 4 1 55044 1.0526995799251
26 29 23 17 46072 1.090709925290203
4 5 17 14 54116 1.0135540138927344
0 21 21 5 93602 1.08686702940212
23 21 8 20 51507 0.9416091781854747
20 24 9 27 39486 1.0821727838039146
2 4 10 16 64853 1.0425489383884887
9 26 12 1 90256 1.0112348515601446
15 5 3 18 75888 1.0134469905223393
15 6 13 20 63252 0.9327064748365657
28 21 7 18 69914 1.066874049924295
3 15 9 26 55379 1.082290212778415
27 6 2 4 82288 0.9181177657892275
22 6 3 13 75887 0.9517201675981027
6 8 16 20 65068 1.026805028558045
29 11 13 8 54842 1.0748305927912036
5 14 21 5 70674 0.9464413384372887
18 26 19 11 45474 1.0570322589790682
2 24 7 4 84911 0.959548311862903
6 5 19 18 64298 1.0460382259763166
0 19 23 2 103968 0.9950357118389854
4 18 27 1 99280 0.9948943641147623
7 7 24 13 56326 1.0719415430833086
17 8 12 17 39794 1.0489385034878498
1 7 14 14 66880 0.9607869102333078
19 2 2 10 72196 1.0626499119367614
2 19 19 24 67442 1.015803909246444
20 18 25 24 34151 1.03955945453512
25 5 14 6 44108 0.9167152604277798
28 23 19 10 62666 1.0103191008695274
17 14 2 16 62749 1.0023347928952706
29 6 21 14 34609 1.0944537127258482
26 10 22 26 60212 0.9263591815192895
23 1 16 24 74503 1.022071341972312
3 12 25 25 94858 1.0704253663496046
15 17 27 22 45567 1.0519705952374485
16 26 23 9 58504 0.9687963480129239
0 23 26 11 98505 1.0474023303301931
1 5 16 17 70811 1.0235813537231
20 12 0 29 97747 1.0854335503593777
14 7 13 19 53490 0.984829103444847
0 9 10 3 48729 0.9823543326283243
29 10 20 16 47714 0.9986074908549682
22 0 15 3 38995 1.0608942775865458
1 29 22 6 109787 0.9149530200339157
10 23 10 5 58712 1.0812658804030424
11 25 2 10 73114 1.0397226780510778
7 5 27 18 84544 1.028965785795994
8 28 3 20 50233 1.0774626635420619
26 22 21 27 26475 1.0428693878137167
25 5 27 21 62424 1.0860649254781596
1 1 29 1 71290 0.9322682675007037
13 6 21 18 54016 0.9871341717331616
15 2 5 15 72179 0.9441566701495795
23 3 11 6 44409 1.0576147344908466
26 1 24 9 34839 0.9095231562023206
5 8 21 18 68467 0.9809824505921204
8 26 14 5 85799 1.0757386220078557
2 21 25 23 64494 0.9731928571490613
0 2 16 5 65731 0.9513032324192789
13 8 3 13 54490 0.9387709878938078
29 3 15 22 72311 1.0923169981206384
6 8 15 15 52755 1.0935860604936973
0 27 24 29 75968 1.0659857780059776
12 26 28 8 88645 0.9276027260541279
1 26 16 23 47728 1.0307349886866555
24 22 12 26 37807 1.088460123687981
14 11 2 7 52749 1.0130651229927716
15 24 25 11 67669 0.9226445288766886
15 9 28 17 70743 0.925016724046418
7 20 21 8 78087 1.0639303807849074
3 22 12 20 30972 1.0460023992483023
8 12 26 8 63410 0.9516000424070059
14 28 28 2 109628 1.0145492160244511
16 0 5 19 85535 1.0623210838212185
20 22 4 1 89470 1.0850747840258772
25 7 11 0 54294 0.9605615974104044
17 8 26 10 33043 1.0934096747474484
11 4 16 26 79259 1.0380061035061618
17 9 22 22 39646 1.0942615980199328
2 25 0 6 68140 0.9937252256779752
13 27 19 3 87033 0.9158604438493968
15 12 2 4 71390 1.082173882365938
16 22 1 4 80545 1.0642328871549132
18 1 16 27 72898 0.9947979482238802
9 17 15 2 77113 1.0747328489476833
7 23 1 16 41568 0.9200857003343429
16 4 7 12 56780 0.9220460219425867
2 9 0 22 51679 1.0074624367610112
5 29 4 3 92604 1.060300500666342
28 28 21 16 59695 0.9530482571392015
7 22 7 0 74136 0.9598763162212369
22 17 1 8 82086 0.9675369171135867
5 0 28 12 92186 1.0915966200692477
15 16 26 23 51203 1.002168759238534
10 17 9 3 52834 0.9342892140848518
6 27 7 1 81565 0.9108971308984221
27 11 29 27 50371 0.9963000535308334
16 5 13 24 63872 1.0767154667073848
8 11 26 9 67093 1.0179012300696972
11 14 21 25 61310 1.0919338586428686
16 28 13 11 66578 0.9662082240077742
1 29 0 4 87523 0.982029562986217
14 1 24 13 54924 1.0494954881138419
24 12 11 1 58019 1.0202125778977138
13 28 29 7 96112 1.0037613088058528
19 11 10 12 35188 0.9924749972779504
18 20 12 29 44717 1.0252682992330668
8 0 14 7 38276 1.0276786864300613
21 12 16 2 40190 0.9115506275137474
29 28 14 8 91613 1.0569742436762963
11 1 6 14 49620 1.0964145648059176
2 29 0 13 65686 1.0874491914296023
22 8 3 20 91918 0.9402477336754369
20 26 10 4 75600 1.0482121510205458
3 1 15 18 80202 1.0397416797454924
6 0 15 11 67918 1.0238635534357103
23 10 2 24 93495 0.940771965748246
29 23 16 25 40800 0.9586889509795024
20 18 13 1 62397 1.0479028292257546
17 29 5 2 101264 1.0342440207131705
21 25 13 28 35524 1.0830744586178034
11 11 8 25 56359 0.9988777249258585
19 16 19 5 46117 0.9254890174892322
23 6 23 26 52826 0.9047239707326064
6 15 12 28 57221 1.088076146139106
4 4 15 27 101246 1.0159934019659993
22 20 12 19 41681 1.0928283593987267
14 23 13 7 55745 1.066966699435215
15 9 24 29 77039 1.0137695469167771
25 28 1 6 112362 1.053331745316707
20 1 25 9 36603 0.9821225373690018
13 26 4 24 29068 0.9405100171002581
29 25 20 13 57019 0.9193005981296567
19 28 5 18 71085 1.0164914757244756
4 10 0 3 39381 0.9308850787070899
18 3 2 11 67606 1.0463106107349274
20 8 26 21 55720 0.9132185648716956
14 11 3 21 71908 1.025571485200652
18 18 2 22 47832 0.9195200565793323
16 27 3 16 76301 1.0375936404096617
23 22 11 8 68603 1.0252141650329847
26 21 15 8 68384 0.9859326009270033
16 25 6 3 86677 0.9489827164991421
13 8 21 28 73932 1.024670474146494
20 22 18 9 40877 0.9441535693859069
14 10 2 29 102313 1.0513146340943578
9 21 23 19 47547 1.0581420008514622
29 18 24 29 41518 0.9613231524356695
18 8 9 6 32369 0.9439400914058852
21 2 5 5 55240 0.9169595396888963
3 22 13 9 76271 0.9890450931874806
23 9 17 17 38042 0.996714184903287
25 10 18 21 56878 1.0984365318286506
24 11 14 3 61881 1.0556175498700133
9 0 20 9 61772 1.0297570588097984
0 3 4 29 100944 0.9338205232309706
29 9 24 4 27250 0.9902262781781349
1 29 27 18 97279 1.042347113937573
0 4 10 10 50031 1.011438394419262
21 24 20 9 45291 1.0105542411835664
29 20 15 24 49897 1.056540328723988
12 12 16 4 43612 1.0679341094957004
22 7 14 3 46136 1.0740637516849276
2 8 28 8 74322 1.0246961496207703
28 15 20 9 47825 0.900253682361102
27 7 19 18 45616 1.0250843276465817
16 24 15 11 45147 0.978225671411404
18 11 8 25 59230 0.9520318710166202
21 27 1 2 108607 0.933216305533995
24 29 14 26 31240 0.970787849581354
9 24 1 12 65376 1.0670493508986867
6 28 27 20 79645 0.9099665943667627
28 23 10 11 80356 0.942609797327486
0 17 24 2 104290 0.9523551926750425
18 12 8 15 42858 1.013709031936608
14 4 25 25 89032 0.950170338670107
26 12 12 7 48172 0.9979369584258435
24 3 0 23 107313 1.0834878976085962
8 7 22 7 34105 0.9460000610161609
14 15 2 24 68789 0.9689675887110247
7 19 13 12 46023 1.044045286336913
17 10 21 27 48416 1.0544557193093496
22 23 8 28 55151 1.0865804409481432
26 2 9 23 92650 0.9255363656502705
13 2 7 29 110844 0.944318562323601
10 7 22 22 60454 1.003596896905676
22 21 22 10 35055 1.014292319039371
1 7 1 28 67003 0.9791816083496775
28 23 16 21 35749 1.019165901520259
18 8 19 17 37400 0.9550681532510753
11 24 1 24 40751 1.0537845810564943
28 4 3 14 104020 1.097727410516659
6 18 29 3 90247 1.0891894981651336
16 16 1 15 62426 1.0044532419943626
10 6 18 17 46264 0.9618555226920767
9 6 29 8 52685 0.9037227420373408
21 28 4 19 68062 1.087372870869805
28 10 18 17 64119 1.0146889384768434
29 2 16 22 72821 0.9317338087947984
12 27 16 9 61971 1.02527844872206
21 5 20 26 58533 0.9929948903508534
28 20 9 25 67347 1.0177618651364218
1 23 3 2 76216 0.9497515445645506
18 18 27 27 50728 1.05158260765849
21 24 4 5 86934 1.010556478590388
5 0 20 23 95254 1.0582149795754678
6 11 13 16 42111 1.047729454733529
19 6 3 25 92061 1.098425516950512
6 17 23 3 78403 0.9634580600367001
28 22 24 28 30434 0.9053002670728072
6 5 4 16 41838 0.9656406607073228
6 1 18 9 56684 0.900655521745263
12 26 26 22 42924 1.0960430079502657
14 15 25 7 45300 0.9976084144051164
23 20 6 2 87157 1.0020362034455692
27 9 6 26 107317 0.9126272932028124
16 22 26 20 28796 0.9091686243173401
16 21 8 0 81983 1.0356613281314806
22 29 10 5 86778 1.0176639192389207
6 0 11 14 63656 1.06078279918876
25 29 15 9 81233 1.0214025518124792
17 13 1 1 68447 1.0532047234719355
28 3 13 0 56748 0.9146953636986713
29 29 15 20 61160 1.0755861422232202
10 21 11 2 67151 0.9628857830506848
8 12 1 19 41893 0.9580922090335697
10 25 15 10 63285 1.015688562985773
19 9 1 24 85703 1.0463860253751593
1 27 15 3 113406 1.0279125092088388
14 19 27 17 53581 0.9223300355703726
23 5 11 19 67949 1.0005123183945686
6 23 15 29 48479 0.9147807377739253
27 25 14 2 94637 0.9252875048093927
14 28 17 0 84642 1.0815578663769858
5 28 3 12 64066 0.931163594056933
12 1 5 16 64345 1.0390879373392576
26 29 17 12 65371 0.9555996219361138
0 29 4 7 80973 1.0861431937017603
7 23 26 15 73892 1.0013070714415775
5 12 19 4 64590 0.9709574319297513
2 18 6 27 41029 0.9837137476292125
20 26 25 14 51523 1.0065918344873008
27 0 27 27 83009 1.0359824383637557
20 3 21 22 55156 1.0758627491298485
28 2 14 6 60878 0.9410692661458653
29 6 7 9 69064 1.0111735370680754
26 27 9 27 50217 1.0157482951463512
18 26 28 16 53419 0.9027166996948578
5 29 11 14 68741 1.0704244889385046
18 17 9 8 50865 1.026085851944826
4 19 11 2 77644 1.0856656878871866
15 25 3 14 72423 0.9514435218342382
16 17 4 5 66388 0.9526542034165998
23 8 15 28 78271 1.0023327121246586
12 22 28 1 87089 0.9132648689655475
28 17 19 7 55093 0.9738391495557719
6 26 15 22 36419 0.9253172152502206
17 1 21 15 42050 1.0376686669969957
8 18 6 3 47562 1.0134194113193258
5 25 11 10 65730 0.9064618087920452
0 12 16 2 70468 0.914104196811474
5 28 23 1 112505 1.0953540429553665
12 17 19 1 63151 1.0470694364610889
19 3 4 6 59804 0.906251468550192
0 22 20 5 90332 0.9830792956343561
15 2 27 21 85571 1.0093556640825787
1 17 29 5 99923 0.9644862538712202
24 1 1 12 80511 1.0704638182026274
1 6 25 22 90129 1.0997221597046458
10 15 25 23 62351 0.9754329604672902
18 1 8 6 47644 0.9134655479442122
0 4 16 1 58146 1.0472261400879541
6 15 21 11 63871 1.0420519808496815
25 21 7 11 85827 0.9592287414883535
7 20 24 11 79527 0.939416189569344
22 25 16 19 32549 1.0938585279555733
9 2 27 15 86697 1.0438334084189145
1 18 21 22 62009 0.922795323374754
27 25 21 1 74254 0.9351075543988068
17 11 15 28 53870 0.9911610110431025
1 8 20 16 74146 1.019403631201432
13 22 21 20 25475 0.9828571427807633
14 11 6 5 51344 0.9088364948602353
8 26 0 21 34519 1.0570229365817247
16 21 5 17 48267 0.9613564946115598
6 2 21 8 54997 1.0931525387714085
18 19 28 27 56459 1.0360178726929115
23 27 6 5 95944 1.084304795376508
3 17 19 29 85151 0.9940235106322113
24 25 18 9 60681 0.937933341038788
23 7 10 18 58523 1.0798294667760095
7 25 7 7 60992 1.0018907648470767
16 23 22 5 59849 0.953766062218808
20 24 6 29 50351 1.0366854145452127
17 1 5 19 77186 0.9625713811336921
19 25 18 3 67996 1.0135619426376363
17 28 28 1 93764 0.9920718247809069
10 13 19 5 48924 1.0716587621069702
23 10 8 7 43354 1.090715301537413
20 23 17 13 31182 0.96313931028689
15 16 22 2 59890 1.0313224608078955
24 8 10 21 73827 1.0718750999286677
5 15 10 29 54462 0.9398242705879366
16 19 10 29 48736 0.9008955868643568
1 13 24 0 87946 1.039186757954606
25 24 8 22 52280 1.0928380177761237
4 22 22 14 74159 0.9751952398948687
28 20 13 26 57748 0.9046163572110028
10 0 3 4 34883 0.9175217319896636
15 20 4 4 84473 0.9065584680833773
22 7 13 23 58670 1.0658847826429219
28 7 10 7 40086 1.011485458973372
28 16 3 11 107662 1.0507005842516373
14 19 11 9 54493 1.0261181837084548
18 14 4 9 64220 1.0584025294222075
0 26 16 14 76966 0.9999808631771633
2 15 15 6 64293 0.9273158324001667
16 14 5 19 51735 0.918625190531565
20 13 0 19 78530 0.9173118590876397
1 1 7 12 45455 1.0031768369209737
23 8 13 12 40536 1.0335493098328397
26 5 2 7 64247 1.0104703483947777
29 22 25 0 65998 0.923064842655083
6 25 27 9 105751 1.0960281532449423
7 28 3 10 74237 1.017775535034451
2 17 16 23 57261 1.0058829232630107
24 2 21 23 63417 1.0516839465893895
22 10 9 13 60990 1.096760119089123
20 0 29 16 62028 0.9057011328689173
8 0 1 6 40611 0.9700637571469857
25 25 10 1 97859 0.9698287122404606
29 24 1 1 123365 0.9207020856431395
17 4 17 20 35835 1.068506840699942
19 0 15 29 89627 0.9589428622971189
27 10 14 22 68862 1.0911380838434497
28 1 12 29 110846 1.059102197547477
1 15 18 25 79310 0.9235503130245546
6 7 19 11 44722 1.0177834487478452
13 23 14 10 58166 0.9458094536717261
23 27 9 18 61044 0.9776547598666212
21 15 27 9 42343 0.9112260043350566
12 24 18 19 34224 1.0807159739126975
26 13 14 3 75015 1.093416789397509
16 10 17 20 28750 1.0275531071210935
21 10 22 27 54885 1.0427197299063926
20 14 3 29 89366 1.074135839977648
6 19 5 4 51322 0.9758600421162634
21 25 5 14 75056 1.0692110670622605
28 23 3 27 76548 0.9946053957837822
28 27 10 19 70616 0.9045005895378301
19 17 12 27 49343 0.9791045408175773
11 2 16 27 91720 1.0514892889529288
1 6 17 29 93031 0.9523339962351953
15 12 6 13 36014 1.0230656578798207
26 28 5 24 65338 1.017278618004124
9 24 24 12 70632 1.049431905166373
18 11 27 20 60320 0.9197141970485231
21 1 0 13 84018 1.0193333220181016
3 7 22 10 56107 1.0860241445778291
1 14 17 4 62591 1.035930323211722
15 25 10 16 42544 1.015833650606254
5 6 21 22 75478 0.9915137028931149
28 23 11 28 61309 1.0962633302354987
4 27 29 15 90644 0.9147333582114073
1 14 28 4 96914 0.9036731252469018
20 15 1 19 66045 0.9774138488145523
24 11 13 11 50115 1.0887570227906778
4 6 27 21 96229 0.9305561167252451
0 1 11 15 71264 1.0438446942340949
29 23 18 21 36193 1.0582349020407604
20 1 28 11 49183 1.0115004471570814
5 14 22 16 73455 0.960372532486943
25 5 28 22 58374 1.044807145333965
0 14 2 29 62015 0.9659065181826051
28 21 24 12 46033 0.9239546683352369
3 23 21 9 84571 1.0019160915790455
27 15 9 6 73402 0.9825884387152649
4 24 21 14 73996 0.9132734937698179
3 24 26 20 76926 0.9518741985249763
17 22 29 18 37606 1.0039384609542354
17 20 6 11 54330 0.9626815763522698
3 27 9 2 98530 1.0739425962436695
26 2 25 29 90896 1.094154438049139
3 12 10 22 48537 1.0182475235274653
5 23 11 15 41242 1.0642718771828927
14 20 5 21 39994 0.9885841855076049
24 27 9 25 42318 0.9036122898484961
0 22 7 17 35709 0.9374084686265991
24 19 0 12 92326 0.9616905636006483
17 25 11 10 62994 1.0421057112518004
14 17 7 21 36580 1.025054489809362
23 12 11 11 51113 0.9824080956823963
25 1 22 19 58368 0.9823315700650951
2 21 5 13 45317 0.9586245425254444
10 18 6 2 54499 1.0337672872760297
7 19 18 20 44861 0.9751668457903179
17 26 29 7 71699 1.0272563252195082
2 5 7 13 44117 0.9175272364524386
20 15 19 2 46528 0.9557004448873224
25 0 15 7 46653 0.939258948584089
29 22 19 6 64269 1.0598842589816035
24 3 6 15 80080 0.9719402209185449
2 0 12 16 83418 0.9401414700389823
5 11 21 28 86645 1.0343334165762577
17 5 4 10 49942 1.0144642196469495
28 16 2 8 100972 1.081357349212406
15 12 0 7 58342 0.9630006644897342
7 3 23 5 64722 1.0298952075949646
29 23 6 29 72387 1.0493659142346758
25 16 29 0 59620 0.9105607595231839
21 26 20 4 63142 1.0852016410630883
13 5 2 18 71949 1.077769712869295
29 6 22 13 38478 1.020853928909988
0 11 29 26 116489 1.018888300163034
20 28 5 17 68901 0.9283568202763633
9 14 4 22 44814 1.0357394458883729
3 20 28 29 97267 0.9948746995091787
3 23 13 11 72185 1.021532950464993
3 1 26 19 105139 0.9844018588684619
27 11 19 19 49672 1.054101868281684
27 15 16 8 57872 0.9632589946919072
9 0 17 25 86605 1.088183950475152
29 20 8 4 94446 1.0320090794705798
13 26 7 15 54633 1.0659859815330917
5 28 27 28 74363 0.9492199971695617
24 26 0 7 99433 1.0164787026266335
5 5 22 26 93051 0.9620283913951402
26 27 12 4 92749 0.9639691140806596
3 3 25 23 111611 0.972018388437186
4 27 19 9 89532 1.0598418683213917
24 0 12 18 75148 1.0731781459000131
25 13 6 29 100954 1.0316541464765272
7 3 9 11 43914 0.9910716379991944
15 24 10 19 34153 1.0796983033559797
16 1 16 19 51938 1.0950456154237707
9 0 5 12 48380 1.0002301698028015
2 2 18 20 91847 1.022562711783635
1 20 23 5 94517 0.9352156112711405
11 21 12 6 56530 1.0475236496348561
3 22 7 14 40293 1.0384289205408306
6 11 10 25 48973 1.0317769642029573
12 10 29 10 62277 1.0708352469153655
29 23 10 22 48472 0.9221417470274542
15 7 23 10 27141 1.028662311075329
3 22 15 6 80486 0.9966355273069456
15 5 3 0 59518 1.0087818129793937
11 12 5 17 36372 0.9643756428621401
7 18 2 5 52227 0.9665884749124817
2 8 10 4 36065 0.9147301891148166
4 17 24 18 62219 1.0631273652246935
22 16 9 6 62907 0.9915468478454625
22 17 4 10 81093 0.9998253471392196
20 3 6 27 98845 0.900043853014309
10 20 8 4 60470 0.9166442191169422
18 15 7 18 38242 1.0071775219882306
1 2 21 22 96038 1.0941467953729063
6 22 0 5 65071 0.9770091618043741
11 7 17 23 49715 1.0479385063851665
4 24 24 7 90861 1.0948501326777258
22 21 22 3 56658 0.9278898507857
21 14 21 0 33222 1.0820710808182408
0 26 28 21 86036 1.0404108390593767
17 1 29 24 83479 1.06745629885232
0 23 18 1 95672 1.0017022444437655
3 20 15 28 69876 1.0237519690075172
5 2 10 29 93182 1.0127252531933228
13 16 9 23 38706 1.0744888539213833
3 14 13 18 45904 0.978819812508095
7 18 3 11 33659 0.912335409132973
28 17 28 29 38215 0.9667480254147769
8 0 15 3 38864 0.9955971370969005
23 4 15 13 47882 1.0912229168417993
0 7 21 10 57615 0.9031044657164052
19 18 4 18 42387 0.9892322043936985
25 6 6 17 77536 0.9785011064722936
14 7 24 28 75821 0.9307448009143394
3 13 28 7 83817 1.0612451314787292
3 23 17 14 59695 0.9551733553057671
15 16 27 21 56175 0.9396271786125535
7 5 15 17 66004 0.992047595031697
14 23 7 16 46048 1.0642633326246371
24 6 4 27 100130 0.936148086796087
12 7 0 5 35783 0.9397781367625904
12 3 3 1 31720 1.0929419253926036
22 14 20 24 40729 1.000849339247183
26 29 9 16 86879 0.9830566864141669
21 23 9 21 37153 1.088867225436799
10 12 25 18 62764 1.09699373371462
5 26 2 13 61721 1.068091908921791
3 18 22 22 58774 0.9538301863445885
12 28 10 18 39133 0.9242795666603607
21 23 15 3 71460 1.009490763637509
7 3 10 17 62318 0.9982184056333478
2 3 0 20 68470 1.0271657734010182
4 16 28 7 86931 0.9946838248827634
28 18 23 26 36791 0.9217322702667724
14 4 28 18 82130 0.9961193557289747
0 13 19 4 78397 1.0092093118698593
18 5 20 15 39635 0.9816457160409647
23 11 15 24 57357 1.0142567191091505
25 6 5 1 67000 1.0282804629327946
12 9 3 12 43545 0.9242361710170928
2 27 17 18 61396 0.9372532660640897
8 24 29 5 98081 1.0038117724001139
12 13 24 21 59654 0.9506231887827655
27 16 20 2 61695 1.0712150128353541
2 11 19 11 66658 0.9327049196555587
22 13 14 24 59463 0.9933741504755382
26 8 15 13 50132 1.0876796522952838
2 17 1 26 34961 0.9119155346439093
5 27 6 8 61523 0.907486795735368
6 19 25 15 66184 1.0696423281023204
5 28 1 19 38788 1.0763975110592188
7 17 3 7 37996 0.9837948947519711
10 26 7 5 76229 0.9337086666619925
15 19 0 24 68015 1.038921532465879
19 2 11 19 71482 0.9931268934409462
19 20 5 3 86305 0.9986635807481788
21 25 23 16 30241 1.067609276171741
4 19 23 21 61082 1.045418891737955
19 1 10 6 40235 1.056309257055588
6 8 0 28 78929 0.9485493520869406
19 5 21 25 60735 1.0751459395221423
4 24 21 11 80191 0.9477969821765497
1 0 26 16 107884 0.9507111952268474
20 29 10 1 95023 1.0594110298335446
29 5 10 24 87559 0.9641401321666014
19 10 8 19 61863 0.9211552544301674
29 3 19 13 52384 1.0728300087021476
14 20 2 8 79088 0.9715426769999637
9 2 17 19 63679 0.9947205446642795
4 29 21 5 103868 1.0869748965075168
21 18 5 19 48296 0.9436917837357733
28 2 20 17 61283 1.060699977021939
7 4 5 14 45133 1.0470721097605322
19 15 12 20 37222 0.9557967556584885
2 3 13 11 68317 1.0522431103669156
24 3 22 25 68247 0.9065602591670537
6 4 9 15 43284 0.9387726542125999
29 20 21 11 46713 0.968176102250597
25 13 12 27 79146 1.0780226827796606
2 10 8 26 70645 0.9033110445963964
7 9 13 4 47638 0.9812836251486886
7 11 14 14 45038 0.9871674508453528
21 19 19 1 49088 1.0282280399745223
11 5 2 19 70434 0.9916878105819975
22 16 28 8 45274 1.0963561045015573
11 14 19 23 51620 0.9872075394780663
2 4 2 28 91587 1.0295741255512216
20 15 12 7 42851 0.9286154056221801
7 12 3 20 40984 1.0855809843618234
2 14 16 7 58818 0.9681209181962208
26 27 13 16 68488 1.0746158338515024
6 17 14 11 49349 0.9867140392479753
3 17 13 15 46485 1.0705001056090353
3 25 13 24 38679 0.9330844974873003
2 16 20 16 70064 1.0387156065467031
9 5 29 4 60633 1.093791653532335
13 25 26 21 44988 0.9879544718624914
13 1 25 13 62541 1.01287953509427
7 7 7 19 43953 1.0081956350880865
28 25 6 29 66204 1.0973414891754993
5 27 16 20 55665 1.088715071878753
6 0 15 19 83378 0.9467561962507148
0 7 10 9 31593 0.922364611585102
24 25 11 23 42451 1.0171495550613048
22 7 7 5 44446 0.9531567215812127
18 26 8 20 49235 1.0038235443016674
7 18 9 7 42219 0.929757115973586
