5671 7929 5731 8417 6685 8077 7514 8177 5356 1818 2393 4071 1722 2987 2882 2485 4689 3611 3717 2848 2301 4708 2763 3355 3605 4678 2705 2717 3810
2143 1872 2102 1357 3450 2413 2317 2804 4487 3282 4281 3717 2027 2364 3892 2375 2697 4023 3496 2265 3306 4108 1327 2288 3787 2817 4382 2601 2626
3718 4257 3870 2498 4394 3262 4436 2582 1983 2426 3724 3501 2703 2907 3736 2032 4211 1711 4522 2952 3718 2789 2863 2599 2990 2564 3490 2707 2019
1320 2581 3389 2181 1752 3328 4038 4142 2884 2150 1314 2870 3408 3616 4161 3175 1803 2228 2645 2616 2622 2640 1299 4650 4053 6343 4881 5658 3783
5719 7269 6684 6465 6693 6651 5580 6293 5347 5041 4247 5574 4900 5681 6959 6017 5597 6010 7241 4884 5178 6348 4523 5261 4608 5997 5147 6673 5274
5417 4947 6640 4799 6894 5644 5882 5554 4223 2933 4593 3964 3564 3707 4873 3373 5672 4622 4148 4592 4177 3116 2826 3538 4110 5019 4514 3294 3221
3660 4977 4418 4894 5239 5724 2780 5065 4215 3381 4821 4509 2928 3749 4527 2971 3318 4975 2797 3209 3352 3977 4665 4339 5707 5095 4168 4170 4411
4986 3148 3380 3700 3279 5664 4765 6884 3849 4064 4118 6358 4692 5027 4623 6713 6621 6495 5717 6498 5472 6749 4460 5164 6328 4497 4199 6666 6530
3156 3547 2478 3074 1832 4842 6599 6933 5202 5155 5026 5587 6252 4816 4431 6233 4617 5237 6480 6401 6773 6217 4211 6484 5656 3728 4311 4362 5327
3436 2817 3673 2639 4878 4613 4963 2551 2796 3187 3947 2990 3502 4824 2465 4519 3659 3503 4484 4991 2616 2398 2301 4932 1857 1873 2757 2818 2000
2719 3046 4819 4161 3797 3561 4638 3712 5002 2931 5022 2711 3373 2789 5868 4714 4571 3197 4877 4826 3245 3778 4981 5106 4036 3895 5639 5386 3018
3309 4431 3885 3586 3678 4190 5803 3182 5594 3651 5779 3787 6272 5423 5344 7385 5364 4482 7098 5105 6976 5948 4962 5842 5366 6107 7040 5661 7677
3634 3374 2831 4342 3561 2841 4965 5423 3304 2961 2879 2729 5349 2870 2476 4769 5264 5410 6099 5723 5203 6186 6126 4928 4885 3833 5237 4218 6532
2679 3743 3739 3589 3861 3616 4933 4119 3829 4148 2824 5333 3848 5462 4967 2508 5361 4476 5617 3722 5603 3343 4831 4363 3495 5668 3617 4280 5266
6013 6383 6560 7851 5650 5902 5179 6602 5167 6360 4605 7090 5947 6974 4572 7170 7425 7421 6090 5648 5761 6606 5449 5433 6284 7725 5125 6039 5304
6855 7195 7692 6863 6311 7137 5211 6361 6878 5864 5801 5048 5650 7065 7350 5534 6991 5334 7586 6283 7058 7063 6256 7498 6832 5927 8428 6128 5255
4137 4356 5337 5218 4680 3860 5909 6044 5929 4165 4059 4819 3929 3947 6283 6614 6863 8578 6763 6799 6734 7087 5891 6587 8909 6183 6132 6993 5924
6537 4499 4456 4767 5126 5332 5218 4456 7005 6808 6137 4911 5014 5433 4713 7315 4626 4376 7417 5253 6498 5220 4502 4378 6304 6073 2833 5535 4077
3875 3213 2844 3679 1308 3871 1212 1746 1722 1986 1808 3851 2652 3591 3348 4019 2810 2081 1875 3795 3831 3132 2662 1366 4653 4889 5472 5771 5633
3843 2930 3444 3505 5518 3270 4084 4001 5189 5120 4528 5796 3223 4521 5604 2954 3042 4620 3161 5809 3317 3617 5343 5305 5682 4994 4931 2888 4682
4748 5164 4640 2824 3411 5032 2795 4416 3898 5601 3046 5543 3011 3246 5908 4573 3217 5305 3596 4813 4361 5812 3291 4705 3264 6056 4670 5517 5541
6303 6337 5942 6309 5238 4423 4629 6157 6973 6360 6437 5889 6240 6222 7194 6605 7258 5515 7010 4254 5445 4350 5980 7113 4814 4863 4634 5792 4694
4730 6991 5433 5650 5049 4238 5630 5875 2807 3651 3342 2954 2768 4363 3105 4116 2056 3688 4255 2562 3088 3055 4221 2820 3269 2555 2556 2271 4754
3077 4380 2663 2555 1496 3755 4573 1570 3105 2971 2553 3712 2480 4569 4462 3178 2860 4190 3100 4247 2114 1960 3808 2388 3004 1522 2661 1826 3983
2176 1726 6059 4505 3028 3859 4892 4636 3741 3234 4069 3192 4312 6124 5706 5930 3138 4702 4839 3414 3662 3410 4595 5499 4441 3547 5202 4550 4641
7689 6679 5514 5137 8202 7046 5737 5996 5079 6810 7239 7334 7089 6079 7715 6422 6164 6418 8155 6915 4724 4661 5894 3955 6567 4552 3743 4875 6462
7415 5452 7914 7974 8382 7147 7072 6935 5780 6286 7747 8405 8318 5555 7183 6683 8429 6755 8084 6155 6441 4238 4723 3705 4500 6743 5404 6203 5394
5506 3137 5654 2987 5042 5236 4287 5647 5924 5735 4050 4061 3231 5879 4263 4829 6002 5373 4406 4796 3619 4072 3059 3244 2513 3121 3400 1366 2932
5202 4454 2789 3111 2431 4087 5070 3541 3121 4772 3574 4293 3836 4114 4458 2021 1622 2219 3326 2221 3776 4328 3184 2902 2651 3359 2808 2008 1610
8150 7611 8268 7294 7554 6929 6299 7082 5667 7618 7867 6000 7645 6319 6267 7871 6227 7893 5779 6230 8341 5272 7425 5194 5382 5244 8022 6488 7884
7699 3728 5454 4193 2667 5946 5476 3861 5957 2570 7197 4774 6737 4531 7519 5816 7391 7402 2923 5073 3292 2380 6614 3486 4167 1843 1903 5061 4701 3770
6206 5050 8545 5054 2830 6020 7453 3063 3552 4971 6601 7407 6034 5433 6107 5549 6892 4358 2873 5080 2834 4253 5601 3311 4760 3625 4368 7807 4729 6515
5468 4043 7528 6126 3364 5196 5613 8735 3745 4226 7862 5492 4453 5323 5465 5833 4922 5391 2198 6946 5131 3342 5798 3767 4611 3321 3471 6723 4358 6359
5871 2812 5759 6189 3638 4876 6283 6039 8389 2971 5751 4989 6788 5794 6089 4559 4842 6319 1827 6551 4341 3856 5563 2200 6015 3008 1976 4891 4607 5250
6207 3779 6862 5644 4425 4133 7114 6329 5562 4997 6283 6582 5059 5032 5486 4513 5010 6546 2241 6994 3532 1504 5470 3611 4089 3284 3419 5234 3886 6597
6847 4303 5828 4014 3479 6549 7433 8546 8397 3589 7019 7324 7355 6209 6031 6186 7001 6620 4136 4685 4280 4154 7080 2086 4793 3763 3049 5836 5387 6243
6193 5210 8380 2286 3668 5133 7153 8468 7398 7321 7706 5786 5600 4300 4482 7181 6060 6624 3547 6986 4831 3601 4365 3144 5978 1959 1686 7078 4854 6556
6884 5463 6924 3292 2286 5481 8193 7582 6941 6628 8097 5860 6720 3513 5160 7171 5084 6499 2803 4930 5016 3735 6095 1821 5471 2551 3850 6619 4225 4244
6186 5182 6118 3552 3242 6445 5677 7972 8580 6556 5856 6949 6996 5773 6461 5590 5928 6354 1883 5750 3492 3728 4638 3211 5403 1503 2356 5393 3751 5168
5590 3623 6754 2405 1709 5540 7326 6304 6217 6761 6676 4645 4428 3335 5373 6819 5209 2908 3299 6289 3310 1268 4593 2024 7093 1852 2681 6466 3853 6165
7246 3908 6215 4305 4371 5155 6121 6249 8609 7263 7606 7079 5629 4936 6435 5239 4208 2465 1114 6655 2951 1234 5731 3055 6556 3704 2000 7896 5126 6462
7274 4020 7757 3482 4134 4059 7062 8722 6307 7657 6338 5806 4643 5864 5498 7349 5741 4766 1190 7168 4024 4107 6031 2896 4697 3316 2882 5302 3898 6337
7678 5510 3952 5183 2624 5508 7906 7420 6862 7331 7591 7004 4356 6171 3664 4649 4188 4271 2969 5842 5023 2628 4094 4864 5245 2731 3666 5258 4719 6252
7773 5143 2533 4938 5493 4301 6178 7666 5458 7303 6122 7385 7383 5109 3664 5393 4752 2488 1804 7212 2611 1399 5581 2854 4520 1082 2476 4979 3460 3984
5947 4832 4120 3191 7231 4252 4655 7657 5773 5240 6506 5584 5800 5879 1906 4958 5328 3234 3459 7068 2980 3371 6142 3977 5395 1568 3231 6047 4515 3624
4995 4023 2589 4965 7003 4106 4447 7203 6566 7788 8288 5293 6753 3445 3377 4317 4428 2158 2592 6691 2288 1486 4032 3336 5261 3930 3787 4964 5408 3454
7769 3705 4356 3332 7053 5299 3010 7146 6564 6911 7461 6570 7217 5271 4349 4910 4270 4275 2732 6293 2575 2184 6626 1752 7223 1078 3330 5914 5214 3973
5692 5268 2296 4166 6899 2051 4394 5715 7119 5173 5232 6218 7392 3915 4314 4249 4379 4077 2014 5650 2869 2263 4386 4573 5145 2446 4592 6836 2586 4737
6446 5129 3017 4954 4759 2674 4363 6641 8088 5022 7767 5935 5921 3954 2829 6272 6038 2126 2197 6491 4789 3868 3982 2325 5271 2447 2497 5838 3013 4226
5680 4976 4292 2654 7572 2570 4752 8240 7208 5327 8274 7627 5133 4540 1408 6903 4446 4261 2050 7172 2732 5072 6194 3888 5455 2377 3519 7812 3541 5068
5900 5745 2632 5042 5821 3376 2760 8241 5713 5020 5398 5881 6286 4895 2286 6448 6655 2924 4017 7130 4917 7628 5248 3098 6474 4176 2892 4382 4958 8362
5431 6246 4310 2268 4940 4353 3083 8222 7935 5557 6503 7381 5024 5548 2184 6590 5251 1709 3257 7663 4468 6344 6691 4338 6049 2638 3934 3640 4413 8394
7575 3374 4000 2646 6095 2276 3299 7674 8494 5621 6668 8204 5708 5164 2573 4081 6797 1701 2596 4899 2764 6377 4219 2645 6334 3611 3311 5948 3016 5366
5282 5252 4206 2921 7656 2160 3734 7571 7093 7179 8218 5152 4493 5546 3895 6008 5801 3803 4234 5117 2695 7183 5490 2408 5697 1805 4058 3636 2667 6756
5415 5828 3335 2021 5307 2526 3245 7847 7074 5338 5298 7313 4743 5502 3716 6373 6235 4768 1108 6913 3606 6477 4503 2953 5918 3195 5092 4462 5454 8449
5588 3493 2944 4015 6334 2567 5085 5800 6416 5194 6058 7595 6214 4052 3622 4661 5218 2298 3196 5012 2565 6178 3524 3339 6469 2451 4275 4128 3680 6832
4438 3435 4188 4715 7298 4047 3426 8185 7997 6550 6345 7835 5281 6007 2679 5138 5027 2744 4403 4606 2021 7235 2747 4436 5965 2254 4769 3534 3391 6207
5242 3842 4061 2104 5491 1658 5647 7835 6685 4847 6932 7726 7490 4453 2039 4541 7074 3784 2075 3817 3375 5351 2678 4165 7325 4383 3927 4851 5347 6806
6101 4078 5111 3570 6618 4728 3763 8376 6343 7274 8215 6649 5332 5567 4101 6436 6964 1723 4025 3316 2692 5401 4414 3470 6771 2497 4351 6539 3650 6178
14 28 16 2 97623 1.05011532616587
1 0 8 11 58913 1.0190778724592484
9 9 23 24 84444 0.9869333232392173
7 27 23 6 102278 1.0890936494458539
27 1 21 24 95245 0.9853565622179397
21 17 6 23 53708 1.0118364935797381
4 11 7 19 43718 1.080524140138624
13 0 10 22 90205 0.914934016295905
13 1 26 7 63518 0.9398477626301255
3 23 13 3 89856 0.9121066224751667
15 25 14 3 84106 1.0242874581221675
22 13 6 23 67644 1.0854862119384854
17 18 9 13 37432 0.9993319133312676
15 13 21 27 68033 0.9637286810548067
20 2 1 18 92518 1.0347402279459108
13 24 13 14 44791 0.9612154864286626
26 14 0 19 84092 0.967318462840136
25 17 28 25 33433 0.9403168182457603
26 21 15 6 76948 1.0549351868880306
3 23 0 12 37670 1.010871551907833
7 7 26 3 82772 1.0039760337730053
20 22 8 18 45865 1.0642661100773414
12 8 27 1 78519 1.0312156065548448
6 28 2 16 49807 0.9971861894161662
2 7 1 25 54966 0.9316609721234476
7 10 14 21 65116 0.9070538657784317
18 6 1 26 96056 0.9149664354379424
11 11 16 23 69402 0.9504830057583861
25 17 1 3 107099 0.9069628068891326
22 0 27 8 45668 1.0676492590062805
21 12 22 27 53501 0.9516017212649973
11 12 8 29 69502 1.031283096966479
11 0 7 20 89267 1.0260777119695406
24 23 11 7 92367 1.0507591598445556
10 19 0 26 47812 0.922889058903945
19 10 5 19 68815 0.9092291194174847
17 20 0 17 56407 1.0620618396158237
24 7 8 11 91531 0.9217190239280537
1 5 18 7 72173 1.0128368182053074
27 20 20 28 42557 0.9501466432277093
10 8 29 17 91038 1.079142813183538
8 9 3 0 51121 0.9458853744796847
26 9 13 13 66921 0.9400363921639159
20 13 21 4 40731 1.0903867148812074
3 6 13 6 46133 1.000287408542228
19 25 6 8 92561 1.0098761099803961
4 2 26 24 131197 1.0633615188599113
10 18 2 2 70337 1.0977546408691903
14 26 18 12 56427 0.9722152949465882
25 3 8 6 69437 0.9476206192955192
2 28 29 11 125894 1.0204241443806565
9 26 20 17 51270 1.098453370226116
13 23 24 7 80447 1.0477805432129657
3 26 23 28 61174 1.0228612160260349
28 29 1 14 112050 1.067657850641798
17 13 25 16 38462 1.0287260093694242
7 21 3 9 45723 0.9973814189974927
0 4 12 17 74876 1.036837535183855
13 17 21 21 40095 1.0860163089860135
27 23 27 3 73762 0.9146414763938052
9 10 2 14 49290 0.9244795855993715
9 0 15 10 62537 0.9143949843608483
21 10 15 29 86444 1.0578396369076912
19 9 11 15 50009 0.9395138664921395
25 7 29 25 83019 0.9909068549079583
21 11 4 6 98849 0.9266789344446873
1 0 14 0 65498 1.0123640438288883
18 25 27 28 32841 1.0020276383169164
12 19 20 28 54816 1.0014484200309401
14 28 23 0 112560 0.9003540759365701
20 13 9 8 62184 1.0487102138843614
26 28 8 10 107927 0.9363205855602139
2 5 19 18 81021 0.9330958167527801
6 19 4 5 54994 0.9989410563757457
9 11 10 21 38821 1.088953082355909
21 27 1 26 65944 1.0739081035281213
1 19 18 9 72323 0.9782783378734161
21 2 4 18 88252 1.0376981190171508
11 17 3 24 41785 1.07100872131859
19 27 5 25 43800 0.945009067959218
1 21 21 5 95065 0.9680673525967126
19 8 5 10 88983 0.9109197954734313
3 17 17 16 46826 1.078429076177606
6 14 23 12 73012 0.917241758455575
8 16 16 20 37527 0.9120436910504552
25 14 24 23 39938 1.0114546366217532
24 5 22 22 59946 0.9874925815373254
2 25 19 11 87075 1.0806024680975215
9 27 0 11 69233 0.9500883070824143
18 0 13 16 62443 0.9630327699823543
12 0 14 21 86874 0.9121833657708059
4 20 21 27 69788 0.9822773183412191
1 28 24 13 105770 1.0717597584996135
2 23 20 18 57446 1.0464425524156327
2 2 6 10 40814 1.063233786314687
3 9 11 22 61636 1.0294622938298048
4 13 16 9 75362 1.0047624853655592
5 24 18 19 46065 1.0057804509557926
2 26 10 20 37205 1.059341410444992
18 21 21 1 68307 1.0713447186871035
8 13 18 24 61880 0.9991944429870061
19 27 15 6 76308 0.9118622802856738
15 6 1 11 81114 1.0957764077565466
28 13 11 17 64809 1.089802068818694
3 15 11 6 68349 1.0847973249022993
8 16 0 19 36119 1.0554420290548847
14 8 6 4 44021 1.0389906033088607
18 12 24 8 43301 1.0155080169752235
13 14 10 24 48630 0.9683084944549083
21 5 8 13 75111 0.9976951083991307
25 13 4 26 94390 1.0250321173150598
2 24 14 2 101942 0.9884810020515353
9 8 21 11 76619 0.9005842757764799
10 20 22 4 80296 0.9545767647830036
11 15 28 9 78919 1.0229861416963786
22 11 18 5 36470 0.9919113755240621
10 15 23 5 74026 0.9642776408077118
23 6 4 13 99919 1.0966283621835156
3 9 28 2 109375 0.9894528668951464
2 14 20 25 75103 0.9140888005521868
23 7 29 25 72116 0.9607743820538219
19 12 28 11 44389 1.0501082170216316
1 16 29 3 120590 0.9558889442256293
7 28 2 23 32619 0.9943371574263201
12 15 5 26 56265 0.9919185651687843
5 2 22 5 71441 0.950721276070692
3 10 8 1 44889 0.9339966176921998
13 23 27 15 67624 0.9062118567218586
28 20 4 15 84055 1.0408244970355565
7 3 28 7 83300 1.0093340282518057
9 29 29 18 83243 0.9353262016844643
14 15 3 2 85304 1.0630534033068961
22 3 27 27 87522 0.9450652832815672
12 26 0 19 50689 0.9159445673060077
16 10 26 17 55149 0.9349780205995604
20 3 3 8 78621 0.9003588734748936
14 24 3 2 95460 1.0197396131561347
13 18 4 27 52357 0.9507029751883731
2 12 9 5 52547 1.099018644152933
24 4 11 16 77136 1.047158986374806
11 7 28 29 118530 1.0948337101611754
15 28 10 13 74858 0.9285688839307216
13 26 24 8 86402 0.9653702072989947
19 24 29 19 46955 1.0335134525558982
7 4 27 20 106784 1.0419120324845965
29 10 8 8 114544 1.0389760100538328
22 18 6 22 54262 0.9435904597588913
5 18 25 0 103725 1.0502508603271576
11 24 4 14 56272 0.9375380550288667
25 18 14 19 36346 0.9140934929921586
13 26 22 21 40775 1.0466074361452846
8 28 11 15 54624 0.9771450684828789
19 24 4 4 104049 0.972814462650508
13 23 19 13 47986 0.9357764922449936
4 6 22 14 98207 0.9309444404659677
2 11 15 28 86657 0.9329522831588015
24 13 14 22 58968 0.9888948447016271
26 16 6 8 101996 0.9035588291710103
26 25 8 4 114336 1.062535679683584
3 20 19 22 50254 1.0152308128369731
1 12 21 14 78013 1.0469175766437866
20 5 29 25 88764 1.0589381608584498
8 0 22 10 84068 0.9084940821229396
6 11 28 12 94483 1.0529297891349274
23 27 0 24 69601 1.0976646388258438
7 9 1 19 52170 1.0170451454535372
7 13 11 21 42849 1.0100632122446618
11 10 5 20 59392 0.9257402026755844
28 5 8 28 115032 0.9033904173207785
5 29 12 8 89862 1.0016298770708292
9 27 8 6 76792 0.9079081744862862
10 3 27 2 63388 0.9551490676042135
28 21 28 0 74038 0.944818264391583
6 27 26 26 64716 0.999979323385161
0 11 23 21 90745 0.9408223480126723
7 11 2 27 68199 1.020802698584489
11 1 4 5 40362 1.0662488327076667
17 12 11 6 57240 0.9402342925694931
15 29 13 1 111870 0.9229605743291964
16 21 27 25 41214 1.0674877213785818
3 26 2 14 40158 0.98460174548709
8 10 28 0 109457 0.9071487038106966
11 28 21 8 97441 1.0907769440636812
28 16 1 5 111893 0.9442255232212857
2 17 28 18 70652 1.0028974268327775
3 3 24 4 80064 0.9712096505993867
14 1 24 16 74346 0.9719348235166907
23 27 24 12 51036 1.084278488023006
28 22 7 16 80352 0.9459023784764722
2 4 21 6 73846 1.026333920135909
3 28 28 19 95192 0.9573040559095722
25 27 24 0 91702 1.083491888827592
11 2 27 19 99095 1.0547043910577978
4 23 19 23 45529 1.0703027720058025
0 2 9 0 46604 1.0247303981769105
16 10 13 24 69594 1.0951697585782387
13 23 16 0 85543 0.9410046115958276
25 23 19 11 55176 1.0694882487360116
15 2 6 21 90533 0.9538313078509871
14 13 2 6 79005 1.0861980574088772
0 17 19 20 59674 0.9725802806758048
26 17 13 26 62757 1.0728295763032978
24 0 1 3 90156 1.0385139342008372
28 2 15 25 100003 1.0818688537507344
1 22 3 13 33229 1.026633696591118
29 29 4 14 118453 1.027335083018643
12 28 19 4 88201 0.9579605254105649
2 17 10 10 53757 1.034281397825366
28 21 5 2 127781 0.9002047393839635
1 12 21 6 101933 1.0343739070544145
4 2 16 9 78956 0.9938881554972732
7 24 9 2 85695 0.9141109472657122
10 25 16 0 98334 1.0477558851211572
27 24 2 10 109697 0.9111205614745058
19 29 12 25 32722 0.9577902652729104
11 19 0 2 81620 1.0704065928663238
20 12 26 16 38194 0.988940202370145
13 10 0 17 71393 1.0171589424788592
17 4 7 19 73450 0.9354975200761847
28 28 2 13 110004 1.089097056172375
4 18 15 10 69628 1.050287465475063
15 21 1 4 87227 0.944735220306144
28 19 3 3 113119 0.9592880818006346
5 23 8 16 35658 0.956094460733089
17 26 15 18 37171 1.027007663989224
17 14 27 7 60904 0.9702984858417348
4 2 14 27 107585 1.0969881836092228
15 25 29 16 65686 1.0812812719859217
24 26 5 14 90956 0.9487220428397176
22 0 1 25 130913 1.0660338969198562
12 28 1 2 101793 1.0849707299863065
0 2 14 11 83398 0.9518296013517308
16 2 6 3 35347 0.9518023087216482
19 10 3 8 89010 0.9776962641679339
29 1 16 2 50633 0.9539336425599332
11 29 4 2 107663 0.9401294879015407
0 3 23 11 102966 0.9428059287484558
6 1 5 29 101243 1.0566868516841739
16 12 25 2 59456 0.9478624969891463
2 2 24 28 130917 0.9909236854530764
7 23 3 0 73203 1.0449017204869921
6 11 18 6 77870 1.0116782071596142
26 7 10 18 83590 0.9036863204618897
28 9 8 20 94182 1.003103693508545
16 23 10 29 43514 1.035873181163407
17 27 3 23 51029 1.0452425349896082
12 6 5 26 89221 0.9692075015193173
13 7 4 3 46420 1.052918072002021
13 19 25 25 52090 1.044840808798028
23 29 1 29 82180 0.9544285664287311
4 11 18 18 63860 0.9652600765515444
26 3 1 1 95799 1.0592695146680127
11 19 14 2 75574 1.0128256273671137
15 25 6 10 77863 0.9162420416361992
23 5 2 0 87634 1.0581341528404884
7 11 29 26 114227 1.0543284322232958
10 15 18 27 62031 0.9078181202276512
25 1 21 17 61321 0.9666722896362184
22 6 22 19 48610 0.9531103108658038
12 17 26 29 78560 0.9716538688268359
15 21 2 21 37927 0.9344247315779273
25 8 5 9 108267 0.932226787983622
28 21 3 3 119116 1.0631898574377878
12 21 29 14 66386 1.0187506196687213
2 1 16 4 65497 0.9136163329279268
7 14 16 6 74360 0.9781296300737561
21 20 14 29 58662 1.0745298740714224
18 29 18 8 70947 0.933714172377281
17 25 5 22 39138 1.0025644859704657
11 28 15 3 103482 0.987158765931877
8 18 3 3 57604 1.0919642704300252
13 17 9 28 42901 0.9543049865256693
11 21 4 6 73035 1.0823627794061026
5 16 0 3 55548 0.9187363323974062
17 18 3 14 46963 1.019522056181579
25 7 7 9 96927 0.9407594017136969
28 7 29 16 40694 1.0332208378412568
13 27 12 6 90209 1.071678143177658
1 20 18 8 76310 0.9474107028156528
27 13 11 3 87500 1.0758240933261463
29 1 1 10 125174 0.9398324451162139
22 8 4 28 106287 1.083612825698622
1 22 22 17 68957 0.9152476027777022
28 13 15 27 83300 1.0996821157021222
2 9 24 22 97227 1.004148363087908
2 29 21 1 128374 0.9189891392247904
20 28 22 13 57351 0.9508408814214943
27 24 15 6 85903 1.0764594145712354
28 17 8 22 67829 1.0689142126656432
14 12 10 6 43988 0.9366365002426549
4 18 24 2 96649 1.072430714375884
3 24 28 29 80256 1.0501897631033403
27 18 26 2 65383 1.0949076283817378
29 23 25 17 31350 0.9945067631129856
28 21 22 12 45298 0.919070494641484
1 22 18 28 65904 1.0675442084850932
10 26 14 19 38087 0.9398640456039121
6 25 25 25 47969 1.0407681944080793
3 5 25 12 105922 1.0277431500223992
0 10 27 7 119571 1.0101860310276503
29 27 28 17 37313 0.927759907120805
11 21 17 13 46703 1.0816127119427812
16 20 3 29 65684 0.9127909696447869
13 13 25 1 76190 0.9281301066319537
10 12 4 27 70637 0.9016216875563686
2 11 12 16 55713 1.0411208849932618
14 22 28 1 101100 0.9167455078643508
25 15 23 5 44614 0.951149758962156
2 0 18 8 79214 1.080287099900257
13 4 19 11 42150 0.9789171948004083
0 21 8 15 47066 0.9714231884250948
16 21 2 1 97017 1.0393409918844567
26 4 20 13 55212 0.9771858385354083
4 11 12 17 53700 1.0206848580499177
3 20 17 1 92194 1.0927919953820442
27 9 3 11 119277 1.0415231411965677
18 16 29 16 40878 0.959392657945848
22 3 27 10 44826 1.0871958991851298
24 26 19 19 39316 1.0044207194855101
11 5 1 12 63441 1.0515003250976225
5 3 18 11 64581 1.0812789961091356
7 5 18 21 88883 0.9699814501832795
24 3 25 16 55936 1.067271499832963
7 16 23 8 80922 1.0786483061583856
4 2 23 24 121180 0.9560291227454805
29 8 4 1 112947 1.0449875073497066
13 29 6 23 41230 1.0604328832768681
15 5 15 28 94398 1.075080357666263
21 10 12 3 60407 0.9561754536132815
0 25 24 21 77349 1.0569056970010382
24 12 15 28 83325 1.0831852898846899
10 22 20 15 48209 1.045329618950503
8 4 13 18 63132 1.0722458047986232
2 23 5 0 76617 1.087231413441061
12 3 12 29 112574 1.042888864058991
5 13 18 8 73684 0.9804224735952383
6 14 18 20 50867 1.0035389684455855
25 27 23 10 60906 0.9021986439775406
11 7 8 23 70497 1.0739112670932165
20 16 6 23 54001 0.9236422272844401
26 24 21 29 30083 1.0616458383321075
8 17 17 2 73117 1.0967577179123662
2 10 25 5 98795 1.094318655868146
18 28 25 21 46258 0.9584653567273984
6 23 23 24 54925 0.9803550497690228
25 5 26 23 72593 1.0747730144723704
10 22 16 12 56134 0.9335449792061045
23 16 10 0 83057 0.9344326661546873
12 6 12 17 42989 1.0049081238015882
16 11 23 1 51476 1.012451363173482
1 21 8 10 65840 0.9478319049630881
25 18 12 25 53145 0.9438980006688034
0 18 16 25 60861 0.9444921344017145
16 12 11 6 51457 0.9321372584125771
9 13 18 23 54741 1.054352525791797
8 6 28 16 101602 1.0121493911142236
16 15 21 5 43566 1.0969447620080892
29 4 1 3 102253 0.9375911735887645
14 23 22 5 76603 0.9497171489363914
1 21 12 23 35582 0.9919734883553264
29 1 9 0 82188 0.9038236838951899
0 12 6 25 54892 0.980568800378298
11 12 26 8 83765 0.9918246945201976
19 4 1 9 85178 1.0494209377762385
15 29 25 14 80854 1.0024068922193028
3 15 17 28 75592 0.9692345693804818
28 27 4 4 135708 1.033875973055199
12 4 21 3 39455 1.0040057199064207
9 29 14 10 81326 1.0994467569096413
10 26 11 6 83139 0.9838290129811429
24 18 3 13 70944 0.9819559466490541
7 25 17 2 89807 0.954493108666093
11 16 29 19 62381 0.9749089176379078
5 16 19 25 67597 0.922566873994836
20 10 23 0 43238 0.9551780526537021
2 10 9 26 63280 0.9803795824338042
8 14 19 9 63951 1.0115115828134107
22 4 16 22 73754 0.9377224163929002
19 9 10 20 58745 0.9786428185116159
0 26 9 8 81352 1.0281335305979005
0 16 24 28 96610 1.0761492418102907
10 19 15 1 79802 0.9193677272572414
10 10 29 26 105599 1.0935200002067578
27 9 21 28 81836 1.028677821260519
7 28 25 11 101938 1.074450788338688
15 4 29 2 59416 1.087997622885665
4 3 12 27 98596 0.9297093724991994
29 26 25 1 99283 1.0071833524497598
7 15 9 5 47485 1.0578857552174705
7 21 23 28 60474 1.0498928809393284
4 7 19 21 88769 0.9972752458555081
24 23 15 25 30234 1.070801154483698
18 18 16 29 46251 0.9368083488072263
10 2 20 9 60549 1.0246050689385788
9 14 2 27 57815 1.0205523436370236
8 18 1 8 49040 1.0770998847782145
14 27 1 5 96696 1.0962084989214567
13 17 5 21 34793 0.9076493930755369
21 1 1 3 80075 0.9925281812269257
5 20 0 9 46938 0.9360650151068733
14 22 10 12 52732 0.9814279049067027
0 19 13 19 42337 0.9143556071789479
1 22 13 17 47731 1.029258029395153
6 8 28 6 96511 0.9056082291641049
27 21 12 7 92517 0.932307507487325
29 22 12 8 96982 0.9451750677035818
18 19 2 24 54704 0.9008981051619626
4 17 24 1 104385 0.9123277048904056
3 2 24 29 131396 1.0816057847870972
27 4 13 8 64268 1.0884901049410243
19 24 2 18 61740 0.936942229471832
0 20 0 0 65994 0.9150644513092612
10 21 5 9 60360 0.9652382149647004
4 9 12 2 55515 1.0977460289325056
13 16 1 13 54441 1.051075038794541
7 18 27 24 71223 1.078165535817885
6 6 24 19 98979 0.9004888636217158
2 21 28 26 83852 0.9850754463841199
29 22 14 25 49884 1.0992745296971207
27 16 2 25 93205 1.0380205910560005
18 29 12 22 47101 1.0585139025201746
8 25 5 7 76024 0.9791361582516133
3 25 26 23 66847 1.0347607239847258
5 17 10 2 77855 1.0691238079956555
16 1 24 4 36997 1.003866582113966
28 29 25 5 87173 0.9082237942884723
6 21 19 5 76135 1.0654125860836543
22 20 16 9 54461 0.9438628968657953
14 19 24 28 55929 0.9315503669203651
20 9 4 24 88524 1.0697386729473681
4 6 24 29 127029 0.976164845195295
25 14 25 2 51154 1.0690330548666127
11 18 5 1 76461 0.9348566344700364
9 16 0 17 35204 0.9342912044685516
29 20 16 8 75083 0.9952937186784672
3 25 19 23 46119 1.0434877933280795
22 8 4 20 84074 0.9931889753683933
29 7 16 27 109849 0.9136496664819759
11 11 26 4 84580 0.9092062971198929
13 27 3 7 83154 0.9151401995613825
19 28 9 15 68676 0.902712122226575
18 17 3 23 51513 0.9152651983462721
2 14 23 17 66300 0.9658789996972046
26 10 18 22 66330 1.054760208222226
12 18 16 26 46307 1.0805470893499902
29 2 23 26 92521 0.9361807238867538
12 25 19 12 56980 0.903888008405248
24 13 2 1 113378 0.9419256483910315
20 22 15 13 51122 0.9100838095764656
3 17 20 25 63443 1.0185982961446438
25 20 13 25 44659 0.9912370413775711
7 27 22 26 48178 1.0052918457083404
17 24 15 3 73953 0.9993655625586058
11 16 17 26 56439 1.0977098268504382
21 4 0 4 80165 0.979103744651572
7 28 3 11 67161 0.9570092593008066
18 16 22 0 63609 0.9843920916254525
2 5 27 11 121822 0.9957488003523715
8 16 14 21 34464 0.9981871858781132
13 20 5 26 39142 1.0122860148821093
9 26 21 9 84317 1.0564975836292554
1 18 23 13 70788 1.0527720987379459
14 11 1 14 77795 0.9096237610573608
24 0 7 4 67395 1.0997133920235242
17 16 18 5 34185 1.0206233489142722
26 19 6 9 95324 0.9381372519540458
8 4 3 9 33640 1.0028977030812232
20 7 18 29 85815 1.0482602745102798
5 6 4 26 77196 1.0832545060505963
11 13 29 14 61340 1.0198748830298352
3 24 4 12 41651 0.9383731145084405
26 19 12 21 50418 0.9043049529702584
5 10 13 24 79706 1.0625401303880495
13 26 5 17 53634 1.0126056680728615
4 29 29 12 123154 0.9769806636655918
14 8 22 11 55663 1.0978891435562015
28 22 17 18 44372 1.0422572336182268
14 28 26 11 101623 0.9183507764880513
8 18 6 3 65412 0.972865106588812
22 3 25 15 51311 0.993122943677812
7 12 14 25 69212 1.0281691024230228
20 22 29 10 74393 1.02938176838615
1 26 25 11 110815 0.9728262984792065
16 13 29 21 64885 1.068878186337967
2 24 8 3 79627 0.9175705356345126
20 20 26 14 41430 1.02838903397285
21 1 11 19 82664 1.0608375711740177
20 29 15 10 90311 0.992222823726422
21 21 0 29 83794 0.9822999634904936
21 20 2 29 75682 0.9977428882271648
20 23 2 19 62537 1.0262267270669314
11 19 18 6 54684 1.0361819176154663
16 27 13 20 40131 0.9245216087043341
23 16 11 7 69775 1.0563661010653196
16 5 28 1 48342 1.0623666938288165
24 12 18 29 77436 1.0075335382752753
2 5 25 13 111803 1.0669656953513162
8 20 25 12 73963 0.9530629156964742
3 24 17 22 48319 0.9206855911507744
25 5 15 29 104337 0.9856558423654256
24 10 2 28 109890 0.9490113838493665
29 0 25 22 93416 1.0249872955225718
23 19 1 26 80039 1.065250178645011
10 28 15 23 37160 0.9126684307639022
29 11 17 6 66404 0.9020928963618852
17 21 3 4 87007 1.0292572465864391
18 19 12 14 33946 0.9447368349214038
9 5 5 24 78109 0.945899246084591
20 24 13 10 73548 1.0525128907725356
11 7 20 26 93846 0.9569148361111629
2 13 24 26 93787 1.0099946230562384
24 23 22 9 49883 1.077234347889126
6 9 19 28 101104 1.0788800475464735
1 0 11 17 77546 0.9078843810978148
10 1 1 28 108962 1.0846184550648825
11 19 11 1 77656 0.9718840184336189
4 23 26 0 123784 0.981713230651944
24 6 23 22 55378 0.9310350395324287
11 25 3 14 51607 1.0831911966146774
2 19 25 1 112750 1.0331498302803002
26 15 2 29 107450 0.9354695678629605
2 24 28 15 90793 0.9795775340707594
18 3 20 24 65897 0.929366257415174
16 6 14 25 68566 1.092935848090214
8 11 10 1 46622 1.0717242516441634
9 3 18 24 90705 0.9793413650345025
3 26 12 2 104137 0.940623724027325
13 20 2 20 42478 1.0874877561934493
19 20 0 18 56063 1.0292874930621085
7 21 27 21 63975 1.0925595509272026
29 10 12 10 86364 1.0830324333637036
2 2 10 23 80520 1.0084881114275004
14 5 7 25 93111 1.0544112994114592
6 9 25 15 94110 1.0944333021987906
24 8 13 23 77694 0.9746121998539145
20 27 9 12 79812 0.902746649755967
9 19 22 20 43995 0.9041324456797986
2 14 0 5 33565 1.0952554648001132
20 22 19 8 58765 0.9540159189423236
27 16 2 2 122628 1.0934061076309343
5 23 0 18 25627 1.097957874939399
19 18 4 11 66057 0.9267461478416519
15 15 24 25 58567 0.970525019537667
8 6 24 21 96518 0.9554943599607808
10 20 19 18 29774 0.9806423422673985
14 28 25 21 63417 1.084917148112055
29 21 15 10 84727 1.0797214569400826
22 1 1 4 83682 0.9611100513195383
1 2 9 8 47014 0.9229754222320512
26 0 23 8 35723 1.0054585471362538
2 12 23 23 86092 1.0315587391168446
15 10 6 29 99937 0.9963650761102527
1 16 11 19 38912 1.0271802748331784
12 28 2 25 38280 0.9404041129317928
26 10 21 17 43718 1.0336947193422372
0 22 19 6 93932 1.0508096602002992
26 16 20 23 47164 1.0294753249497623
12 9 20 29 94460 1.0557779622388404
0 5 27 20 116854 1.0510787805273432
18 11 5 18 55894 0.9227248094843757
29 22 20 17 43541 0.9642118132890043
27 14 16 27 74603 1.0642999560465582
28 17 0 26 98485 0.9568940643654475
13 17 29 5 81783 1.000929554997681
28 26 0 10 120705 0.9245156747478926
12 3 24 26 102795 1.0420617106347871
4 6 17 7 71799 1.099640251114103
10 6 3 22 75845 1.0446685786908558
24 17 20 24 38008 1.0400836323408833
28 24 15 18 55782 1.0970457356459449
9 21 3 2 74900 1.057991512349331
23 5 26 20 60191 0.9909139048395533
8 16 23 5 82856 0.9213555075114309
21 10 25 20 48746 1.0406217112903027
20 23 11 13 62313 0.9647730194671352
19 1 26 15 65913 1.080155407302524
29 12 19 3 63409 0.9633392042718136
15 2 0 18 95868 0.9107894679392201
20 20 28 6 74599 0.9997362519836643
5 6 5 20 61160 1.025278682782248
23 6 11 29 108083 0.960424942258744
21 27 23 14 46340 1.0965378812163549
21 7 10 2 59314 0.9505395634340983
20 12 2 2 94428 1.0343872741377733
29 12 19 23 65262 1.05184180269861
27 19 2 20 78746 0.9220120637492323
16 27 1 8 97898 1.0719267238642756
18 13 9 15 44636 0.982377088997956
19 17 14 6 47377 1.0152712517497382
0 29 0 11 59155 0.9342186131342437
13 20 29 5 86625 1.0793302643735716
6 7 12 28 95162 1.0313530383945355
25 0 25 21 82587 1.0508470776882617
18 14 8 23 49609 1.0531407363863634
29 8 12 4 73742 1.055786837178538
14 20 3 10 59534 1.074887795912593
26 23 28 14 34119 0.9536929722359728
3 15 25 1 113236 0.9202993695456582
17 16 18 2 42016 1.0968973759572107
23 15 9 13 54021 1.0741474586497843
2 19 20 25 63344 1.0558340669245587
2 8 11 17 56247 1.018870759998525
21 13 7 0 89687 0.9136793776600466
29 17 15 16 47728 0.9818807059825683
1 15 4 27 45655 0.9993239874322266
17 2 17 22 61808 1.0981568785562004
7 1 17 7 57202 0.9463865352452838
10 22 5 1 89118 0.9140523120475549
25 0 21 7 34463 1.008159362656041
14 10 12 26 78439 1.0822023079766225
13 14 0 13 66447 1.0966280761181557
11 1 24 25 103811 0.9674701406508225
3 6 26 27 123838 1.001858691982797
21 21 8 27 55368 0.9369797374058669
7 9 27 9 113237 0.9491002409776826
18 19 17 28 36326 0.916978800078005
8 8 7 19 54375 0.9772453891495864
13 16 5 26 53628 0.9954018632723294
1 8 14 24 83507 0.9205955885582059
28 19 17 20 39022 1.0271565077535452
15 1 29 12 84351 0.901909473560641
20 5 16 27 77094 1.0778808853353627
14 7 29 12 80766 0.9912517474174185
20 20 18 28 37862 1.0946345914506497
10 8 6 14 39709 1.0187981853252972
17 23 23 11 54167 1.0220891772274638
5 21 13 7 76340 0.9405053547735047
2 21 27 22 82118 0.9948066351726299
18 15 27 23 51030 1.0466435774067442
24 25 6 27 52694 1.0963552988956917
12 14 8 8 42007 1.0046729475392997
0 18 2 2 53897 1.0677418240346908
23 18 17 10 41009 1.0943224936635232
14 3 17 14 47394 0.9973731294269492
0 20 18 8 79602 0.9107704798061499
29 10 5 25 113898 0.9990935920114058
1 25 29 13 111547 0.9721315132860726
26 3 8 4 66778 1.0079259157827343
18 26 2 4 105513 1.0714089579743478
4 20 15 24 49407 1.038347731313052
22 1 10 23 99934 0.9147214079949612
26 24 24 1 84258 0.9035231598858732
15 12 24 5 52883 0.9857559899811941
18 4 27 7 37380 0.9689865280954901
15 24 22 9 70497 1.073528117563777
5 24 8 17 34579 0.9509599538736988
10 19 27 8 89081 0.928235194475093
11 9 15 20 58216 0.915968349958959
4 6 10 16 69491 1.026162704674582
13 5 12 16 46074 0.9046910269534517
17 16 7 29 69059 0.9595787030629286
1 5 13 16 76155 0.9004906814224486
19 18 29 26 53283 0.9834552775478163
11 28 2 13 67906 1.0192233001279554
29 24 16 6 89022 1.0059054269635006
5 27 17 29 51953 0.9565020434366281
14 0 6 25 112969 1.0682486476121744
22 25 29 18 40450 1.061645501107919
23 7 17 27 77164 1.0831199490876973
27 25 15 11 80852 0.9542321159096846
27 14 2 20 84732 1.0721623266998397
14 20 8 8 63797 0.9669228077529093
11 28 26 28 60542 0.9156126935576387
7 28 23 6 105424 1.0078449592434793
14 3 19 15 51513 0.9218195279030607
25 2 0 29 140566 0.9228286267664185
5 23 22 4 97121 1.0539486704374206
7 25 1 17 39270 1.0996003301592694
1 27 18 20 64723 1.0977025274715047
1 22 18 17 57937 0.9017987014852172
25 8 10 16 81634 1.0163318225910876
17 8 0 29 111352 0.9000531754448656
23 27 4 9 103519 0.9077556349985436
24 17 18 12 29731 1.0958737980242752
19 29 6 1 133515 1.0799051370153996
8 29 17 6 90765 0.9736129058200234
2 2 7 22 76340 0.9943189107865037
28 4 20 0 42287 1.0403753520105803
6 13 23 5 89553 1.0052064505880287
25 1 19 18 70617 1.0325245184261143
13 18 3 3 68059 0.9343734186845214
8 15 6 24 44776 1.066609369710073
28 16 14 17 45484 0.9637409310844419
26 4 4 24 117610 0.9683208291602279
19 6 13 2 29669 1.0141357257771642
5 6 15 28 112010 0.9038965913330299
6 28 4 14 59143 1.0746585734916243
19 21 2 16 59099 0.9781435465683765
23 13 17 6 38811 0.9750840539114383
2 12 17 27 82349 0.9861638447205456
27 2 11 15 90174 0.9959761482058843
16 22 29 10 84520 0.972800543914603
7 17 2 23 33835 0.9668046511248324
15 3 17 29 94425 1.0631151780581802
3 3 29 13 118978 1.0206297318808102
17 24 1 24 52366 1.0384165431695318
20 20 9 28 48793 0.9047498466414297
17 13 21 1 46872 0.9612681678196231
15 8 21 0 55613 1.0358023084321695
29 24 23 0 95229 1.0860253470242371
26 4 14 24 99947 1.0804410927297945
14 6 28 10 68293 1.050316039504839
4 14 21 15 77772 1.0789202190072424
19 4 1 7 77887 1.0297315149066293
1 14 28 4 120176 0.9796815068991985
23 0 12 19 85786 1.0651589237576642
0 22 19 14 73830 0.9707009375248417
18 21 15 3 61648 1.0484988417030445
1 18 17 0 97989 1.0246488112343293
25 9 24 27 70505 0.9084198088737505
12 12 26 15 59189 1.0424444703032987
0 15 9 5 65724 1.0585313421929792
11 26 16 8 82415 1.0880906566329056
4 27 13 15 64702 1.05551334972818
10 22 23 8 74879 0.9183006006222051
24 20 26 6 62329 0.9008475765311658
26 21 14 21 46677 1.088554611598823
0 4 12 18 69466 0.937322130362851
17 27 4 18 64678 0.9278875082439891
18 21 29 15 50932 1.0172278453027055
7 11 23 2 91910 1.078254825535456
13 19 22 17 31319 1.0542342305824468
7 19 22 29 72966 1.0624432099412826
28 17 18 7 52688 0.9374906422048813
26 19 19 13 42189 1.0182304329325018
14 15 25 8 62252 1.0470043787410592
13 0 9 18 76778 1.0393380794142983
29 26 21 0 110286 1.0309175386586025
18 17 6 27 56943 1.0309191989593827
7 22 18 23 38823 1.012870142791843
27 29 3 0 142504 1.0880200970674203
7 20 24 28 66802 1.0932429309772698
19 17 11 14 38850 1.0529466514030763
4 1 2 16 49272 0.9437491374243936
5 12 3 26 55290 1.0540244390909823
7 5 19 21 92751 1.037133736291133
3 15 3 2 39233 0.9560484128708379
18 10 25 17 40158 0.9529722051514796
14 3 13 29 105587 0.9470579226625617
12 19 20 12 44421 0.9453575264873499
24 19 4 1 111776 0.9248717953681883
11 24 6 12 58412 0.9130758289568611
0 13 11 16 54803 1.0953925765529477
1 14 7 26 52266 0.987166351100935
13 19 16 5 60265 0.9600081516956561
7 0 22 10 90578 1.0763750278241084
17 3 0 11 82037 0.9193275812153336
26 17 20 21 35278 0.9807897062289793
11 14 1 24 63579 1.0512347095447603
6 8 13 28 92205 0.9192406847437775
14 27 24 10 85392 0.9225575308198081
19 16 8 4 73776 1.0608984822607066
14 5 28 6 48002 1.0330250359374742
9 27 24 28 50262 1.0325770120965483
29 21 21 6 72910 1.0141712318277474
15 10 23 27 81131 0.903602139086098
2 27 24 22 74252 0.9555117186977327
10 6 13 29 98729 1.0647945806312913
17 12 27 7 57637 1.0666900443065148
12 26 23 3 91979 0.9258729617300204
25 26 18 4 77795 1.0130396924276475
16 16 13 25 44958 1.0303142103071783
10 11 3 4 51110 1.0741128399920434
5 2 15 13 79829 0.9811545533299894
18 21 1 1 97201 1.0582082984230596
19 4 24 12 44825 1.035660287759173
21 7 12 27 90549 0.9910137643485831
4 20 21 7 90554 1.0336453140129964
15 23 29 10 87998 1.0458078206218668
5 20 12 9 58829 0.9372039842996754
1 17 26 6 107012 1.018085520167142
29 14 11 6 87537 1.0115309324662207
2 28 26 26 78660 1.0893381272666507
9 1 29 26 130641 1.0277628629282558
4 28 24 23 68995 1.090334694921394
4 27 23 24 61340 1.0437960261234618
1 29 2 7 67392 1.0511971761013026
1 21 29 0 138740 1.0112797762585166
20 21 3 4 95496 1.081875633702174
5 15 18 5 81553 0.9899217923576573
12 8 28 23 95752 0.9747659793320198
26 28 15 29 44832 1.046470834131568
3 23 13 22 33352 0.901794274138588
16 7 5 15 87604 1.063913325635652
1 25 7 15 51452 0.9546892897223225
3 9 9 4 36882 0.9372986833586989
6 13 11 23 49642 0.920149617164612
2 20 15 11 75326 1.0017965821336132
0 28 18 15 81465 0.9326157966519258
6 3 20 8 65709 1.0991896401639707
29 0 2 27 151834 0.9711863945504743
28 5 27 28 79760 0.9587780676554463
29 1 1 11 129455 0.9417462901048912
0 2 26 6 102151 0.9074283964154186
20 19 18 7 37457 1.0121413403318504
6 3 19 26 111619 0.9636027795662809
23 11 26 2 35726 0.9634516567391186
18 6 24 20 52485 1.0301722333881884
28 13 12 25 75332 1.0769473869011208
16 20 25 16 39092 0.9573438215341055
24 19 14 1 81717 1.0597859681847566
3 29 2 4 82313 0.9245092020824424
24 26 0 28 75464 1.0070561428256783
27 8 7 17 98684 0.9291945933332185
3 21 15 19 45741 1.0063627760433496
8 0 11 19 78326 1.0783349101128812
25 24 7 23 59973 0.9605562205452666
29 29 4 22 91498 0.9203059905902086
2 23 18 23 49171 0.9918389750960948
3 11 23 8 101799 1.060276438671785
21 5 5 10 83574 0.9760763986646648
18 20 25 0 75853 1.0726328819459068
17 1 23 13 52914 0.9761038464446162
10 10 7 17 42761 0.9961056263978192
15 23 7 21 31705 0.9125282345040234
16 22 25 19 46622 1.0268602803977653
29 16 17 13 48180 1.0399941252869243
20 14 8 11 55957 1.0169589514630804
20 28 26 3 96003 0.959394093162116
11 2 12 25 98082 1.0829699631028975
28 18 5 27 87098 1.0058913326993728
25 25 4 14 94096 1.0441989722212575
15 13 4 19 60370 1.0076513465704398
11 2 10 23 84445 1.008563741223401
0 16 16 10 84316 1.0441985104323743
12 16 17 23 46112 0.9704643400368466
15 26 20 13 54436 1.0711972656362496
17 24 3 23 45209 0.9452487530140821
4 17 29 20 79165 1.0154171102984348
26 14 2 29 104339 1.0442953181876553
5 16 22 17 56937 0.933359633247772
16 0 8 21 90334 1.070766153713767
3 10 21 5 84360 0.9401450537339605
26 12 27 2 52185 1.0112653012214543
20 14 18 2 34507 0.9076639269661358
16 9 18 19 40105 0.9859437469316812
17 23 8 29 44559 1.0636667921140277
8 11 19 17 57094 0.9726857386574588
27 5 9 29 111623 0.9412736217982662
2 4 28 4 91448 0.9027325918499499
8 12 7 1 52295 1.099824800050471
2 1 22 23 119375 0.9371047601831544
21 23 23 7 57862 0.9659553984255583
23 19 12 20 41233 1.0294782516339074
22 26 22 16 31569 0.9412685144521034
2 20 12 11 60579 0.9565211598913496
2 25 20 17 67256 1.0627587455627239
13 15 24 5 62425 0.9191044197996073
13 19 9 8 48884 1.0007917717676151
17 12 28 27 76577 0.9241977879385487
23 0 9 27 109676 0.9583290804985765
12 10 3 19 56431 0.9143931158503555
0 26 19 22 62104 0.9488130225696685
18 23 21 16 33635 1.0804531044499444
19 0 16 16 56076 0.9201987821627869
5 19 28 1 112577 1.031132053134913
3 5 21 2 67939 1.0220307529760637
21 6 2 1 82676 1.062781731198998
17 21 1 24 47815 1.0577508886376916
17 2 3 9 70094 1.0237370979431017
4 24 13 10 76856 1.0229456729540125
22 13 0 15 81717 0.9009063630504897
18 22 27 1 87103 1.036191142333264
8 14 29 0 119775 0.9968603564735075
7 16 13 6 67587 0.9906994686370016
2 8 11 21 61897 0.9128717548370552
4 3 23 5 73129 1.0632857503587718
5 10 9 3 40885 1.025642901013307
18 24 12 13 51602 0.9070147476383916
12 19 2 7 61655 1.067631674142871
12 25 0 21 44976 1.0907035498463966
14 14 14 26 60094 1.0983573648053613
12 8 1 24 81239 1.0406014638651333
26 5 5 25 107904 1.0132133661722544
2 18 14 22 47901 1.0170497773508127
10 27 5 11 75062 0.989873110758026
26 22 9 14 73315 0.9307964528401772
27 10 5 9 113506 1.014233114159759
0 18 29 25 96219 1.0186042230468404
17 19 23 14 31063 0.9322755918411317
26 18 15 16 40623 0.9631854906233095
22 8 7 14 78793 1.0240679142885898
16 27 10 11 80696 0.9390526175640197
22 9 15 12 47490 0.984790545351246
17 27 27 24 37318 0.9352004829754912
22 10 15 0 60591 0.9924310297051977
1 26 0 2 76436 0.9401790410111897
22 27 10 8 96115 0.9074519070060373
3 25 21 18 65261 0.9993911233286054
4 18 6 3 59132 1.031175498366111
7 5 27 18 104770 1.005009107090535
8 21 14 14 44193 0.963479943886101
17 18 29 26 57494 1.046979885999616
17 4 5 28 103425 0.9564374806538332
8 7 14 3 37880 0.9771462151878405
6 18 9 8 43625 0.9625871446329691
17 19 7 20 39523 0.98623090748354
27 14 16 14 33855 0.9082449409670119
22 11 10 28 83280 1.0613726072424663
27 16 1 22 90273 1.059215113403714
15 1 15 17 65480 1.080210162181145
27 5 25 24 79479 1.0147420546363999
29 18 2 10 97491 1.0508206556759982
7 28 9 6 81909 1.0068643710078455
16 18 3 25 53389 0.9973981428597083
6 18 2 9 37155 1.0457180631283565
4 20 18 23 47634 0.9703049113310269
16 26 6 27 32783 1.0953905449428691
16 15 22 3 53735 0.9317436320912695
16 5 19 17 42092 1.0603618792091907
14 28 26 5 105642 1.0077121329081555
21 21 23 8 51177 1.0031813029953498
25 25 24 7 68842 0.9486220366019706
12 1 13 22 85184 0.9693423675427112
3 19 20 20 52911 0.955283486349015
10 0 19 7 51726 0.9478415092241474
5 22 23 22 62521 0.9868060270298052
16 9 14 21 57035 1.0979730027014245
26 10 6 24 100352 0.9494309975629993
29 17 23 5 55063 0.9885750616064223
24 5 15 16 60292 1.0637724939430593
26 10 7 1 101591 0.9272316925877675
29 28 13 0 122301 1.058345486929312
7 18 27 7 94707 1.0082349584244827
28 14 4 7 114402 1.0429911654275803
23 16 2 5 96486 1.0395221324683
9 21 22 24 42203 0.9575896020700744
12 10 21 25 76212 1.0423691670347266
3 11 12 2 56008 1.0970020892240135
3 23 26 15 87314 0.964223501632919
18 3 15 11 35413 1.0228548712952839
10 4 25 19 94810 0.9582547477852994
28 17 25 25 32069 1.0799344533437067
28 19 13 29 73672 1.029503925686484
5 10 27 3 106497 0.9628986688492476
24 20 18 8 49527 1.0433175625095328
28 23 11 15 79533 1.00920606902205
9 9 5 28 76797 1.0484443524520697
22 19 17 29 48985 0.9015338733162428
3 6 14 4 44149 1.0148257387217103
19 2 19 27 79176 1.065631537129826
8 6 5 28 92784 0.9091772957382223
3 6 19 17 77606 0.9843166655635396
21 28 26 12 71248 0.9392672558046066
29 0 8 8 110162 1.066662411720623
22 27 11 27 43339 0.930172898960554
0 13 12 13 60043 1.0009130304574705
16 8 25 24 77713 0.9479027434298033
1 19 22 28 79687 0.9785530364585551
25 8 23 22 58565 0.9427932349707491
14 9 21 1 57772 1.0396229571789546
10 9 29 1 96714 1.0044307260834728
7 19 19 1 80051 0.9540489798265881
18 14 10 5 57170 1.0670524624644644
15 23 23 25 30929 0.9712688136521265
20 4 7 25 88335 0.9239631243634692
17 6 12 13 47106 1.0191546449850502
5 24 25 11 93525 1.0031047022213435
20 16 13 11 46971 0.9189513337805113
7 20 11 11 51995 0.9646748895314874
28 16 19 12 38625 0.9575550828802891
6 23 29 2 118662 1.0583595764132505
20 28 1 21 74177 0.9274884935605389
8 15 11 2 59540 0.9419351334277664
26 4 1 13 122786 1.0609064459158561
2 3 28 27 137932 1.0466395095967496
25 20 19 24 33457 0.9305936269731954
3 9 29 17 95410 1.0434534850518116
16 3 7 11 67672 1.0043194794043797
26 4 7 26 114589 0.9531506745918765
17 23 24 14 47301 0.983895440734762
18 9 4 21 70568 0.9164969619578914
8 5 9 23 70215 1.053609737384106
1 0 24 24 126734 0.9370101107895903
25 18 16 14 37880 0.9364329439687227
28 26 17 20 50515 1.0499123233022176
11 25 25 7 97381 1.0569468821496932
22 23 1 17 74579 1.0293976017095747
22 27 5 22 58333 0.9077322947104739
13 8 1 28 101516 1.0282637889853636
1 13 24 7 109274 0.9589031770838327
2 23 24 6 106004 0.9782485822298135
18 4 19 25 59766 1.0404262368463033
2 13 18 28 87767 1.0828043142023767
19 8 16 26 66977 0.9523346122413386
3 0 0 8 32606 1.007138135404992
29 10 20 11 58826 0.9271833514241199
23 16 10 22 49613 1.0873274963953379
24 14 0 12 90891 1.0457998128452692
28 20 5 0 132874 1.041952277620599
28 17 24 1 65986 0.9337191242281098
2 29 9 21 40908 1.0390655237602042
10 9 24 4 72081 0.9774737757700054
3 19 24 24 75241 0.9561523539626647
3 8 29 29 128606 0.9393062786701357
25 6 10 22 88001 1.0687071538278983
3 21 18 13 61342 0.9636096489026101
29 13 14 1 86537 0.9456638527202482
19 12 3 26 81969 1.0092726674463497
23 26 3 1 122182 0.9925775898593238
