6452 4408 5909 5824 3638 5567 6859 6874 5106 5853 5294 3536 4307 3572 6512 5493 4374 3572 5733 4760 5939 4196 4086 3751 4084 3759 4020 3920 4138
5229 7202 6913 6763 6639 5647 7279 4953 6849 7991 8038 5255 5308 7129 8044 5063 6441 5457 7979 6816 6117 5466 5167 7026 7045 7038 5416 5732 7000
2363 2361 3150 3756 3657 2986 1603 4791 3644 4875 2805 2690 4302 3380 3142 2403 4725 2672 3080 2890 3608 2820 2283 2067 2648 4027 4423 2468 4668
6496 4244 5066 5243 4722 5475 4347 5143 6614 4034 5238 5444 6595 5477 4480 6166 5609 4673 6942 4684 3889 4579 4909 6127 6477 4826 5264 5924 3767
6477 4478 4844 6436 4735 4426 5505 4283 5950 4819 3608 3293 5267 3455 5268 3910 5873 5839 5793 6453 4077 5584 4507 5450 5800 4987 3934 3772 6185
4568 1993 1574 3436 3774 3513 3450 2598 2042 4419 4691 3735 3885 3422 4488 1786 2609 2709 2088 2933 2567 1833 3367 2846 3551 3652 4543 4382 4149
6124 5752 6576 4776 7278 4692 5133 5100 5264 5509 4679 5468 4478 4473 4289 6588 7088 7069 4984 7456 5606 4325 6858 6960 7348 5896 4692 4922 6346
7493 7301 7781 6885 7186 7308 5272 5935 6541 7523 8198 6522 7790 6715 5643 5951 6571 5313 7845 7972 7837 8161 7476 5806 5742 6374 8206 7776 7989
2534 3680 3449 3043 5169 3976 3096 3375 4989 3922 4580 2428 2440 2789 2559 4588 3832 3512 4237 2697 3539 2664 2513 3034 3445 5264 3371 5047 4981
4590 3087 5367 2312 2355 3074 2990 2342 5383 3234 3464 3765 4285 3036 4259 5076 3047 3055 2744 4207 3961 3075 3226 3778 4288 2854 4829 3350 3292
3549 2714 2147 2759 4315 4375 4588 2960 2530 1427 4133 1592 4231 1941 1427 1404 1481 3671 2048 1507 3740 3352 2083 4318 1752 1507 4258 4115 3559
8308 6802 7278 6200 7224 6620 6190 6013 6794 7129 7134 8142 7486 7460 8000 8240 5804 8655 5597 5544 7133 8650 6432 8759 6738 6334 8472 6384 8597
4944 5834 6065 4254 5699 4904 4737 5007 6934 5363 5036 7152 4235 5595 6911 6195 4533 6377 6969 6259 5401 6802 4036 5092 5587 3998 5306 6404 4148
4456 3375 5035 3798 2924 3758 4641 2410 3268 5550 3940 5020 2994 4733 3568 5261 4920 4779 4392 2964 2435 4141 2812 4092 3644 2921 3299 2831 5500
2760 3977 2254 3149 3004 2266 2769 2386 4629 2800 3978 3863 4493 2208 4245 5315 5290 5265 4550 3999 4314 5203 5373 4616 5303 2893 4490 3155 2845
3078 5061 3900 2321 3537 4116 4201 4130 2459 4800 4707 4587 2727 2458 3964 5199 2681 2935 4499 3160 4410 4796 5250 3644 2437 3217 3760 5566 2339
2366 4723 4685 2216 1865 3005 3812 3761 3702 2481 2218 2741 4301 3285 1975 1896 1894 4681 2066 2977 4442 2195 4354 2979 4852 2113 1883 2189 2088
4874 5210 2886 3483 4024 3746 5215 2649 5125 4904 4558 3858 3346 5405 2816 2429 3909 4993 2923 4110 4792 2583 4985 3721 2788 2818 4378 4737 5064
6593 4448 6957 4520 5305 6125 6097 6458 5109 7032 4183 5552 5533 4773 4816 4488 5124 5485 5520 5505 5470 6060 5587 5623 6025 4809 5937 6121 5188
7509 7895 5979 7304 7636 6358 5463 8002 8080 6492 6385 8221 6078 5873 6789 6442 7066 6942 7894 5734 6452 7664 8113 6420 5905 7964 7390 7492 7379
4659 5468 6551 5286 6992 6102 6497 5168 6632 6702 5196 5701 4588 5446 6411 6153 6615 6963 6723 5495 5999 5493 4730 6646 6263 7489 4436 4987 5733
5280 5190 4211 5832 4368 5857 6363 5161 4879 5577 5555 6681 5917 4818 5144 3969 4525 4123 5234 4495 6509 3752 5133 3918 5992 5013 4652 4005 4906
7215 6242 5752 4980 6402 5369 7291 5930 6654 4818 5078 6972 6727 4668 5448 4176 4422 5928 5385 4756 6364 5784 6848 6955 4994 5944 6138 6646 5687
5675 4669 4207 7157 6172 6882 5166 5119 5705 5457 7216 4635 7181 4131 7083 4754 5337 6069 7057 6345 6532 6794 6108 6343 4887 4703 6393 5473 6101
1874 2199 3291 3634 3048 4002 4418 3385 4391 2859 2217 3290 4204 3018 4780 3576 3398 5196 1880 4645 2945 4871 3804 5115 4766 1927 4568 4611 3714
5735 4410 4406 5370 5009 3607 4946 4926 3418 4224 3549 4731 2793 4609 4013 3293 5151 3885 3306 4879 5417 4204 5177 5940 5035 2872 3189 4748 5518
3016 2413 3881 1961 3190 3058 2919 2016 1641 3358 1867 3743 2365 3109 2213 1748 1928 2124 1919 3189 2802 3162 2827 1528 3313 2955 3835 1579 1585
4785 6185 4569 4938 4958 5871 3829 6355 6526 3950 6310 6159 4820 3916 4897 4386 4162 3256 3312 5699 4518 3598 6149 3788 6349 4646 5611 3584 4099
3649 4224 5963 3165 3911 3552 5893 3571 6220 3593 6124 6102 6149 4105 5782 6059 4970 4846 3487 5806 4292 5004 4645 3523 4157 5775 5392 3228 5019
5311 3642 2788 2954 5163 5642 4567 3303 3642 3675 5593 6107 4454 5652 4490 4647 4959 4286 4503 5079 4935 3430 4025 5904 4136 3758 4385 3724 2883
2108 6329 2656 7171 3503 4071 7923 2800 4660 7214 2294 3999 4951 4775 4901 6036 5861 4433 6216 4952 3098 6426 6221 4785 1828 6732 4573 6124 8087 2107
2524 4453 2608 5879 3463 2765 7820 1575 3724 7128 3117 4000 6383 4425 3268 8475 3152 4305 5320 5973 3714 4599 7100 7497 4061 7494 2380 6386 7442 3822
2961 5221 5072 7662 3592 1743 5688 2440 2295 7406 1423 2334 4918 4201 3690 8385 4580 5086 5337 5918 4528 4278 6899 6591 1096 5200 4541 5479 5368 2273
2728 5338 4076 6006 4494 2256 8278 1807 4243 8286 3577 2695 4601 3816 4777 6702 5706 5985 5826 8263 5211 3990 7005 6870 4378 6090 2613 6417 7988 2019
2258 5698 4311 5872 3807 4146 8265 2376 5421 8448 3844 4003 5356 3793 4056 6002 3787 4139 5455 7946 2988 3596 4463 7255 2666 7373 2948 5467 5660 1292
3616 5528 4400 6381 6069 4136 6551 2874 2992 7674 1388 1902 4032 2961 4492 8059 4701 3499 5956 5718 5975 5740 5032 7757 3217 7959 1913 7516 7076 2973
1578 3814 5224 6001 5220 4018 5485 3296 4566 7620 2122 1904 5996 3353 5700 6787 5509 3346 5721 5037 5362 4761 7505 6534 1041 6384 1997 5550 7219 2140
3600 3877 2169 4945 3830 3451 7309 4432 4555 6333 2832 3765 5004 5319 5315 5543 5690 4193 4695 5316 3261 3687 7047 5888 1343 7011 1938 8590 6920 1335
4638 4048 4939 5320 4040 3854 6913 4014 5387 6248 2204 1730 5927 3083 3347 8309 2781 5643 4678 6310 3446 3912 4529 5779 1748 5250 2400 7813 7608 1218
2694 3104 4520 4871 5355 4230 5511 4219 5349 6546 4037 3425 4937 5796 5929 8119 6088 4868 4576 7435 6018 6636 6167 7413 2248 6866 2737 7472 8009 3534
3121 5373 2826 7776 6295 2142 5330 1791 4948 5766 3043 3047 6677 3270 5449 6535 4228 5950 5398 6887 5081 6691 5768 5695 4093 5908 3679 7207 8068 3712
3429 4474 2549 6218 4949 3303 7270 3587 3780 8140 3011 2236 6714 2562 4404 5291 3898 4497 3840 6890 4211 4066 4847 5851 2934 6210 4609 5893 5258 3230
3184 5825 4017 5981 2951 2247 5365 2844 2931 7585 2895 4180 5804 3042 5195 6718 5316 4575 4001 7588 2812 4573 5046 7535 1808 4870 1855 7985 6649 2140
4545 5135 3931 4756 3270 2673 8653 1262 3204 5431 1393 2823 5003 5606 3052 8259 4644 4434 3716 7159 4741 5242 4556 4913 4193 5155 2249 5551 6901 3356
2111 4902 5061 5441 4770 3738 5496 3709 2450 7151 3730 3704 6510 5107 3112 7171 4294 4955 4344 7448 3991 6067 7362 5781 2328 5632 4372 6767 7036 3571
1698 5607 3578 6309 3475 3561 7612 2211 5178 7722 4399 1072 6917 5262 5780 8206 4857 4419 5816 6108 3675 6800 5867 7655 4292 7921 3109 7708 7260 2659
3948 6071 3366 6859 3611 2810 5980 2534 4674 7492 3181 4205 4017 3904 4628 5958 5047 3430 6257 5107 5757 5024 5993 4740 1125 8107 3869 6029 4892 2060
3721 5222 3388 5427 5089 4863 6135 4175 4425 7958 2330 1479 5926 5384 3138 5274 3552 5765 5910 6280 5455 5266 6757 5717 1293 6216 1432 6755 5471 2945
2551 4997 2234 5079 4982 4972 6710 3965 3082 7668 2778 1714 5937 3020 3121 5969 4904 5418 6447 8221 4454 6635 5285 5644 3121 6111 3702 5512 7564 2243
3992 4323 4295 5991 4028 3951 8106 2939 2499 8522 3755 4355 6929 5162 3220 6925 4026 4109 3657 5094 5865 6825 5595 5841 2873 6019 1788 7359 5550 1021
2959 3971 2190 7324 3161 3520 8400 3268 2277 8539 3009 1937 6260 4362 5167 7711 4178 4923 4257 6091 4515 3925 4710 5277 2326 6858 1704 7688 6377 3872
4215 4478 3611 5888 3578 2402 5829 2451 2797 8411 3398 3815 6646 2623 3945 7206 5443 3118 6104 6441 5061 5041 6074 5229 3954 6261 3842 7821 6719 4227
4504 4731 2309 6077 5046 1818 5560 1151 2646 6823 1481 1488 4089 4338 5202 6168 5761 4367 4036 5732 3364 4656 5398 5090 2606 4971 3431 7607 6579 2140
1884 5194 4394 5510 3141 2749 6697 1397 4237 5667 2749 1740 6755 3879 3564 8259 5308 3700 6903 6410 5254 5273 7483 7517 2285 5667 3734 6846 4943 1070
1460 5347 2189 7522 3377 4924 8482 4325 4007 7122 3562 3521 4229 5269 4346 7561 3819 4894 5878 7339 5237 3611 7053 5870 4340 4763 1987 8434 5536 1449
1871 4355 4281 7627 3382 3551 6129 4045 4663 6299 2354 3300 6919 4982 3712 6241 3942 3465 6323 6157 4527 4207 4395 7380 3500 6806 2256 8150 7347 4365
1957 5537 4841 7637 3124 4144 6083 2760 4397 7407 2430 2283 5062 4612 5165 8148 5745 4437 5011 7107 3356 6387 7651 6903 1578 5645 4025 5771 4935 2413
2378 6255 4701 7505 3851 2732 8288 4173 3117 6858 2942 3732 5616 2567 2933 8169 5354 5665 3693 7004 4604 6637 4584 5602 1378 6639 3835 7727 6851 4166
1612 4881 4143 5401 5149 4481 6977 2498 5132 7325 1610 2121 6257 2582 4303 7527 3820 4016 6693 7295 3786 4455 7368 6897 2339 5062 2565 6562 6371 4319
7 16 9 29 52079 1.0663679799620014
19 7 24 29 80196 1.0999878420930422
27 25 5 8 106278 0.9542790835493385
19 19 28 3 82770 0.9088660099734476
18 8 24 21 63937 0.9221284972323126
6 29 15 25 38744 0.9421260486291858
8 22 0 12 63423 0.9683929158194495
17 2 8 18 69390 1.0227909302811673
20 5 25 26 75004 0.9375421704614848
8 20 4 1 72501 1.049857996856022
5 3 3 14 47476 1.003300136277152
16 16 17 27 36697 1.034330920097654
24 0 29 21 71670 1.0219195487927173
16 1 12 26 90676 1.0365603712760993
24 14 9 29 92359 0.9545005533694542
3 25 14 3 87635 0.9063128149007373
16 26 6 26 28945 1.0475436216529932
27 11 4 13 71038 0.9177597080182339
12 2 23 26 101680 0.9665904935763879
6 8 9 17 40939 1.0468178043353298
0 7 22 11 69241 1.0750417470462423
6 15 13 21 48471 1.0701685575702946
27 17 20 0 65756 0.9358743240713512
20 23 13 20 39351 1.0160242504942376
8 24 21 6 86489 0.9461313010836626
27 0 13 19 94035 0.966675627852465
16 22 7 26 37315 1.041050213767519
18 2 24 9 45202 0.9605709533691013
28 6 11 24 97343 1.0221892955674685
20 24 0 7 96347 0.9438354139788293
9 12 3 16 38190 1.0559672713104877
26 23 24 7 48381 1.0346023337701808
20 14 27 26 59669 1.018111349784225
2 25 10 9 58740 1.0790935907643238
25 25 24 10 48975 0.9133938065160214
19 29 14 4 86072 1.0296912841869257
20 10 1 16 72151 0.9150862777852969
17 1 19 29 96193 1.0065328723411497
24 8 8 2 63702 1.0329754477533115
18 4 25 21 76189 0.953649123239763
6 28 17 26 42428 0.9039708112657789
28 24 0 20 85354 1.037625889717026
29 6 3 9 90607 1.0810892713926616
9 25 10 12 37739 0.9021804983651375
1 25 25 19 93961 0.9317407033137782
20 23 10 15 58310 1.0503003734531138
27 5 1 3 98494 0.9752258215212561
25 6 2 13 84696 0.9771523944469709
21 28 7 27 56306 1.0240391054493843
16 11 4 6 48619 0.9054909869287168
1 21 10 1 89108 0.9575073912459604
17 23 11 11 55562 0.9549957469726734
13 0 6 3 37249 0.9852818839723501
6 2 0 19 78174 0.9048396515661212
17 21 9 10 58415 1.0423629982508742
9 18 20 28 64348 1.0433247951096978
8 6 26 14 74113 0.9749293242792498
27 15 14 25 68721 0.9021033537979029
2 27 25 8 112780 1.0759801670190103
20 9 15 0 46191 1.0408877533328416
20 27 13 19 45346 0.978822762257239
0 22 20 23 66169 0.9494242749562556
2 12 6 0 49322 1.0806975400794685
27 18 16 13 56352 0.912273383490169
27 22 17 19 58004 1.0990556098758555
4 12 23 4 82138 0.934519698894552
16 18 6 15 57492 0.9483629846608885
11 2 3 0 29006 1.0335938412228944
29 5 6 12 86569 1.0998299456473664
18 5 29 2 47085 1.0484763805752753
2 4 1 15 46045 1.0164821565517774
10 29 4 15 53437 1.06971883652218
25 26 25 10 45402 1.017989129052381
28 21 2 18 97684 0.9348341187050611
0 11 20 11 58572 1.0985801065100333
21 6 0 8 75294 0.9306395943596049
29 21 13 28 68527 1.0217688483670941
13 12 29 10 48467 1.0071929750162236
15 13 4 15 52615 1.0200400225427124
22 2 0 16 105460 0.9459907581812422
1 13 20 26 88533 0.9360340190111487
22 5 7 29 108201 0.9046111068063559
8 2 25 29 117334 0.9529895300665466
27 20 7 15 91224 1.0201573339689813
26 27 14 24 40974 1.0800810128570946
17 12 12 27 63722 1.0227617553538324
7 15 27 9 73222 1.0882146224118736
6 0 10 10 41479 0.9953281342280851
25 5 0 18 114187 1.0312984761104387
11 9 3 0 54420 1.013003743100144
22 20 20 12 46319 1.081007482727603
25 28 14 18 65373 0.923558728732674
12 20 10 29 37976 1.064009979594069
25 26 6 26 54434 0.9825578234265195
18 16 1 11 65617 0.9686014007340453
27 27 9 21 72100 0.9179426662108853
3 23 25 15 96553 0.9680975260785701
23 7 12 4 39986 1.0904728781951776
11 14 22 29 76140 1.0486333523379383
27 20 26 5 40553 0.9510171707020518
18 27 0 28 61833 1.0461376118431491
16 13 17 22 30823 1.0277271191106556
20 10 0 21 95117 0.9687577644397559
10 26 28 29 58004 0.9635736240862552
11 23 0 14 65609 0.9042755158032019
10 0 28 25 115706 1.0409536535217274
4 28 26 9 106979 1.0833959674249962
19 15 29 22 66058 0.9775755307434641
10 14 16 10 27044 0.9740952307450129
8 24 24 2 103518 0.987943953051638
23 2 27 10 35318 1.0625228967371676
23 25 29 2 83584 1.0457382024499455
6 20 16 8 62852 1.0289912222739699
25 6 10 8 49515 1.0999052959971407
19 7 9 5 36224 0.9823487249603894
2 21 24 29 73777 1.0206959529338768
5 0 17 7 54269 1.0573488367820054
11 15 4 20 41687 0.9744915156823696
25 3 29 10 31916 0.9679766590056027
11 28 25 1 123107 0.9208713366336877
27 7 2 18 100775 0.9842092216093317
10 12 27 13 56928 0.9447537620129098
1 20 10 11 54756 0.9202744952626732
12 12 26 20 68315 0.943086311406341
24 1 12 20 95073 0.9779725433457357
15 7 14 28 76122 0.9192909512051864
26 17 10 13 65545 1.0591857700253078
9 27 20 14 74039 0.997787418004682
25 17 15 10 51904 1.0633064666214789
28 17 15 13 61148 0.9678388935422897
8 8 18 16 56586 1.096686203880421
15 20 0 6 82489 1.0936157193575804
0 4 17 24 99748 0.9065421701113151
0 11 27 11 76656 0.9557916035730027
15 18 10 25 39483 1.0657560822971672
13 3 26 12 63225 1.094867794540839
11 21 2 26 40790 0.949519846378053
11 28 23 25 51763 0.9129187274150389
2 22 16 11 71944 0.9498426756265153
17 24 28 19 50383 1.0931089782754146
17 11 7 23 64637 1.0070406433975718
12 12 25 6 61279 1.0367161340269635
25 14 22 5 40697 0.9228882583065546
21 23 13 28 37353 0.9091633992300084
29 13 23 2 50624 0.9888987914769628
7 16 9 24 33466 1.0730381093517356
11 4 9 28 76349 0.9405689197787852
25 1 15 16 76574 1.0369988162801769
2 20 18 9 82865 1.0141285799423598
25 3 2 17 109290 1.0393932332312952
24 28 26 11 52347 0.9117827692447277
16 20 20 3 69656 1.018761778673201
19 14 16 7 33376 1.0472005392651593
23 28 23 16 57181 0.9261872278697674
3 29 21 21 69845 1.0916277982632288
2 1 10 22 75024 0.9514109121057439
25 16 5 8 81037 0.9454196224887745
1 25 4 8 68066 0.9228571771324201
9 13 4 5 39041 0.9997093664970054
15 23 4 3 96027 1.0003057054729279
22 22 12 12 79276 0.9978763088341047
12 9 2 4 47928 1.0992862748248458
2 18 25 24 78056 0.9778762103962084
21 2 9 5 45846 0.9560886649828331
26 20 18 10 47291 1.0384385748377452
14 23 4 16 51980 0.962510349371777
15 6 4 11 44346 0.9098328834369123
14 3 23 21 92000 0.9576291741145662
26 27 28 3 70949 1.0288939635097787
25 14 6 10 65882 1.0552980570769304
23 6 8 25 92339 0.9111446028973968
1 15 18 13 75992 0.9603508551494062
7 4 3 21 73584 0.9390981851883249
16 15 3 6 61570 0.9127219813548443
18 27 16 13 46844 0.9783572392247577
29 1 17 22 103515 1.0088842649513365
9 27 13 7 62892 1.0389964884207816
17 22 7 12 66362 1.022488480942586
23 18 9 0 104220 0.9830925413596457
13 0 15 19 70543 1.0781484334821538
27 1 4 28 133595 0.9485504277814705
4 25 23 5 108062 0.9610905431233933
6 13 2 2 46106 0.9086486829836347
16 26 10 18 40180 0.9954398219278289
21 26 1 6 107771 0.966406310732811
4 15 14 8 54709 0.9015213116718191
10 1 7 8 32407 0.9963183128511025
7 3 14 23 81423 0.9265081153634188
21 27 4 13 83695 0.9713746401835295
2 0 19 24 108975 1.0375393464349774
2 5 18 7 52160 1.07658573736392
2 13 8 28 62679 1.0424549745313003
29 26 18 13 71089 0.957006646099121
18 7 3 22 88219 0.999994492731498
3 5 3 22 64196 0.91049846693626
16 14 21 27 49468 1.028661874749166
5 8 19 25 85783 1.0027825116117763
9 15 23 27 80394 1.063436574806911
15 3 11 27 82684 1.0620104861137618
9 22 17 6 66559 0.9269439490043379
26 28 7 12 98876 0.9643943763344208
5 29 22 21 71575 0.9023533205227205
10 20 28 21 76692 1.0478034150092068
1 20 15 29 61941 1.0685106777995923
6 13 15 20 51866 0.9087425119096717
5 14 24 10 63780 1.0365135468773699
0 6 2 15 40863 0.9809371457854987
27 20 28 7 41509 1.0034872222026154
14 21 5 15 51535 0.9957653704456164
20 28 11 14 73204 1.0794311726407178
17 26 13 13 52867 1.078983783469745
4 26 16 19 53787 1.032641213192372
17 27 24 1 99739 1.015724175556862
13 3 26 15 70912 1.0813316887011772
8 29 28 22 73203 1.0412269390858317
5 9 13 18 48840 0.9029286444272846
26 14 3 7 81692 0.9273362641190973
6 20 29 25 80871 1.0269542412968171
16 6 3 8 47377 0.9361250077229535
14 1 0 15 83105 0.9703187206434735
8 17 9 7 34789 1.0736760032818775
26 7 2 9 78873 1.0150209041978968
26 9 0 4 89832 1.0846940421496425
26 12 7 0 89416 1.0881613338324134
29 25 11 22 63450 0.9250857881232126
3 15 18 21 82276 0.9118012189273335
25 14 16 3 58651 1.0775652416980623
8 21 6 9 47664 0.9988518951008829
23 16 26 8 33113 0.9055937329704449
1 24 6 10 56548 1.0731010010835687
29 23 28 9 54688 1.0429363562764573
6 7 3 0 30168 1.0854148210249976
26 25 19 28 34882 0.9122895544521322
5 5 7 16 47438 1.045081201548872
18 15 3 20 78946 1.0544481522681104
5 23 24 25 56440 1.0051894097245069
15 18 28 4 75330 1.027837331084954
9 10 3 15 36890 1.056497620906146
13 20 8 26 30711 1.0003348247958341
2 13 24 4 86893 1.0894661863549133
25 27 21 14 55922 0.9171172258567561
14 4 20 28 88775 1.0795837046876602
20 29 3 18 74073 0.9456645784603012
21 3 14 8 42883 0.9218878951945924
6 3 14 0 41794 0.9636106711688772
29 13 5 5 91124 1.0312934450890268
16 16 11 10 30251 1.009548545416328
14 28 18 21 39643 0.9747407273305083
22 10 3 19 90995 1.060226830120438
8 28 8 1 87509 0.9158481976970154
10 15 28 15 76904 1.069588351478851
3 19 21 14 92740 1.0795936991354105
12 12 22 23 73298 0.9308616870973041
25 15 19 1 69598 0.9665183828071616
25 16 13 8 61589 1.0433028993631832
26 17 15 10 48439 1.0598590786786102
28 24 22 1 78098 0.9388279374349534
24 27 17 13 67492 1.0366951246920961
1 22 15 23 48187 1.0148656223764947
3 26 7 6 76224 1.0398900668839952
10 14 20 3 65493 1.0668646270868487
11 23 24 10 74184 0.9263384940349803
11 16 24 11 52618 1.0571650763318086
22 18 29 25 45175 0.964052801701052
5 23 18 9 77061 1.027884473176613
12 3 5 17 68005 0.9460622668068189
11 11 22 2 60557 0.9262151957892354
28 15 15 12 56310 1.0224006013954519
10 6 10 24 48433 0.9848184670584182
18 2 1 27 113038 1.0436910126798737
7 19 20 1 94328 1.003715699985307
17 11 13 17 33966 1.0787114282595713
21 18 16 27 48627 1.0280638145402534
1 16 13 1 80450 1.0593663468750107
19 28 1 5 115185 1.0425113684914036
22 11 7 0 76000 1.0793575875108485
0 4 0 16 56108 1.0539142647911979
18 17 7 8 63631 1.072047798061762
26 2 17 29 93147 0.9968055558113873
17 29 16 1 87439 0.9606324191365234
5 3 18 12 66147 1.001682246650466
23 6 12 19 80287 0.92879336931131
5 0 26 20 112938 1.021727809456818
7 3 15 14 59379 0.98612860651067
29 28 18 4 100797 0.921326628991647
20 5 8 9 55011 0.9032330498752047
16 25 4 25 40906 1.032789815167404
13 29 21 21 46252 1.0740525318454774
0 25 27 2 133298 1.0265097936000054
4 13 22 11 58706 0.9145534670692098
17 20 10 5 64822 0.9293797834369277
12 5 22 26 86814 1.0472614083628593
0 27 11 2 100174 1.021279537382772
7 4 22 24 98693 1.0325602241468552
10 26 20 18 63160 1.0644089051124763
21 4 7 16 80758 0.9711559631223625
27 27 27 16 41098 0.9093138419820086
8 11 29 6 72096 0.9659898461388203
23 22 19 8 72922 0.9564801679294391
27 22 11 1 109603 0.9057476715314973
12 1 8 16 59907 1.011535722799107
16 26 13 9 62448 0.9961882096023635
28 27 12 23 61484 0.9537078847114069
1 6 0 29 89194 0.9965017583164587
10 6 3 15 52432 1.0809113001151573
23 24 13 4 85590 0.9219087266125031
17 0 27 4 41552 0.9038440412272285
6 0 13 6 38249 1.0748889264089703
13 26 29 20 65808 0.9260051569196761
11 10 23 6 48683 1.0716370648345124
3 0 8 7 37896 1.0918830702074025
15 3 22 22 92289 0.9092550970268636
20 26 27 18 43660 1.0820968529589188
13 5 27 22 86570 0.974930614529743
12 28 27 3 113301 0.9540209438774665
8 2 8 15 45320 0.9738070737304967
10 12 25 4 64771 0.9454384656393833
21 8 25 19 50019 0.9074901837730799
6 6 15 15 59771 0.9774740511997934
12 28 8 0 96486 0.9937717618408799
24 13 29 27 52090 1.09864248953373
12 13 16 26 55936 0.9294263033665405
7 26 20 18 70235 0.9161470396226258
13 18 25 23 61512 1.0406217269901539
8 9 28 6 75077 1.011917642355518
21 9 11 12 45005 1.0053020545882108
25 25 17 17 55940 0.9490172387378167
20 7 7 24 78201 1.0329809221148802
25 4 21 20 67212 1.032799887098689
2 1 4 24 78820 1.0837722801546332
0 17 19 12 83743 1.058891864828869
1 27 14 6 88240 1.0087377581038055
9 19 27 16 86282 0.9324588698531339
16 4 9 1 32632 0.9925128474938991
9 20 22 23 55821 0.950088336552142
4 0 20 25 116178 1.0653805714884335
1 26 16 12 79324 1.0959376717738603
27 24 2 8 110831 0.9682784909940395
27 3 5 3 86455 0.9476783924702558
15 29 4 3 107046 1.0846186403420004
5 21 14 3 74613 1.020754324252378
19 6 25 19 59227 0.9521713341128524
7 19 24 21 76780 1.0188475119161653
26 22 0 9 107643 1.0461742017800992
17 3 24 10 46449 0.9311888028754142
8 11 9 24 40198 1.0374476553856578
7 21 18 24 37960 0.9237060615262408
24 14 23 3 43976 0.963957934461648
2 20 21 9 90952 0.9853323785777021
6 23 22 18 78075 1.0361378904616003
6 16 24 20 91216 1.0773009001200076
0 3 15 26 104822 0.9493169339959171
28 11 5 13 70977 0.9617617576116537
28 28 8 27 70438 1.0833610865659236
16 4 6 9 47304 0.9672802885833885
17 0 6 2 42975 0.968734881630152
16 25 16 2 72383 1.0644031970986214
15 9 12 26 67347 1.064307252662691
29 14 17 2 74303 1.038688705538624
23 7 25 20 45514 0.9527796585435778
14 18 10 25 35139 0.902211657942877
10 16 12 7 27023 1.0766323208032393
21 6 6 0 70436 0.9506626878722227
26 10 3 8 75776 0.9039991172760059
0 2 9 9 47878 0.9693053699287416
14 2 25 22 91191 1.0003358762679249
27 23 20 10 56443 0.9799066284064701
1 26 0 6 76466 1.002097411608408
19 2 8 29 101815 1.0750349205435044
9 29 9 11 53687 1.0754697771240702
29 5 8 10 76146 0.928741319615628
26 8 2 4 81374 1.0333374609540915
7 21 1 3 78977 1.09727621779397
1 4 15 16 75801 1.0750621320222702
13 24 12 14 43719 1.082408530528092
8 25 6 2 81211 1.0612046136760602
19 9 29 14 50188 0.9222217148440549
8 6 3 24 71727 1.0240297195130563
14 19 29 27 70632 0.9910148148926127
4 22 6 14 29968 0.9084264946330722
20 29 14 21 40712 0.942669876975831
19 25 15 17 39208 0.9865857097132842
0 17 28 22 104090 0.9856806521329019
4 28 26 15 93196 1.0890644724782972
4 5 22 18 100630 1.0900306802101163
14 9 8 5 30499 0.9664732476962357
14 23 14 13 45445 1.0188936325505558
4 19 20 7 85404 1.0941377976732576
0 13 15 12 58177 1.0169863023871306
29 19 18 14 59776 0.9688137998264901
17 28 29 0 107183 1.011108870702371
16 12 11 2 44554 0.9348242545080376
22 6 13 27 98437 1.0275685509190868
17 22 29 0 99225 1.0243681029370504
28 25 6 2 123900 0.9989518288169199
10 9 25 0 66700 0.9314857868133548
28 8 26 20 36718 1.068242360209403
2 28 24 26 69782 0.9852191657660485
14 25 1 16 62668 0.9345891591829562
10 6 21 28 92095 0.9161461599735569
28 27 0 0 150360 1.0346640949618133
1 23 15 2 99133 0.9890207093610255
11 28 12 10 62682 0.9134967527120544
28 21 19 3 83699 1.0891594612882516
7 28 18 25 49014 0.9224322946133301
29 3 17 3 48250 0.9812415582175565
19 19 10 1 87148 0.9992739067663976
4 20 9 0 78142 0.9634300823451498
29 0 1 18 128811 1.019435724846573
6 16 17 2 75376 1.0360524776758393
12 12 29 12 60220 1.0168522698825484
16 12 26 25 66265 0.968646752761993
6 9 27 13 74074 0.9675755724263375
23 13 1 23 107284 1.0709476553099213
16 29 12 15 62362 1.078778456392574
9 23 21 5 88566 0.9365925458928452
5 1 9 13 45672 0.9451339313382836
7 6 5 15 40722 1.0673669947545061
28 28 19 11 74321 0.9387843615912866
8 6 9 17 39323 1.080550625264906
2 24 25 1 123858 0.964765477086725
8 23 6 7 60653 1.0768931041834195
19 13 29 22 64672 0.9579266467489052
24 12 12 14 46226 1.0839844146500994
20 25 16 0 89295 1.0669365525642993
20 13 4 24 80923 1.0912322039033757
20 9 0 24 94447 1.0520903523267726
26 25 17 19 49802 0.9661854569168817
6 15 2 26 45612 1.074311408933561
4 18 7 4 63865 0.9220580066574934
27 17 5 22 84869 1.0588284782447008
14 11 29 10 40624 1.0303738115297227
1 6 14 25 90400 0.9949918838266968
16 5 22 27 84102 1.0356800804925923
1 11 24 4 83901 1.0586515894990767
19 4 15 17 55037 1.0093414804773613
3 21 10 14 43744 0.9786936411042865
28 24 0 28 87134 1.0662228813520538
22 21 28 13 43958 1.048338841368359
27 16 3 17 106314 0.934128919094646
22 11 6 5 65124 0.9326008527468441
4 25 18 14 74936 0.9069251299363288
9 6 14 1 30053 1.0122840467828955
11 16 6 6 46967 1.0505592474804337
27 28 4 16 94852 0.999118886807094
6 7 27 9 72679 0.9821680387620291
22 2 8 22 95400 0.9374220104962707
20 21 14 16 48274 1.0620400448485003
23 3 5 14 90658 1.0093482290215592
25 26 4 10 99985 0.9774023867692614
23 16 8 4 87600 0.9504209162979065
22 20 1 24 76392 0.9312831667879607
28 26 19 9 74212 0.9955348325967657
19 22 1 11 92727 0.9076963444737031
5 19 16 6 67657 0.9358173053152368
22 2 24 18 65398 1.003940154840524
19 0 16 7 32892 1.020555283579105
6 1 19 7 58772 0.9509042380558677
25 11 5 25 87259 0.9673168899684681
24 25 17 9 74438 0.9560487215970712
11 12 4 22 55151 1.0339719129727398
19 15 26 11 41545 1.0639314404358673
6 7 3 28 78844 1.0103760318041033
11 24 19 20 42670 0.9911302619329235
11 5 28 15 81407 1.0732218451732265
15 20 13 6 53268 1.0257407836615187
14 8 22 17 58343 0.9237497376288121
7 14 1 26 54613 0.9968374417552144
9 8 2 11 28812 1.0641851977516144
25 18 0 19 108456 0.9606186376378365
3 6 3 24 64060 0.9960471929622734
25 7 14 28 93318 1.02582245704469
13 29 29 11 89038 1.0344360719937669
27 10 3 1 99518 1.0043810271872498
24 23 9 12 80486 1.0075563787031718
8 15 1 2 54580 1.0744118347099287
15 29 10 24 29712 1.0372602825103727
17 15 29 0 73486 1.0336768609037863
21 18 9 3 84823 1.009871438031055
1 6 18 7 56425 0.9583878760254153
3 26 20 9 90626 0.9213146294367028
4 14 4 4 43070 1.0456938887195597
13 14 5 7 43924 0.948585717741554
5 6 26 23 102871 0.9751525979719872
2 28 21 20 80935 1.0654800575139127
21 22 10 22 45838 0.9713438143887441
7 8 13 19 55937 0.9982498242867912
15 0 13 21 76665 1.0492769503224273
9 12 20 29 73701 1.0046246359167263
20 1 1 3 74785 1.0007759689327203
0 2 18 2 65992 1.034057741557497
1 5 22 14 88261 0.9088991940549995
0 27 9 26 29323 1.0470759488224002
24 13 10 17 57365 0.9742198567020715
20 4 16 28 89377 1.0621037541621183
2 23 7 14 46339 0.9253423008856446
4 21 20 4 98930 1.045175490732822
12 9 9 25 54881 0.9537965835339307
3 27 15 23 44069 0.9481257648869836
7 24 1 13 49893 1.0826527413805895
26 13 6 8 74726 1.0947231646912114
5 27 26 17 83409 1.0671041680469227
4 3 14 17 76071 1.0633300179448488
17 19 24 9 51283 1.0195820492922314
14 12 19 18 42138 1.0817438131227237
28 28 6 28 70231 1.0796986300964273
24 4 5 8 70185 1.0074674335873135
23 26 22 8 68818 1.0560265944903247
27 12 2 15 88330 0.9186944470199732
26 15 17 4 61013 0.9452037035825595
9 26 7 11 47711 1.0892240503445598
2 21 8 17 33199 0.9806573505508076
14 7 28 9 51920 1.0178335662777842
14 11 9 28 59256 1.0214371829765203
17 16 21 27 50644 1.0472266951227678
2 0 23 17 113936 1.0274937453439117
19 25 18 0 93733 0.9860492686779012
18 25 17 1 84263 0.9210844765521088
10 4 15 25 74916 0.9564537901037515
26 3 20 15 57402 1.0246486244813653
8 14 19 28 78226 0.9867761695116012
10 22 8 2 60614 1.0260575442618565
2 28 17 26 50149 1.0660798841776065
27 7 11 26 94506 1.0285078860275314
12 29 23 28 36335 1.0803064976277685
13 17 20 8 52981 1.0539214598177127
26 17 8 7 76906 0.9619038850289222
0 10 27 1 102368 0.9097155993477625
4 17 13 22 47818 0.9937077436401687
3 9 9 5 36620 0.9737512445611196
1 9 26 15 90615 0.9247386004002079
9 22 6 15 39788 0.923406721863729
28 23 2 15 97835 1.0000216176579777
24 28 21 1 98212 0.9299764758476137
15 14 22 18 44236 0.9577973154850656
11 26 23 4 102676 0.9317815415724376
0 21 17 18 79546 0.9064546089653578
9 28 27 2 119763 1.0939861875857904
20 12 26 24 54159 1.089404273580459
0 10 14 29 88626 1.077640811932934
17 25 17 0 82481 0.9775537903921341
1 26 24 19 87337 1.0168037984361324
7 23 6 1 85350 0.9341215296395937
21 26 4 0 116860 0.9863653587958351
20 21 4 23 62642 1.0240726765638286
29 24 21 7 60203 0.9683021524605555
1 3 29 28 146751 0.9610685388312822
29 9 17 20 69107 1.0269754673197817
2 5 19 20 93407 0.9126196834989755
4 12 14 13 40325 1.0822167568340566
18 12 3 24 77734 1.065769960220584
7 1 11 9 41983 0.986108078613045
25 5 13 28 100940 1.071033568253804
1 26 20 15 95644 1.0522199879344156
17 22 26 24 35004 0.9719635749232238
5 26 0 15 53368 0.9407307148943743
9 25 17 21 38598 0.9841507986001945
26 0 16 19 79019 0.9966389813305924
25 11 6 22 86394 0.9203066624057775
19 12 29 22 70750 0.9472689454209386
19 8 17 16 38739 0.9577990346333656
14 27 23 7 91239 1.0412812015909612
5 9 25 7 65084 0.9853041785914906
6 27 25 21 73655 1.01893130857667
6 7 27 24 103763 1.0937903442914243
20 7 22 16 50021 1.0974890679030556
23 3 18 29 100263 0.9455458300449671
5 23 29 13 95824 0.9997561691205888
3 20 13 27 45110 1.0014910813938462
22 21 27 26 35557 1.0575051555952193
25 6 0 23 117777 1.0330363442416253
10 15 26 15 65237 1.042866825017592
11 20 29 19 85744 0.952889594323984
21 9 7 18 69282 0.9681976845676901
0 25 13 10 73587 0.9083837606700736
11 21 28 15 92893 1.014404105778138
20 5 4 28 107157 0.9440942837025605
22 26 4 2 116194 0.9675141981396549
27 20 16 11 53248 0.9917738113365011
12 29 8 21 34340 1.0921549817384533
22 12 8 27 86101 1.0759758866270803
0 27 13 29 39853 0.9768191336963465
21 12 2 24 87965 0.9157124794579445
28 29 24 2 82864 1.092730798729999
15 15 26 20 62371 1.043838428601488
18 0 15 20 71994 0.9758840641370238
25 17 21 2 59246 0.9777719635807074
22 1 23 14 57445 0.9314330324842581
3 2 14 24 94451 0.9581712611019403
6 2 20 6 64872 1.0630695348951793
14 26 5 15 47986 1.072778011449165
26 19 0 24 84205 1.0957766312277515
28 17 29 0 60475 1.014106381462831
14 4 16 19 48752 0.9133764723050753
27 21 1 8 110532 1.0403117103476003
25 11 8 22 76285 1.0174423192571527
26 29 3 16 94726 0.9820134976154382
16 1 10 11 46357 1.0605997182692681
6 1 9 19 68334 0.9436605251855893
28 7 5 29 116999 0.9816609114217378
3 25 23 6 108016 0.9588268120668358
20 17 7 29 80296 0.9898406039431968
28 12 15 2 69627 1.0344677556995523
24 12 18 24 63558 1.0333438965449278
25 23 22 4 70869 0.965520044678402
25 22 7 7 98929 0.987904665226596
3 10 20 13 61142 1.0477340339699763
15 14 18 7 29715 1.0807031563107536
27 29 24 18 40485 1.0950331292279796
23 11 16 15 31156 0.9690187562257757
10 2 24 3 51040 0.9956204216334803
24 23 21 9 61029 1.0455535208993665
14 8 6 20 59293 0.9122254063799395
8 0 15 7 40730 0.9638393572282338
25 12 16 1 60720 1.0648949527579692
12 13 23 29 80604 1.016629407980703
14 4 4 9 45686 0.9612043011598265
5 18 16 20 53594 0.970504146697722
6 9 2 27 69094 0.9090727978550498
10 8 12 24 47912 1.0657279634113914
12 2 21 27 99059 0.9460345108700798
22 6 27 24 61326 1.0497092492218492
21 7 18 28 89050 1.0355135716829253
1 27 5 3 88802 0.9746805863848482
14 17 23 23 56360 1.0974123180513071
22 24 11 6 86166 0.9619916774301764
9 12 12 28 59397 1.0897837870701177
4 27 10 10 58054 0.9939905683124057
3 13 12 24 54881 0.9741793990951277
21 11 9 7 43922 0.9073325543693276
3 27 28 29 74841 1.0763004369787104
12 17 16 24 41003 0.9986869089121776
6 17 23 18 83607 0.9913600804679676
0 0 18 14 89962 1.0348816028487322
3 26 18 14 76678 0.9553774652234454
21 18 1 8 96626 0.9860746276190457
3 15 16 20 68878 0.9476708673286998
2 4 26 7 79358 0.9984516840820274
14 10 5 16 44460 0.9657405039616824
16 15 7 10 40471 0.9029659049177632
10 26 22 28 47744 1.0471581140836173
7 5 14 26 77084 1.07888704631698
13 0 7 17 72011 0.9903660682185665
29 9 6 29 110735 0.9857075713288503
4 10 23 15 77415 1.0530076299812356
6 16 19 14 60778 0.9234013166515196
24 22 4 18 78836 0.937077693358301
9 25 25 24 50107 0.9856890602265208
0 14 25 22 110284 1.0128019409377034
10 29 22 10 85717 1.0972356425947487
24 16 9 11 60088 1.0431640150451047
5 22 23 24 52756 0.9895666041257327
26 14 19 5 46991 0.9481386932121378
20 28 7 11 84439 1.0088595049502784
21 27 17 10 65194 0.9371773478372345
7 18 19 10 56941 0.9194964016269269
5 13 14 27 60386 1.0281917613095501
2 8 24 0 89999 1.0385118008126695
9 27 18 6 82880 0.9689801341898957
28 15 25 29 54269 0.9438744439104576
24 21 23 12 40397 1.0210547762261748
4 9 4 22 48948 1.0932164204046115
14 0 2 25 93893 0.9774692224399786
18 22 23 2 93473 0.9718271058606316
22 7 13 3 39682 1.0829202331356158
18 19 28 29 69443 1.0370567227532193
16 6 0 8 55862 1.0031274835799173
7 12 26 17 72309 1.0997420923443628
16 17 3 0 84124 0.9287939624913657
4 17 23 21 84965 0.9056647766704884
4 22 0 10 53766 1.0731557608545301
23 8 17 3 36843 1.0002452856264399
26 16 24 6 34848 1.0056974899596196
26 15 9 29 82088 0.9217768196373838
10 13 20 22 66408 1.0430711843426932
28 12 11 3 81224 1.0943959475010063
13 21 2 27 48649 1.0305546549283335
1 6 11 27 87490 0.9764872634484889
27 29 9 20 73385 0.9057772738247903
2 1 10 16 59225 1.0212706752364815
5 25 20 12 80459 1.0035014434039453
0 13 18 7 69005 0.9416271613929919
2 23 4 15 36274 1.0333410949755002
4 29 25 3 127769 0.9764167782093418
2 9 22 1 88657 1.01839531472685
9 0 17 3 34123 0.9966253369484362
25 14 12 13 54246 0.9583804695779998
9 17 24 16 71805 1.0132563750196477
18 3 7 23 90624 0.9216770898764018
13 20 0 0 87031 1.0277932654054465
16 3 8 0 37194 1.0020979440998092
2 16 16 29 71174 1.0512059203203519
9 26 7 5 67429 1.0498525387018662
14 14 1 28 81005 1.0100738276467944
1 11 12 19 57330 0.9179644020270664
12 28 15 20 41556 1.0537300904292757
6 14 27 0 98506 0.9087378868278325
9 11 20 23 70926 1.0251496145477994
8 14 5 3 41811 0.9522993397469425
13 7 22 18 67919 0.9856124171041245
2 7 15 22 80461 0.9925191434390599
18 27 23 19 56505 0.9831692750084091
14 21 24 28 55735 1.0364000626570162
23 8 27 1 37845 1.0022281877278898
10 18 19 23 48655 1.024312899372031
24 8 15 14 41044 0.9679221300045062
7 2 26 2 65847 1.0470086223402806
7 19 4 3 69272 0.9819341581158402
12 4 21 29 96509 0.9675503654807902
19 22 24 17 43693 1.0627238080618513
6 20 29 7 99763 1.033105251537322
0 19 27 1 134979 1.0593405962426756
3 2 27 28 141700 1.040601626248996
15 29 16 15 43268 1.0440055925580431
29 4 12 11 68951 1.0295858007635674
24 4 8 3 61465 1.0279023412246246
29 17 5 12 90301 1.0271255305119982
13 21 22 1 93257 0.9851480306377689
21 21 6 9 93046 1.0050409390073394
15 24 0 15 71118 0.9686793205663161
15 3 3 26 87765 1.0223313735509156
6 11 22 5 66153 1.09166219409934
6 12 27 28 108200 0.9253549893787439
15 22 25 19 59620 0.9915852157274998
28 1 27 18 59545 0.9542086182850559
4 25 17 12 74678 1.0019753298105407
2 10 22 0 83202 0.9749557685516236
28 26 20 24 29967 1.0039780970441285
26 13 14 18 60615 1.0007183123270875
21 15 26 28 57271 0.9578070874003948
17 22 23 3 90923 0.9046996052091799
18 25 23 11 67083 1.0846915589257804
2 18 19 26 65998 1.0048633817942367
27 23 10 13 79409 1.0169392851961971
0 12 28 25 117659 1.0686886469116068
20 29 9 14 68521 1.0370311287179266
19 18 13 25 51053 0.9855551591532566
12 23 25 1 108452 0.9182566404775147
18 24 12 4 73661 0.9246406969589477
22 9 9 18 62548 0.905127234818232
19 16 5 19 68567 0.9374571553724358
29 15 8 23 93146 0.9329621661048297
14 10 26 6 46660 1.083782673665499
26 6 20 2 31064 1.0303535773129928
27 13 10 18 71083 0.9899272193464771
7 0 24 14 89740 0.9499985795431741
24 21 4 9 98007 0.9483628592045993
17 6 17 26 66428 1.026291176095012
14 28 2 27 39203 0.9741848588042847
28 19 0 11 103794 0.9825707772115988
2 15 24 0 104413 1.0862692194602002
0 20 15 28 64676 1.0350582092385898
2 20 13 10 62465 0.9292220502364021
2 23 20 23 54510 0.9230713856076804
14 23 19 16 47677 1.003272606120033
2 23 26 19 80383 0.9243555441595331
23 24 4 23 54659 0.988106652917616
2 11 22 9 64307 1.074147257178605
28 16 29 0 59544 0.9407323554130256
13 17 13 0 65882 1.0620505537454954
21 28 22 8 84748 0.9525222417397242
27 15 11 6 78214 0.9343780682036451
20 18 11 21 50502 1.0555228789741373
28 10 7 25 95176 1.0649565847034397
26 24 21 3 73160 0.9629229989272936
24 29 7 5 110303 1.023042413339426
14 9 27 20 64802 0.959295231622779
12 16 20 2 71894 1.0628347236619409
28 8 7 21 94433 1.0852160215786428
2 19 28 20 96755 0.9549010314125663
10 0 3 29 96736 1.0394067097229107
12 24 2 9 68976 0.9888859746278358
24 1 1 26 128447 1.074892509886738
20 15 3 22 95833 1.0256972949911105
16 15 2 3 71665 0.971044755307201
11 14 1 13 44137 1.0524150798606244
25 14 3 24 90864 0.9709652888239467
7 25 29 29 75772 0.9762393373314779
0 26 27 12 112346 0.9891333264186191
28 15 1 2 115772 1.0611350019861157
24 8 12 25 88055 0.9735872576082882
3 25 6 15 44318 1.0157670216556114
6 11 6 1 38394 1.0269978317462076
9 9 9 27 53743 0.9981775780694437
2 29 28 21 90239 1.0228313241236262
17 8 25 23 74870 1.025965696872988
5 4 12 14 52481 0.9690601839252728
8 6 26 21 90036 0.9798298866483441
17 6 5 24 76595 1.0859134030276747
29 3 3 1 94489 1.0464906284211837
6 23 4 9 55609 0.9281831282404596
23 25 22 12 64409 0.9910025359204099
27 26 21 1 88815 0.9138563760894188
2 29 6 4 94685 1.044604819332243
10 26 20 18 63160 1.028129075431635
10 28 19 7 81555 0.9027854463555545
2 23 25 20 81007 1.0751315590293777
0 26 3 6 76592 0.951319651521932
5 1 6 29 93008 0.9236812986239409
23 5 1 6 78246 1.0731506535450106
10 11 3 26 52600 0.9941160826918406
1 18 19 23 71412 1.0340813006939555
2 20 13 6 73296 0.9038813837227206
16 6 6 26 75392 0.9424669439259428
5 29 3 3 95215 1.0612986782830545
27 5 19 21 77681 0.9371318974632017
12 22 3 26 35960 0.9482051613828778
14 24 24 11 67000 0.9673748537875493
2 5 10 3 33142 0.9541536427945667
8 6 17 27 85931 1.0536685823714922
27 3 9 27 113792 0.91301227291084
18 13 3 27 86178 1.0342081131135104
10 7 4 21 57537 0.9563980789618374
29 18 27 8 43890 0.963988452479546
22 0 7 5 62239 0.9645531416169709
28 29 29 19 46578 1.0462441945074206
2 2 3 22 73016 0.9839789487358179
20 22 7 11 81151 1.0027242290604597
16 15 26 4 57211 1.0281951206523052
17 13 9 15 40240 0.927467681565988
23 16 13 13 53459 1.0967962996203409
29 12 18 0 66999 1.0627431961598326
9 1 12 18 59439 0.9110322180332429
27 7 5 22 100484 1.0699806633318243
7 10 13 15 34923 1.057462607280441
9 16 25 1 90009 0.9440631835273788
19 19 26 11 54581 0.9186885159859409
29 22 16 0 102874 0.9517110066946153
15 19 18 10 35674 1.0417157647699793
3 18 17 18 70279 1.0046013692985278
17 14 20 2 55696 0.9393219063411103
8 15 20 9 53397 0.9298301004839894
25 4 22 22 70102 1.0142607442122056
15 1 6 3 45486 0.9410051931195078
20 23 20 8 77925 0.9293210234687916
17 10 22 16 43556 0.9637972327045706
21 5 2 3 73027 1.0547327949398078
24 18 11 22 69439 1.017047872374636
23 20 12 29 63161 0.9020575051675414
19 13 12 28 74017 0.9540322634146113
1 13 7 23 55699 1.0572188574221413
13 10 5 14 36793 0.9295765036367055
12 5 26 19 74156 1.0903696842566082
6 5 19 20 89076 0.9336908142700406
23 10 1 11 64970 1.0739855407037253
0 4 22 3 87266 0.9270336854211986
26 16 14 29 64368 0.9706838153292513
24 13 23 25 49528 0.9698563990004005
9 6 27 7 55623 0.9201177624575109
4 1 1 16 63215 0.9730683357097151
20 10 4 10 46942 0.9036045951702095
15 20 0 13 75837 0.9331378255390004
13 8 5 11 32418 1.0084771718464631
2 21 21 22 64344 0.971628965442005
28 26 19 3 94654 1.0269726319623032
10 23 21 3 89508 1.0135804190331208
22 26 20 13 67394 0.9250231741911761
5 24 2 9 54980 1.0220357510824456
13 25 0 6 87625 0.9222255849368509
9 23 26 9 84868 1.0680351435639648
24 23 5 28 67515 1.0717609941798447
14 4 19 18 62785 1.0540423276470785
1 28 23 17 108909 1.0693674665728645
1 23 21 21 70490 1.0282163474623387
0 13 10 0 70909 1.0609699426280592
1 10 14 23 73103 0.965723697268589
15 21 26 26 46847 0.9576653835435762
17 8 1 12 60809 1.0819477531188753
8 12 26 21 77339 0.9028511583358789
5 28 24 20 79135 1.0234025654349297
29 21 15 8 79611 1.0413914460479796
25 21 10 28 68264 1.0707773193516847
29 11 26 20 30474 1.075994288464337
0 15 25 27 106862 0.9848085996489396
27 4 28 28 75338 1.001292120159933
2 1 27 3 90468 1.0444340608703713
28 24 15 14 65618 0.9979287677697257
1 29 15 3 102499 0.9635940093410416
15 19 29 2 90720 0.9693926199703389
24 15 10 3 76373 0.9024875310195319
6 23 25 4 109314 0.9822773478200362
9 5 15 13 42538 1.0816274710453022
2 4 23 20 115581 0.9495895472369453
17 15 9 13 38791 0.9264442136383948
22 22 15 28 43986 0.9697640200112811
28 28 16 27 41267 0.9426776358853375
24 2 5 7 74512 0.9545573660208252
18 26 9 19 48306 0.9631085389894841
22 18 8 27 76502 1.0462880854852736
7 6 23 11 62943 1.0699026380518029
10 12 21 14 48255 0.9867240105679493
18 15 16 27 47186 1.0688631685375962
4 14 9 3 49323 1.0357080049682266
25 17 3 16 102205 1.007820322869735
5 6 0 24 69497 0.9572724056305562
21 13 5 13 63696 1.0324676429193236
28 28 27 6 69636 1.0231755076253872
7 20 20 19 63730 1.0710406380314617
21 22 29 2 87595 1.0739913891072081
25 23 17 3 90940 0.9881671703226799
1 11 22 10 63489 0.9804857212708348
6 21 28 17 95379 0.900355413817273
21 15 10 3 75093 1.0808882242428324
15 10 18 21 46327 1.0351129366327014
24 22 15 6 81110 1.0769482749312653
16 1 23 8 43215 1.0373641450108115
21 15 7 14 66001 1.0408326473144118
12 20 23 13 61584 0.9577586179817956
5 18 0 8 50841 1.0836764515908504
4 28 21 1 119703 1.0328696964677708
4 0 22 3 68397 1.071703063443132
21 15 6 7 76719 0.987950682051647
14 11 0 8 52117 0.9904757218801924
5 6 28 23 110878 1.0936735544718594
7 4 2 28 95590 0.9764439494506518
9 4 25 24 100054 1.0476929617642377
6 29 15 10 73160 1.0356039229664242
18 3 9 29 97516 1.03609713910316
26 7 14 29 86428 1.0683562512494587
5 24 28 26 67624 1.0734000813881068
13 17 27 21 72103 0.9677697295676881
2 21 9 5 70110 1.0165553638077856
1 24 18 8 89155 1.024170043035513
28 22 15 17 66311 1.0078870350719027
25 13 29 28 52829 1.0867471407444966
26 17 5 24 74219 1.0121471028942535
5 16 16 28 57753 1.0105432308739075
1 8 0 22 61279 1.0400768076014848
17 17 2 29 75701 1.0021785635412643
25 6 14 3 48259 0.9174904577851144
13 6 20 11 35530 0.9742910076489575
23 6 12 8 38172 1.0167606161898273
26 26 15 19 51324 0.9507550047942737
25 3 25 20 53666 1.0581412346818937
12 21 6 7 60810 1.0051347864037803
15 29 25 27 33952 1.0657418322666774
11 7 6 19 52108 0.9887859917037415
3 4 13 13 56868 0.9723007452134056
27 19 3 12 94792 1.0622093556952061
0 3 22 3 89983 1.0746369864427292
23 28 16 18 53509 1.0316578896133977
28 2 14 23 104749 0.9723696295876598
14 0 3 21 91190 0.979171938766719
29 18 12 19 87094 0.9348580341764807
1 14 9 11 31973 1.098775699427158
9 24 16 13 54069 0.9459902400395582
9 28 13 8 66719 1.0143147558617716
2 3 8 16 53410 0.9612671286754577
20 0 28 19 75634 1.0328798934681882
19 22 3 29 65217 1.0485460883461222
17 25 9 2 87723 0.9349991687326143
27 16 24 28 44914 0.9032679861850147
17 1 9 12 56452 0.9812845677856405
17 26 19 0 91571 1.095622227225046
10 1 26 0 52742 1.0483518518019488
6 27 16 3 86767 1.0253964027479496
0 1 8 18 73576 0.9572483066382477
17 16 14 5 42154 0.9315245128246403
24 1 3 19 121337 0.9709613554595813
1 5 13 6 42049 0.9094364190210656
29 17 18 24 56674 1.0948177155132972
5 3 4 21 61741 1.047163722323925
26 6 18 24 69463 0.9488555664269578
25 21 23 7 47996 1.0531109409792447
12 9 28 28 100124 0.9265293706239355
7 2 3 25 90910 1.0737584543821463
9 5 14 29 80269 0.9635462123530483
13 15 0 15 67558 1.037615362426955
6 13 28 25 97390 1.01227331937234
15 29 24 1 106535 0.9383404453920045
12 5 9 13 36272 1.046789655233646
4 9 14 11 35566 1.087901031354447
28 22 9 5 102244 1.0517731544227233
7 22 26 18 79088 1.0970379190666721
9 11 28 19 77462 0.9288779892858693
6 27 23 28 62772 1.0500532912739877
1 21 6 7 61073 0.9211647424742464
1 23 21 0 121789 1.0562568302769013
16 16 3 3 77856 1.0392214566426248
28 21 2 22 85286 1.0161262795293713
26 27 0 27 77995 0.9881441681674273
18 25 24 19 44570 1.0024040126135458
14 19 9 12 40597 0.9962105304367206
6 28 20 2 109370 0.9707900150143404
19 26 5 29 45031 1.03964006728865
17 3 9 17 58771 0.991040899050807
13 9 28 6 55936 0.9660465785549182
26 11 0 0 99423 0.9167343324307878
17 18 4 24 56150 1.0828054848537754
23 3 3 7 78915 1.091411665632694
0 21 16 5 95002 0.9700598008991899
7 13 3 7 31867 0.9875926283866989
24 28 16 8 83642 0.9590851823690192
25 2 2 4 85610 0.9585886312878813
11 28 14 13 61152 0.9094584312786237
21 3 8 9 66578 1.0940523614086926
12 17 11 4 51902 0.9314202185731717
2 3 15 6 53374 1.0936534988906392
7 27 15 13 65099 1.0866559205466095
6 19 26 25 79180 1.0005211592742256
