1708 1240 1237 2985 1817 2562 3024 1565 1234 2000 1410 2083 2811 1711 2510 3200 2998 1385 1990 1447 1610 2518 1838 2752 2774 1893 1177 2806 1717
7287 7586 7693 8042 8900 7864 8775 8885 8671 7626 7612 7513 6872 8377 7511 6942 7710 7351 7194 7929 8553 6991 7335 7940 8691 7507 7550 6788 8500
2277 4258 3291 3169 2117 2845 2245 2339 2622 2762 3138 3053 4093 3774 3493 2468 4121 2684 2881 3710 2739 2322 3803 3406 2521 2854 2271 4212 3640
8193 8166 7216 7993 7396 8634 7213 8165 7693 7924 7097 6569 8288 6752 7598 7943 8193 7213 7677 8158 7137 6993 7001 7779 7416 7676 6807 6573 7836
6693 6772 6002 5226 4783 5652 5375 6643 5756 4840 6774 6920 6355 5277 5673 6317 5656 6238 4914 6042 5181 6931 5787 6592 5808 6332 6375 5879 6630
2729 3261 3439 2978 3293 3373 2244 3019 2187 1493 1626 3468 2124 1895 2348 2721 3444 1966 2701 3378 3396 3653 1564 3191 2921 3617 1509 2752 1576
1983 1936 2861 3397 3191 3505 3351 2967 3333 3389 2749 3715 2871 2595 3875 1809 2320 1838 2179 3325 2865 2815 3728 2355 1918 1933 3308 2300 2709
4600 4409 3726 4509 3551 4760 3117 3619 4028 3932 3789 2793 3038 2842 3734 4506 3854 3391 3763 4098 4343 4478 4205 3722 3004 3357 3641 4684 3345
3526 2484 2952 2712 2712 2686 2646 2379 4172 3473 2861 2782 3615 4022 2343 3867 3362 3636 3044 2201 2312 2103 2392 3116 2424 3862 2589 2659 2399
3672 4604 3918 4403 3925 4571 5230 3853 4509 5026 5313 3611 4583 5112 4818 3971 5535 4710 4811 5452 4518 5498 5589 5488 4962 4844 5554 5189 5119
6289 7051 6485 5147 5626 4943 6260 6154 6948 5288 6728 6182 6075 6235 6656 5125 4933 6149 6352 6508 6285 4995 6406 5536 5418 6853 6117 6618 6786
7392 8081 6605 7079 8248 7586 8709 7372 8149 6954 6863 8548 8282 7263 7229 6690 7402 8183 7469 7220 8041 7529 7956 8400 6883 7951 7990 6967 8643
3830 5132 5297 3771 5113 4738 4122 4089 4728 5242 4316 5142 4019 4544 4053 4490 5929 4526 4927 5503 5484 5370 4947 5548 4482 5826 3846 5197 4386
3851 3750 2986 3810 2569 2786 3716 3434 3416 2433 3407 4200 2309 3862 3555 3469 3296 3145 2539 3065 4307 2931 4136 3590 4308 3291 2160 3777 3076
2430 3984 3293 3005 3416 3287 2391 2651 2773 3466 3789 3160 2662 3772 2467 3518 2605 4030 3738 4074 3028 2895 3339 3191 4029 1941 4003 2846 3004
4561 3900 4765 5329 4551 5832 4930 5059 4019 5797 5768 5938 4636 4308 4738 4882 4534 5120 5003 5693 4134 4378 5598 5037 5502 4551 5006 4522 4876
6007 5106 6497 6078 5118 6274 5052 4640 5185 5640 4754 6259 6151 4678 5843 5334 5208 6083 5818 5014 4498 6177 4879 4454 4475 4979 5704 4401 4481
6160 7175 5672 6100 6533 6850 6768 5857 5730 5987 7759 7321 6701 6516 6921 6209 6355 6626 6862 6428 7553 7563 6511 7782 6446 6591 5846 6946 6747
2910 2939 3370 2040 2367 2828 3444 2881 1760 2724 1520 2881 3240 1635 2130 2528 2133 3525 2365 1439 3213 1829 3211 3221 2165 2579 2968 1604 3321
6176 7971 7316 7586 8114 6546 7747 7362 7737 6298 7866 7788 6385 7997 6186 6684 7440 6969 8129 6930 8046 7324 6539 6260 7160 7328 7160 7999 6656
7599 7369 8014 6451 6963 6762 7303 7695 8429 6664 8483 7449 6913 7741 7485 8354 6752 8102 8116 8019 7834 7794 7549 8453 7179 6953 6676 7625 6839
7377 7225 6671 8080 7847 7599 6008 7950 6472 6809 6378 7320 7750 6601 6550 8149 6625 6647 7811 6201 7597 6280 7013 6368 7727 7654 6968 6826 6335
2646 2544 2751 2845 3559 3629 3805 4377 3661 3942 2345 2253 3704 3407 3352 3710 2616 2913 4200 3034 2463 3865 3518 3602 3926 3123 3497 4260 2295
6334 6104 4779 4917 4661 6089 5484 5379 6394 5243 6615 6147 5476 5081 6213 4904 6594 5913 5774 6284 5583 4789 4794 6510 6150 5136 5303 5517 6021
2075 3121 3803 3354 2156 3485 2430 3221 2557 1892 2548 1964 3220 3452 3855 2893 3408 1775 2714 2405 3820 2429 3131 3840 2118 2939 2438 2721 3669
3382 4129 3435 4251 4278 4008 3828 2681 3919 4009 4347 3207 3126 2862 3714 3799 2768 3886 2424 2479 2621 4015 3536 2693 2344 2920 2447 2941 2374
2941 2179 1764 2416 2383 2272 1764 1128 2037 3122 2444 2068 1937 3056 2597 2240 1104 1532 1184 2960 2535 2841 1838 1880 1708 2909 3027 1722 1713
5361 5459 5869 5736 4777 5054 6005 5040 6527 4958 5240 4819 5602 5691 6447 5026 5404 5831 5567 5377 5816 5970 5309 4833 4776 5286 5676 4896 5324
5176 4580 4408 5546 4335 5187 5899 5840 4926 4835 5838 5242 5771 5752 4798 5916 5920 5258 4287 4342 4503 6030 5413 5367 4740 5628 5367 4882 5294
2146 2315 2730 2121 2709 3346 2173 1628 1689 1995 2205 2660 2303 3223 2956 2961 1848 2982 2505 2122 3063 3284 1915 2150 1925 2583 2542 2252 3659
6827 7316 3006 5711 5671 1754 5076 4881 8482 6063 8342 7388 2244 1393 3223 5448 4272 5354 3309 6152 7108 5395 4869 4654 8008 3486 4423 5216 4205 5961
8639 7635 1705 6154 7009 1900 5645 3308 8134 5530 6906 6501 2313 1642 1978 5902 4279 5380 2962 6924 6330 4710 3174 4935 7453 3092 2872 5393 3799 5811
8879 7133 1518 6557 5632 1956 5378 4236 7241 5962 7624 8031 2502 2156 2524 6953 6038 6516 4377 5334 5477 6326 4377 4869 7978 3678 3953 4277 5115 5735
6797 5989 2033 6417 6769 1938 6347 3848 6777 5654 6679 6145 2549 2031 3557 6059 5172 5656 2621 6448 6622 5915 5139 4684 7574 2493 2957 5704 4757 3790
8584 7035 2521 4513 6892 2261 5009 4021 7010 5638 8706 6911 3752 1414 3281 6061 5899 5960 4334 6465 6631 4868 3680 4417 6918 3976 4042 5245 4842 3805
7296 6216 1595 5899 6972 2198 6190 3745 8381 4255 6690 7562 2408 1416 2172 5243 4400 5356 2989 6380 5957 6500 4714 3434 6422 2054 4828 4920 5031 4404
8313 6596 2574 4668 5336 1534 6846 5255 8395 6204 7588 6957 3639 3223 2434 6484 4254 5481 3365 6710 5576 6011 4981 4020 8265 2363 4563 3867 4978 5847
7363 7335 3131 5182 5281 2149 6629 3689 6557 5823 7604 6360 4244 1271 1562 5614 4202 6591 2474 7118 7049 6810 3217 4079 7247 2178 3757 3870 4051 4400
8184 6476 3198 5733 6326 2697 6324 4752 7813 5982 8655 6883 3250 2105 2925 6743 4509 6446 3707 5298 6428 5362 3532 4873 6501 2694 4482 4802 5385 5923
7635 6744 3052 4778 6681 1705 5793 3539 7159 5075 7081 6578 2419 1844 3360 5280 6245 5497 3562 7226 6139 5099 3571 4216 7068 4024 3368 4086 3811 5580
7966 5568 1364 4605 6262 2984 5651 3833 7087 5154 8722 7426 2095 2127 2060 6504 5802 5811 2633 6032 5665 6324 4414 4969 7510 3901 4730 4970 4322 5568
7459 5552 3015 5241 5229 3300 6688 4368 8350 5729 8413 7244 2435 1544 3045 6715 5499 6301 3362 5676 6289 6005 4478 4834 7634 3256 3502 4006 4399 4679
8559 5882 2933 5675 5692 2366 5344 3946 6951 6335 7922 6648 2944 1425 3642 5568 4787 6968 4057 6284 6342 6776 5038 4359 7077 2261 3544 4963 4059 5792
7286 6022 1935 4841 5531 3461 6226 4503 7335 5880 7382 7954 2514 1171 1733 6702 5485 7141 4445 6065 6898 5955 4789 4074 7236 2251 3034 4003 3804 4703
6795 5922 1229 5880 5225 3236 5245 3420 6846 5151 7934 6771 3904 1817 1582 6308 4672 6242 2967 6103 6688 5694 3792 4543 6884 2447 3894 4088 5367 5404
8585 7585 2891 4546 5757 1635 7044 3652 7983 5558 7461 7499 3316 1093 3065 5719 5879 7005 2557 6746 6756 5382 3071 4184 7324 1926 3615 4627 5332 4486
8145 5534 1196 5831 5852 2668 6406 5072 8371 4796 8566 6448 2890 1752 2538 6731 4270 5528 2490 5834 6875 5019 3022 3387 6522 2311 3073 4163 3775 4438
6812 6681 2425 4616 5741 3338 6107 3320 8395 5311 8641 7290 4235 2414 3339 5176 5722 5994 3729 6159 6676 6167 4759 4206 6312 3413 4820 3739 3821 5510
8836 6094 3209 6296 5238 3073 4959 4664 6678 4862 7788 7358 2843 2057 1915 6011 5461 5904 4061 6707 6315 6222 4754 4806 6633 3676 4868 5645 4245 3870
7907 7175 2840 5953 5035 3611 6155 4149 8433 4760 8377 6291 3422 2301 1975 5779 4161 6130 3561 6225 6043 6704 3700 3194 7275 3577 3719 3848 4584 5239
8194 7529 1903 4681 6320 2098 6271 3706 7759 6156 8672 7594 2723 1311 2501 7099 4834 5513 2752 5636 5964 5985 3940 5095 7465 2264 3176 4245 4556 5157
6833 6929 2410 5943 5779 3237 6036 4561 7792 4548 7044 6948 3095 1586 2040 6685 6085 6141 4293 6206 6432 5216 3121 4626 8123 3385 4016 5185 4630 3985
8127 6247 2249 4646 6410 1454 5715 3660 7527 6317 7737 6707 4256 1982 1594 5065 4522 6282 3739 7006 5401 6598 3683 4593 7786 3821 4288 5459 4081 5838
8523 7026 3085 5958 5631 2565 6934 5132 8040 5279 8632 7707 3956 2786 3452 6808 4589 6390 4062 6516 6592 6690 4998 4482 7242 2091 4578 4420 5453 5051
8500 5653 1995 5666 5867 2257 5951 5389 8172 5528 8561 6351 4131 1761 2772 5139 5296 6318 3980 6138 6984 4978 4881 3316 7623 2945 3800 5757 5056 4235
8329 7509 1253 5014 5364 3136 5990 4848 6413 4412 8522 6205 3162 3175 2888 6695 5385 7192 2477 6353 6003 5768 4976 4561 6285 2128 4097 3805 5788 5914
8781 6000 2574 4747 5421 2366 6952 5114 7746 4504 8024 7777 2389 3244 1794 5553 5234 6282 4486 6679 6989 6682 4729 4607 6261 2890 3665 3743 5226 4169
7435 7509 3065 6465 6881 2045 6366 4745 6752 5057 8819 7222 2478 1321 2059 5714 4156 5379 4424 5684 6333 6356 4178 4858 7803 1895 4409 4476 5810 5158
7665 6239 2357 6490 5624 2742 5503 3349 7948 5014 7403 6349 3085 1331 3612 5234 4450 6998 3748 5217 6958 6674 3002 4010 7618 3493 4598 5121 4499 4222
0 13 12 29 77333 0.9776862132304018
5 7 1 22 46791 1.0177825047655893
3 29 2 1 81685 1.0683108123599603
26 18 13 16 45891 0.9984497162840843
24 21 17 3 66283 1.0080769875023359
26 28 16 19 58616 0.9841658158775846
3 4 12 7 37022 0.972369369194593
19 20 26 3 60600 0.9671412928368534
24 13 15 20 43446 1.0885299720652317
21 6 13 0 41435 0.9183158883451031
25 0 12 8 58780 0.9508389214394762
11 2 27 8 54041 1.0025927532943906
27 3 24 24 58984 0.9781370337930344
22 5 17 17 47717 0.9435229800784832
15 11 16 1 44068 0.9472937448192029
0 18 26 6 75101 1.0448488203835058
12 5 4 18 52809 0.9359539893039035
6 7 22 16 57938 0.9932992265660339
4 7 9 25 57916 1.0642655868071051
16 18 29 1 68775 0.9395550750280057
28 2 7 4 58766 0.9117662983488878
17 8 26 14 40054 0.9378759295215825
11 27 7 21 35936 0.9731803701803011
29 8 0 16 72966 1.0817340744161315
18 28 26 24 32746 0.9959905700430582
10 17 20 29 69413 1.091342983191901
27 14 22 5 31034 0.9741794860641559
13 22 4 10 61048 1.0816171754934711
28 24 7 27 71072 0.9561399243506383
3 29 0 0 75664 0.9453106200242618
29 12 5 23 75426 0.9988557921048999
15 22 13 6 58005 0.9198475601578732
26 3 3 12 70157 1.0951106872183087
1 22 26 19 84267 1.0260816741680134
14 10 28 23 64517 1.081431837056261
23 16 8 2 71932 1.0979997525327492
23 18 21 26 35486 0.9101026130042419
0 24 22 6 87139 1.0878760687885982
15 19 0 24 68322 1.072793738404239
17 22 8 16 51835 1.0653398574605228
29 4 22 0 26619 1.045840867454015
25 12 13 13 25157 1.0910707680401115
21 27 16 11 65255 0.9721817218648472
24 13 8 20 51790 0.936742355864267
12 8 27 8 63216 0.9645270974842879
20 22 5 19 62338 1.0030997312856915
23 29 10 22 70227 1.0720912983624797
12 18 0 17 41080 0.9917290056715735
9 0 20 24 97832 1.0902443823418193
24 24 11 19 67577 0.9981148744333919
0 7 6 25 52777 1.091966397443426
14 26 5 14 55773 1.0624274070544866
13 8 0 21 56207 1.087026273836193
25 4 11 4 49619 0.9411047329708755
19 13 26 20 29094 1.0676461361901646
5 5 29 28 100344 0.9639303445423039
10 16 23 23 69794 0.9474877375477438
6 19 11 6 56419 1.0665413041428635
2 12 26 28 82507 0.964793530482132
0 12 17 19 55124 1.0566650503452761
5 22 13 17 42203 0.909901664486718
0 27 11 3 81962 0.900284877500752
5 4 21 19 76165 0.9840791560150552
3 20 15 22 62702 1.0087542165782784
22 16 27 24 39286 0.9150212638274959
18 25 15 12 39289 1.0529374383852783
24 18 14 17 38241 0.9077186708386812
13 26 18 9 54831 1.0430750142463565
1 7 7 23 57405 0.9477046943394071
17 26 3 3 96730 0.9689098160264221
12 26 20 29 38197 1.0615385590864228
1 15 14 2 65921 0.9301517958135319
23 2 16 28 85807 1.0960716738149663
15 19 21 0 77170 0.9632171023662744
23 3 24 25 64181 1.0081125401516704
3 7 10 0 46852 0.9565847288646658
24 28 8 14 76438 0.923329407723393
1 25 18 0 96961 0.9688463284400923
12 3 22 16 62326 1.048005368010316
13 26 14 1 83538 1.001393944786253
24 17 18 0 60172 1.0233323190698886
14 5 12 15 35372 0.9740167847537542
5 12 12 23 52418 1.036879371634846
27 27 4 25 72621 0.9401615964246836
3 13 1 25 35410 0.9716695959884809
20 13 13 19 32471 0.9942741195891338
15 5 14 19 47545 0.9617154735100951
15 18 9 25 42954 0.9079010136791369
5 24 15 1 84674 1.0807826071896143
11 27 10 2 94371 1.0770748487100168
20 7 7 3 52684 1.0640055210033237
2 27 21 27 69636 1.0052454314492603
16 11 18 1 39611 1.070157123092926
26 24 7 18 74145 0.9033006303231925
13 10 26 6 49622 1.092434108207002
5 1 15 25 90623 1.0127672374034358
27 0 18 9 51028 1.074798661865362
28 1 15 14 60080 1.0717437209117835
15 6 1 17 66672 0.9527496129906026
0 24 27 6 94208 0.9262307097038157
19 2 1 1 49110 0.9709422283668425
12 28 23 23 50091 1.0453516756257324
0 6 18 29 85831 1.0352171170648672
9 17 6 0 58783 0.9901876430195565
17 15 9 3 61572 0.921558538516388
11 26 1 9 75923 0.9760299213696731
28 7 0 4 80223 1.0694813179868539
11 18 9 7 51166 0.9858437350829173
20 17 12 26 51618 0.9471491597937016
24 24 11 9 78042 0.9748105176754166
21 5 6 22 74925 0.9103605046809801
7 29 10 9 74519 0.9627560502541613
4 14 28 28 89025 1.0486918625196329
24 1 4 1 58648 0.9080892894124183
19 22 21 3 68166 1.0673544956996432
20 15 14 7 38587 0.9482475860977777
11 0 0 8 54304 0.9467225300708626
9 5 24 0 50288 0.966876345945734
4 11 15 24 71675 1.001817850948372
23 21 11 29 66553 0.951574091274266
28 15 8 19 65751 1.0436696306556836
17 15 6 18 42622 0.9487903562648639
4 18 0 27 31268 1.033556776613169
8 12 10 25 45155 0.9684768978305218
4 8 19 25 74180 0.989301543965937
25 14 4 0 83666 0.9201306548069836
1 28 18 15 72417 0.9475339821159233
11 17 3 11 50327 0.9166297014735776
5 7 13 29 79641 1.037034330558123
14 6 20 0 41759 0.9516675821182592
26 21 8 0 88735 0.9099913090448217
24 15 15 25 52741 1.001606250365521
26 10 29 0 29343 1.022721766648771
23 21 15 10 60553 0.9352460910311823
2 14 18 11 38698 0.909598867034642
20 15 24 26 52399 0.9308956914366608
6 8 22 2 55482 0.9433122283781727
9 19 7 28 33007 1.017546232137146
15 26 25 16 59055 0.9837236175808541
20 10 6 4 61463 1.0628247633897216
14 20 2 12 50024 1.0202381619370886
17 17 6 26 60472 0.9698733629133546
4 2 25 27 104415 0.9538046531111835
18 22 18 12 24037 1.0672593291404469
13 5 0 6 31304 0.9495214061282355
10 17 13 26 44368 1.0486911221999855
6 19 22 3 75561 0.9584360257019914
22 13 1 14 41810 0.9264162629332889
1 1 11 10 64952 0.9664442711990704
21 26 15 2 79303 1.0448093846906836
26 23 13 9 58961 1.0344516015725307
14 22 25 11 55558 1.0441183562606358
12 26 27 18 61935 1.0389236188031719
28 19 19 22 49998 1.0324980271445003
28 3 11 12 63958 1.0081830396838247
21 10 5 11 51395 0.9520437590903343
27 16 20 9 45298 1.0752703022080108
26 24 0 19 85877 0.9120618042237714
18 6 21 16 39199 0.9798920049170183
22 8 13 26 67626 0.978400212866711
26 23 1 0 102706 0.936397175723285
0 0 19 12 63597 0.9434923547028937
3 28 19 0 116137 1.0536106401729184
21 3 2 26 110374 1.0400300077676983
2 13 9 6 38284 1.010536958013318
25 10 18 17 32890 0.911517712707752
16 25 2 21 51554 0.9385220887352068
0 14 0 25 25022 1.0118065474338371
28 8 3 13 67664 0.9705433606018058
12 29 28 19 79466 0.9932543578303654
1 16 16 11 51061 0.9719788270192974
4 15 3 3 47039 1.0197978037272803
7 22 24 19 71568 1.0858845145567886
16 18 24 5 51510 1.0426392520949852
21 1 3 20 99140 0.9916518045589365
27 22 12 16 64015 1.075303195861946
7 24 21 27 52951 0.9367515930244821
11 13 2 19 37008 0.9485584788309076
15 21 4 24 53495 0.9140344296083789
11 22 12 6 66952 1.0128374310848258
0 0 6 28 74891 0.9722720476144415
23 12 17 7 31425 1.0645016694366283
5 5 21 0 59880 0.9851536983813378
2 25 4 15 43667 0.9893803336183115
12 14 0 19 40504 1.0525825676808367
10 2 25 23 85715 1.0433882540479769
26 1 28 11 33686 0.9401584052884263
2 1 11 24 92403 1.0745004253800037
23 9 28 15 31065 1.0698716567355067
2 29 2 0 78227 0.933334640681768
9 0 9 13 46569 1.0973896355567174
17 9 14 28 63957 0.929413879569397
13 15 28 15 43600 0.9960445013857502
2 3 13 8 40310 1.0302214952957052
3 10 26 22 81820 1.0362889524543826
16 21 7 19 48857 0.9560351255760596
3 13 22 18 49304 1.0295504754034224
1 2 8 8 30029 1.0714285183358943
19 29 6 16 70415 0.9300821755641396
17 2 26 0 26489 0.9634221199588654
2 15 12 20 53127 1.0755090758577583
19 10 4 25 74325 0.9966080770640839
10 19 1 16 44865 0.9505149118691882
25 19 8 24 70355 0.9481084598818142
12 23 25 5 82508 0.9060223556380923
24 17 0 14 58817 1.055179104729535
6 1 1 16 48735 0.9474991486420835
20 9 21 18 42312 1.0624713836042852
4 28 28 7 106324 1.0034531919833747
2 7 26 21 80496 0.9975423352638595
0 5 16 3 48270 1.0984927787545167
4 28 27 3 110917 0.9612828939193107
4 11 5 28 53559 0.9749321174908243
9 29 27 13 89749 0.9005118438911863
1 23 1 2 51595 0.9833566439891794
18 24 14 9 47382 0.9155060336602301
1 15 10 14 31210 0.9976762032758768
11 13 5 25 43704 0.9668530851325929
4 19 29 10 74765 1.0234767226235322
11 22 15 1 79878 0.9474111958077726
26 11 5 14 46061 0.9587803496906744
8 22 17 8 64702 1.0750311273993127
18 26 24 13 43996 1.014828791466477
21 10 28 20 52564 1.0264041006600781
21 1 17 12 45227 1.0224288533030308
2 24 15 4 89094 1.0133917749001458
15 28 14 18 38451 1.0186543838647812
29 16 7 4 79601 0.9312937339558558
12 3 10 19 70682 1.075024178427849
21 13 29 0 47082 0.9825214150398367
18 1 3 14 63929 0.9861035822347046
27 10 18 12 34584 0.9548684799913072
12 29 25 28 59521 1.0509366966334475
27 21 0 1 96174 0.9496664069278896
16 29 11 23 41026 0.9187971338426059
17 8 14 22 55961 1.0686333946126636
8 14 6 5 29739 1.0702014528760448
13 8 22 13 31267 1.019692683551541
10 18 26 10 59034 0.9362511593488921
15 10 0 20 57548 1.09614878573048
21 28 1 7 97752 0.9274425758646856
23 29 23 15 51951 1.0390250863407604
6 15 26 13 44673 1.0737434902274872
13 5 13 20 48632 1.0205904472606928
19 10 14 18 38897 1.0735414327671162
28 23 12 16 70589 0.9689480709036983
10 6 0 26 70350 0.9946173772873217
0 26 11 17 60890 0.9794797170016728
9 16 4 28 48414 0.9974134981129605
26 8 7 2 57040 0.93252831974929
6 2 23 3 46333 1.0399370576377707
15 18 29 18 50359 1.08007120223633
13 12 11 1 46374 0.9902205677849323
29 6 12 7 56716 1.068618132691199
9 27 19 11 76846 0.9646458861678398
23 19 22 8 41416 0.9824996790043494
26 23 4 11 74070 0.9787974101457458
5 0 29 4 68319 1.031807216604327
26 20 17 9 46827 1.0749722942017819
25 13 22 26 42277 1.0788950448899954
10 4 27 29 103717 0.9347799587978387
8 18 19 28 57472 1.0969070422618195
3 28 19 16 81118 0.9308125816841373
22 14 11 4 56722 1.0772494801042076
3 27 29 19 97778 0.9542849446782908
13 24 2 13 58451 1.024696024896053
29 27 25 0 70977 1.0651307794031382
9 15 12 6 44137 0.9296118035301577
29 20 18 16 46634 1.0389792369676827
19 0 15 24 84562 1.0712258676762092
19 5 6 4 37337 1.0952686585627478
10 2 20 18 65616 1.0176995234759274
22 14 8 9 40089 1.0527608810358162
6 0 13 7 36605 1.0628745763886627
6 21 22 6 73392 1.097646463733249
2 3 26 18 81184 0.9584108294903325
3 2 24 10 72213 0.9172834409225442
13 28 11 5 82798 1.0688070341086957
12 13 15 26 49117 0.9439575156017285
29 29 23 23 34277 0.9335278502072809
11 12 6 1 43831 0.9833937710119517
15 25 25 28 37717 0.9961239264538798
9 13 22 14 25253 1.0069495043894074
18 7 9 19 57870 1.0370251477420416
19 3 11 9 50035 1.0896607777535094
11 1 8 17 62279 1.0938169928661754
23 28 2 9 99106 1.0582257561999031
25 2 11 9 61726 1.0595557602217942
19 13 26 0 43357 1.017641003495664
12 19 2 19 41232 0.9807649955421177
20 21 3 6 82613 1.0426520286321357
10 14 6 24 37390 1.095399223835058
21 16 9 15 45866 0.9968488386693165
18 13 29 11 27818 0.9714809455951456
21 4 4 0 66849 0.9574304221406742
11 21 2 0 84835 1.0368575504865996
11 0 20 9 57342 0.995568177796605
25 29 3 10 100056 1.095738590026688
10 17 13 26 44368 0.9414746973844443
6 20 29 10 69208 0.9600187353870626
8 18 28 17 71658 1.0029032850108623
2 23 13 8 68316 0.9453156483810172
26 24 9 6 85789 0.9257768300863788
15 15 16 25 44856 1.054122321223805
14 28 24 16 63341 0.9275915860683194
21 9 10 16 55149 1.0689434376155242
26 23 18 14 37968 1.0200601937974447
19 11 9 15 38596 0.9329816332443852
0 20 12 27 57796 0.9946301853940288
27 11 18 4 44342 0.9290221255141988
13 0 21 6 41435 0.922640586074653
27 6 29 27 60330 1.097651838046453
19 13 22 6 29285 1.0866026678887937
24 15 29 26 40340 0.9458631990552087
28 17 26 4 39813 1.019121988268394
17 13 3 0 70468 0.9520895784970347
7 1 17 22 83378 0.9402315055573416
20 7 28 1 41895 0.9814065783856178
21 19 19 0 73876 0.9857636766752211
3 23 17 6 83926 1.0214315678556847
10 7 18 28 76138 1.0081009183592704
28 23 8 3 95160 1.0169766827884974
15 3 24 8 42695 1.0764350075936886
9 8 22 21 70583 1.0239546029587057
28 17 27 8 40012 0.9413583571419978
17 18 23 0 68414 1.0762598885287058
24 6 13 19 57968 1.0720014498908008
11 11 5 23 52726 1.0487454963171459
16 10 2 19 61222 0.9868727644038346
9 28 11 17 50172 0.9748531252974861
25 25 24 0 59382 1.0100175026806875
28 3 14 20 79303 0.9100317247439141
6 14 7 23 28774 1.063202518040243
27 10 15 0 57143 0.9452721813035639
7 17 16 27 56503 0.9073859957580975
21 27 9 0 106050 0.9353014730915155
3 25 7 7 62564 0.9068714509278362
13 21 5 27 42822 1.0372558602034894
1 25 10 3 77773 1.0368627069335958
27 26 8 16 76051 0.9180604622397198
19 26 3 13 63488 1.0576320325436153
27 28 17 11 68248 0.9755940688335774
20 24 17 5 65077 1.0397979572615696
7 24 0 10 51447 0.9535488498934475
16 19 12 26 41630 1.02363188626438
8 8 3 2 26992 0.9501334356235323
7 22 12 2 73726 1.0938222636328823
0 12 24 17 59917 1.0295515987503623
17 27 15 2 74247 1.0718584385784955
29 28 16 3 93527 0.9684512378345297
21 5 16 20 59062 0.9662629403609204
13 1 23 14 54141 0.9451092657818938
27 12 28 22 33282 0.9381761262315983
28 14 28 29 44970 1.041084385395256
14 22 24 6 65296 1.081183488963374
3 21 12 10 59639 0.9322218252809849
21 21 8 18 59437 1.0445293826940711
24 7 19 23 56239 1.0101207097632317
4 0 21 29 121152 1.0750116491330124
0 10 29 3 83826 0.9220156988537341
25 1 27 18 43732 1.0153820066880834
16 22 3 18 57598 0.9367585224441695
3 10 27 14 66621 1.0457088784816055
11 11 0 8 43834 0.9880543817034829
23 10 2 2 80762 1.0020028078572127
9 15 10 2 51005 1.0504080368093192
4 28 25 1 113316 0.9436817542649769
15 17 22 1 65682 1.050004602656854
4 16 19 26 72906 0.9608556936472464
25 4 22 12 32844 1.0501284392290848
28 25 29 5 52426 0.9801827800261866
0 21 16 29 73273 0.9582686784353254
3 15 9 7 46275 0.9878490253442067
11 25 27 21 56701 0.9257060011930384
0 9 29 3 84879 0.9783462341383419
5 6 17 7 43589 0.9471060508517924
24 3 0 8 71779 1.086074491764599
2 26 23 15 85632 1.0397651918349116
2 11 13 8 43467 0.9588626348850404
0 8 27 21 81744 1.0971652833627372
10 20 6 9 48812 1.0710386441920619
22 1 23 21 66659 0.9670541150281271
5 14 16 19 45755 0.9738054777504618
1 19 24 25 89465 1.0603444486296927
27 28 23 11 55705 0.9653909832091386
28 4 7 25 96769 1.0196251857767034
3 2 22 26 102419 0.9635007121873174
1 10 4 26 57477 1.0558422401864267
26 26 13 5 78810 1.0523251743894588
11 7 0 8 40297 0.9033685052951836
1 21 18 22 70585 0.9097561867766901
13 8 14 19 37066 1.0246976380444413
21 1 16 12 48117 1.0833730013781622
6 9 13 29 77032 0.9358153732728354
15 5 29 2 42358 0.9121805537118631
28 23 20 15 51028 1.0118218706883522
10 13 28 1 63856 1.005093535822018
15 13 12 23 41652 0.9490902688491225
25 24 2 15 81689 1.0638535021500917
29 16 22 1 49497 1.0610499765006742
27 7 19 4 35622 1.0020309061257875
2 25 24 0 112916 0.9790078434214713
27 19 15 26 56529 0.9009023138586417
8 18 27 19 69392 1.0801935060237335
4 13 7 4 28231 0.9434624019859912
29 8 19 6 39204 0.9131742500562933
15 17 17 29 47321 1.071813050362938
27 4 23 10 34751 0.9276616393486817
3 17 19 25 72162 1.072371857533322
27 27 2 4 102640 1.029846062447899
21 6 4 19 78275 1.0181259463909
21 26 16 12 54053 1.0677612594734467
7 12 26 3 60131 1.006848988193502
0 20 12 1 71757 0.9443082738219007
24 17 15 7 52318 0.9694396964173913
12 15 5 6 38288 1.0388451628278066
13 19 3 1 76785 0.9527294061249706
9 15 6 0 50508 0.9360783216709645
16 12 10 29 77111 0.9270252006484936
28 0 8 21 97768 1.0213007983418834
7 24 20 15 67385 1.0615201672958752
5 6 5 27 54465 0.9326617236383243
0 21 16 3 81810 1.097096019821169
17 16 19 3 43996 1.0364869713139255
5 13 14 20 40330 0.9992492601218912
0 9 21 12 52370 0.9189829851964982
27 10 14 21 65652 1.0486072618762194
26 2 28 28 67504 1.0124121781447584
16 2 0 13 60372 1.0979348838348086
8 13 24 10 37047 1.0355849192218853
11 0 5 25 90056 1.0230889448031752
21 26 17 2 75216 1.0303276179146752
7 15 17 0 66855 0.9081911714300921
12 10 20 17 43418 1.0177124574343952
19 16 1 7 59576 0.9593160040279096
11 26 20 17 55120 1.0057355265530836
2 13 25 13 42587 1.0043232311722723
8 27 18 24 37100 0.9576072037307244
25 9 6 3 68924 1.0571756695056418
10 22 29 0 104036 0.9528390809517232
9 20 2 3 62340 0.9769278188428707
7 10 23 15 46056 0.9829699985418372
20 13 4 24 64735 1.000265240629471
11 7 28 13 57284 0.9311913070095279
26 5 19 10 42856 0.9286817798342041
7 3 25 21 89123 1.088704159480773
25 11 13 10 38280 1.042396269751638
14 12 20 22 38989 1.0029948352362545
19 12 7 12 27684 0.9711064053924131
27 9 6 3 69016 0.9359384782882936
21 22 10 5 75789 1.0341225228068431
12 19 25 18 51459 1.0897452781334922
28 9 14 28 84372 0.9680461443254349
28 24 29 15 30057 0.9900998186134771
22 14 1 0 74407 0.9216154809729319
27 3 8 11 66966 0.9870393888715883
23 6 3 18 79212 0.9556295712795502
14 21 10 13 33499 0.9965809805028971
25 11 16 7 43515 1.021206384066092
4 9 18 8 49676 1.013574043155185
26 7 6 21 71745 0.9220853778858799
18 20 15 27 30846 1.0901647470142206
10 0 16 15 69911 0.9726559851721481
2 14 23 28 89834 0.9660250406640868
18 24 29 2 75519 0.9783588354154826
19 10 9 14 35728 0.9087323617199979
3 3 23 5 63279 1.005951626382993
26 2 17 15 49235 1.0894688485174662
5 21 11 15 41696 0.9096028508889273
1 29 18 20 77313 0.9743295971343371
24 14 2 2 72580 0.9350631838299392
21 12 22 28 58285 0.9322749353050941
29 1 16 29 99227 0.9892563402789954
28 5 15 22 69791 0.9217736211098752
16 25 18 16 28825 0.9570710887200188
28 14 8 13 40679 1.0141636710054038
0 12 4 21 38164 0.9354281029881089
10 12 13 26 55277 0.9229189913532935
3 12 27 13 51830 1.0802359134773123
22 11 4 9 50763 1.0709350405657347
3 2 27 21 97368 0.9352810247521406
18 9 10 2 35678 1.031302988522512
17 14 25 3 48518 0.9093928757058537
26 6 1 16 74276 0.9141242080957365
5 9 10 14 23003 1.0157508948662646
13 4 26 8 43502 1.0181369770569393
2 12 23 8 63583 1.046636547343426
29 21 24 15 34881 1.0427646962922663
20 8 10 8 54776 1.0705887339756994
20 23 17 12 39483 0.9957385484564147
18 1 18 29 71860 0.9355240931786708
13 19 24 17 42970 1.0642541702162154
8 12 28 14 44294 1.099012158691467
17 28 12 10 63324 1.0295982213175554
11 29 22 22 58081 0.902836319977678
22 29 8 25 54561 0.9068721657784531
3 24 8 12 53471 0.9424562774818145
20 12 28 18 38184 0.9131538142466081
20 25 28 9 61241 0.9070877589615962
26 4 16 12 46431 1.0522024973000144
18 19 6 19 43892 0.9037466309857378
1 6 26 2 71084 0.9389288866512646
22 14 3 19 60274 1.0664308502554345
7 4 27 20 85746 1.0371194232557597
22 2 18 12 36177 0.9656587239493915
7 6 6 27 63860 0.9162976372946393
12 7 1 17 62509 0.9517987751664427
1 8 12 8 51234 1.0199929983816711
15 28 28 14 70238 0.9504796318657759
14 18 18 6 41918 1.0123289482485545
3 12 0 23 30837 0.9365240916917014
28 21 3 4 101055 1.0263812676941024
23 1 8 4 47617 0.913568052883182
25 18 15 15 42767 0.9123182939658837
11 7 28 10 70603 0.9478328942800449
18 11 19 24 39983 0.9107965350124441
18 14 21 24 41836 1.06102453401622
22 24 7 16 72623 0.9928727922693354
6 23 11 16 43705 0.9599811083662843
7 4 15 9 38466 1.0921834140208377
18 23 26 18 40982 0.9168016121067245
12 13 12 25 45889 1.0261241439449187
26 8 26 29 46454 0.9648244374463327
7 0 2 21 73645 0.9148430114787679
26 1 3 26 108009 1.0833003832198516
1 12 8 19 34743 0.9869342157721076
8 22 6 4 54275 0.9197591076321571
4 7 21 25 80051 0.9528083826121021
0 20 29 20 88531 0.9152727174009092
10 15 5 21 38838 0.9857246379642639
6 7 16 16 52499 1.0439496180035444
27 1 12 8 60555 0.9154304457594574
0 9 23 2 68300 1.066391655189351
0 14 14 21 53705 0.9454528600965079
15 23 1 28 60028 1.0720937599850815
24 13 7 11 36417 0.9453978863789879
22 23 14 8 62663 1.005604413335133
6 29 12 0 96670 0.9914168575466135
13 22 24 1 84190 1.024816106757056
9 1 15 8 40774 0.9394663956379337
27 20 10 7 77733 1.0710356077845937
17 9 25 18 45160 0.9105823701312
2 8 24 21 80453 1.0649195260839972
24 13 7 23 62676 0.9480579040411568
18 2 0 15 65114 0.943952872505532
4 3 15 13 48261 0.939364144927452
20 0 24 9 44148 1.0171825628808047
8 27 0 12 55182 1.0740597743243803
6 10 29 7 66456 1.0297887845117335
14 16 5 4 48710 1.008860683654863
26 29 5 7 88443 0.9950973607960888
0 17 7 6 45089 0.965369247106421
1 27 3 8 60963 1.0589974885815663
24 18 23 9 30286 1.0339327618279324
10 25 18 14 49525 0.9919639006146108
20 17 13 22 43838 0.9274470080989087
29 26 11 11 77297 1.025279842285434
23 18 6 12 51053 0.9077748210834342
25 5 0 0 70062 1.0016262358455097
28 18 18 13 35917 1.0757395743331777
28 18 7 28 89388 0.9720186868900049
16 4 29 8 46855 0.9049687129912404
4 13 25 13 38400 0.9530382480153423
16 6 3 27 94544 1.0400989797707672
20 21 22 3 71016 0.961916863006961
12 21 7 13 44330 0.9341646706919392
24 12 14 29 66528 0.9452973997696852
22 5 9 24 89488 0.9043832173886522
18 3 29 25 75916 0.9343568516437336
8 2 17 20 72713 1.0270105379733516
13 18 21 10 48175 0.9755525782062113
8 24 0 14 45207 0.9063681085635343
26 4 18 28 72659 1.0612419167425886
21 26 7 13 62299 0.9409681396331361
3 29 10 26 34430 1.0460202189592311
25 19 11 7 67668 0.9457673016870118
9 0 23 13 66608 1.0296787635311473
29 25 13 28 53174 0.9411960631304553
25 28 20 16 55409 0.965387284394122
16 26 6 23 36553 1.069137549702984
12 8 26 14 50497 1.0235660760648801
15 29 13 6 81970 1.0122836051906157
25 2 3 8 76011 1.044299891329235
1 13 23 16 52095 1.0100823376213015
24 25 17 4 76412 1.0385012886162093
14 8 16 25 58044 1.016474420733795
18 7 13 17 37435 0.9109896899767912
14 23 29 10 68803 1.0489107731238194
2 13 9 2 42590 1.0832249704623473
22 16 1 18 64079 1.080803335625483
22 28 5 24 61782 0.967816321111176
21 9 28 15 37722 1.0803191706852298
5 21 13 11 43313 0.9786198421051864
2 27 21 25 59868 1.0249672390786295
29 8 9 3 63765 0.9816741124660111
26 27 10 1 97729 0.9048428775653107
28 10 6 15 62557 0.9136716498930032
21 28 23 9 71328 1.0235891968452506
27 22 1 16 84073 0.9841273303415725
11 22 2 19 44218 1.0421760754158789
26 27 1 18 94840 1.0508230488314247
19 22 26 15 41726 1.0750919869014859
17 0 16 11 49333 1.064901347154629
27 2 7 14 64273 0.9946753751883618
20 10 2 18 69149 1.0589600978683364
18 8 29 8 44884 1.0494253956473187
23 27 12 25 39590 0.9618801294697059
18 1 20 22 61245 0.916891961689051
26 9 15 17 50251 1.0461601426311464
6 11 16 25 63490 0.9439270527469455
8 8 23 11 54114 1.029038014314968
9 25 17 20 46105 1.0994449474142702
1 7 15 11 53137 0.9321834139171774
8 25 11 9 63764 0.9811770428746576
24 19 19 27 43553 0.9077436654813774
23 18 12 4 67823 1.060658556912799
1 2 18 0 44164 0.9506664697588144
4 26 28 0 118268 0.9356823662705527
14 29 19 15 53531 1.0451102820436247
23 12 15 23 50498 0.9465534146844987
20 27 23 18 44397 1.04698888882033
23 23 23 5 58246 1.0992251399970534
16 18 1 3 73880 1.0503646547491896
20 28 12 20 53942 0.9283599217618203
16 15 8 17 36827 0.9712535966759763
22 16 7 9 49243 1.0014451152346322
0 6 12 24 78404 1.093457965285347
1 7 21 23 84925 0.9201519342347563
28 10 5 16 65009 1.0294108939409339
19 16 3 14 43689 0.9269364534151665
11 17 22 16 51268 0.9311518843945759
6 16 22 18 52180 0.9529349642291369
25 12 0 13 48748 1.0680979411199405
22 25 14 27 28943 0.9998743448421565
17 17 23 5 49171 0.9040734293929744
16 0 26 18 67542 1.0436304954000046
11 9 0 20 58729 0.966265691229752
1 25 18 23 53704 0.9963715155443617
15 8 15 19 46609 1.00396151898917
0 29 28 12 89927 0.9102170888734701
16 20 26 3 67532 1.07582981859096
19 19 22 2 60440 0.9771485038746042
6 27 23 10 81401 0.918867879661055
5 22 1 16 35544 1.0365457256667543
6 16 20 28 72053 0.9188273568093793
16 27 19 6 66252 1.0241417384841054
11 9 20 16 48575 0.9606794304069406
13 12 16 19 31214 0.9768722422863528
2 1 25 22 102749 0.9482541834762263
17 27 16 14 42922 1.0880428639795166
8 8 17 23 62409 0.9247625517593234
9 5 28 16 78064 1.046499112549774
20 4 26 17 47479 1.0297929838850635
16 26 1 1 102988 1.0620274944867711
20 2 17 14 40078 0.9803564700082217
11 2 25 9 52744 1.047765308004049
0 15 12 29 77245 0.9574077700761164
12 28 0 22 57711 0.9949074045632496
25 15 0 2 74926 0.9821977382697648
23 14 13 28 58793 1.0367054344849818
13 23 1 10 72051 0.9875770768370448
13 26 24 11 61673 0.9292325896800357
22 23 29 4 65443 1.0808962269824731
16 2 4 16 66271 0.959805178836795
7 12 18 17 30027 1.0354511799785466
15 22 0 21 65940 1.0916273062420871
1 16 25 4 82692 1.0265669525260332
20 7 15 20 55242 1.0867409049790053
26 12 0 0 76410 1.0806701126280633
17 22 15 9 50860 1.066012845659706
25 11 12 8 51080 1.036347592590611
5 13 3 23 36167 1.0404323390720918
15 29 24 16 68168 1.0203485621327406
27 24 23 5 54758 0.9568103949677214
29 16 21 29 58217 1.0660092186204944
10 25 22 12 62119 0.9787580945796208
16 28 5 20 58308 0.9059430051897809
17 5 28 17 61752 1.007550539709931
15 18 9 12 32053 0.9031892765535262
9 26 8 5 66974 0.9881110503530375
25 2 22 11 37086 1.0942748058840406
16 3 5 29 97544 0.9462633799494471
16 6 5 7 39156 0.9350210083281727
14 3 10 19 65502 1.0519069705840702
20 6 25 21 58811 1.0888667472955398
18 26 24 9 53620 1.0889064473876882
2 23 0 15 26575 1.034998454959348
8 5 2 16 40751 1.0893191182348436
28 2 19 0 35521 1.0654748753278815
8 21 12 4 65200 0.9092436616465266
15 15 16 5 39142 1.042376025172722
9 24 20 10 79997 0.9308604344922625
5 14 22 15 38515 1.0581283498683118
5 1 18 5 41576 1.0288027797195904
28 28 27 0 80898 0.9218264531689877
22 8 17 15 32101 1.0383281472709305
29 18 14 29 71020 1.0940980419404678
18 14 18 24 25594 1.0246119072204265
22 26 8 25 44509 0.9816808545214214
10 21 29 27 80597 0.970233002983239
6 24 16 9 67658 1.0677475863954833
29 1 13 4 45727 0.9626733914793617
17 17 4 5 59417 1.044176696141692
5 9 25 21 68921 0.942389198692332
11 21 25 19 67752 1.078725583947812
21 8 0 22 81726 0.9390683283292501
12 18 3 0 82636 1.0405947831630376
4 25 29 13 81751 0.9687892471746267
13 7 11 16 39210 0.9317165165400996
20 29 11 21 59675 0.9058511280006268
21 1 14 23 83012 1.00205756225808
4 12 16 22 57656 1.0641221104478553
26 23 27 1 53255 1.0531230380969998
9 1 23 22 93601 0.9508916110155117
10 15 20 12 35482 0.9198762305274425
2 18 8 9 40782 0.9280441491364396
18 12 25 8 34334 1.029805320385984
17 15 0 27 70582 1.0784500713875407
16 8 9 14 42194 1.0828884461079842
1 24 15 9 74957 1.0375707143039876
18 12 4 27 68531 1.02054418772682
8 11 29 8 57396 1.0378396958298224
5 9 29 28 89521 1.0149011062082625
10 2 11 16 62389 0.9914469442952429
3 7 2 27 61720 1.007436449227984
3 0 28 20 117355 0.9764479118501399
24 26 5 0 108401 1.0036876003532076
15 20 5 21 53732 0.9174482653361501
1 14 29 29 95822 1.0666776540946177
24 14 27 1 39756 0.937045349771836
28 9 9 1 66913 0.9785399888472697
28 7 8 5 62716 0.9968304730980944
5 23 0 8 45240 0.9325465696353102
24 4 27 18 39336 0.9968679681951597
24 21 0 21 84671 1.0920296939160998
28 14 11 9 56047 0.9316637275946907
3 18 14 19 41287 0.9863189180079811
11 21 3 9 64037 1.0411802388832465
20 12 7 5 53560 1.0175140661616875
3 18 23 12 57244 0.9899941841287369
19 24 9 2 82957 1.0348216166327835
20 0 20 24 90533 0.9260383412878291
18 18 23 4 51363 0.9780352606711616
13 2 19 12 38334 1.031386410657075
4 3 4 18 47026 0.9147961311728834
2 12 14 27 71309 0.9004615569274688
5 29 15 8 79545 0.9841201415481661
29 25 12 0 97603 1.0210379660519775
18 15 11 25 43494 0.9359450705325831
14 6 29 1 49997 0.9667671824791555
20 10 2 14 56383 0.9789044889762778
18 3 23 15 43558 1.0042654495079688
13 5 26 2 37985 0.9482422906564374
26 20 3 18 73682 0.9443056332392495
17 4 1 14 63941 1.0876406092674604
15 28 4 22 50036 1.0113485103414
13 28 16 9 70875 1.0014552047948257
17 7 28 18 54243 1.090598302822325
1 10 29 28 103601 1.0849882811513587
27 7 1 8 84667 1.076527306564254
24 2 26 10 20134 1.0670516565942487
14 10 3 27 73530 1.0767217301697989
14 8 24 13 34949 1.0048251258982017
21 17 15 26 46665 0.985113380720211
18 23 8 7 60582 0.9623045124288733
5 3 26 11 69971 0.9967900504777097
14 22 22 18 38157 1.0293002916121512
14 0 23 19 75380 0.9270145662424434
12 0 29 23 96605 1.095906871925976
3 4 19 17 68661 0.9356239511278797
14 1 13 11 34476 1.0224580612946883
5 25 0 18 31654 1.0565785828789023
15 21 3 6 76569 0.9787312887978533
9 3 23 6 51018 1.0007537190644777
18 8 27 1 43907 0.9791889878274759
13 25 29 21 53787 0.9855180891266891
21 9 2 9 65896 0.9005471241630777
14 0 8 29 96854 0.9907501804348665
1 5 28 0 79889 1.065757517653895
0 9 0 23 29511 0.9102239783663979
1 1 26 9 78609 0.9436154385979563
28 29 29 3 69021 1.0813438408325569
5 13 26 20 54353 0.9288004069481525
7 19 14 8 49427 1.0310023885266346
5 17 28 4 76087 0.9476408622730446
15 27 28 16 68066 0.9807845375063158
14 6 15 19 45254 0.9954794496437788
27 4 3 14 72809 1.0638701825617252
25 2 7 15 66686 0.9211293774862198
13 26 23 7 75663 0.959196979679836
29 25 6 14 74070 0.920989864269776
12 10 1 10 49798 0.9812427102686834
14 9 24 2 44253 1.058561141774418
20 20 25 27 43994 0.9416852826089024
4 26 12 16 55565 1.0378665017392854
17 22 18 0 60460 1.085488211230385
9 22 14 5 64817 1.092052857695261
25 0 23 13 39821 1.082646636623971
14 22 1 26 51414 1.0495678463263471
11 6 22 14 52268 0.9747629467677539
1 29 21 14 80151 1.0971942800349945
7 18 15 2 64936 1.0030022076192184
21 25 11 9 71571 0.9836878055123813
24 24 19 8 64185 1.0371601424351853
7 5 24 17 69323 0.9572545733338854
25 23 27 11 35593 0.9384206183667549
2 15 9 12 25466 0.9842959858767125
19 5 21 22 57542 0.931255097111473
20 26 28 20 45424 1.0139019824755335
18 21 26 23 37033 0.9346894032135177
19 29 17 10 60018 0.9327508979065032
14 8 27 16 52531 1.0828480209419191
28 27 20 9 71801 1.0210088902258678
22 10 23 25 50164 1.0728902926050157
10 5 17 28 82964 0.9429858804014748
4 9 14 0 52629 0.971918884198777
12 20 7 14 38464 1.069343422421998
17 21 2 4 76143 1.0479592605839145
13 29 0 8 83898 0.9710326760435134
12 9 15 18 39214 0.9250117361291372
29 4 23 13 34326 1.047139289726015
18 7 8 14 36320 1.0845202679809443
10 2 19 1 26021 1.0389036091324837
26 21 0 3 87015 1.0089210412053173
21 13 7 16 35314 1.0111715787798665
3 8 22 12 58846 1.0970267997918157
17 4 1 3 54061 1.0773834415717105
9 12 0 8 30772 1.0126395232769916
5 15 19 8 46248 0.9819084951476311
9 29 20 11 86500 0.9420997522396902
14 1 15 28 90253 1.0062942663538108
5 4 3 24 66773 1.0650510078340283
15 16 25 6 54993 0.9583068455748436
18 1 9 7 42136 1.05988145385939
13 4 1 16 59693 1.0046278367526447
9 0 27 16 83722 0.9481078172332003
22 27 24 14 44920 0.9403607280853065
10 27 26 17 71536 1.019714859876224
23 25 13 19 51408 1.044084838751644
10 22 25 28 68379 0.9523456668190485
19 17 7 23 59069 1.0193883023924937
4 18 25 26 83917 0.9755938853692065
8 28 12 3 88116 1.0748363168971502
4 7 24 11 58347 0.922995799714886
27 29 26 3 60586 0.9995852343589118
28 29 16 6 89101 1.0062219830735002
7 14 20 26 61965 0.963488265271889
21 28 4 26 63274 1.083361237107531
17 20 19 28 31711 0.9435073728801167
15 27 17 3 76902 0.9398866619022195
22 6 3 14 63277 0.9866384591683341
8 8 0 17 41868 0.9962910149672702
1 1 27 22 104378 1.059485126435647
29 29 1 20 109548 1.0194053774234466
1 5 21 23 87384 1.0841557224414855
14 0 27 4 42700 1.009348267111212
0 14 1 24 30256 0.9912185970050643
20 27 8 10 70984 1.081062598502856
28 2 8 4 53485 0.9905826760791123
26 19 3 21 84025 1.0145195402443719
24 21 20 7 56783 0.9201154141940451
25 9 21 22 52601 1.0545678706878843
2 10 26 24 79332 0.9396583158985444
16 19 19 5 48339 0.9253616511709662
27 4 1 14 75429 1.0076135251493488
7 28 24 9 86922 1.0082958711111816
18 10 12 25 51644 1.047663610933618
21 13 8 9 35692 0.9766721203874872
9 3 23 21 91583 1.0115960755565245
12 6 26 0 50209 1.0562976354616982
4 12 12 26 62298 0.9470729155419727
18 15 8 9 33788 1.074355323342258
1 24 17 16 75820 1.0812597088181815
24 16 10 9 58088 0.942654387861921
6 23 14 13 41517 1.0779083855057348
16 24 2 20 58768 1.0926532874761565
9 0 2 16 60601 1.0266365354595925
5 15 16 29 74622 1.0428281221862166
23 26 25 5 57683 1.0177666680745863
3 24 7 0 86368 0.9624768975916321
13 1 2 8 45153 0.9065043720087104
19 20 28 1 72583 0.9702977761951089
4 18 18 6 58360 1.0558538047214256
19 13 3 7 47045 0.9156783882078351
16 19 23 7 55185 1.079613952771812
25 4 1 17 87486 1.0722351081112906
5 24 9 5 58369 0.955703392488665
13 11 29 19 54086 0.9267948557085073
24 12 0 6 61208 0.9967134329725735
21 14 18 5 29304 1.0692062686941055
9 6 19 15 55280 0.9594947287977421
26 28 29 7 51509 0.9012381368579134
8 12 11 27 58746 0.9126479728534119
26 8 8 26 84543 0.9514000826896849
0 2 16 29 103188 0.9209955455821103
2 20 6 8 45031 0.9097472678071521
9 29 28 5 107688 1.0264767208299808
18 27 22 6 66283 1.0003519329101602
17 24 6 12 58198 1.030943902050586
7 12 26 17 47076 1.0944322660978685
3 2 17 26 93793 0.9977883663685548
25 7 29 21 45140 0.9704550252524118
29 20 3 28 97058 1.0334978112362074
18 29 15 4 73336 0.973457491866827
17 5 8 15 48273 0.9667978378591989
4 10 12 19 53807 0.9689672629800798
4 7 8 22 47290 1.0819900143046572
15 25 25 10 61508 0.9795897373144865
20 13 11 19 44431 1.0408056502986922
2 22 16 24 53707 0.9112513315522691
26 7 1 4 74019 0.9642702605460337
6 9 1 25 51821 1.096163263227044
6 21 20 12 51555 1.0226778527267397
29 11 14 18 51286 1.0426864512390686
16 18 1 19 57255 1.0713573182825322
20 9 12 14 34203 1.0551430199622305
15 13 0 17 36998 1.0329945328127497
18 19 3 12 45943 0.9199257653093952
2 16 10 11 36535 1.0798578403692052
20 1 21 19 72609 1.0376863099067875
23 25 13 18 50354 1.03515749695972
7 4 11 24 80696 1.0506052485941808
10 0 15 14 61834 1.0371209269390338
17 19 28 11 49480 1.0575807248446973
26 10 14 27 68843 1.06383133440308
27 13 3 20 75111 1.0141453858385945
25 0 18 24 76287 0.9597291936777075
5 25 24 1 100694 1.093655261818827
11 28 22 9 78360 0.9939443766205266
25 23 4 28 74595 0.9483209372587458
11 23 9 9 62053 0.9443850004975193
21 12 7 21 60289 0.9525057492571474
20 29 18 15 45210 0.9935893860606195
14 14 26 17 35602 0.9993463174492024
16 8 23 22 65559 1.0564530064668436
0 26 12 15 59389 1.0289498313060348
3 16 18 3 66922 1.0211161412222347
4 25 29 21 80494 0.911379475908471
0 27 25 20 91842 1.0996467724538408
10 0 25 13 73167 1.0494306899690722
26 17 14 19 45938 1.068705945286745
25 22 9 28 67932 1.0459546403616677
29 17 23 6 46586 0.904323835481136
2 10 5 18 28259 0.9412881134001765
3 10 16 7 61736 1.0215120651321659
23 13 2 17 51896 0.9354788480626083
3 2 12 17 66344 1.062657434675814
13 15 27 21 55783 1.0863039129225505
9 11 18 27 58322 0.9049721655462484
17 7 7 26 75975 0.9852669180418063
13 17 25 12 39339 0.9121100489116822
23 2 14 13 48742 1.0446518320846558
11 26 27 13 71715 0.9222402651810837
8 13 27 0 70980 1.095646156770629
15 22 24 19 43702 1.0299926727189872
16 11 6 22 53109 1.0832690401134584
6 17 25 23 74769 1.081114060271844
3 7 7 0 36374 0.9860424187799005
11 28 0 10 74852 0.9257594452477855
17 9 4 14 44054 1.0299526618305859
24 7 29 2 25867 0.914891386168101
19 3 18 28 68526 0.9411612269231273
4 11 16 9 52415 0.9571867024925964
21 2 27 15 45533 0.9452532669353242
3 15 16 4 66625 0.9788646113397401
16 3 1 15 74628 0.9033945235784455
29 27 9 26 67506 1.079559933348429
24 29 18 21 41007 0.9205834112574603
28 9 27 26 51181 1.0587466357554052
27 15 9 6 73228 1.0585557725782135
22 24 6 22 57854 0.955455778048176
24 22 4 21 78720 0.9385180534443698
11 29 24 7 90952 0.9031766518738863
17 18 3 25 60436 0.9859216017032568
15 16 22 24 49911 1.0209731958833823
9 23 20 2 86551 1.0816473714664678
21 13 9 26 65279 0.9138522196555546
22 25 2 12 75192 0.9465195239652494
17 13 11 2 46438 0.9267554502662427
3 21 20 18 70217 0.9195353208584197
29 19 10 17 75365 0.9304450877006166
11 19 27 18 64098 0.9934830084023646
25 25 3 10 89374 1.0616363198373961
10 23 29 28 72262 0.9089996467996713
25 9 6 10 58296 0.9228286111313833
23 2 20 24 78956 1.0194752762000696
16 18 6 13 36626 1.0542542025778465
17 29 21 9 69423 1.0922958197546961
9 29 28 2 115479 0.9301532025326572
27 25 17 21 43370 1.0330337034047181
16 3 7 2 29168 1.0938228209492737
6 0 20 28 103334 0.9314704782112141
15 17 14 4 46199 0.962650900362208
29 13 14 4 57526 1.0534725529331928
8 4 28 22 90052 0.914315800257827
0 8 21 6 66612 1.017036591400396
9 3 20 4 39641 1.0988367496877518
24 11 18 20 32962 0.9223895901322741
23 5 5 28 97549 0.900222387480213
29 28 10 2 100397 0.9287002603326076
