5758 5272 3289 4066 4577 3486 5565 3297 4474 3332 3941 3015 2882 5678 5559 4106 2677 5331 4752 3465 5415 6333 3175 3545 5201 3095 4488 5895 3832
5807 6408 5992 3273 6586 4572 3291 4656 3248 4993 4322 6673 5427 4282 6283 3389 6577 5518 3288 6194 4661 3496 4892 5069 6530 5400 3113 5493 5150
3349 5307 2427 4364 2405 4443 3167 2871 4213 5488 4144 2760 3041 3715 3803 5524 2422 4700 2208 3978 2719 4808 5527 4057 4233 2227 3255 3112 2050
3576 2952 2815 3261 2653 4897 3354 3813 4770 1263 1741 1268 2397 4534 3094 1547 1351 1650 3255 2913 2000 3153 2298 4552 1265 1748 3736 2204 3316
6975 6372 4197 6288 4755 6648 6287 5963 4394 4776 5484 4868 3666 6660 5542 6147 6022 4252 5356 4865 6532 6747 5119 5471 3614 4188 5068 6977 6726
4285 6689 4119 5397 5590 5423 3777 5903 3657 4936 6245 3362 4422 3528 6365 5479 5998 6055 3410 5760 5153 3883 5038 6603 5316 4467 4397 6307 6482
7259 5446 5236 7982 7330 7322 7237 8393 7259 6705 6384 7123 5862 8675 7378 6159 8225 5587 5154 5368 8555 5120 5735 7828 6235 5611 7490 6045 8244
4418 4628 6974 8048 5244 5429 4596 6213 6988 7362 5041 5424 6759 6386 5091 4883 6394 5969 7041 8126 5024 6205 7992 7269 5539 6312 6934 5590 8065
4667 6671 6806 5101 8062 7264 7076 5452 5182 8332 7598 5922 5439 5314 5121 7544 5616 5031 4983 6072 7937 7590 6505 6227 6900 5241 5253 6227 7571
7209 6201 5428 3871 6782 4654 6709 6229 4414 3979 5382 7009 5343 5032 6966 6414 4986 5748 6859 6136 6306 5327 4428 5110 6184 4857 7042 5579 4550
5575 4699 5594 5548 6321 6700 4563 6064 5510 5236 4459 5742 7941 6277 4892 5068 5246 6658 6372 4489 8070 6316 7615 7055 6000 5447 4817 7860 5114
3768 5533 2853 5988 3516 6356 5089 6348 3529 3933 4812 5086 6055 6568 2862 5103 3708 4609 3582 4751 4513 3814 5960 3640 3294 6489 5050 5038 6002
4176 3740 7130 5236 5282 7004 6873 5751 4508 6392 4533 3536 5048 4415 6682 5613 4596 3545 4767 3998 5909 6985 4001 7151 6880 6813 6285 4679 4878
5499 7622 5307 7766 6262 5892 6229 7940 7198 5710 5683 6033 7839 6641 6559 5563 7821 5894 6510 8183 7095 5746 7403 6233 4785 8067 5877 5927 5646
6357 5350 5861 7273 7255 6729 5743 5262 5700 6639 6874 7445 5187 7737 5559 6557 5616 6398 6144 4896 6359 5854 6223 4716 6070 6471 5419 5537 7000
2813 4323 4704 4812 1660 4186 2886 4111 3321 2039 3896 3179 4066 3796 3591 4723 4098 4396 3103 3268 3231 3724 3750 5278 3691 4367 4636 2982 4130
4540 4083 4813 3352 3443 4648 4419 3754 2750 3347 5958 4849 2801 6244 2836 5408 3653 5642 2744 5517 3482 4045 3675 6042 5303 3464 4285 6235 5106
4502 6269 7228 5074 5720 4332 5174 7226 7487 5323 4700 7347 4395 5645 5796 6679 6750 6926 4474 5794 6732 4560 7755 5792 5549 7443 4343 5993 4719
3330 3556 2222 3790 4148 3001 3148 2351 3525 2650 1673 4496 3272 3168 3143 3146 5200 3528 5320 3913 5136 3684 2635 5143 2305 3757 3214 3562 3102
4479 4007 5511 4367 2348 5684 5846 4109 5776 3294 5279 3720 4019 4367 3761 4665 3634 5572 4951 4508 4691 5381 2792 3876 4098 3637 2789 3813 4976
3948 4602 4104 3665 4632 5523 5301 3229 4577 6176 5521 4987 5064 4851 4327 5781 4538 5855 3988 4850 3515 5035 5108 6174 4083 4545 3378 3649 4261
5250 7170 3951 5373 7526 4276 6019 7299 6688 4087 6303 4112 4352 4579 6916 7276 5054 5658 4061 5023 4326 4895 4984 4862 6476 5282 4538 5779 7236
7044 6365 7770 7555 8663 5984 6066 7491 5518 6390 6055 8155 7429 8622 8688 8212 6665 6313 6639 6316 7606 7923 5274 7812 5300 7914 5278 7778 6908
5757 7426 4831 7123 6179 7734 5246 5803 8191 7221 8442 8183 5124 6728 8283 8474 7903 5761 6562 8479 6353 8094 8551 6276 8267 7871 6775 8279 6535
5920 2349 3262 5588 5209 3649 4813 2764 4606 3209 3625 3470 5413 4615 5001 3899 3888 3148 2696 3086 4862 3345 3549 5368 4619 4518 3339 3195 6019
2778 5946 3088 5492 3711 6372 4888 5527 5546 3974 2767 4413 4487 3147 3826 5445 3797 4348 3223 3826 3768 2854 3031 4394 4350 4001 2869 4531 5203
5495 4063 5268 2822 6331 6388 6268 4154 3211 5521 5297 4245 5660 5465 3663 4764 3675 5281 5173 4642 5765 3433 4715 5136 3865 5370 4733 3067 5967
2837 3292 1927 4143 1280 3269 4651 4076 3959 4744 2043 2141 3557 1861 2322 2338 2597 1260 4458 3361 1921 4572 2931 4287 1682 2984 2247 2775 3680
3428 3746 5384 6248 5105 6030 3310 6161 5006 3654 3882 3354 3117 2813 6070 5097 2681 3691 3337 4300 4480 2781 6292 5040 4678 6296 5649 2836 4454
5513 4776 6450 4829 5512 3884 4271 3036 4093 3302 6115 4398 6709 5040 4748 3212 5733 3111 5713 6131 5350 5284 3782 4834 6218 5109 3257 3283 3204
3139 3711 3885 3403 7578 2962 5056 5587 2271 4709 6417 1480 4801 7630 6097 4803 2460 2225 4744 4454 2342 7052 2161 5500 6486 3443 6670 7432 7081 2559
3936 5746 3952 5062 4495 4173 5775 5600 4527 5159 7125 4155 2695 6337 3800 3980 2165 1762 4737 2285 4411 4490 2105 4664 4690 5486 5751 3975 6037 5548
5013 6166 4685 5561 5713 4672 7299 5922 1668 4829 5617 3567 5034 8189 4825 2065 2705 3415 1624 3420 5459 5947 4498 5748 6116 1747 7730 5919 5862 3065
2347 5394 7496 2795 5547 3899 7350 7313 1450 6379 8736 4622 5417 5795 3107 3641 4310 3580 3947 5090 4534 6889 5053 4391 6672 5243 6021 4220 7218 4262
4093 2717 6669 2633 5416 2828 5423 4805 2092 6333 7734 3715 5416 6793 4385 3031 4558 2276 2071 1899 2085 5706 3691 6515 3720 1970 7678 3981 5341 3523
5693 5483 6649 4834 4912 4635 4853 3943 2707 6874 7005 2012 4161 6144 3741 1762 1791 4540 1363 4698 3204 7268 1992 4429 5412 3557 7696 5921 7154 4740
4336 4085 4706 2868 5913 3527 4968 6843 4798 5188 7922 2380 3112 8434 3105 3919 1514 2930 1634 3475 4269 3840 2838 3518 5746 3027 4600 5897 6880 5743
3150 5346 5167 3740 7413 2854 7546 5845 2913 6895 8593 2085 4650 7546 4164 2566 2391 3098 4905 2315 4514 3820 4628 6107 6515 4704 8170 5111 7948 3651
4408 2780 6777 2919 5249 3978 5721 6484 3365 7470 8069 3805 4271 8009 5986 1559 2328 3943 3527 3833 2914 7356 3759 6669 5054 4853 5496 7084 6704 3090
3053 3765 4050 4980 7521 3874 5097 7286 1356 5991 8721 3270 5654 5188 5256 4104 2243 2982 1244 4444 3544 5167 2167 5792 5188 4497 5630 6609 8430 2443
4443 5928 3973 2156 6850 5062 7643 4570 4217 4441 8619 4885 5183 5383 4900 4348 4870 5013 4865 3159 2845 7175 2123 5488 5371 2305 4505 7427 5695 3177
5611 3758 3820 2254 6777 1385 6900 6079 3952 4893 8347 4450 4011 7068 4777 2334 1784 2945 3075 1838 4024 5601 1362 5375 3757 2645 5761 6244 8246 4827
3951 5369 3995 3171 5073 4305 7161 5058 1753 6849 5695 3203 2789 4847 5654 3490 3054 4060 2927 4305 3998 5403 2506 6575 4419 2203 7362 4094 8793 3547
2267 2991 7295 3462 7509 3672 6693 6589 3628 6231 8529 2121 2862 6732 4711 3020 3344 1679 4662 3798 3903 7276 3137 6478 3540 3568 5665 7347 6804 5073
2692 3241 4890 3246 4466 1483 6524 4040 3962 7544 6289 4773 5437 6498 3982 3276 5103 2702 4495 2093 5107 6099 3473 3868 5045 2374 6971 5008 7708 4881
2767 2936 6054 5672 6716 5068 7748 7314 4368 7224 6180 3595 2412 5099 6474 1932 4070 2568 4468 2914 3996 6813 4709 6488 4805 4454 6848 5651 8058 5315
3508 4461 6359 2312 4587 3623 6360 4324 4019 5395 8474 4270 5639 5302 4498 3578 3559 2153 3910 3400 3751 6957 3424 6326 4023 4108 4919 5580 5225 4858
3492 2811 6455 4287 6340 3791 7186 6341 2404 5124 7526 4263 5141 7605 4703 2900 5258 2335 2574 1617 4395 5297 4748 5536 5571 2810 7158 6034 7475 4228
3635 4443 4581 3790 7534 4455 7558 5831 5010 3925 6982 2637 3446 6718 3473 2359 2169 4630 2645 4619 3028 4552 1505 6897 6337 4667 6596 7180 7062 5513
4667 6058 5245 2796 6751 3067 5425 5032 3780 5124 8650 2145 2903 7024 6675 3080 3461 2239 2812 4843 3966 6645 1670 3893 3410 1890 7539 5175 8048 2423
3706 3932 4397 2558 4779 1958 4288 5959 2356 6072 5635 3958 5344 7186 6275 3841 1821 5217 2273 3858 3360 4659 3124 4321 4139 3026 6607 5840 8280 5948
4155 5242 4122 2478 7884 4872 5115 6404 1833 4957 6243 2419 3928 8199 4951 2361 3568 2935 1767 3753 4187 7027 3754 3284 4052 2932 7772 4600 6782 5836
4583 5507 4236 4374 5848 1968 6089 5047 4184 7449 6545 2592 3855 7597 3583 3233 1660 1580 4274 4430 2224 7275 2024 6437 5851 2023 5356 4606 7998 3806
3341 4192 5815 2720 7064 3209 4544 5423 2312 6830 6011 2610 5040 5143 6389 2218 4991 4301 1725 3845 5031 5808 2311 6833 4667 3680 6268 6209 7570 2299
5339 4762 5532 2499 4894 4114 4649 5057 3750 6656 8914 4317 5746 7821 6133 1990 4152 1861 3145 4110 5278 5590 2725 4600 3026 2174 6196 6440 8796 4399
4734 5669 6158 5651 7617 1880 4899 4918 3699 4479 5602 1624 3470 7233 5667 3874 2022 2206 4332 1573 2306 4841 3461 6307 5108 5311 4590 3857 6087 5683
4590 4247 4977 4780 7223 2233 7697 3786 2954 6997 8563 1485 3826 8135 4676 3771 5265 3504 3399 5076 4451 6956 2922 6313 5033 3282 8003 4877 8289 3703
3907 5844 5344 2925 4761 4406 5546 4749 2732 5541 7082 2431 3483 7342 6232 4616 2587 3931 3422 4916 2969 5945 3029 5401 5654 2771 6605 6867 7557 5250
2566 4594 4208 3884 5477 2863 4820 4741 2148 6674 7801 2856 3945 6888 5423 1789 2849 3667 1412 3345 2087 5445 3874 4087 5421 2026 6769 6684 8893 3459
11 1 5 14 76463 0.9706690272115548
6 2 29 9 100337 1.0855314004884415
27 23 0 3 135603 0.9202674041401053
18 24 8 18 53694 0.9382277308856835
14 17 25 8 63256 0.9513885096464254
14 26 20 10 79070 0.9245300391115294
9 23 17 28 52059 0.9027900550670264
16 25 6 11 89320 1.0688992181713208
18 10 3 13 58787 1.0249624241138793
24 25 5 11 106719 1.0052175267597867
21 26 22 4 105838 0.9417705782299444
13 5 3 13 57820 1.036564991505658
19 1 15 29 110544 0.928643077606116
14 23 23 11 68572 1.0373390205835729
2 21 2 1 60796 0.902923834092326
17 1 29 13 72291 1.0387787412376093
10 20 13 12 44489 1.0657326258852369
13 16 28 13 58363 0.9316243719673932
14 14 25 19 48446 1.0030117382380985
7 24 27 12 97130 1.0315162255805723
25 2 2 12 101243 1.0154672068834139
8 13 25 20 76616 1.043186880856275
28 26 21 14 62837 1.0293381105881623
0 17 22 23 83455 1.0224634459975863
18 4 19 16 39890 0.9762381362524324
21 2 6 3 54162 0.9230393044381976
1 26 0 3 78501 1.0370072149986198
8 16 9 27 63870 0.9236841271258903
13 18 1 10 57443 0.983289621020506
23 20 28 7 55919 0.9095013799492045
9 28 10 5 119622 1.0376893608751803
9 19 21 23 51584 0.9533597794179465
13 12 16 21 46818 0.9505008152680559
13 10 20 23 72383 0.9644702360012054
14 14 16 28 65273 0.9996451692915642
5 24 24 11 103190 1.0083133611137602
24 22 18 13 47382 1.0287489416533968
3 23 20 14 73393 0.9083684106942469
7 3 26 9 83517 1.0461102671274265
20 3 14 7 36025 0.9525935305542987
21 4 7 29 138583 1.0416470440391015
5 23 28 9 106386 1.0720458129570325
13 10 22 16 49784 0.9413058688145384
8 15 10 2 75522 0.9879727828359377
3 24 6 3 70026 0.9244593023237383
15 17 9 10 51537 0.9301127770862369
22 8 7 18 79910 0.9224079347129379
8 28 1 8 84468 1.0815349188219827
15 15 6 12 45767 0.9109075178148768
1 3 29 13 116570 0.9346063603178325
21 11 7 15 55926 1.0587761594288516
3 23 5 2 64759 0.9782337452119643
3 22 29 27 95169 1.0660849829670505
7 4 18 24 111690 1.0398471055228704
26 15 15 12 42819 1.0896390367703273
29 10 24 15 30918 1.0141304114168443
25 16 26 5 44481 0.934977458712317
14 5 11 24 83175 0.9558317518244739
18 16 8 26 70246 1.0749151503716696
1 21 1 7 48773 0.9207275760297899
23 26 8 13 98518 0.9515882015023899
22 5 6 21 106204 0.9638605445481288
19 15 9 17 37142 0.973674537471037
17 4 0 15 90254 1.0631419353834919
4 10 19 19 77669 0.9766538035512725
27 0 10 16 101608 1.0438348184167296
0 14 3 23 33615 0.9085751076944475
23 11 11 23 77392 1.0684898377564245
14 21 12 4 78731 1.0350100625323584
28 26 13 19 68018 0.9702200981042994
3 14 24 29 110371 0.9854341740008514
15 3 3 1 44825 1.0637344283548873
26 22 24 13 40726 0.9943829553840718
26 2 18 6 40842 0.9751539669607202
1 3 18 9 72831 0.9098571940762857
23 18 22 1 79932 1.0715220486491601
26 2 21 7 40759 1.0002568347999479
8 13 5 24 57103 1.0829348016513731
15 14 25 26 70586 1.0025768331232692
17 17 8 27 67964 0.9768041783006287
16 12 24 16 39175 0.9517695647102378
29 16 1 15 86006 1.045049304450676
2 4 4 27 67309 0.9017789403364187
1 13 10 12 42055 1.0952703092728266
28 15 6 17 74432 0.959805990981417
22 8 27 17 40178 1.0542048482365132
9 12 25 25 97886 1.0077750411475765
18 5 27 21 65951 1.0832249390389397
5 14 10 19 38218 0.976646822854842
15 0 6 13 81741 1.0254342817397601
6 28 4 9 70311 0.9976926422636435
17 7 25 21 71663 1.0932811839833536
2 11 13 5 57722 1.0395254923182005
7 16 4 3 53560 1.0505617980512167
16 4 18 17 49630 0.9113889381375746
26 25 28 9 52537 0.9337914380707103
8 21 20 23 47188 1.0565551407512335
1 3 14 10 66892 0.9593822737030158
21 26 6 11 105057 1.0499335888239203
1 27 3 8 54255 1.0463275888363124
1 29 20 21 83874 1.046603664864281
18 16 18 2 43733 1.052237623577091
29 8 21 24 72775 1.0598116556630461
18 10 2 25 86943 0.9270666867182918
0 1 18 20 108917 1.0918212709024004
5 14 15 1 80234 1.0483301577429494
16 17 2 1 88660 1.035787767267842
9 12 14 2 64499 0.9285505290595604
28 0 9 26 137814 0.9294042805344833
7 10 22 13 69970 1.0899256373208588
19 29 21 14 71445 1.0109393802428295
19 28 14 7 91533 1.033342246874517
15 5 11 11 34986 0.967480430597392
24 23 25 2 82089 0.9501896064774809
25 0 9 19 111270 0.9145064326845687
14 29 11 13 80791 1.0344695194399693
18 16 18 4 37721 1.002909113857555
1 14 18 5 80082 0.9886509103770676
11 20 3 24 39912 1.0119162180420072
19 12 6 21 74454 1.0812334204635456
27 9 27 28 54081 0.9359253962944974
21 27 4 24 70092 1.024255047356987
14 11 4 25 77068 1.0328053769124648
2 16 12 27 71041 1.0564213121030377
24 14 23 23 40307 0.9056346571235102
27 17 29 26 34378 0.9981733354593907
4 16 19 23 66976 1.014332273200371
7 12 21 2 82967 1.0055304891379127
22 9 1 28 123505 1.0599731030589967
4 10 14 27 95845 0.9341266390606218
26 9 5 15 84765 0.9763617796904622
24 5 25 17 50618 0.9604601427052113
1 0 6 9 47445 1.0062094330647486
8 3 15 15 63731 1.0886990407588168
17 16 27 21 45150 1.0626571275916685
25 20 2 10 95298 1.0216338402175626
19 24 4 15 74804 1.073766703097394
22 16 6 3 92342 1.0402538059877797
17 2 19 20 71020 1.092917071026586
21 5 24 18 62149 1.0940328954393852
25 3 2 25 128877 0.9476172355455525
16 5 7 0 49560 1.0948301318541316
8 21 29 16 80415 0.9316850512270827
21 2 29 11 57367 1.0031863677054176
27 16 3 24 94756 0.9648836962442648
18 9 7 5 51120 1.0341209481390672
28 8 2 22 115431 1.036990774486106
20 7 1 7 69142 1.0477846720784778
6 1 15 2 41586 0.93520286170896
5 23 10 7 72885 1.0358986022627978
19 27 15 3 97224 0.9776554988991535
2 28 3 16 32778 1.084747035246838
4 5 5 29 77803 0.9433876331434814
3 19 15 19 40947 1.0884256223650648
24 16 3 13 73904 1.0731225987788862
5 13 10 4 56845 1.027521913690777
20 7 1 25 109287 1.0290650529494074
3 5 24 22 109903 0.9354970077705924
17 28 9 9 109130 1.064909148092038
2 2 8 16 56523 1.0874530910219038
2 8 22 13 80709 0.9092880347453645
16 28 4 5 118398 1.056497253013077
4 1 0 18 63837 1.0492118204959704
13 9 20 20 66223 1.0608208422175827
14 22 14 5 66570 1.0929008230910273
22 13 2 5 91190 1.0360908049534325
29 8 12 6 67516 0.9582233389435323
29 22 12 1 112951 0.9730549685928382
11 14 21 18 41100 1.0764656086058215
0 0 12 5 59245 0.9458862170788733
24 25 8 24 58420 0.9228708172687778
23 7 21 21 70165 0.9328302552292642
26 12 2 17 85785 0.9541150072333036
0 26 29 17 114793 1.018916172282173
8 12 21 19 68156 1.0367872384543761
18 0 26 13 65601 1.0661411779671677
25 6 20 20 70223 0.9836067423337234
0 8 3 18 32081 0.9110297932294342
19 3 3 6 65930 0.9016056323764224
22 16 12 17 31716 1.096878426779447
22 13 4 8 77591 1.031192433279182
21 14 9 1 84508 0.9078696572071238
9 17 27 1 103110 0.9746087000371151
10 25 19 9 81128 0.9159491739791683
15 0 2 20 97113 1.0186192806356014
14 15 9 22 42688 1.0261038050802973
20 29 15 13 74280 0.9745529180328757
28 21 24 6 57787 0.9595489449099276
8 22 21 20 46493 1.0398529011847473
4 17 14 8 57776 1.0311675882962459
1 26 23 6 127972 1.0799077388056115
25 20 4 9 97323 0.9312722797656231
12 15 20 20 43090 1.0877807624447793
0 19 14 17 46486 1.0438000702697001
4 12 25 17 84015 0.903749602279196
11 23 0 13 69206 0.9817351175464075
17 2 17 22 81717 0.997504240417384
29 24 1 12 118718 1.063380234254598
12 23 20 25 40105 1.0172226805113982
0 1 19 26 133645 0.974782018611054
19 17 14 26 50972 1.0936664209113245
26 10 13 27 101905 0.9736424860483378
3 29 19 18 80858 1.0330980961474476
5 22 24 25 66688 1.0859132445363002
17 8 3 4 59297 0.9311632067397871
27 29 27 6 70447 0.9851824410634035
27 13 1 18 87279 0.9470476122193257
8 29 1 18 58097 0.9777100426983205
20 21 23 14 43828 0.9216212161107701
18 13 21 5 33596 0.9150593045966088
9 11 26 26 106557 1.0618196262329533
1 0 22 19 119505 0.9882505144268162
24 2 6 7 83786 0.905846835240016
23 0 3 11 101050 1.0771842275863142
17 28 2 15 90168 1.04554867379485
29 11 12 21 78563 1.0987488543909938
18 5 17 17 41108 0.968722074312881
16 7 4 26 95135 0.9971390374819501
27 11 8 9 69841 0.9973701710553734
29 17 18 10 46614 1.029089835327303
13 2 25 21 102025 0.9135525340699056
25 23 14 16 54143 0.9014742594273426
25 29 3 8 128051 0.9300618686285005
12 4 12 17 67075 1.052038530304269
9 0 3 11 59122 1.0834445068226066
15 20 28 4 85224 1.0007695692930965
26 14 9 20 70067 0.9738159145315516
23 26 29 8 76467 0.9955956173228779
0 20 9 3 75418 0.9764287159419904
14 20 29 24 63817 1.0813441036284115
19 22 11 19 34203 0.9275311448581
10 9 7 20 67685 1.094733294093893
5 17 22 8 81117 1.0097557402969919
11 13 18 2 62335 0.9718763372645133
20 17 8 9 70901 0.9478868093753098
29 29 21 15 66504 0.9540507468741231
22 26 25 8 79068 1.0775879259035586
4 3 26 29 150029 1.0218045432326401
11 18 21 14 46504 1.053363699102716
2 24 20 1 125195 1.057532459610099
24 26 8 3 130279 1.0901823267732609
5 0 28 29 162700 1.0106328856991997
12 6 22 11 51765 0.9111753242474819
15 3 24 12 55133 0.9257024915636679
15 9 23 13 43822 0.9119888377657782
0 22 8 12 54610 0.908041713028123
22 27 28 8 82205 0.9978579250662338
6 28 11 9 95129 0.9306953687051596
16 20 0 14 66432 0.9856580524260274
17 21 5 8 84032 0.9375920540472837
2 11 19 23 83541 0.9889241716747001
7 19 14 23 39245 0.9512780685315326
21 7 9 5 52038 1.0339253389144056
0 11 13 19 58324 1.0329692770977124
0 2 27 22 135961 0.9439160752853659
26 26 26 12 49625 1.0581019595257941
18 29 8 16 76143 0.9380038514498752
16 27 20 16 55706 0.9932287134580894
14 14 2 23 63248 0.9495643743842674
29 17 17 8 55193 0.9766144889957712
24 13 2 27 103381 1.0063248881677174
10 29 8 19 60812 0.9978079036925063
4 10 24 21 98496 1.0749914233994071
28 26 23 4 87835 0.9146029661651593
5 8 16 25 91993 1.0690216715109864
12 9 27 0 74377 0.9446394135240939
1 7 8 29 86113 1.0158047238915002
27 23 17 1 89981 0.9114775859144606
29 1 8 8 90314 0.9111873589723951
24 11 15 3 51663 1.0743009512506378
28 20 19 4 73802 0.9067844329536474
1 27 6 0 93709 1.0165652784049006
21 18 14 22 33568 0.9403868548197276
27 5 16 3 40405 0.9997318772870039
12 26 11 17 43621 1.0489380421685643
5 16 15 28 72384 0.9413557101607974
2 3 17 9 67624 0.9399675810157359
21 9 18 24 70914 1.0951898803852307
11 15 23 7 65423 0.9300247492252265
18 8 14 16 40163 1.0060959985272044
26 16 11 9 72883 0.9852767322000009
25 27 22 6 90329 1.0153772410116821
27 15 1 6 101930 0.9851329054619711
7 24 29 29 92695 0.9338830182092422
24 28 16 14 73986 0.9310153318016784
26 17 12 14 53412 0.9383741073800547
9 22 16 19 27905 1.0240252871941413
25 13 18 24 56053 1.0996709311910515
8 29 26 20 89362 1.0655962695117367
2 20 14 12 60041 1.0766236742112485
15 25 1 0 117934 0.9966946690836159
2 26 14 18 57630 0.984119341594612
10 18 7 7 59566 0.9777582541520745
9 10 19 14 54368 1.0263175700738751
26 29 15 10 94488 1.0485547152126196
27 20 2 25 89461 1.0988156784249241
28 22 20 26 38902 1.0497300224814181
25 9 11 20 79808 0.9828054637851827
23 20 0 22 79870 1.0890684636797798
27 20 0 29 108212 0.9306737334338153
23 20 9 28 78021 1.0505787916202731
22 9 14 16 55919 1.0281788561627851
3 18 17 11 64095 0.9731515141563379
13 26 9 20 40525 1.0579391858807938
3 8 24 12 74663 0.9354932051678977
14 23 20 18 35440 1.000396602284127
19 3 29 18 72215 0.9042860721421474
10 19 24 27 69536 0.9675359158475486
21 5 29 14 57118 1.0585964463892477
20 19 15 14 32045 0.9266050764585079
1 13 5 4 46433 0.9394212157560385
1 20 25 11 96986 0.9109219619061154
7 13 25 13 70639 1.0598905694570393
16 18 29 1 91291 0.9238568066590993
15 18 15 1 63787 1.0207263133736808
16 19 21 0 80583 0.9406382356620246
22 5 29 11 40556 0.9047682358774926
16 13 27 17 47220 1.0529497009174584
29 19 18 15 43026 1.0707527272464938
27 4 23 17 50710 0.9857792809680632
4 2 17 22 104768 1.0182975165003507
2 1 28 21 135999 0.9345722996759764
23 25 22 1 107602 1.0083635203957417
16 6 2 16 72053 1.0559246214760514
4 20 15 18 42871 0.9838836145489199
6 26 10 6 88740 1.0995465734645797
3 11 11 25 65433 1.0306471023255779
12 0 21 1 34859 1.048304041932567
23 28 18 0 120702 0.953308976572913
19 8 13 4 37409 1.020705153304731
14 13 1 23 73952 1.0884872931868808
7 28 25 19 92656 0.9353846563160629
6 20 20 20 53466 0.9399510631327599
9 29 19 20 71808 0.928576432196651
28 26 28 0 88483 1.0671644829590974
3 10 24 4 86255 1.0832491835553633
17 26 5 18 68933 1.0839668286595954
29 29 25 19 45053 0.9311614912611248
17 1 24 27 109418 1.0807190105274842
23 27 1 28 97305 0.938295591711235
26 29 15 29 50308 0.9065875350549574
7 5 28 11 81661 1.0617143490622398
23 7 21 25 85149 0.942226190564394
8 6 15 0 48468 1.0810195259811541
19 2 0 10 86497 1.0567344095506723
8 26 6 15 56160 1.0194936208686098
21 20 8 27 69479 1.033964457002609
26 19 7 25 77738 0.9715885334552816
20 26 16 8 76983 0.9971220858429802
4 1 22 5 79505 1.0491574027167574
25 1 13 13 84262 0.9877635967906591
1 19 13 5 76113 0.9487306286400716
1 1 13 26 117827 0.9958439009856497
29 7 17 29 100390 1.0207307272097492
29 24 8 17 87794 0.9640898181981165
20 3 27 15 60277 0.9410396489314541
13 14 1 20 54082 0.9207844964401951
25 12 12 0 77086 1.0955445519008342
29 27 15 12 89160 0.9965562530099972
19 19 13 24 38647 0.9108372032288614
27 3 1 18 118639 0.9669217249136843
18 21 6 26 60926 0.9181992719559825
27 11 23 28 68677 0.9351678653089815
1 27 13 10 86591 0.957594862062866
8 27 13 22 38911 1.0511994734375194
17 7 3 13 60078 0.9842467926279558
27 3 22 26 91837 0.9824233952072164
13 4 15 26 90117 0.9074277966475771
3 6 14 10 51737 1.0041356993781716
12 11 22 6 56609 0.9278121661048476
1 8 21 2 82154 1.0623362793132565
21 24 0 28 90556 0.953205671457549
21 21 15 9 60716 1.0120982682961814
27 13 5 0 112174 1.0986461031709958
19 29 5 26 68720 1.0042618526085938
12 23 22 13 75060 1.0589566854295858
28 2 2 21 130078 0.9253945395879617
25 1 3 11 99727 0.903067626488545
26 21 27 11 32772 0.9967701786740288
15 22 5 10 77081 0.9854905756836565
3 5 29 18 111593 1.0064183228117944
24 28 26 13 62731 1.0372621837648657
6 10 24 19 89189 0.9491988888089868
23 14 16 3 60874 0.939890574471436
24 0 7 27 151810 1.0673070060694074
25 10 9 0 88547 0.9211265988064024
10 28 13 15 68701 1.050755119021628
21 0 3 3 72199 1.0274957069617257
7 24 29 18 89446 0.956452954497231
4 23 16 24 50628 0.9074348938050588
17 6 16 25 81540 0.983269992342751
5 3 0 14 51957 0.9241170632977259
26 14 14 29 90026 0.9629679541631835
4 23 13 29 60215 1.0680460757404435
25 28 4 27 88124 1.0770378885777523
28 3 2 4 94874 1.0289392141443694
28 13 21 21 48197 0.9098800630482545
16 5 5 29 114284 1.006975869035782
22 8 4 8 58513 0.9254307767515748
14 0 17 7 37261 1.0809472733811072
23 17 12 29 82090 0.9742749627144545
26 23 14 20 50091 1.0253490665707508
20 2 12 4 38076 0.9038636886551293
24 22 1 11 97787 0.9383596477600157
0 17 5 0 63128 1.0362330154608232
22 9 9 26 105838 1.0170221178803094
1 0 26 28 159178 0.9293544317289573
11 9 25 19 78797 1.0083655886281224
19 2 23 28 118397 1.027384632480947
14 2 24 25 112680 0.9017084823265489
10 0 12 13 69202 1.066688594991431
19 2 15 11 43217 0.9120490058313158
14 25 7 11 84860 0.9397525327592343
28 14 11 8 67275 1.082218207717216
11 13 8 4 58611 0.9605459046181714
10 24 1 2 96920 0.9423572975827097
27 25 20 21 34256 1.0275547400183394
28 7 11 23 99405 0.9566975492830249
11 13 21 24 73239 0.9360053794097507
15 21 15 5 57890 0.9001913654007768
17 20 1 8 79997 1.0042029551437395
2 24 10 20 42320 1.0933462512082461
6 29 28 15 121232 1.0926036645921815
19 17 27 15 28778 1.0255238364707828
23 9 26 28 73553 0.9131112101699836
16 13 21 1 59135 0.9998428355231634
19 5 1 19 89671 1.0283693046088889
12 22 29 12 77799 1.0214213301744426
21 26 4 21 72924 1.0065807038807095
19 29 7 20 72989 0.9837468835991616
23 0 10 17 100020 0.9958884299469695
23 14 0 6 102477 1.0337634013573083
7 17 12 22 35787 1.0156424051010093
3 21 29 24 91778 0.9202319724134936
29 10 1 6 102567 1.0821798782208678
25 28 14 26 52010 1.0368280201622726
6 12 13 3 66334 0.9641714042053939
29 4 29 21 66630 1.0553626399924216
23 14 24 4 47762 0.96132995891087
13 17 5 28 73664 1.0233729750665403
20 8 17 25 73537 1.0676639063314735
2 15 14 19 43692 1.0985506629250843
4 1 19 6 75292 1.0863556373262913
25 28 8 2 144932 0.9169387780621013
3 2 11 27 105539 1.0443912733304854
27 10 13 25 83222 1.0158022489384506
28 25 6 14 100208 1.0451567732314824
8 3 15 15 63731 0.931441081876552
17 15 14 3 50299 0.9225145776753295
20 5 27 9 36189 1.0653579801751654
21 5 5 8 61422 0.9787713451608769
13 16 23 14 43426 0.9462043973080193
19 28 0 2 134975 0.9367294420286985
6 12 28 11 75474 1.0747417176962752
0 17 5 10 36175 1.028810000950557
13 16 22 10 51562 0.9904086853919783
24 2 21 23 93041 0.9724135143431307
11 27 3 15 65679 0.9849087574720645
13 17 0 4 78920 0.9452570548093107
22 22 17 11 58322 1.000695587336135
0 24 23 19 91870 0.9579630352579073
19 28 27 20 49489 1.062942308271695
18 20 29 15 46693 1.0559745047624096
4 13 21 16 64618 0.9557674142606349
0 21 27 6 125540 1.0404320248152765
24 20 13 11 61813 0.996494383000883
8 20 20 3 92440 0.999878631993353
17 25 29 18 54900 0.9198330523872652
15 2 27 29 114767 1.0005430303214335
7 20 8 5 73536 0.9215690312859239
8 4 28 4 78091 0.9991919229699586
19 26 15 14 56483 0.9965358131360031
1 11 23 27 119612 0.9142923293196601
8 20 9 10 60176 0.9518532619383453
20 8 2 15 76906 1.0070686552957357
15 24 7 10 83836 1.0844376752331701
22 2 23 19 81225 0.9381654989688034
11 25 8 10 82351 1.0021928785515037
14 26 13 2 101665 1.0883910795276759
18 21 2 11 75560 1.0525476153120579
12 12 3 27 71500 1.065706753226142
21 4 23 12 48751 1.0068658924562175
12 5 20 7 38954 1.0015946528297492
0 11 14 5 65835 1.0862403842923523
10 11 21 5 57388 0.9173728732500315
13 7 12 19 63328 0.9006528632081651
22 3 2 1 74884 1.088449811521859
21 24 8 24 54981 1.0813304364443967
23 5 29 10 35707 1.0979468788005062
7 16 12 1 86933 0.9112895353492861
5 25 0 20 32430 1.0684839453801922
7 5 23 5 55415 0.9351119937759752
27 5 23 25 76477 0.9460496941730789
5 0 22 18 113282 0.9433171155305978
19 11 6 7 59478 0.9593285525802023
18 10 23 18 41109 0.9636023900437449
18 0 23 18 72830 1.0530976468204627
20 9 26 21 63474 0.9974804643651858
13 28 0 14 94307 0.9470211439634857
5 20 19 19 50382 1.0391367712364121
13 7 26 1 70127 0.9054203777506385
19 11 9 8 40144 1.0828320228717976
29 27 14 7 103028 0.9552794225699256
11 19 25 2 96103 0.9146300414160141
5 8 1 25 53826 0.9081949223438391
7 19 19 27 65146 0.9294429831433968
9 14 26 9 79525 0.9252747350180485
11 12 28 7 73130 1.021181643421369
0 27 22 0 150003 0.9234064527954567
6 15 12 28 77798 0.9464606516656282
1 23 8 18 36254 0.912243310254952
9 19 28 0 112938 0.962427148206791
26 25 27 11 42570 1.049126797795851
24 26 6 19 80264 1.0172380851150138
18 28 6 14 88511 1.0601325925423035
11 6 14 18 66332 0.9883005673869423
10 19 11 28 45132 0.9945917772215389
25 3 16 13 61126 1.0247883336617993
18 6 26 18 56609 1.0238265019945691
21 20 9 6 91517 0.9643715443503061
1 4 28 2 103715 0.9467343756472475
13 19 15 8 46099 0.9255639932615037
14 19 0 22 55684 1.0101514033156207
2 10 26 11 83109 1.0276878775782872
3 12 10 29 72465 1.0656895659580368
29 29 12 0 134720 0.9540485410669767
22 29 21 0 131101 1.0723953444905288
28 16 19 14 33054 0.9950585623859759
15 25 13 3 87513 1.0427124112875092
19 4 2 5 65459 1.0596522730402484
1 28 18 13 92133 0.972978813895753
19 27 22 18 40290 0.932930080578484
27 3 12 16 86929 0.9521474098352035
18 13 6 25 82193 0.9655435838208846
9 26 14 20 43771 1.0872578384516267
24 26 18 0 106598 1.0586747705750363
18 17 28 11 45720 0.9446524375410984
18 27 12 17 53658 0.9271376973045083
2 9 14 18 57894 1.0283770718419558
15 17 10 8 50221 0.9923656288296854
25 18 16 19 27869 0.9205924699481935
28 28 19 0 115038 0.980595132524034
2 28 22 14 100114 0.9689808974124736
2 29 16 3 114546 0.9667337503029898
18 28 3 20 75379 0.9591720880505524
2 3 23 5 79260 0.9954395169010906
0 29 28 4 152830 1.0256219611676094
29 26 0 23 103851 1.0665698061630078
18 17 0 3 92221 0.975902059155793
4 29 22 14 105039 1.0892582175722734
20 25 3 18 73997 1.064925477308683
11 1 22 1 45242 0.9085229552144002
3 2 17 17 84954 1.0000889782209017
5 5 0 17 48012 0.9111326095521103
25 23 7 5 115934 1.0447818593531477
19 22 20 5 69381 1.0674217381697009
18 20 19 5 55989 0.9889817065948205
2 0 8 16 65179 0.9126530555139317
0 24 21 27 87598 0.9481784231625748
27 11 12 26 90195 1.0571750627928251
1 23 19 5 105888 1.0300410437000476
2 24 27 5 130279 0.9649748653330614
17 17 19 26 39824 1.0804419750392549
5 23 6 10 57099 0.9395871292478244
7 6 21 17 83904 0.965979719374357
22 4 5 26 133230 0.9288709703617001
6 16 18 9 56824 1.0335326900625803
19 27 27 21 43755 0.9342116631865636
15 18 26 0 92794 1.0018968733064906
14 27 1 1 125218 1.0862447557616928
21 12 12 4 56424 1.0607300130646782
11 0 9 27 133971 0.9558235415419698
28 22 28 4 62200 0.9372909335198489
10 17 6 6 63070 0.9342750239908897
26 3 18 25 96810 1.0635556500748933
10 23 18 21 36781 1.0720693679398097
16 22 25 5 88216 0.9158563709248608
10 16 5 4 63984 0.9761173960935544
5 20 26 22 70476 0.9640219808343312
21 14 6 6 81345 1.0014466709666396
28 24 17 2 100010 1.057299004941707
13 3 0 28 116838 1.0140220228931451
20 8 19 24 68817 1.0519978947708126
28 10 22 27 75040 1.042318870348441
18 14 19 5 31739 1.0968744816218088
15 1 21 23 95561 1.0009840392549878
18 28 28 6 97279 0.934754579893545
16 23 10 28 45757 1.0165213410584504
3 29 15 5 101431 1.0903976024816793
2 21 22 16 72421 1.0168102081632382
1 9 16 17 67226 1.0050894093793745
20 18 24 3 72936 0.9895104868408449
1 28 21 29 88394 0.9042479548759047
14 0 11 27 117529 0.9047679756530452
6 25 25 20 75366 1.0500726298485255
28 0 3 18 124241 0.9157340766790759
9 25 6 11 68980 0.9029139135284291
23 22 19 29 36553 1.000973229437245
13 24 24 0 117052 0.978376938650694
13 25 21 6 95320 1.0563047147644589
7 5 19 9 55045 0.9110642908511342
27 27 7 7 118304 0.9802406462123652
1 2 19 13 90505 0.9991470458041053
29 16 6 13 84479 1.0501546107779842
22 15 1 26 90810 0.9864900504348799
29 10 16 23 77031 0.9542601125547054
28 15 19 16 33649 0.9995319756436454
20 18 7 25 67553 1.0748936365510928
27 7 10 28 121278 0.9736669466585217
9 21 8 11 59804 1.0337711733947246
2 21 14 8 66375 1.0464260463448232
25 0 13 25 121459 0.9480531116297279
0 0 16 1 63881 1.012458809881848
20 2 18 29 102142 0.9467243400639176
20 29 27 22 47161 1.0986432784904128
27 19 5 8 95611 0.9050622017287043
6 14 14 2 83543 0.9395636140346182
15 27 1 6 106430 0.917831368931738
6 19 28 1 121615 0.9830626788069499
24 23 3 21 70700 0.9293219490803929
13 24 12 10 71679 0.9589088558062479
18 27 23 14 66867 0.9459458723186577
16 14 27 12 43781 0.9248417071198772
12 16 26 8 72174 0.9039183181822018
2 17 5 3 48786 0.9925123616418356
5 5 17 1 57671 0.9963795196858917
19 0 9 3 44037 0.9328609082254193
7 12 0 29 70291 0.9945753188510484
7 28 11 1 127433 1.0623357016290227
23 28 8 5 139482 0.9267383537867274
25 25 26 5 72856 0.9597790855296442
10 29 3 10 75474 1.0187255180572452
10 15 7 0 83439 1.0177880763637526
17 23 28 7 81524 1.0477765166324924
3 6 3 29 61222 0.9439849653155798
20 9 6 10 62856 0.9304585381914696
20 4 13 1 32469 1.0850437475268377
20 23 28 1 94897 0.9086753675603549
26 24 28 12 43981 0.9855343912199448
0 9 8 13 42650 1.0390791128989674
13 4 12 19 72062 1.0403274603458132
23 12 10 8 56786 1.0065766538786856
2 18 20 0 106071 0.9005791206677178
11 24 21 6 96737 0.9782203093256813
29 6 17 16 67945 0.9397822921729659
24 29 8 9 130404 1.0298383384929248
16 21 7 20 38327 0.9194394438283956
19 18 6 17 42581 1.0076634146803745
11 21 8 12 52123 0.9311179884936921
24 0 10 8 74430 0.9115911049388135
27 13 17 21 54796 0.985336582254201
3 27 9 3 86302 1.0740710844003774
29 18 26 5 45885 1.04924584684675
10 21 5 15 44412 0.9265090107683407
17 17 10 14 32407 0.931905201900708
27 20 9 19 63653 1.0637021006080385
22 9 25 28 82857 1.0141230530747614
17 12 28 8 46902 0.9273236319252806
24 28 25 10 66983 1.029266899590232
22 24 8 1 128504 1.0446307701382411
9 24 19 22 38692 1.0870860906441357
2 22 27 25 86504 0.9389749225420571
26 14 17 18 37325 1.0865659757354338
16 7 8 20 73476 1.054279870600729
23 10 15 14 45362 1.0038379195646363
26 29 22 1 108544 1.0664851995008775
12 27 9 19 48742 1.0796662638925894
25 5 18 27 97691 0.9375158792918762
3 18 3 28 27124 0.9347753374197556
5 6 18 28 117289 0.958713286141506
17 21 3 9 75720 0.9977867133009399
7 11 18 9 45043 1.0609221476227817
23 20 0 28 102680 1.007356986233255
28 29 24 19 46237 1.054664717887975
0 10 8 3 51120 0.9638586164108641
5 7 19 19 84782 0.9960168566895906
26 13 13 27 94438 1.0398408081580914
16 21 2 9 73592 0.9819104511985841
17 17 29 1 89400 0.9664197464996415
9 26 7 14 69193 1.0572674885151878
28 21 12 16 62944 0.9113644221073912
27 12 10 9 65789 1.0039606255045768
21 3 9 23 99271 1.02362353312329
27 7 3 23 115057 0.9476036774427501
1 25 26 16 100766 1.0504257089874347
10 17 4 11 41843 0.9588652643295282
0 13 18 28 106126 1.0173853002146658
16 13 4 29 87312 1.062812335556345
27 23 7 28 89966 0.9560108846832762
13 9 10 16 44650 0.9462487160771148
29 19 27 0 62401 0.9600619045491322
7 10 19 2 73528 1.0556277328363621
24 22 13 24 43143 0.9323755438497348
13 20 27 5 86807 0.9109365774516228
26 20 0 14 94401 0.9010435813480702
7 10 29 25 113633 1.0107817155158756
0 27 21 14 103744 0.9356393133037167
22 26 1 20 92403 1.027816248211394
10 11 4 6 42732 0.9219833356988247
18 28 1 1 135772 0.9503320089085746
13 21 12 0 96600 1.0464873178810872
1 10 17 23 90645 0.9227841046406748
1 22 28 16 96772 1.0298021564212523
14 19 11 27 47227 0.9884018968840831
6 23 29 17 87906 0.9158989823308952
15 14 4 28 79531 1.0803570709373735
12 27 23 27 61115 0.9403360303850998
27 12 16 2 61298 1.0254801576570027
29 15 20 18 32003 0.9736752865003029
21 21 15 4 76880 1.0601254815620003
27 10 2 19 92491 1.0356874646269425
15 23 6 9 88923 0.9614908671058757
11 11 21 15 46869 1.0773707068962617
7 11 21 16 62231 1.034553206590798
21 6 26 21 73285 0.9461938556284227
13 4 3 10 58464 1.0779469336494263
20 21 12 6 82674 0.9059627450129779
11 8 25 18 74833 0.9449568297407243
9 16 7 0 81296 0.9410261411581287
11 25 25 4 114277 0.97673788162139
29 14 12 12 66525 1.0477764999502126
25 14 9 5 81336 0.9650954757579437
20 25 2 16 79703 0.9841302969036307
11 23 0 28 60549 1.0487384165582658
9 22 29 11 83451 0.9196165877071126
26 21 10 12 84505 1.0442969703897154
23 17 16 6 56689 1.0811441995948028
27 7 5 8 77396 0.9382732303748098
10 2 23 9 71767 1.0922922220974463
15 2 11 19 73659 0.9418073786011022
23 25 23 9 74303 1.0618929215473907
8 17 17 29 78893 0.918916169045004
28 6 5 3 88522 0.9060964037975933
2 14 21 23 81535 0.9088881831582374
18 20 5 1 106487 1.0466646656016858
7 3 0 10 47380 0.9679856480872308
0 19 15 28 79271 1.0772158727032277
26 12 23 20 38033 1.0596130141622577
6 7 13 18 66561 1.0405518507453235
4 5 25 13 96011 0.9618702837151291
10 5 11 28 113940 0.9024311759559448
8 14 13 28 82797 1.0889161961444405
25 19 29 1 69997 0.9451173268655676
18 8 9 14 55475 0.9068357391178848
29 3 22 19 71480 1.0819909957605987
20 20 21 0 85362 1.071747774809766
12 15 11 25 45268 0.962559550005118
28 28 2 28 106578 1.086956299011755
2 28 22 4 131891 1.0498345024890363
28 23 16 27 55022 1.0258145478056284
25 17 7 15 59435 1.0500354487621588
12 18 20 27 57711 1.023017467872673
7 29 29 19 107575 1.0704678941618113
3 16 12 28 73015 0.9740782340374208
16 4 7 8 44705 0.9028356065862697
21 11 12 13 39549 1.0970174762458558
4 3 26 1 83058 1.0699310931176487
18 9 3 14 65971 0.9723243139276444
9 17 5 24 45854 1.0918662158780459
11 5 2 6 39772 1.0646556527959974
27 16 13 10 60711 0.9809268700247517
17 0 10 10 62271 0.9446593271891572
17 22 5 22 36118 0.9670449717760046
26 6 8 17 97253 0.9350370343655261
6 11 15 21 68423 0.9880105075585675
26 6 0 14 112135 1.0261834137474248
21 22 9 1 112249 1.0673570892144975
2 23 26 29 102508 1.0192169860353057
29 3 25 24 79068 1.0126822987210478
8 5 17 20 86165 0.9983699623651986
0 24 23 20 86590 0.9963354280094376
16 2 2 0 60889 1.0564901063740255
15 24 12 9 71225 1.065022803640462
9 29 4 10 81396 1.0393912485248673
17 18 2 25 66382 0.9579916396129438
14 24 0 0 116207 1.0457406612172746
5 28 18 10 105188 1.0480883226886268
17 16 15 26 44588 0.9934374280284192
19 20 16 2 73427 0.9170082527799979
0 24 24 9 113605 1.0317050634574505
1 11 18 18 69972 0.9958587713189571
5 3 24 24 130162 0.933387914470039
14 18 28 9 66445 0.9261225476205424
16 19 20 13 35719 0.9955687027680837
3 19 29 21 92427 1.0182165111406747
4 27 7 3 83863 0.9243649160014002
27 21 3 27 91277 1.0481420164512256
14 2 2 16 82970 0.9745176126045564
6 24 25 21 72404 1.0847949750901247
26 7 20 26 84115 1.005015138102829
29 16 3 27 106941 1.0757775410036188
29 16 26 6 41777 1.0034508940349403
29 29 5 19 106668 1.0082330037883596
11 1 13 28 127137 1.0307071572749675
23 0 25 21 87244 1.0571679511520438
3 13 21 24 87734 1.0651324764144616
19 4 19 26 83065 0.9820047870998277
4 21 22 16 72580 0.957072526319013
6 24 14 0 121938 1.0322548261557976
8 6 3 25 69539 1.0684910351237111
11 16 25 1 92003 1.0790093680909172
5 2 15 26 115889 0.918591021543678
28 5 5 0 96615 0.9105427578336888
22 11 15 24 67390 1.0911840136894717
18 26 0 3 123016 1.018649295542984
29 24 14 24 59816 1.0467965763287175
15 19 10 2 76822 0.9584454759385397
11 7 22 11 49441 1.0142429739209364
28 8 4 13 94626 1.0559433730837489
3 9 19 14 65877 1.0723813483202052
16 14 25 0 75732 1.0811099837337739
0 2 3 17 50979 1.0947063176874616
5 28 13 13 85807 1.0360673682805375
3 18 10 28 63006 1.024414511401766
1 21 27 10 103678 0.9925824746828511
0 5 15 1 65806 1.0790957127640224
5 26 5 2 82256 0.9688375766142414
13 9 1 15 60913 0.9158912159977244
12 11 26 26 93952 0.9050440520568875
0 18 15 16 51374 0.9943123070640298
16 1 29 0 55825 1.0947468978217403
11 14 2 25 53523 1.0282823239110181
0 2 21 24 128187 1.0504710862277995
24 12 15 14 43000 1.0345733513439215
9 9 17 2 55733 0.9492145142605691
15 3 28 1 54934 0.9099112554203101
15 22 21 14 49165 0.9233132926576872
22 4 2 1 82439 0.9574465829699907
18 21 9 4 94934 0.9829238068060608
13 29 4 23 60215 1.0213461949876355
4 8 20 8 54324 1.0458085281297307
29 21 15 9 76151 1.096436716716555
27 12 16 24 69013 1.068438258079968
24 1 0 2 90993 1.0342803034101702
10 6 0 6 46636 1.0248129676518904
2 28 17 25 59849 0.9857815083775078
22 19 8 29 87182 1.0218643265893175
29 23 20 21 36041 1.0848412211017053
21 19 20 4 65958 1.0682542512489106
7 2 2 14 58880 0.9690494731356427
26 14 28 2 47671 0.9044458325342206
2 8 27 3 90331 1.0047772805813917
28 12 1 16 89827 0.9784336672790119
28 25 3 24 85339 1.0099693620868195
23 26 4 1 142603 0.9581912956336679
17 6 3 16 74427 1.0315566682385762
12 1 2 7 55534 1.0833791039519678
4 1 18 8 74286 0.9176473369655699
11 25 0 26 43927 1.0685007970586435
6 13 29 16 84479 0.9626510983909918
12 28 0 5 112913 0.9258337882533801
9 26 16 13 72586 1.0059614498448959
21 25 10 6 106198 0.9782343522035476
11 4 18 18 68441 1.045127769145988
23 19 3 20 73294 1.0959729184920048
1 5 8 14 50797 1.0883389380384565
27 28 13 6 109934 0.91415044481532
26 12 10 17 65813 1.0187123892187757
13 25 28 1 120361 0.9941266472357491
11 1 2 14 74087 0.929510775920261
23 21 16 14 49491 1.005136544571838
26 0 27 28 88105 0.9655463079274618
1 21 15 5 86010 0.9277504440717446
27 27 4 17 97768 1.090208493675223
24 15 8 8 71623 0.919367099945545
13 23 16 1 94062 0.985981731722599
6 20 28 8 101279 0.926993504924968
26 2 8 5 72547 1.0489756277303595
16 2 0 23 110310 1.070824688274398
26 4 11 14 85673 1.0598872421936854
0 2 1 26 81790 0.9369820434529713
23 6 22 20 66032 0.990415516939398
6 4 28 6 86523 1.0644912738930645
22 27 15 8 92479 0.9471992817575869
16 24 28 4 99937 0.9840611689085211
15 16 27 9 56528 1.044326588615164
5 14 23 27 106178 0.9848494835538408
19 15 20 4 44940 1.0628059187158878
1 5 28 8 95916 0.9920606851262064
8 9 7 29 91465 1.0633826928910306
26 16 7 28 104300 0.9928989946772148
2 20 6 3 59665 0.9929300113320328
7 25 3 17 34883 0.9309180746788022
28 24 16 11 75580 0.9477098989168803
3 4 7 17 50008 1.0660226685068572
15 22 4 13 65459 0.9655014304059644
14 19 3 21 43767 1.010990497440975
2 6 8 18 45241 1.0858693573106257
23 20 29 14 37525 1.0142736087663993
29 20 10 24 73375 0.9816737053934286
25 16 13 23 60680 0.978887926926505
8 26 25 21 69108 1.0757680941767787
5 8 4 18 31104 1.0337678623765647
26 14 11 7 74304 1.0594363778322409
14 18 20 27 50346 1.0187813523768223
12 1 24 29 137630 0.9902984671623042
18 21 27 16 43181 0.9184126009948703
29 14 18 26 68799 0.960171751047959
29 22 7 15 87244 0.9052249244325699
14 10 26 20 71822 0.9169322868008326
7 4 20 29 133821 0.9697480327948127
23 12 12 16 52382 0.9019138900577492
9 12 7 20 52154 1.0337975625966866
1 18 19 4 92263 1.052967353164893
26 9 23 0 47555 0.91782903910006
8 18 17 20 36267 1.083976035255423
20 22 5 7 96071 1.0314453605629037
9 19 25 5 95666 1.0795707264592047
26 14 6 16 65041 0.9014723992577716
6 14 16 12 46706 0.9207774105946297
14 26 27 0 120303 0.9515321530533514
0 14 26 20 94401 1.0639687128511237
15 14 29 24 74754 0.9218091564484437
16 4 22 9 37854 0.9158311129503568
13 26 1 16 70378 0.9816090828925241
10 16 16 11 39763 0.9401256640347381
26 12 9 3 81118 0.9079706106350356
21 4 2 1 77779 1.0492519207324675
25 20 16 14 45603 1.069709739663435
23 22 27 1 75089 1.0235966456067387
17 12 27 7 48246 0.9674968100119712
4 16 0 4 48785 1.0822910304562559
15 4 1 27 103291 1.0182511723945007
26 29 29 1 98453 1.0317124981286667
18 2 11 21 83844 1.059406693303725
18 18 1 11 69972 0.9374615110873967
26 23 5 8 112282 1.0280505344404394
13 21 0 19 54090 1.0707497854660593
27 15 9 28 100426 0.9705025803216811
23 21 28 4 70770 1.0284657827310764
25 7 20 23 76638 1.0342623461684763
11 29 6 1 122023 0.9783765425601489
1 19 23 29 108573 0.9279560464960362
14 4 11 28 107689 0.9094664678223827
9 6 16 17 66687 1.0272462882498654
3 25 6 1 80390 0.9407738100590759
20 3 7 27 128149 1.0787761992601903
19 28 27 8 84028 1.0408445421341614
5 20 27 12 88864 0.9775062915974897
3 21 20 9 85627 1.0123736761844986
20 12 7 23 80195 0.9570378132618367
26 4 21 12 46724 1.0251278381027644
8 27 24 12 108735 0.9455920771464219
4 26 2 4 65374 1.0787887863908958
8 27 5 10 78854 1.0685810687923316
24 22 16 8 69421 1.0954105862854175
19 28 9 24 50054 1.0112857653979692
24 17 17 1 71421 0.9814554235799264
2 13 4 26 41336 0.9515733568214855
12 25 17 20 35566 1.0630488093208161
16 10 3 13 54539 0.9329147754041272
18 2 15 11 38636 1.015928625597146
8 22 27 8 92669 0.9013969595534236
1 22 3 10 35024 1.0889775371086297
26 12 10 23 85297 0.9661909991331884
18 15 28 15 31343 0.9167599758885022
2 9 19 14 70706 0.9187717031337864
1 14 3 6 31765 0.9358533893716542
3 9 13 21 62912 1.0358580549642298
21 19 5 18 54405 0.9677459057548393
14 24 2 0 109132 0.9117432870281015
28 1 17 14 76183 0.9551603138298663
6 16 26 24 83494 0.968712665840451
2 12 5 22 37237 1.0606034564759934
17 2 3 21 100427 1.027230068942255
0 25 3 2 74520 1.0894843274602866
17 18 19 6 49432 0.9587177753418414
3 21 15 1 94658 1.0399986555402916
23 15 27 6 41207 0.9422219508334022
6 6 0 2 38254 1.0274635552418119
9 21 11 2 97443 0.9925229658580119
9 9 17 15 52205 1.0219923598458425
27 7 27 23 48141 0.9966377784242307
18 26 5 22 54706 1.000063608867035
9 2 3 15 62262 1.0130074183460476
1 27 3 6 61422 1.0759526715652423
14 26 21 4 102048 1.0283100420149593
16 20 11 26 40812 1.0298051522415688
20 2 29 5 39318 1.0590153773884683
29 3 25 10 38846 1.0677380573377935
28 19 7 26 92174 0.9416638861141685
0 9 22 11 78931 0.9222412702194858
8 28 20 26 61640 0.9975678805440888
10 18 24 2 95113 0.9518127431679565
13 20 5 22 33856 0.9659043357275567
4 0 0 22 72886 1.0759749882639302
4 12 29 13 93111 0.9297417028291923
29 26 17 20 55517 0.9670008995298284
10 11 13 2 55124 1.0481628104241631
22 3 1 16 99970 0.9108635467602376
1 5 19 23 104070 0.9139579610108491
15 1 22 13 64481 1.0973451214571635
8 5 19 16 71983 1.0184222802184264
23 8 4 25 112441 0.9661225815406882
19 0 3 18 99780 0.9100702322892726
28 20 8 6 104051 1.0295559023911909
27 28 29 17 38528 0.9923464672483637
11 8 3 25 65949 0.9207632256454533
17 2 20 24 88552 1.0786620937200238
6 5 22 0 73738 0.9597298398780479
