7069 5436 8755 6062 6319 7504 5524 5389 8349 8143 5924 6357 8347 5657 5796 5426 6912 5544 6547 6367 6141 4949 5681 4429 3712 4972 5234 6763 4354
6050 5820 6452 7793 7542 5993 7152 6240 7677 5100 7825 5358 6828 7110 7978 8302 7050 7927 6187 6474 4552 7522 6720 5906 5633 6523 5435 4781 6068
4537 4824 4547 3862 4890 4597 2175 4788 2405 3025 1898 4585 4405 2565 4137 5105 4501 3335 4768 5096 3322 4751 4233 3599 3902 6765 3854 6788 6362
3999 6015 4938 5262 6546 7053 4456 5058 4618 7108 5971 8669 5877 7708 5378 6544 6136 7351 8259 5976 7397 6385 7474 5749 6102 6048 7454 8324 5380
5735 5583 4723 7990 5607 6574 4585 7758 4891 6118 6430 6762 7281 5447 6050 7349 5742 6908 7610 5832 4990 8079 7565 7224 7977 6769 7197 6296 6153
2920 1957 2831 1926 1916 3311 3878 3328 3931 2429 2244 2752 3979 5072 3878 3696 3011 2570 2250 2321 2443 4656 4629 2611 1765 3056 2825 4654 3012
5062 2746 3858 2560 3239 3783 4842 2775 3988 2096 3779 2720 5004 2690 2012 4954 4044 3763 5233 2076 5156 4893 3276 3052 4934 2841 2853 3082 3498
4651 7563 6974 7706 5709 6891 6489 5575 5987 4856 5143 5018 6526 5131 4758 6677 6352 7487 5561 5448 8524 8813 7203 6969 6086 7344 5539 8219 7387
1902 3749 1394 3943 3511 2361 2491 2903 1382 4024 3229 2111 1749 4237 2126 1851 6138 4669 6537 4478 7072 4193 5058 3943 3831 6804 6125 5860 5307
2588 3258 1313 3525 3163 3121 3688 4351 2794 4470 4430 2157 3155 1338 4646 2155 2150 1297 4310 4105 2648 3626 4221 1727 1783 2329 2969 1838 1985
2661 5040 5188 4240 3926 2647 4979 5967 4306 6008 4533 5866 4572 6371 6157 7319 6053 4431 7342 7512 6000 6915 6220 4729 4677 6177 7730 5540 6318
5617 4387 6275 6587 3400 4317 6469 4959 4035 3335 4079 5823 5435 7970 7255 8271 6019 8042 8361 7585 8403 5574 8123 5641 8436 6512 8198 7342 8291
5947 6336 5773 6246 1286 1715 3478 3472 2341 2564 4742 3153 3947 1506 2328 2820 4367 3453 1949 2921 2040 2226 3093 1759 1637 3175 2060 2489 3638
4805 4280 4529 5149 6332 6011 5166 6508 3429 5165 6544 4923 4596 6324 3607 4897 4637 5069 4223 4712 4258 5023 3892 5360 4807 6659 5242 4097 6201
3274 3832 2143 3794 2782 6379 5239 5562 8062 7122 6960 6538 8274 6874 7566 5865 7152 8075 7292 7211 7022 7918 5180 7019 6900 5824 7957 8367 7825
3419 3308 2501 3013 4715 3756 4543 2355 2113 4373 2792 5377 3852 4066 3272 3110 2495 2817 4876 3661 5009 2375 2530 5044 5464 3254 2525 2610 4884
6594 7283 5480 7434 5012 8114 4927 4879 8037 4924 6246 5042 6134 5626 6085 5551 7626 7322 7824 7726 8179 5993 4858 7470 6766 4670 4871 4679 5430
3319 2843 5374 2878 5118 3317 4531 3770 4788 4120 6987 7900 5211 7493 6547 7841 6608 6589 7305 5082 4972 6688 4610 5857 5236 4843 6674 7041 6494
7183 4684 5194 5222 3419 6140 5605 3739 4986 4442 3403 4900 3714 5741 6433 5086 3469 4749 4179 6477 5841 5124 6224 4517 4818 5235 5957 5861 6479
4247 4578 6107 3470 4465 3451 6190 6263 4161 4102 4385 6283 5498 3924 5240 4744 5452 5286 3532 5460 4600 7218 7108 7763 5374 5587 7395 6141 4888
4494 7306 5732 6899 7108 5483 5626 7462 6511 6929 7522 7140 7488 7861 6679 7208 7705 7454 5583 7381 7752 6748 4911 6189 5894 5017 6260 4618 4339
3200 2433 5319 4912 2297 3743 5539 2600 3875 5407 5520 4782 7380 5436 7803 5201 5212 6345 5952 7416 6320 6167 4765 5325 6412 5194 5913 4778 6673
2936 3948 4179 5704 5914 5174 4722 2971 5364 5623 4865 4764 5151 6237 7267 5136 4864 5006 4351 4528 3920 6125 5773 7018 7159 4972 7103 5517 6132
2636 2702 3488 3456 2484 3308 2274 5016 4992 4609 2977 3099 2526 5013 5250 4376 3933 4289 3528 4038 5614 4932 4493 5569 3761 5744 3565 3643 5830
7503 7419 5781 6340 5133 5623 5381 5274 4691 6079 7190 4958 5471 4934 4866 4815 6903 5432 7771 6691 6588 6180 7059 4508 6905 6270 6337 4933 6708
7106 5626 7146 6001 5323 6833 7781 7261 5470 7201 6500 8269 7269 7890 8451 6227 6448 6328 6073 5187 6001 6349 5827 7430 6782 5509 2706 2699 2923
4953 4960 3840 5535 4330 5285 5057 4647 5658 4250 5314 4551 4242 6145 3872 3969 6208 5866 8112 6479 7017 6789 8179 7533 5794 6656 6064 5545 7057
1210 3712 4438 3255 4050 2672 7034 6332 6518 6139 6492 6065 5242 6128 6083 6240 4751 5163 5542 3683 4030 5105 6676 6960 4419 4805 5292 5150 7055
4019 3861 2762 2827 3681 2312 3596 4702 3095 4320 3236 3500 4502 3888 3120 3969 3326 5244 5405 3220 3538 5219 4973 1956 3714 2943 4661 3737 3498
5997 5515 4201 3888 2796 5898 2757 2490 3438 3024 5080 5563 3276 4029 6013 2722 3108 6953 7414 8520 6555 6238 8414 5846 8244 7439 5574 7188 8112
4541 7830 6167 3612 6106 4631 3766 5360 6138 8575 3539 2703 7092 8526 3256 7555 6916 7552 2877 4783 5967 5205 4203 2791 8618 4752 5386 5136 4239 4920
6604 7327 7678 5925 5637 1918 3625 5182 8004 7288 4384 3633 8769 7175 3263 5459 4990 5546 2383 4481 7024 4756 3555 2261 6615 6356 5320 5561 7126 3370
4684 7976 7277 5644 5031 4498 4850 3468 8422 5309 2723 3863 5431 7687 3892 6464 4268 7738 4934 3665 6247 3723 6415 3455 5515 4781 5678 5889 4587 2070
4423 6424 6087 6428 3170 2254 2981 6263 6940 8150 4229 3962 8134 8310 3532 4211 3638 6941 2803 3541 6432 4507 3771 2559 7439 4278 5374 6424 7669 4307
6669 8300 6741 4460 2988 1290 3661 4231 8088 8005 4201 4933 6454 8091 5955 5891 5227 5998 5102 3823 5044 3436 3874 5461 6831 5746 5155 5389 5587 4454
3650 6915 5633 4585 5631 3776 4306 6347 5492 8608 5028 3704 6054 6260 2806 7063 4100 7293 4799 5814 7923 4812 3834 2193 8791 6179 3654 7459 6458 5171
4824 6042 5700 3560 3355 4319 2849 6968 7473 5636 4645 3425 7379 6798 5251 7445 4278 7809 2264 3265 7737 3678 4198 2743 5556 3883 6716 5345 6530 2595
5297 7423 6248 3391 3373 4537 3505 4242 8043 6629 2707 5942 6090 6816 6220 7265 5314 8034 3611 2637 5931 3905 1851 5105 6124 3834 5932 6537 6403 4983
5324 5109 8022 4585 6112 1184 3109 4081 6974 6333 5261 2745 7742 6200 3075 5713 4285 6965 3359 4374 7366 1840 3135 5415 6016 3698 4991 5927 4609 6547
5716 5070 7121 4766 4858 3487 3409 6919 5817 5164 5143 4141 6384 5919 3782 5441 4053 5007 4439 4635 6361 2791 1703 4100 5820 3857 5888 8008 6873 3429
4077 7237 8619 6242 5589 1981 2312 3897 6929 3584 5385 2281 6170 7840 3842 4424 2648 6632 4772 2767 6351 2148 3060 5227 7661 5118 6642 6491 4701 5355
3711 6910 7912 4120 4917 4452 4285 4076 6560 5304 5575 4300 6806 5453 4147 6116 2558 5189 3261 4042 6208 3147 3758 4777 7833 4973 6831 5338 5619 3732
6158 5794 6448 3397 5871 2358 5103 3880 6852 5525 5544 2356 6299 6138 5618 4080 3554 6328 4329 2504 8125 3145 2673 3592 5407 3391 6444 7946 7592 4946
5362 7674 8338 4417 5984 4106 2150 5552 5630 3453 5405 3795 7840 5083 5308 5868 5039 5316 3112 2128 6150 4180 4922 4709 5873 4448 3905 7407 7344 3807
5290 8210 8351 3308 5844 2742 2774 4761 7476 4392 3803 3526 6254 5900 2885 6160 2615 5959 4600 3851 6495 2032 2381 2788 5433 4580 5594 8092 5369 4919
6745 5816 6026 3629 5479 4302 3778 6092 5582 4487 5564 5284 7596 7683 5037 6696 3117 6680 5494 3836 8202 4622 2520 3061 6257 5254 5347 7453 6121 6273
5783 5818 7765 6368 5765 1771 2175 6402 5795 3699 5275 2342 5492 8054 2788 5655 3744 2900 4935 3815 6010 2823 4590 2517 6883 3593 5377 6417 4910 4811
5236 6820 7734 6014 3824 2985 4935 6386 8818 4915 3326 3425 5612 7207 4662 5683 3194 3018 6237 2182 6412 3440 4699 2351 8515 4623 4003 4888 4711 5060
4199 5622 7856 4445 5485 3144 3170 6067 5869 4322 5616 2450 5024 7536 6189 4612 2636 4636 4284 3117 4748 4648 2768 2504 7648 2895 2051 5206 1447 6535
4046 8114 8027 3897 4583 3244 4330 7104 7854 4799 4309 5397 5501 6331 4391 5309 3926 4371 3979 4596 5427 3589 1728 2220 6191 2697 4119 5036 3639 6308
5418 5442 6495 3982 5639 3577 3644 6170 8594 5839 7890 2537 2560 5655 5784 4412 2554 4492 5730 2489 8188 5147 4356 3561 8312 5013 3652 6363 4166 5886
6954 5148 5649 2606 6215 3418 4772 5225 7871 4679 4914 5167 4471 5289 4179 5731 4487 3426 6749 2484 6360 4273 3337 2707 5651 4628 3209 5371 2410 4679
6218 7303 4844 5097 8664 1268 5828 6796 6986 3960 7594 4393 4051 5045 4806 6764 2205 4566 5040 2312 7497 3136 5137 5146 8143 6012 4480 7289 1826 5260
3478 5575 4628 5276 5422 2806 4014 4253 6378 6230 7015 2631 3691 3630 6263 6825 2495 3357 4214 4179 6745 5582 3683 4784 5274 2690 3298 7711 1087 3332
5590 8063 7266 3362 5448 2186 5147 5474 6082 5429 6270 4834 2438 3630 3512 3343 1973 3071 7281 4250 5499 4471 4937 2248 4365 5589 3970 6147 1871 4565
6846 7384 4899 3709 6644 2261 5461 5265 7887 6455 7323 3548 4070 6093 3863 4623 4776 2840 5660 2769 7087 5163 3413 4689 6220 4028 3323 7973 3755 3174
4240 7675 7265 2723 7363 2262 5283 3815 8875 6056 7548 3681 2583 4206 5228 3536 4705 4546 5186 1845 7421 5879 3172 2862 6927 4680 2060 6821 3128 5015
4087 3811 7694 3027 6133 2471 5324 5829 6891 4315 7202 4900 4701 5408 2960 3872 2124 5131 6606 4619 7517 4130 2915 2756 4543 6107 5051 7886 3361 4140
3952 4170 5595 3861 8271 3819 4755 6430 8549 4954 7222 4589 3851 3691 4612 4069 5485 2150 5516 4445 5790 3238 4473 1861 5326 6067 3646 4852 4550 5889
7 28 24 15 93431 1.0450366413771621
14 26 21 18 58918 1.0627456926451861
13 26 1 1 118560 0.9376097615343562
20 20 28 26 55685 1.0689293165247686
16 10 11 0 55976 1.0313177710453638
24 4 18 9 40364 0.9468932055534024
4 23 27 26 92851 0.968740151555939
22 2 19 18 81622 0.9744960292930994
29 7 15 6 48716 0.9022325812954949
14 11 27 5 56123 1.0823388978747088
16 5 25 6 31232 1.0959550482953382
24 26 2 14 112488 0.9821329172833293
29 20 0 9 136584 0.9104769669859565
19 25 0 13 102466 1.0355968067621646
7 16 20 13 62996 1.0930816970050539
7 17 1 2 79854 1.0888142693161869
4 20 9 10 44976 0.9100168991073203
14 26 1 10 91883 0.9685388764621352
17 15 12 20 35915 1.035788699941287
2 18 7 5 63658 1.0045596455768033
19 15 23 23 48743 1.01284995710679
23 18 16 1 90469 1.0873028489990315
21 1 29 10 50409 1.0062557609396785
15 1 8 24 91664 1.050719239686759
8 25 11 15 41585 1.0462295689066383
20 28 28 2 116247 1.0486741017183066
4 5 25 27 131319 1.0352805121609379
28 19 26 27 38738 0.9298448765366679
26 28 4 21 91223 1.091605591115227
13 26 16 19 35614 0.9300391583370196
17 21 11 9 57000 1.096324209133133
8 17 10 2 50908 1.0036948756416364
6 16 19 6 72895 1.0701477197389928
12 21 27 10 90342 1.0315697201937297
21 15 7 3 88270 0.9412866797347132
11 24 12 8 53042 1.0840111111866026
16 25 4 27 57745 0.9543035826278026
11 1 2 8 56226 1.0510391725799122
20 23 8 5 82097 1.08605244521069
23 19 11 19 37356 1.0805287176170228
18 22 0 28 86357 0.9990208028831933
25 9 7 9 84176 0.9346296047168792
0 20 22 25 96021 0.9122930406428597
17 6 11 25 73978 1.0474668100240587
1 2 24 15 126797 1.0627800007711241
24 9 27 17 51827 0.9848337522906024
15 25 24 20 55519 1.0402964318143368
10 29 8 12 52665 0.9479782472821657
1 20 10 11 59306 0.9357403743043196
0 20 2 11 46807 0.9972540968418271
1 4 23 17 111903 0.921589137875522
4 16 19 20 66155 0.9676580053434308
7 27 3 5 83206 1.0172178348693781
24 0 9 22 108702 1.082273868980335
10 21 22 10 74923 0.9963805537196958
11 25 26 17 69048 0.9384848880769864
24 3 14 4 40449 0.9242249820437426
20 19 7 27 67230 1.0074244900002518
25 8 28 28 96739 0.986757511137958
5 29 27 25 98149 0.9972282391269738
28 19 1 6 124846 0.9516867024823359
4 10 11 6 36211 0.9444370508245513
12 29 8 4 78770 0.9145148742155382
15 14 20 6 47859 0.9735738600468944
10 19 29 9 98905 1.0277184157827046
10 27 10 16 43226 0.9133822576208638
29 8 1 22 141796 1.0207127001125746
17 18 19 27 55024 1.0210931823788005
6 7 23 1 69706 0.9219157471208654
7 15 28 23 91665 1.0802790546777201
25 28 26 16 62206 0.9187977093418781
17 15 1 19 70030 0.9195239602530192
13 29 2 24 60623 0.9638771090390631
13 4 25 22 103440 0.9826852300510718
20 23 9 7 79007 1.0604845596497097
24 15 17 27 77293 1.025479993164511
20 12 5 12 64252 0.9854769442665072
29 25 6 17 99551 0.9899643107267245
19 2 21 20 92951 1.099526209690522
16 25 7 26 44873 0.9536081716500695
16 1 23 21 103253 1.0676515541876503
20 2 6 24 112027 1.0006345455897372
14 2 23 14 68984 1.0885230185558104
3 7 14 22 84110 0.9009183687701843
15 10 4 0 67081 1.0297465783030015
3 6 2 15 34833 1.0311965204649922
25 19 9 28 72318 0.9836709928774542
24 27 14 1 127359 1.0203471887021354
2 27 24 20 101951 1.0329035019027597
24 12 25 22 55810 0.9471482319230364
15 8 21 13 42875 0.9548269818293231
20 26 6 11 90294 0.93185229123366
14 25 18 9 73611 1.0384502766878834
27 28 5 10 122701 1.013151291734638
8 7 12 26 62220 1.0365496577468387
27 4 6 5 66440 1.0915439595711935
18 11 6 0 74538 1.003627012825531
9 20 0 21 38510 1.0642830795110607
3 2 25 5 79917 0.9948417190016763
10 6 14 26 73917 1.086037465682573
12 16 27 28 83324 1.0571304329071813
21 18 19 8 56374 1.0827345294030082
12 20 15 6 52297 0.936222614108346
6 1 16 28 110229 1.0319798350713736
12 2 19 14 70429 0.9368566484966184
14 3 20 26 100563 1.0583834451439222
0 12 10 20 72941 1.097592739372551
22 12 12 18 61939 0.934214702581091
6 0 13 26 97981 0.994504766309302
4 19 26 16 79127 1.0378015444454056
9 23 1 27 47042 1.0843548325969352
17 9 28 12 51375 1.0134136275645234
0 18 17 7 92178 1.0009318868855
0 24 15 1 115309 1.066460462295925
18 19 5 7 77383 0.9971004874046645
3 5 26 10 92345 1.0083385271980707
15 16 6 6 57046 0.949204871915267
25 8 16 13 61476 0.9914291639722523
13 17 26 16 47398 1.0341374185995522
12 18 11 5 44338 0.9483571229585904
7 18 29 19 76812 1.042129496940634
14 28 26 4 122371 0.9254943462026842
0 5 3 23 79695 0.9807892580039703
27 13 3 1 124304 1.053464768464373
12 11 18 21 48726 0.9315873207295091
25 25 17 17 63250 1.0065554526649503
7 23 13 4 76889 1.0152415964215478
19 13 10 4 63559 0.9863752336295943
8 7 21 19 74120 1.0570697570652632
11 6 17 25 79347 0.9760028923755861
9 12 16 15 40043 0.949691492732349
16 10 24 12 38738 1.0163657820892835
28 17 2 23 101912 1.0184575721119449
11 10 14 28 68238 0.9325653684941222
22 11 7 18 69709 1.0247493892179877
5 27 15 6 89994 0.9709917964224647
22 11 16 2 62503 0.9492486356351181
1 0 29 16 145629 1.040154109755802
21 2 12 10 54327 0.9570365971942842
15 5 0 17 91654 1.0035278569309662
16 14 27 13 55371 1.088396072304605
0 25 21 11 109664 0.9010213285136952
11 0 7 9 40017 0.9268869470718997
20 13 16 23 59754 1.094528868935452
10 12 15 1 52916 0.9005656527098628
13 12 22 2 64634 0.9663320250773142
28 21 15 25 62106 0.9278582347388533
27 0 6 27 141478 0.9222896226348672
26 17 19 8 63607 1.0159715944402643
13 8 27 12 65315 1.088801661461695
17 0 5 22 105286 1.083818855462612
17 15 24 2 79923 1.0625832534463737
8 25 26 23 67919 1.0011988128691827
4 0 28 24 142577 1.0621055133518187
5 11 15 22 63595 0.989982209737538
23 4 17 27 115907 0.9437947322032424
26 23 7 20 72405 1.0103583242078178
27 26 8 15 94704 0.948386118357996
27 8 24 24 84509 0.9086881158098629
13 25 21 7 89104 0.9658516568059896
28 0 3 0 108429 0.9988060275507413
24 18 6 0 115817 1.060719236676853
12 12 28 11 63419 0.9297694913801541
26 22 7 7 107472 0.9123110534972024
28 12 21 28 78050 0.9407035898681924
24 20 1 20 92353 0.983346081944023
21 24 28 2 106758 0.9621942077316158
29 1 22 29 123834 0.9750367301209419
4 24 18 28 75655 1.002519410905693
19 4 15 15 52607 1.0074234177299546
25 12 28 23 57758 0.9754667421588692
16 0 3 3 69232 0.9699456233022032
22 29 7 25 75824 1.079136291785711
28 28 29 9 79425 0.9396747746213239
7 5 22 23 92902 0.9448504208070851
10 29 18 5 94224 1.002149078033837
15 24 0 4 106950 0.9113709614060528
23 11 12 21 69156 0.9184428701639056
19 14 28 24 70611 0.9649654569063065
24 20 16 2 101666 1.0555250946459234
25 16 23 7 42326 0.9472579068400627
8 20 28 2 112105 0.9889712605938603
0 15 7 25 66342 1.0355270269295451
29 23 4 5 125553 0.9734093122301904
26 25 17 16 70923 1.0151478370294433
28 0 13 3 66580 0.9569445637484609
3 4 8 20 68821 0.9728616825855462
26 27 26 4 102016 0.9460109720194095
3 17 16 9 74446 1.0002303321116146
1 24 16 16 71791 1.044006101514756
26 23 24 0 104232 1.0568867625579348
6 21 28 25 78847 1.0107094566844927
18 7 24 19 72707 1.0616905127919725
23 14 9 23 74089 1.0441427581824727
22 20 0 15 99965 1.0752055267910003
13 1 25 22 116021 0.9378746137710816
27 22 13 20 57185 1.0495797560567686
25 18 2 14 98937 0.9634406153344334
27 15 11 28 88302 1.0477783207872797
23 0 8 8 66540 1.045804345695819
9 11 27 7 81170 0.9556739154387157
0 4 22 28 144571 0.9370494979354731
6 7 18 18 74376 1.0805642918385454
0 1 4 11 59193 1.0806063600340645
21 11 13 17 53057 1.0978165452387012
21 10 6 19 77559 0.9316594689056157
16 8 24 25 94387 1.0339118683014725
24 1 2 3 91150 1.0212565223360284
16 27 0 15 99682 1.0742497487546692
16 22 10 1 85875 0.9165171905821881
12 13 8 5 36516 1.096541745205233
28 17 14 23 67956 1.0632443623704562
3 11 11 2 59594 0.9629139907914032
27 12 25 25 70731 1.0465128089133504
27 7 15 23 104587 1.0400461701064916
24 11 9 15 65321 1.011601326508396
2 12 21 20 96690 0.9401619212588713
0 6 10 19 72160 0.9300672376612631
7 19 27 23 74762 0.9046503428558448
9 23 17 18 43368 1.0844690660192782
24 20 0 25 99126 0.9387253156105819
2 4 9 18 60517 0.9017572295319843
8 0 28 5 70504 0.9814382874051569
14 0 21 8 49472 1.064870260716595
21 8 13 28 98429 1.0277736607249695
25 15 13 8 71832 1.0497608446249256
1 17 11 8 68445 0.9147226388567606
26 4 11 18 87645 1.0526718656123855
13 6 4 5 31844 1.0346750712711965
11 9 19 19 56670 1.0792662557866248
29 14 12 6 82533 0.9198842531275717
29 3 25 10 46018 1.011568324043804
4 29 16 13 88454 1.0441570971446783
1 20 25 16 92512 1.044132058722659
21 4 1 8 79740 1.0086664689854201
21 7 11 11 52814 0.989927716295381
9 24 27 29 79839 1.0711473239592406
13 21 10 8 51233 0.9509444747862431
9 0 13 15 57093 0.9457289612973506
19 15 27 17 35663 1.0727423528734923
11 10 28 14 78023 1.0445963470172945
26 25 17 22 44736 0.9437018462283103
3 17 26 6 113714 1.0982162269341553
13 24 13 2 74739 0.9986016668490795
21 24 26 1 111420 1.0909614290049081
28 22 4 7 125388 0.9819817895559813
24 6 19 14 52986 1.0733480466633996
3 10 26 2 98948 0.9336591892452024
13 21 22 23 30038 1.058199740816589
5 22 20 6 96404 1.0191888227112809
16 11 14 19 39000 0.9874909032183706
29 3 24 29 113474 0.9110017965776352
11 25 17 20 35462 1.005495183648171
13 29 4 7 93049 0.9290843136735913
1 9 18 29 124637 1.018742077333577
18 7 10 23 81046 1.0516848248199793
24 2 10 6 55283 0.9298257068790663
13 24 13 11 43325 0.944843990984142
15 20 22 11 60128 0.9367256216923322
11 7 28 9 67875 0.9801900368928866
0 23 19 27 84152 1.014582266893102
28 12 3 21 110319 0.9198919016446833
4 7 24 11 86004 1.03718564104276
16 12 17 3 42893 0.9711731749868551
13 0 3 21 96814 0.9590668434829124
1 26 12 19 59320 1.057469541474389
12 29 13 7 65560 0.928613037175889
16 8 10 28 79780 0.9017493201236231
22 25 28 21 42302 0.9049757805105616
26 6 23 18 62976 0.9516986369164665
4 21 7 1 75602 1.0898655808416535
16 2 24 25 115714 0.924182087269364
17 8 5 27 93957 1.0541051620087871
11 12 5 23 55909 1.0976327376745802
15 0 17 17 68640 1.0535885347194256
17 25 15 15 43544 1.0947574761253305
19 7 12 11 42089 1.0909173771591805
24 17 28 4 61253 0.965104931991579
24 22 15 1 106052 1.0940365582115743
25 14 1 27 123637 1.0570987239880067
9 22 18 12 62703 1.0312572109994471
17 15 17 4 57937 1.0069290735561454
6 11 11 4 34344 0.9988437776984264
8 24 14 4 78753 0.9787633502807043
25 19 28 4 66115 0.9736776914447574
11 7 23 27 102647 1.0174445506298149
16 17 26 27 80188 1.0875151567359203
1 0 26 21 153738 1.0324268968621475
10 12 24 13 62374 1.074009750908487
25 3 14 5 41029 1.0761231378482894
21 4 4 24 112164 1.0795120816503367
15 14 26 7 73972 0.9808176044365934
4 18 23 12 86077 0.9491953035916874
3 21 14 10 68561 1.0610737305840932
11 8 15 26 68621 0.9318563874864061
3 5 11 28 92259 1.019714172215994
11 6 21 6 36344 0.9690970699510045
27 1 14 26 126920 1.086864167467842
18 14 13 22 47400 1.0902735069399558
16 13 21 3 59769 1.0510045764129252
0 1 14 19 107160 1.0155691289958058
21 16 29 22 51691 0.9768865542244646
0 25 19 0 141110 0.9657476498654335
0 22 24 1 140614 0.9223808967583639
3 0 6 26 94106 1.0635083296928634
1 0 18 16 108590 1.0123830933345777
15 23 21 27 37438 0.9422218064496019
19 28 4 17 84615 1.0316664685379509
19 19 1 0 117369 1.0950220139472397
27 21 12 21 59031 1.057836211575995
8 16 7 7 27854 1.0978092088206273
13 21 10 5 56374 0.9563101121976956
21 11 4 26 97583 0.9543922466130641
9 28 26 5 112578 1.0544298401179588
22 20 26 28 45476 1.09313815899142
0 3 16 17 100111 1.097333400331204
1 7 21 28 135177 0.9316362889424068
0 16 10 27 76280 1.015215288128099
13 8 28 27 113686 0.9897036503595669
19 24 29 19 60131 1.0322898935710603
25 11 10 6 71260 1.0304689255683364
2 13 24 15 92123 1.0219804556109
16 6 15 19 49819 1.091263467185227
27 18 0 15 116334 0.9271909049596819
19 7 26 25 108702 1.0306517263525685
1 29 19 29 82364 1.06057096054318
26 5 13 25 99070 0.9874401615305352
27 28 21 6 111453 0.9055977835291166
28 13 0 15 121613 1.0813985148582108
14 5 12 19 48299 0.93631331578617
21 18 1 0 129263 1.0767141682158208
2 24 15 5 96476 0.9210710975912372
15 3 6 10 47965 1.0905839725326183
13 26 4 9 82760 1.081759066512612
16 1 12 24 81847 0.9884673343586576
20 29 27 11 94955 1.0872807968360592
21 23 0 14 92864 0.9256120890730052
13 20 23 1 94096 1.0208623703764335
10 13 6 2 47023 0.9287746383696993
17 8 16 21 63296 0.9035618961238673
1 15 22 5 102494 0.9412740966733646
2 15 23 22 94021 1.0663540357739794
23 20 8 9 78669 1.0422801844575484
10 10 19 27 85805 1.020265996241517
23 2 15 23 95950 0.9399801486122051
16 21 0 26 69019 0.9773057672751014
22 14 10 28 86452 1.011036874152274
10 1 25 12 90146 0.912459193386269
16 15 2 23 69175 0.9821799518663294
23 3 9 25 104129 1.0509546579460887
3 22 16 0 110441 1.022395945016294
24 0 9 12 82350 0.9941709448703535
14 17 6 19 38383 0.918574089125866
24 23 10 25 53427 0.9537039909528424
8 11 19 21 63682 0.9175932681192795
20 1 2 2 91355 0.917558568653037
25 8 13 17 83007 0.9417873580530038
9 26 27 22 72897 1.0387018071477063
23 29 8 22 74013 0.9032517244942138
5 11 12 14 34237 0.9474361426712797
25 16 26 4 59491 0.9341928381328262
27 8 12 21 102089 1.0525051002197523
24 13 0 5 103673 0.9139336412064527
23 9 6 5 68465 1.0145838987959246
10 11 22 3 62937 0.9630429900042912
21 0 25 8 44038 0.9049099223581544
16 21 10 10 53577 1.0710124632326727
6 23 8 0 76953 0.9494015019003483
8 5 24 21 98622 1.0895329684659751
8 2 24 14 90232 1.0136101680264449
29 22 4 6 128977 1.0023700494514416
28 27 12 15 86492 0.9415822708614927
27 29 15 4 128506 1.0378039131363432
23 0 13 13 74688 1.0484752922424403
28 24 24 5 82301 0.9865799998112766
19 6 5 2 55268 1.0890800519269124
2 29 0 4 110042 1.052187656810557
8 3 12 27 76586 0.968713832435202
19 12 2 3 87664 0.9033510331013642
21 20 2 6 106179 0.969342119309275
21 25 16 12 73528 1.0333325414410364
22 17 21 0 73356 0.9757214873900141
5 26 18 22 52391 0.9981404567086699
22 7 16 19 72890 1.0015781620176496
8 0 23 1 70648 1.0381075343266182
26 17 20 27 68837 1.0616473822447916
11 4 4 1 39614 1.0437390931353523
7 13 3 6 40678 0.9763699379528623
13 2 18 9 44132 1.0184967402479748
5 4 15 0 51228 0.9915883416325328
9 7 27 17 93573 0.9105610556398447
28 11 23 21 56454 1.0580830048233671
14 21 12 1 73762 0.9509983609071107
3 9 2 27 79155 1.0357600662008202
6 22 19 4 92600 0.9452218588985412
11 3 20 0 49485 1.073661829255341
4 20 27 20 84809 1.0320960779768318
26 6 16 13 69784 0.9669054380484587
26 14 0 26 121620 1.001737684182269
12 5 18 20 66628 0.9354257031689709
25 22 15 29 60707 0.934467682365376
28 15 15 23 69668 1.0983490207937423
29 29 10 22 85934 1.071665191090045
13 22 15 14 34913 0.9621338821943098
6 26 3 19 32499 0.9733942453364779
29 10 8 6 77142 1.0180440844665746
14 24 17 6 75376 0.9455108320672163
14 5 23 24 95750 0.9864447380261397
19 2 5 25 112022 1.0902921079222767
4 21 11 3 74826 1.0472371694014115
8 24 21 26 61411 0.9103027931604093
13 28 10 3 85426 1.0375160925953524
17 29 18 16 68683 0.9108864454766298
29 3 5 18 114075 0.9624060533738756
5 7 19 25 98216 1.0424789908627927
10 17 3 27 56988 1.0766088974135426
28 12 6 1 100169 0.9638606329359171
14 21 2 22 45150 1.0793153904390411
16 4 2 6 54137 1.0649299529816254
0 26 7 7 91810 1.0778926423828041
25 29 12 27 57905 0.9349121028992046
27 21 28 8 54493 0.9356004148282577
26 21 18 0 116394 1.0281961702231304
18 28 7 13 87176 0.9468477492362922
8 11 28 2 81665 1.0985473884310542
0 27 29 23 113821 0.9813756222448801
20 0 3 13 110313 0.9546174471827749
14 8 11 1 42083 0.9591387720472621
13 5 15 18 50944 0.9631690103666083
8 18 14 8 51709 0.988636896873112
15 1 11 17 62800 0.9575334725656143
14 29 4 18 63267 1.0611634564027015
10 22 19 24 37520 0.9161303722904364
19 27 21 3 120990 1.0678198866807185
18 21 29 13 69080 0.939526018167017
11 12 21 18 59343 0.9901986208645883
21 12 19 20 47197 1.0212960832073612
10 25 2 19 45055 1.0791639492542449
22 20 16 2 93099 0.9182951953827729
13 21 29 10 95593 1.084388605908665
8 29 23 17 80238 0.9927320489875732
24 9 1 27 141426 1.0314706782233085
8 10 23 9 64954 1.0436281364664977
5 28 18 4 108790 0.9609716824619994
19 27 4 4 117845 1.094554546614725
16 2 4 0 65275 1.0630937313920297
29 23 7 16 89724 1.0544535626104172
20 27 25 4 117257 0.9943516412945803
26 2 0 18 130777 1.0655137721465266
12 8 28 13 75403 0.9541315444956866
20 13 11 5 63983 1.096718213280104
9 8 23 12 66187 0.9985588901086134
1 21 8 8 63418 0.9542376865593154
26 2 2 29 154823 0.9938475383683057
21 13 12 20 59203 0.9240840181268858
0 15 5 3 54642 1.0485675586381389
13 8 11 19 43825 1.0366402199102593
29 14 0 0 143025 1.0513016590356095
18 2 14 22 85557 0.9935528119024486
27 23 21 9 80776 1.0316727227343738
4 26 18 16 71674 0.9396067738802741
20 1 24 11 50896 0.9198948110436704
5 26 10 10 61618 1.0404207727338668
3 22 27 23 80340 0.9184969011290843
12 25 27 21 63101 1.0844956068221645
10 0 25 11 91044 1.0639577234124904
12 10 3 3 50642 1.0103295173274909
4 6 24 16 93371 0.9176741425738363
0 16 28 28 131845 1.084088301412572
0 18 23 6 113127 1.0004631820576686
1 25 8 29 44882 0.9849250266962831
15 28 2 21 63510 0.9860906819392126
4 20 26 9 111357 1.0998471035350332
5 5 25 9 81880 1.0896591039247394
20 28 26 12 88875 1.075584946285888
0 8 23 23 123161 0.9734215017400831
8 24 24 28 72602 0.9104968188610489
8 24 16 0 101828 1.0275543447091533
19 7 19 29 116021 1.0429237643310438
4 28 20 12 107128 0.9108327857415695
12 29 29 11 109152 1.0441037240337692
23 9 26 22 66217 0.9949540017082148
13 7 5 18 57492 1.006466548531102
5 17 10 10 39079 1.050818386011374
12 4 19 0 45532 1.0805821062485679
24 14 23 25 52333 0.9019825902652817
26 3 12 2 63338 1.054751535441235
12 14 22 16 40014 1.097663452161839
19 13 9 10 50111 1.0487702694114538
18 22 5 24 47570 1.0099526518726056
8 28 5 12 66370 1.0896436405539216
27 7 12 14 79054 1.0754672687598268
12 15 2 22 52990 0.936378632973199
15 21 6 24 35616 0.9339589080940149
16 7 18 18 55675 0.9478625992494045
7 3 17 19 77433 0.9144780409034314
26 0 16 15 96765 0.9693634958165933
17 20 8 26 47572 0.9183217206948036
24 28 27 6 100500 0.9391522168355002
3 21 20 18 64169 0.9537509556249787
8 24 5 13 48510 1.0500009374801613
5 21 29 28 98826 0.9561990821765756
16 9 2 10 61264 1.0778892499812118
16 26 29 28 50411 0.946210259806937
20 28 0 1 157607 1.0546567211851932
25 11 8 9 68857 1.0179504702343452
3 18 10 2 71948 1.0817482897754203
20 28 26 13 84741 1.063671484939804
7 12 16 16 43922 0.9655725800057352
2 1 13 25 105005 1.034636560514191
11 16 16 11 31273 1.041817189523948
9 12 17 18 47502 0.912205152070619
1 11 17 7 73490 1.0592948839817906
7 15 2 23 48300 0.9939970303393046
4 13 17 11 58663 0.9422287996121537
25 10 18 4 50219 1.0098979919687867
28 19 18 4 84271 1.0610639307587777
6 27 27 27 95998 1.026509335028728
23 26 1 27 105103 1.0112765871489995
25 0 27 22 98345 1.026652132564354
2 5 18 13 78793 1.0678579276504867
29 8 9 23 115463 1.0401230206897623
19 11 7 11 42587 1.0281879415156465
6 7 21 16 75274 0.9279099400616838
24 8 14 4 44342 0.9296341445844228
10 7 5 16 48304 1.0376245596159428
10 1 2 3 42294 1.022557355545406
19 23 13 14 48771 1.0206467406508475
22 29 29 3 116902 0.9169118897028188
10 1 23 21 109248 0.9494425387105918
14 16 19 10 40178 0.9211816472569346
27 26 23 15 62846 0.9858824605825575
15 12 18 24 50509 0.9769661217456127
13 2 6 10 47075 0.9285541586248403
18 27 27 0 135169 1.0458489081420042
24 8 7 21 101494 1.0541651615175975
21 3 7 15 80420 0.9591153608977864
3 29 17 13 97416 1.0160953043237901
24 25 7 13 92260 0.9465514807209171
10 4 20 9 53334 1.087086719503098
1 14 13 25 71238 0.933478999402393
29 26 12 29 70229 0.9473156897500441
22 3 27 15 63166 1.0580535144673537
5 2 24 10 89203 1.015104218947784
19 6 29 22 97393 1.0881977003360397
8 9 3 25 69299 1.0675215972926428
27 22 27 10 58284 0.9864210863637277
24 12 3 17 99922 1.0362579550147264
7 14 0 26 67041 0.9326577242209515
5 21 19 10 75070 1.0382914626310957
16 12 2 10 59938 1.0555604986682936
3 26 23 1 135202 0.971358159504155
14 5 21 18 73079 1.042635174606879
2 18 24 25 92523 0.9342349483785551
15 27 2 17 72422 1.0915789469036874
16 23 27 11 84848 1.008855464445343
21 24 21 14 58803 1.0583188831743604
8 7 1 3 39123 1.0424305308569763
22 1 8 21 102893 0.9513613962637895
16 12 7 21 59359 1.0537693670573465
4 9 7 21 53025 0.9739726597433562
21 3 3 1 82528 0.9151105080627601
9 7 27 22 106539 0.9752464018904997
14 21 7 0 82303 0.9472818152767194
5 28 23 5 120022 1.018800018848563
19 0 14 8 51812 1.0247096118802117
10 17 5 8 45028 0.9231813385833386
22 14 26 8 41679 1.0817980094451787
19 5 4 8 60827 0.9942586480106086
22 1 3 27 140437 0.9396436899662883
16 22 2 22 48095 1.099327379571206
12 24 28 26 62867 0.9460905406674807
4 7 23 12 86472 1.039889046420892
26 5 16 9 44994 1.0140358763789954
17 27 8 25 49714 1.0067289703434341
1 11 10 0 62399 1.033797966641528
18 13 26 17 46269 1.06630119036136
26 23 27 1 93725 0.9847052600368502
9 10 7 29 64399 0.9511281981349051
22 20 23 7 56448 0.9733856689157487
8 5 25 25 111120 0.9517330195312886
26 3 14 3 50145 0.9822502208225243
11 25 21 2 101241 0.9852752061101837
16 3 0 9 80825 1.0839035398961374
14 8 28 18 86937 1.0641606626888727
5 27 12 22 33431 0.9871623446765149
28 26 14 28 53396 0.9473155580738023
11 17 22 23 48735 0.996203361506887
17 19 18 1 84466 0.9836347129186923
3 5 15 11 54630 1.0917959997220579
0 26 21 8 129438 1.0997452363002354
5 17 29 2 115742 0.9541527856470188
4 13 12 8 51007 1.0012720411217364
13 28 29 17 91218 0.9855834475281282
17 5 28 26 109400 0.9791713395016395
7 10 18 13 48745 0.9301282944275959
11 28 3 15 70508 1.0178457827107275
1 8 7 23 73024 1.0279787911630722
10 24 21 1 109979 0.9031496620723687
6 12 16 21 64002 1.0904816888204456
12 21 17 7 62070 1.0465831506252048
1 1 26 21 153300 0.9514235432142348
26 21 16 18 53307 0.9927965245891874
19 22 19 7 76148 1.0383080974206762
24 3 9 13 78477 0.989781934173052
12 19 20 24 38065 0.9838220212571872
18 23 14 13 47833 0.9402572599350567
2 12 14 19 65388 1.0178196244832272
12 4 8 12 30891 1.0696954994452603
14 17 4 0 85123 1.0882591080163246
11 8 28 5 59129 1.0396042784910322
8 18 2 27 54466 1.0827818629312953
20 26 6 18 70518 0.9134933550435899
23 11 11 1 78405 0.9006910876709463
2 3 14 28 114903 0.9118193453637923
21 13 12 9 50580 1.0758483089545805
25 18 16 20 42774 1.0267987682575073
27 23 0 6 135276 0.996418131675885
13 27 28 13 98441 0.9164131711666301
4 19 6 27 31811 1.0539306522853071
14 9 23 5 40309 0.937800500663326
22 8 10 20 89926 1.0553501354611785
5 14 9 25 45574 1.036497176060359
6 12 27 5 80546 0.9586955883461891
3 8 17 4 60678 0.9088970369533915
12 9 26 9 68184 0.9057211572204967
18 6 1 13 86080 1.0004149484556968
26 26 21 8 96774 1.0851833845028889
7 4 13 22 66965 1.0130232471131067
0 7 14 15 80670 0.9187219042652619
23 22 13 24 41417 1.0235892309660013
9 21 11 3 63735 1.0063839272392414
16 23 16 3 77790 0.9563392960696437
29 9 23 25 87719 0.9472901854333398
1 19 21 0 122955 0.9820322404502553
19 6 23 21 77879 1.0527794405097248
12 22 3 7 76515 0.9198977866587955
27 15 1 4 124719 1.0131138205221715
16 4 24 10 50298 1.0138933799662522
18 29 25 25 33839 0.9725315461911066
13 1 9 9 42292 0.9722046093237233
11 21 9 7 48945 0.9046955096170731
4 0 9 26 90553 0.92107294473113
2 9 21 3 80423 0.9089154055413853
20 5 10 28 98207 1.0264918383718928
6 28 18 7 104451 1.0314169441440821
12 0 9 21 75058 1.0797985572228015
3 12 23 4 91628 1.0628483732815237
8 6 18 19 66409 0.932605077158559
7 8 14 3 38813 1.019100240125085
25 10 19 21 67920 1.0392481123004123
19 9 28 20 78877 1.064748232117531
14 22 7 8 65291 0.9701484608658235
6 23 8 11 46064 1.0814983126029425
29 2 14 16 91930 0.9789156905745237
6 23 24 8 110870 0.9875666810762052
28 25 12 25 61561 1.009355781180106
23 9 28 27 86623 1.0435594654793583
8 12 6 26 54371 0.9401259567968411
24 2 5 12 88612 0.9738394069634396
11 6 7 12 31060 0.9415612822639255
8 27 25 1 135182 0.9984902232180539
9 1 27 12 93151 0.9636393691461335
6 14 19 7 74007 1.0291252188924118
27 27 1 29 108790 1.0979855522241042
13 4 5 25 83729 0.9014341775418565
24 2 8 19 100427 0.9988266543675333
25 14 3 17 94754 0.9500857783573238
0 14 22 12 94987 1.07760761190682
2 17 27 27 116773 0.9033577235883589
9 13 27 3 84081 0.9438868088796841
15 3 3 14 74451 0.9516927059109876
9 27 17 23 39309 1.0804648379720023
4 9 1 17 45812 1.0929238148117153
21 27 15 16 61201 0.9434175038290218
29 22 11 18 71773 0.9905203348334035
17 17 13 11 39073 0.9711919509612065
24 4 19 10 43089 1.0587038998184344
28 20 2 21 93144 0.9919687263689082
24 0 0 17 133607 1.0842055135313275
5 0 22 22 114014 1.0706340766586684
20 5 11 27 90736 0.9475081894020572
1 15 29 7 125572 0.9736366884482124
26 20 20 2 94476 1.014650248991401
14 17 6 5 63128 1.0276245262971582
5 26 18 5 97892 0.9650894596294299
16 3 12 18 59863 1.0702274636173048
2 21 23 11 99845 0.9368256202702434
22 7 4 5 66492 0.9554433419816197
13 4 22 12 62128 0.9586700804212274
23 15 6 27 89458 1.0419302765060032
18 3 8 23 92641 0.9392547006700153
16 2 16 24 90158 0.9872508187846798
6 9 29 10 95101 0.9559766528931022
26 15 27 28 62095 1.0615679109941034
3 16 11 11 42681 0.9657754488683646
8 28 12 20 32263 1.0373100030686122
22 1 24 11 44027 0.9598276275245748
20 7 14 15 62243 1.0037285077646039
12 14 5 24 47889 0.9556922145351938
28 23 8 26 77159 1.021746932081037
6 20 28 20 77992 1.053651055691378
22 21 24 12 43366 1.0319345523860548
11 11 10 20 38096 1.0524589521885217
29 19 12 8 88591 0.9775803109147668
6 25 26 16 88632 1.097835342077983
24 11 4 14 83982 1.0186089170295367
22 23 27 9 81305 0.9616538706898538
25 10 29 29 94685 0.9190873012827755
8 24 23 6 105730 0.9716927856965027
27 22 20 1 106140 1.039799969144766
11 15 6 28 58078 0.9986576189360483
12 6 28 12 71377 1.0000348627688453
21 8 27 3 33388 1.0831175503436503
14 20 0 4 94759 0.9962756474602263
20 1 24 7 34924 1.0134140561755507
28 25 4 27 98402 0.9654901887032534
11 6 19 16 58535 0.9784649060011349
4 17 7 2 65492 0.9811163846508149
15 16 4 13 54408 0.9647617910587457
25 19 17 3 88391 1.0561479104109894
1 20 9 12 53008 1.0300587875777854
3 11 24 11 78736 0.9352900731333018
0 14 24 8 113801 0.9845772906567174
18 27 7 0 117696 1.0109753793617955
6 12 23 8 78804 0.964482922122922
11 5 25 12 69771 0.9258640375803283
12 10 2 23 70101 0.9771869189715063
27 29 14 27 54002 0.9423135602544053
21 26 18 1 121915 1.0323486194037717
22 14 8 2 89946 0.9329273325766447
13 6 16 25 76572 1.0189974151372625
3 12 19 21 90452 0.9689431631921881
12 10 2 12 48623 1.0032512300664636
14 7 18 19 56092 1.0860646415363355
20 20 2 23 71792 1.0856509941393189
23 7 18 29 110934 1.0500117458516554
8 14 16 18 39535 0.9639489374780622
21 26 11 19 54790 0.9562326272878457
6 18 25 12 82305 0.9121462836624186
29 21 23 2 85625 0.9381860142264439
22 28 7 26 75412 1.059226008352039
15 21 23 17 41318 1.07916795020337
26 29 0 20 117070 0.9672936273935893
14 21 28 10 85041 0.9186081504873731
4 16 11 22 40259 1.0604630274786724
28 20 4 20 88965 0.9633156120388553
10 27 10 6 75766 0.9661804282594177
2 7 26 2 91665 0.9138622561470119
29 11 14 14 71358 1.0815219841699577
0 19 26 27 117354 1.0785185055233533
10 6 29 18 102521 0.9519967131943903
28 24 20 11 79816 0.9951261852935728
15 0 20 27 114461 0.9799829874188748
19 28 2 28 84750 0.9037079294403573
15 20 22 23 28835 1.095471532727791
21 21 27 14 49096 1.0954363450956297
28 23 8 10 97689 0.9179672775453248
29 17 16 14 55931 1.0869995868349862
29 2 19 1 52426 0.9400960556273145
0 13 27 18 117334 0.9739545416777878
8 24 16 28 48406 0.9548720882512478
28 12 7 18 88299 0.9408933109949382
25 2 6 21 118542 0.9145945205381246
8 5 2 15 54284 1.0602097593200375
21 19 23 4 62470 0.9270440020565619
16 21 20 14 44467 0.9094055804602325
7 12 18 28 88199 0.9622631968678419
17 8 10 11 36397 0.9562969992541762
0 22 12 27 55081 1.0176511788187157
12 25 2 5 83491 1.0453376700524737
19 5 2 8 63988 0.9018891323944058
21 25 19 14 63469 1.0420794171287227
26 22 3 19 87349 0.9397603688142637
7 8 23 14 81455 0.9781957081581534
17 27 16 9 83280 1.0203177117022983
23 4 7 14 77210 0.9697606588010768
28 1 27 27 103252 1.073646535702429
14 0 1 4 63527 0.9724843509343836
26 19 17 18 35683 0.9474090002667386
14 1 12 29 85888 0.9247604428402715
13 17 9 29 43907 0.9665135215606877
24 26 12 7 98222 0.9391706880636252
28 8 21 0 45443 1.0423900529522303
20 22 7 16 60232 0.9204811002508114
28 0 14 11 75744 1.043210404504006
21 11 9 3 65961 1.047186576233668
8 10 5 17 32006 0.9399088935031243
18 4 11 15 57045 0.902906730299708
7 29 26 28 78545 1.0170227431805123
8 26 22 19 61761 0.9194690358057224
1 8 18 10 77500 1.0466526178968714
10 21 25 25 61233 0.9538654215176896
23 0 4 24 129319 1.0846762903951002
9 25 3 2 88279 1.0531244970591367
4 6 23 22 108009 1.0432017642014368
26 25 13 22 55537 0.9508461275614706
0 5 22 3 76371 0.9135711231837285
21 23 21 13 58914 0.947129652612296
26 18 23 10 42308 0.9274658763339206
23 4 28 15 50741 1.0876706024531075
5 9 24 9 85699 1.0456206399391714
10 16 26 7 87782 1.0954762664497035
27 29 18 0 144310 1.0021364574487661
9 5 16 15 60617 0.9745366013478511
5 17 23 27 88873 0.981170979513063
8 2 28 28 135985 1.019875123512938
0 2 2 19 79333 1.0683250462344576
18 18 5 4 84794 1.0008666832835231
28 8 0 22 140702 1.091883750295082
0 23 17 12 92470 0.9903846859728052
25 25 7 25 76893 0.9590874996517509
0 1 24 14 134538 1.0140007907411297
24 26 8 3 119255 1.0316573265927773
5 1 18 2 64465 0.979453891688676
27 17 24 25 49596 0.9979560476308081
20 9 29 29 114225 0.979466307353233
24 18 26 29 58156 0.9910959158146435
21 21 5 3 104202 0.9497021038327467
27 26 28 12 60068 1.01312204807907
25 0 24 23 102885 1.0868390131114203
4 21 18 13 73007 1.022475809636056
17 8 12 16 43570 0.957630968854811
5 7 25 21 111706 1.0167967948037338
0 19 28 3 132757 1.0358646587499305
28 20 24 6 72238 0.9677574268042841
7 3 21 6 53921 0.9915729592159865
28 2 27 22 78377 0.9283744778659414
15 9 17 19 44681 1.0753925499314703
12 28 27 1 121120 0.9827903867336127
0 23 11 8 79910 1.0211564048786925
27 15 18 27 82298 0.9741235453591469
18 2 10 21 84190 1.0030934780558183
27 24 26 15 48222 1.0376665668363154
18 3 4 19 91783 0.9488162046664448
2 21 26 11 110858 1.0514939617651635
20 10 14 4 43848 1.0004162951062956
10 16 11 0 60890 1.0262118798645843
12 22 1 7 82886 1.084345471676142
23 16 10 22 58539 0.9082718747013793
25 18 7 7 94995 0.9788525531039043
6 3 22 19 94255 0.9394398149312455
22 28 28 11 79140 0.9317054969345131
22 3 15 16 67888 0.9654813906448003
7 24 15 26 43239 1.076089031017589
22 7 13 27 104119 0.9497256849757536
6 3 1 11 38990 1.0611422060652118
5 20 19 23 49459 0.9633183031163695
12 20 18 7 63742 0.9334073977892393
7 21 17 16 44324 1.08620142778904
26 25 24 17 51888 0.9103647229903699
1 18 12 1 93668 1.0353575869154876
5 26 17 28 63697 1.0518615777187201
0 22 12 17 55946 1.0932906058511689
16 1 14 17 67416 1.028114781144243
3 10 6 23 54124 0.9589325475526822
10 21 12 12 30626 0.9079002459236505
15 29 24 25 49756 1.0731100172215893
19 2 4 17 97719 1.081277814985909
15 6 24 13 56426 0.9727159820676259
15 3 22 20 84572 1.0475716486616435
24 2 0 17 129419 1.047602744372106
2 26 7 9 77824 1.0355574764632391
25 21 5 13 98118 1.0681785780548554
20 18 8 15 52948 1.057831043556265
5 4 19 16 79212 0.9793387934877255
0 1 17 0 95927 0.9159755452207451
19 16 24 24 53291 1.075736425838394
8 20 15 2 76783 1.0472553733882406
27 5 9 8 62190 1.025516165592185
12 29 0 4 107721 0.9793311464922956
16 28 26 15 87857 1.0338589205053925
29 1 10 10 86732 0.953192302762928
1 7 0 25 81294 0.9965268516806961
3 22 14 26 49197 1.006340853194033
6 8 12 25 64172 1.0858462151086412
25 10 10 27 108900 1.0868177652229873
1 4 22 26 133232 1.0668440402936405
22 18 4 21 66071 0.9026370881177713
7 0 4 29 102779 1.0312872582279078
18 0 24 13 68941 0.9202944868171196
22 22 29 27 44802 1.028410474845495
20 12 11 14 47715 0.9383674054276276
17 12 5 26 83375 0.9603433687743286
28 1 15 25 122147 1.0755997547997695
17 10 18 27 85527 0.9231745979222808
20 6 1 8 77279 0.9084957947096696
27 21 21 8 72870 1.0934500187446936
27 21 25 4 77420 1.082737525540011
6 5 25 15 97345 0.907613123588792
22 24 6 19 64942 0.9523066174156555
27 16 3 16 87121 0.9357568606372595
6 3 27 12 95875 1.051486956465357
0 29 28 29 115419 0.9442115539120454
29 16 4 7 113318 0.95576422664778
14 3 21 19 79150 0.9255952545955596
28 17 10 17 67729 0.9802611876501801
11 17 27 3 90378 0.9941129582132511
18 16 23 11 36072 0.9724922729246457
25 5 9 23 99671 1.023870368567373
13 4 8 20 65091 1.061457254053841
0 9 8 29 98817 1.0475346415775477
26 8 18 19 73247 0.9806680123378524
25 6 17 28 120601 0.9092154152937991
24 18 23 2 65304 0.9377331307611172
9 4 18 28 104794 1.056588433709434
26 25 3 14 111943 0.9755428043337812
19 12 1 1 104362 0.9552827823205098
23 2 2 28 147293 1.0709835336427496
7 2 15 27 97191 1.0469013245391847
29 17 3 6 115406 1.0225843948005475
13 22 24 25 45920 1.0988058259187217
19 28 8 10 88733 1.0580216286136592
16 17 20 26 55821 1.0644422081463554
24 2 2 6 82588 1.0686871367927404
27 21 23 5 75946 1.0500129134754668
9 23 13 7 60451 0.950230147956726
27 20 2 21 88988 1.0766918478537237
21 20 2 19 74497 1.0304657663226058
24 11 18 5 40458 1.0791462135339698
7 21 29 26 81758 0.9706998305131439
1 1 23 26 153629 1.0390665132441226
11 5 16 13 48830 0.9209891041306597
7 3 27 18 112671 1.0971080842680516
13 4 23 4 37701 1.0612997257460484
15 21 19 4 74575 0.9506655284038518
21 1 24 8 34756 1.0073652802317374
18 27 1 23 77872 0.9546701783625234
1 2 14 1 71770 0.965956063878741
28 26 25 10 76900 0.9917302221238867
28 14 15 17 51520 1.0366124267926877
18 20 25 7 80810 1.085958193913828
23 24 29 7 89886 1.0861388271871264
21 26 5 20 70551 0.9122791628691935
25 28 2 14 117580 1.0270886710846263
27 16 8 23 82384 1.0453849586227175
0 8 16 23 102155 0.956747568656095
20 21 11 7 74158 1.0290933203331543
21 22 13 1 98927 1.0593994154249293
21 27 13 22 47271 1.0320364796494297
22 16 15 3 70995 0.9620879066860049
18 22 28 10 79112 1.0921220922103607
17 17 27 27 78576 0.9833487158852823
20 28 0 19 97729 1.063088376326172
20 29 21 13 89897 0.9528246508648738
5 1 13 18 73016 1.0664346503026367
18 22 28 6 94825 1.0255425668568305
25 17 29 1 71802 1.0979911890277867
17 13 17 23 51041 0.9387698217753239
13 4 8 27 83656 0.9598128700835273
0 8 7 24 85027 0.9324120142767726
17 17 12 7 50156 0.9443444428921847
2 1 18 15 105911 0.9546858675198837
28 28 11 20 80203 1.0340434198737625
19 12 11 7 46656 1.0058990215687882
5 1 6 28 86029 1.0914459979560176
16 18 13 8 48922 1.0780935220917367
19 26 15 12 62613 0.9670496621466202
9 0 12 24 77291 1.0328690856747063
6 10 14 16 44629 1.0383647247138144
17 29 10 14 72700 1.0814658423684664
24 15 1 12 104656 0.9762744256255482
16 27 8 7 84696 0.9818090927859818
17 20 17 0 87576 0.9730230060390828
13 6 9 19 52470 1.0853601319827164
26 8 20 13 47849 1.0098710524232988
17 25 5 15 68593 1.0225641701899146
3 12 19 9 75543 1.0514256617492295
9 22 0 20 44615 1.0725359219387847
9 17 3 10 42091 1.0341738851723397
2 17 20 2 109866 0.9725894625709753
23 26 7 16 85598 0.9898957813913999
24 4 22 13 41752 0.9432489863424796
1 12 25 2 112924 0.9555222672648455
20 2 14 16 71431 1.04855301066242
16 24 14 13 50435 1.0573793371679727
7 1 11 21 72055 0.9176421391439663
14 11 29 29 114770 0.9330053111149615
29 9 3 22 128467 0.9622457996721872
14 0 19 23 92372 1.07921746784118
16 2 17 22 84207 1.070213537702212
4 29 17 2 123222 0.9435825446447351
29 15 13 24 85502 1.065187206797948
27 28 15 1 133099 0.9327558334296469
3 5 19 29 121878 0.9944941956290423
17 16 4 9 69158 0.9361234607911947
15 0 11 27 91660 1.09982856331504
23 17 21 7 46897 1.0617282614463035
12 17 0 28 77161 0.9188569705351258
2 2 25 17 122170 0.9976964730570379
6 12 24 13 75481 1.0918261085541792
18 23 26 21 39199 0.9494777076078214
6 13 20 29 99709 1.0167903514845682
14 0 14 11 42025 1.0166431174427022
13 10 26 4 60510 0.999550607443433
1 19 4 9 52171 1.0783481348316928
26 21 17 27 64160 1.0101221568611092
28 0 21 14 71935 1.087863741427308
2 27 27 8 154982 1.0476276121115506
15 16 2 4 77537 1.0659274306487032
