4199 4466 4102 3644 5100 4388 3760 3871 4701 4401 5219 4833 4637 3912 4199 4212 4541 3834 5160 5099 4825 5171 4226 4485 4661 3684 6728 7042 8120
6752 7653 6699 6211 6489 6253 6186 6957 6768 7114 6894 6486 6879 6848 7356 7619 6950 7014 7223 6064 7138 6422 6530 7604 7037 6448 7311 6289 8413
2666 2301 2719 3806 3566 3776 3378 3028 3550 3543 3612 3672 3199 3606 2265 2694 3919 2931 2512 3932 3740 3329 3881 3210 3711 2310 2252 4919 6048
6587 6460 6555 6710 6463 6030 6372 5987 5167 5684 5848 5193 5506 6155 6460 6152 5375 5948 6812 5240 5507 2531 3585 2272 3187 3058 3516 2460 2346
1954 2671 2914 2037 1368 2745 1836 2763 2114 2240 2762 1603 3024 2084 2770 2611 2354 2111 1414 2365 2328 1644 1829 1355 2996 1719 2952 1979 2685
8543 8481 8001 7183 8667 8111 8367 7081 8640 7350 6769 7828 7346 7023 6677 6665 7579 6509 6469 6797 6709 6760 6469 7987 6880 6615 6658 7759 7121
7409 6447 6259 6753 6141 6942 6712 6188 7299 7001 6326 6187 7131 5940 7305 6960 8207 7458 7544 8556 6983 8082 8037 7327 6997 8353 7330 8115 8633
1626 1530 2791 1378 2103 2049 2967 2286 2522 1991 1952 2157 2756 2527 2367 2965 2021 2844 2744 4301 4971 4379 4434 4235 5042 4358 4951 4614 4923
4168 3244 3640 4456 3140 4421 3778 2946 4240 3040 3360 4271 3516 3050 4070 4488 4273 3649 3017 3565 3713 3703 4005 3536 3247 4407 2934 3559 4416
4781 4844 6247 5636 5200 6009 5070 5876 6108 5912 4952 5944 6370 5286 6317 4881 5259 5377 5445 5277 5324 5561 5454 6347 3684 3568 4194 4260 3644
5831 6097 5320 6340 2869 4048 3613 3597 2829 3144 3501 3934 3099 3516 3602 4003 2866 2956 2542 3048 3790 3993 4124 3539 4144 2583 3097 2987 3420
5030 5032 4432 4956 4210 4527 5435 5563 5035 4882 4474 5485 4638 3167 2470 2434 2542 2428 2948 3979 3150 2799 3092 3675 3635 2824 3653 3453 3650
3571 2908 2278 2537 3282 3432 3902 2575 2411 3885 2444 2854 3332 4159 4347 4312 3506 3274 3049 4111 3141 3203 4449 3315 3518 3848 4530 3590 3528
1455 2059 2337 2104 1951 2025 1781 2979 1650 2500 2886 2173 2633 2112 1799 2470 2246 2869 1471 1959 2318 1381 2005 1708 1597 2251 1777 1663 2899
7894 7562 8419 8678 7741 8442 7861 5586 5089 5188 4489 5960 5019 4595 4828 4946 5581 5564 4764 4844 4506 5659 4832 6103 6121 4980 5942 5492 5244
3761 2700 2821 3794 3328 2421 3646 3463 2721 3134 3935 2323 3348 2260 2264 3080 3054 3410 2127 2792 3161 2252 1915 3341 2817 2785 2968 2894 2651
3380 3397 4793 4890 5055 4998 3515 3332 4096 3514 3506 3815 4847 4966 4438 4296 4351 3567 3673 3682 4190 3781 4172 4307 4954 3881 4771 1844 2614
7124 8092 7314 7840 7781 7834 7147 7744 6677 7021 7021 6881 7437 7043 7189 7075 6876 6816 7667 5743 5978 6234 5248 5824 5333 5279 6610 6100 6599
2159 2668 3186 2335 2018 2826 1559 2493 2210 2344 2595 3093 2152 2397 4789 4605 4289 3609 3670 4726 3697 4168 3696 3219 3220 3585 4279 4297 3644
7098 6192 7510 7367 6865 6271 6179 7502 6955 7418 4323 3421 3994 4785 3871 3422 3825 4473 4106 4919 3862 4480 3816 3956 4663 3544 3576 3714 4466
1886 1530 2662 2373 3769 3722 2996 3347 3282 3303 2811 2681 2047 2211 2304 2173 3689 3339 2869 3743 2275 2560 2345 2381 3000 2192 3122 2241 2755
2595 2793 4145 4250 2771 2768 3537 3348 3964 2657 4089 1828 2286 3273 3113 3192 3089 1804 1608 2571 3069 3214 1886 3272 1809 3104 2779 2369 2714
4830 6008 4596 5654 4734 6180 5370 4722 5414 5687 5379 5568 5684 4597 2231 2571 3162 2438 2546 2731 3354 2753 3001 3238 2247 3104 2373 1803 3262
1759 2116 1851 3431 3259 2424 2706 2025 2036 3073 2801 2633 3004 3107 2485 2657 2343 2403 2541 3196 6687 5789 6700 5575 6817 5902 5820 5283 5288
8645 7545 8384 8313 7713 8576 7625 8159 7795 8232 8279 8455 7687 8015 8078 7947 7986 4972 4412 3552 4470 5066 4176 4518 4241 4458 4723 5170 4528
5174 4477 3620 4083 4177 4561 5095 4333 4372 3563 4252 5169 4169 4080 3563 4240 3816 4031 4364 4385 4962 3730 1859 2594 3095 1630 1925 1967 2981
5574 5430 4279 5374 5427 4437 4279 5263 4305 4491 4246 5176 4276 1375 2637 2203 2483 2293 2022 2561 1876 2540 1495 2813 2205 2166 1929 1314 2053
8825 8057 7887 8903 8191 8174 8126 7250 8665 8592 7667 8290 8449 7365 7820 8448 7555 8223 8880 7531 2140 3200 2918 1700 2488 1909 1917 2270 2532
3180 3106 1797 2824 2554 2796 2688 3195 3455 2937 1909 2179 2029 3383 2727 2543 3326 2203 2692 2555 2360 2696 2371 3405 2276 7618 6392 6853 7698
6363 5121 5229 5726 6236 5168 5473 5264 5806 5747 5164 6241 6319 5290 5039 4968 5474 5454 5833 4965 4754 5497 5856 4858 5404 4920 5031 5404 5273
4359 2909 3990 5485 8342 5965 4934 4072 2875 7022 4013 3236 8122 4625 3763 5623 2257 8569 4760 5018 3698 4525 3088 7282 5397 7786 1851 7937 6607 8079
4718 2681 4489 4968 7943 6540 4107 4663 3048 5984 4923 3942 7362 4741 4834 4041 3627 8022 5310 5038 3435 5609 3328 6912 5633 7025 3112 8017 5381 6523
3490 2736 4013 3825 8101 6084 4297 5029 2086 6311 3931 2987 8351 3719 5218 4727 2620 8340 4706 4997 3606 4069 2796 5554 5811 7137 1811 7902 6682 7484
7009 2793 4300 3767 8418 3590 4027 4412 1474 5616 4690 3732 7573 4804 4376 5065 3794 7130 4281 4476 4379 5177 3326 4918 5752 7038 3218 7153 6671 7584
6318 2361 4691 4811 8582 3294 3866 4885 1519 6050 3930 3698 7148 4464 5307 5273 3621 7305 5474 4441 3370 5000 2193 5238 6436 8042 3046 6725 6429 8153
5613 1818 4385 3909 8040 3070 3799 4536 2261 5921 3501 3018 8200 3671 4225 4885 2762 8100 4858 5254 4462 5727 3054 5373 6165 8166 2371 7922 6212 6717
5816 3066 4414 3820 8483 3200 3513 5705 1530 5872 4848 3197 7482 3500 5153 4098 2395 8270 4572 4992 3506 5625 2854 5665 5617 7445 2371 6718 5515 8052
6745 2409 5121 4757 7026 2732 3618 4313 2899 6322 4117 3677 7939 4035 4189 5013 3050 7612 5513 5379 4078 4060 3637 4796 6661 6986 1810 6879 5885 7403
5632 1937 4930 3627 7114 3404 3768 4141 2286 6562 4043 4155 7876 3445 3420 4729 2336 8438 4496 5070 2893 5743 2074 5515 5799 8203 2064 6975 6015 6865
5863 6064 4547 4290 8392 2749 4043 4147 1858 6711 4545 2885 8109 3376 3925 4074 3609 8198 5416 5568 2476 5042 2390 5722 6563 8243 3190 3234 5392 8076
6946 5105 4427 4242 8014 3776 4769 5216 2742 6037 3918 4181 3700 3703 4264 4691 3904 7358 4546 5120 3139 5451 2800 5614 6048 6921 2781 1946 5464 7975
6891 6073 5060 4452 8119 2457 4931 5650 3163 5830 4296 3663 4801 3742 3943 4121 2382 7097 5659 4357 2463 5672 3488 5087 6438 7761 4146 2629 5540 6657
6245 6398 5966 4828 8220 3772 4003 4879 2877 6596 5055 2956 4396 4465 3644 4783 3018 7458 4953 5013 2864 5050 3628 4899 6407 8227 3723 2477 5908 6475
6295 5219 6403 4746 8566 3836 4976 5545 2106 6443 4545 3192 4257 4837 3503 5040 3619 8020 4528 3978 3470 4422 1987 4586 6143 7904 3391 2748 5458 7062
6353 5994 5786 4090 7495 3590 3944 5106 2909 6746 3855 2960 3683 4735 4115 4123 3735 8380 5352 4218 1912 4189 3247 5977 5595 7105 4676 2285 6355 6564
5959 5412 7230 3614 8428 3863 4644 4720 1915 6187 3661 3806 4233 4300 3720 5606 2607 7575 5175 4020 3306 5575 2245 5263 6394 7668 3281 2769 5483 7632
6315 5098 6941 3897 7750 3573 3931 4231 2390 6773 4274 2562 4231 4242 3452 5592 2861 8639 4962 5194 2664 5025 7042 5194 6556 8023 4249 2312 5373 7678
5776 6244 6275 4973 7114 3870 4317 5055 2508 6229 4980 4185 3367 3551 4189 5429 2800 8283 2403 4259 2702 4840 6721 5984 5510 7613 4287 2550 5547 6693
5864 5154 5825 4564 6941 3583 4962 4692 2983 5647 4537 3505 3293 4257 3324 5050 2079 8683 2056 4414 3290 4182 6209 5052 6671 7225 3879 2160 4860 7071
5846 6584 5965 4968 7563 2458 5136 3900 2165 5646 4538 6312 4490 3559 4161 4346 1908 7521 3120 5517 2312 4340 7056 5996 6659 7873 3885 1856 4893 6707
6149 5550 5757 4787 7065 2548 3951 4415 1967 7038 3865 6072 3198 3734 3408 4016 1847 7176 3173 5137 1822 5170 6635 4840 6938 2207 3842 2488 5469 7352
6138 6178 5908 4059 7854 3451 6125 3884 1454 6386 4387 5603 4756 3779 4357 8576 3362 6555 3109 5238 2579 5030 5782 5229 6020 1451 3515 2289 4912 6910
6761 5264 6831 4312 4748 2882 6388 5048 2109 5560 3689 6149 4051 3627 3496 8481 3217 5452 2082 4537 1823 5523 6890 6039 5008 2405 4297 3074 6018 6550
5710 5696 6695 5324 3590 2316 6679 3452 1327 6337 4345 6301 3676 4103 3470 8748 2046 6935 2468 7047 2727 5015 6124 4981 4372 1940 3467 2578 4952 7663
6235 5593 6632 4814 3837 2678 5790 4807 2402 5982 4467 6214 4559 4761 4437 7621 2371 5799 1985 6612 2849 5065 5626 6025 3912 1456 3778 2565 5941 6781
6724 5519 6765 4949 3501 2368 5739 4838 3025 6749 4970 7130 4556 4072 4527 7156 2598 6610 2439 6254 3118 4039 6489 4949 5281 2595 3730 1817 5608 8038
6385 6080 5527 3760 4804 3196 6675 4047 1760 5794 3566 6844 3572 4255 2989 8390 2237 5479 2234 6614 3353 5103 6306 4874 4455 2577 3818 2981 5220 5464
6410 6328 6144 5182 3973 2596 5738 4859 2150 5836 4866 6340 3511 5042 4382 8544 2519 6081 1574 7042 2991 5439 7198 4920 3823 1818 3399 2535 6026 5068
6577 5136 6621 3953 5000 3923 6498 3503 2102 2607 4531 6555 3871 4217 3358 7958 1929 5453 2434 5945 2846 4558 5657 5776 5087 1815 4593 1589 4933 4142
16 20 8 29 46702 0.9364817548592331
10 19 19 5 57970 0.9742445480211259
2 1 23 16 87300 0.9871818864441075
15 24 3 25 44880 0.9434970282775874
27 8 12 7 36472 1.080637598900849
26 29 25 18 25413 1.0666569783559685
19 29 20 0 83749 0.9831924837770911
14 21 18 3 56567 1.0987739789583881
18 9 12 16 35279 0.9554827704210294
28 11 0 9 76790 0.9719947151062328
17 29 22 13 60180 1.084019957173048
29 11 3 3 83677 1.0263947064836432
2 24 0 5 66139 1.071702951201896
26 7 16 15 49565 1.048446351613636
10 7 0 8 25433 0.9602535633174346
6 26 27 23 60397 1.0911679270878791
6 8 19 5 39644 1.0414877147022639
14 28 21 13 57771 1.0420132037704168
11 28 2 22 37369 1.0204575059848526
3 25 29 19 90409 1.0729318398385213
26 5 1 3 81467 0.9923804332241952
18 28 27 6 83313 0.9095079167179704
14 11 16 1 40335 0.9235024537821102
15 1 1 21 90967 1.0874750339590524
14 26 18 15 43423 1.0049336616350402
3 13 26 25 91433 0.9752718985469025
6 14 24 2 79780 1.0094266350112293
16 18 3 20 49106 1.0947307483658673
28 6 16 5 38315 0.9873008903817848
8 10 12 23 51535 1.0602137215479681
24 17 28 2 53985 1.0866654693680882
28 0 18 6 44363 1.0570524021971601
8 10 16 20 49620 0.9702916766679629
9 28 17 19 44678 1.043992258722431
18 17 14 23 33982 0.9031933103469202
5 2 5 12 34221 0.9807481327861044
18 9 12 2 31984 1.0272186569581632
11 23 8 8 53363 1.0317577311324237
9 8 27 18 68814 1.0085994885971232
28 2 5 5 78421 0.9450399136072949
3 21 14 10 61444 1.0858824442709616
26 17 11 28 60412 1.0008014229255868
26 9 29 16 29622 0.9060721554691459
25 6 8 11 59229 0.9959935166209741
5 12 1 5 36149 0.9041046268325925
7 21 18 22 43385 0.9009981384835932
2 19 10 24 39675 1.0062621890150296
8 5 7 25 64242 0.9759294064920613
4 19 10 8 37440 1.0994941685716797
2 0 10 18 63893 0.9229778979593082
11 28 22 16 54959 1.0475751115618013
8 24 12 14 41498 1.0367898905700887
17 1 2 18 88764 0.9024612924999081
1 19 7 0 61638 0.9662379403043392
25 3 7 19 85586 0.9811205027270836
7 20 28 11 77851 1.0536972013943038
0 2 21 20 98920 0.9232080137111172
22 14 5 15 59741 1.0900175766279125
13 9 18 22 47037 0.9080128141163065
11 11 10 22 38840 0.9629698180972092
1 25 7 6 64250 1.006727559585837
14 1 2 2 48280 0.9406367651893399
18 21 25 3 67442 0.9951853587732804
7 10 2 18 36766 1.0019779221095237
14 18 2 17 47053 1.0527390841073223
13 17 9 7 36985 1.063889184641088
13 29 20 5 69114 1.0928789534648098
26 12 14 1 66295 1.0138722247720948
20 28 8 5 81669 1.059202568833983
0 23 24 4 105833 0.9214949224796557
10 15 8 7 30715 0.9372772389908224
25 18 4 8 74636 1.0048900777877923
29 10 5 25 106709 1.0002201515915283
14 6 4 14 44698 0.9650985791500337
28 5 8 7 57721 1.0511836490256745
21 0 8 12 70953 0.9598046439990809
12 3 1 25 87236 0.9805415826053225
20 7 27 0 48091 0.950763581282429
26 29 8 11 85467 0.9207021329453685
27 29 24 5 69622 1.0527816393238048
25 0 28 21 72668 1.0097563319581022
27 22 19 9 55275 0.9626717070837328
8 15 26 5 74133 0.9775578257718202
20 28 29 19 44693 1.00031434490074
20 0 17 9 33578 0.9982449644383169
19 19 5 4 85969 1.0227526257228028
18 2 11 22 63828 1.0706867462404592
20 9 3 4 58523 0.9067236744084813
28 3 8 28 107593 1.0273640360458316
2 24 13 22 39331 0.9090659770564142
24 22 5 22 65767 1.0532299843323787
2 11 17 0 71818 0.9806965803287302
6 28 16 6 84599 0.9395472417465369
4 9 15 28 70137 1.0997668775752412
12 10 16 1 39782 0.9695204179362171
24 19 4 0 95351 0.9712754340966047
2 24 7 12 44822 0.9821363041556603
8 27 14 8 58972 0.9666533497372427
15 8 3 12 42191 1.0884776540483723
0 27 15 29 52299 1.0578207608179209
0 9 29 1 92585 1.0998792438627907
22 16 10 15 37343 1.0037188585913803
0 8 10 23 61233 1.0172711799714298
19 10 28 20 46643 0.9435343512203205
7 23 23 21 58717 0.9215234750648232
15 1 25 23 86394 0.9460325466455207
1 20 24 7 87990 1.0025531837065935
16 3 28 9 44898 0.9671789385164054
1 20 14 10 65359 0.922003618520654
29 14 8 29 92502 0.935479878215382
20 6 23 29 69867 0.9874930034662486
7 28 9 13 61585 1.0638446666647554
29 18 15 3 73819 1.0547447990461696
4 8 11 26 56956 0.9486604926225257
20 0 1 14 86357 0.9951355772345407
20 25 8 13 64757 0.9852989221010936
5 1 13 17 56282 1.0355372553944173
17 19 27 22 37658 0.9208764090343
24 22 5 27 71545 0.9819017164987149
6 26 16 20 40033 0.9525805095485853
27 26 7 3 102133 1.031332525893053
24 25 29 20 24170 1.0569344196930384
4 23 25 5 89043 1.0651334915358739
6 10 14 2 44766 1.0352633021051831
22 7 19 0 30803 0.9120528661541855
20 8 0 2 67650 0.9183958672072646
14 4 29 13 65234 0.9557502560038319
0 18 12 13 54163 0.9757548533397999
13 25 3 18 43460 1.0552436814767647
10 18 0 12 52114 0.9262818459650212
2 1 8 5 23308 0.9591917000914383
1 17 23 19 78149 1.0900604602826034
28 28 15 24 46305 0.994771030773529
18 19 2 14 65640 1.0170845536127113
11 0 23 12 62876 1.0773117594921948
28 5 9 8 52489 0.9309165037234556
7 19 20 9 62929 1.061412430155567
21 15 4 6 65365 1.0299104256553029
19 8 17 23 58865 1.0472860608478465
25 7 7 24 87721 1.0633767931991729
5 6 18 5 46983 1.0551344572737704
17 19 11 9 49761 1.097532655304072
6 9 17 16 53708 1.0534439576168517
2 7 9 3 31065 1.0578523592035571
3 16 17 4 71975 1.059762775179704
29 18 5 12 85349 1.0410944852856734
18 14 29 17 39562 1.0627546760429751
3 11 7 27 48678 0.9663063748281144
2 26 22 25 55682 1.0173772475513014
18 18 26 15 27411 1.0914154490418884
8 20 9 3 54392 0.9535250508706342
20 6 5 24 85498 1.0000309260520486
15 13 28 25 58270 0.9092008242101013
20 13 2 13 68353 0.9558931368459421
9 16 3 29 45819 0.9828439867868785
26 10 4 3 69940 0.9798528549069736
25 20 5 4 96288 1.0807014307083318
22 29 17 23 34145 1.0186884875735727
0 21 20 14 79350 1.0599141655915711
14 28 2 23 46382 0.9138350098716608
7 26 13 1 70978 1.0605842443780666
7 10 27 13 71059 1.0943547764647321
11 14 8 3 44644 1.0487100380566312
27 5 15 24 78362 0.9459647791012905
22 22 8 9 74098 1.0376733051615192
21 24 11 25 37593 1.0592309470208456
7 10 27 15 78666 0.9220377501381035
11 23 27 8 71695 1.0174570645513987
8 29 13 10 60632 0.9367036680123264
9 14 0 8 36307 0.9423827224446588
29 12 10 27 80502 1.0836740025117244
27 14 13 21 52663 0.9969956260765706
1 27 12 5 82351 1.0402554225344804
7 20 13 3 55521 0.9361652275272091
9 5 16 25 70918 1.0719221704212154
6 13 24 11 67420 0.9787839101004944
3 4 10 18 56494 1.0297727769416103
5 11 14 7 36197 1.028848988474854
17 15 28 15 36602 1.0804752036772312
10 2 19 25 89182 1.0938818926619431
15 26 1 15 66266 0.9879619036651597
16 0 27 5 49937 1.0920707315844942
17 4 5 16 68057 1.0555876583190187
8 12 19 5 50126 1.0746808724661032
0 15 13 21 54450 0.9644353001925131
17 21 14 7 51790 1.013295075006419
19 15 21 0 51159 1.0919904747775986
8 2 3 15 45667 1.090453899222129
6 5 23 3 62434 1.0561157474915341
17 20 5 15 50018 1.0305165259656726
2 29 14 13 74773 0.9014030949527716
16 4 26 18 63488 0.978196929018449
1 23 19 23 69979 0.9939635390278921
20 0 29 25 82971 0.9043343540985291
21 14 12 17 34018 1.0702499849583025
1 2 5 20 56371 0.9316490765590058
14 22 5 0 76438 0.9069675559853795
11 12 2 2 50521 0.9134054553499461
2 5 18 25 93699 0.9107554959110754
19 21 12 2 65920 1.0077957233864339
8 18 26 11 73888 1.0348268963570146
3 24 22 6 91984 1.0440097562935127
6 17 2 24 38480 0.913010197860667
17 0 3 4 71759 1.0522297806865641
1 19 4 7 42361 1.0842653627985215
27 1 29 19 60246 1.073434708542477
3 2 8 9 30412 0.9257180720356247
18 9 28 23 59848 1.002956635357753
26 16 19 21 29034 0.9515106945186376
15 13 24 29 66306 1.0104280866908777
24 4 11 10 49979 1.0675177898198498
10 6 29 27 94393 1.0701959325283983
11 9 13 23 40014 1.0639869577178622
20 16 26 22 27822 0.9813177677360282
24 20 17 8 46516 0.9030946100263371
18 1 15 21 61507 0.9191085610551539
14 6 9 24 64310 1.016592035729165
20 29 9 11 68130 1.0607870062120686
25 24 7 26 51761 0.9108771464922908
5 23 6 14 34196 1.0844855513548572
10 6 5 26 61932 1.028208923053057
19 13 28 24 48957 1.0445525089150411
9 22 9 5 58153 1.0255271026668196
21 16 18 8 27807 1.0341049511905838
22 27 28 3 73941 1.0866701913322336
13 10 5 22 50242 0.928711871385385
21 27 24 8 56372 1.0577155246619792
9 22 8 6 53586 1.0990840615288309
14 10 12 0 31631 1.0352132011130917
23 24 12 23 45139 1.0704805208471666
14 1 8 6 34249 1.0454015796279807
21 13 15 6 35861 1.0424355696529641
1 14 27 3 100857 1.0181379907730181
22 29 4 20 63394 1.001089250278186
1 28 13 29 47144 1.078147569642902
0 7 23 1 74807 1.0863435477488124
21 1 1 10 77342 1.0483407378523046
19 10 0 24 94635 0.9926570386958248
16 20 29 1 83462 0.9196037136032154
10 3 19 23 80632 0.9946994809497266
6 29 22 5 109028 1.0612240268576945
21 25 4 15 71928 0.9667861470399625
6 23 25 3 101498 1.0019308959768294
21 6 20 26 56934 1.0147195618595402
3 16 27 14 73750 0.9838661898499049
29 6 2 26 110828 1.012870482194894
3 0 12 2 39432 1.0226835564235706
20 27 5 25 45250 1.053226193488026
11 1 23 22 90749 1.096328321658451
28 13 4 28 97423 0.9368610899036793
21 0 0 0 92397 0.9173329210237374
5 11 16 13 43855 0.9368102018670237
18 10 26 4 35059 1.0863154854185157
20 26 0 12 93437 1.047035199167851
9 14 17 22 45258 0.9733228878856056
3 16 6 26 29326 1.0549078099845761
18 3 28 26 78740 0.9468800834570512
29 2 19 4 45154 1.0920674746482055
12 18 20 7 48344 0.9783355495929519
22 15 27 22 30421 0.9338195261226612
8 13 26 19 64449 0.9082293091354059
29 29 23 24 32434 0.9849133625143122
26 7 1 3 78967 0.9092996825943749
22 2 22 19 53697 1.0244236879665993
18 27 26 24 23589 0.9733542819122999
22 15 4 13 61931 1.0822728078088804
29 7 11 10 53337 0.9069091271624755
13 6 25 17 57295 0.9585092277216307
27 25 6 28 68586 1.0522576814251998
4 16 6 4 39057 0.9749413004686278
29 11 15 11 52801 0.9529982762619623
0 23 13 6 74083 0.9203710376956636
26 24 12 5 79804 0.9622611377531884
21 15 27 29 45921 1.0760756057934477
15 5 5 24 76390 0.9878577567341034
18 23 11 20 30942 0.9115026042904041
18 3 11 24 67409 1.0883128288427386
29 16 26 5 37562 1.0035281734997519
4 21 16 29 46804 1.0304866733864853
25 29 8 11 85231 1.0534327025097758
9 14 24 9 60609 1.0660788251016182
19 10 29 23 59846 0.9796501435435081
17 5 5 8 41263 1.002878071987968
6 22 5 13 29392 0.9306855257358881
14 29 27 10 84891 1.0126374998436247
9 8 19 23 66910 1.0084362118100034
22 28 3 2 102163 0.9700488041379757
21 11 7 2 59052 1.0886142531830039
12 18 26 21 44833 1.0857787962914673
11 11 7 27 60276 1.0029952624304803
14 12 14 28 41974 0.981443536620402
26 18 20 11 30239 1.0698255897798123
22 13 10 25 66848 0.913388211832625
16 16 25 25 41069 0.9174166587513789
29 7 3 5 71937 0.999076280741366
16 2 6 29 106365 1.033518685815845
22 26 19 19 26554 0.9427214431412728
23 5 23 23 56203 1.043917259769002
26 5 9 1 71055 1.0319951178786468
12 19 29 2 85467 0.97748029994574
18 3 4 8 44194 0.9803419683520376
22 1 20 14 44941 1.0867273693011443
12 5 28 15 62346 0.9979979072699197
4 21 19 13 67428 0.9179225651831805
17 16 13 23 27071 0.9831364184607048
9 5 12 20 49171 1.0730871707883822
10 20 25 9 65841 0.9230943761138298
26 1 4 24 112274 0.9983818149990851
5 12 19 5 58622 1.0163509253972796
29 13 11 17 60618 1.0312206575284957
8 29 25 10 98952 1.0355172818657095
25 20 3 21 67130 0.9787003787061542
17 10 5 24 76907 0.9118034015540166
12 8 4 16 37466 1.0526610305448727
29 19 8 2 102194 0.9771139205530628
2 24 16 18 58506 0.9845279684418471
15 20 23 11 44098 1.0647552152313926
14 27 23 6 69790 1.074400450899363
14 23 5 7 63755 0.9813682849616627
12 25 0 6 82064 0.9569126833201698
10 6 27 3 67459 0.981651649822351
3 24 17 22 49575 1.088436264579435
6 13 18 19 56848 0.9952308588238039
19 17 5 4 77813 1.0176360361957777
18 27 0 29 69547 1.0353300493058293
23 21 18 4 56864 1.0507089035887178
11 20 0 23 41715 1.0292895838939347
12 16 24 10 52024 1.0101860192288734
26 15 25 26 26716 0.9907878497685572
26 27 11 13 66544 1.0422016005165546
16 28 26 2 95811 1.06071359036674
15 23 25 4 73634 1.077901777932042
9 13 21 2 65460 0.9012998097171426
19 28 4 4 88190 0.9565526629498822
22 26 8 2 97814 0.919428628950773
12 0 1 5 55472 1.0734406877610063
29 27 6 16 80872 0.969148306608396
29 26 12 14 71859 0.9348634314463757
15 9 12 20 35817 0.9335354212079227
19 20 19 10 33818 0.9235440637250406
21 28 17 19 36779 1.0852675733577368
25 20 7 26 60430 1.0150432770773967
0 21 16 25 64739 0.9997846014842353
26 18 10 4 75599 0.9105538618676526
14 11 0 11 48519 0.9014472350661028
11 13 23 5 49581 0.9479031744628788
15 19 7 17 35102 1.0906139193527618
24 23 17 5 68468 1.0843152832277203
25 2 18 29 91595 0.9843638182027201
11 16 19 23 43447 0.9438587983102398
19 13 8 15 48899 0.914812957795328
0 5 11 10 43746 0.9785408686182339
14 22 28 11 63216 1.0391015180599823
10 6 22 6 46481 0.913055618310647
12 16 4 4 48540 1.0279599901013798
3 4 22 15 81572 1.0200084736592387
7 15 18 26 59789 1.05312656116035
10 8 22 26 72417 1.0773266031356281
18 26 1 22 59293 0.9573479961758078
15 10 3 29 78121 0.9487704202292481
19 26 0 3 108134 1.029158953171999
22 12 15 2 50695 0.9939005367488682
16 28 26 4 86158 0.9066216510262686
3 0 14 6 49901 0.9942463236022653
1 21 21 29 72211 1.075450815152924
9 20 25 18 46243 0.9623831891118347
29 26 29 1 75877 1.0827093944832726
19 19 9 2 79885 1.0477436135942613
6 17 11 1 60147 1.086168271244984
20 0 1 4 83353 1.0943895070588625
15 17 21 25 37371 1.0550102685479312
13 21 23 8 51592 1.0679593550463902
18 27 4 22 45564 0.9466687212953643
12 11 1 2 52547 0.996495025731113
3 28 29 15 99930 1.023607028571771
5 25 11 9 65776 0.933483938727383
7 26 24 10 85600 0.9107291979289122
3 29 2 17 39108 0.9126190271882287
23 4 28 19 50348 0.953234517273321
8 25 21 4 85701 1.0016213881350848
2 13 23 3 77752 0.9063325888906517
23 16 29 10 31072 0.9701784598801843
21 25 20 2 63850 1.0238935346606675
27 15 15 5 64848 1.064470079204787
7 17 24 7 65066 1.0300623538115128
7 3 23 13 62661 0.9109859709492277
15 17 28 28 61272 0.9163264773446985
9 8 23 5 40301 1.093731858369182
15 17 7 23 39861 0.9367107382038427
28 26 26 6 65624 1.077754406188676
20 17 12 6 50240 0.9780579305452566
5 17 23 27 74598 1.0258073380648094
18 14 5 1 62432 0.9383669715479652
19 22 27 9 61618 1.0276178069771944
13 0 25 2 60434 1.0603923583029278
20 28 18 3 70048 0.9271595016234915
22 12 10 28 67919 0.9534156564522506
8 14 28 2 82174 0.9270578587301432
16 6 25 4 35167 0.9864322803486607
19 27 5 1 90442 0.9812705180376396
23 9 1 9 58771 1.02037154908757
9 9 13 22 46900 0.9371437304051277
10 20 0 8 54437 1.0044087636282226
0 12 5 18 38458 0.9300784257255831
12 23 1 21 41999 0.9762454973625898
3 28 29 16 94962 0.9057726165595784
21 22 12 19 34733 0.9872542057302637
28 26 29 2 74647 1.0453118371129615
11 9 22 7 36194 0.9841128082990935
15 23 10 14 33961 1.067921406702161
21 19 12 2 64082 1.0143134606691528
29 12 17 26 65699 0.9698257675036276
29 28 23 20 35554 1.021202076612148
1 15 16 27 66067 1.0580514226324569
13 0 13 18 40029 1.0445612804965039
2 18 15 13 54488 1.0332816017513
25 27 22 14 39628 0.9661635158679173
0 8 6 26 54223 1.0071845077937025
27 18 8 24 65594 0.9634393674881065
23 29 20 17 42484 0.9575898606271588
29 13 23 25 43710 1.0360020351806338
12 3 6 29 93950 1.0594752466947979
27 27 18 17 44992 1.0528721170234898
17 18 3 8 63673 0.9957685898312468
14 8 1 27 77862 1.0793609950408558
27 26 8 12 84813 0.9433324847613277
5 29 13 2 89404 1.0596461998399567
15 13 20 5 35193 1.0457802518866277
24 2 2 16 91654 1.0985321724997803
9 29 22 29 44712 0.9749429294636559
19 8 4 7 38709 0.9897069469359034
3 11 12 20 50455 1.0306699275703581
0 5 25 14 89704 0.9584378435106569
22 4 9 3 57373 0.9073878147678703
17 0 13 25 72625 1.078598323188583
23 26 5 3 102269 1.0367375179404503
28 27 13 8 76812 1.089434113886478
25 19 22 7 42190 1.0371509801494085
19 5 21 21 47323 1.0032194746887757
14 4 20 10 38899 0.9038101257814636
29 23 23 9 53656 0.9804295397967271
21 25 19 15 29499 0.9470174921789087
15 24 0 8 71575 1.099715526527986
18 21 14 3 60105 1.0102361536163158
4 7 27 6 68689 0.941491991337467
11 25 21 16 51218 0.9096554227375634
28 24 20 8 58851 0.9740889944589943
7 24 5 3 63754 1.0070999027384744
16 1 4 22 83168 0.9280898348938481
21 7 8 27 79157 0.9107664349565842
23 23 4 17 74345 0.9454904537276227
27 23 26 6 56639 1.0722915674847437
21 18 7 9 61363 1.015498550171777
20 22 1 3 95703 1.0725120287106567
22 8 23 25 52034 1.081965521422686
2 2 5 16 43889 1.00838055272788
16 5 25 9 33100 0.9738600279875742
9 1 3 28 73277 1.0435694678981104
9 21 1 25 41636 0.9366587560881504
1 5 22 29 107744 1.0570453147821584
25 1 8 9 68178 0.9207337235897955
28 15 7 9 70136 1.0748690240442036
7 29 16 5 88304 0.9250255727089166
9 20 22 0 86548 1.0784106586212892
23 3 8 27 93217 0.9616173093218133
28 1 22 11 43683 1.050591150418495
0 19 20 1 100832 0.9687772720651829
18 25 10 21 43177 0.9200214272638269
9 9 3 25 60150 0.9463209518833329
15 19 20 29 38674 0.95826038396593
15 0 26 19 78881 0.9673587067564053
25 20 24 7 43332 0.9045087077787439
6 11 18 28 72811 0.9177343246496813
28 17 18 26 43533 0.9875655624052926
18 0 10 16 58599 1.036259685627607
27 15 29 0 55880 0.9802383435569324
12 5 28 14 59619 1.030709897607577
3 11 17 8 41303 1.0661985554479614
2 14 19 2 76626 0.9489704343708498
14 22 14 11 28610 1.0467669825857953
16 7 5 27 77404 0.9962315456279695
10 6 19 24 76218 1.0244422243723925
6 24 2 12 46179 1.0644185140519014
7 6 12 24 61665 1.0219172236136542
17 11 5 1 55369 1.0086430417989114
24 9 13 27 70684 1.05053058567023
22 5 1 12 76144 1.0918868024138002
10 19 13 28 26214 1.0619598764620761
28 23 27 10 37839 1.0290177130192961
28 15 15 26 59375 0.9939635467625749
7 29 23 27 55900 0.9791525724522425
14 18 5 11 46929 1.0047955376288962
16 16 0 26 65260 0.9331317752342942
28 7 17 10 34071 0.9580528047863046
10 22 3 14 38175 0.9323751502769735
6 11 8 26 48521 0.9711177712414967
7 27 19 2 92763 0.9710818414499114
29 5 20 7 32143 0.9024947652219321
4 21 22 9 76726 1.061982297113388
10 2 24 17 81013 0.9433730251050699
5 19 17 14 55213 0.9761449194670864
8 18 13 29 38016 0.9991431637472894
18 21 8 9 61685 0.9415164111659905
7 13 21 0 70319 0.9351297679692212
27 8 10 22 71403 0.9345739583212838
5 11 11 15 31324 0.9464998256052191
29 25 19 1 87669 0.9957571362395109
27 0 4 26 122178 1.0230514837729316
2 25 12 17 53086 1.0010588836487557
14 14 15 29 39932 0.9877295742537988
22 1 8 19 89750 0.9562262051939514
20 18 11 25 47485 0.9245004339437806
6 5 11 22 59234 0.9890193768474466
3 15 16 18 52632 0.9357603721999501
24 28 8 14 75774 0.9694620149301657
18 3 21 18 43931 0.9375193980644723
18 3 3 4 61324 0.9912218335776094
27 0 7 23 114638 1.071501758546914
9 19 5 27 43991 0.9314240039738456
23 12 16 7 29451 1.0923573433815266
10 14 26 12 60109 0.9923352523663326
17 1 27 13 62222 0.90684063494337
13 10 24 3 45825 1.0503733827713373
26 23 14 9 67484 1.0083149230383102
8 0 10 18 55735 0.9994000173147661
0 23 8 20 35918 1.0789826399082516
18 0 10 2 45926 0.9054910497755213
18 2 7 19 68916 0.9945688553479406
25 0 0 8 84640 0.9753999881088716
0 6 16 23 80367 1.0677691143499135
20 1 13 10 39231 0.9408757741696252
5 27 27 28 65355 0.9925032490625074
28 19 17 17 36151 0.9185209824476152
7 3 23 18 75656 1.0371296971226713
13 28 14 11 37624 1.0451052622903352
17 24 28 1 93250 1.0674970335447354
18 5 19 28 69024 0.9078078657332845
16 0 17 14 50315 1.0253994953802128
22 10 29 6 31633 0.9917613155620612
2 12 23 18 76795 1.0900945917886737
17 21 22 28 34586 0.9443257534007284
25 2 11 29 98549 1.0225757749966835
5 29 20 5 100974 1.0327474067037963
20 2 9 26 85419 1.0168382207064661
13 2 5 23 72803 0.9972823447262495
0 5 4 26 60825 1.045834079316992
14 0 5 26 83470 1.0219691193513367
15 4 13 12 26748 1.0237820688028574
3 0 16 9 57458 1.0731302617629934
7 0 17 18 73619 0.9305969101209168
20 0 12 15 57503 0.9040328621216694
28 25 18 1 81104 1.052760188025561
24 0 1 0 98169 1.0523941548159403
2 14 29 8 79828 1.09934438083086
7 13 12 1 44803 0.9196436910759164
14 17 10 9 37145 0.9659662919443484
13 17 0 28 66823 0.9961129040630694
10 26 17 6 66386 1.071335375968911
12 21 5 15 40972 1.0284866878498167
18 23 7 19 47829 1.0466713512469794
12 27 21 4 72348 0.987878706180171
24 18 1 0 101898 0.9680540173113271
23 26 22 4 70666 1.0885713004932402
0 3 26 26 123134 0.9883284394977105
5 8 16 13 42775 0.9266429309825798
7 7 24 19 74039 1.0296769039961815
20 12 12 20 39753 1.07223309199298
29 0 10 13 85510 1.0096109366671528
29 19 13 27 59132 1.0183997601107955
22 22 2 0 102596 0.9203232130043243
3 11 15 10 42853 1.0118306975057836
4 16 21 21 60169 0.97027315808197
7 7 23 29 90988 1.0099783467774741
15 6 0 12 59105 0.9435706616087352
7 11 25 7 52858 1.0317924892944057
22 8 19 23 49926 0.9191493640466937
3 28 18 15 74728 0.93679513674513
11 19 28 0 86851 1.0825589074900852
8 17 1 5 52152 1.086416378123653
12 8 21 20 51123 0.9209007199496387
25 8 14 10 30930 0.917072029834606
13 15 15 0 44711 0.9003033236692007
4 1 5 29 71426 0.9819060775384916
1 21 23 16 80471 0.9613163209667787
23 6 9 11 47958 0.9710663971269801
21 11 21 22 29047 0.9831686512767916
9 27 18 28 27247 1.0506392468710535
14 6 10 12 31083 1.024075435091634
26 11 1 2 88986 1.063879111307197
29 18 19 13 35312 0.904932617689945
22 13 13 15 36280 1.046235519134811
9 1 19 5 52354 0.9462355266350923
10 11 1 14 41769 0.9219310661325117
16 23 25 18 38756 1.0764566278883596
4 7 28 26 102822 1.0136529992162773
9 2 0 10 47520 1.0475791906987613
8 10 29 16 74122 1.0472093245149752
10 28 18 6 65724 0.9438854108944511
29 17 11 25 70421 1.0844493626983447
18 21 14 5 55140 1.0177145002531474
19 10 23 0 36224 1.0771243066181064
7 21 2 28 32579 0.9767612880054423
0 9 8 0 41175 1.002622989752444
17 12 28 0 57091 0.925285568110333
8 7 29 0 77759 1.0112410729128078
18 23 16 6 63443 1.0630583297937601
2 14 17 12 63868 1.0444135479580101
22 27 25 12 48617 1.015563948596095
5 21 17 26 53843 0.9068105159567604
1 19 12 8 57856 0.9554763453876567
28 24 5 6 104217 1.0316895685354668
28 28 18 21 44916 1.0669350338360521
11 3 28 21 87475 1.0751760976261477
22 24 10 18 50459 0.9057438365004808
23 13 18 8 24225 0.9646067400002939
0 11 15 17 63474 0.9694413562322545
2 12 29 10 82735 1.0500044138958697
9 6 22 28 83100 1.0657900676011218
1 0 12 4 46360 0.9682792871852168
2 28 6 1 72036 1.0040604615823778
6 25 18 22 57241 1.0670475724559583
14 5 9 13 37620 0.9467167336001736
0 17 5 11 32629 0.9010558477687681
14 13 23 18 36525 1.075054799638325
26 12 24 25 34830 0.9257639278240574
15 21 7 10 50111 0.9934947874408466
5 9 3 18 31890 0.990504608739476
26 28 23 18 27813 1.0317675609293337
2 27 16 27 40084 0.9946421810543554
28 28 23 9 61609 1.0177657722241873
11 27 25 7 75479 1.0560926798262404
6 11 23 23 82017 1.0177772623860852
10 16 2 0 58071 0.9001159903784237
29 24 8 16 78655 0.9905814849013859
22 27 9 25 38364 0.9938014454461452
4 4 8 11 24164 0.9369247010983969
25 20 2 25 75557 1.0367760726343662
23 10 10 13 51238 1.0978183253953957
24 8 26 20 39344 1.0443756921789247
27 9 22 29 67330 1.070524435087446
7 2 17 21 73497 0.9271988300140723
29 25 22 28 21886 0.9885878461708426
6 1 18 16 67840 1.0298237286197298
2 0 1 15 52728 1.0374180883797905
10 11 20 7 38159 1.0389106520528528
9 7 6 26 60036 0.9841103328167373
25 16 10 13 49626 0.9480216046136586
7 2 27 1 87857 1.056012148674054
13 19 0 1 73397 0.9406220512190675
22 25 22 14 30272 1.0406852061555711
11 13 15 23 32864 1.091090852514402
8 22 2 8 46722 1.0902263998173882
13 25 7 15 38818 1.0279494332259413
27 20 27 1 60217 0.9944581977365363
1 26 16 4 91728 1.0964033957938684
26 15 3 27 88215 0.9053223147062497
6 26 12 0 81049 0.9054618852018421
0 24 12 2 88500 0.9871364384165464
27 1 29 16 48379 0.9437389734631423
9 15 4 29 46776 0.9474373625402004
25 19 16 17 33289 1.0368375947306925
1 17 13 14 48337 0.920182736860383
5 0 29 12 91505 1.0259416881900154
2 1 9 13 46031 1.0567304151101413
3 17 4 1 44711 0.9692910459238084
17 24 28 24 40565 0.9348208270687741
26 11 16 29 66659 0.943537497427441
28 6 28 17 30371 0.9180890214497645
26 19 19 16 22753 0.9913209580171733
19 9 11 5 32699 0.9545510327806987
8 8 26 9 46491 1.0564022757832068
27 7 29 27 62868 1.0119159575909447
6 19 18 17 50811 0.9406959509120726
14 28 20 23 30119 0.9342165729031582
20 5 5 9 53003 1.0089404649603986
27 12 16 23 60034 0.9796328303887676
23 29 11 19 55415 1.0587317871190522
28 20 24 8 41275 0.938552807673598
4 0 28 20 104418 1.055133525540364
25 19 28 0 59442 1.0135088883360928
15 27 5 15 56736 1.0399561767731418
12 9 2 29 78240 0.9326295327074489
4 24 21 29 53967 1.043312735346511
10 14 0 7 44103 0.9271928646562485
2 3 9 18 57762 0.9094794510155785
18 25 26 4 81163 1.0164623445541152
9 4 13 20 51507 0.9271201476785461
12 2 27 15 78279 1.02553450421841
15 2 19 9 34143 1.0165343761933188
21 22 14 13 41796 1.0565912181700343
21 21 16 26 30880 0.9695178823276585
11 5 16 24 59439 0.9973948553772471
18 27 1 20 60956 1.0546332607392523
21 20 28 27 31390 1.0286471944888573
0 29 14 27 59631 0.9873520053271205
7 1 1 18 58196 0.9294039383984635
24 21 28 5 54198 1.0793040352067962
24 1 17 12 47795 1.0989160794071255
26 5 19 15 43032 0.9088065592560473
4 18 17 12 56960 1.014940224132799
4 3 22 7 57003 0.991223021073524
9 3 26 17 82452 0.9357664938633636
7 23 9 11 46298 1.061917068004146
13 19 29 22 53590 0.9146549022312487
16 11 1 12 58535 0.904966855859178
7 9 26 1 74878 0.9847673803526055
21 10 17 28 59216 0.9887223204995017
18 8 6 12 43502 0.9339945886917606
21 24 13 21 35237 1.0394302608997381
10 6 6 27 71633 1.03557676523296
18 7 16 21 51250 0.982931170888308
10 15 0 18 42449 0.9009904064228208
29 25 6 14 87810 1.0906097287622447
16 11 22 22 45956 0.9856620965043673
9 26 22 12 69943 1.0708986295037477
29 16 21 18 23349 1.0984890294875627
22 29 3 1 106589 0.9002124021629266
25 3 20 19 56648 0.9381873689425049
27 13 6 21 80219 0.9944180263800797
13 29 16 16 36105 0.9989841158829386
19 9 1 8 47428 1.038086756889611
3 24 26 13 87484 1.0887119077956686
10 26 27 16 66663 1.0100999990377533
6 9 20 11 50591 0.9311625127708878
10 2 6 20 62825 0.9672371614223421
26 9 11 6 47259 1.0674137639327852
9 12 28 8 59835 1.06892132674805
14 21 17 8 42828 0.993937320874473
14 4 29 10 59431 0.9557112568089848
4 3 28 9 68509 1.0878312971353776
2 14 20 8 61532 0.9890304628060471
24 10 15 22 56657 1.0033676718639346
12 15 1 27 63645 1.0535209336434195
25 17 0 21 86858 1.06376846414791
27 11 18 22 58680 1.0898549128015875
0 10 25 13 84637 0.9914173002532363
8 13 16 6 44221 0.9818624455427851
16 18 12 25 32712 1.0361835458786837
1 3 28 4 88847 0.9372211664006705
18 9 2 22 72719 0.9747731020313923
21 27 3 4 97238 1.0150110223374873
9 14 2 3 45165 1.032703186069095
0 26 27 17 92266 0.952386101018255
21 8 29 19 49072 1.0738409768338215
25 4 18 22 67527 1.0722297294339724
13 6 0 19 70511 1.0734449389933407
15 28 19 1 81799 0.948667839745493
0 28 16 7 94482 1.0674697871730596
28 15 25 0 56989 1.0602660749885546
16 15 3 17 50503 1.0019609443787878
16 14 24 22 45966 0.927066605380044
21 11 25 24 45887 0.9961941385971156
28 27 15 28 34868 0.9715447970026854
25 9 27 21 42292 0.9076650438422514
21 22 28 3 66916 0.9699018139234434
20 2 26 13 50882 0.9925586820060815
7 0 14 9 39750 1.0255586126376204
27 11 9 29 94879 0.9763927232915064
3 12 29 26 106518 1.097328540848402
26 6 4 20 87389 0.9901503951941213
28 3 12 19 77049 0.9499179149702405
16 29 6 10 71713 0.956911663586635
29 21 8 29 78726 1.0624359696621792
18 5 25 11 33472 0.9108734293886082
5 12 9 18 37250 0.9355714959073429
10 6 6 15 34623 1.0037138749388812
1 5 20 5 66164 0.9879626705588381
17 10 22 18 37028 0.9733229171684271
20 23 12 6 62367 0.968514947528684
10 11 18 4 38560 1.0998764928526958
6 16 26 5 74480 0.9409753972468218
27 4 6 2 80706 1.0923662283298592
6 21 27 9 93360 0.9928329590396711
7 22 15 5 62695 1.0666853391902689
27 25 21 7 58434 1.0184594230723714
10 21 29 1 96290 0.9800538696193262
8 19 25 13 69294 1.0572911921585753
1 29 18 1 114142 0.9741348295885079
11 27 22 2 87882 0.9099253667160354
8 7 20 11 42244 1.095749407845788
8 29 29 19 84109 0.9966939380404922
16 2 25 11 51488 1.051785507670174
22 24 11 11 62754 1.0316228765959132
5 6 23 2 66592 1.077064474176391
24 28 5 17 82346 1.0147838460145262
7 8 28 22 85876 1.0202971905002827
18 3 25 18 52904 0.9534836567631109
10 19 26 20 46088 0.912912379855838
4 4 21 0 72963 0.933126844579343
18 10 0 22 81387 0.9050843381514508
17 25 25 11 71489 0.9143322336044766
14 23 17 1 72215 0.9786715115727797
22 0 14 22 81292 0.9068875249048641
12 11 15 25 39694 1.0835358563994615
2 10 16 19 68302 0.9343164879288539
9 11 18 24 62251 0.9564004633859652
19 16 1 0 86306 1.060069751372001
5 1 7 21 56106 1.0408572428232286
21 6 11 17 51993 1.0011015046273806
5 0 13 27 83789 0.9960466813670341
11 23 16 28 26965 0.9560827949860504
3 11 6 1 31361 0.9693654239859703
13 25 20 10 51390 0.9959042696643665
12 19 1 14 50095 1.0845106269413343
27 10 12 25 83231 0.9297661214070414
8 20 27 18 53809 1.084941998848754
4 22 18 24 52166 0.9983397380689003
12 13 26 21 55737 0.9883480011743431
5 2 19 3 61610 0.9412242481901905
0 5 11 6 45834 0.9964857520599102
28 16 5 16 63262 0.9325564523388927
5 15 16 19 48923 0.9623816056503084
25 12 22 2 41305 0.9865404696239153
25 27 1 7 101865 0.9203901714220756
27 20 12 8 66753 1.06182768752387
25 2 8 11 70101 1.046427726584877
18 2 29 23 80787 0.9645555600891416
3 7 18 24 83912 1.0652716316195445
4 17 22 17 57411 1.0947503622126074
16 15 26 14 34225 1.0727696249613246
25 12 12 24 68901 0.9172593691389098
17 2 29 12 56385 0.9265803220675831
20 15 7 17 42102 1.0253384759370006
10 7 20 10 35940 1.0721017019125205
14 20 8 26 30634 1.031312126962706
22 7 12 14 42717 0.9288831743789445
13 8 24 27 66914 1.0210736591277845
12 25 13 1 59240 0.976502291631729
5 11 20 9 48763 0.9827371067373465
9 20 12 11 33630 0.9671672684778674
29 13 25 2 45445 0.9673623006517617
3 6 10 0 37997 1.0217897080261327
18 28 12 12 51953 0.9782094658630747
8 17 1 28 53797 0.9067071360476984
12 29 25 23 46737 1.0998553816076495
18 18 24 28 43528 0.9200491843376231
9 19 18 29 49861 1.0070167759118471
22 21 11 2 77185 1.0217949190537088
23 6 6 24 90007 0.9620482000294137
29 0 23 4 36451 0.9616732368390349
9 21 22 13 58621 1.029571886209629
26 17 23 2 46990 0.9963931046999145
10 10 20 6 38074 1.031247495000002
5 15 23 22 75720 0.9703047876568084
3 28 26 9 103217 0.9202219724683304
13 13 28 10 51404 1.017007268302092
6 29 1 24 39169 1.0180683071488952
24 2 19 15 50906 0.9622839119488396
15 9 24 12 34431 0.9944072526148522
10 14 8 29 57353 1.074949535432986
29 29 7 29 79853 1.0153522589543869
24 3 16 21 72061 1.0114420875705628
20 1 1 13 81223 1.018088002379291
15 23 28 5 76651 1.023622548310317
25 5 27 13 34390 0.9488327080579488
25 5 21 29 72277 0.9587887489519832
8 28 18 26 37504 1.0987668248653633
24 20 15 19 26017 1.0590459417313927
28 8 4 17 75867 1.0323283074301601
3 19 17 16 50254 0.9467912812887803
6 26 8 13 46204 1.0513260049842605
3 24 20 6 84814 1.0204326847021885
21 8 9 10 38243 0.9757565585058525
13 7 24 20 58354 1.0496396368502374
17 10 7 1 49734 1.016756373842835
7 28 5 3 72236 0.9914549682399326
13 23 27 19 49453 1.0862569132154674
16 29 14 17 38819 1.0952203357483414
28 23 27 1 64653 1.0505514862963283
21 8 18 16 26766 0.9545875068348526
9 1 26 26 108480 1.0845778179673966
28 0 12 26 97061 0.9736754159438782
1 21 29 27 86556 0.9536400887213485
4 21 27 5 91134 1.015813038604986
19 18 5 28 72628 0.9178089132644854
26 23 17 18 33329 1.0870044422878833
15 1 20 15 52773 0.9623026432044273
25 24 13 3 82209 1.015978273751858
4 2 19 21 82772 1.08282886187973
5 24 26 29 70308 0.9478870863531378
9 0 28 1 91909 0.9754834109631385
27 6 8 9 61957 0.9917982001225201
25 10 6 5 60497 0.9162358224841551
25 2 17 19 70185 1.0772135356374992
20 16 12 28 47258 0.9907454450315085
24 4 9 24 91084 0.9699203403805002
15 5 22 27 73400 0.9353636992493295
3 2 21 24 98785 0.9849536201899007
12 15 5 1 55683 1.0413678053705722
21 7 4 4 52138 1.0004496695225917
28 23 7 5 95549 0.9884751897840831
19 9 0 0 72472 0.9417560671736251
27 22 18 26 31693 0.9131796622356235
22 13 28 26 46911 1.0385779625777092
5 16 29 12 77815 0.9044992654581058
11 29 9 12 60711 1.0992795643754956
24 29 22 18 40697 1.0534180579477714
13 27 9 11 46454 0.9321113834177557
6 0 2 27 74460 1.089973283214825
16 9 28 20 61249 1.046139043380047
28 4 8 27 101269 0.9302360291650413
10 7 9 28 66730 0.9140146054389546
24 28 11 25 43862 0.918977822813917
24 5 14 4 39367 1.08464112270088
15 25 13 12 34565 1.0946004366907396
6 13 23 14 62774 0.9323116582458192
17 19 0 18 69182 0.933752521616373
2 17 18 5 69382 1.0024065988281967
24 18 28 27 28874 1.087461736790633
18 5 22 22 52443 0.9101540371232003
15 7 28 27 78545 1.0159458252982803
4 29 23 16 79972 0.9815408591810991
26 4 4 7 66231 1.0787320094188133
13 6 0 19 70511 1.05896298190915
10 16 1 20 37437 0.9098260958415392
26 4 18 27 79452 1.0747856184684232
8 16 3 21 27577 1.027995903468281
4 22 20 27 49580 1.0713877883535121
20 28 22 14 39174 1.091169473882941
24 22 12 29 52527 0.9852420460364378
17 17 28 14 39130 1.0867923023436608
25 28 9 22 53285 0.9198247449253677
19 0 3 22 92821 0.9528915599398917
9 1 27 19 99851 1.0057401452752064
20 13 2 10 62888 0.9595170413172966
24 1 9 27 96105 1.0032065995183266
17 21 9 11 50747 0.9723517180797207
29 3 28 28 76996 0.919446905633956
25 24 29 5 61138 1.0750822121248707
11 12 8 23 41824 0.9889096181074852
27 8 17 0 44212 0.9715259508557335
4 21 1 11 33325 1.083949686376906
20 7 23 27 58330 1.0181881695705362
25 26 27 18 21971 1.0463723450731681
10 0 29 29 125062 0.9305371756196104
9 26 24 12 75623 0.9256397882181959
15 18 12 0 54977 0.9867384240884008
14 26 23 13 58494 1.0911395894048042
22 14 27 19 28012 1.0238179857382694
9 24 22 26 44421 1.0781270195383348
9 0 1 4 38100 0.9587497769708628
6 9 1 0 40326 0.9805200901909006
14 25 1 14 67755 1.0918863416355642
21 1 4 22 93190 0.9669124065246918
13 16 27 1 76681 1.0354646271631682
3 10 20 20 74822 1.0566923985859895
0 23 19 9 89008 1.059263206346992
12 22 7 11 45125 1.0985976992198216
0 4 8 13 47325 1.0834313921716425
28 1 24 10 38297 1.019379896835022
21 28 7 19 56788 0.9447224699130358
11 22 0 23 35766 1.046042022353169
28 6 11 10 52522 0.9015891530144172
2 11 19 1 69037 1.0586350637224349
18 27 28 7 70590 0.9323136130330851
7 18 29 0 101814 0.9391970505987977
0 10 12 0 60891 0.9861390545058765
2 8 9 3 28037 1.0154942012729937
10 2 3 13 50029 1.0601324314277962
20 15 26 0 62409 0.9967865551645182
15 8 19 26 63220 1.0532643692468637
5 26 5 2 60723 0.9041830724230302
16 3 27 12 55434 1.0074807536375308
23 0 12 6 50840 0.95339738215813
2 21 18 6 76041 0.9962889630365532
6 19 25 25 68882 1.0421323394855069
15 29 20 18 41679 1.076736830239856
1 4 14 8 48492 1.039446715047712
3 11 19 18 68477 1.0116500185135466
7 0 16 5 39607 0.9968599891003733
18 18 6 25 62148 0.9697092224114158
19 9 14 26 61104 0.9170651767361068
4 3 17 2 59575 1.0636695697668441
22 23 5 13 75039 1.0802721337515795
13 19 0 19 51427 0.9029510815209763
3 28 22 9 95463 0.9210493297763718
6 24 0 9 61393 1.0348462312502626
27 19 20 5 57665 0.9143022159345155
16 21 5 27 47935 0.9226088459214106
7 23 8 11 42143 1.0393845598864437
22 5 13 15 46499 1.0512023320314174
2 8 0 20 46130 0.9894032712695402
24 17 20 7 39951 0.9364601802459805
14 9 25 20 59064 1.0540089758918434
8 20 16 14 37987 1.0468513387592833
23 22 4 12 83165 0.9504692652517379
22 20 3 24 62810 1.087285263754621
19 0 1 20 96943 0.9490876438335509
2 20 19 28 63395 1.0316868053185637
20 27 24 16 35859 1.0456660380928449
25 28 24 2 79216 0.9904207376087242
9 8 11 24 54752 0.9024009713101523
12 29 12 0 72336 1.041473160043679
21 3 14 25 77997 0.9964228854501085
25 18 15 29 50712 0.992258831907581
13 8 12 24 40587 0.949111668129934
17 3 28 29 91808 1.0264771512127913
0 1 2 26 71805 0.9958532134425754
6 19 17 23 47750 1.0713026025454835
15 1 7 18 65124 1.0132641716360262
