7416 7483 7131 7470 7512 7435 8135 7035 6681 7396 6896 7043 5617 7334 6052 6171 6236 6785 6941 6868 7261 6802 7171 5827 5998 7007 6629 7331 6814
4352 4460 4282 4466 2886 3610 4361 3989 2960 4061 3530 3845 4556 4223 4041 4100 4623 3625 3833 3292 2860 4241 2983 4398 3377 8925 8609 7602 8078
6055 4681 5597 3211 3601 3803 3780 3699 2705 2771 4288 3541 2844 3303 4036 4505 4459 4387 4520 3746 3410 2980 2715 3536 3199 3305 3551 4171 3380
4359 4134 3400 3084 3156 3499 3147 3492 4347 3509 2573 3135 2963 3454 4276 3344 4184 3059 4324 3305 4190 3885 4346 3969 1715 2848 2681 2331 2489
1154 2008 2031 1915 1224 1725 1972 2521 2386 2255 2731 2290 1413 1612 1377 1278 1168 2764 1482 2749 3290 2300 2269 2017 3242 2792 2311 2598 3108
4733 5822 5639 5712 4426 5242 5607 5511 5451 4275 5815 5143 6371 7148 6626 7125 5784 6817 5956 6200 6036 5670 6525 5710 6235 6619 6344 5908 6035
6090 5934 7433 7251 5876 6734 6132 6592 6668 5793 6434 6330 5788 5762 6587 6373 7461 5090 6474 5749 5259 5316 5097 6221 6564 6589 6278 5834 6179
2592 3206 2750 3429 3574 2757 3040 3404 2981 2765 3197 3538 3006 3406 2991 3365 3009 3506 2589 3796 3002 2517 2877 2672 2382 3887 3548 5277 4893
6418 6545 6381 6509 5000 4755 5572 4823 5959 6505 6307 5363 5929 5898 3681 4260 4474 4025 4866 4980 4635 4257 4320 3438 4344 4121 3827 4439 4353
3717 5364 3832 4990 3995 5034 5274 4201 4965 4432 5181 3951 4569 5461 5314 4510 5286 4091 3827 4831 4608 4693 4991 5018 3809 4713 2956 2675 2073
2612 3306 2444 3103 3337 3012 2008 3549 3347 3346 2738 2684 2056 2311 1623 1722 1766 1567 2223 2620 1385 1643 2894 1146 2100 2879 2797 2552 1804
8248 8514 7863 8423 8399 7492 7439 8092 8547 8111 7237 8545 7620 7135 7271 8235 6824 7968 4489 4480 4939 5449 5158 5872 5602 4882 4415 5403 4935
3024 4457 2647 4034 2831 4158 4219 3930 3350 3705 3969 4245 2708 3856 4017 2704 3190 3557 2749 4102 3282 3170 3588 3446 4469 2652 3898 3620 4538
7938 6997 7953 7134 7310 7717 8012 7314 7207 7787 6614 7889 6599 8105 7681 7485 7196 8383 7007 6811 7876 8118 7922 7544 8016 7991 8172 6902 6431
3357 2764 2595 3026 2367 3328 2699 2324 2005 2862 3205 2584 2411 2456 2349 2553 1934 2838 1576 2983 2919 2005 2999 2213 2811 2972 2363 2994 2920
2726 3826 3205 4388 3893 7835 7441 6891 6844 8046 7052 7168 7804 7374 6413 7653 7633 6529 7457 6959 7728 6863 7189 6680 7397 6353 7840 7422 6392
6398 7826 7278 6977 6746 6607 7585 7483 6952 7088 6725 6976 7694 6464 6535 7597 7986 7759 7683 7055 7934 6291 6841 7395 6854 6772 2699 2496 3523
4157 5042 4045 4060 4315 4626 4294 4393 3608 3873 3638 3970 4432 3564 4396 5304 4448 3799 3800 6587 7049 5726 6705 6522 6315 7437 7511 7419 5739
5479 6031 6875 6200 7006 7025 5307 6966 5594 6887 6114 6076 5512 6700 5384 5877 6397 5466 6703 6967 6340 6562 6991 6759 6315 5697 5349 6801 6827
7139 7252 7329 6933 6914 7133 7144 7500 8163 7830 6819 6619 6964 6794 6821 8209 8092 7798 7727 8351 6993 6971 6469 5588 6236 4939 5858 6263 5201
2118 3625 2890 2390 3043 3812 3737 2871 3824 2909 4348 2884 2728 4068 2861 4198 2994 2911 3258 3651 3168 4155 2654 2846 3947 3068 4103 3373 3616
1986 2827 3671 2137 1916 3115 2052 2029 3140 1982 2576 2875 7814 7293 6966 7688 7539 6568 7506 6457 6467 6653 8164 7917 7433 7003 6834 7675 8119
4313 4980 4898 5044 5414 4471 3964 4747 4106 4103 4105 5406 5681 5477 5718 4744 4421 4073 5451 4149 5497 5160 4627 4139 4134 5188 4573 2858 2259
3929 5145 5321 4719 5014 4033 4185 6858 8073 6874 7625 8148 7262 7628 7316 7483 8487 8605 7120 7504 8554 6864 7085 7735 6794 8030 7445 8376 8575
2782 2891 1916 2466 2926 1854 3119 1711 5208 3553 3437 4757 4103 4182 5070 3929 3442 5199 3902 3416 4221 4960 4390 4663 5132 4341 4362 4561 5144
5775 5536 5661 5724 5980 4313 4218 4994 4475 5389 4479 2405 2852 1761 2060 1772 3152 2663 2554 1344 2554 3141 2579 1676 2109 2209 1504 2258 2412
5183 7827 7192 7682 7009 6766 6656 7236 7738 7106 7153 7969 7623 6253 7625 7752 6273 8017 7533 7757 7084 7966 6324 6885 8008 6264 6233 7767 6709
7922 6950 6854 6267 7746 7182 6170 6798 6552 7649 6216 7495 6780 7183 7082 6906 7768 6535 7082 6292 7144 6677 7775 6288 6554 6475 7632 6561 7420
3761 2878 2852 3170 3034 2613 4023 2685 3740 3523 3478 2481 2940 3802 3895 3688 2518 3973 3249 6832 6995 6710 6795 6132 6165 6128 5955 6752 6765
1025 1163 2823 1410 1314 1482 1154 1210 1154 1693 1630 2003 1849 1099 1510 1273 2033 1855 1967 1215 1705 2351 2216 1555 1660 2347 2281 1888 1825
7214 2859 4508 6799 7536 2153 6816 5995 6543 4207 5373 6104 3823 3811 1674 6186 6082 5224 3760 6355 7087 6136 4338 6910 6433 3524 5294 1269 5770 6793
7024 2307 3504 6262 8205 2992 6868 4129 7294 5197 4755 6482 3457 5425 3041 6904 6193 6059 4267 6094 7468 5091 4257 6084 6550 2366 5852 2072 4493 6987
6579 1332 4232 6829 7947 1943 7491 4878 6230 4328 4731 7062 3893 4567 2277 7060 5428 5153 3960 7881 7317 4815 4621 6077 6007 3492 4673 2234 4743 7289
7132 2720 4486 7104 7675 2098 6864 4324 6269 4803 3651 6642 4136 5366 1335 6564 7057 5562 3775 7169 7108 5389 3366 6985 4867 2667 4349 2831 4458 7499
6754 2776 3658 6254 7936 3296 7673 4754 6268 5596 3707 6847 3055 4016 1228 6659 5626 5193 4025 7275 7812 6206 4289 6625 6361 2842 5871 1349 5726 7359
7423 1392 3889 7277 7177 1888 6198 5373 6933 5478 3078 6546 2992 4744 2702 7559 6645 4834 4813 7769 8415 4998 3402 5637 4882 3663 5843 1989 4306 7738
6624 2760 3516 5837 7824 1931 7442 5134 6866 4071 4414 6930 4559 3840 2745 6476 6750 4785 4065 7451 8624 5002 3110 6417 5669 3185 5775 1174 4183 7653
6531 1943 4473 6175 7885 1746 2886 4429 7175 4436 3434 6929 4656 5072 2295 7464 6030 5388 4391 6394 7399 4755 4039 7016 5829 4078 5453 1853 4882 6388
7397 6337 3426 7476 7647 3330 1627 4391 6409 5577 4115 7677 3967 4018 2095 7724 6518 5863 5018 6489 7955 5768 4845 5631 6595 3743 4891 1507 4767 8024
6671 5520 3155 6446 7315 2025 2812 4414 6677 4137 3287 7169 2909 5051 1858 7411 6776 5364 5083 7930 7939 5114 3598 6550 5617 2969 5249 4417 4841 6846
7750 5885 3099 6807 8074 3081 1382 4467 5828 4928 2985 7505 3153 5479 1399 7782 5286 5566 4378 6487 8261 5869 4054 6201 5563 4465 4702 4827 4810 7091
6021 6222 4134 6987 8174 2809 2361 3822 7168 5565 3792 6298 4245 3945 1416 7102 5280 6244 3756 7566 2352 5653 3725 6490 6027 4558 5901 4944 5062 7671
7468 4678 3553 6896 8693 2899 2558 5500 6523 5165 4223 7022 3267 4373 2533 6381 7059 6521 5131 7834 2267 6314 3569 6422 6520 4075 4462 5203 4867 7528
6218 6149 3540 5970 8073 1758 2772 5061 6857 5341 3597 6119 4576 4329 2077 7077 6714 4893 4413 7105 2591 4904 3354 5768 5558 4002 4532 4501 4590 7537
6116 5590 3693 4169 8395 3042 2462 5149 5748 6597 4517 6643 4169 3999 1295 7943 5642 5646 5170 7645 2286 5586 3968 5727 4786 3676 5854 5501 4230 6920
6627 5474 3679 5380 7146 2456 1450 4652 6489 6801 3304 7192 4652 5130 1777 6260 6700 5562 5693 7509 1879 5779 3098 6100 5224 3329 5226 4677 5590 6676
7689 6267 4256 4590 6923 1853 1780 4441 7231 6412 3603 6456 2928 4456 1918 6667 5418 4997 6105 6343 2166 5191 3253 5470 4317 3552 4243 6020 4864 6603
6833 6399 3110 4185 8510 2083 2581 4937 6583 6008 4141 7877 3734 5055 2854 7517 6731 5817 5617 6575 3293 6004 3706 6006 5722 3118 4996 4677 5012 7170
6449 5235 2731 3695 4501 2252 2525 5014 6829 5470 3111 6218 4482 3907 1405 7480 6621 5837 5867 7020 1952 2760 4415 6287 4938 3192 5092 5454 4141 7167
7697 6373 2680 3695 5201 2501 2959 5574 8250 6431 3752 7699 6513 4574 1792 7841 5231 4776 5537 6520 2534 1333 3976 5565 4991 3358 4732 5259 5492 6707
7729 4905 4090 4431 4959 3336 2311 4826 8386 6659 4507 7306 6798 3690 3642 7247 6054 5025 5366 6081 3327 2861 4190 7135 5501 4150 4813 4282 4378 7039
7131 6418 3748 5222 3438 3229 1916 4249 8604 6519 3071 6865 6267 5455 4988 8279 6285 6393 4559 4896 2318 1950 3097 6682 5777 3876 7484 5363 2848 2381
7373 4865 2872 5325 4049 2176 2109 3964 7569 6375 3191 6211 6317 3835 4800 8452 6527 6606 5342 6068 3092 2139 4139 5661 5732 4583 8152 4487 1444 3642
3051 5548 3221 3679 4456 2390 3010 5458 8629 6302 4353 7153 5998 4702 4335 7445 6399 5824 4496 5631 2630 2794 4616 6639 5593 3058 8388 4798 2722 2478
2231 5298 2913 5055 4719 2288 1742 3901 7405 7139 4539 7301 7345 3913 4769 7968 5851 5036 5221 6211 1964 2582 3834 5770 5596 3505 8451 5352 2759 2680
2283 5848 4232 4177 4327 2198 1390 4657 8684 5450 3614 2659 7554 3971 3828 8105 3736 5402 5436 6583 2015 2858 3436 6481 4825 4487 8267 5401 2291 2861
2502 4851 3571 5158 4208 8184 3162 4308 8667 7168 3275 2401 7415 4957 5127 8297 2877 6514 4551 5815 2646 1365 3615 2904 5214 4206 6755 4849 2287 3151
3046 5566 2979 3896 3850 7144 1826 5188 7647 6231 4586 2478 6761 6590 3898 7080 3360 2993 5196 6391 1700 1319 3945 2728 5121 3302 7144 4702 1726 3851
1590 4750 3671 3987 3416 7349 2627 5301 8655 5545 3513 1950 7456 7581 3766 7308 3603 4426 6044 5976 2000 1236 4253 2506 5349 3280 8095 4285 1357 2445
7 21 1 6 58425 0.9025961883065032
14 12 7 3 41837 0.9451878906996919
1 23 16 28 65393 0.967375174814118
13 25 29 22 55682 0.910674472645448
17 20 2 22 56100 0.9982594601779393
3 1 24 26 110339 1.0325594001890293
28 19 25 29 33267 0.9335829654762732
9 10 21 29 86813 0.9642766753858012
21 27 10 9 77126 0.964896670732057
1 11 7 6 37398 1.0085478180601823
29 0 4 6 71062 0.9920791776271196
25 26 17 9 72609 0.9568342979116718
26 24 18 29 43516 1.009844348335068
1 26 25 11 100193 0.9334868799147625
9 10 12 29 56403 1.038571903797968
0 22 25 22 91109 1.0826279053811283
12 23 1 18 56473 1.0593859195183677
28 13 16 15 53693 0.9008106664682416
14 0 21 26 90977 0.9210367807794916
1 5 1 27 62114 0.958488298459707
16 7 6 12 51379 0.9061320919803345
11 18 21 28 61267 0.9243564884754754
1 4 7 11 35174 0.9617922252993926
15 27 14 16 33114 1.060900167185015
25 3 28 28 60429 1.0406270503875374
13 2 10 9 29870 1.0941013692612827
7 4 16 1 42203 0.9407810204848779
24 15 2 5 77170 1.039480064133108
0 23 21 2 106346 0.9115365500909923
1 26 3 3 66495 0.9423005548849217
3 20 20 9 66252 0.9057130567312501
6 25 0 6 65967 1.0061776105515656
2 15 21 7 64723 1.0532954670500014
9 21 21 8 60143 0.9776842070741586
13 5 6 0 37699 0.9223006262542598
8 17 19 17 49633 0.9009461221228607
12 28 2 21 48311 0.9603907034577914
26 13 13 16 50923 1.0191738946265805
25 17 1 9 85303 1.0503830084660868
11 14 21 26 59020 0.9399729239585052
1 18 16 28 78444 1.0480928532811031
1 13 14 25 58404 0.9238281534445869
5 27 28 13 94478 0.9828283443191154
7 8 15 22 55691 1.0415369727139208
4 4 11 0 37044 0.9282787639024579
2 9 23 7 68283 1.0118816544775466
26 13 7 0 88838 1.047378085513337
16 1 10 11 48370 1.0913854999843484
27 9 6 3 79897 0.9395180839161834
23 26 12 23 56856 0.9065517753715613
28 19 16 15 60583 1.0082691715327725
26 6 20 22 54224 0.9519570837995552
0 21 28 14 101486 1.049348058302058
0 22 29 17 99203 1.0689379844037372
11 10 0 12 42736 0.9521025970877411
16 29 17 11 65668 0.9277221087188965
11 17 3 26 44621 1.088539168858455
27 19 27 0 45490 1.0658916913824203
5 25 11 20 35067 0.9539026454333386
25 9 5 9 73904 0.9197685660408866
11 19 16 14 25885 1.0814685576407934
17 14 21 2 44628 1.0504817708917247
26 28 2 22 97140 0.9083299555452856
12 1 23 4 45552 1.0857908782617947
23 18 11 27 67215 0.9125602645181207
8 5 19 0 51852 1.067517307738645
26 17 11 6 71744 1.0913968263402065
14 23 7 19 39498 1.096376977481721
22 27 20 7 77091 1.0111201370014935
19 8 15 22 63177 0.9129742173201704
10 21 1 4 54653 0.9493443300942017
19 26 28 15 56572 0.990619472494485
6 3 17 27 101099 1.0010176190794735
12 28 6 23 39107 0.9282215400596903
16 3 27 1 48753 1.067721022896239
1 22 17 0 101135 0.9006406949916789
17 24 0 14 67371 1.067780867496865
6 27 22 19 63170 1.0367841298998326
29 20 1 24 92823 0.9164203661456837
18 4 22 17 64411 1.0276671384670495
12 15 3 1 48558 0.9450081532419101
28 3 23 21 43697 1.0790511480750826
24 18 9 5 78269 1.0687897616837752
28 4 19 22 56797 1.0730593292256796
4 5 8 23 54473 0.9383513037942548
11 26 22 7 76671 0.9024629686373772
21 28 5 12 86463 0.9290649737782694
14 21 5 14 36272 0.931674036603341
14 0 28 18 75794 0.9303573385825864
27 5 7 1 68595 1.015070183131855
17 25 0 22 71758 1.0711254241515855
12 3 19 12 50494 0.9323359657984799
15 11 7 9 38046 1.0460170620786484
12 10 29 14 63352 0.9897949243385644
27 15 18 10 54058 1.0115655437214082
16 19 11 25 36802 0.9142394796974961
21 28 14 21 45175 0.9509678665802539
2 10 14 27 69291 1.0141781851079565
4 24 11 29 32081 1.0969464024306652
0 11 29 3 97956 0.9689557944961072
11 21 27 18 53475 0.9323110502494077
13 27 13 8 59396 0.9523222518211666
21 20 0 10 77982 1.015482072463994
22 0 13 17 71126 1.0567321559707776
10 19 8 3 50816 1.0101621937355505
0 3 5 27 70477 0.9733234548089333
6 2 9 25 68203 0.9020634621858182
6 13 21 14 35602 1.0069302621386738
28 6 5 23 97419 1.0603773968129562
20 6 11 11 41734 1.0161254904874313
28 29 18 14 63910 0.9955923366936912
25 21 6 29 80883 1.0469320593601332
0 0 13 25 89427 0.982440286128306
4 13 20 2 64566 1.0776001796336632
15 16 7 4 53664 1.000877136571187
2 2 6 20 59838 1.021815322837198
19 16 7 28 70175 0.9067961947078196
2 20 28 29 111109 1.0991038185457835
24 12 10 27 70684 0.900265811791564
5 25 9 13 43304 0.9097352687985724
27 22 6 8 93461 0.9506630568086494
13 19 13 2 53757 0.9763408163810615
7 21 4 1 54960 0.9662103783424346
20 17 23 28 45804 1.0359099710004513
16 5 23 10 30277 1.0566760378607394
28 17 8 14 61276 0.9722223756021027
19 27 20 4 83297 0.984276333410611
23 14 24 3 41651 0.9438480753579643
28 26 17 0 90030 1.011269277756822
6 29 20 5 92454 1.0268614691151552
8 23 3 12 42729 1.0709585821298806
16 11 14 25 47844 1.0911211987622547
5 20 14 29 63123 1.019234308971012
29 3 13 24 77347 0.9345555348158834
21 7 22 27 74926 1.0263432413579614
24 28 11 18 63304 1.0028369659627352
3 3 20 5 47288 0.9667764372336725
11 22 26 3 86155 1.073588158408257
25 22 10 25 57384 1.0704082821900904
24 21 7 3 87804 0.9293435525264195
0 18 25 5 90488 0.9291660566652706
19 24 10 0 93435 1.0109290465731264
6 18 11 26 40149 0.9843919757405962
5 4 22 5 46645 1.0174221952481484
21 5 26 20 48387 1.0952993455867461
29 21 29 9 19832 1.0326306450581262
16 15 26 24 62092 0.9906380062647002
19 12 6 28 69777 1.0343192754616464
7 6 12 14 32179 0.9469179055888616
14 20 24 6 57882 0.9135956565265348
3 22 17 3 79168 0.980613899124637
14 2 1 19 74078 1.0867691209573136
6 20 0 3 67134 0.9748947257960225
29 5 3 0 75859 1.031654563372968
4 9 23 28 94976 1.097187030283351
5 19 5 2 43077 1.0415311828995435
15 8 3 29 75001 0.914849242816442
14 29 4 15 60154 1.0607597995528013
1 19 14 13 45226 0.9530884109573478
3 23 14 3 73181 0.9820706989940188
21 22 12 11 55275 1.075795492089349
26 9 8 6 57494 1.0082516515800213
0 24 26 13 101638 0.9739633708205235
18 17 13 10 39208 1.068335014181185
13 2 0 7 54170 0.9228149644753355
21 24 18 7 72417 1.0155960954609744
7 6 14 22 55946 0.9411904790711854
8 29 14 23 42516 0.9439625587982471
27 16 16 10 56210 0.9928304566308729
14 8 5 23 61173 0.9723712362550907
7 13 18 13 30688 1.0838492306456713
4 15 28 22 77814 0.9852286520270088
11 17 18 8 52760 1.0262317212448293
27 14 27 2 33135 0.9477315465252866
7 7 27 27 98035 1.0569088203627583
7 20 26 24 77320 0.9325282964511192
21 14 2 15 42679 0.94220440275307
19 22 12 0 83121 1.055364240427171
21 25 12 27 39002 0.9349222776643006
20 29 3 12 86782 0.990220234019093
19 11 23 24 64889 0.9698903182120602
18 14 27 29 62464 0.9625550580235667
19 12 20 23 43159 0.9476190374587972
6 21 6 4 55277 0.9845953085256949
9 9 19 8 47556 1.0503895639545
20 7 2 10 63005 0.9828592774395523
28 4 3 6 68737 1.069716162298282
23 24 21 6 66495 1.0877824274379044
23 17 4 18 66053 0.993196142081072
25 12 9 7 62804 1.0956584924678867
3 21 1 0 56291 1.0486401060904849
8 19 20 23 56597 0.9490409661522596
17 6 1 15 57280 1.0704914296410621
11 16 18 22 42685 1.071319853471414
0 13 5 2 42420 0.9165236396694975
19 15 13 24 45997 1.0683100646600225
9 25 18 24 40059 1.0675485259904876
15 12 11 19 31849 0.9990764327084667
17 0 25 25 89123 0.9781155536009868
14 27 25 17 52284 0.9184143239297492
29 29 0 3 120777 1.0180076854346427
27 8 9 18 82097 0.9716004660494584
10 13 18 28 64801 1.0050015351305375
4 13 18 17 46915 1.0596240290983538
8 16 2 23 44021 0.9358963742310233
3 23 15 9 64583 0.9209372459848272
28 23 16 5 62844 0.9389324467660751
0 23 11 0 94218 0.9701702350021935
19 25 27 11 57001 0.9571429557093958
6 11 1 1 37615 0.9799979093782119
7 7 24 29 100375 0.973488255405655
1 7 29 7 76278 0.918283379708262
8 16 28 1 85635 1.0081221147025625
14 2 6 14 48280 1.070122484081439
12 8 1 0 46978 0.9615188121530095
4 26 23 0 108611 0.9654339315261347
22 6 2 13 65793 0.9206718926060181
2 12 14 8 45630 1.0273650199562603
18 21 28 29 41765 1.0424361090680976
27 29 9 25 73413 0.9062093845707326
12 11 10 1 38118 0.9790357583307735
29 22 0 5 95007 0.9848613278121404
16 19 3 27 56655 1.0346824062127271
11 24 3 11 47371 1.0072375738452752
26 10 19 14 39095 0.9775735472895686
14 4 1 27 79457 0.9935241625704848
29 19 24 14 27890 1.0598426423446126
21 28 19 18 44138 1.0357327423847222
29 26 11 12 75689 0.9213908724255426
9 1 13 25 76241 1.065572642741352
22 7 21 22 61321 1.0955049077601584
15 21 10 8 46645 0.9807353244777287
3 26 6 15 39968 1.0700412979539813
28 2 12 25 89171 1.003040099256367
7 7 2 20 50983 0.9301818439592099
28 26 14 13 70261 1.0713283491288657
5 20 17 18 61915 0.9056391178771716
0 4 4 10 27557 1.0727859266289996
3 16 9 10 34954 1.0028145797624894
13 26 17 16 45416 0.9545759068860042
13 19 23 4 67487 0.9390021571302467
13 23 8 5 62744 0.990407098629204
16 9 10 19 41891 0.9679570099484165
1 28 29 29 100865 0.9461765281188966
28 27 10 25 75076 0.9625514126656483
27 22 23 0 56502 1.0796186892519004
29 21 12 16 54838 1.0156582571614325
9 26 15 10 50969 1.0432497713715152
11 15 6 29 53488 1.0317650414531894
5 6 4 16 27508 0.9559592315799293
23 21 7 1 90966 1.0006544788818155
24 24 24 1 65920 1.0895559673641548
18 10 16 25 58920 0.9145002449301896
15 28 7 13 56818 0.9681875247135465
16 3 15 17 51298 1.0044858026592647
26 16 20 0 61928 0.9842399615465951
0 16 5 2 48283 1.011353453040072
5 11 15 0 63377 1.0796619199434274
3 6 27 11 76986 1.0315754299340099
15 10 18 26 61725 0.9674178404892007
15 1 1 14 65828 0.9212615068000505
23 18 20 0 73478 0.9103649114246902
28 6 3 3 65831 1.0569142404956982
15 2 5 29 92228 1.0143175598308711
5 1 20 20 77550 0.9108862713815619
25 5 14 29 86220 0.9025050916369257
4 22 4 5 35313 0.9575667212895659
4 27 25 14 79654 1.0921581729935597
5 9 14 1 49452 0.9106146983477786
17 3 4 26 86122 1.0966769610030942
11 19 25 22 44435 1.0206459650297963
24 14 2 1 79289 0.9434476092194128
19 19 28 21 31207 1.0305042807343914
16 2 16 25 73419 1.031202107441574
27 29 13 10 81990 1.0432036253352794
22 28 13 25 41997 0.9071322155764477
13 8 20 16 40480 1.0701945584020256
15 3 7 6 29288 0.9911195927681162
7 26 9 14 37224 1.0201054588000789
17 22 17 5 60340 0.9074403870434731
11 27 0 25 34268 1.0165254425848487
23 25 7 18 77824 0.9721277194243274
18 21 6 4 77550 0.9841612621838783
5 16 22 2 79830 0.9108121691335432
12 6 29 16 53755 1.0091954446774498
11 4 27 5 53650 1.0662426107543506
16 13 3 21 49381 1.0115397537101012
19 5 23 21 61737 1.0884827683441805
26 10 28 22 36117 0.9793227746161948
15 28 14 11 47190 1.0844425422716149
1 19 29 15 94474 1.044717213674784
5 25 9 11 49554 1.037289255267024
27 18 3 20 91483 1.0409552889434412
3 17 4 4 29514 1.0262461113780146
1 5 0 15 40317 0.9835442502251831
16 11 2 7 62330 0.9186214445734194
15 0 27 17 76604 0.9503215083714812
15 22 28 7 67313 0.9338560241564107
21 12 19 26 58037 1.0722958214274274
3 15 20 24 67125 0.9978502235241364
14 13 2 21 47116 1.0630327153323778
2 25 2 13 37010 1.0371458134699507
23 1 1 17 98983 1.0685059522350553
3 4 7 20 50034 0.9715496952593609
9 19 0 7 63045 0.961893739277441
18 4 1 22 88760 0.9666768819859678
11 10 10 1 30437 1.0181781767249605
0 15 22 8 75583 0.960858118167341
21 14 23 26 59089 1.091537395908157
15 23 1 26 60284 0.9623646167334913
6 10 6 27 47208 0.9232748898132195
18 29 22 12 82078 0.9711945086782767
24 13 2 18 67461 0.9746697590016805
16 18 19 25 44399 0.9461854155375519
27 10 4 26 98695 0.9571487826867959
0 6 23 12 86197 1.007627455301222
2 5 22 17 75806 0.9356233897265995
26 6 12 24 79358 0.9150334767125116
6 22 13 7 60474 0.9096085109677235
28 7 4 17 79963 1.0322672891042062
16 9 7 13 42644 0.9189571591178766
18 23 12 5 68704 1.0884925892204387
25 10 15 23 66133 0.9994041603079042
10 9 25 8 52034 1.0556666122827578
13 14 23 11 42663 0.9718517964010933
27 20 1 4 95384 0.9432998975158792
21 4 25 10 29388 1.0536013068902048
13 22 7 9 48057 0.9323395775036843
18 27 2 29 65255 0.9315591932451102
9 3 20 26 91667 1.0509849838766825
13 5 23 4 28684 1.0857757956461578
11 18 22 8 59337 1.0448599832501027
1 29 3 17 48889 0.9630867975895876
17 26 1 10 86113 1.0352934935986324
8 13 4 21 28976 0.9771664616392095
7 20 13 4 65653 1.0493877254985131
0 5 7 16 41122 0.960884122728274
16 19 0 24 74386 0.9405531247290526
8 17 21 14 38446 1.0027999509796879
8 21 8 7 52624 0.930157023601604
0 12 23 10 73225 1.0810839264157859
2 15 26 18 76654 0.9391140060122529
10 9 6 27 48451 1.0414934427654863
28 25 27 9 42468 0.9099035149193276
2 21 22 23 83282 0.9411848622441228
20 0 2 27 102910 1.003162764693397
28 0 7 13 82282 0.9007388374249866
0 26 11 23 42447 1.045817146891228
22 26 6 22 71756 0.9183211760819722
2 25 24 26 83972 1.0951110581315047
19 19 4 7 69339 1.0624318058760547
6 11 25 2 73893 1.0275703272047116
14 11 23 6 33188 0.9443133435529505
6 0 22 1 70403 1.0544779722574364
7 14 12 3 43053 0.9018306750745888
23 16 28 1 52371 1.0270651437882918
15 26 1 6 85902 0.9186667339206108
1 12 26 3 92071 1.0803116480065071
23 18 7 16 59301 1.0251809784390158
6 27 12 22 28546 0.9412843305294609
24 9 18 27 79212 0.952673393577457
19 5 11 13 44828 0.9700987164159811
26 16 0 9 90094 0.9764472107862598
25 13 5 3 83273 1.0852522064910528
16 24 6 0 91068 1.0080348838609572
7 25 29 18 74413 0.9871091708135197
9 6 3 11 31468 1.0497959013312637
27 10 12 24 77624 0.9860841320182797
14 25 7 9 56765 1.0137682163090618
16 14 21 5 38822 1.08240837317247
12 7 22 28 91291 1.0452110775635786
1 25 5 8 51416 1.028310224699577
20 25 8 12 63781 0.904971307065258
13 21 5 24 45845 0.9198273680466996
26 7 0 28 115253 1.031338761865421
2 13 10 16 23183 1.000261997932335
6 29 25 15 90205 0.9682650774639799
3 8 9 23 55017 0.9172498510691003
20 15 26 3 54112 1.0477762884000537
25 23 16 22 35660 0.9709193926470788
13 9 14 18 28533 0.9706097468234653
24 14 15 29 74155 1.0061759631538956
11 21 24 10 66391 0.970623283810632
19 16 14 3 52598 1.0724893399918263
19 8 1 27 93268 1.0866769808327585
18 22 28 11 48218 0.9762962777933403
17 19 9 12 41438 1.0271591138664486
8 0 4 9 31071 1.0796735355053892
0 1 24 22 101864 0.9694623410080709
8 9 28 14 76702 1.0643709265111636
12 14 26 3 64737 1.0156371491450056
15 9 8 1 47682 1.0201114188209452
3 18 27 25 92745 0.9668248386941346
11 25 27 20 57684 0.9366232011328767
14 22 22 26 41462 0.9713537355482664
17 8 8 3 43328 1.0625893706698095
17 2 27 15 66824 0.9938457756497291
20 28 7 13 72736 1.080008739090391
16 23 27 8 80121 0.9348209533861926
11 13 26 15 56151 1.0275172834542141
28 6 8 29 100275 1.025020831699764
15 6 4 11 42322 0.9371604833945631
5 8 17 28 89356 1.0660025785155316
0 3 27 13 102106 1.0156602141782436
21 4 22 20 58287 1.0934310266573741
5 6 26 23 98121 0.915889771882277
1 26 28 22 98928 1.0557893841902046
6 23 28 12 93275 0.9642463725461918
25 5 19 20 59189 0.9120017295295311
8 11 13 5 36759 0.9281072298839952
25 19 19 6 53325 1.0446827706179862
8 11 12 21 41034 0.9912183186715992
28 3 8 29 109092 0.9092351725765504
28 22 6 20 84610 0.942901545328111
9 8 0 9 48658 1.0479191047637344
21 6 2 27 87758 1.090159983431943
29 4 28 27 42841 1.0947486537286035
25 10 18 25 60074 1.0609880052801706
11 22 12 2 58055 1.045777112547619
15 11 3 28 65335 0.9970975000024163
26 25 8 25 67696 1.0001150251805981
28 28 5 24 92047 0.9498906392660824
4 28 27 17 91120 1.078207427093118
24 6 11 22 69677 1.0592591525489041
22 11 28 28 62317 1.0497617385820073
5 8 25 7 64519 1.0077174899876626
7 16 2 23 39922 0.9378182288808216
29 13 9 10 69153 1.0175695669687546
0 5 26 10 79495 0.9589426619726042
0 13 18 14 42879 1.0800288709152757
10 25 24 1 83816 1.018030864972046
28 21 1 21 92986 1.011075607687
26 20 15 2 74354 1.0482607501030006
12 28 16 3 83782 1.0335729953256108
17 5 6 27 73605 0.9843046372385127
29 13 20 3 39573 0.9492980435094563
11 9 18 5 34795 0.906392988469173
22 12 15 6 34527 0.9171194646488903
5 13 26 21 72358 1.0931076589868098
22 21 7 12 56407 1.06787045079942
11 2 8 21 60822 0.9315337390954839
22 9 11 11 52196 0.9642145748124733
29 17 5 24 87920 1.0145312300560698
27 15 4 19 78029 1.0122960520516762
18 5 14 11 25496 0.9765962012707688
5 19 20 6 69995 1.060709793918699
22 3 13 1 41605 1.072928060665444
14 21 17 28 32901 1.0486611242762525
23 20 7 14 50753 0.9129578078058423
14 12 1 28 64675 1.0080995019459347
2 7 28 27 111789 1.0740549232828167
0 14 21 24 75342 1.0765571343847586
26 17 25 2 51685 0.9388539525955601
27 9 10 26 90261 1.0325594016241515
28 1 20 22 59551 1.0702126777062972
22 5 12 22 68501 1.0603999895362928
25 14 7 12 53660 1.0355921863545414
8 11 4 18 29693 1.0257063437931038
3 16 10 4 45413 1.0818226272108884
2 2 25 6 65003 0.9109813077411261
12 20 22 8 59947 1.0598295091087486
10 21 0 23 47063 1.0525763982387093
19 13 3 11 46687 0.9527488630683429
29 25 0 19 107522 1.0006033252274853
14 18 3 25 52345 0.9665185636859086
29 5 17 9 41935 0.995583515489703
18 7 21 15 44328 0.9801411707923302
6 15 20 3 66138 0.9617680058280331
4 18 14 5 50255 0.941668697256836
18 24 12 12 55592 0.9073663099379203
23 10 7 14 49511 0.9233448246434187
12 29 23 21 59499 0.9325562080298498
15 15 23 29 72477 1.045659052132785
5 23 25 17 78020 0.9043000308265855
6 12 28 25 86321 1.0967324715661697
6 6 24 29 108091 0.9442455655278827
17 27 18 5 81660 1.041938629677771
9 3 15 13 45184 1.0928545405217291
1 27 27 20 81843 1.0027574653977982
11 3 21 2 40966 0.9769914594522047
12 28 27 29 61361 1.0264750614762994
27 28 2 19 103081 0.9079673268873681
8 16 5 28 48886 1.0947235501819172
21 18 4 20 60537 0.9688029745278115
13 3 26 22 83777 0.9157448229888676
24 5 11 22 71531 0.9426370310576571
27 26 13 22 62555 1.0293426122962874
20 17 27 12 50056 1.0058057977333794
14 7 26 13 56831 1.0258850235148111
13 21 19 16 39978 0.9754395316172664
24 17 9 9 65944 0.9875155804049676
7 20 29 3 91531 1.0071657171477786
9 5 2 20 53684 0.942641167984045
20 3 20 13 32546 0.9079127013019833
17 2 22 19 75224 0.9757334282589762
19 13 25 8 44059 1.0172216231981275
19 23 21 12 49009 1.0182376213959787
26 21 3 12 74204 1.0332721379974013
16 8 0 4 60228 1.0680326277048773
24 7 16 3 35905 0.9838707995902565
21 9 3 14 53241 0.9193616236787511
1 27 15 21 53535 1.0358322459179592
3 15 18 7 60085 0.9425637055575119
23 26 21 6 72008 0.900844646636555
14 9 6 12 38162 0.9791085699833014
1 16 14 2 66450 1.0393283583358637
24 5 3 10 64591 0.9348344903804566
6 2 0 9 38877 0.9499604401280094
14 6 5 29 77219 1.066458474362421
3 17 20 11 50454 0.9685266573122577
15 13 16 26 47412 1.0091860922094513
9 4 16 22 64719 0.9946532253759959
27 28 12 28 57515 1.0076231698182556
29 7 9 9 57118 1.0474547888378238
25 11 6 18 71202 1.0570926096816897
29 5 6 20 97431 1.0484329922507198
16 10 25 19 57966 0.9888442998573568
11 0 28 1 71248 0.9564509413469986
27 26 0 13 103545 1.0092207160399418
1 13 23 3 85075 0.9252867490588255
16 0 14 11 41283 0.9771010856274576
16 20 20 29 40875 1.0285064772812422
22 12 6 8 66697 0.9550793264042495
11 14 29 28 70939 1.0223324770210358
9 12 28 8 67585 0.9371438866222399
27 28 13 19 59060 1.0635433125945468
20 24 28 16 41137 1.039438616620727
3 20 12 26 49761 0.9694741637575196
10 22 22 9 58724 0.945253136501439
16 20 21 9 49956 0.9066237165965775
17 24 11 7 70619 0.9628528345253204
27 26 1 0 122198 1.0615924705439754
7 7 28 18 77795 0.9965069558170268
13 3 3 8 45380 1.0844650923398267
24 2 9 21 78256 0.9670074931851389
8 13 19 2 65979 1.0047773363780026
10 19 26 21 50553 1.0903279358291798
23 16 21 24 48590 0.9226157794085794
0 27 23 10 90323 1.0534353947064656
2 16 27 16 76521 0.9146288262823394
17 25 24 15 57118 1.074342821463082
27 0 12 9 61783 1.0398462363164371
22 28 2 14 86843 1.0018898790683939
20 2 28 19 58176 0.9372560425392416
16 24 11 6 62616 1.0986954570516987
5 2 20 0 58677 0.9268109684063199
20 1 3 5 52996 1.0641214859163495
4 29 12 22 37590 1.0442228958420958
8 10 2 6 33336 1.0883291266168802
24 18 14 19 35778 0.968879129512411
0 24 1 0 78777 0.9016797121860479
28 1 19 24 70042 1.056828641934374
0 25 18 8 90991 1.0231141869842704
6 2 21 16 76124 1.049584418247893
29 3 16 10 50305 1.033747415700302
2 14 19 7 62448 1.0551639240978488
3 29 23 17 90289 1.0388129017566756
12 29 10 2 77262 0.9285214818304524
2 28 5 1 67134 1.0535567281229432
22 4 9 25 76166 0.9174778858051917
14 12 29 26 65611 0.9056584740050065
26 14 9 11 56055 1.012036773066626
20 27 17 5 81831 0.9703536912947937
29 24 13 9 75596 1.067006535322237
22 25 10 4 88952 0.9141781106609536
1 18 25 15 74572 1.026257328888309
1 23 29 13 103276 0.9410500223562853
26 27 19 2 83197 0.9198333799242866
2 21 5 29 36663 0.9917203612296434
24 1 17 27 101023 0.9273381820786102
17 2 14 29 81713 0.9182160821197708
3 22 16 11 60786 1.0800907983217023
0 26 3 1 71795 1.0835038132309296
3 22 2 0 55964 1.025924491614107
7 22 17 2 77740 1.047512741471397
0 21 21 1 105338 0.9212719713462217
24 17 6 3 93633 1.0627906099486375
11 8 4 17 39056 0.9702760512910591
15 22 6 26 45262 1.0240657495988408
28 5 17 20 56356 0.9356528279535957
11 8 5 21 55547 0.9917348669166499
6 20 2 10 43473 1.0800300172845876
20 13 15 28 54848 1.096089739384541
9 3 12 24 65423 1.0253340468457286
11 21 20 6 60503 1.075942961612409
18 2 2 8 62812 1.0030471070504678
21 7 3 10 58900 1.046086790407203
18 5 14 18 42621 0.99481940561731
0 3 16 21 86769 0.9696157519099549
0 23 18 26 80162 0.9267200207327043
20 11 29 25 59607 0.9761360291051276
7 7 29 2 60317 0.9059575088920603
22 27 2 11 95577 1.0548807595868364
22 11 17 4 33653 0.9569326264475748
19 15 13 8 38450 1.0955496888332468
29 5 3 19 90912 0.9797483007648312
28 23 24 14 34719 1.0095313156217491
23 3 23 20 56272 0.9125196448515307
16 17 24 24 53887 1.0921546968685407
7 4 23 23 94890 1.0684338423445716
19 21 15 7 55798 1.0516113448220834
27 29 26 12 52166 0.9948649962866178
13 7 29 24 71082 1.0483844716467983
3 14 21 25 70946 0.9992574076162011
13 5 21 7 23206 0.9060475361978009
8 27 22 25 56951 1.0427739434078604
25 26 0 11 99064 1.0825494519541308
20 3 20 27 80428 0.9455955870166922
29 24 4 19 85154 1.0194340548273468
22 12 9 17 47835 1.0071147116555228
20 6 11 21 60503 0.9460673239620296
16 7 1 6 48410 0.9531968817695076
3 25 28 19 88420 1.091789109295878
18 5 8 18 57151 0.9136282097940244
17 18 1 19 65707 0.9069103300216462
19 8 28 18 59458 0.9730832725015915
26 29 2 13 91849 1.0671936063567844
18 17 5 18 55915 0.9379400706721143
16 12 6 29 68442 0.9518143437801193
29 9 20 2 35288 0.9255321610023971
8 11 4 1 38977 0.9639297079333766
27 23 24 13 36878 1.083906254840732
7 17 12 5 45553 1.0785988432012983
8 17 1 10 41976 0.9139449707231639
16 3 1 17 78027 0.9501349877745553
11 27 11 2 68226 1.0864080113685002
20 9 15 0 43427 1.0420702418813605
25 24 26 9 45712 1.0808863332454275
27 10 14 16 56521 0.938986635066551
25 5 15 5 24564 1.050047786269925
6 9 24 28 95728 1.0232748975529427
15 12 0 18 51733 1.0541553428522505
19 28 9 3 102692 0.9774570867141565
14 24 28 21 45282 0.9478575283285108
28 8 19 25 64979 1.0937333385588965
9 14 2 21 35377 1.0464248500527145
12 26 27 21 57503 0.9839228499837499
12 16 25 27 61278 1.003342630358467
17 8 15 0 35660 1.0114207175271657
14 3 22 13 51391 0.9798185005807822
25 24 14 27 46841 0.9106955091439914
27 27 0 2 126767 1.0446889371149193
14 12 4 5 41949 1.0987614018075893
13 29 26 19 67101 1.0340885803334823
18 8 23 29 89647 0.9822960700670005
14 17 23 12 42187 1.0470180867584729
24 13 14 6 48183 0.9154665743881547
9 22 29 21 58479 1.0785824442918774
11 3 6 16 57652 1.0874926230414796
2 13 15 1 66090 0.9090411488071235
23 16 12 14 41270 0.9014886409002374
4 20 27 17 82954 1.021667165601826
8 11 19 16 47362 0.9345968335697243
14 2 18 19 62686 0.9132679082763805
28 21 26 0 40941 0.9429640553663092
2 7 28 28 110375 1.044545886445478
23 19 11 27 62490 1.062625217586932
3 15 25 5 73750 0.9213750954679475
9 4 18 24 82914 1.0297467565331773
21 2 26 24 70469 1.05476770653901
15 15 29 8 59676 0.96971359107047
23 18 4 28 79899 1.0944759214150683
11 8 25 10 60883 1.0726321988376673
22 16 15 27 61632 1.0596386962508746
8 11 0 13 37793 0.9267772025753844
5 22 15 3 73927 0.9997406821033035
0 28 0 9 73379 1.0532115175027545
13 28 17 7 70631 0.9557887627185508
13 29 2 14 66622 0.9155843140389887
1 4 27 17 93728 1.027697562053971
22 26 14 9 71845 1.0674725309255875
5 19 20 13 50801 0.9641489282881465
9 28 29 4 97650 0.9552312330040131
10 10 16 19 42667 1.0910582658042633
15 25 0 2 92009 1.0081292211555735
4 3 0 15 36423 1.01634885776845
26 29 12 12 75760 1.0038998287657255
14 2 5 11 53132 0.9620581377166334
16 27 17 2 85977 0.9710835835482008
19 16 5 20 62309 1.070237107770713
4 15 1 24 34461 1.0601332665596908
23 13 4 14 48437 0.9542542683641683
23 20 0 21 86823 1.0823763812511111
2 25 19 22 65921 0.9706587032932306
18 26 12 10 65028 0.9990099179360964
19 4 27 23 65127 1.09732217517842
26 4 9 23 87561 1.0242684407262772
14 23 5 1 71363 0.9142195046579396
19 5 3 27 84109 1.086920910955117
12 10 17 17 37614 0.9315034103839214
9 21 6 6 54826 1.0015288866684413
28 19 17 1 71739 1.0751443071498756
22 6 2 17 73416 1.0301291928112206
12 26 27 19 62070 0.9394351677750652
20 3 9 18 62319 0.9145491775891765
23 14 9 1 74350 1.004886079249249
16 17 26 16 53742 0.9718288788472829
13 14 2 8 40175 1.057108650353265
20 24 5 15 66912 0.9209427666282034
21 21 25 12 30177 0.9329662776943112
17 13 21 25 50408 1.0320072287833302
28 22 16 7 66847 0.929406151238357
7 4 25 5 48828 1.0444277006384788
14 8 1 7 46297 0.9525426857161392
25 11 2 26 94341 0.905084131861614
14 14 1 17 39765 0.9249348710063703
3 14 1 25 33796 1.0584453965794132
28 2 18 26 79003 0.9930584795317199
14 1 6 5 30331 1.0479069171009985
28 10 28 28 37307 0.9425783003485015
17 9 4 10 51929 0.9271242623655408
27 20 0 8 100582 1.056954636576965
27 26 6 14 84928 0.964739525314992
16 17 26 26 62437 1.0819589891606292
8 10 21 23 70071 1.084042563799725
4 2 26 19 94024 0.9069071367979123
7 0 26 3 73141 1.0965140036316248
15 4 20 16 48909 1.0556843471111597
12 29 18 11 72300 0.9884156021493301
27 27 16 24 53209 0.9989939757567123
17 3 26 7 37984 0.9712164517478099
21 16 9 10 44655 0.9274845770456168
24 22 10 27 62297 1.0786925522957522
3 10 0 1 30906 1.0994694651412773
26 5 10 11 53504 1.0310205936425192
3 9 10 13 30338 1.0070949930823636
1 5 8 20 59212 1.049309714605864
18 15 22 21 36433 1.0390054243682374
1 25 24 9 96553 0.9161451386274517
22 7 19 14 31727 1.0403897048697168
5 26 27 24 91605 0.9571285494828585
8 13 28 11 65407 1.018847733752624
9 20 27 17 69328 1.0958418562979695
26 25 3 25 84131 1.0160580618869521
11 23 28 10 75942 1.0550791508747819
8 12 29 17 71684 1.006575766952531
4 19 12 8 44613 0.9018408744977159
3 23 12 0 80124 1.0849840195859892
4 7 12 4 26634 1.033768083158357
5 29 3 18 39292 0.9195233826410908
20 9 24 24 63158 0.9320122343772473
12 1 7 20 69413 1.0209110591288268
28 24 0 13 97121 1.0266668548500915
4 13 25 23 71517 0.9874279489887613
11 22 25 15 53961 1.0983951300437051
20 5 21 24 69378 1.0907633882746794
29 6 9 3 56945 1.0940024562443276
23 15 4 2 76210 1.0947508795231704
11 4 25 21 82968 0.9407675736720921
0 17 27 22 99018 1.0337192834361406
27 22 5 19 88965 1.016066318610395
5 27 11 0 84908 0.9518193533954641
6 26 25 7 98175 0.9574907717450003
9 14 3 27 42935 1.0614514494483034
27 29 16 21 51514 0.932643618006858
21 18 2 27 74054 0.9239297396921683
20 27 28 14 54807 0.9425151714417628
6 0 14 25 83869 1.056681579792098
28 29 15 14 70459 1.0015153738900597
10 16 29 27 71968 1.0618317955386318
18 8 14 17 41494 0.9421510923247098
12 14 26 1 71458 0.9168469592828735
10 23 27 20 53495 1.0448559212499342
23 12 14 19 46601 0.9672019776499607
15 5 23 7 25478 1.0424176247807493
17 26 21 15 58134 1.0899229789923905
17 21 29 13 41858 1.0917632485300979
27 27 2 0 122152 1.0367604724405326
12 26 29 2 88152 1.0178566528611332
3 7 18 21 70077 0.9491972971109782
20 28 3 16 84960 1.0513032887015847
7 22 22 1 90637 1.0772054315991262
14 17 21 11 34346 0.9181009304639922
27 13 2 8 86516 0.9035556404419074
3 5 27 23 95369 1.0704753241885079
16 24 18 8 69037 0.9271540329903898
23 0 9 1 62778 1.090744041379436
17 9 8 11 43603 0.9363587828924733
16 0 26 11 70849 0.9822388442668936
29 1 17 8 45037 0.9904621629605252
14 18 0 1 65323 0.9916027723767441
8 25 22 15 60215 0.9950425710859283
16 6 28 8 34019 1.0030643719567458
3 21 27 27 102105 0.9297397524195679
13 25 6 18 45666 1.0407191900521147
12 10 3 7 40298 1.0382773879253562
1 23 22 1 108164 0.9507166666354945
15 6 3 27 71918 0.9676659689791512
21 0 2 11 78352 0.9613314110061244
22 29 2 28 82220 0.9793167136333167
0 14 4 29 43072 0.9832687414021236
14 24 21 14 39052 1.094012027744189
1 24 20 12 74023 0.9027489937571237
0 12 20 6 71216 0.9357686021285067
13 1 23 5 39829 1.0523022520678524
18 13 27 27 68732 0.9000035694675391
11 11 3 6 45266 0.9350230076588695
3 7 12 13 39126 0.9272557696134363
3 23 22 4 89551 1.0450404040149106
18 22 12 10 51658 0.935715748472292
15 14 28 24 63362 0.9732606912932171
18 11 15 3 43639 0.9544087283736074
27 19 5 22 75887 1.0289156904835657
9 14 13 6 30198 1.0420866441740433
11 29 6 21 42109 0.9528843430659354
4 22 8 8 48574 0.9444454722622228
17 16 27 21 46130 1.0648706310292335
3 26 15 8 71070 1.0872535956207283
22 0 7 0 67361 1.074724351867577
29 27 1 17 102790 1.0917721622447787
28 0 20 9 41332 1.0027058662969444
15 19 20 9 46873 0.9830425668191398
0 28 28 2 125254 1.034955024198201
6 20 19 9 75962 1.0807888987497345
7 1 7 23 63097 0.9085956607358645
2 28 26 21 84302 0.9900058659940367
19 18 6 18 60151 1.0981845605544165
12 28 24 19 59626 1.0558281276677328
17 15 27 28 65868 1.0377424877726995
21 17 11 19 40645 0.9986200617994367
0 8 21 7 69926 0.934733709321262
28 18 16 2 69054 0.9251654895581607
9 9 0 21 64905 0.983490988444061
26 15 2 20 86676 1.0748847450153407
27 29 16 14 67236 1.0095319469614774
24 19 7 1 95631 0.9185883347264975
15 5 29 0 44094 1.0642995731249503
20 11 1 17 60486 1.0911240581150712
29 9 10 22 72428 1.0158140230047525
2 13 27 24 88535 1.0296847124489101
10 3 26 5 46791 1.0330250828486842
9 19 10 0 55441 1.0882120740398211
7 20 14 24 37915 0.9511495913627129
12 21 17 29 46251 1.0637596373175344
29 12 28 28 30161 0.9976267809611816
23 28 14 7 82174 1.044385703928448
21 3 15 23 71665 1.022572004883508
3 28 8 8 66367 1.0919244456442332
28 18 23 13 30672 0.982980226934152
5 19 18 19 65760 0.911480922086029
20 27 9 26 52178 1.0790794380133608
19 21 4 21 62651 1.0362154278711095
23 15 21 7 42143 1.039636216134881
13 29 4 26 38322 0.910647122802733
8 23 16 27 47107 0.9078096955438008
26 28 22 9 61549 0.9350318985470949
9 12 4 7 31412 0.9670281589269671
20 15 17 24 45486 1.0677925833736972
12 7 19 18 57950 1.0222188546111988
11 8 2 12 44992 0.9183662956386679
9 1 4 11 35976 0.955808284844974
12 27 21 26 42733 0.9988508488358392
25 8 3 1 70225 0.9548879916578583
12 26 7 5 64485 1.0406305714855562
10 15 15 4 39857 0.9659601603496925
6 22 28 12 88178 1.071652986975446
15 23 20 3 71016 0.9187774406678978
6 26 10 3 72632 1.0712181077293417
1 5 10 3 27689 1.052261930297516
25 4 4 11 71316 0.923940209412882
26 9 22 28 60717 1.055344950068184
25 9 9 19 73132 0.9365427489701004
0 1 24 23 106254 0.9547268405622523
17 19 8 9 57011 1.0746068726035776
1 24 17 20 63352 0.9093155509837979
20 5 26 22 58968 0.9754951615528553
11 17 6 4 50605 1.0048889283042235
28 23 19 2 64873 0.9255523971063588
7 14 20 19 40936 1.0420176908687682
27 23 21 15 54858 0.9083242786316087
1 12 22 2 81124 1.0060454103989243
7 15 10 8 25721 1.0241345706366576
6 23 13 1 83438 0.995441386345058
20 28 14 17 48821 1.0901060958045903
25 18 6 11 73775 0.9826933592506673
22 27 12 4 93291 1.0956137836672908
7 0 9 18 59433 1.0201322677565967
3 28 14 21 45974 1.069770008663109
20 25 23 17 42694 1.0973691724354142
15 18 26 24 51554 1.039510214723371
4 27 5 6 53892 0.917562912066702
9 20 16 3 65701 1.0228532657900486
22 4 21 29 79455 0.9515141942261844
13 3 29 8 50905 1.088052499516185
19 4 9 10 46177 1.0630856742361183
7 13 28 22 73168 0.9858731219219217
10 15 22 27 70977 0.9005071734976691
23 29 16 25 36891 1.0052195709591334
4 2 0 8 30706 0.9161690707837706
29 14 10 6 54715 0.9503659000655107
23 26 7 1 118257 0.9622809043479243
8 28 18 6 72972 1.0686757407519243
8 18 26 0 87202 1.0536584404629126
16 17 7 19 47177 0.9154813382720096
12 26 25 23 53911 1.006999162466775
17 29 25 26 38297 0.9030255973658211
24 20 4 2 84133 1.0441760583072557
18 8 1 28 94466 0.9354067986368937
23 5 8 9 51817 1.0085480932648723
0 27 21 6 91099 1.0504566547918184
9 23 2 17 46484 0.9972850012976308
6 8 29 29 103031 0.9141266633603832
22 15 18 24 51235 1.0499111507326115
5 7 2 29 61617 0.9902739597359598
8 25 25 10 79556 1.0573833956898255
7 19 15 10 44306 1.099253237480118
12 22 24 24 52345 1.0554122881850336
2 8 29 8 77807 1.0418384388821067
12 27 27 2 98700 1.0852512010749975
27 24 3 13 86409 1.0907028922645399
8 0 13 27 94780 1.0828155380889743
28 26 26 8 61419 1.0693815853061754
15 18 24 17 47723 1.0968396554944881
2 23 25 4 100606 0.9403203912515907
19 6 16 13 37770 0.9388221215284561
24 14 28 28 42648 1.0516924858905765
3 1 27 20 95363 0.9594371613878203
0 9 17 0 79738 1.0964028024660075
16 9 7 6 36824 0.9941839817046892
28 7 16 22 64215 1.014732865927372
12 16 8 23 34533 1.0406620386078351
23 0 3 16 90838 0.9196305314936378
16 20 28 21 30981 1.079630970619054
16 4 17 29 91433 1.0915546554251756
16 16 21 11 37638 0.9530271262376278
28 18 25 26 29423 0.9504191368108459
25 20 13 19 36843 1.0250801329022072
28 23 2 6 98387 1.070028522307859
23 17 12 3 74514 0.936087955821937
20 28 8 11 79688 1.0541680200103154
10 12 12 21 28795 1.099350494112452
16 18 15 29 46538 1.0480616830219747
25 20 18 1 73218 1.0888821424332746
29 27 22 15 52266 1.0502426945968868
24 22 27 0 50956 1.0529644777200438
7 7 6 29 72785 0.9582372830538293
8 3 3 15 44809 0.9952831930975699
7 4 18 14 50964 0.9181272410919178
12 0 21 15 66673 1.0332759780834762
21 5 1 25 92538 0.9668735834666522
11 0 3 17 65058 0.9475664195857204
10 6 8 24 52789 0.9015754015579587
9 5 0 2 34091 0.9290904317105488
8 18 24 14 53010 1.0125036729371482
18 25 4 29 54446 0.9933716218758907
10 26 4 7 51699 0.9230646668102438
27 20 14 25 45049 0.9779426847660935
11 16 7 2 50505 0.9646104181843331
1 4 1 21 57398 0.935372350023169
1 19 9 25 47187 1.0563488123058566
16 12 2 5 54811 0.9050417662503831
29 7 12 13 61234 0.951069783142736
16 20 27 4 63344 0.940625138881449
19 23 8 28 61790 0.9774088605751112
16 1 15 29 90204 0.957823288342203
21 1 10 4 41958 0.9525824322738305
7 9 6 27 54387 0.9797307275074021
2 29 24 23 91592 1.0856481692541489
16 7 29 10 42104 0.995956755581316
19 3 28 25 66987 1.047275293400789
0 20 22 3 102153 1.0730198690653086
22 8 20 0 30816 1.071254085647479
20 27 7 18 72386 0.9061285759957618
5 22 23 13 69057 1.0429977067890133
29 29 27 19 27820 0.9130742238166636
6 3 28 25 100257 1.083695667292077
10 14 23 19 51630 0.9479333351307806
3 12 20 1 70914 0.9569560347050405
15 14 27 17 50493 0.9535596138065527
27 14 28 0 30263 0.9116535592192605
3 3 22 28 110474 1.0900707312249682
21 3 7 2 48977 0.9549656243182046
0 7 23 17 94000 0.9168365532274464
24 20 3 22 70625 1.0468847915912072
23 0 5 6 67650 0.9678234374470996
28 2 20 5 32134 1.0684646339145265
6 26 8 4 69796 0.9004552435211123
14 2 10 21 52193 0.9403804161545617
11 18 20 13 33590 1.0979973620382522
2 7 23 18 84030 1.033451652246785
12 16 23 28 68550 1.066270767520982
8 12 26 9 74118 1.0104017001606163
28 23 4 16 80691 0.9171266189466661
18 14 8 19 36914 1.0283311402872468
22 12 1 8 77639 0.9660324633007673
20 17 9 3 64580 0.9334203240649448
14 10 24 9 41103 0.9987991144319853
25 28 26 5 59690 1.004652842563469
28 2 20 26 69824 1.040419819839578
22 26 21 13 57615 1.0279404922090443
3 0 16 17 71554 1.0839446820527612
21 4 9 3 40996 1.0578112771388164
19 27 6 27 54755 0.9249969765009785
15 10 10 22 37147 1.0535208805571632
27 28 11 20 56868 0.9480564181759368
15 11 10 24 40108 0.9848454521639285
14 1 9 25 65709 0.9935715841041817
10 9 21 6 34045 0.9677777209861225
11 14 10 25 22088 0.9066528126392575
3 2 17 16 63599 1.0078021167111197
