2802 2741 2144 2634 2265 2504 2758 2842 2282 2611 1980 2550 1986 2292 2187 2662 1881 2243 2608 2670 2261 2468 2894 2005 1971 2818 2089 2302 2866
3526 2617 2758 3421 3464 3147 2900 2748 3079 2973 3264 2984 3314 2845 2891 3358 3296 2853 2946 3556 3344 3485 3310 3008 3346 2899 2620 3144 3015
7860 7164 7324 7573 6828 7546 6957 7682 7249 7573 7137 7544 7107 7822 6937 7371 7012 6811 6827 7680 7772 7136 7751 7399 6983 7063 7637 6896 6804
5036 4526 4664 4427 4522 5068 4442 4912 4111 4259 4794 4948 5072 4771 4627 4415 4475 4519 4610 4968 4545 4413 5024 4342 4155 4769 5061 4369 4196
7643 7402 7532 7731 8153 7618 7269 7767 7160 8098 7585 7433 7503 7635 7500 8015 7769 7894 7764 7230 7417 7582 7573 8134 7197 7223 7830 7760 7528
5877 5984 6186 5941 6268 5701 6380 5365 6305 6354 6059 6359 6408 5871 6337 6257 5961 5827 6060 6366 6421 5717 5971 5506 5990 6274 5478 6061 5367
6890 7380 6803 7600 6811 7186 7159 6599 6857 7597 7039 7333 6716 7325 7053 7176 6828 6857 6560 7518 7191 6876 7312 7465 7252 6828 7074 7580 7606
7610 8381 8069 8003 7654 7961 8326 8592 8587 8500 8389 8254 8223 7686 8274 7791 8212 8328 7955 8422 8201 8325 7667 8071 8505 8646 7717 7807 7654
5656 5361 5201 5145 5398 5813 5396 5042 5060 5644 5065 5150 5599 5032 5181 5257 5761 5429 5230 5705 4997 5607 5587 5215 5306 5168 5934 5284 5150
2275 2273 2880 2388 1913 2339 2775 2772 2016 2917 2526 2933 2052 2734 2599 2036 2888 2041 2825 2023 2905 2918 2757 2456 1937 2486 2666 2217 2537
2253 2312 2674 2259 2022 1775 1971 2179 2247 2069 2168 2232 2395 1981 1875 2664 2385 2400 2641 2792 2083 2601 2073 2814 1968 2769 2344 2718 2414
7855 8096 7746 8272 7666 8393 8543 7997 8144 8142 7899 7980 8212 7762 7861 7654 8539 8366 8431 7658 7574 8228 8326 8309 8359 8335 7811 7824 7639
4965 4147 4212 4863 4489 4924 4133 4224 4961 4382 5039 4759 4149 4998 5123 4379 4529 5062 4905 4425 4650 4145 4653 4808 4392 5001 4827 4103 4983
8047 8863 8228 8380 8577 8758 8667 8845 7866 7937 8531 8699 8517 8091 7918 8691 8754 8633 8307 8469 8816 7806 8125 8736 7946 7907 8731 8758 8079
3224 3950 3708 3830 3115 3201 3077 3584 3170 3546 3877 3493 3693 3450 3762 3632 3715 3515 3289 3411 3523 3775 3761 3772 3358 3750 3401 3068 3747
4865 5803 5406 5785 5331 5319 5439 5321 4885 5868 5162 5230 5626 5881 5779 5316 5847 4913 4942 5464 5557 5039 5835 5584 5003 5688 5772 5412 5440
2563 2043 2794 2124 1953 2174 2702 2414 2632 1985 2516 2159 2260 2220 2415 2659 1962 2649 1859 2180 2814 2661 2400 2020 2801 2022 2022 2165 2679
5177 5094 5150 4411 4542 4574 4612 4530 4891 4740 4388 4671 5230 4505 4577 4573 5077 4806 4770 5160 5154 4897 4410 4361 5106 4583 4730 4566 4816
6257 5975 5993 5900 5615 6074 5985 5873 5910 5313 6200 5579 5700 5937 6144 5340 5490 6134 5511 5501 5341 5738 6274 6004 5995 5604 6324 6140 6258
6383 5851 6135 6394 6016 6137 5906 6211 6594 5587 6144 5994 5950 5886 6508 6511 6555 6625 5588 6097 5598 6287 5805 5817 6195 6269 5798 6001 5711
7654 8099 7669 8369 7747 7475 7373 7904 7691 8357 8189 7555 7909 8029 8329 8065 8167 7719 8393 7890 7764 7570 7567 7732 8260 8394 7859 8217 8321
3719 3644 4061 3887 4265 4207 4155 4375 3814 4079 3693 4501 4174 4254 4022 4512 4476 3982 4251 4143 4117 3554 4022 4014 4396 3650 3741 4010 3565
7266 6883 6521 6941 7317 6661 6563 7252 6551 6613 7160 6605 7240 7008 6585 6853 6859 6919 6935 6994 7168 7135 7335 6761 6594 6525 7043 6485 6748
7138 7424 7881 7662 7881 8161 8052 7979 7790 7187 8150 7693 8028 7234 8061 7946 7566 7463 7140 7162 8100 7610 7776 7934 8095 7407 7374 7641 7882
5016 4772 4542 4881 5471 5256 5364 5064 4745 4823 5030 5468 4543 4521 4942 4981 4444 4639 4574 4509 5078 4795 4468 5016 4899 4716 5182 4637 5242
2094 2386 2333 1925 2582 2464 1612 2192 1938 1763 2071 1789 2243 2177 1564 2151 1737 2173 2162 1546 1874 2044 2208 2351 2065 1888 2509 1882 2236
7619 7415 7181 7594 7993 8049 7191 7887 7528 7866 7890 7989 7437 7739 7768 7824 7483 7455 7982 8141 7968 8000 7826 7330 7359 7236 7849 8108 7457
5728 6449 6326 6315 5766 6566 5851 6475 5932 5981 6408 6042 6730 6530 5821 5725 5872 6679 5892 6209 6254 5755 6310 5995 6664 6262 5739 5891 6261
6675 7007 7190 6895 6941 7109 7114 6640 7065 7079 6942 6796 7221 7043 7115 6470 6436 6495 7133 6732 6436 6547 7047 6771 6968 6363 6492 6409 7015
3029 3317 2951 3205 2531 3144 2924 2645 3041 2696 2741 2480 2905 2443 2476 2908 3029 2527 2583 2497 3337 2949 2616 3350 2443 2825 2658 2971 2440
7651 3835 6409 6421 5676 5161 2144 2263 4343 7338 4604 1796 5062 2881 5988 5874 1606 6628 3174 2950 5058 3562 6629 6230 4962 4977 3901 4877 2068 7605
7720 4155 6278 6179 5714 4846 2084 3009 4135 7490 4305 2105 4726 2838 5342 6309 2585 6379 2590 2057 5310 3897 6223 6610 5318 5488 4390 5359 2300 7514
7921 4637 6538 6404 5675 5349 2339 3155 4301 7633 4506 1293 4354 2857 5876 5915 2225 6424 2592 2257 5558 3332 6062 5950 4917 4861 4041 5606 2228 7650
7950 3901 6188 6014 5584 4476 1614 2313 4905 7989 4877 1643 4240 3322 5337 6169 1675 6645 2359 2030 5636 4195 6663 5994 5659 4853 4511 5416 2243 7207
8529 4600 6261 6045 5320 5424 1343 2869 4701 7933 4092 1382 4389 2529 5735 6493 1983 6355 2519 2495 5224 3962 5982 6359 4974 5641 4000 5062 2820 6909
7872 4406 6717 5750 5988 4708 2322 2515 4863 7384 4339 2120 5065 2791 5463 5917 2549 5941 3092 2343 5116 3515 5968 6471 5334 5642 3907 4813 2133 7464
8421 4236 6666 5900 6000 5058 2053 2637 4054 7434 4174 1711 5068 2627 5553 5823 2531 6826 3097 2306 4759 3512 6398 6745 5321 5099 4005 5457 2540 7631
7781 4797 6707 5578 6038 4743 1891 2556 4255 7729 4452 1193 4540 2788 6023 5981 1711 6309 3187 2349 5416 3632 6245 6606 4868 5012 3802 5633 2482 7534
7999 4208 6631 5843 5649 5181 2077 2828 4891 7444 4694 1951 5071 3514 5448 6748 1837 5868 2846 2833 5140 3214 6096 6838 5630 5518 4473 5273 2843 7155
7976 4264 6629 6336 5569 4443 1520 3056 4705 7656 4840 1585 4931 3287 5331 6568 1556 6598 2699 2424 4840 3245 6449 5950 5334 5019 4029 5463 2405 7318
7929 3850 6639 5543 6182 4551 1913 2776 4041 7725 4099 1579 4686 3582 5777 6628 2074 6114 3013 2497 4951 3904 6274 6812 4984 5221 3954 5518 2760 7021
8343 4643 6015 6032 5303 5445 1428 2669 4609 8121 4430 1171 4723 3495 5662 6359 2157 6595 2810 2465 5429 3769 6493 6546 5605 4861 3896 5527 2717 6818
7560 4777 5930 6290 5966 5355 2306 3111 4793 7976 3884 1963 4622 3525 5667 5733 2182 6002 3099 2833 5316 4025 6531 6272 5575 5457 4662 5365 2166 7247
7806 4293 6483 5885 6264 4567 2053 3176 4681 7991 4474 2089 5067 3014 5233 6123 1559 6807 2339 2842 5465 3941 6859 6628 5209 4846 4302 5630 2734 6766
8334 4803 6374 6432 6015 4667 1376 2816 4621 7927 4655 2179 4387 3430 5444 6776 2198 6292 3260 2854 4712 3856 6074 6224 4947 5383 4577 4664 2436 7195
8513 3936 5787 6353 5574 4552 1982 3073 4773 8134 4632 1624 5035 2744 6079 6435 2595 6564 3041 2396 5480 3375 6034 6497 5582 5543 3894 4827 2594 7091
7726 4564 6042 5809 6230 5315 2027 2952 4478 8193 4589 1901 4138 3582 5096 5991 1609 6473 2891 2938 5008 4166 6000 6801 5533 5698 4307 5531 2574 6991
8043 4004 6581 5689 5690 5281 2227 2861 4206 7701 4717 1217 4274 2823 5211 5921 2182 6792 2790 2075 5077 4183 5981 6713 4887 5068 4063 4765 2271 7730
8084 3837 6009 5859 5500 5441 2268 2620 4685 7824 4712 1480 4107 3088 5322 5886 2325 6159 2965 2568 4654 3544 6431 6824 5045 5346 3849 5349 2989 7458
7996 4895 6096 6256 5488 5236 1432 3120 4199 7560 4785 1384 4773 3003 5853 6476 1916 6474 3248 2079 5644 4181 6514 6444 4883 4823 3924 5198 2433 6785
7947 4859 6391 5486 5271 5114 1490 2272 4130 7424 4523 1942 5028 3421 5795 6440 2324 6700 2560 2045 4629 3803 6907 6905 5771 5650 4579 4671 2123 7437
7839 3993 6287 5690 5307 5180 1393 2895 4400 7616 4234 1195 4695 3338 5711 6144 1748 6199 2467 2856 5170 4122 5930 6632 5176 5717 4194 4575 2393 7092
8301 4699 6605 5605 5987 4858 2255 2873 4338 7154 4386 1837 4816 3402 5938 5948 2073 6480 2501 2073 5102 4186 6775 6415 5617 5727 3759 5392 2075 6746
7867 4601 6473 6330 5266 4610 1628 2477 4798 7186 4206 2166 4901 3102 5879 6211 2403 6614 3125 2222 4853 4017 6247 5988 5164 5555 4059 4840 2029 7071
8354 3841 5846 6354 5967 4997 1991 2670 4175 7364 4000 1268 4264 3191 5184 6486 1985 6203 2291 2860 5239 4074 6797 6971 4999 5459 4330 5325 2868 7429
7687 3852 6666 6542 5927 4658 2073 2890 4168 8037 4725 2155 4483 3533 5202 6536 2425 6452 2327 2334 5403 3639 6364 6895 5310 5709 3968 5178 2144 7498
7805 4076 6467 6400 6045 5392 1363 2716 4760 8007 4657 2156 4463 3267 5947 6145 2290 5802 2437 3005 4819 3770 6172 6946 5304 5667 4267 5200 2816 7502
8088 4510 5798 6025 5231 5341 1450 2735 4329 7197 4209 1738 4905 3065 5326 6640 2274 6632 2766 2870 5055 3837 6018 6075 4771 4839 4583 4957 2580 7483
7541 4021 6198 6157 6258 5033 2128 3126 4531 7280 4597 1902 4583 3076 5198 6604 1753 6633 2268 2256 4724 4165 6055 6836 5412 5459 4676 5175 2549 6859
6 28 27 12 86035 1.0518425951341661
29 22 16 20 43144 0.9350159178509363
29 15 16 23 46740 0.9429072078328933
17 27 15 9 55269 1.0339413791040182
21 2 27 13 44095 0.9464322530792562
27 18 1 25 85672 0.9077074304595517
10 10 6 25 53250 0.908869873332313
9 6 14 13 26142 1.0746864821799975
1 3 13 1 51587 1.0818360062076227
0 17 23 16 49081 1.0964166696634383
9 28 3 3 80293 0.9125908273653827
6 23 24 13 79197 1.0428890752266025
4 1 14 21 82338 0.9688861295898933
13 25 14 4 70754 0.9462447107124028
16 7 25 10 26008 1.0595903488401914
28 9 15 23 69195 1.0549430293207278
22 6 15 11 24710 1.0918536790595108
18 9 9 13 31806 0.9290695855762044
14 27 3 24 49265 1.0138656601165326
11 27 17 17 50201 0.9643344370993526
5 20 16 7 56806 0.9300073630917566
8 1 14 23 71835 0.9476454648885436
12 4 15 18 48744 0.9616171508234149
21 10 10 25 55126 1.0245928256659702
9 3 5 28 71614 0.9222528516071644
26 11 16 19 34728 0.9088388494905577
15 27 4 12 69910 0.9340243851842854
27 22 16 7 56517 1.064106472148801
3 23 12 15 51226 0.9016154951390248
18 14 22 7 40878 1.024837467745014
17 5 20 17 46762 0.9675403612439153
17 18 2 6 55613 0.9275998715526993
21 21 12 0 83887 1.0294429676519845
13 6 29 11 39649 1.0556956128791655
25 25 11 14 59806 1.0164704323160718
14 23 5 27 46190 1.006066372743003
10 18 6 1 53120 1.0714128431367331
7 12 25 4 52600 1.0700168157431116
27 24 23 4 62488 0.9578875054569211
11 7 24 23 67073 1.0474257036161112
7 4 0 10 40007 1.0335100097473002
20 0 12 23 95272 1.0095658907002472
7 8 28 4 62918 0.9204470627997126
10 1 8 10 27736 0.9858073836518804
3 11 11 23 46519 1.0040723548450279
10 11 10 1 21676 0.9903337764183827
6 21 27 4 86082 0.9396510202971085
11 6 8 16 27087 0.9852890500235946
15 13 20 2 51667 0.9262339458506912
20 29 12 24 46841 0.9197567224009514
23 24 29 1 67920 1.0822607552758157
15 6 21 2 27846 0.901442882503323
24 29 24 18 30930 1.0005818908249409
25 23 20 2 63322 1.0022711401737938
13 14 27 25 65521 0.9754244562968711
1 14 3 22 33584 1.0712598784172631
5 26 21 24 67069 1.0564305717508398
22 0 13 11 58908 1.0918532893687276
22 29 24 20 35780 1.0456964535611273
10 27 12 8 53151 1.0145412021467695
8 3 25 8 45576 0.9876831591726105
2 4 18 16 64828 1.01788992165808
27 3 25 19 45485 1.0986140195956133
28 7 24 17 32658 0.9681839539983935
4 10 0 2 36442 1.0105531704054855
28 17 18 24 60398 1.050037046423002
9 2 27 11 50980 0.9134434546868729
14 8 24 19 47642 1.0956229288511994
21 27 22 16 44275 1.044086329993343
0 25 29 16 81331 0.9855773123241817
1 9 17 4 47385 0.911397806787544
22 20 6 15 55064 0.906885694955588
15 2 12 28 76279 1.0917138066561984
23 12 4 5 58712 0.9309117957267857
17 23 0 0 89986 0.9984168230016304
5 25 11 17 49846 0.9672086825181169
28 1 17 26 87482 0.9893230628602212
3 8 7 20 55851 0.9626769812448739
28 7 3 0 78785 1.0285323576009155
7 9 17 21 59501 1.03701205025574
24 28 1 23 71305 1.0455793111115725
7 10 16 8 30791 1.050106382842991
9 12 22 4 49433 0.9789325035946856
6 25 20 24 70168 0.9160645040914901
11 4 17 23 66257 0.9316433843978077
6 21 10 9 39980 0.9810051633724064
4 29 11 6 75715 0.9158450656482322
7 25 22 17 66564 1.0547711399166575
15 0 7 5 44396 0.9806202837397642
7 11 19 27 68082 0.9112928402836165
27 24 14 1 82747 1.0485544913500424
8 5 29 14 60448 0.9980304657744323
9 1 23 0 68352 1.0508605040310917
5 14 22 13 54703 1.0775697935347406
28 7 5 24 95969 1.0008220679632438
20 1 24 21 65256 1.0514396134907358
6 17 5 0 73081 1.0655793592583649
19 12 12 15 34986 1.0397760411160655
19 9 28 22 58732 1.05180622921636
18 1 9 25 76801 1.091855126606313
7 28 21 18 60178 0.9459534457833245
6 4 6 28 82859 1.0907951370235855
4 8 11 16 42875 0.9837432418377539
25 24 9 14 53616 1.0662584192561981
25 11 18 18 32991 1.0786546609644545
12 28 10 18 30280 0.9754373918966672
20 1 0 14 73687 0.974510667091799
21 0 20 14 62623 0.9855150006113789
17 4 27 17 53887 1.039036574071305
18 10 10 21 43371 0.9490665481203536
1 7 23 24 88224 0.9745726542805035
25 3 2 2 71051 0.9528653304133436
23 12 5 11 37814 0.9183819541770888
11 24 5 17 40645 1.0367915353061692
20 28 24 22 31188 1.067500814316299
18 3 3 28 97324 1.002930251269913
11 26 3 8 64376 0.9850003371965579
29 28 1 7 96494 0.9327330189152687
13 28 22 3 86774 1.0575395285844762
24 14 15 4 47381 0.998283568755336
10 18 8 26 27020 1.0811123573559709
5 26 23 6 88910 0.9057901999916149
28 6 7 23 83961 0.9284044377683489
11 29 21 2 97667 0.9111193702535166
20 11 19 22 47339 0.9140314833059716
21 24 6 3 96458 0.9646748297555836
26 3 5 5 56846 1.0362947201321502
13 22 27 25 67998 0.9519722338887846
15 0 24 17 62529 1.0945899386521614
7 1 1 20 73913 1.0171150157092674
1 17 8 28 48927 0.9326430500088306
13 28 23 29 32504 0.9879605198434736
17 10 29 25 60284 0.9429726043521321
4 24 9 11 59294 1.0380047050324055
19 17 27 8 43628 0.9181069592743386
20 10 7 16 41027 1.0158258316431321
19 28 23 13 50545 1.0850942615297554
5 22 26 8 79910 1.086056930889635
5 23 6 6 69121 1.0459045751213782
8 8 7 27 63512 0.9790168172973257
0 26 9 8 58149 1.0155294359639222
0 10 21 25 83498 1.066778524425267
0 8 26 18 64808 1.0789998383365123
4 24 21 12 82673 1.0882877939610027
4 0 27 3 90885 1.070633474485022
15 9 25 13 31057 1.0290867672878217
27 1 6 9 73159 1.080176333251714
7 20 1 10 48329 1.0223590338675943
5 23 22 27 74752 1.0412185540665682
5 2 22 11 64317 0.9126899175586619
17 7 5 10 37723 1.0825717402610477
20 15 26 2 54068 0.9019342624931989
4 0 12 27 102187 1.0730087826794776
7 15 12 2 56060 0.9293876430695573
15 27 26 20 50971 1.0056662144236486
20 20 29 25 46440 1.03667283487634
15 21 0 3 73812 0.9970973671774763
8 23 3 17 40926 1.0666559143998846
16 9 17 0 28577 1.0006832641223184
21 12 22 21 42053 1.0643569445267218
10 7 19 28 66370 0.9014340780468335
12 27 25 6 77267 0.9038934090257768
17 21 11 4 58561 1.0879978769081964
16 8 10 29 60887 0.9381810879295711
7 23 16 27 45183 0.9061819614366629
4 20 24 0 95131 1.037947942067429
7 2 5 26 89138 0.9335490253010659
20 2 10 13 58574 1.069882041742259
22 10 18 2 49429 1.0920917876201317
22 6 4 8 46792 0.9074156953463123
29 26 4 15 87820 1.0809059139668782
22 11 26 22 33095 0.9201604275021381
18 11 28 2 45891 1.0381623012737655
27 13 10 4 50258 0.903143421338821
27 12 0 4 69369 0.9557367448120947
17 20 4 25 67407 0.9320976024978949
27 20 1 20 73801 1.0993881431644275
8 29 8 0 84626 0.9185345958732389
9 24 3 8 56331 0.9101711015351851
13 18 22 27 52559 1.076310534742195
20 24 18 3 80604 0.9407933396464472
9 25 20 22 59827 0.9181930015867191
26 2 24 16 37455 0.9834941894863066
7 10 23 1 67756 0.9765029133846185
16 23 2 26 57374 1.0106680795159066
20 10 6 25 75858 0.9017472547856085
23 16 27 28 33787 0.9834220049717766
9 28 14 8 60217 0.9004056393404437
9 21 13 8 45312 0.9454334630608598
26 29 22 17 44966 1.0459653895629897
17 15 24 12 33635 0.9878681967736636
14 21 9 0 62366 1.0428218809727912
10 26 27 4 86012 0.993787849967757
5 12 0 28 54465 0.9732589230515271
27 26 28 0 78586 0.9127119933295884
5 8 0 22 52745 1.0285386661476323
28 14 3 0 97632 1.0410108495063497
23 2 10 14 62802 1.0678264859687352
28 10 12 23 74362 1.0859623057693262
29 19 0 7 77704 0.9940553687860841
16 2 12 25 73723 1.0595617526237677
29 6 4 17 72668 0.9343366578143216
20 8 27 22 54762 0.9875077953946398
6 24 24 26 71643 1.0597431144632523
5 8 27 25 91562 0.9135360087526406
5 26 16 3 82069 0.9024250207807393
10 5 11 16 25630 1.0304353286358463
15 18 19 27 39465 1.0318061456700622
15 27 8 22 41129 1.0635446296870525
2 29 14 20 62708 0.9193328030367525
26 1 17 24 75299 0.9023962403317177
0 13 12 9 33486 1.05850542290011
8 13 4 2 57674 1.0531527633844653
12 17 2 9 47495 1.019672096310758
22 27 25 0 71180 0.9546238586677321
7 6 19 23 73889 1.0651532116777467
18 0 10 27 85622 1.0456341572170307
20 5 14 21 58045 0.9312132031262056
29 17 20 7 42846 1.022502666399018
21 17 2 18 53025 0.9233315662646525
21 2 2 6 52081 0.9275715652981752
2 9 5 0 54794 1.0752345967578467
14 10 2 25 70601 0.9276621203626102
23 7 11 19 59074 1.0034097857357545
27 13 5 16 54206 1.0373420083316933
7 5 22 14 61252 1.088672458033245
20 1 29 28 86218 1.019623500826393
3 4 15 24 79489 0.944836934292004
17 2 22 21 69606 1.066058259041597
3 17 20 12 53606 0.9005778674502634
17 22 2 19 48579 1.0741454672553326
9 4 0 14 39280 0.9900422865724237
5 25 29 20 89256 0.9802613683080319
10 18 13 3 50297 0.9437953922254417
20 5 8 22 71327 0.9044026191753078
19 23 21 11 55086 1.0075048008852165
21 11 1 23 69005 1.0744906910878287
2 9 18 18 60198 0.965162786882888
2 6 22 26 92908 0.9961535533773166
2 29 22 28 56688 0.9585767468551708
17 11 0 15 38300 1.0000179675059426
0 22 20 15 63251 0.9385226868925762
26 25 10 28 49150 1.082258252420758
11 9 1 20 53656 0.9534719019503125
8 27 26 11 73028 0.9282738170667135
17 27 2 6 79032 1.0828309786055315
27 27 7 7 84957 0.9408580360035433
5 0 28 15 95849 0.9753355711332546
3 27 15 25 47814 1.058006160723037
3 26 13 2 100585 0.9127425840233067
1 6 28 15 76255 1.0552005249131584
4 12 17 15 43025 0.9499503781459461
14 24 17 1 68688 0.9134383965910315
4 0 17 28 106284 1.0643203892682
19 10 7 2 56359 0.9428913094701536
1 7 11 26 66674 1.049932683841034
19 2 11 19 70439 1.0261317466473876
7 15 21 18 44474 0.9569338923121579
13 26 17 0 80932 1.0621258416927666
20 10 9 26 62715 1.0111841240077764
22 0 4 28 118099 1.0820306502073396
23 9 9 14 46202 0.9476549509205343
11 24 24 14 64041 0.9089114819171179
22 19 3 16 47638 1.0174950907750993
5 13 24 15 54971 1.081030315135846
6 25 25 7 84041 1.082130115042616
14 11 25 4 32815 0.927846417301408
1 27 26 26 70659 1.071500119482111
29 7 10 25 76973 0.914535744559325
16 15 2 13 43778 0.9014939881016053
13 6 22 21 59930 0.9801922909008296
18 19 13 2 59140 0.9121916889052678
7 24 23 2 100208 0.9010693917183143
0 15 8 1 53216 0.9275361493625536
8 5 26 24 75998 1.0996537900734296
24 0 11 27 98653 0.9161850486453682
24 21 28 3 55117 0.9693031402788527
4 2 20 10 73099 0.9853069326429935
24 28 14 16 50665 0.9713080005502502
22 17 26 3 46333 0.9484580013672719
24 16 14 2 55408 1.0734892730675913
20 3 16 13 43957 1.0030379362230732
7 15 20 17 41859 0.985803045296239
2 27 27 2 121163 1.0178507551744944
11 26 27 9 81322 1.0964232600372308
3 0 27 18 95290 0.9720051971789859
2 19 13 1 72016 0.9921987897010079
8 14 17 5 43045 0.9929465802439092
13 2 6 22 80567 1.0837263373857018
6 4 1 20 63231 1.0731747211506222
21 6 25 15 24616 0.9285160029539572
27 18 8 9 57838 0.990319289556641
21 19 3 14 53824 0.9117838127865939
15 25 23 13 56773 0.9120043341980013
12 23 17 16 36877 0.9208501842705538
28 8 21 13 34170 1.0410930845283166
4 10 26 25 76315 1.0404650926896242
28 6 2 0 76551 1.0724208949177236
16 18 3 24 57818 1.0665174994434359
13 12 19 7 30343 1.0789812824293559
16 21 0 16 44487 0.9917592410745234
1 17 15 2 69619 1.0424253255378249
13 16 16 27 31742 1.0903980039709136
17 16 15 24 25736 1.072169250174945
11 9 16 2 34225 0.9261270255953433
3 16 9 29 44942 0.9234467229191289
6 3 7 27 87626 1.0170958042747615
7 8 15 3 39875 1.068897893580838
14 12 0 3 46950 0.9608894842138636
12 23 4 10 57446 1.0184517736778769
16 0 25 2 39666 1.0377773040515654
11 28 14 14 47714 1.0999047525510601
19 11 24 4 30381 0.955348930178397
28 2 18 10 52091 1.0352854328182477
16 7 13 14 28823 1.0177789158159876
5 29 22 20 75280 0.9151748592093469
5 6 16 6 20921 1.0215241889061537
0 15 27 2 82802 0.9517917528600037
0 12 27 26 82531 0.9796492025658449
1 18 7 4 60962 0.9403433264218202
29 29 1 9 93107 0.9745267146347832
22 24 2 17 79045 0.9967942934595362
27 17 21 28 41337 0.9834856167878125
1 18 27 15 66571 1.0325319423877273
25 16 16 26 41933 0.9126127244460885
8 27 4 3 89363 1.0882912929219175
27 1 11 17 73835 0.9125735073357176
9 13 19 17 34361 0.9168707401978351
26 9 14 18 48886 1.0414766598778376
23 8 8 6 41367 0.9752421509714048
19 16 23 8 37118 0.9395546319362138
1 8 23 11 45860 0.9957487647017518
5 0 21 9 69683 1.032133468109273
29 27 16 26 39002 0.9290519354082052
8 8 20 3 50305 0.9587428884543203
23 5 9 28 85767 0.9219324747130151
9 21 28 18 54647 1.023374301538821
20 29 0 19 79535 0.9833289058299369
2 28 9 5 74604 0.943978314228867
28 29 0 3 110568 0.9110626637005922
29 0 17 8 49017 1.0717883466015836
27 1 9 20 76669 0.9486158962885258
3 23 19 4 94130 1.074903529862111
17 11 16 27 39004 1.099917500480923
17 2 24 29 83847 1.014917599444019
25 13 3 6 52481 0.9570890628760241
15 3 24 19 57747 1.0580081721273675
22 29 22 14 58058 0.9672074647501927
0 2 15 15 64893 1.0042389726754075
17 14 19 25 47628 0.9704017022254162
2 18 11 15 34720 1.0637034793824807
1 3 2 15 43339 1.0205536266200133
17 19 4 19 33575 0.9879297274526825
9 2 24 2 53959 1.0037849585654928
18 16 25 29 41449 0.9525562742364098
11 9 29 29 83849 0.9572700458244623
13 11 21 24 55630 1.0406939942684497
17 2 28 19 65579 1.0371070041211785
28 10 11 4 58599 1.0669043947618602
15 27 14 2 71391 1.0803980083495268
19 24 18 14 49285 0.9421641843026501
21 6 5 29 89323 1.0444218343266003
0 25 24 5 91125 0.9270861410877512
4 20 22 14 66232 1.078993594810526
13 9 27 4 53659 1.0382742267955254
10 27 4 23 43814 0.9346321585570598
27 21 0 1 93360 0.9887044076215702
2 13 25 16 59038 1.0530452089373799
12 13 0 27 59763 1.0802737669057711
13 5 26 15 51722 1.058159034098145
7 12 17 18 40855 1.0014288009367591
11 2 17 26 75996 1.055238132869406
0 28 15 26 45485 0.9907742750333514
22 19 10 0 67278 0.9002433307675783
9 9 21 26 73436 1.0921369658262337
3 25 12 22 55027 0.9249652449601463
14 16 14 1 48582 0.918800035990495
16 22 22 6 48924 0.9036013219784506
17 22 4 28 50060 0.9811625503526807
12 20 18 14 37095 1.0297185330441734
7 26 16 18 45927 0.9815426319288247
23 25 27 6 52110 1.099305083812739
20 19 29 3 53522 1.0093504560321223
3 10 18 6 42325 1.0362897470339567
23 2 29 24 72163 1.0539686836277136
5 25 21 13 81486 0.9019057853137897
13 17 19 8 47321 1.0870277280139162
7 23 28 4 98011 1.0180704923792558
23 9 25 28 51827 1.050332716431555
10 0 22 17 65210 0.9172343220719086
14 13 5 8 41095 0.9889575506501379
6 5 2 13 40988 1.018838200777085
29 25 7 3 98617 1.0456807566608552
1 10 28 18 64606 0.9603549114766055
26 18 9 21 49444 0.9110300568244304
21 6 12 3 31437 1.0730271873486008
10 15 29 10 44170 0.9612274911971397
17 12 16 22 27817 0.91771818539849
10 4 18 2 36523 0.9323853343137247
29 24 29 11 36100 1.0599415252383861
19 28 18 14 50664 0.9283965781148277
12 8 14 24 62586 1.0497683030896274
22 29 3 3 108875 0.9189304474428114
24 17 2 20 67392 1.0265696965266191
0 20 18 20 53115 0.9805029988106403
15 13 14 27 44919 1.0207550710477675
11 22 28 21 66019 0.9401118152560979
11 8 10 25 43429 1.0869939055728775
18 12 2 27 83457 1.07334003533863
18 26 19 11 48049 0.9606208255386288
20 0 3 15 87138 1.0318510406618575
13 21 12 7 49254 1.0532589662761396
7 29 0 10 65853 1.043819585061029
21 0 26 26 74566 1.0559115354153212
8 2 22 0 69496 1.0281720560615621
11 23 9 1 58881 1.0480130594029846
13 18 0 22 43006 1.0494123465414704
27 28 10 14 65268 1.0688427133032916
4 21 12 6 57195 1.0024265125423324
16 27 6 16 45790 1.044868407054161
25 24 19 11 35811 0.9831247927671511
9 17 3 3 53062 1.0451161915559999
22 7 23 19 37062 0.9524878408132857
22 21 25 1 52959 0.9240496703004039
22 14 5 10 51788 1.0798695537979561
0 10 25 20 61296 1.0075221708661037
16 23 6 16 36925 1.0716357212251515
23 10 22 24 52076 0.9480824312660112
5 0 10 9 43234 1.0742577324773
22 27 10 19 57947 0.9851691139605934
17 2 22 7 31581 0.9740645694488657
27 14 10 17 48579 1.0972157723896125
24 27 24 15 34848 1.0726493055926472
13 25 23 14 67302 0.9548889049475412
10 26 23 22 68171 0.9566844684304134
1 21 23 5 86626 1.040637057177071
11 27 20 24 48918 0.9033336454553446
3 5 11 21 55874 0.9983131367891054
23 17 21 25 40928 0.9987914590378508
9 28 6 15 43374 0.9254195861071938
7 24 12 14 46600 0.9324642536525861
4 7 15 26 74704 0.9980523868990505
15 1 5 3 53855 1.0161884586380687
13 12 17 2 39699 1.0957370847572103
2 0 7 17 74885 0.9000843053483978
16 21 3 29 53160 0.9942672485657315
6 2 16 9 49850 1.0100573999769866
11 16 25 22 40792 0.9897103855398203
4 29 10 3 79858 0.9339741882984481
19 15 27 12 36041 0.9323799273409784
17 25 2 4 88081 1.0212888849410673
18 9 5 15 52824 0.902190981521969
10 18 3 0 67629 0.905005165068321
24 0 6 16 73900 0.9940302219858543
12 4 24 13 50640 0.9599185755297199
14 24 16 2 62081 1.025284727754634
14 10 12 18 32434 1.0343864790728947
5 24 2 8 71784 0.9906759387102496
24 4 12 17 59755 0.9873208446372672
13 18 19 25 41487 1.0840134000178547
5 26 17 11 66632 0.9171412663190003
27 9 13 14 50366 1.003354982336111
14 7 7 27 71906 1.0359491355911872
18 10 24 22 45729 1.0972418954607954
9 15 1 12 26700 1.0448768410089626
18 15 19 4 51768 0.9975781789422979
4 29 27 20 86956 0.9942825361397206
1 10 2 19 28476 1.069087313414617
21 22 8 19 44663 0.9232873599557718
19 0 5 21 90826 0.9115912379848886
2 24 20 25 81872 0.9424055070252066
4 12 29 7 61444 0.9055982125282352
27 29 3 17 85307 1.0059307983403774
19 6 3 0 58643 1.0269908606374671
17 11 15 21 28453 0.9233143577192618
4 16 27 26 71780 0.9160580638322389
5 9 15 9 40984 1.0384419172163901
5 21 11 11 40837 1.0139982268710406
2 14 5 21 42312 1.0407897267344313
26 26 16 21 44654 1.0309242728177963
22 28 7 12 75691 0.9131567665615136
15 9 3 20 59792 1.0981673829728773
26 26 10 11 58935 1.0733523858294303
3 27 24 21 78018 0.9391723125141078
4 12 6 23 65372 1.005801454615479
29 29 18 9 69677 0.9467180941127901
5 27 2 13 58790 0.9312311252555167
19 0 22 29 101127 1.0914317973322405
3 1 10 10 44493 0.9197572747048446
10 21 16 27 34859 0.954374332592502
28 0 29 17 56006 1.0652444103930119
18 6 12 21 54686 0.9994276596572593
4 13 23 26 82941 0.9263793114852602
15 10 19 16 24615 0.9053530129709105
5 2 22 26 111708 1.0211485628565846
22 7 5 20 73526 1.0489725671144423
13 17 17 6 41095 0.9435691321366085
13 13 29 23 62737 1.0407102825576362
1 9 22 7 53522 0.9912066696730402
11 4 6 21 56356 1.028803965537965
6 19 26 8 62880 0.9452123762774653
21 29 9 0 92050 0.9875489699302892
3 14 14 29 66596 0.9543239666067814
23 2 12 25 99180 1.0992574425763042
13 17 19 7 44799 0.9509998831767335
23 7 29 18 36743 0.9825480423528102
20 19 6 23 57445 0.9039775478231223
17 22 8 18 37637 0.9168549307244162
14 27 25 4 75606 0.9284710873369683
11 7 22 22 69676 0.9262899793536093
13 20 23 19 30760 0.9354746255225809
22 12 22 25 56701 0.930447834255219
22 0 29 13 55009 1.0265397831489054
11 12 22 20 53854 0.9884228846317442
2 23 2 2 73992 1.0304676853582466
10 12 0 13 23547 1.0252645352169232
12 29 14 2 83383 1.005233619244765
22 18 18 24 40918 1.068750964828284
21 16 21 29 45578 1.0352845750060795
24 18 1 9 62340 0.9240640888435256
23 17 5 5 70259 0.9954130828662353
26 21 15 0 69231 1.0761801553208663
17 23 12 8 57276 1.0913800620177463
10 4 25 15 47199 0.9245715385975302
6 14 14 17 33551 1.0225643483903315
13 28 3 20 51553 0.9198930959051279
29 7 14 6 30007 0.9883429983718661
3 23 15 15 58102 0.967446251637137
24 23 19 28 31587 0.9023915244445162
3 23 17 12 69073 0.9956523259639729
19 24 28 12 68573 1.090510440330845
19 27 6 14 75664 1.0110612688133405
2 8 15 25 77641 1.0219426044523943
3 20 15 2 76305 0.954570782535359
2 17 22 2 88069 1.0694444196685144
24 26 22 14 44277 0.9155162229301517
22 2 25 18 51638 1.0678721784415923
1 22 14 19 42116 1.0951419421299429
20 3 28 28 76591 0.9663696179285578
8 19 14 7 43685 1.046364734043773
11 17 2 24 54270 1.0033179976005244
3 9 24 15 59892 0.9749093585887609
26 29 5 5 95157 0.9011110447363322
14 14 17 4 36649 1.0763720338135332
28 23 8 18 73286 1.080865930241592
28 0 7 2 82950 0.9943088055437235
29 13 27 29 52229 0.9535281349276752
25 8 5 0 68410 0.9592316669951476
6 27 7 6 73090 0.9722408958495063
21 16 18 28 42756 0.9067866996893598
13 9 10 25 52514 0.9394927860348542
5 2 29 14 85367 1.0284625258740732
29 20 1 20 75215 0.9867258867106139
15 20 6 7 56188 1.0902953974789316
18 15 2 0 85979 1.0932074858246628
11 1 20 29 93987 1.0464561876475933
11 0 0 28 88524 0.9367000443616535
5 18 17 21 42518 0.9525617142483253
10 28 1 12 58702 0.9498017187460825
4 6 27 26 85042 0.9292497360902959
14 4 20 18 50141 0.9236203529628942
29 5 9 6 39447 1.057035344224364
18 19 29 10 43391 1.0843109474201142
27 22 5 24 90823 0.9779300271590111
20 22 16 29 41035 0.9536276213623802
3 8 9 14 30883 1.022818312672936
24 25 25 0 56903 0.9853004383660524
15 7 15 19 33199 1.0058136990802418
23 18 12 12 46254 1.0071128453069014
23 1 28 19 53913 1.012740612840994
7 4 26 18 69249 1.00780400129034
24 2 1 11 64704 0.9537560458737386
16 6 9 27 62297 0.9744200307873596
23 14 17 20 43842 1.0069625884627977
7 3 20 25 94814 1.0957673875365765
5 12 27 17 60425 0.9930061706934186
6 8 9 23 51370 0.9989401274239229
20 13 6 22 64027 1.0776375785747274
1 11 25 22 61438 0.9607010790886743
7 14 22 10 47014 0.9561356793068027
20 8 9 13 40815 0.9271429152829814
1 15 3 0 55577 0.9246917325555103
11 7 14 16 30558 0.9486817296813401
25 19 17 12 33156 1.019766118809932
27 23 9 29 66640 1.038435212401816
4 23 17 21 62201 1.0178214840029596
27 19 6 22 67528 0.9102287375884127
0 0 11 16 57563 1.0286496772416567
23 12 26 3 34043 1.082208314142741
6 10 6 21 47288 0.9785148151482952
1 17 9 9 37216 1.0312574589798902
4 27 0 18 40467 0.9543118072854889
15 16 12 2 52762 1.0934359982801807
3 1 27 25 111116 1.0523287322090344
11 28 8 5 63169 1.0715107613390598
15 20 9 24 34243 0.9108279856070819
12 28 9 19 30063 0.9498925767994956
2 15 22 7 70198 0.972316212791424
0 18 11 12 37983 0.9398632530710107
25 10 5 8 54173 0.999658006979666
11 29 25 8 79716 0.9623572539811767
15 3 10 20 55661 0.9192085202240674
18 1 23 6 32748 1.0330176507635054
18 1 4 4 57691 0.9359456544401298
12 13 20 16 28039 1.0662050815053028
4 24 13 27 52621 0.967188258543895
13 29 11 21 36913 1.0331203301194178
3 16 12 19 26230 1.0155961093625439
23 0 3 28 119724 0.9423760723708425
7 3 12 24 71740 0.906061665424749
6 10 3 1 54239 0.9678261478238294
16 16 25 11 26103 0.9559417603842093
12 1 18 22 78038 0.9475780358448339
6 3 2 19 69073 1.0122344426192156
15 5 27 26 71220 0.9102171189558622
1 9 13 18 46074 0.980602985744623
14 1 29 9 52162 1.0415084787481228
21 2 16 8 30980 0.9410981281194437
15 12 15 24 38716 1.0808796741473505
27 23 19 16 40034 1.094573137288412
0 25 14 18 52215 1.062663184261287
15 7 12 27 65921 0.9152133149961501
14 4 0 28 81316 1.0951734252126777
7 10 24 7 48682 1.0996765539224533
10 13 6 21 31116 0.944438707863127
23 20 6 8 74828 1.0045205726725808
11 19 0 0 65412 0.9942586473912001
4 18 29 8 73797 0.9918027281269246
5 28 7 17 49406 1.0662905900264308
0 18 24 12 61775 1.087229349146995
10 27 24 14 66138 0.9800633070511583
7 26 16 7 66366 1.015303964475809
1 0 12 14 63466 0.9932737553325887
12 9 12 27 60521 0.9877732863083099
24 25 15 0 79719 1.0953265539579393
18 15 25 28 44553 1.0951119100279278
28 21 23 27 34476 0.9016013085646319
13 13 20 7 34707 0.9319156483488055
1 12 19 8 49074 1.066750164943955
17 10 12 15 30915 0.9208154846509171
12 17 28 27 69520 0.9982366561805761
28 10 22 0 53193 0.9870827402257994
20 14 12 12 37387 1.0644327558448237
0 4 23 29 106158 1.0765154215922055
22 28 13 8 73128 0.964850708336358
2 17 6 28 50284 0.9542711023938107
29 27 21 1 84330 1.0114233986430345
19 6 0 1 49255 1.0981971195498033
23 13 10 16 42649 1.0726887994389007
9 27 23 2 96799 1.0219648797594771
20 8 22 27 70002 0.9405051814980194
1 6 4 20 49550 1.0344892439976103
14 13 2 4 52707 1.0847182316069468
18 0 8 26 90017 1.0933926894163732
0 3 17 24 83051 1.0959164661178853
12 26 4 23 49320 1.0062116141129818
1 12 21 4 57575 0.9576577308592829
25 2 7 0 67001 0.953412871703852
22 1 3 6 57379 1.00410065136773
24 16 3 2 79039 1.0592537012318883
24 16 25 0 35269 1.0996006694668392
23 3 21 19 55238 1.0026741340582603
25 29 17 6 60859 1.0445518078465539
4 1 26 5 70451 1.0809908392383263
11 2 16 7 29129 1.0033835895977823
27 5 11 15 59684 1.0413579077282762
27 27 15 14 62653 1.00746928229861
6 2 7 17 66141 0.9876918302038633
0 17 1 27 28459 0.9328438148632545
0 23 20 16 58080 0.9760252158249259
16 14 22 8 30549 0.924311391075107
0 26 11 6 64822 1.0813426384859053
19 0 19 27 94873 0.9626643514523783
13 4 2 5 41425 1.0384234911895547
27 29 3 8 95328 1.0905560364000526
26 15 14 9 39925 0.9169464968730149
1 17 28 11 64139 1.053040335979158
0 10 4 24 53543 0.955515650211777
3 7 8 1 31743 1.0824786233414798
20 4 14 25 79410 1.0694751481711433
10 10 18 8 28590 0.9550965178799293
12 5 28 26 81718 1.0694446528104233
5 2 21 0 78244 0.9975574134556926
25 27 17 8 58482 1.0321048378159936
27 26 11 23 69213 1.0563496961686913
8 19 2 14 36523 0.9841302415654043
5 15 4 4 62222 1.0412013318662794
7 9 8 20 47239 1.0966440371326556
2 28 8 19 42487 0.9691937997925428
0 8 4 14 30093 0.9967277804855719
26 21 5 11 56610 0.9501205045839355
18 10 21 29 64541 1.0981739975498652
20 11 27 8 23108 1.0992480810094254
21 29 1 9 87048 1.0097775069523753
20 4 21 25 80550 1.0053171141568285
18 19 4 29 64256 1.088167652363213
29 8 19 24 72940 0.914155444956226
10 26 29 28 52313 0.9657657054422517
12 27 9 1 72297 1.0298433329073733
7 17 5 9 43502 0.9308991898035909
2 14 11 6 42015 1.0068427095676453
10 16 8 25 29824 1.0631524539685964
27 12 13 28 70965 0.9407117914605506
8 18 10 28 30257 0.979570164183672
28 0 8 22 99580 0.9050148949584013
8 6 19 23 71998 1.011505895789819
17 5 17 15 33895 0.9716758808679142
4 29 25 3 104710 0.9206751540310205
6 21 10 6 46377 0.9502156922649992
5 11 4 27 64487 1.053489177905766
13 15 4 20 43209 1.095502062776162
22 5 8 16 53730 1.0380002185690222
1 22 5 29 33285 1.0137738241326057
28 0 8 5 67612 0.9932785791010758
8 19 19 20 34822 0.9954927494016017
7 8 29 13 56521 1.0097952933729908
29 12 13 15 48749 1.0641555568219405
18 14 8 20 44513 0.9308595962846856
22 5 9 21 64575 1.0364824848965035
7 18 6 9 42807 0.9769082944837857
20 8 18 0 47458 1.046666470766428
14 13 22 25 61606 1.0755794283162772
26 1 16 11 39508 1.0866621001619186
16 28 10 12 49235 1.0917801603679544
29 22 24 29 35062 0.9241173806431998
12 4 22 10 45230 1.0649085595217551
6 5 18 24 76644 0.9505574342095493
23 1 10 8 52051 1.025689316302833
16 28 13 0 82374 0.9246218137740843
3 3 9 18 55103 0.9562428818207034
1 13 29 1 78014 0.9424387228557161
25 7 16 10 24870 1.0844041247078384
19 2 27 13 55279 0.9593462498740528
29 5 14 17 54345 1.021562730728578
23 27 9 7 79360 0.9576630661452747
26 9 13 13 39868 0.947675329330548
12 16 2 11 28256 1.0812451224357607
26 1 27 10 32429 1.0851205882999713
18 4 4 6 38207 1.087082464581158
10 4 8 29 65246 1.0130484872871424
4 18 20 28 67229 1.0148372184003551
20 16 18 28 40432 0.9888832836677999
16 6 1 6 28301 1.0371059741064135
8 0 14 20 66432 1.0496766059990903
7 2 26 1 67689 0.9398222635316585
29 25 28 0 78308 0.9621089111007451
9 16 3 22 36036 1.0636121924406918
22 3 21 14 51094 0.9194141089332767
28 17 28 28 39541 1.092724581609097
17 7 24 25 60432 0.9028634022833002
27 9 23 27 59346 0.9289750998164894
18 4 13 13 41799 1.02444828949811
26 20 9 1 71887 1.0451061650330071
9 25 1 3 73362 0.9734469253758999
3 18 22 0 96442 1.0982947831701315
29 20 6 25 83614 0.9101663851948986
15 12 19 19 28640 0.930897071450957
24 26 1 6 87174 0.927883951746748
28 19 12 13 52853 1.081715860742038
21 12 2 8 51464 1.0432348063120793
13 9 19 16 37046 0.9865107166482484
24 26 1 26 71871 0.9426829615726215
25 10 29 22 37069 1.0083994492891344
22 28 29 7 60409 0.9820896923593894
10 4 10 25 47335 0.9540756697285018
5 25 12 0 91858 0.9696972394613683
18 13 6 29 73610 1.0810662206374995
9 8 19 1 41618 0.935754319101465
28 16 15 7 43923 0.9743359107748721
19 13 21 4 43687 0.9808467284522534
29 17 14 5 54541 1.0469964964433585
3 11 20 14 47134 0.9882046062577241
15 26 25 3 69912 0.9664793573130008
2 12 19 20 62888 1.096870830536183
28 24 17 28 42910 1.0365237777601088
27 22 23 9 50044 1.0866874396138448
17 19 24 16 25988 0.94115897981889
24 8 4 23 92247 0.9507856876476363
21 29 17 9 66252 0.9099960104641339
28 13 1 6 66769 0.9879408348819568
9 13 18 1 47918 1.0674304610127356
1 28 10 6 69368 1.0840694945897045
25 16 1 14 56231 1.0885691352632048
16 18 28 26 50369 1.087439940614093
4 26 8 14 55506 1.0435116033277403
12 4 16 21 52556 0.9005099388744596
29 12 24 5 27254 0.9277191499737583
23 5 17 22 65340 0.9355209306785051
5 17 4 1 69001 1.0174754028714017
5 27 15 13 69980 1.0010262907769174
2 18 13 5 60829 0.981846700727713
28 9 6 0 84117 0.9976393665747028
17 9 8 12 30320 0.9403960655164855
4 14 18 16 44238 1.036239177278218
20 4 6 6 41775 1.0791695551574652
19 4 14 16 47430 0.9080821890699128
23 4 16 8 34250 0.9631286083621002
5 20 20 0 94388 0.9265045140261082
21 14 9 16 33211 1.092306160829103
16 10 7 28 61268 1.0008475006274002
5 22 21 16 56949 0.9628373844429376
14 16 6 27 53793 0.9498411819517758
27 17 24 1 45618 1.0033468780546047
9 15 21 29 59867 1.0545031513240115
13 10 0 0 55356 0.9339420816084449
15 4 8 12 39046 1.0839429793270372
24 18 13 0 73269 0.9394331537331962
15 1 18 23 69025 1.075411169008629
20 26 1 18 72968 0.9912039348940258
2 17 13 7 51445 0.9432278498897103
22 13 4 26 86226 1.0451229751474838
2 24 15 16 59738 0.9434820855127511
7 17 20 4 69331 0.9522406529980544
6 6 17 9 33084 1.025818932940172
29 29 1 4 106375 1.0929776579192279
21 18 0 22 63286 1.0264321321767396
26 20 27 8 37645 0.9953510393608602
13 23 26 9 70792 1.0764494133109759
0 19 1 9 26442 1.0273109556525104
14 22 7 11 44648 0.9243592078912698
2 5 14 16 52458 0.9380054603611869
7 21 1 11 45280 0.9226663435226237
23 6 12 27 78642 1.0089712828523858
24 4 2 10 65599 0.9679159337259847
18 10 27 5 37050 0.9998207511570083
14 3 23 16 51643 1.0654573084114913
19 26 6 6 76080 1.0246368304231241
2 11 17 4 44927 1.0818057522384799
19 21 1 10 63922 1.0805815350008758
9 14 4 20 31945 1.0448251080808513
25 5 0 24 84521 1.0593188053896947
0 2 2 14 37624 1.0926632764501394
13 2 26 7 44908 1.0414698906113309
26 2 22 23 68588 0.9872008381661043
17 3 15 19 44888 0.90615586249798
28 14 4 11 55877 1.0872408952954984
23 29 11 3 94370 1.0930759930794696
26 18 13 20 40331 0.9016382401680243
26 6 20 28 57500 0.9725627734216183
10 15 18 18 25721 0.9421438047807321
12 27 12 15 45813 1.04212439088202
26 22 24 6 39391 0.9998740264822429
29 12 18 11 21703 0.948446080157567
10 15 10 26 27190 1.0829708424654378
2 11 17 23 58522 0.9867129754551821
18 26 16 16 31738 0.9183706793645122
28 7 10 3 43778 1.0579903170724931
3 22 20 16 58389 1.0954310662667968
19 25 6 15 65034 1.0527747810375394
17 27 19 5 67542 1.061875815767235
28 3 23 24 67809 0.9203806872470478
29 23 7 20 74470 1.0822194452311271
6 8 19 22 74206 1.0962236706416897
6 26 10 1 71895 0.9512400613499128
9 12 6 20 32181 1.0455397888303728
25 4 1 17 72712 1.0731274540637659
16 9 23 0 51729 0.9436468582625392
29 5 8 21 73328 1.0713286111188238
21 22 7 5 76390 1.0228117997240056
26 16 14 0 61687 0.9547144830459666
9 23 6 13 34655 0.9922354962357026
5 18 17 0 72375 1.050477103491079
2 13 5 23 54341 1.0540300031388068
24 11 17 7 25621 0.9539158307332138
29 18 13 3 69308 0.9759219394755698
17 29 13 2 82602 0.972977292181798
14 27 6 20 50836 0.9541968716909186
15 23 9 14 41978 0.9513860388348894
17 14 29 18 39814 0.9401346574717838
10 18 22 25 60196 1.0913324914052007
4 24 13 25 48622 0.9338977878611079
29 28 17 24 46387 1.0556589463785133
21 11 16 18 24248 0.9230255095917484
29 12 19 28 57834 0.96336659087269
7 16 27 0 76168 1.0701093947990432
2 9 20 16 57938 0.9068116177850789
20 20 4 28 69265 0.9083745307315235
24 10 5 29 86944 1.0488743740833475
8 9 1 16 37235 0.9885071552289499
26 29 19 9 65487 1.073515295180166
12 28 13 2 84160 0.9563928026002766
12 16 12 28 39296 0.9380482666839453
24 16 18 21 35602 1.0037051374920476
15 10 13 2 38060 1.0008184263058835
16 15 13 23 35477 1.0493229627098275
22 3 21 16 52969 1.0056142009717786
4 22 21 1 102002 1.0721550406506333
1 16 29 10 65486 0.9721539876905262
25 29 8 6 75825 1.0312240612990922
13 21 9 14 30190 1.0932024761055206
4 10 14 27 71707 1.0464652000996506
4 12 19 26 75280 0.9433937832799064
24 25 5 26 72304 0.9373699377426177
23 0 20 12 52809 1.039550018936656
27 7 23 18 32820 0.9790062522920912
17 11 22 29 60572 0.9480250302135251
15 17 28 28 57436 1.0611269379418362
9 14 24 11 33031 0.9484783926124415
17 8 23 26 64362 1.057046277551858
2 17 18 26 67582 1.0931561153418643
17 20 3 29 60982 1.013905386447216
24 18 21 3 45327 1.0103160194984264
9 6 17 8 22172 1.055393281084476
23 15 10 15 37552 0.961050105786543
19 13 2 12 44939 1.0949279695467162
18 12 15 28 48115 0.977290029219183
12 10 4 8 37443 0.9164630417160049
3 24 25 10 85171 0.9214592446960236
17 18 27 11 37916 0.9224933199393125
12 12 8 24 45745 1.0072731280811456
18 25 7 11 59159 1.0310086374665526
10 7 9 17 24254 1.0410011563880377
17 19 11 3 53959 1.068111665825746
0 15 4 24 42548 1.0259715929094941
22 17 13 6 48336 1.0064827297814303
29 5 0 24 92215 0.9996883199908662
5 12 26 27 77573 1.0749622485083605
10 16 25 10 38213 1.030303923523972
0 7 4 1 31574 0.9614400520270634
23 20 4 15 63213 1.0662987520820257
6 18 14 6 45096 0.9980260749270091
10 24 14 6 49270 0.9683642315129193
0 15 9 26 46600 1.0241051782652573
17 22 9 26 42125 0.9015362024380809
4 5 24 7 49966 0.9965118611978084
21 23 23 10 52120 1.0721087032456391
18 1 7 23 85852 1.0633253036626387
2 15 26 12 64593 0.9173695139853976
4 17 19 2 80452 0.9418260309748272
7 0 24 29 108030 1.057482908050769
11 29 1 3 88079 0.9439941187366933
19 13 23 27 58071 0.9248842861699628
1 25 25 21 82166 0.9379221170458621
8 25 13 9 60581 1.0042762800434821
9 22 0 28 36176 1.0030599625796688
3 0 13 13 66880 0.9186104401959772
24 28 18 8 65926 0.926767911863246
3 28 17 12 73193 0.9715552476685136
3 12 28 28 83431 0.976689021725814
19 20 27 25 43696 0.9814396122207033
9 16 0 25 39703 0.9522834587345211
27 23 26 13 37010 0.9243669014199943
26 23 24 5 47386 1.0207861832830138
27 14 5 16 56378 0.9219997593075134
23 0 6 24 111176 1.0129753437294438
7 1 1 15 59236 1.006551105941356
3 22 12 7 62847 1.016011213934065
11 19 17 9 42602 0.9596087630104263
17 3 20 18 52527 0.9508847191624887
17 20 6 5 61337 1.0173045881677063
17 29 24 24 37340 1.018282175935818
26 17 28 26 37581 0.9673086152159834
1 13 28 2 80895 0.9696948621713957
0 7 24 20 74270 0.9633653638534846
29 21 1 17 75403 1.0351932970950328
19 18 7 26 54573 0.9056270414312946
24 20 13 11 43063 1.0709763953201223
5 28 7 7 68086 0.9297116019272657
7 8 11 19 39260 0.9855637918623041
23 21 6 16 55143 1.0285071013419627
25 29 10 10 63762 0.9576513012218225
1 12 22 27 88815 0.9707270580246586
9 26 9 15 27272 0.967081501185274
23 9 24 24 48482 1.0989719577823893
19 29 28 21 45825 0.9235875714165184
8 3 21 7 38660 1.0416810198614141
23 14 25 25 32938 1.0465532257873944
26 21 12 6 57059 0.9216048634761848
15 3 29 9 44939 1.086342204721722
12 9 23 20 59255 0.9565074808294671
28 21 21 5 51712 1.0407469965105274
21 15 3 15 45890 1.0443055917375708
27 17 28 26 38989 1.0733001407635439
28 18 13 21 47533 0.906176812123486
14 29 26 6 74084 0.9888545480123789
13 25 19 1 84573 1.0276211982797099
29 14 17 16 31082 0.9022884247796281
11 9 0 1 45797 1.0930094965913584
22 7 26 16 28333 1.0252854238632052
20 26 8 5 81503 0.907427884348773
22 26 26 14 41113 0.9981275259387081
23 7 8 5 39465 0.9831130136522321
26 6 15 29 73341 1.068054527458946
13 4 14 13 37020 0.9928021625792857
11 16 29 24 60296 0.9637321667537622
28 2 5 5 68376 1.0812779124757324
5 19 10 7 38951 0.9669049992502298
22 8 14 6 25732 0.9725174864049908
29 0 14 27 95751 0.9030757770165323
2 29 11 25 39550 0.9504879346221616
3 26 17 22 61733 1.03964612548235
18 19 21 28 38488 1.0306552623265288
15 18 13 1 55734 1.058041635889297
25 18 5 24 76401 1.0866690420023615
4 16 10 22 27069 0.9996433606962464
19 14 25 19 31540 0.9203246350486523
18 17 23 22 42515 1.0001466624679551
28 16 2 9 69496 0.9915727131526392
18 21 29 19 38010 0.9331325863353139
20 23 29 15 50474 0.9641682818454296
