4121 5251 4926 5427 4400 7618 7239 6221 5339 6041 8226 6053 6140 8164 7889 6041 7923 7893 8555 8092 6691 8160 6496 7342 6739 7971 7090 5617 6977
6511 5193 7451 8006 8200 7967 6390 3361 2460 2818 3303 1834 1984 2535 3701 4964 2315 4333 4268 3860 3926 3571 4602 2181 4485 4956 2775 4562 4612
7585 7779 6408 6402 6685 7333 6532 8213 5259 5937 5396 8427 6642 5912 5161 5519 7834 6660 5358 6092 7793 6570 6696 6497 5669 6974 7412 5025 6682
2923 3832 4475 1445 1883 1962 1811 4341 1691 3245 2835 1453 3562 2545 1724 2727 4724 3554 6236 5207 5345 5348 5120 5945 4161 6702 6342 5990 5853
8354 5947 5366 7488 5735 6576 5481 6596 7683 8039 7841 7196 7988 5169 7827 6420 5411 6094 7857 7712 7990 5103 5378 5301 7134 6665 7194 7153 6244
4477 4719 6363 5879 6149 4928 3409 5341 5316 4876 6387 3665 5442 3946 6096 5623 3791 3412 5199 5197 5392 3356 6268 4723 5103 4678 4106 5798 5153
5384 4208 6505 4726 7120 6536 6373 6257 4648 6511 4789 6717 4618 6059 6336 6103 6483 4669 5700 4712 2727 1576 1667 1182 4053 3257 1954 4045 2230
6107 5439 4529 5029 3983 5277 7210 5752 6676 5165 5768 6029 7435 5470 7709 7779 6875 7272 7495 7846 7945 7661 5460 6111 6947 6697 6636 5618 6975
4701 7111 7119 7327 5845 4922 7319 6849 7358 7323 5480 7837 7461 7421 7836 6175 7030 4905 6333 7074 4489 5827 5955 3813 5309 5114 4154 4303 5614
6888 6743 4689 5925 5077 6642 4404 4874 6688 6231 5919 6907 3626 4086 6532 6807 6342 7583 7619 5212 6991 7814 5428 6738 5682 7948 7401 5755 6142
2842 3005 4724 5190 3379 3205 5901 5234 6198 4075 5091 3932 4335 4939 2687 4803 2319 4473 1607 4164 1806 2744 1949 3617 3754 4467 3894 4560 3423
3839 3930 5750 4429 3396 6114 5372 3801 5000 6068 3343 2837 2954 5454 3617 6173 5073 5678 5063 3412 4821 5907 6226 4161 4507 3431 3547 6041 3753
2979 5417 2626 3072 4405 2762 3755 5162 5565 3282 4336 4510 4234 4304 4340 5480 4797 5039 5289 2181 4821 4878 6169 7737 6440 6332 5950 6927 6460
4510 4471 5064 3553 4469 4067 3994 4812 5253 4158 2542 5533 4919 3905 4643 2765 3936 5453 3605 3826 6790 6555 6585 7481 5798 6436 7036 6295 7522
2961 2702 3982 3782 3243 4949 3424 4065 4435 4703 2454 3918 2334 1709 3560 2622 4585 3923 1887 4802 3669 2401 1997 2580 3892 4495 8254 8018 8429
2558 2054 3589 2729 4579 4631 4206 5170 4053 3483 5081 2889 5213 4676 2276 2473 5084 3631 2798 4927 2779 5673 3137 6105 4574 6117 3234 5276 3445
5746 5484 5487 6837 6690 4068 5180 6735 6386 5336 5621 7246 4583 5524 4896 4949 6091 4596 7013 5775 4834 4741 5115 7556 6593 7986 7334 7447 7626
3393 2473 2203 4199 4353 3296 2674 2737 3151 5528 5269 6260 8013 7493 6968 7519 5830 8063 7098 7562 8080 5792 6197 5720 8241 5954 5195 5374 6189
8304 5246 6603 5959 8478 6272 7818 7696 3928 3715 2454 4269 4455 2696 2204 2212 3394 4103 3810 4720 3297 4857 3450 2819 3236 2647 2221 3351 2162
6223 4577 6334 6428 6372 6032 7188 4410 5780 6892 4938 6049 4376 4711 5430 6929 6925 4748 6485 5197 4962 6826 5972 4824 3931 6878 6464 5642 6834
3806 5858 4941 4953 4931 6195 6655 4310 6306 5543 6694 4239 6693 4277 5371 4048 6483 4598 7346 4065 6770 6936 6193 5273 4985 6030 6192 4437 5193
5168 5842 7972 6869 5800 6270 5938 6287 5137 8389 7185 5151 6512 7400 7152 2179 1395 2566 3760 4506 3991 1906 2676 2760 3057 4288 3109 4127 1834
6965 6276 6913 6367 5800 6851 4671 6691 5240 6918 6215 5063 6417 4323 4005 4410 6709 7073 4972 4546 4194 3825 6461 6795 4825 5122 4394 5692 6012
5794 3590 5328 6799 6403 5457 8576 5526 5886 7442 6724 7101 6493 5697 5781 7140 8877 6345 6046 5563 6463 6911 7662 8884 7491 6145 8746 8169 7127
3571 5127 3450 3847 4752 5854 4631 5487 5365 3609 3336 3237 3963 6401 5678 3610 4988 6420 6387 2934 5512 3696 3563 4415 3862 4849 2473 2428 4966
3845 3915 4183 2259 4858 3467 3203 4280 4775 3885 2692 3197 3106 1910 4707 3700 4602 4196 2456 1823 1549 3076 5211 4629 2542 4561 5357 2496 5169
4393 1861 1824 4161 4506 2126 4470 1760 4613 2568 2540 3568 1822 4322 3479 4546 3691 2397 4627 2995 1959 4364 1742 4214 4451 1871 2823 3612 1229
5961 5157 4660 4849 4943 4738 4430 4643 4056 4027 4030 6022 4529 5514 6445 6354 7331 6246 4167 5461 4099 4424 7355 6148 5545 4910 4488 4445 5541
4207 5917 2809 5859 5145 5780 6520 7640 5895 7529 6530 5254 5483 5995 5039 6990 6297 6594 7793 6735 5684 7007 5144 7575 7897 6476 5447 5261 6682
4641 6466 5351 4544 4878 5751 3743 3741 6741 4986 4542 6549 5255 4045 3420 6697 5649 6625 4026 4972 6107 6639 3790 6388 3867 6477 6186 5357 3781
4375 4580 4136 7197 4601 1739 1883 2036 6700 3202 8380 6817 4848 7469 5493 4241 3996 5167 6333 5521 5567 4563 2167 2618 6369 6133 1810 8136 5439 3738
4283 4421 4624 8290 2801 1666 1749 3277 3953 2356 7529 6811 5433 6539 6461 5349 4610 7452 5563 6673 5434 2678 5308 2639 4428 5738 2123 6590 7823 4633
6328 4028 5301 7456 3536 2875 3083 3785 3890 4057 6341 6052 5859 7146 6642 5492 4808 4918 6304 5949 6365 4531 4805 4194 4262 5765 3586 5682 7874 2158
5168 3636 2793 5899 3757 3077 3139 4937 5603 3407 4174 5818 3993 7067 5545 4832 4461 7969 4884 5019 6877 3173 4875 2760 3853 5876 3599 6819 5054 3872
3082 2512 4671 7764 2970 4283 4857 3497 6953 3625 5078 3608 5112 6678 4806 5466 4124 5773 3619 7440 3562 1855 2556 5670 5768 4834 3638 8828 6901 5332
2837 4711 3813 7085 4242 4197 1782 5026 5373 1890 5922 5146 3511 5100 4637 3204 4998 7582 4732 7685 3890 2722 3158 4064 5429 3243 1838 5937 7319 5360
4128 3082 4812 7716 1679 6806 2660 3650 6066 3998 4162 4765 4357 4972 5742 3343 5121 5220 4835 7441 6343 2981 4310 3601 4046 4005 3571 5764 5667 2233
6272 1710 5076 5710 4778 8079 4232 4204 4966 5196 6999 6043 5645 7361 6286 4828 6487 6095 6124 8109 5086 4606 4605 3592 5469 4180 3251 6664 5413 4584
4035 3749 4094 6797 2374 7269 3549 4579 6399 4211 5620 6539 3677 5688 6056 3216 5700 6488 4214 5171 5939 3806 2767 4877 6610 5166 3914 6811 5812 2333
4002 3698 3259 2329 1874 5784 4073 4989 6438 4965 7039 4283 3451 6022 4587 3366 5791 7808 6047 7793 4300 4316 4566 3270 4685 6015 4719 6263 4928 3266
3680 1688 4693 4362 4756 6091 1678 2474 6017 4876 5815 5813 5192 6114 5546 4958 4898 6878 4062 7163 5143 1509 4709 4956 6583 4529 4618 7037 6683 5383
3535 3690 4921 5593 3091 7260 4906 1890 5851 2294 5192 3648 5117 5123 6701 4929 6100 8085 6365 8259 5374 3529 4587 3671 5443 5540 3194 8663 6889 3708
2947 3825 4720 2739 3443 6553 8043 2389 4532 1936 6451 5685 5557 6961 4880 6191 3220 4654 4401 6218 5046 1775 4883 3791 5602 4565 4679 8346 6995 3914
3419 4211 2562 3517 3407 6761 8653 2585 5981 2693 4623 7565 4169 4549 6278 4339 4800 6325 4930 4974 4429 2202 2473 4480 4502 3000 4656 6502 8129 3016
7438 3459 3012 2837 2724 7346 5902 2357 5595 2064 5861 8268 5150 7107 3473 4026 6014 4078 4708 7263 6282 2085 4380 5551 6256 3420 3513 7873 7937 1549
6758 3555 4363 5592 2004 5194 8581 2365 5977 3972 4850 7984 3389 4995 3327 5754 6591 4156 3820 7433 5746 4469 2529 4109 3865 3674 1869 8404 5528 1993
5215 2490 4512 3744 4723 5981 5947 5044 6571 3783 6927 7596 6500 6415 4241 3840 3141 6456 6108 6017 5324 3725 2060 4705 6286 5027 3423 8673 7742 3232
7177 3969 5280 3329 3153 6961 6831 3309 5357 5296 6603 7063 3652 6957 5785 4907 6528 6391 4818 7854 4010 1611 2092 5552 4267 2647 2827 7999 6544 1690
5616 4474 2598 4763 5270 7131 6318 2137 5248 3233 5332 8778 3505 6146 3414 4113 4837 5612 4338 7852 3804 4575 4213 3136 4093 4665 3703 8329 7099 3439
6991 3350 4149 3985 4572 8103 6915 3199 6937 5290 7127 5635 5083 5544 3286 5358 6080 4502 5298 8171 4926 3949 4348 3868 4621 5785 4448 8874 6869 2140
4075 1942 2733 5042 5149 8211 7290 2150 5465 2142 5443 8423 4492 7738 6647 5465 3466 4973 5411 5810 6715 4046 4081 3328 3317 3723 4292 7705 7868 3059
5304 3181 2801 4316 3894 7107 8475 2077 7017 3182 3785 6806 3590 6688 6405 5385 6198 3810 5716 6335 5589 2012 4398 5630 3423 3320 3904 8725 5133 2485
4206 2767 4604 3927 2734 6402 7966 3188 5612 4246 5636 6281 6364 7639 4186 4404 4250 4496 4279 7551 5808 2240 2420 5021 5013 5485 3769 8180 4963 4184
4106 1590 4381 3898 4445 5009 5674 3598 4803 3376 7158 5339 4633 5753 3412 6114 5239 6533 4287 7641 4589 4204 4436 3605 3494 6149 5955 8208 7553 3885
5641 1799 4310 2645 5737 6776 7562 3821 4248 3886 6420 7836 5866 5301 6149 4596 4434 5424 6522 6342 4232 1708 4154 5081 4911 5166 5224 6099 5394 4388
5042 1841 5938 4839 5724 5947 8275 2638 7246 1867 6624 6033 6445 4667 4658 4751 4694 6514 5190 4612 4102 3081 4801 3678 5051 3173 3543 7288 7710 1509
6381 3909 4380 5364 2907 4993 6125 1475 6166 6786 5131 6286 3574 4804 4283 3845 4740 4298 3553 3848 7694 4723 3270 5079 3453 5227 5626 7762 4646 4780
5170 2583 6175 2983 2805 6796 7341 4307 5866 5709 7172 5762 3407 5743 5564 2948 6016 3836 5639 5082 7541 4341 3140 2313 5239 5811 6163 6136 6251 2524
5513 3922 4228 5120 4880 7697 8946 2745 6650 4271 5176 5508 5692 5315 3796 5398 3891 4430 5933 4155 7444 4098 4413 2452 5821 5650 4959 4929 7215 3389
29 12 3 12 110310 0.9728044413778165
22 23 10 8 90980 1.063826253983546
26 10 9 16 90451 1.0002778473322935
13 3 8 16 69070 1.0863945445569763
7 21 25 2 119065 0.9522066869313384
29 23 11 0 127064 0.9680545698978836
14 19 8 2 76995 0.9820926990885348
14 16 15 29 49699 1.0112955602221734
25 14 29 5 41051 1.003375624702645
17 23 19 0 99523 1.0674729895137198
29 17 14 27 78985 0.9094568823018393
18 22 2 28 75019 0.9356950167867617
7 25 18 20 50344 0.9328784738745117
7 8 24 8 63773 0.9369119621472024
9 29 25 17 79289 0.9705435828573021
5 15 14 23 50542 0.9458477743322409
5 5 24 23 123979 0.9567264737359849
3 1 15 16 83643 1.01535673720531
13 19 22 25 48305 0.9610864847790018
24 7 7 9 61536 1.003846382224547
2 23 28 8 135305 1.0891676410560354
26 20 1 19 87133 0.9120661928294306
22 1 20 28 112780 1.0958715513580974
3 16 21 28 100138 0.9962561919692623
24 15 5 15 87740 1.0677017570622183
10 9 2 17 55025 0.9963126372763185
27 0 17 9 59869 0.9541570543748419
5 11 14 14 48384 1.0621315552844872
24 2 16 23 100739 1.0747489390010987
16 8 10 29 89683 0.991593332653621
22 19 4 11 101673 1.0481294274220812
6 23 21 1 116773 1.0530921769191723
27 24 27 4 72669 0.9702686957786067
15 25 20 17 50769 1.0942843698943951
4 14 9 5 53889 1.0305246617157693
18 0 22 8 49331 0.9313403280206296
12 4 22 18 82911 1.0851793839674533
29 6 16 7 43431 0.9005044821734423
13 28 20 17 69160 0.9192668026599002
11 23 21 25 44599 0.9770476349585117
11 7 20 20 74576 1.0497858965001619
25 0 21 24 88203 0.9044569777873791
15 13 27 26 86532 1.0855098695609426
27 5 7 2 78123 0.9596808408354591
21 27 4 11 108094 1.0620394641108337
1 6 0 28 84623 1.0829646979828167
6 7 21 25 108487 0.9357565366263217
4 10 21 6 74453 0.9993416486726108
9 2 2 8 44301 1.0151604732793198
13 25 2 25 53244 0.9387814545374441
10 20 20 13 57428 0.9699038283074728
19 29 16 9 78590 1.096413626487211
4 11 17 14 63033 1.0247940248306806
11 1 22 13 84920 0.9935611974055484
29 29 5 8 146671 1.0280129184142515
0 25 11 22 54124 1.0127193490844366
11 17 3 0 81982 0.9745046166948756
21 16 28 19 40763 1.050071189075249
15 28 22 0 126340 0.9127102223601511
3 22 11 17 45191 1.053093008832033
29 12 27 20 46111 1.0236711187777565
15 3 29 12 73618 1.0223086284693756
16 3 20 12 48476 1.0702400215564942
1 1 20 2 68965 1.0251783937957524
21 16 28 29 61073 0.9697012807389798
19 25 9 16 56807 1.0779513468223563
14 2 21 23 94752 0.9816207194699045
8 8 26 24 116524 1.0943775715934525
28 22 12 18 64747 0.9347144168606621
13 23 7 28 46682 0.9766487917269402
21 26 0 15 104939 1.044297466754189
16 27 5 19 64619 1.0002083212604975
17 20 17 2 69951 1.00181641352636
27 29 20 7 91445 0.945911991444936
1 18 19 23 71785 0.9719013848332776
20 18 19 4 69068 1.0493117786033648
9 8 6 1 43437 1.0359595596203717
13 18 5 9 66797 1.0451170749538827
4 5 3 17 35697 0.9150697249696126
25 13 2 26 108687 0.9214009740228745
5 29 26 8 128078 0.9700822542015725
15 2 18 10 38267 0.9227762429124478
7 9 20 23 90253 0.9303566084571806
2 28 1 6 86237 0.9220847606832757
16 0 11 17 80688 0.9472753462821857
15 27 17 2 94710 1.0980436451631712
15 11 2 22 78824 1.0193211025254854
24 6 4 3 79958 0.9608638413265729
11 4 22 16 82523 1.0143364581974166
21 18 15 14 36113 1.0691684932301395
22 5 17 29 100133 0.9774934685912138
6 9 0 17 43913 1.0420706156528567
17 4 28 7 42222 0.9982546190271374
0 20 1 0 82826 1.0498186104811058
1 17 3 8 31515 1.087000259960662
4 20 11 1 90915 1.0218031995188481
8 21 21 13 71482 1.0080618621492083
2 7 9 10 38375 1.070998950816958
7 27 21 24 65213 1.0306770721331087
2 14 14 7 66331 1.0884401610206926
21 1 22 26 104944 0.9000699996498479
17 1 21 21 82988 0.9456909076763784
20 14 26 28 65425 1.017881669002077
25 1 28 24 84688 0.9313555393448278
25 6 2 13 99721 0.9080688592389016
20 11 8 13 64318 1.0913827957084683
11 27 14 9 71119 1.0811523336322115
7 20 28 19 77684 0.9563589320385265
29 28 14 14 97959 1.0080148584709274
21 1 3 12 86330 0.9307714368812676
4 20 25 2 132225 0.9966216539099169
1 13 20 7 79795 1.0821741016964352
28 15 6 25 96271 0.9376209331871078
9 11 29 25 112273 1.0450916477533059
18 18 5 0 103045 0.9727882999731648
13 16 4 4 72697 1.0302286260755462
23 7 3 18 97227 0.9327780536104844
8 28 15 9 84866 0.9824436811317452
28 0 25 24 88626 1.0219376186883318
15 18 26 2 90966 0.9894011223251322
27 3 8 21 116682 0.9735636652554771
13 14 7 9 44535 0.982092341445483
27 21 14 26 53216 1.0381982494076876
29 6 23 24 75209 1.0310289580989145
16 17 28 4 88174 1.0130497890926562
23 20 13 20 43273 0.9210000211324542
24 0 9 29 140604 0.955063373553887
14 24 12 10 53515 1.031414259611568
0 23 12 18 57917 1.07329505012498
29 2 11 26 132882 1.0851854437069002
26 28 26 17 35055 0.9452866244134103
22 22 0 27 90440 1.0303856044163093
8 2 17 25 108457 0.9273007833118443
5 7 0 23 71468 0.976837851218762
28 1 29 18 75871 1.0869462960220742
9 17 22 5 90228 0.9509424772952406
0 15 26 21 105295 0.9452275683530763
2 12 17 14 70724 1.095028898928757
21 29 0 25 78333 1.0279702559857904
26 9 6 22 100614 1.0035256763234084
26 3 14 19 88782 1.065120359383824
25 12 3 14 102975 0.9761543083540266
7 18 24 17 83049 0.9776462700713947
12 13 17 2 53423 0.9141123452903147
26 22 11 23 57157 1.0403532556584032
3 23 7 14 56874 0.9936440281843232
14 19 21 2 78887 0.9990591999298654
21 17 10 16 57070 1.076111772328942
26 0 5 1 69174 0.9853847621889436
25 9 27 27 67137 1.0068169988313094
8 27 12 20 39177 1.081982981201481
0 12 29 11 123308 0.9233628860052593
8 22 23 28 73008 0.9337816864729526
26 6 5 6 70563 1.0842330590330544
8 1 21 17 98313 0.9353261455330473
15 14 7 0 74488 1.0550371411433728
19 29 20 17 48752 0.9230808981369586
24 14 5 28 108046 1.0205619164142439
25 7 23 19 57489 1.0578666288626966
11 11 22 19 71404 0.9438008018641454
10 0 6 7 43080 1.0599370130216044
27 19 8 25 77433 0.9544042768034254
21 16 11 29 66670 1.0865616674814462
10 9 0 18 67782 0.9868351831522084
1 15 12 11 60095 0.9008089102163145
20 5 13 9 39895 1.096492599636718
17 13 6 22 67414 1.06155719384594
12 1 12 11 40382 1.064855671935946
16 14 16 27 57461 0.9832078281543398
29 4 24 21 69465 1.0099330709813836
0 6 14 2 53061 1.009409801390124
29 14 13 11 80193 0.9729974956610107
22 11 4 27 113643 0.9299776880662798
13 10 0 9 50171 0.9984714114560975
27 9 2 6 87346 1.034917787018919
27 22 1 22 88593 0.9779761080088452
19 29 4 19 78195 1.0407576493326725
29 1 11 22 123141 0.9807036466522333
28 25 22 10 81362 0.9223068742572478
0 14 15 2 81343 0.9361509840451244
15 7 8 10 39155 1.0048795091416018
21 27 5 8 117999 1.0754854204770257
1 1 22 11 107736 1.0076504598321048
11 3 27 21 108909 0.9941992028047875
10 12 26 5 72344 1.0676036906351305
11 26 19 13 71161 0.9705238910279703
10 7 21 28 101824 0.9901922339000447
9 22 8 1 95824 0.9020944173999901
12 1 23 20 107934 0.9597672986419139
12 1 8 26 105953 1.0063282336770656
5 16 26 28 107399 1.0390504424553992
4 15 14 26 66975 0.9073336875433783
18 10 6 8 53647 0.9953241090292214
10 11 17 21 54359 0.928696433240118
28 8 26 16 39357 1.08965751472116
3 27 18 27 61872 1.0440759650246894
24 0 6 14 111480 1.043788152441423
16 27 8 22 47173 0.9721115381171853
16 23 5 3 104017 0.9012752566794643
14 1 8 23 92603 0.9349243563743451
16 13 13 27 61961 1.0013949368700124
15 17 5 20 47561 1.021832033179059
18 17 5 9 71813 0.975172483477262
4 11 20 12 75228 0.9758810789076954
27 3 12 3 54743 1.0347729910396075
15 18 17 1 66960 1.038068348046937
6 26 3 6 70470 0.9985278897603246
26 7 20 1 32068 0.9646127366752051
23 28 22 3 105682 1.0198991625929024
3 14 22 28 107119 0.9561808742360829
25 24 3 21 79319 1.0912211576591897
11 9 14 21 47089 0.9906019201489082
7 17 27 16 94323 0.9453440631438379
8 6 8 16 62190 0.9869658202451023
16 26 23 2 111171 0.905909588691978
25 23 10 20 53732 1.0962261056267262
26 4 12 25 108972 0.971284689754016
22 23 0 8 119634 0.9097161592419979
9 25 25 3 120233 1.0754047304275218
0 6 14 26 101729 1.094267684043626
4 2 19 8 70386 1.0352183860001507
0 18 18 5 108219 0.9537174071962585
21 25 6 29 58897 1.0775597067757758
9 22 12 5 72579 1.0773761399645967
10 12 19 14 44318 0.9316562832829425
21 18 9 28 75645 1.0298110620075618
5 7 1 17 44290 1.0938783764652171
9 20 14 3 79185 0.9971865204301655
18 6 8 12 56264 1.070812523812963
5 19 16 6 89757 1.0490229215135083
5 11 7 23 55832 1.0907508185288872
1 28 26 16 110310 0.9953634798654523
22 26 29 17 54734 1.0906944328611803
4 25 23 18 85742 0.94058448904193
3 4 26 8 79694 0.9464898971060829
16 19 27 6 86683 0.9248236948560314
7 4 0 16 55841 1.0745702101842283
0 7 15 23 95994 0.9289651736318895
25 9 2 7 86102 0.9070954001751375
9 12 11 4 44574 0.9725905374764471
26 25 10 22 64235 1.0779965015564075
13 18 9 24 34029 1.0168368130762913
29 19 7 6 113914 1.0190632922694411
21 4 23 20 82488 0.9528858958971296
0 22 12 29 62168 0.9014330355516132
25 9 16 24 76273 1.082297137969491
11 22 12 10 54050 0.9179721317193942
19 16 3 16 76975 1.078700314807513
10 15 28 10 92581 0.9031583810125126
24 20 0 8 125188 0.9689836999796563
4 24 20 19 68328 0.9378940751385876
19 13 27 22 57979 0.9009750084065807
6 11 17 17 71429 0.9299548736205614
21 24 19 2 95735 0.9913999500150515
10 20 17 1 85892 1.0750732344329794
19 14 11 2 68468 0.9136570100946648
27 4 19 27 100127 1.043764319987055
29 9 8 28 133668 1.0030585507458045
18 16 26 18 44338 1.0716746395453183
16 16 5 22 55925 1.0299806027542031
11 16 26 21 65987 1.0231307338855173
27 20 12 17 67834 1.0899609576688694
27 21 14 5 93866 0.9106322636498788
10 2 9 29 109736 0.9672225136790084
13 2 2 16 74526 0.9432901372069663
7 10 20 3 73642 1.0914747522325314
0 21 19 18 72301 0.9217028477049098
26 18 13 19 57566 1.0534097102198228
28 14 15 25 75965 0.9452515984657035
12 11 21 16 53904 0.9367417685951354
6 14 5 27 54409 0.9006229921187552
2 15 29 20 118908 0.9548049214366453
14 13 22 28 75710 0.9426752803883903
0 3 12 10 63656 0.9067466749574552
16 9 6 11 46323 0.9136142654214957
2 1 11 4 40210 0.9886276578321471
18 18 5 22 53175 1.0861642822389448
19 15 1 12 88259 1.0967014827092951
10 11 22 8 55167 0.9959957903148804
9 23 2 9 70262 0.9299214064330285
9 11 0 23 79936 1.0967306800390493
4 29 5 16 54872 0.9658226678575443
20 1 3 6 69012 0.9599769312920332
15 8 6 15 56243 0.9799112829806716
0 13 5 4 42236 0.962159026724452
23 16 18 2 80025 0.9336261334359999
18 20 2 28 76744 1.0825586102637714
22 17 0 12 110794 1.0061248684061317
7 4 25 0 67643 1.0849722641602848
4 2 13 3 40704 1.0847289800138207
17 16 6 16 57504 0.9804688736691223
20 16 4 22 74145 0.9529020821753136
0 22 17 9 95406 0.9626231745435291
27 2 15 7 54993 0.9158778984836208
11 1 6 25 105596 0.960907348909505
8 13 24 9 73273 1.0431953066502382
1 29 15 25 66762 1.0871397460089884
7 18 29 20 89951 1.0832591148034447
12 19 21 10 75128 1.0371498906025907
3 23 2 4 68849 1.0325573277660187
19 19 5 18 65925 0.9055529323490156
9 28 24 4 129696 1.0558661802088904
29 19 9 14 91154 0.928218746651454
22 27 16 12 75305 0.9413849573561719
3 21 22 23 65348 1.09576662764883
10 19 22 11 77748 0.9915879165372736
22 26 10 6 103833 1.07833977487575
9 17 26 21 66578 1.0912205504200148
28 11 14 9 59493 0.9075676583432802
8 18 28 10 111163 0.9996235232999338
21 1 1 13 95149 0.9359872499679566
12 13 3 12 43015 0.9417589289359818
25 11 4 24 106216 1.0838515273714402
29 21 8 24 76535 1.0648040658443483
25 8 17 14 53504 0.9314187911207905
25 10 0 0 115138 1.0617873907378093
20 26 27 6 81111 1.0340666977117223
11 22 28 19 64630 0.9286058626770121
3 28 20 6 129039 1.0853013940812257
22 29 11 26 43018 0.9525167013589871
26 14 1 3 113470 0.9328633158473292
18 0 19 17 71963 1.0876828456187981
25 24 0 22 92266 0.9242967954632856
1 9 18 10 64334 0.9757738268809539
25 4 13 12 65640 0.9258495499774616
6 25 20 1 120066 1.0450433069553515
11 17 19 23 46380 1.024674778736401
23 29 0 15 115038 0.9973800283909049
13 26 24 16 69128 1.0797925178302017
4 27 10 14 61973 0.9424179899642486
12 25 5 3 108425 0.9631621646819594
2 10 20 29 113829 0.9931221485850832
14 18 16 8 41902 0.946142327151249
6 23 19 16 64018 1.0622385692967475
9 3 3 8 35722 1.012722894401659
11 2 19 16 74307 1.050812874035421
17 3 26 27 104991 0.9171351603217776
17 2 29 21 100891 0.9052708004510203
1 27 28 19 105556 1.0819810502129608
26 19 0 2 137017 1.0310091114785962
29 12 1 9 109190 0.912822270423701
28 18 19 21 38369 1.0003081264512013
19 17 7 21 54546 1.0896118290619776
28 3 13 29 120898 1.0433668649019103
4 11 19 22 85311 0.9978428414889048
22 23 7 3 116093 0.93715339050863
19 0 15 23 99655 1.0849355405587753
8 27 0 29 41447 1.0093255024458998
6 21 17 28 59463 1.0032521538019574
2 17 21 16 96163 1.0677347027955195
6 13 15 23 65253 0.9173129797145745
29 18 13 14 86983 1.0175024320383756
0 24 2 8 62977 0.9029522727439749
15 5 28 4 57467 0.9440515840338498
1 12 9 7 46293 0.9937271135292229
9 22 20 14 58655 0.9960170020922147
18 14 8 13 52992 0.9634903862892603
15 4 22 19 78678 0.9711562142202165
14 4 2 3 45272 0.9503063163898748
13 7 24 23 91426 0.9523037342143561
16 11 8 28 87512 1.0605454277061368
14 18 13 5 48954 1.026091548665521
0 15 21 17 100271 0.9803685306095763
1 29 11 29 39154 1.0411903580062192
4 19 26 14 102370 0.9147822439143922
12 9 14 18 34437 0.9835090862348723
3 26 7 13 67726 1.018994774014037
4 22 21 5 110890 0.9133522924027275
13 12 19 20 49285 0.9153897504433453
23 29 7 13 101251 0.9130420385185755
2 11 5 4 30547 1.0672262596776239
13 20 4 21 33889 0.9939428482814601
27 24 0 26 104087 0.9014227683552889
18 14 9 29 76234 0.9116953218175778
16 20 2 4 97640 1.0096978323108496
7 16 22 5 94663 1.091109281825436
2 6 25 13 96469 0.9020736709119032
25 14 22 28 60253 0.922286222307425
4 14 15 28 84434 1.002696648304119
0 25 20 26 76950 1.0154928000983556
26 18 25 3 51731 0.947855565456418
5 10 20 16 84212 1.0043685406969356
17 15 8 4 63707 0.9777152303681441
11 27 11 14 50976 0.9101458268650037
29 10 3 6 98084 0.9252582649608617
24 0 21 27 100182 0.9306769099545225
1 16 9 11 53178 0.9059180707932736
25 25 19 0 103162 0.9807994579131084
29 17 10 16 83987 1.0654837710157423
27 8 26 25 63931 0.9647465194388809
16 19 5 18 58122 1.0116546358780596
18 12 9 2 64094 0.9143157099105924
11 26 19 12 73692 1.0058496553219456
15 16 22 21 43606 0.9248114979465158
2 22 5 8 65658 0.9200795858279062
29 27 1 27 107609 1.0725807857268173
3 7 29 26 148225 0.9388333437155171
15 5 8 19 81057 0.968554510730177
29 1 12 24 125879 0.9077487821338323
26 18 19 28 56715 1.0106302705893904
11 26 4 20 41987 0.9057682846141124
17 12 0 11 81848 1.0322932653360488
22 7 4 5 62059 0.9481546606724196
2 28 28 9 148366 0.9877127622912892
1 10 23 18 113021 1.0872955309592336
16 16 19 5 58317 1.0708557639078524
9 6 15 26 85531 1.0636266438213395
2 17 15 22 64515 0.9228783533271148
26 21 20 26 32224 1.0986770989628953
0 14 7 5 49938 0.9621491712677961
10 4 8 15 55558 0.9793208701460322
9 17 16 14 41078 1.060836051740515
24 1 13 9 58871 1.0797655772581265
9 14 27 22 80800 1.0414279623702087
24 5 2 24 134477 0.9022454664862085
15 14 25 5 64447 1.0599797305313257
10 25 11 9 60125 1.0668122933049462
26 26 15 15 73954 1.0976598989590596
3 7 15 14 63714 0.9980262241565951
20 6 23 24 85243 0.927817731404345
0 5 16 5 55952 1.0800945630231076
17 17 13 29 58544 0.9085054078105232
17 4 3 20 95322 0.9410849630355498
19 3 9 16 83867 0.9055230766342769
3 20 29 0 142842 1.0828156645850282
20 5 24 21 76270 1.049806928536569
15 5 25 5 46395 1.05071857565801
14 8 11 26 72007 0.9095328710702438
17 25 4 28 66004 0.9707128433794869
24 11 27 19 40610 1.0839136573242525
6 15 22 14 74577 1.0630703227473401
9 14 15 1 66299 1.0405378869259583
4 4 1 21 61656 1.0086085360628334
16 16 21 21 40270 1.073098697281991
1 0 2 29 117562 1.0026511618203873
17 6 27 18 67650 1.0923569037839844
19 29 18 14 51922 1.092173792071818
14 29 0 10 108763 1.0467195695769738
6 24 3 3 68450 1.067515193326131
8 29 28 21 83743 0.9767131798280893
14 28 19 7 92956 0.9568703419231377
17 15 1 21 73054 1.0447129677004086
7 1 6 20 83546 1.0402404231941829
9 22 0 28 49401 0.9659251837134614
29 25 5 7 138761 1.0570038347219959
14 27 29 28 63072 1.0205056786935198
22 13 13 15 48069 0.9832636848508329
25 17 28 26 41536 0.9436026738224623
25 24 1 28 101110 1.0232444398843046
11 11 26 17 84768 0.9039001890228077
28 24 13 28 66769 0.9148110928001326
26 19 13 10 82496 1.0025744129156444
16 4 12 18 63682 0.9918960718866167
25 13 11 16 71488 1.045032925802347
13 10 25 10 51206 0.9004601458781306
6 9 14 17 56054 0.929235896109154
25 10 12 7 51159 1.0950348787242683
26 9 10 4 62754 1.0473291896930628
9 25 20 29 51449 1.0181079251124456
22 0 20 24 100796 0.952625026414452
13 0 3 10 59087 1.0490535374208552
0 2 27 13 118759 0.9201671684342556
0 26 6 9 76738 1.005582250470063
0 14 22 19 107755 0.9468198085988718
6 21 24 25 70520 0.9138089590586225
18 18 2 20 67901 0.9111136816910831
17 5 4 5 52153 0.9124006027964989
13 18 22 29 59759 1.009039721495568
12 16 27 15 72882 0.9274547962212807
28 22 11 14 84899 0.988558278344051
20 2 8 4 46825 1.0934131928326305
11 7 3 18 65554 1.0663062634884857
20 11 11 25 79583 0.93059496917073
25 12 2 12 102727 0.9693658662055253
29 11 21 4 59513 1.0922064938027154
11 29 1 4 106680 0.9490913293351366
11 21 5 6 78788 0.9964081464371239
4 0 2 26 97660 1.0156509770018312
0 12 28 5 117570 0.9535610818540929
10 20 5 8 68001 1.0469830268418252
29 13 0 6 113537 0.9111620243280095
26 20 14 27 58046 0.9317036332805289
14 6 1 4 50900 0.9265394987040555
23 23 16 3 97289 1.0253453463794007
21 5 3 18 104170 1.0432923495571265
0 27 29 2 169708 1.0397373492797133
24 23 7 16 81537 1.0940884708038336
3 10 23 26 113583 0.9157281474456971
9 25 16 21 33648 1.032146103346057
27 21 1 11 115831 1.0963523691597399
7 19 25 6 111861 1.056497688474026
12 16 20 6 60009 1.0355618187236066
17 28 4 10 107474 0.9892626612074569
19 15 5 27 79942 0.9997173571077641
20 2 21 29 114646 0.906356195763596
1 8 7 17 52142 0.9737075530608652
13 12 23 20 67461 1.036376121348226
28 6 9 29 127630 1.0701642090787633
7 9 21 19 84635 1.0500920329092973
27 24 11 24 70727 1.0250318435686545
14 22 0 20 51577 0.9705383856358385
28 9 18 3 59851 0.961191566852454
7 7 3 28 105907 1.0505306386520605
5 19 19 21 53003 1.0951971527911772
18 3 6 2 47370 1.054930979609186
6 13 25 11 92719 0.9254172356815771
11 29 0 4 109140 0.9288307444584487
10 4 19 8 40120 0.9111389308739141
19 0 3 3 68989 0.9220019668962851
23 22 19 10 60720 0.9084137358355476
11 15 25 3 83730 0.9955614749142375
28 28 26 5 85457 0.9057443541524023
10 20 19 26 40138 0.9122223593872897
19 25 16 0 98974 0.9009743596022797
6 26 15 21 38544 1.0978326154568867
26 12 21 6 36309 1.0137464637990434
21 2 3 1 63249 0.948648275582094
20 19 6 6 95862 0.9456460221025673
20 6 9 12 58382 1.0088552359912761
22 13 10 24 73895 1.0250382132993165
25 7 3 11 84357 0.9845868049954123
15 18 4 11 68929 0.9182523152830564
22 23 9 15 64427 1.0264981316898838
16 29 1 6 115510 1.0381994182002683
10 19 15 5 68093 1.0356142315041996
4 11 24 28 123182 1.086263461108247
27 26 9 18 82612 0.995970923078664
11 24 9 3 89477 1.0215390023446729
29 20 19 19 50668 1.0302104212010166
23 11 6 29 115483 0.9722315804849448
1 13 26 25 122061 1.0260191638146066
23 17 23 4 69917 0.9995397765577417
9 22 26 4 108114 1.004898626525631
13 17 0 19 70462 1.098757495485456
4 0 12 13 77552 1.056415370027371
4 11 16 6 64328 0.9082256641322385
21 1 11 7 49356 1.0235597727358547
9 17 0 18 53787 0.9274210467140004
13 11 17 0 47691 0.9837095125460678
27 6 7 25 121749 0.9930747402714598
18 4 11 8 33907 0.9821288843987156
4 6 24 26 133433 1.0634604002037684
22 2 7 3 62077 1.0041920172230934
22 15 0 10 109216 0.9378600374767134
0 4 28 28 162854 1.0409783429345283
15 28 4 4 114469 1.0873695922245488
23 28 24 12 68462 0.9266957311889522
21 26 16 19 43202 0.9385195306496061
6 22 18 13 64626 1.0599662543123556
7 18 17 24 56264 0.9081211815928986
2 18 21 8 102681 0.9879096681320565
5 29 15 8 96331 0.902424940192384
25 8 21 28 74685 0.9307960441376337
4 16 26 24 101089 1.0998115129477273
12 2 28 18 101975 0.9442961261811426
28 6 11 18 99329 0.9436619598927851
19 17 12 1 78933 0.9395824750179084
24 23 15 26 41409 1.0464154478785022
18 0 21 9 51171 1.0367598191155396
6 29 18 5 113492 1.0189656059334515
26 23 8 9 104952 0.9019900602042351
18 13 27 3 67346 0.9446624271670648
6 2 19 9 66617 0.9998409134923363
24 4 10 3 57400 0.9361009050874718
4 14 1 4 37210 0.9000379658429051
20 0 1 3 82708 0.9291344218254074
1 13 9 1 57192 0.9614174299620399
24 0 27 19 69185 0.9877369100144828
8 26 1 13 63418 0.9774865641846873
26 17 13 15 67633 1.0891735293559743
11 8 29 6 58818 0.9459667904842844
21 15 4 23 80249 1.047437303208296
8 2 2 24 99766 1.0689167507189448
17 12 27 25 78383 1.008651031013131
10 11 2 15 47001 1.0742513878491822
5 20 24 4 122109 1.0545954279292475
18 4 26 8 41353 1.0056419958018084
8 0 21 18 104311 0.9741475151451083
28 0 3 26 155868 1.0362659281340227
22 20 4 0 130829 0.9814188694848001
23 6 4 28 135611 1.0325885261687766
16 26 24 22 39214 1.0310868905541033
8 23 4 9 64735 1.0241379364755896
14 0 0 19 103207 0.9219605968875506
17 14 4 21 62922 1.0098176493270883
13 12 11 22 46673 1.0171047200714693
15 28 19 16 57799 1.0181984921399505
27 2 19 29 106650 1.0868498459242868
26 27 6 20 84621 1.0894709647326712
17 14 1 20 77230 0.9456612333552762
22 4 29 8 39350 1.092434898340145
11 12 27 24 95412 0.9978495159072638
15 23 7 17 47771 0.9893896130000244
19 0 28 29 118138 0.9719880122453517
25 14 7 5 88135 1.0350907679305883
5 19 17 25 59529 1.0981050674748438
6 8 21 8 59865 1.031009715231829
15 8 2 10 54794 1.0382698453607695
14 10 5 19 70374 1.0847472286542406
21 3 13 21 89716 1.096434820810378
21 11 28 28 90708 0.9022138909590712
16 25 9 6 84617 1.0540096799817982
27 19 14 6 82333 1.028361069438965
19 14 13 28 70899 0.9827550234594175
17 1 23 13 69606 1.0298796809762685
8 6 25 18 95831 0.9135302016792676
4 19 2 27 49699 0.9401869419024689
10 26 29 11 109188 1.0851598071959039
13 7 19 11 37520 1.023181376984413
29 20 21 7 72557 1.0709488529836275
1 29 25 22 100892 0.9610715473142419
22 25 28 10 73569 0.9814805550941581
4 4 21 24 117085 0.9197608194935747
11 28 25 12 92418 0.9906903538371461
14 8 26 27 101771 1.0536118731156576
29 7 15 8 47223 0.9024382302049604
11 23 10 11 44714 0.9777153451590258
6 17 13 11 56150 1.067514375457708
7 7 23 22 104493 1.0641700797019957
4 19 11 27 53246 0.9282548127665203
0 20 20 20 73093 0.9045623957348269
19 12 2 16 86006 0.9276588069837255
20 24 18 4 85829 1.0141466379655584
14 9 21 14 45291 1.0512506466698257
22 3 21 20 85290 1.0834498058482278
16 5 2 4 51325 0.9094196916340479
0 20 28 0 148526 0.9057401260842853
13 4 20 20 81127 0.9890799421349654
2 16 6 0 57801 1.0606758620949743
25 25 17 3 100337 0.9073463588100941
26 2 3 1 72790 0.9606968407197778
7 12 10 2 59702 0.9756598012047988
26 4 9 24 113799 1.0158683439600333
13 16 1 9 68619 1.0220840168520207
21 7 29 4 37016 0.9785972848332847
0 24 6 20 33538 1.03873007665949
5 15 18 16 59113 0.9671042978666975
14 18 23 10 70458 0.9991081904751931
1 27 0 4 88523 1.0165355479604572
19 9 3 18 83808 0.9527749227406653
25 16 12 25 66433 1.0231994992253108
17 28 0 11 114959 0.9712170503789566
4 0 17 19 112478 0.9586828288413968
13 24 3 15 67922 0.9063702246100428
5 17 25 27 104366 0.9546120185381706
0 8 0 26 69987 0.9760407925297748
18 1 11 26 106446 1.0584196009992464
11 24 3 13 65506 0.9033321971772141
7 20 4 5 67390 1.0127163440692029
10 23 5 2 92556 0.9958036991453344
5 8 14 23 81939 1.0932699903673493
4 29 29 23 100726 0.9817926048317163
11 2 10 25 92357 1.0555796558790043
27 11 19 9 35383 1.0451320142716978
24 25 2 15 107730 1.0758315032843084
4 2 12 23 96512 1.0927096257379167
15 13 6 17 58734 1.0252726980403009
11 18 7 28 50673 1.0566762021372669
18 1 24 15 72225 1.0967325756182909
3 22 10 26 36203 1.088462123087853
5 8 17 1 62650 0.9934750530414508
1 13 7 2 50049 1.0321445041132065
15 26 10 21 27893 1.0602023905223517
16 14 1 13 73900 1.0503564408398236
21 20 25 13 39098 0.9805196972299816
23 12 10 27 95255 0.9122287682876211
27 29 13 20 71315 0.9068103057190554
25 23 11 5 106760 0.9855148534853273
16 29 0 19 80209 1.0676182564007357
10 15 6 9 43429 0.9153015404700008
3 18 22 27 94909 1.0373215665012037
28 14 17 25 67264 1.0147278848014047
10 14 0 12 54734 1.0362774791310918
11 19 8 26 34906 0.9558543454980457
5 6 28 28 144954 0.9658602584111704
12 10 28 0 78428 0.9723174231380706
22 7 7 7 45748 1.0382582137853806
8 7 28 29 131286 1.02353938115207
20 4 12 17 72824 0.9422773264404491
12 22 27 21 50933 1.0731518721759472
27 12 6 7 81266 0.9018836122470681
8 19 4 5 68785 0.929409676824348
9 1 14 29 116879 1.0027193054306935
5 4 3 24 77985 1.0880189065171653
0 19 19 12 99276 1.0967411874981499
4 1 29 22 146315 0.9002352247436286
25 28 2 11 132718 0.9298970176823149
7 2 13 14 66306 1.02155898144811
7 13 26 6 90344 0.9819984035297323
18 3 2 3 62251 1.0231633577086068
4 17 21 4 103617 0.9512979011969828
6 8 20 22 97006 1.0144433924527307
13 7 7 15 53379 1.0424583674038157
2 1 16 20 107884 0.9489730308255317
13 1 25 1 36787 0.9880178233278996
0 7 17 8 61618 0.9140749540763513
16 25 1 29 70436 0.968247146696206
1 27 1 8 64871 1.0325213935371758
15 26 2 20 63062 0.9481852535381001
11 0 28 4 60837 0.9413413385806036
26 7 17 29 89267 0.9057497307352443
8 26 26 2 131953 1.019714198268853
22 24 1 4 123258 1.0252096307422176
20 3 9 8 55566 1.0071879436374251
19 26 18 2 95230 0.9684404830614258
21 8 11 29 100976 0.9921214495691586
6 6 25 24 121467 1.0416286693804784
7 16 20 7 78914 1.0372257113057073
18 10 2 17 85654 1.0199596142558958
1 13 9 24 65411 1.0183128117054814
14 7 28 19 83991 1.0594347901463796
18 10 29 28 100916 0.9205495579844959
4 26 18 28 52768 1.0394261254594084
15 27 7 29 36474 1.042375498840917
9 5 19 13 62172 1.0948743308051128
13 8 17 24 71399 0.983302852937455
25 28 18 0 120182 0.9957960218413632
6 8 29 23 128638 1.0605403666263702
28 3 7 28 150529 0.9614375443569916
18 19 12 3 73230 0.9524171305450309
12 26 24 15 77417 1.0819734003691532
6 5 16 4 37250 0.90932492927972
10 22 12 2 78116 1.0252973752007914
2 6 26 28 142398 0.9930861745983345
27 4 19 7 34680 1.0523247164425855
21 19 17 6 57967 0.9203298322673445
11 26 7 14 58315 1.0859320418888672
2 20 21 18 80901 1.0757422855875804
1 21 17 10 92784 1.0696303512931302
28 11 23 18 48491 1.0936385381477283
5 29 6 18 38463 1.0356772631319708
26 5 4 1 79645 0.9636406035745904
24 2 2 16 113357 1.064078440347915
10 1 28 9 82662 1.0689421242198343
3 2 10 6 34057 0.9018506011790696
25 19 26 1 61639 1.0291967659528487
27 29 19 1 109391 1.0435389204411565
21 8 0 1 91680 0.9267147856171506
4 7 25 15 97080 0.9247495572680284
19 8 12 27 92882 1.0438010265074167
3 6 0 21 58617 0.9876198689355339
3 17 28 1 119282 0.9980982824568535
3 24 25 6 126754 0.9693007793315124
19 2 19 17 66798 0.9268080527508592
3 1 29 10 111681 0.9953022790316941
23 2 18 9 50074 1.0787583136649774
29 19 3 11 121419 0.9376252580354966
26 20 8 15 74433 1.0675322684935078
0 21 24 22 80858 0.9348907458252729
5 13 28 13 113389 1.097379963505378
4 27 28 28 95015 0.9779157131921178
3 14 17 28 92905 0.9133990350460289
22 20 9 17 59539 0.964565672050305
25 27 9 11 107580 0.9496549702362285
29 23 17 3 101476 1.0781071730037932
2 4 13 9 51622 1.0551256371478093
0 26 7 19 43209 1.0378710421751187
9 20 4 10 66214 0.9807640748990643
9 17 20 23 52789 0.9832559051746116
16 2 12 10 41432 1.0821555076532028
16 29 19 13 61530 0.9863563495936989
6 26 4 1 87703 0.9647064410099553
10 2 2 19 81307 0.9103672510624093
19 19 8 20 45248 0.9429251404456387
23 23 1 10 114601 0.9307363174974759
22 16 24 2 65889 1.065222152193375
9 16 18 13 49464 0.9064935792251159
19 29 27 3 104041 1.0203612080224187
28 22 5 8 126020 0.9299453135229279
18 26 6 27 46188 1.0815630548514663
28 18 9 0 118121 0.98832888328892
10 10 19 7 37027 0.969353922943016
26 15 3 0 115281 0.9881749215618261
23 10 28 2 47543 1.0469368092943347
27 24 9 13 91025 1.0777703826844818
26 9 13 28 100206 1.007829586615213
12 26 2 13 81945 1.0718699479399036
18 14 10 29 72968 0.9187519514647131
25 2 19 10 53085 0.9317960436441475
21 0 3 21 126448 0.99744126744614
26 29 2 29 78712 1.0969252993561935
26 26 17 7 87646 0.9397131182532023
9 3 22 7 50655 0.9322620392724282
7 2 29 23 135802 1.0789343636813198
3 14 25 23 101077 1.0495675678423586
5 20 0 28 45912 0.9349544653992743
15 12 17 20 42148 1.019451338952917
29 10 15 25 96041 0.9718343523757349
15 10 2 19 82669 0.9580619713091961
11 7 21 3 48271 1.0015874637373086
14 12 21 7 37577 0.9276856124571901
10 24 27 21 59753 0.9294868258974404
27 23 1 10 125596 1.0502991810836226
26 21 17 10 68739 1.031301009437061
18 22 5 2 108375 0.9654449570621577
22 25 0 4 128672 0.9889094027143539
21 28 11 15 76965 0.9345513680718435
26 3 19 13 66109 0.9888595662204971
23 5 10 11 66765 1.0184190262840347
26 19 11 28 72353 1.0515063862538716
23 22 13 8 80829 1.0681923245329703
9 7 15 19 57680 0.9612322265702112
17 19 12 27 53052 1.0725674512840566
0 7 5 17 44737 1.0890056892355717
24 28 8 26 68313 1.0503794414581087
22 20 11 28 60411 1.08709479222369
19 28 2 21 75290 0.9647477915044343
6 15 6 26 42129 0.9105587223989172
10 21 27 3 108560 0.9653319542579706
3 27 13 28 56589 0.9361613045393299
2 14 9 8 49297 0.9500209698207426
0 2 11 18 90114 1.0713165924564507
26 19 16 1 86284 0.9631200004190599
10 10 23 11 63248 0.9881626165581414
8 7 20 26 101337 0.9635629450685139
17 1 29 9 62870 1.0897722657774047
5 25 26 29 76719 1.0523171994614438
2 10 20 1 86441 0.9551883208481048
7 10 21 9 57116 0.9137623823454036
9 10 13 16 43521 1.0039919169117364
9 28 6 20 35553 0.9866259647803923
22 3 11 9 58587 1.005678977435385
7 8 17 8 41365 0.9793607861519741
20 9 16 15 37063 0.9234730885212032
17 13 22 8 40937 0.9354201262593935
3 24 19 19 68387 1.009438042882245
2 7 18 28 112809 1.071462340443516
18 6 13 29 96994 0.9660965452097551
12 28 14 1 108325 0.9863953443753769
3 23 13 11 78945 1.0971918657529518
16 11 17 2 37353 1.0760294691483978
2 2 12 13 73457 0.9385555840900367
14 11 4 12 49706 0.9852919740155223
0 14 8 25 64482 0.9008829693106936
28 9 17 17 71507 0.9641072572789462
28 27 27 6 83684 1.0155800856710853
6 2 4 13 47047 1.0298406510959937
26 26 8 18 81200 1.0214527654367425
18 17 28 7 64776 1.0892992940233994
12 13 3 18 57791 0.9954614961678859
18 18 3 29 82969 1.090956621138274
24 22 18 12 54320 1.0270077095515904
3 11 21 25 98787 1.0457866601364065
17 15 25 13 42520 0.9149853524341452
0 21 0 2 80869 1.08135594977669
13 6 19 21 71710 1.0882410590387552
14 1 28 13 80783 0.9476589435033469
1 28 28 17 114753 0.9459569115471473
6 9 28 1 96479 1.064058285346854
22 22 13 7 81548 1.060199340324145
6 2 21 28 134920 0.9919235735488419
24 17 11 0 105370 1.0419858722339144
8 12 17 24 70137 0.9644717396422091
8 25 29 0 145667 1.0545059342909298
6 0 6 19 79213 1.058212129992233
0 28 13 25 61169 0.9733841046460701
9 21 5 27 29072 0.989175351103516
2 6 29 7 85699 0.943193399792287
20 18 26 26 47555 0.9272123202526829
3 27 23 8 129074 0.9684821043228837
19 21 0 24 72000 0.9584342423018641
8 14 14 18 44683 0.9839607288860952
0 0 11 16 91910 0.945065293608109
20 5 18 25 85163 1.0386665333701215
12 0 5 29 124801 1.0243355707980266
26 22 28 8 59390 1.0659532448076743
11 12 23 7 50499 0.9710245142567717
23 23 4 26 79395 1.0087932081967628
8 23 21 29 63841 0.9001984042111353
13 15 21 7 49519 1.062128280525488
9 7 22 0 66965 0.9059268875707215
2 28 25 0 163545 1.0528137094773906
16 18 27 15 61208 0.962205358132116
11 11 4 26 71570 0.9543631325690366
24 15 8 17 87303 0.9132617718640851
10 16 28 7 87606 0.944967490549382
17 17 23 12 44386 1.0077924323809169
4 23 29 11 121034 1.0284059495655005
24 4 9 19 106794 1.0320716242000723
8 27 10 4 97466 1.0882981451883855
0 6 22 2 80345 1.089948764416516
27 10 2 14 109409 0.9583352632355946
14 29 25 1 116830 1.0161598866317254
4 0 19 25 128969 0.9576099930619841
21 20 27 4 74227 1.060366819135666
9 12 1 21 64826 0.9514323214250214
2 28 12 27 54315 1.0325200633613882
25 22 11 6 95435 1.0034528453658729
7 16 24 21 74278 1.0020386446541847
3 18 29 5 125305 0.9917344117009674
29 26 15 2 127054 0.9146198967845783
11 29 22 21 52464 1.09337662824372
4 2 15 11 69892 0.9848757824976903
4 22 26 27 89184 0.9957575763898172
18 22 7 14 60768 0.9731825801728607
22 5 14 23 84665 0.9809197697668477
28 4 10 5 69816 1.0286835226256859
17 10 5 4 56627 0.9267627244818696
11 29 3 1 110095 1.0613487840385398
29 19 2 9 131375 1.0883422861086767
0 5 15 15 75815 0.9360618132072391
2 23 9 28 46271 1.0405546832319605
15 26 21 2 106236 0.9107949815742715
26 8 11 11 59479 0.9851432618804254
10 15 9 28 49085 1.0321114900556163
22 17 27 3 70746 1.0452752016151858
29 6 18 0 57376 1.0692260149042614
6 14 0 9 38243 0.9990560779854821
6 8 20 19 95656 0.9113032892463179
11 10 21 29 92100 1.086357469106461
21 24 8 13 75239 0.9586646586245497
8 19 27 12 94977 0.9173167637473413
0 9 21 19 107170 1.0448782035397106
2 28 17 16 91165 0.9311009683785828
10 27 19 9 85892 1.0327089758674426
29 9 17 25 90236 0.9531306073666458
4 27 14 22 51530 0.9016785856977725
1 22 10 18 41816 0.9591680342239262
21 4 22 14 60952 1.0765378507306649
5 18 7 29 39210 0.941867182854079
8 2 19 27 121247 0.9581471886411765
28 12 17 21 62601 1.0365583789638169
27 14 23 6 42240 0.9422653301258231
29 29 12 0 142578 1.0751969858975463
6 11 8 21 61711 0.9408967554979683
24 19 11 23 56450 1.02529891154705
5 3 7 12 48800 0.998850116482636
22 22 7 26 66771 1.0708867665360173
22 17 29 11 55000 0.9324121654854295
1 19 1 29 39530 0.9559210246423906
11 1 8 16 76340 1.0294254671159897
8 10 1 26 89096 1.0511967982032484
18 0 12 24 102723 0.9899915671035998
3 22 15 23 46807 0.9442526717358057
23 16 13 29 69496 1.0876266430486494
17 11 3 7 65739 1.094977430340977
14 2 27 23 108569 1.0706445170981194
1 17 3 0 54187 0.9941580165794726
25 25 26 16 32564 0.9233256558806802
25 27 4 17 110139 0.9306122039057156
19 16 9 28 74979 1.0136124465369574
15 5 25 21 86603 1.0707080962561073
5 18 0 10 49535 0.9214909733419748
13 5 10 22 71071 1.062084773974549
22 0 21 24 97479 1.0661316902108515
28 3 9 10 86578 0.9862621217776047
19 18 29 26 68893 0.9557185724596924
4 27 14 14 74177 1.0512796152453157
3 28 6 10 92055 0.931930512654828
1 15 12 24 71768 0.9090142107805131
11 24 11 12 49623 0.9696715284976924
28 9 27 0 44701 1.0250653915637447
5 13 17 27 85551 0.9453008085790129
12 15 21 14 43532 0.9410787953995416
3 11 22 5 85272 1.0044112709839639
11 6 2 10 43399 1.0856235380453962
3 4 24 27 136612 1.0968182199815932
1 26 20 17 88548 0.9643241824371935
10 26 5 1 105670 0.9181033720684074
14 24 2 24 55312 0.9046168973024743
14 20 20 29 42596 1.0268683589761798
10 24 27 2 119479 1.0828207760230109
4 2 6 14 49029 0.9120312923394073
11 20 4 25 38594 0.9006346339782945
6 5 15 18 75519 1.0580088627554078
10 26 17 20 41480 0.9047541762512408
11 24 19 11 72836 0.9184367036706232
15 18 8 26 46768 0.9952425356800125
25 15 27 6 33642 1.0208624979825704
20 2 4 12 87465 1.0302367622513888
17 2 24 21 88790 1.0101797063281743
5 21 2 13 44236 1.0437438756229422
26 3 5 4 75245 0.9802748664296501
29 27 14 3 131441 1.0840287697754287
8 19 28 21 72273 0.9270896318177108
21 16 23 1 72524 1.0234413289349404
12 8 14 26 65725 0.9622118847606063
3 4 7 21 65561 0.96943091445465
17 27 27 21 49606 0.9651255953928302
11 7 20 29 94457 0.9590931723682726
17 27 26 17 55217 1.0349688220673976
10 7 22 6 36647 0.9287228904357169
0 12 17 8 71277 0.9219869940219793
22 21 1 18 78209 1.000447786697829
24 28 29 5 91078 0.9086948020629767
14 28 23 12 92345 0.9385267514477112
20 15 25 2 70417 1.034347621648262
23 5 1 20 127176 1.009423021317049
28 26 7 16 107498 0.9907854132911027
15 9 1 12 55523 0.9662257903707397
13 1 28 1 45120 1.0605828124719405
13 27 0 19 74983 1.096958341536519
7 4 27 6 71312 0.9326607457753793
10 18 1 14 54392 1.09522650908698
26 20 13 9 81585 0.9536142617064787
12 7 5 27 92140 0.9291288436367757
9 19 19 23 40381 1.0681675560611432
23 12 12 6 63151 0.9157595092812588
26 13 5 5 87892 0.9957919940290901
13 9 6 1 51823 0.9896280945509744
