2542 1571 1647 1789 1549 2626 1328 2946 2665 3132 1511 2854 1618 1983 1988 1778 3059 2160 2052 1321 2893 1630 2442 1827 2742 2395 2888 2367 2389
3204 2980 4456 3176 4128 4526 3341 3883 4231 3944 2846 3791 4085 2906 2940 4546 4249 4531 3949 4204 2854 2874 4727 3033 3277 2874 3221 3059 3556
3906 5269 5271 4410 5288 4338 3618 3545 3279 4409 3964 4694 4557 3879 4016 3255 3544 3448 3494 4780 3319 5030 4096 3367 5203 3432 4739 5130 4926
4606 4927 5832 4679 4648 4831 5646 5815 5258 4606 4735 4086 5627 4365 4589 4709 4800 4101 6072 5544 4841 4578 5217 4355 4366 4185 5467 5135 4894
5136 5207 4742 4066 4048 5142 5867 4486 5103 4023 4057 4838 4695 5633 4465 4277 4828 5663 5238 4415 5950 4078 5239 3905 3842 4931 3930 5642 5255
6903 7881 8555 7127 7713 6902 6869 8946 7854 8140 7328 7117 7973 7813 8912 6963 8037 8856 8362 8500 7831 8399 7250 8199 6948 8006 7897 7732 8224
1820 1766 1363 1459 1695 2287 1243 2827 1289 1391 2181 3205 2864 1729 2573 1433 2250 2921 3286 2633 2573 2840 1897 2661 2446 3041 3326 2292 1409
4957 6001 6220 6819 6903 4822 6794 6327 6244 5909 5732 5068 6201 6568 6335 5262 5433 6503 6363 5032 6460 5996 6908 5779 4946 6600 5351 6903 4819
3649 4265 4470 4032 5261 4753 3911 4141 3572 4197 4169 4243 4973 3783 5178 3366 4583 4388 5056 3502 3800 4979 4218 3848 4360 4098 3208 4894 3553
8228 7402 7724 8237 8676 6704 8288 6706 8129 8193 7525 7692 7317 8148 7680 7008 7538 6669 8248 8155 7579 8042 7643 8065 8465 7055 7445 7303 6616
5545 5664 4956 5139 5542 6013 5737 4340 6135 4726 5146 5423 5880 4322 6322 5540 4449 6242 5090 4570 5025 4474 6281 5255 6281 4306 4818 4869 6329
4714 5907 5593 5673 4984 5332 5695 5495 5959 5199 4988 6171 5809 4509 4557 5154 5240 4696 5927 5379 4765 6162 4699 5557 5545 4971 6124 5896 4697
7490 7171 7448 6113 6868 6134 6500 6270 7176 6690 6892 6545 6627 7897 7967 6318 6350 7051 7881 6850 6397 6422 7319 7874 7365 7258 8070 5997 7840
4717 4714 5953 5797 4059 5952 5021 5670 5497 5490 5196 5360 5219 4222 4539 4659 5466 4812 5825 4149 5111 5527 4101 5428 5850 5253 4304 4178 5567
5747 5413 5217 7147 6943 6600 6972 5849 6968 7131 6995 6940 6193 6506 6738 5423 7124 6484 5172 5928 5542 5843 6192 5730 6726 6529 6814 5851 6937
7187 6875 6982 6676 7301 6958 5898 6072 7375 6083 6348 6257 7499 7370 7227 6880 6291 7245 6428 7331 7551 6819 6802 7362 7948 7349 6207 6158 7848
5928 6302 7299 6125 6653 6031 5984 6273 5987 7082 5696 5674 6546 7190 6453 7118 6453 5662 5514 6097 7028 7146 7022 5448 6981 6219 7058 6181 6452
3729 4425 4072 5091 4278 5236 5542 4475 5300 5409 3737 5602 4627 5041 3504 4510 4093 3607 5247 5091 4802 3831 5043 4407 5558 4819 5100 4653 4503
3415 3192 2755 2014 1889 2801 1617 2440 2614 2859 2431 1779 2613 2454 1976 3343 2955 3527 1700 3369 1972 2224 2835 2858 1869 2193 3407 2381 3296
3152 1342 1455 2444 2453 1469 1262 1355 2794 2952 2326 1040 1430 1399 1925 2993 2535 1833 2836 1633 1754 2685 2265 1765 1636 2292 2216 2519 1747
5143 5754 6296 6726 5269 5889 5429 5441 7029 5310 6897 5470 5726 5952 5835 6018 6588 5965 5467 6439 6689 5872 6185 6747 6083 5225 7034 5190 5086
4824 4855 6179 5013 5835 5107 6604 6294 5541 5486 6336 4769 6013 5501 5213 4891 4794 5204 5518 4803 4967 5074 6462 6352 4768 6181 6574 6544 6164
2953 2254 2312 2366 3402 1716 2474 1667 1971 3554 3196 1894 3289 2375 3497 1764 2760 1878 2500 3398 1778 3387 2045 2795 3436 2478 1859 1790 1989
4923 6279 5486 6058 6252 5357 5780 6014 5676 6694 5230 5232 6244 6848 4817 4800 5620 4966 6826 6497 4999 5242 4900 6659 6337 6570 5094 5587 5116
6653 5224 5579 6681 6785 6609 6289 5055 5298 6509 6428 5506 5330 5064 5701 5930 6592 5259 6318 6769 5948 5597 5757 5121 6570 5728 5771 5444 6652
2486 2942 3774 2815 3754 2625 2877 3438 3157 3088 4332 3380 3385 2491 4348 3826 4099 3878 4089 3555 2835 4566 3669 3810 3528 3087 2482 2949 4042
6506 7429 6673 7013 6188 6046 7456 6659 5605 6073 6188 6112 6471 6608 5691 6179 5413 7172 6547 6734 6279 7405 7395 5759 7271 7378 5818 7251 6361
1515 1554 3165 2357 2680 1893 1556 2664 2716 2358 2929 3136 1731 1399 3040 1627 1203 2510 1238 1959 1338 2771 2245 2231 1343 2195 2174 2672 1739
7464 6166 5949 7110 7162 5638 7289 5758 7352 5874 7323 6653 6718 6623 6701 6974 6662 6712 6453 5612 6199 6770 5595 7403 5793 6365 6540 5492 6285
8158 8657 6740 6643 7081 6925 8695 7651 7446 8634 8706 8557 7505 7071 7890 8082 7873 7973 7162 8294 7293 7286 6940 7477 8645 6999 6901 7913 7797
6535 5256 4399 6389 6430 5404 3216 6335 5168 3431 5077 8551 1615 7606 3460 4468 8485 4053 6137 7574 1752 7641 6191 5209 1788 6317 7038 6253 2924 7264
7165 5354 5192 5893 7184 4758 2145 7127 4012 3674 3948 6911 2249 6773 1806 3834 6999 5091 7331 8264 1763 6216 5153 4515 2000 7300 6914 6617 2835 7403
7455 3416 4338 5813 6576 6157 1731 7349 4815 3494 5734 8803 1799 6292 3802 4350 6837 3878 7568 8068 2540 6697 5669 5247 3082 6872 7446 6792 3096 7475
6900 5077 5292 5987 7393 4409 3699 6850 3925 4938 5098 8537 1541 8074 2339 4221 7705 5719 6122 8154 2216 6564 5881 5292 3541 6832 8294 6201 3272 7889
8149 3393 3696 7548 6763 5351 3268 6982 5434 4297 5022 6866 1636 6981 2337 4538 6592 4219 6095 8105 3141 5892 5572 5005 2662 7728 7192 6620 3882 5943
8235 4049 3494 7048 8072 5984 1976 6245 5707 3785 4701 8450 1572 7235 2040 4492 6983 4025 6490 8127 2629 6657 6445 4809 3392 6170 6849 6559 2988 6041
8193 4544 4909 5666 6829 4897 2972 6232 5571 4638 5603 8090 3274 7541 2017 3888 6922 5157 6509 8595 1902 6036 5378 5157 2016 7176 8728 6577 3703 7403
7545 4630 5161 6286 6071 5454 1711 6550 5501 4736 5411 6929 3229 6314 2873 4832 7669 5983 7232 8714 3572 6756 5931 5345 3538 6094 8407 6345 4133 6395
7940 3441 3736 6729 6847 6032 3526 6659 5615 3078 5082 6784 2699 8071 3582 4578 8458 5014 6594 7584 2243 5773 5401 6079 2407 7203 7148 6181 3786 6458
7662 4094 3608 6098 6387 4618 2821 6437 5267 3594 5033 8421 2800 6763 3315 4449 8162 4327 7302 8764 3163 7417 4625 5656 3519 6238 7117 6520 3278 7531
6380 3509 5110 6565 7833 5344 2991 5990 5183 4043 5839 8475 3447 7225 3846 3744 7999 5154 7554 7846 2772 5749 5981 4236 2716 6346 7514 5427 3840 7837
8008 5251 4376 6844 6744 6173 1991 7173 4161 3805 4699 7894 1573 6318 2400 4040 6915 4642 7714 7084 3603 6594 5400 4101 3286 7023 8768 6689 3507 5844
7810 4885 4382 7297 6486 6121 2553 5762 4242 4613 5298 8122 2407 7238 1747 3483 7225 5025 7676 8579 2927 7351 4957 5937 2008 7540 6969 5099 3768 7223
8284 4807 5063 6256 6912 6059 2782 5731 4258 2981 5187 8444 1740 6513 3747 3187 7353 4956 7706 6728 2445 7024 6368 4872 2871 5848 8086 5713 3994 6582
7024 4903 4940 5996 6380 4848 3652 6718 4553 3984 4416 7065 2482 7553 2530 4105 8297 4519 7450 8500 1887 6465 5354 5314 3466 5922 6883 5585 3744 6757
7659 3834 5508 7182 6024 5836 3611 6655 5392 4941 4875 7690 1704 7144 3819 4093 7257 5953 8085 8758 2980 6531 5291 5879 3324 6078 7397 6079 2380 6424
7247 3381 4570 7447 7793 6275 3199 7210 5130 3258 3972 8438 1908 6251 2146 3441 6509 4173 6309 8082 2076 7193 6193 5584 2727 6865 8275 6957 2991 7610
6410 4086 4072 6765 7525 4756 3585 6229 3972 4843 5101 7049 3356 6795 2137 4542 7150 5325 7671 7604 1674 5897 6474 5684 1796 6756 8331 6337 2856 7474
8389 3917 4886 7155 6525 5877 2306 5819 4881 2850 5503 8087 3574 7334 2994 3873 7586 5768 6318 7391 1831 7324 5032 5435 2022 7751 8370 6060 3685 6872
6774 4142 4982 6698 6925 6297 2038 7150 3798 3619 5495 8638 1577 7584 1823 4362 7798 4065 7154 7200 2522 6335 5105 6079 3265 5828 8632 6461 3731 6989
7342 3936 3958 5832 6369 5327 2273 7272 4001 3362 5279 7339 1645 7019 2024 5072 8178 4833 6122 8007 2992 7576 5724 5335 2193 7014 7653 6053 2969 6892
7030 5176 4116 5618 6116 5960 3418 7269 4938 3546 5761 7396 1940 6223 2976 5112 6838 4163 6770 7030 2694 7012 4916 4038 3020 6526 8782 6784 3146 7718
6483 3935 4258 6091 6809 4401 3189 5857 4848 4899 4905 8104 2456 7654 3182 4322 7027 5568 6577 7594 2720 7252 4801 4963 1998 6772 7321 6685 2295 7119
7859 4448 3712 6129 6877 5172 2711 5836 4838 4199 4900 8036 3110 7254 2076 4372 7901 4787 7514 8173 2151 7498 4673 5277 2224 6223 8780 6369 3922 6976
7773 5366 5559 6445 7382 4916 2476 6999 5807 3547 5038 7325 3588 6500 2125 4323 8097 5849 6877 8247 2432 7581 6151 5751 1883 7517 7173 6876 3989 7648
7842 4859 3773 6668 6717 4487 2884 5689 5017 4290 5175 8634 3295 6873 2453 3199 7845 5343 6286 6816 1917 7379 5243 5126 3045 5860 8082 5631 3285 7491
6895 3464 3634 6597 7706 5535 3170 5655 4867 3874 5738 8575 2416 6039 3062 3531 6683 4512 6100 6925 1917 6803 5199 4075 2015 6914 8220 5921 4184 5987
7527 3671 5004 6564 6166 5256 2152 6828 5505 4874 4592 7263 2651 7639 2582 3151 6564 4397 7290 6889 2402 7252 6312 4716 3147 7464 6908 5506 4372 5835
7985 5118 4471 7481 7376 4730 2931 5472 5640 4079 4693 8049 1990 7776 3160 4917 6792 5771 7253 6879 2202 7569 4838 4344 3454 7594 8250 6943 2497 6562
8 2 19 0 53525 1.043442320484957
23 14 13 12 27598 1.0101777448886724
16 25 4 17 63187 0.9963157351595168
9 29 14 1 114479 1.0959697961978552
16 27 24 6 73196 0.9108784121857535
16 12 22 7 26282 0.9735380876931788
2 3 21 7 73325 1.0808942203769945
10 11 14 23 71352 0.9179963330117956
27 28 28 7 52307 1.051552947761122
16 17 7 28 69546 1.0728535990717334
23 6 22 17 31630 1.0234393761122529
0 3 19 8 62316 0.9697694116693885
6 29 23 17 77112 1.0554915553565343
8 17 29 27 86638 1.0260860548979356
12 28 5 9 73574 1.0226823155216969
4 0 22 15 80626 1.0099378125965537
10 0 10 22 83028 1.032054490831127
6 6 29 11 79554 1.012864379292516
0 17 15 13 51988 0.9790420429650224
21 20 10 16 48060 0.96934205569403
0 0 13 12 56001 0.9931162335392703
10 18 13 8 59663 1.0707063260138256
12 2 23 18 78157 1.0274450456020592
20 1 5 24 88056 1.0871303201767455
21 0 0 17 88825 1.0258411258851923
15 22 23 26 45746 0.9472557759835089
22 12 18 25 34106 1.05531592261919
7 27 8 13 49130 1.008452266818675
23 1 10 23 89967 1.026105403207243
6 2 7 18 39219 1.0448701386829096
12 21 23 8 59426 1.0331878608859766
19 21 6 20 34829 1.062605004858254
1 6 9 1 34004 0.9346367258948295
24 8 3 16 80263 1.0704849326841672
27 17 18 12 31994 1.0285891995404248
9 20 20 19 34191 0.9914675270716801
26 10 9 25 88456 1.0827717323690769
14 29 9 16 86778 0.9768980379162143
21 3 23 17 47111 0.9665511188708427
17 18 1 26 70680 1.0400592405373734
4 21 12 10 61868 0.9130856803164844
16 20 20 9 32102 0.9418034943914099
2 13 0 0 34581 1.005887113614046
6 9 26 13 65052 0.9765869127056657
25 24 4 6 91209 0.9813572449115919
26 16 16 20 38519 0.9246648350239729
11 27 19 19 48242 1.070550671719845
25 11 10 12 39887 0.9616882816820935
6 8 22 12 47421 1.0846046731501116
7 17 17 25 61404 1.0799537833212796
10 2 29 4 88594 0.950909614635496
25 4 10 22 82491 0.9861344008484683
4 4 19 25 87452 1.0514718753740702
18 22 29 17 41247 0.9112848831285606
8 2 13 28 95790 1.077196609873128
0 21 13 13 53912 1.0970834074856743
11 10 2 24 65559 0.9795368915279714
18 12 21 23 38276 1.0834850236752624
22 12 22 24 31466 1.0721177821114682
19 18 27 16 30724 1.0665107948286632
20 20 28 4 57628 0.9704160515585075
16 20 27 16 31836 1.0094993450682552
27 4 5 24 100422 0.9121410689067398
19 10 8 15 43636 1.0692703908295118
2 27 22 12 90843 0.9074737566495809
12 27 7 7 84310 1.057855149526078
19 13 25 27 47303 1.0159034538061744
0 13 22 1 77731 0.9935650194715238
19 11 29 9 38443 0.9680736656395301
5 27 12 6 73180 1.0095884255696728
0 8 21 19 81668 0.9152410971227823
23 6 10 5 43601 1.0116185555110653
13 10 10 27 86530 1.038108933405755
9 24 13 14 52808 1.0167755790851085
9 17 27 12 66988 1.0808552633411148
6 0 25 17 86027 0.9027926298371965
2 10 17 1 76302 0.9254289484478228
15 21 23 27 47517 0.9821162951620448
19 27 19 9 37515 0.9240544376898876
11 4 28 13 75120 0.9492066473108611
2 15 26 2 97768 1.0434149572799694
7 5 28 23 96476 0.9043068143502195
14 18 21 21 32029 1.0562322787705052
21 19 24 29 39934 0.9481558388269514
15 28 5 13 78889 0.9118411736739667
26 7 8 15 76670 1.0204071034314064
3 12 9 29 63361 0.9397400426062141
4 28 27 27 79026 1.0537611592485183
24 25 2 0 119063 0.9848753545891231
9 24 25 17 63237 1.0636158899938377
1 20 17 3 85951 0.9254700803180615
26 9 6 2 74371 0.9979278701750245
6 16 3 6 29678 0.9158160393590092
22 4 2 0 78958 0.9061438110514382
20 29 8 0 110174 1.0509048048052325
29 23 17 18 48602 1.0708366079412857
19 10 2 18 66806 0.958389944712081
19 20 16 29 32640 0.9118823981625787
4 25 17 10 76158 1.0743011943631253
11 14 23 20 46203 0.9108949091657165
17 9 2 21 75216 1.0715430601736666
7 22 11 13 46029 1.092743294850538
19 19 9 21 34570 0.9697383153263189
24 6 6 3 56770 1.002060539306703
0 0 26 12 88376 1.0009043259598882
22 17 16 0 55877 0.9366795757916339
29 21 7 16 82329 1.0500833773806093
25 18 20 13 34486 0.9093342505070979
11 9 26 20 69114 1.085093591193573
10 10 11 27 83067 1.0340901130130298
16 9 25 16 42478 0.9102480750377121
19 23 9 26 43685 1.0864342051777516
28 25 8 22 66658 1.0364776833330818
5 8 13 6 28342 1.0651296495962725
5 16 11 11 37202 1.0563737151955968
19 6 8 23 68911 1.094809718907431
3 28 3 7 71172 1.0820687705826546
18 15 14 29 53541 0.9891863066621539
17 2 6 27 96009 1.0664450083083123
20 24 28 27 27596 1.0492119920407168
4 7 17 4 52434 0.9860024984091719
17 1 1 15 79824 0.9323240023924773
14 28 1 10 86208 1.0260641051633068
12 24 10 13 58658 0.9306634421962021
18 4 14 26 70368 1.023958508919041
9 8 18 22 71447 0.905854116224991
28 23 5 19 74250 0.9906776436723979
17 1 22 19 50946 0.9079009800535178
18 5 20 14 21488 1.0338957389000707
1 29 6 17 48545 0.9280068151655848
9 25 4 19 36582 0.9582646817238603
18 26 8 6 75883 0.9235166726428914
11 28 12 18 62053 0.927819212836614
13 4 27 7 52861 1.0814140887512467
17 5 8 17 67296 1.0374445481027323
19 26 16 4 62484 0.9405990913384896
4 4 18 0 65894 0.9716399074318497
13 28 23 22 45956 0.9278190016551832
5 3 29 12 83486 0.9245783413255456
18 14 8 12 29183 1.0680809163148444
18 12 14 23 47692 0.9410575438109778
29 9 26 27 52301 0.9886614136358768
11 8 17 4 38492 0.969286253260133
5 5 28 7 76514 1.0283145140674024
29 4 15 19 83418 0.9217511215549495
4 19 28 19 70619 1.0643084141012575
6 23 26 27 67668 1.0078826434506354
18 2 6 5 47140 1.0181998605356406
16 21 25 10 51221 1.032474566247604
19 14 8 20 41356 0.9036851492163167
3 18 22 1 94614 0.9580635615280463
26 8 7 9 75134 1.084449048171182
8 8 28 8 72953 0.9512002820655945
27 10 1 8 83894 0.9892288470805534
24 13 14 11 36022 0.904608674426296
8 10 26 19 75195 1.0029635851463554
15 0 27 0 59246 0.9221817861032069
14 15 4 9 46958 1.097188811732325
11 6 20 23 64775 1.0577759310230102
16 16 24 7 51160 1.0711830750197504
7 17 5 26 36304 0.9111253547610263
3 25 1 13 38752 1.0340630788983707
15 13 10 8 40578 1.0723577131715734
27 4 22 27 62162 0.9857148682878929
23 14 1 23 79579 0.9641587027285742
12 7 10 29 96642 1.0430035552569958
24 20 11 13 52863 1.0212817465025998
23 23 7 9 82000 0.9094530906934088
1 8 21 12 61024 0.9730154070208246
3 25 19 6 85320 0.9024528922758105
23 13 8 21 61847 1.008816524278095
26 3 16 21 72889 0.938624839100497
24 27 5 19 81609 0.9277005705659205
22 11 14 13 26273 1.0488727985874302
22 21 5 15 60076 1.0998539112552561
3 29 2 7 70318 0.9958357351178869
7 7 19 5 42991 0.9007953375037012
15 17 22 2 58802 1.0661443748228168
25 5 5 17 79526 0.9836396592869721
28 12 16 18 51930 0.9186385894012242
9 22 27 27 65732 1.0426897847421823
24 8 4 28 103068 0.9335654658676048
21 21 6 21 46129 0.9606971124819739
25 2 17 12 47732 1.0793398154057605
8 13 18 14 33052 1.0186468743417365
3 27 9 12 62475 1.0665541617023866
7 2 17 5 48758 0.9767555179457493
8 11 29 0 94417 0.949937288235966
3 9 1 27 54007 1.0011711772563996
20 16 2 17 70791 0.9038902869381759
24 25 1 1 117802 0.911543680613151
9 25 19 19 46302 1.094442127671449
13 19 27 27 50684 1.0927869620712531
22 20 4 19 51468 0.933122078226069
21 23 23 9 46252 1.0871294647600815
11 5 27 23 81221 0.9863982735759828
3 0 24 18 105311 0.9389090515993505
28 18 15 25 56118 0.9930388664640942
9 29 20 3 98692 0.9846057708788062
16 2 29 10 61145 1.008858538732328
1 7 10 19 62631 1.0099513039482306
19 5 4 3 57669 0.9489676887882034
1 26 16 11 74131 0.9647437825709801
18 7 24 19 50654 1.0527297197458154
11 5 26 12 58351 1.0724335496917983
11 5 15 14 53614 0.9153749002551058
20 23 7 2 87409 1.0082710160524455
29 13 11 22 74085 1.0914948126654096
26 16 4 1 93102 0.9409390879936784
15 16 29 14 48512 0.9592812744527769
18 6 14 27 68782 1.0013812223363525
11 2 24 25 100728 0.9014211468986041
12 19 19 4 54905 0.9773668732899823
26 6 22 29 64538 0.934366742182531
29 20 27 7 33114 0.9140414425906299
16 15 10 23 59021 1.006101102491591
12 1 4 5 43087 1.0531801832729426
14 9 11 26 83263 1.0082853410565882
12 0 24 28 107506 1.0452515146528611
8 29 20 8 87532 1.0645248674640113
1 18 13 15 52909 0.988802137792305
22 15 19 8 22261 1.093205140621367
4 22 29 27 88698 1.0565970651373715
25 16 20 2 49741 1.0502466277417746
23 14 8 8 56705 0.9417671380867022
18 2 7 7 48675 1.010332767901752
12 27 6 9 73962 1.0818670381745332
19 25 29 11 57355 0.9338552358644605
4 7 0 21 48563 0.9767507821646435
24 6 1 6 64148 0.9859354121310068
27 2 3 6 78897 1.079880118660956
13 21 4 9 59841 1.0513251242839083
3 2 21 12 68837 1.0777420543955796
17 28 18 19 25964 0.9599968784984312
16 1 13 20 61753 0.9085927503106945
21 7 13 22 62759 1.0365298139018981
0 8 15 13 51724 1.0978916168695951
23 4 3 24 100610 0.9997923904924285
22 16 3 6 70185 1.0124688990420734
29 22 21 24 29811 1.073795235736907
22 12 13 21 39750 0.9483182654891789
10 20 23 23 42576 1.0774827864317291
1 2 23 0 94382 0.945121370394469
14 20 21 12 30254 0.9401695972164823
1 8 26 19 96895 0.9540874067777922
16 8 25 18 54070 1.011737158319043
28 11 7 27 99978 0.9515174742943748
29 18 21 10 51769 0.9556497156255624
2 8 14 7 46156 1.078188888421329
21 27 5 4 102094 1.0281131733130422
1 8 23 21 90313 1.0171769070967085
24 15 13 24 53877 1.0275420069492063
29 29 17 22 55431 1.0011850640153876
10 15 28 3 80032 1.078400391764212
28 3 10 1 83389 0.9943088292062994
5 27 24 9 97906 1.001500568375614
5 17 13 12 34303 1.0615104130885276
23 13 12 16 48404 0.947267490128821
3 3 21 18 93814 0.9979330291829225
29 4 25 22 59416 1.0287392291944009
1 20 16 20 39783 0.9891860563191888
14 15 8 2 61109 1.0526997978384949
27 28 10 26 62830 1.0099624232384043
29 8 3 1 96313 1.0087318183418563
12 23 17 3 77657 1.0822670298345112
28 20 25 11 26200 0.9086249428191262
21 25 29 12 46886 1.0233042691389067
17 14 5 17 42303 0.9771129404173893
24 24 13 17 48848 1.017966225047779
19 6 3 19 74918 1.058067885560285
21 3 27 24 66015 0.9427682071607925
23 9 18 29 58926 1.0188035569740617
24 29 23 16 50000 0.9113996994792363
26 2 11 3 72514 0.9703882396019018
16 15 22 8 30682 1.083123337294955
3 7 29 1 94886 0.9793463495212358
27 24 20 3 67505 0.9218939936897844
21 8 6 18 64874 0.9689786141824233
3 26 16 0 115980 0.9049923644717875
22 23 18 15 31121 0.9198162363950536
23 21 23 9 42723 0.9485158759869875
2 10 20 21 74072 0.9215018520941475
22 28 11 24 39541 1.0752620668486996
14 1 18 21 61400 0.9937023788966349
11 16 2 21 48739 1.0794252921577507
29 21 6 25 76734 1.002283897523072
1 27 19 28 64797 0.9003262597287778
18 22 13 13 39667 0.9624906144157854
0 19 14 3 77815 0.9881178684736872
7 4 7 21 50998 1.0980974872457765
11 23 22 1 83141 0.9239269712307041
8 10 15 15 42610 0.9341500492208622
8 25 13 19 40062 0.9593951551548112
1 23 28 29 89007 1.0029969855421539
17 11 29 12 37070 0.9825737362101445
21 21 6 22 48969 0.9971726917843341
17 17 1 1 88008 0.9666925258872708
12 5 1 28 82761 1.0155260807256066
19 24 28 13 48429 1.0169293943821176
14 20 21 26 35324 1.0382253322270871
13 24 13 5 78075 1.088534715263754
18 16 7 5 60325 1.040136751828496
23 19 24 29 41654 1.0137923830424045
24 5 6 26 95864 0.9373791659831234
24 12 9 24 63516 1.0178213764152098
5 16 25 3 86803 0.9852408214151481
24 20 22 1 53138 1.0106866824593936
13 15 24 15 39694 1.0355970845552998
0 26 21 16 81039 0.9277003337488309
14 14 28 17 43614 1.0001556296575191
12 23 29 18 70654 1.0459646013395651
15 0 10 15 75947 1.0250155526942455
8 18 20 11 59654 1.0626004156518447
29 18 17 22 49223 0.9653087694909299
17 6 1 1 61668 0.9267242080988053
23 14 7 8 60664 0.964067756155996
18 3 5 2 52396 1.0857048451984659
11 28 4 22 45043 1.0383698593929038
23 15 9 5 65395 0.9374556409239648
10 13 22 5 49245 1.0652753702728033
16 22 22 6 54373 0.9427789265933486
10 26 18 17 51266 0.9324988623985089
20 9 24 15 30548 1.0811740660813605
9 8 26 4 71215 1.0212125514775654
1 2 4 15 45919 0.998975741300489
13 28 4 7 90027 1.0708004211181819
17 12 1 13 40145 1.0545842884439385
27 3 22 10 31026 1.0998349361223345
8 8 25 16 69080 1.026724512451846
13 20 28 16 45712 0.9874644364875566
10 19 16 7 70152 1.070506228787323
10 6 0 15 39167 0.9574487138326324
5 15 25 11 63547 0.9146391459525751
0 18 26 10 84394 1.0858029747427878
28 4 19 18 56742 1.095534035258334
20 5 7 24 78228 0.9329863372138778
14 22 19 29 35667 1.0506963808217586
27 5 5 29 112905 1.0695845515720133
20 15 7 28 74046 1.0087213206715355
4 25 12 19 43972 0.9111347228775334
11 3 16 11 60340 1.0316485049728485
20 14 10 5 49064 0.9440548750424305
29 5 3 12 84709 0.9036676590494978
15 6 0 8 45308 1.0263348006422568
0 5 6 23 54372 0.9236508685100473
15 7 4 15 56468 1.0322232829605555
5 0 14 7 46944 0.9774192015921236
29 10 17 26 72066 0.9124098365703245
17 29 3 16 85945 0.9852682470279872
20 6 29 26 75175 1.0584692071699477
5 23 17 23 43755 1.0136904563744844
8 26 26 24 56228 1.0488071312606622
21 6 28 26 66777 1.0334555782381216
9 29 29 29 82316 1.0997128141683215
7 28 3 4 75026 0.9981509185480756
29 20 8 21 55350 1.0479713507580508
2 5 13 28 93928 0.9313452499836535
22 15 23 28 34163 1.0145605263614343
23 29 7 2 108547 1.0697192456366518
5 3 28 18 97038 1.0915264478754128
26 26 15 24 39149 1.0389723424791406
25 11 11 10 47599 1.0125898604743038
12 22 23 27 53628 1.0110010367712008
10 25 12 6 75569 0.9170905275858597
11 25 28 20 57261 1.0135063433459701
0 4 11 4 44547 0.954106159792626
12 0 8 21 82609 1.080222986555184
4 20 29 24 73376 1.030152762425668
13 14 5 10 34460 0.926142252766157
7 22 26 17 71875 0.9963782864130228
28 2 13 9 65526 1.0190372242801642
14 20 4 10 54419 0.9607651683453124
9 6 23 25 83086 1.0707614695357854
16 15 19 26 36083 1.0297484155536405
22 2 3 27 112497 1.033173496166915
6 23 17 10 63601 0.9468169893869844
24 18 21 6 47473 0.9819568387035186
16 8 11 2 48428 1.007200074880855
20 20 4 6 70679 0.9536667652094177
23 8 29 4 41129 0.9552788300894155
16 9 8 11 39405 0.9958065390891271
8 20 10 29 46798 1.0943002999124272
10 16 16 4 70642 1.0622668131483282
21 22 27 2 61379 1.0304485412408357
13 23 20 3 69009 0.9904173884679904
5 11 13 22 59198 0.9888212396220795
26 9 1 20 91354 1.034233568367459
23 5 16 10 34039 0.9748405906905797
26 24 12 12 59852 0.9301517547998546
22 9 4 27 92193 1.0835510383432707
19 16 18 7 21969 0.9111521832505632
13 10 24 16 51861 1.0136368306460912
2 24 29 4 123249 0.9928629038580971
24 1 24 29 89087 0.9868263194337
4 23 22 8 82560 1.0187513280995042
24 10 8 6 60217 1.064955884294803
26 11 12 27 85488 1.0695395862060115
1 26 29 1 131621 1.0459120788052525
5 26 11 21 40724 1.0502394741447192
9 17 15 12 40427 0.9136260576239107
28 18 18 2 61714 0.9622942468375566
29 28 29 16 44104 0.9669063712071282
19 29 12 1 86168 0.9671900813350338
7 21 28 24 68710 1.0713326703799964
27 27 8 26 63955 0.9594785385717448
17 15 23 11 24314 1.0338592468015246
3 10 4 21 44664 0.9027374603646092
1 9 15 23 82227 0.9977221104794363
21 11 20 25 40508 1.0463880035079514
5 0 5 15 42419 0.9511006649958161
29 9 20 21 55595 0.9207920769764857
23 0 10 1 60685 1.0284007499604915
8 12 26 23 72246 1.043134170116013
15 8 25 27 75009 1.0195710948675432
29 4 9 0 100332 1.0307156062804759
19 13 25 21 33500 1.0640013684562935
1 7 8 1 33904 1.0888243826085051
16 1 0 0 72985 1.0272296312297986
3 4 9 29 89170 1.000963851333777
14 2 5 20 77603 1.0743910952531541
21 20 22 6 38911 0.9318375703104738
12 29 5 5 90453 0.908193728128412
2 27 28 2 133607 0.9068085134223821
26 23 11 20 49197 1.0880136853438596
9 22 5 9 49905 1.0521857498889022
0 2 6 9 29005 1.064894863832794
8 5 1 22 55423 1.0656596590293566
27 9 6 10 68029 1.0160323202635928
11 1 3 10 50359 1.0337908374333202
23 27 8 19 62508 1.0258085168058055
24 25 26 5 59592 0.982179234883744
9 28 23 25 56788 1.0162502719178084
28 15 19 28 48165 0.976991398194537
21 24 4 25 51050 1.0175808845761694
26 29 2 25 89329 0.9080697587410086
21 16 27 22 31979 0.9166576977499614
11 18 10 1 77288 1.0518456595618326
19 24 28 14 41973 0.9253571987776628
8 22 24 21 55407 0.9281890137197761
4 24 17 3 93188 1.0121815139830128
6 6 4 17 31229 0.9331774107612969
26 7 10 21 80204 0.9728815936805122
11 23 20 29 44456 1.098180643179635
6 4 7 16 31639 1.002817785323481
28 6 15 16 61918 1.0451516013189952
0 14 20 27 80548 1.0411404101096822
2 9 10 29 81609 0.9570698292330888
18 21 17 10 33220 1.090341467835977
17 18 28 4 67656 1.0869997466526915
9 6 28 21 83937 1.0484556133753895
7 2 24 7 69331 1.0290559784238629
5 25 26 29 80065 1.0901114825948122
12 15 12 5 58384 1.014205466996196
21 1 21 29 75550 1.0182547826106614
13 22 22 4 64691 0.9081693389699543
3 16 12 21 51255 1.0857885564124032
29 25 7 18 85744 1.0578313635969145
20 9 26 4 34492 0.9730264981571201
2 22 19 29 66246 1.034600606804474
6 12 20 3 58986 1.0394142470301848
19 0 5 23 85822 0.9013283969192436
22 16 6 2 68046 0.9597208610439524
5 23 16 17 56886 0.978465652656625
5 2 23 26 103393 1.0309121165408484
19 29 6 2 88596 1.050459753135897
28 11 8 10 65433 1.0793414478839902
4 1 10 6 27042 1.05867375344454
26 21 20 4 62867 1.027738698926644
11 20 3 13 39829 0.9042332219574881
2 24 0 2 50586 1.0675917545491276
1 10 28 25 101146 0.9471199680181234
23 28 4 13 86986 1.0646804044885931
12 4 1 15 59878 1.093085228039854
9 26 0 19 46493 1.099749723934619
29 1 13 13 74309 1.072668674886902
20 19 0 21 58842 0.900541490724594
24 21 13 3 82283 0.9924170790446005
24 0 10 14 74739 0.9456604958296811
9 6 25 18 74406 0.9515286544159008
9 7 20 20 68614 0.9532642735308474
20 27 15 10 59390 0.9490712654790127
19 29 29 10 68281 1.0731449726181732
14 24 7 3 75264 1.0509085625440442
12 27 24 1 101656 0.9056692975390094
10 18 29 18 68940 0.9708609391657936
10 23 8 1 76229 0.9225119364204413
3 21 27 0 108477 1.0071104751271696
1 20 3 10 32195 0.9023895924977348
10 9 12 22 72491 1.026690276842393
10 13 16 0 64283 1.0715163715967533
28 24 21 18 35537 1.0582974706018302
18 17 22 3 41039 1.0873267832780928
23 24 4 7 92969 1.0775889532895921
21 13 7 8 57065 1.0490522290225137
24 13 4 26 88773 0.9078483734297762
18 7 24 29 70185 1.0822430263745095
1 4 0 25 52534 0.9081392573092574
17 7 21 0 32217 1.0234810975817827
22 10 12 20 42656 1.048453788345528
27 16 18 21 30058 1.0584309217128574
26 7 2 9 83487 1.0208141370973376
5 11 18 25 71380 0.9211643219635987
15 2 15 26 87863 0.9187020801505034
3 10 21 29 94343 1.0726283178116958
13 19 4 13 49437 0.9153530783993915
19 20 9 24 36204 1.099125666569482
11 15 23 22 58006 0.9937120323366224
23 26 9 1 110325 0.9889704295698043
11 3 29 11 84622 1.0413801251325336
5 27 12 24 32854 1.0393160898327223
29 22 0 29 100211 1.0154748652285361
10 13 28 14 51991 1.0843077678175896
18 14 8 26 63337 1.0528567587662276
1 4 18 21 86514 1.049527117768514
5 10 0 2 35097 1.0651497813954969
19 26 28 3 75302 1.0811773782977065
4 18 20 0 89126 1.0188482275910593
6 25 0 20 26458 1.012064981392271
4 0 14 1 47739 0.9169368799657128
9 19 14 11 59802 0.9948385124033301
17 3 18 25 56448 0.9658581147412535
5 12 16 18 60129 1.041561074975918
18 29 20 9 50158 1.0102153215474552
10 5 25 7 51665 0.9566868599554099
25 5 12 7 46918 1.0645094506685846
13 22 24 10 60172 0.9082956840179588
1 27 12 13 69972 0.9455196240877235
25 2 7 20 88559 1.0968608688140813
23 13 6 29 86006 0.9322875894607179
7 4 6 21 45209 1.000369947808238
25 11 6 4 68007 0.9343719093817084
16 12 5 10 35442 1.0271253641232738
1 9 29 22 102957 0.9951852297201418
1 28 27 27 88159 1.0232533644411919
15 19 24 16 48823 0.9755839166646376
16 6 6 16 49345 1.0623402301793472
14 11 1 17 53000 0.9923951688090754
15 2 22 20 62436 1.0883982745336458
7 4 6 28 63712 1.0165908479855668
17 12 3 8 50395 1.0420237339189844
22 13 17 24 35240 0.9318643577006823
18 9 26 24 51849 0.9719944851208122
18 0 23 19 57869 1.0682624508623502
14 23 0 11 70916 1.099039412780285
7 16 8 25 37897 1.0446122607028958
10 3 18 18 71666 1.0433843682191548
12 8 23 25 80780 0.9768915680058047
16 1 5 15 76135 0.9942839112488535
11 23 6 10 54353 1.068865509207335
20 5 19 18 31610 0.9091227634588649
16 15 25 21 42032 1.0921358996070711
20 6 21 23 48469 0.9117976413020368
19 2 28 4 40719 0.9326909345681325
6 23 20 2 81501 0.9411585364954309
8 8 3 17 43950 0.9557935232492345
11 20 16 8 56891 0.9279948993039919
11 9 24 17 63130 1.0356456216987537
25 11 29 0 51116 0.9412326254536935
26 15 14 12 37606 1.0852047886729617
2 25 8 29 37928 1.0827435436315267
7 1 20 17 73790 0.9353869774453648
16 27 21 9 61137 0.9118536586801412
0 3 27 25 109060 1.085743958629825
9 14 26 23 70408 0.9924227705199478
8 15 20 3 65063 0.969325985751646
21 4 25 28 75607 0.9046300141902669
2 29 8 9 72391 0.9364051619561283
0 21 9 29 51316 0.9361415480244456
9 22 22 8 68680 0.9497843439068651
20 2 3 6 59446 1.0056532208878188
26 21 15 1 76401 0.9301225045272457
21 13 5 6 57540 1.0546822014682833
0 25 26 11 95821 1.077271181991106
19 6 3 22 78793 0.9879854877626957
8 18 27 6 85570 0.9389704549500895
23 23 11 20 39804 1.0037094663181678
28 15 2 19 79414 0.9438749259890263
12 22 3 12 54417 1.0267899771839248
29 28 4 6 109538 0.9011719923070819
3 15 15 15 42916 1.092325338908837
12 22 3 1 82893 0.9195057042354321
18 17 8 21 38166 0.9324922124060514
21 5 28 23 63074 0.9611487258666286
28 10 21 28 57823 1.0308682368929998
29 2 22 15 54454 1.0461932295774203
2 26 29 26 95347 1.0603306241685848
22 4 19 12 24576 1.0464984884805706
21 12 13 22 43337 0.9348572567804163
25 27 6 24 59376 1.0241675450215721
1 2 28 3 101398 0.9610710527799236
0 27 12 29 50645 1.0791198557214259
25 19 4 21 63861 1.0094901087896107
3 7 24 25 105241 0.9176697952276206
21 19 27 1 60349 0.9633626892056892
11 2 24 16 82946 1.0386622428021086
23 4 0 11 78844 1.0448080929796015
6 22 22 3 82014 1.0677110484533903
26 8 10 17 75929 0.9199308133836258
23 23 14 4 78590 0.9306667024825647
3 28 29 10 113695 1.0096286716366725
1 4 7 8 31114 0.9675856153629245
13 18 18 23 28067 0.9156779904043423
17 2 3 15 73788 1.0877919787369283
6 26 2 14 41072 1.075885550465672
21 28 15 24 25232 1.0611408367151085
3 24 24 12 79953 0.9146482380367034
4 21 23 20 55723 0.9519466708551898
14 25 24 23 37882 1.0447520783140183
13 14 18 24 41138 0.9036845496784303
15 8 6 22 74207 1.0119291378405735
13 20 17 28 33657 0.9850441218839887
19 10 5 0 64688 1.081201235910364
15 9 18 23 47656 1.0883390688803638
11 21 5 8 51879 0.9104355924730677
5 12 11 2 43036 1.0638206704568582
5 18 24 21 64511 0.9199536756596813
15 14 1 2 67508 1.0368433586018664
19 24 29 24 26244 0.9259004817915208
8 3 14 11 57638 0.9145625133484633
2 24 4 4 62956 1.0016172222902333
22 10 14 6 33748 1.0307843165758888
26 16 11 28 76519 1.0186584158112149
29 18 1 12 88463 1.0353526462795095
6 8 22 20 67051 1.093734045373952
27 28 5 2 107723 1.0015071246517009
17 18 26 4 63959 0.9834741919654195
19 20 6 14 48171 0.9518812915670479
10 3 3 28 90767 0.9128718666723876
16 24 3 29 55292 0.9736313313313212
26 12 24 20 23389 1.0995139878352476
24 13 2 6 73061 0.9546308764551177
10 23 17 13 60192 1.079350210398535
0 7 13 9 51229 0.9946584444209393
22 7 14 27 72191 0.9317142189565413
28 21 4 19 71195 1.0418026738260555
11 5 12 16 64072 1.0930256630239896
23 11 25 1 43638 0.9394181783817181
6 5 4 24 50137 1.0463667007536293
16 1 14 17 66343 1.0861597979948452
23 1 2 9 82530 0.9255347571886915
8 12 9 27 59564 1.0969990395606994
23 6 10 2 59238 0.9112039176817447
25 0 6 26 111347 1.026878313951872
10 20 25 12 53095 0.9035925006708905
14 18 9 23 44283 0.9918126515740519
23 15 13 9 46646 1.0396121508400151
2 23 23 9 91335 1.0500911475057964
0 11 18 1 70276 1.0720673357035144
4 0 24 27 121835 1.0244325828234726
15 28 21 19 38885 0.9868332459817538
18 20 8 21 29570 1.0377205247004928
15 14 22 29 53350 1.0491652187441882
23 28 20 9 55326 1.0014484461439073
9 1 23 6 62748 0.9496854399675516
12 14 1 5 52107 0.9453346697499595
23 22 8 21 49575 1.0010470696413192
20 22 20 1 51162 0.9860701505774974
21 2 9 0 61177 1.0728317764384268
13 0 26 19 89630 1.0709078630361026
6 28 12 14 54205 0.9083608775480654
29 23 11 0 110211 1.0615033485609775
23 6 1 1 78477 0.9347890008326946
22 6 1 22 87134 0.9495266720339668
2 5 20 23 90708 0.994489151651405
11 25 23 23 43281 1.0819651769971552
19 19 24 25 29372 1.0256772999441144
18 17 3 12 48709 1.0727871167552345
18 25 29 10 61762 1.0283979793254827
14 16 24 16 49409 0.9764476104308671
2 9 5 0 39741 0.9281487242160803
1 9 28 0 104824 0.9773509357165031
3 19 28 1 111336 0.920066921527292
16 19 2 10 68486 1.078395556656629
0 11 24 8 72922 1.0225184772676568
27 13 4 18 78436 1.0418521814416792
22 16 14 27 56907 0.9692927820967842
8 15 16 12 32786 0.9806687291413232
5 24 22 22 52406 1.0315178163631957
21 29 1 15 91950 0.9884290940837525
16 25 23 21 36887 1.0869420743906246
26 8 23 24 48465 1.0352946652931698
11 1 28 15 84697 1.0968209829679474
21 20 11 2 78503 1.050534656329043
29 9 16 11 51915 1.0350709555172992
5 4 18 28 94862 0.9065947193641682
6 28 5 16 39149 0.915124346570639
20 20 4 8 72506 0.9788682746525268
3 12 19 18 51057 0.9042076287023383
2 20 23 26 73783 1.0930909974035157
27 6 23 25 54155 1.0646239523054999
20 22 14 14 36925 1.0204784014668058
7 19 11 10 52259 1.0060879552796997
1 28 27 11 105835 1.0379494402768916
14 14 10 5 57299 0.9736468341995341
26 23 11 8 85617 1.064736948606305
17 27 4 14 74412 1.0129888561073204
20 25 8 16 61063 1.0393849438711644
1 22 15 2 94076 0.995344315605531
0 16 16 11 48808 1.0951130870023094
10 25 12 2 93261 0.9313617885109543
20 20 23 1 54549 0.9335974806966532
11 14 11 27 68776 1.0486687345260546
7 23 21 22 54194 0.9112392791623556
21 11 14 6 36073 1.0107147172881845
10 12 2 24 50953 1.0854282681917558
29 7 19 9 41348 1.0599564293171224
5 4 7 17 40196 0.923486774522116
24 24 10 2 97802 1.0246354084835394
23 4 6 4 61338 1.0134988546368855
7 6 11 27 75604 0.9758860637626705
9 29 9 2 91358 0.9851517541209098
23 7 14 6 32413 1.0861744027892601
4 29 7 0 83097 1.029280241258301
26 4 16 15 55835 0.9233918954081424
2 3 12 0 56797 0.9784349585083331
12 0 18 14 64018 1.0366738742061294
6 28 1 2 77522 0.9106298494837888
20 15 4 26 74065 0.9562443126667963
11 22 20 2 71466 1.0248431832758245
15 23 11 3 93681 0.9052732858315627
26 9 8 25 88961 1.02653042103448
13 20 3 18 39784 0.9290929087196212
24 3 10 24 88431 0.9860868956654651
29 25 3 25 84546 1.0494477459189526
16 12 23 18 34966 0.9728671790620409
0 6 20 2 66538 1.050584142116178
27 18 4 19 65802 1.0580411042012636
26 27 27 8 46064 0.9508128137415242
16 19 16 29 41885 0.9612565117887506
23 4 7 25 95064 0.9244658196644661
18 25 5 5 83098 1.0396661041422302
22 14 1 13 56727 1.0871066940491065
9 21 2 6 57546 0.9158703027227629
16 8 5 16 64986 1.0481226006062776
1 22 17 0 98676 1.017074490610979
12 29 26 26 64823 1.0286859647534725
6 14 28 16 68105 0.9550941442348845
16 29 6 23 56351 0.9855552605485748
26 25 17 26 38166 0.9780341690743908
12 9 2 6 39927 1.0048089006426841
21 22 3 25 64516 0.9307846193758417
16 4 27 9 50869 1.0587840731276188
2 0 26 25 123764 0.9962376125632612
19 0 9 18 77679 1.054277846554671
2 11 21 23 80137 0.9250889430298138
23 13 28 29 52684 0.998317652345187
0 19 8 13 35494 0.9050271247535676
28 7 6 10 74993 0.95307135180083
23 13 11 4 59586 0.9831525849053697
14 7 28 4 56223 1.061944675820735
21 3 15 19 63101 1.02222385009548
8 29 25 25 67680 0.9829030063031013
21 17 2 8 76267 1.0391347250736418
23 10 7 22 74052 0.9683601996944493
14 8 26 7 50081 0.9358658402807579
15 27 14 10 77458 1.0301028509909833
28 5 14 9 54595 1.050089124097406
22 11 21 2 26774 1.022405293282392
9 10 26 18 74823 0.9353450142563517
14 26 1 14 73007 1.0080732955137233
27 29 1 7 114520 0.9026833325720528
25 26 6 16 73832 0.9488186049693006
25 19 15 28 47634 1.0857568593335598
24 29 19 10 59329 0.9139267241109892
22 19 15 2 59695 0.9018054769716516
2 15 13 0 74777 1.0673799851390902
24 0 1 10 96171 0.9057390427003253
27 7 7 24 90004 0.9960683027639092
14 4 28 2 67154 1.0912656834808823
28 7 29 21 47235 0.9804375401023135
4 8 28 3 88564 1.0960153478766788
28 27 13 21 57152 0.9987956434231835
6 2 7 16 34461 0.9483198663992094
18 22 22 1 54119 1.055906549509759
17 7 25 27 68962 1.0326076112710945
19 26 10 6 67380 0.947294174864946
20 26 10 19 47794 0.9216351879392835
10 16 13 8 48972 0.9961197838478065
20 17 2 23 66413 1.059671106294775
25 27 20 21 36554 1.0846483320467122
29 26 29 13 51671 0.948100398206686
29 27 12 10 91481 0.908365177614982
13 6 15 29 83864 0.9754734350707142
21 22 16 12 40690 0.9009263034729625
9 27 9 17 52652 0.940423264957662
24 27 17 16 57619 1.0529381927754882
6 28 22 14 74729 1.0159826391462403
12 21 6 29 46137 0.9156776564320774
25 18 19 5 46384 1.0421581665672512
11 3 5 9 39154 0.9649434815754526
29 6 22 28 64462 0.9134134618361501
28 6 15 29 87979 0.9783016158644112
21 21 3 5 87168 0.9538630692282104
13 5 1 24 73604 0.9761898706543384
13 9 26 9 50319 0.9863481541011228
14 25 25 11 62810 1.0415839281806865
11 28 29 22 70381 1.0307550542306347
26 18 11 6 72438 1.065934940427868
25 8 19 27 59470 1.031044395611572
3 20 5 0 58436 0.9541095268305193
27 3 14 29 95590 0.9626461192341659
9 19 29 2 102494 1.0646818472922943
10 25 10 5 76600 0.9430736836927534
1 21 18 11 63375 1.0127682942854515
10 22 11 1 80992 0.9192969422720066
29 4 25 22 59416 1.0211578887083113
23 13 14 24 52250 0.9581416550892535
1 22 16 15 68817 1.0544822735274448
14 12 29 22 62410 0.9319816970350233
9 20 23 1 77385 1.09549690809162
0 12 15 2 70637 1.0084105943678072
5 7 29 25 109289 1.0527957959614966
25 27 3 3 118163 1.010255469296874
29 26 28 13 47896 1.0654307218678143
19 20 5 5 71184 0.9106375090148994
3 3 26 11 93153 1.0282509519125194
4 8 12 0 56721 1.0381132857382238
9 11 10 1 53996 0.936640940212999
23 14 1 11 59615 1.0203546794339746
21 7 13 5 36002 0.9505364151499588
20 11 25 1 48097 1.0329705728719045
19 17 5 8 58248 1.0440204286500636
27 3 1 21 104559 1.030705435069291
7 0 3 7 32660 1.0992869247243215
0 27 28 14 97437 1.0465157045462783
10 7 15 14 48915 1.094291003100873
13 12 24 12 25492 1.050095183461759
22 13 8 28 77438 1.0135524460296121
10 8 7 15 40012 0.9743214007829424
6 3 28 28 107238 1.073807534851949
15 1 5 7 56122 0.9336888155736117
18 19 3 12 53936 1.0863145952235547
1 20 15 29 74966 1.0983439316313655
24 19 21 2 61769 1.0767855380101836
22 5 29 27 72790 0.9144668545191231
15 3 22 19 64184 0.9776760327080839
11 2 20 16 71539 1.0508187670688918
1 25 20 0 104598 1.0603842781035897
6 19 8 3 46585 0.9392022484152325
11 13 21 11 32544 0.9701036881418702
27 26 1 17 88170 1.037082909799079
24 24 27 3 52524 0.9856631330878244
9 10 13 28 86777 1.06666938580608
23 10 10 14 43352 1.0919460926357052
2 6 18 23 80774 1.0266216190866062
9 8 25 21 83818 0.9998780920593193
20 28 6 15 66461 1.0268044737628337
10 13 18 22 47760 1.0934649566168135
10 16 5 21 40461 0.9369065452221627
15 29 25 21 54575 1.0100104726645511
6 29 26 25 72181 0.9981565148577287
11 9 16 26 79900 0.9231909775956715
22 10 16 22 45167 1.0527165929728026
24 3 27 25 61687 1.0822414721386935
6 20 25 23 59656 1.065064747313738
5 5 14 15 52506 0.9284958969077957
16 15 0 28 83030 1.0213309580004426
23 20 16 1 59788 0.9590020608631127
26 9 1 0 100630 1.0806743074581362
6 26 7 5 54467 1.0389017478941929
1 9 17 1 76405 0.901481882452374
18 10 2 20 64715 1.0902394332157308
11 2 14 27 111152 1.0711282412733911
4 5 26 13 80797 0.9243191159083314
3 26 0 5 57234 1.0794524731763404
21 5 25 11 32944 0.9817934076736974
5 14 26 18 73394 0.9020806449121609
8 13 10 1 48891 1.097433983573
10 24 24 27 53521 1.0353982126604626
11 17 11 27 53825 1.0683822783518042
29 23 3 11 92569 0.9294176392306506
28 27 2 3 124969 0.9373682651254716
27 8 20 4 35499 1.071207848279508
19 28 27 11 54320 1.0971673608419745
12 27 6 1 87891 0.948779751043614
18 28 29 23 42806 1.0223369514442826
13 17 12 3 78007 1.0904397472021843
19 13 8 19 46257 1.0302315530651913
25 12 8 8 58187 0.9169255071792423
2 0 15 12 64198 1.0429279114697585
10 25 11 5 78910 1.0046498195998392
12 13 1 25 63877 1.0305971511987946
16 10 7 9 41792 1.0422566367460337
26 6 7 26 100997 0.9605016033051911
9 12 18 11 23196 0.9154812834346385
19 0 23 15 41515 0.9093138941154728
7 5 15 16 62404 0.9115006817466872
28 14 16 28 59692 0.9469611340645809
9 14 6 7 23958 1.0366080984187351
17 19 23 8 45805 0.9635688821676158
2 21 24 9 86408 1.0083883151245987
20 23 0 5 91034 1.0532718740642473
26 21 6 15 69305 1.0182610908817826
25 19 13 29 60939 1.001237398761459
13 15 24 12 35469 1.05192122722071
29 14 26 26 37662 0.9542718042235512
8 20 22 23 43019 0.916345802982453
10 25 10 4 82142 1.0790060663042635
15 27 10 16 74839 1.0928103760456511
28 1 19 16 56955 1.0929662407569818
5 11 20 23 72249 1.0391693003927016
28 26 15 19 54268 1.0122063563622108
16 13 29 11 48609 0.9470495582104855
27 19 10 17 59401 0.9683165599310963
19 29 14 9 61657 1.0059542753709694
25 17 9 19 60546 0.9674043876123716
6 15 7 5 26486 1.0698006172096624
18 11 25 15 26736 0.9113228159993654
7 23 2 28 32138 0.9432795984439287
9 23 22 28 53168 1.0521107329215367
29 13 15 25 70021 0.9387254313208098
25 13 7 13 54821 1.0115770433354991
29 10 11 24 79371 0.9810512570802234
9 15 3 22 43226 0.9252779713073614
17 2 29 3 58971 1.036477575671177
3 4 24 0 90937 1.013657251560561
3 15 15 23 68934 1.039539568477018
5 12 17 14 38187 1.0710417423258125
18 25 14 2 71528 0.9003069378994812
15 16 25 9 50994 1.0773689014785688
6 22 0 17 24987 1.087682789734368
26 20 0 9 86114 0.9432763083490328
0 8 27 29 107602 1.0289774049602793
27 3 7 16 90380 1.050801097986985
27 9 15 10 50182 0.9103714873078865
9 12 5 3 33827 0.9012765913445511
25 8 14 1 51704 1.0067449461435831
0 18 27 27 84131 1.0996599942774645
11 20 14 8 66836 1.0189178282458142
3 10 9 25 59656 1.0685265879745605
5 25 7 1 63526 1.0687895501781655
0 5 13 21 72355 1.052987952039879
26 16 24 1 55177 1.0397150276558158
2 9 13 12 39044 1.042611005777459
3 3 9 8 41451 1.0161561991501156
25 0 15 22 85745 0.9055622954228884
10 2 24 27 114407 0.9993083862263958
25 6 4 12 65235 1.0112214217115638
11 1 15 19 88432 0.9487146768467372
29 0 2 19 126388 1.0970036832721695
11 8 15 25 83931 1.014141751200881
7 23 21 21 56023 1.0258857172560734
27 29 21 3 76138 0.9610666106639407
6 29 1 24 27191 1.021600703889746
9 28 16 2 99419 1.049206498561046
13 24 5 16 47534 1.019550479366528
18 29 10 3 95314 0.984014579210515
23 24 15 9 57739 1.085941435289983
16 2 0 24 97623 0.9962338072233102
21 25 17 16 38540 1.0010654770556615
20 17 2 9 68155 1.0638708552490832
25 17 2 4 95937 0.9462678953490072
5 25 11 8 71101 0.9108189174854981
17 2 9 24 80354 1.099862118214745
0 2 3 21 48902 1.0382735614626075
7 22 0 18 28205 1.0938469985911412
7 14 28 19 71364 1.0264924905295691
11 24 0 25 33403 1.0577476139916477
17 23 9 21 43108 1.0609252789920114
26 11 15 4 62412 1.0231004717508954
7 9 14 0 59475 0.9755238738639469
2 2 21 25 105232 1.0314283215406097
15 6 7 24 68811 0.944810924778996
2 8 14 15 54993 0.9458706752499721
23 17 15 14 31508 1.0867679506542525
5 2 26 28 111594 0.9632962710898009
4 15 11 3 55581 0.9443450827222889
12 16 19 7 45009 1.0438407918582222
2 14 16 18 64482 1.0552171083029396
22 0 17 28 74242 0.9659086778519184
12 0 6 17 64495 1.035232643569701
5 5 21 5 55389 0.9992523838543468
25 0 20 10 45102 1.0471151990743122
11 23 7 8 62604 0.9288726427727276
11 4 28 12 68402 1.0372623318763043
6 28 1 7 68257 0.9134767613812954
18 13 7 29 80166 0.9996518673164279
13 24 5 15 46476 0.904443324530703
12 2 28 26 105187 1.059229387293806
14 1 5 9 52875 1.0552285126538317
22 12 27 2 39281 1.001799828848767
12 13 27 14 46348 1.0520471727834075
17 21 18 1 49700 0.9038328193763223
12 15 19 29 57433 0.995158093401537
13 12 21 23 49466 0.9371945791791205
3 24 25 11 86921 0.9274706618123086
17 21 24 5 55638 1.094060503401879
24 9 2 29 111803 1.0311897367478555
3 12 25 4 73155 0.9086498016399783
0 5 18 21 80278 0.9813436875903098
22 7 7 20 65201 0.9840194920814941
28 25 2 22 84286 1.0823227437712715
6 12 8 0 33529 0.9488334513451981
22 4 15 0 41481 1.0733630356605417
12 20 17 28 36584 1.0941994242370163
12 12 2 7 43450 0.9815035490812142
5 27 0 2 76532 1.0811112520614634
3 25 29 24 75901 1.0403970317472415
13 29 14 10 84605 1.0881870256305184
20 19 17 3 49655 1.072916780343637
