1713 1806 1671 1933 1930 1615 1784 1703 1919 1996 1655 1658 1645 1831 1889 2010 1793 1549 1828 1801 1723 1910 1899 1817 1910 1666 1722 1743 2019
3860 3838 3708 3693 3844 3710 3790 3768 3718 3918 3622 3905 3661 3882 3877 3641 3719 3914 3792 3784 3481 3525 3506 3599 3686 3835 3645 3769 3533
6434 6482 6528 6667 6592 6361 6650 6788 6469 6678 6409 6746 6315 6745 6437 6554 6502 6661 6539 6687 6632 6720 6548 6461 6783 6572 6325 6708 6375
1762 1327 1389 1576 1347 1785 1597 1503 1633 1510 1619 1599 1802 1470 1470 1464 1499 1673 1549 1579 1492 1628 1378 1801 1375 1743 1496 1448 1404
2406 2410 2377 2197 2390 2166 2226 2566 2191 2488 2370 2552 2539 2400 2304 2455 2138 2326 2234 2613 2265 2615 2190 2383 2169 2512 2206 2315 2598
3384 3468 3162 3492 3353 3116 3325 3457 3502 3186 3054 3407 3256 3347 3467 3286 3088 3394 3420 3208 3292 3378 3298 3442 3261 3164 3288 3110 3436
2646 2549 2812 2920 2643 2579 2671 2508 2760 2828 2631 2847 2972 2858 2524 2504 2517 2547 2488 2893 2817 2920 2509 2733 2865 2488 2804 2636 2861
5628 5879 5595 5915 5918 5828 5658 5491 5461 5583 5868 5539 5868 5736 5602 5766 5774 5660 5820 5831 5842 5592 5854 5699 5523 5702 5911 5696 5601
2333 2304 1952 2286 2403 2041 2419 2032 2428 2278 1950 2044 2095 2331 2081 2345 2208 2110 2021 2045 2200 2399 2265 2101 2297 2107 1950 2199 2246
1372 1442 1670 1346 1427 1387 1357 1497 1498 1368 1535 1665 1347 1333 1627 1675 1484 1614 1501 1568 1402 1427 1557 1209 1604 1546 1440 1259 1584
7696 7942 7782 7954 7633 7714 7688 8026 8098 7649 7697 7876 7733 7784 7688 7872 7684 7672 7988 8013 7622 8051 7945 7833 7721 7858 7654 7726 7818
5776 5445 5699 5583 5524 5401 5528 5484 5757 5713 5689 5543 5460 5880 5790 5410 5689 5557 5876 5563 5426 5626 5505 5871 5704 5509 5826 5416 5430
4271 3891 4061 4208 4285 4269 4078 3851 4062 4100 3987 4222 3908 3873 4113 3917 4222 3831 4114 4075 3947 3844 4069 3808 3985 3875 3840 3817 4193
7085 7018 7111 7295 7096 7225 7283 7153 7031 7452 7067 7226 7260 7297 7424 7125 7461 7302 7007 7086 7444 7280 7084 7294 7440 7059 7383 7372 7039
5787 6000 5767 6195 5941 6163 6050 5842 5962 6004 6103 5915 6203 6130 5986 6179 5894 6089 6194 6101 5771 5795 5892 6022 5969 6167 5910 6176 6001
5154 5188 4713 4999 5110 4834 4964 4981 4994 4846 4694 4708 4918 4794 4870 4777 4795 5170 4757 4863 5152 5128 5028 4879 4985 4818 5099 4848 4810
7953 7943 8393 8333 8201 8085 8002 8095 8048 8266 8275 8181 8325 8009 8132 8335 8081 8292 8211 8315 7985 8232 8368 8261 8014 8125 7989 8004 8220
6302 6032 6437 6078 6291 6234 6259 6099 6410 6075 6267 6473 6151 6507 6246 6502 6292 6143 6207 6121 6053 6476 6070 6132 6437 6215 6231 6318 6023
8639 8613 8851 8788 8520 8860 8563 8655 8873 8648 8881 8626 8481 8859 8487 8934 8561 8698 8853 8663 8548 8642 8749 8816 8904 8570 8786 8823 8804
5967 5816 5932 6124 6181 5969 6080 5824 5994 5841 5815 6270 5841 5872 5902 5902 5989 5955 5828 5956 6284 6062 6141 5871 5843 6287 6062 5920 5947
7324 7216 7506 7365 7201 7154 7365 7298 7382 7493 7496 7283 7312 7388 7322 7475 7352 7215 7306 7282 7137 7315 7410 7299 7408 7309 7113 7317 7375
1216 1504 1174 1513 1246 1281 1189 1474 1454 1233 1135 1557 1561 1538 1322 1436 1125 1410 1201 1472 1581 1581 1173 1575 1186 1450 1591 1311 1495
4567 4618 4882 4654 4503 4743 4596 4677 4650 4484 4766 4486 4536 4474 4797 4849 4565 4559 4518 4653 4577 4712 4409 4836 4699 4406 4814 4746 4440
5923 5838 5836 5855 5649 5745 5675 5788 5745 5628 5822 5840 5723 5684 5945 5678 5791 5530 5750 5832 5629 5882 5738 5677 5636 5687 5534 5872 5853
6121 6063 5944 5977 5973 5929 6298 6354 6312 6188 6356 6178 6111 6293 6321 6303 6192 6258 6146 5924 6227 5888 6095 6135 6052 6133 5903 6072 6330
4987 4892 4794 4689 5006 4877 4867 4956 4768 4758 4930 4911 4591 4747 4816 4942 4872 4608 4628 4904 4686 4859 4626 4666 4687 4859 4894 4955 4710
2518 2269 2685 2286 2266 2466 2439 2303 2434 2331 2577 2354 2567 2632 2274 2435 2419 2364 2751 2732 2441 2373 2360 2466 2633 2370 2651 2432 2365
2712 2982 2609 2794 2541 2883 2644 2847 2522 2966 2921 2574 2551 2763 2788 2731 2645 2821 2591 2718 2533 2705 2840 2984 2773 2932 2679 2729 2930
3006 2991 3187 3096 3017 2913 3034 3296 3011 2906 2939 2952 3274 2949 3002 2876 2841 2985 3028 3220 3305 3296 2909 3070 3191 2969 2936 3060 3149
1590 1765 1379 1532 1805 1713 1421 1704 1395 1649 1759 1766 1505 1379 1763 1739 1411 1785 1448 1821 1751 1555 1562 1380 1658 1680 1464 1761 1808
1561 1443 7347 8529 5152 1584 8553 4046 1786 7386 8661 5032 8226 1633 3109 6123 6646 6613 5370 1800 7354 1827 5330 7846 5134 7650 4885 8009 2725 5156
1786 1690 7052 8789 4954 1847 8520 4296 1874 7232 8244 4919 8403 1731 2677 6468 6331 6622 4982 1976 7161 1636 5346 7713 5052 7850 4855 8057 3090 5168
1911 1475 7325 8433 5095 1592 8218 4423 1892 7145 8523 5225 8151 1687 2803 6323 6449 6932 5254 1676 7107 1636 5568 7835 4819 8064 4625 7619 2833 5067
1952 1714 6890 8760 5301 1763 8482 4058 1972 7237 8450 5036 8076 1862 3003 6278 6437 6598 5015 1794 7399 1867 5653 7775 5097 8032 4646 7740 3173 4841
1551 1895 7255 8762 5248 1747 8172 4089 1640 7100 8561 5157 8378 1561 2838 6190 6561 6635 5343 1731 7385 2038 5723 7397 5091 8038 4872 7850 3167 4982
1971 1541 6919 8580 5110 1871 8240 4277 1790 7158 8681 5178 8066 1742 3104 6558 6487 6887 5325 1911 7347 1719 5662 7742 5009 7918 4589 8060 3028 4975
1791 1555 7324 8618 5279 1705 8371 4008 1699 7139 8501 4935 8040 1581 3096 6189 6668 6963 5099 2041 7230 1678 5690 7543 5105 7826 4555 7630 3036 4929
1837 1716 7325 8424 5264 1440 8426 4143 1673 7456 8458 5224 8262 1786 3119 6177 6427 6718 5314 1876 6991 1929 5513 7726 4901 8086 4914 7853 2771 5283
1836 1744 7141 8869 5153 1729 8508 4388 2119 7070 8283 5222 8236 1617 2744 6147 6684 6711 4909 1648 7280 1715 5404 7694 4915 7881 4649 7916 3045 5051
1955 1687 7219 8632 5264 1726 8282 4073 1945 7380 8662 4944 8008 1764 3139 6562 6367 6542 5333 2007 7410 1599 5508 7630 4867 7845 4730 7902 2966 5029
2014 1472 7303 8523 5274 1817 8162 4299 1795 7225 8364 5265 8000 1781 2929 6108 6404 6697 5274 1632 7308 1853 5491 7515 5260 8045 4693 7747 2764 4870
1699 1826 6901 8512 5033 1615 8196 4147 1816 7356 8554 5205 8110 1537 2771 6462 6586 6711 4994 1828 7251 1707 5655 7544 5032 7885 4591 7774 2970 5234
1800 1840 7052 8513 4945 1461 8217 4042 1655 7232 8489 5055 8436 1799 3031 6313 6412 6849 5042 1793 7248 1959 5520 7760 5020 7831 4757 7764 2986 4813
1570 1757 7266 8797 5004 1428 8526 4361 2067 7157 8362 4982 8418 1940 2953 6311 6338 6914 5344 1868 7226 1590 5427 7813 5135 7825 4531 7608 3073 5068
1957 1747 7355 8765 5122 1795 8363 4234 1938 7206 8626 5172 8317 1646 3002 6301 6453 6788 5287 1635 7344 1570 5369 7408 4910 8085 4796 7794 2731 5233
1998 1672 7015 8732 5252 1736 8352 4183 1858 7394 8389 4842 8195 1544 2869 6546 6384 6796 4930 1970 7003 1659 5524 7469 5129 7694 4581 7739 2730 4955
1921 1815 7028 8785 5184 1642 8550 4147 1677 7323 8626 5247 8431 1707 2979 6157 6405 6658 4905 1874 7296 1594 5631 7806 4797 7962 4474 7606 3055 4970
1546 1878 6978 8682 5169 1472 8472 4427 1824 7140 8710 5130 8128 1687 2889 6219 6688 6693 5364 1558 7246 1736 5534 7639 4816 7949 4618 7779 3087 4811
1649 1741 7013 8653 5014 1816 8248 4309 1878 7252 8272 5009 8202 1829 3134 6301 6456 6709 5239 1585 7112 1608 5519 7736 4992 7850 4599 7689 3155 4879
1568 1897 7229 8850 4979 1825 8282 4375 1958 7347 8564 4779 8439 1795 2849 6447 6240 6596 5300 1678 7394 1577 5424 7784 4908 7962 4690 8031 3133 5219
1922 1441 7075 8613 5328 1427 8483 4420 1779 7403 8676 5206 8439 1841 2863 6459 6629 6754 5379 1956 7109 1879 5652 7856 5237 7704 4444 7899 3168 4974
1579 1902 6930 8456 5236 1735 8355 4061 1678 7237 8442 4927 8224 1842 2926 6180 6385 6920 5232 1749 7261 1786 5701 7617 5262 7967 4767 7969 2804 5210
1778 1647 7049 8432 5079 1568 8504 4317 1749 7449 8348 5104 8178 1523 3046 6475 6530 6801 5023 1614 7312 1883 5669 7489 5170 8101 4546 7891 2795 5280
1930 1599 7166 8565 5272 1744 8481 3981 2060 7412 8585 5146 8227 1569 2867 6166 6445 6930 4928 2037 7117 1912 5657 7441 4880 7778 4621 7757 2769 5237
1689 1621 6955 8637 5285 1720 8335 4172 2059 7363 8622 5220 8371 1605 2999 6147 6464 6902 5252 1660 7125 1738 5749 7661 4888 7662 4827 8005 2888 4838
2005 1887 7102 8880 5277 1509 8466 4242 1797 7412 8411 5210 8242 1999 2996 6161 6656 6564 5198 2022 7110 1899 5443 7389 5242 7674 4798 7723 2839 5134
1964 1409 7171 8818 5308 1587 8414 4330 1914 7489 8244 5010 8323 1646 2959 6520 6646 6590 5013 2007 7017 1846 5507 7514 5025 8042 4617 8076 2994 5029
1589 1513 6980 8820 5163 1458 8163 4362 1992 7355 8297 5246 8388 1990 3043 6560 6387 6892 5003 2040 7274 1811 5309 7538 5210 7938 4520 7958 2888 4824
2024 1510 6958 8598 5301 1847 8156 4426 2088 7243 8608 4914 8258 1838 2758 6585 6674 6852 5182 1604 7124 2013 5589 7468 5199 7805 4653 7977 3077 5110
4 2 3 14 23245 1.0394007190851124
24 28 9 5 59964 0.9317150031654983
0 10 27 12 53763 1.0278273500051318
1 28 16 8 59624 1.0780471280902908
14 27 23 12 57275 1.0890479943469824
1 2 11 0 22509 1.0379721587153128
2 1 24 12 59058 1.0348144754999489
1 17 16 7 56129 0.9107180990952113
24 2 8 3 37984 1.0980893140355124
28 23 11 11 58493 0.9738775016717253
8 1 19 29 70913 0.9671966342922392
10 15 0 29 46537 0.9824181680651377
27 6 5 24 72205 1.0412335349912076
22 24 2 13 53382 0.9661108584439262
0 25 27 12 67732 1.0511992470862603
29 11 20 29 44704 0.9893874134050008
18 7 2 24 64614 0.9033392996344608
4 6 20 12 47467 0.9539710065010186
5 9 16 19 40163 1.0568749346836832
1 13 24 18 54015 0.9555023903532841
10 19 1 1 41954 1.0984241753329225
0 12 7 4 30357 0.9006494715355616
28 1 19 17 46670 0.9072758890485264
9 29 16 10 57006 1.0552412741640953
15 21 26 28 34015 1.0607294609698523
8 29 7 11 38517 1.0487693104128746
9 28 11 13 25791 0.9208663653432927
22 0 11 18 50769 0.9113874673064667
28 11 16 27 62954 1.0850024032274372
18 26 17 5 49207 1.0276944272750121
9 10 22 23 46873 0.9987750539676366
5 2 14 11 47497 0.9729970987713086
29 14 15 2 47344 1.0399093933480525
11 10 5 23 44831 0.9705590301406493
1 0 24 12 63042 1.0159670842150066
13 0 24 27 67060 1.0652299071118165
5 1 23 26 70448 1.0950311493510456
28 16 21 0 38538 1.0089297060466444
12 11 27 21 46067 0.9997531471053969
1 5 26 0 49088 1.0232207664802089
25 0 16 15 48897 1.0830834346748097
28 19 12 15 44935 0.9564175492954434
26 1 10 7 40670 1.0820202196219333
23 5 4 0 39306 1.0757481211758455
15 12 24 25 52099 1.0836150738415802
9 10 29 24 55887 0.9182730610035801
5 13 17 1 38081 0.9581863337439631
23 21 10 16 37936 0.9579559741543006
14 4 20 26 51032 0.935674412614536
13 19 27 5 42903 0.9420354080153703
1 17 25 27 71738 0.9580747927555929
1 3 27 15 67610 1.0603258650306433
21 27 29 1 49050 0.9726258111511865
28 27 20 19 35321 0.9978510071293087
29 13 19 13 17648 1.0399400874999973
12 21 17 28 37582 0.9960151996857516
10 22 13 29 31829 1.0885696701702388
23 22 9 10 46053 0.9689111751077917
0 29 25 5 79798 0.9223008255554543
1 14 19 22 50043 1.0770486813000317
15 22 0 2 60076 1.0663182081569638
7 6 28 17 63483 1.0986607749635184
11 27 15 3 64997 1.0301987970967748
20 5 24 28 41631 0.9721331710565133
9 10 28 3 44301 0.9358059820058873
25 12 7 13 35403 0.9144571505569687
13 10 15 27 69918 1.0586705998074681
1 8 21 24 58356 0.9977401150204493
0 4 13 12 43003 0.9517042146720972
17 5 8 16 33248 1.0531063294922247
0 27 21 11 61503 1.0100109610679615
28 27 5 26 74069 1.0540010999604161
28 29 9 6 74396 0.9728566647328476
4 9 10 3 26758 1.0129663915083298
23 24 8 26 47084 1.0988663494198598
29 27 6 9 71806 1.0895595572868035
1 18 5 25 27799 1.0016629885178132
8 28 3 2 51512 0.9125497575152454
25 9 2 6 54226 0.9272752198649196
17 4 7 10 38588 1.0091227553752953
29 1 15 7 38241 0.9494473411754495
15 11 13 25 60993 1.0064120173081268
24 13 16 3 40534 0.9538901612143563
26 4 28 17 32926 1.0223172998156582
11 12 12 24 38089 1.0225271342232662
1 12 3 1 25766 1.0856238906692113
8 2 26 7 41311 1.0832895892108145
20 16 25 1 34015 0.931403262533788
24 20 12 25 42686 0.9376680099286663
3 24 11 15 37667 0.9288811047750751
28 12 15 20 38964 0.9646836340969409
11 2 10 14 30615 1.085798171025522
22 27 24 1 49079 1.0756097099343611
27 4 13 11 50186 0.9236443171565205
5 23 3 2 40137 1.0083965738643275
27 27 17 2 68372 1.0189694663161777
18 19 21 1 29572 1.0201017112175519
29 11 29 29 29236 1.0812323931589802
6 22 12 10 37645 1.015702442564583
21 5 29 1 18525 1.0730573919408166
18 20 27 11 37223 1.0546400316720452
15 7 26 10 30063 0.9320477879286682
10 25 1 29 39766 1.005801941996023
10 19 13 7 32103 0.9359445453156593
25 24 8 22 45915 1.0847243463595513
3 5 18 9 39944 0.9641283397794228
14 7 14 17 53178 1.0539529332519517
5 18 18 14 43244 1.0426417766635352
5 12 1 4 27010 1.0993682141148269
23 23 6 1 67918 1.0086812765129867
22 1 4 23 63523 1.038224709852493
9 2 21 25 51687 1.0947079720380168
10 19 24 3 55290 1.0245836156716965
3 16 26 16 51302 1.0262188093839437
27 12 6 1 54279 1.0319284120695758
7 5 24 13 38747 0.9775761172371229
18 29 3 18 59671 1.033782537027267
17 25 12 19 41509 1.0263130702072816
21 6 6 10 35932 0.9649261389304716
19 25 6 23 51399 1.0921168023759151
25 7 17 1 28840 0.9189852648355125
21 0 15 23 48831 0.9407159990469335
24 29 5 27 65506 0.9313479352077154
15 13 0 1 42623 1.0770377318789843
6 11 21 17 37094 1.0038210491450301
4 16 25 28 60329 0.9206599276586205
4 8 24 17 63040 1.0935326185987473
3 26 26 21 48420 1.0473039129437525
17 2 21 29 51757 0.9479749019133956
6 27 1 7 49836 1.0844034573193482
27 9 22 29 48376 0.9274744064304254
1 0 2 27 53382 0.9362973179868246
2 7 11 5 21603 1.0629855372537471
20 10 4 10 47153 0.9224499044913872
29 24 14 2 64982 1.0007435805232618
1 2 25 8 54147 0.9180350875772224
18 18 9 11 37264 0.9513095087077723
10 24 27 7 61520 1.0266299310687261
2 27 15 9 63008 0.9095094242814065
16 15 27 1 50770 1.056331738789969
19 3 1 3 50044 1.0224087337414534
0 24 23 14 57521 0.9623816216693852
17 20 26 5 40090 1.006332874701885
26 7 14 14 36765 0.9526758298666532
28 26 26 14 32966 0.9718610744076833
20 21 5 15 42086 1.0126859257421437
16 27 6 20 46405 1.0462148007445715
5 5 19 12 41474 1.0956511928354649
9 11 1 23 35660 0.976722331903988
26 1 0 4 49612 1.0156697902288978
21 1 28 9 25641 1.060493560844926
4 17 1 4 31490 1.0399319481452394
15 11 0 0 52206 1.0868541720120548
4 9 8 18 27694 1.0391692005564046
10 17 16 23 40530 1.0091854030079015
23 21 21 10 19007 0.9238427901805901
15 15 16 1 45160 1.002056560109332
19 9 19 19 28337 0.9169837240232012
18 16 9 10 44208 0.9720564539939465
3 25 24 23 55023 0.9758971289893903
11 15 10 4 31536 0.9970935112859911
1 3 22 3 51883 1.0411557738727324
2 14 18 7 47065 0.9457847391227363
10 25 16 16 48481 0.9552261726574752
13 3 3 14 44283 0.9607481040029178
29 19 6 5 58283 1.0128524614711407
29 5 0 22 73423 0.9585461904383606
8 12 27 11 39891 0.9002741557938604
0 23 29 25 61228 1.0390225777020214
15 20 17 0 47738 1.0770689491359102
7 16 20 8 42625 1.0316036215377504
1 16 1 2 38972 1.0118365907294813
27 6 14 19 43918 0.9103094853856925
15 20 7 23 29535 0.9718992884910336
1 9 12 21 43153 0.9487089034595181
20 10 7 27 65899 0.9585072811864346
1 26 6 14 37076 0.9335397645487634
0 7 25 9 52652 1.0602477467960294
5 8 25 26 72375 1.0258446354719257
15 14 23 12 24285 0.9754900202972889
5 26 28 6 79960 0.9655914422413983
9 12 23 15 35672 0.9357043848256792
15 8 6 23 41584 1.0005909063118539
7 18 13 3 50620 1.0916596673731847
0 24 12 28 40413 1.092866457324451
9 20 2 11 29577 1.0041894959705207
20 19 11 3 48196 1.0509505643088757
9 29 19 27 37021 0.9452469693262235
21 4 27 17 33241 0.9123217583945967
26 19 3 27 52833 0.9109381058177695
24 2 26 10 31050 0.9603604458152348
27 26 8 8 66785 0.9650696871736162
11 23 16 11 51722 0.9486662509863987
15 7 25 26 59706 0.9929978315866115
27 27 4 25 66744 0.9206125886357936
7 28 10 17 28485 0.9224555396611546
10 27 22 20 43379 0.9228974128183627
8 17 22 3 52888 0.9251691065908464
11 24 28 10 64349 0.9950691352289338
4 21 14 1 47404 1.0165785133452518
26 6 1 1 49561 1.0392598783546134
26 21 22 1 38526 1.0378285209804492
19 19 5 18 28646 1.0150994193878975
12 2 2 13 38251 0.9552588928609675
6 9 17 5 25712 1.0757317867802514
9 19 27 14 42363 1.052730462142566
19 2 9 1 23251 0.9052675488952885
0 19 22 15 49189 1.0295321126912802
2 8 14 21 41110 0.9983375938501091
26 5 8 6 31806 1.0344994454070058
16 7 26 29 61563 0.9974541336774903
2 5 24 18 62069 0.9005738081291135
3 7 29 14 56070 1.0889944926730848
25 12 26 22 29011 1.042120660250511
11 4 3 17 36773 0.9209982769199921
4 12 18 23 55688 1.0673035276046527
27 1 21 6 16783 1.0288395823236265
28 19 7 15 51022 1.0549395246870634
3 28 7 21 18171 1.0081316041982236
3 14 2 28 24428 0.9962254941267776
3 17 27 19 46696 0.9254975762729467
17 11 8 10 34048 0.9848713799568414
18 19 26 10 29287 1.0885718415345484
27 16 11 17 48324 1.0221575444671334
10 13 19 4 36107 0.9467535664268321
7 13 17 26 59778 1.0767468947665788
18 5 28 1 22083 0.9467211386240224
29 6 6 7 44765 1.0540101739610386
4 13 25 15 45259 1.0036083832664928
25 0 5 22 66348 1.0619229356337279
20 13 2 0 50250 0.9896612995286342
15 28 21 21 28195 0.9273300097400928
9 6 25 14 42423 0.933485590843003
20 7 12 24 50812 0.9349710525509536
3 11 12 19 28251 1.0022595301666948
27 29 7 19 56711 0.9190728530008095
12 11 22 17 36259 0.9808947997476265
28 15 1 26 76594 0.9563341956857583
16 6 0 14 48348 0.9433769358492047
8 19 27 19 34121 1.0375156463909836
3 4 16 17 59755 1.0231028252215921
28 3 13 19 50474 1.0929310071344043
27 16 14 7 44160 1.0695270129379493
8 17 13 27 37849 1.0237132916726828
14 24 2 3 71886 0.9017298370486062
26 14 2 10 55732 0.977557173324658
22 12 2 16 48250 1.0987774992995722
9 29 25 28 48658 1.001328133552551
27 1 28 15 29555 1.016379389991338
8 28 27 29 58882 1.0854251074391148
12 7 14 27 60001 1.0729289997759788
8 1 12 16 36268 1.0220608163490186
6 7 20 1 35341 1.0718753740341045
26 14 22 0 30286 0.9119505029891931
7 23 5 15 33781 0.982419589067483
1 4 26 15 61626 0.9122584801333509
2 0 29 9 58728 0.9011164104638086
8 7 25 10 43413 1.0395632555697463
21 27 20 1 37403 1.0041045790760033
9 16 4 24 23836 1.0253742500927419
0 15 25 19 52077 0.9043567402476266
19 24 10 7 59412 1.0611265927276516
29 24 10 13 49576 1.033177488157405
15 26 5 21 42157 1.0433047439327598
7 14 16 12 27403 0.9618073994645614
23 1 2 29 79572 1.0279135466806413
13 0 8 13 27996 0.9511322726739453
25 9 10 3 47423 0.9647169367015334
10 26 24 13 48423 1.0916054028788413
10 20 29 17 45356 1.0678999130907594
26 25 2 24 59953 1.0853011103178867
10 21 22 8 38435 0.9824506546820202
3 19 23 5 53991 1.0139894468029584
7 10 24 19 50466 0.908642780661661
24 8 10 1 33954 1.0639078110675515
16 14 26 25 43311 0.9541869633522745
0 2 14 13 41287 1.0040129495441832
17 23 6 28 44971 0.9687470908488129
2 0 21 16 54507 0.9115947525819352
16 18 10 22 30355 1.0250328088712377
1 13 1 0 26222 0.9677517552397364
13 3 18 13 43881 0.9326923959768967
29 15 11 24 56094 0.9863086583884366
11 7 22 23 52330 0.9921979881179143
3 17 15 2 49108 1.0587264100336866
3 28 26 10 69267 1.0883656855736659
1 13 20 15 43756 0.9032273217154235
0 19 20 1 61597 1.057749873683396
9 26 13 2 50929 0.9062652748534711
1 11 13 27 62437 0.9912597976953844
12 18 24 6 49923 0.9814033381466246
18 29 1 19 61774 0.9959079905646191
3 8 5 0 15789 0.9871708327379503
14 4 29 14 43929 0.9096377711287112
24 22 29 28 26255 0.9688048038421605
10 26 5 12 34259 0.947048331797357
17 8 1 19 45090 0.9424888962006994
16 18 4 18 31891 0.9706620280719075
0 0 2 14 29281 0.9427882457907004
29 25 2 17 65499 0.9450936336466123
15 19 7 0 42581 0.9791404755793132
12 20 12 8 31745 1.006452736045362
8 9 15 1 25002 1.0301095190683447
26 19 0 8 61842 0.98303262006992
14 19 6 27 33628 1.0158507643690067
2 11 19 17 57542 0.9366224200971418
20 0 26 24 46961 0.9231456502338988
15 6 6 27 60064 1.0977346613529846
5 28 27 27 67516 0.9657805212334952
3 7 16 5 25215 1.0639768914669343
23 15 14 13 25504 1.0396045413765056
8 3 2 18 39093 0.9810511321017247
26 8 8 5 34776 0.9943623202885123
16 23 2 18 48677 0.9746529457165998
4 8 20 9 36714 0.9642984080651558
6 22 18 3 64100 1.0986239351389686
20 13 11 9 32988 1.003955540156604
1 28 25 25 74226 1.0060917209350326
25 17 15 28 47544 0.9169013806074642
19 28 28 12 42701 0.9756552560040753
15 0 12 8 28049 1.050470131163677
29 13 10 6 50644 0.9609857562002382
3 13 26 22 53695 1.0792510556040305
18 25 26 16 47836 1.0032599285063957
25 2 26 14 36442 1.098290646913526
3 28 21 16 48935 0.986561461820736
27 16 3 15 52425 0.9595660790239424
7 5 2 11 21958 1.0227371768198446
5 28 27 20 55850 0.945296502132537
7 6 0 16 36520 1.026469968924243
3 3 12 22 46039 1.0366227437371807
28 29 9 16 60074 0.9935148800932682
0 2 10 25 58312 0.9788478871468878
13 6 2 13 37334 0.9605808209258445
13 28 29 28 47186 0.9450831937073527
23 11 12 25 55112 1.0646422781986347
26 11 14 22 41962 1.0136267259469987
29 19 17 25 48505 0.9828995820651641
0 29 17 3 79373 1.0027039997019964
24 5 0 12 52415 0.9293631919276316
11 3 11 18 44644 0.9936583958061052
20 26 13 29 38517 0.9595308026597043
17 6 4 19 49549 0.9640222999140886
2 24 8 17 26181 0.936109799370359
11 8 11 27 44545 1.012991654819801
27 24 0 2 82134 1.0155748898652626
16 10 4 9 40500 1.056441512165992
6 25 3 5 41895 0.9651388205750787
6 7 6 24 41100 1.0207854731274222
20 13 13 18 31004 1.0393876458989233
1 15 21 12 43407 1.0433620646487256
28 6 7 3 48836 0.9300099626828652
27 0 22 5 19333 0.9539272480730042
9 22 2 15 27906 1.0852615532698768
11 2 10 14 30615 1.0773254816799072
15 28 25 8 53766 1.093167376165045
22 26 7 14 48797 1.0500693325223138
20 23 9 18 35412 1.0351989115110014
21 2 14 9 26751 0.9216865076356022
10 3 22 4 37403 1.0551222847660418
9 0 8 26 43107 0.9604964245679213
0 8 19 27 77901 1.0809125164794129
8 5 22 16 43054 0.9427262346139854
13 5 27 28 62066 1.079423147415116
14 14 11 24 40014 1.031194442299656
2 22 26 2 75955 0.9931377391171791
27 11 29 20 20299 0.9985234763222339
1 17 5 9 33464 1.0512000012348437
12 18 9 26 19894 1.0665688969511447
15 15 25 22 43330 1.0115612903887472
24 8 2 24 64415 1.0825212051635595
26 15 26 1 33883 1.008545217293131
12 26 25 5 63489 1.0370153339483092
9 2 21 13 35087 1.0946261952205232
26 8 1 27 79206 0.913048193420576
27 25 20 20 31056 1.0924961441593886
11 9 6 1 24638 1.0471777803868403
17 14 18 29 47716 1.0841483722442795
7 21 19 14 38954 1.072621752521923
23 10 6 12 47797 1.0980612682114008
24 12 7 24 55842 1.0170025327866599
20 15 3 21 45961 0.9895630476326941
29 5 16 15 48436 0.9233099413545822
15 26 16 15 60898 1.0623285781145446
19 27 19 5 47309 1.0200561653341842
27 18 15 1 48477 0.9158100349298038
28 14 9 22 47966 1.067061598962188
10 9 29 26 67973 0.9018995917346203
29 6 13 8 33441 1.000292232476216
26 25 7 25 58244 1.0626475458371525
1 0 1 10 25138 1.0262473861823451
20 24 26 2 47048 0.9546971788810612
12 28 4 15 40072 1.0091756395937
16 14 9 1 35669 0.9980786667840926
22 12 15 3 37206 1.01838090895164
24 3 9 19 57297 1.0686386953638327
3 25 12 22 26131 1.0003248687638215
2 26 24 4 76816 0.9962106054250176
11 15 28 27 69619 1.0063110824289057
27 5 15 19 39400 0.907232780171078
8 24 14 17 32861 0.9175154665402862
15 21 3 19 24249 0.9317537158625508
7 22 25 21 36886 0.9443428156059692
8 7 4 15 24201 0.9075840421901878
0 11 21 26 57423 0.9680054482742793
22 6 14 29 65083 0.9883749863864268
7 18 6 4 37127 0.9663542221541163
16 20 4 11 43660 1.0345689499045598
23 12 15 9 31996 0.9667241534055996
23 9 11 12 38897 0.979316660075392
23 14 23 27 36857 1.0265295607258518
18 27 28 27 41316 0.9214674575144196
12 17 2 18 31216 0.9730339902003277
28 6 9 28 66576 1.0983281422085143
7 14 11 29 37936 0.9462783042861729
6 12 19 19 34940 1.006614672578789
11 1 21 6 24332 1.0999481890961358
10 1 19 16 52572 1.022973441211115
11 14 24 20 41788 0.961918049782891
20 1 19 22 38365 0.9222739083891808
3 5 9 20 32711 0.9222524217348197
4 6 19 8 32166 0.9037846337514676
19 8 16 26 51552 0.9091262750939189
10 9 17 16 46268 1.0175402078130258
24 11 21 21 28308 1.070197790696254
20 4 29 25 49586 0.9839439361741795
20 17 8 13 34662 0.9570144348241153
9 22 29 10 51885 0.9930643198992839
20 24 17 8 35030 0.9978998788018931
11 25 29 22 54072 0.9051685860506479
19 21 10 18 26679 1.0242388033245367
14 11 29 27 59439 0.9475331739861834
23 5 4 0 39306 0.9011140604163266
28 11 16 4 42432 0.9434579254537185
17 0 5 9 37195 0.9479588034223814
20 21 23 5 27151 0.9676287600251143
20 9 26 5 21077 1.091064945176167
9 13 14 20 24463 0.9374031804843974
14 0 14 26 70798 1.0684482677628877
24 12 9 28 52503 1.0350757443776257
29 22 16 28 41908 1.0867253303683533
3 20 15 21 22716 1.042521572379097
2 18 5 9 28107 1.0317301980553661
9 19 28 5 51621 1.0737401842561207
26 17 0 0 71157 1.083206540261277
28 26 27 6 43230 1.0862165138970101
21 25 0 25 49427 1.0272482772241656
19 12 23 20 26704 0.9816690758272684
15 26 27 29 48294 1.0545297016991897
1 28 27 6 82784 0.9630975869187477
21 23 27 9 34558 1.039614298740584
13 8 26 18 41784 1.029053140818265
10 23 24 19 39398 0.907904708616141
0 13 5 28 34456 1.0895813493473516
3 19 26 6 61169 0.9775012716349197
29 8 14 21 44794 1.043046250805303
26 28 21 14 33509 1.0823654045175177
14 26 16 2 80332 1.066088971298314
10 24 23 6 60408 0.9160330527401969
19 13 10 24 38498 0.9798565932604031
8 2 18 0 21880 0.9524458089159556
23 18 8 26 44489 1.0432495160746
20 17 26 5 31335 1.0295919405339098
15 22 26 14 37436 1.0230340631605395
6 20 29 29 56226 1.0326941168879227
15 5 20 12 27680 1.026748099897703
2 17 25 6 66042 1.0247255450174726
1 14 5 2 32714 0.903355522260312
8 22 4 28 24921 0.9327208855881011
23 26 16 17 44485 0.910042543291255
13 2 25 10 47419 1.0536013507698556
6 14 20 4 45030 0.9194100279226993
15 28 4 10 55484 1.0074749953579654
12 27 16 19 38262 0.9021646025855238
1 15 7 1 36219 1.0659155208907247
12 22 8 13 22824 0.9313365609025052
19 16 28 7 40650 0.932808261623449
5 12 15 6 36312 1.0342821346261288
15 2 21 29 54400 1.0915987416400927
19 4 16 23 56396 0.9211054648064991
9 2 23 24 60933 0.99471260630017
11 10 28 9 46180 0.9693188429951656
5 29 0 22 27654 1.0283735878571085
7 16 13 9 36456 1.0468982678775325
20 6 15 26 63542 1.0879155389382222
22 26 12 1 54926 1.029488653108997
25 29 16 20 42212 0.9741998246293656
11 3 27 17 59319 0.9836759524871529
12 29 12 8 48108 1.0774043998886849
21 17 16 8 21477 0.9415552260456789
15 1 22 17 39106 0.9374978367605213
27 4 14 5 24117 0.9626701073629074
4 9 24 5 40160 0.912767549707051
27 5 4 14 51964 1.018116213490333
3 26 24 8 62714 0.965038677447831
6 7 24 7 42030 0.9815163651321224
11 5 2 17 38181 1.0171208755500762
10 27 20 25 50235 1.0353424048501725
18 7 29 23 49900 0.9843394925429917
26 4 20 17 33601 1.0740360377304932
10 17 23 5 47378 0.9827540764550884
4 27 10 21 24753 0.9258759865064495
9 12 0 27 39715 0.9763987399594034
15 25 2 28 53308 1.0492625735519547
15 17 8 2 49727 1.0647881005030508
16 4 25 9 32641 1.0621550824838808
1 21 8 8 32405 0.9937096230779273
22 5 23 17 31761 0.9229398841476172
16 28 11 2 68609 0.9236900194312906
17 5 27 29 58395 1.0433930948569987
27 10 13 23 56892 1.058451389096634
27 25 22 16 35540 0.9480818928075301
6 2 24 29 79543 1.000781697954357
20 21 19 11 26067 1.0747873894124385
8 18 21 27 35526 0.911380775643639
10 16 25 3 58878 0.9246615286299539
15 9 0 7 34358 1.0240409735647753
24 0 27 15 38559 0.9973560526638559
11 25 1 29 45307 0.9049717997771604
8 18 17 0 46467 0.9147274847012984
25 4 28 25 50303 1.0647328773930642
8 11 18 4 36228 1.0735029667588032
15 11 27 19 39150 0.9880300132270372
14 29 19 7 64513 0.9566031142922475
0 3 11 27 64187 0.9397905320035873
24 29 25 14 45950 1.099539889746103
11 2 25 19 54472 1.0710723349131293
7 12 16 1 38811 0.9642195394180355
15 8 25 20 37910 1.0234898579403866
0 7 25 14 57717 0.9559703086445759
4 16 20 0 54034 1.0893524931608456
4 9 20 28 63226 1.0999771757978378
18 20 0 26 49062 1.0786467265561885
12 14 5 22 30129 1.0568946344824208
11 1 24 27 69327 1.0522306594852278
24 14 12 1 42486 0.9638151575318639
6 0 15 18 49129 1.0532075224057735
7 12 13 8 23895 1.073162997774719
18 14 11 10 36261 1.0973093587115843
24 1 6 7 40469 0.9596901662147055
13 12 27 15 36984 0.9920306304968884
20 21 23 3 38655 0.914050245310642
18 2 5 2 34331 0.9654409160549293
19 7 4 3 41597 0.9092263950037763
24 28 7 25 57429 0.9029533241268559
18 21 2 17 39392 0.9391850162514426
17 19 26 15 25828 0.9016890460760276
27 0 0 17 71735 1.0918165391451702
22 24 18 4 45148 1.0750939817046572
10 29 22 21 38772 1.004025529858866
29 14 21 28 35799 0.997084937211352
13 28 7 7 49639 0.9861688731634292
4 29 1 4 49167 1.0931578924721175
22 1 12 17 50117 1.0294099126526621
14 27 3 25 43842 0.9567062444451235
13 10 19 28 62795 1.0567279441344184
16 7 6 17 43180 0.9816584357978524
0 10 12 18 38973 1.0992027369203277
0 22 15 25 48253 0.9323558489801993
29 14 18 4 39863 0.9474022351892236
4 13 8 24 28971 1.0268745879510486
15 4 25 4 26801 1.088249267380774
1 27 27 22 65607 1.0298643514497188
5 26 24 25 69450 0.9985566025400252
19 7 21 24 31915 0.9784129672926056
0 10 18 20 54220 0.908595520396056
4 20 28 21 44550 0.9515665672668432
22 19 2 12 48802 1.0555836189350454
17 19 3 29 40796 0.9903670773963437
7 9 22 16 48217 1.0902229863786341
15 5 5 11 31106 0.9736106654662835
5 23 11 13 29466 1.0610294690118374
9 28 27 8 59655 1.0364335981549349
6 4 13 26 57489 0.9737266012588442
9 14 28 16 43204 1.0397302794148762
22 7 23 27 44898 0.9380377981745245
24 10 6 1 52591 1.0655922834958043
12 24 17 11 55426 1.0317453365204279
11 0 29 5 37451 1.0123161198368174
23 14 8 19 35498 0.9157486717628794
13 28 10 21 23327 0.9247165814400529
10 18 18 25 55733 1.0858728760559864
14 8 4 10 22878 1.0553752033624533
22 21 28 4 38093 1.0603586847457733
4 24 22 15 51003 0.9092581035601244
3 18 24 26 56750 1.0170873191902938
14 8 8 18 29333 0.9289892239989264
1 18 5 3 39972 1.0437341069166464
20 1 28 3 19197 1.0246752165084625
11 7 17 0 33287 0.9751027544098448
3 19 18 28 50375 1.0679903801621358
28 7 5 23 68618 1.053454016766597
23 22 10 19 31981 1.084757834787577
21 8 18 23 40480 1.068545345255341
12 13 7 20 23671 1.0466727616108062
14 18 3 12 36507 0.9590821660874536
14 9 5 28 56779 0.9865883029584012
3 28 13 23 42647 0.9000856949575046
7 24 10 4 43930 0.9945720036704093
3 3 12 9 27037 0.9974194547001454
26 29 19 8 48089 1.0699363054494706
13 12 7 27 47899 1.0251885850268283
13 14 17 22 42748 0.9309395605090758
10 23 26 28 54907 0.9603341542874541
4 10 23 16 53829 0.944406594203613
21 3 11 27 66247 1.0072147090329073
2 7 5 18 30159 1.0382312600265164
8 21 0 19 17754 1.0770779585293522
25 20 7 7 56573 0.9190690324746699
2 24 15 22 35978 1.0535923466996993
29 11 3 4 54171 1.0275870788710855
14 29 23 9 64124 1.038344734765213
12 24 4 5 49230 1.0842479431053125
3 23 21 13 45368 0.9558163114182575
19 24 17 16 42946 0.9974395128650738
18 10 5 16 57179 1.0383265417783747
20 28 3 21 44312 1.0762231358362102
22 26 8 28 45150 0.9170882596036724
4 3 16 27 75203 1.0570810006539844
12 26 19 19 39886 0.9931836265725635
20 3 0 23 73526 0.9067950305150537
25 19 15 16 32403 0.9741520243319965
25 7 9 8 34692 1.0160517152887185
2 26 24 27 68134 1.0380179679980444
9 1 5 11 27149 1.068966096427074
15 3 1 16 56222 1.07420649842529
14 10 1 16 51659 1.0539896779386582
25 13 25 27 43702 0.9226770314643786
19 13 4 3 41967 0.9027639929088809
26 3 0 17 66965 0.9722868217769304
29 19 28 7 22983 1.082105654140918
23 22 25 8 35122 1.040494151410143
2 2 28 16 73537 0.9686542105613984
28 28 17 4 63825 0.946138873253657
27 15 7 26 62167 1.0551791272571123
22 28 8 5 56129 1.0210490970637716
7 12 15 18 34025 0.9433506337112467
9 12 8 1 17936 1.0103564131484333
12 22 29 14 44948 1.0378735068277711
25 22 15 7 46158 1.0536611446682016
12 29 4 14 45826 0.9704519618224858
13 22 27 14 44525 0.9136795941811884
24 21 6 24 39396 0.9041462134989342
0 6 10 1 24129 1.057772665995428
17 24 7 7 60120 0.9673188361973991
13 1 23 22 50905 1.0294892018332262
8 17 1 6 36984 0.9603993336635265
11 25 11 3 58532 1.0804469872660871
12 20 3 1 46324 1.0124114621763856
29 23 5 26 61762 0.9906397876312778
28 11 5 5 52554 0.9980884000960852
28 27 5 15 74277 1.03536518285811
20 1 9 25 54872 0.924577484142776
21 10 11 0 30914 0.9322949534179078
11 12 2 6 38629 0.9995296669777759
19 29 0 2 84096 0.9979570648379122
24 3 3 24 75050 1.0158386480124164
12 26 25 3 73184 0.9598721180038178
14 21 27 7 43752 0.9351533930655623
5 16 24 25 66372 1.0186158493093742
8 0 13 12 34888 1.0021571703024474
4 18 18 20 36269 0.960422711483099
29 24 16 18 39300 1.0329018023238021
6 5 27 6 37380 0.928310556869397
3 18 22 13 40437 0.9104620580025607
23 15 1 26 69562 1.0770524464642226
27 8 3 21 60559 0.9504226099772795
23 14 8 23 42229 1.0539783255930972
7 12 29 2 58569 1.0475465976946894
5 2 5 22 45243 1.0099267884658303
25 3 2 19 68826 0.9526535571069491
12 2 26 0 29876 0.9383489953635691
18 28 7 7 64315 0.9554532600976798
20 14 3 8 43577 0.9546916569902515
19 22 28 17 31713 0.9586040377483872
21 17 7 1 45410 1.0871513606574088
16 1 22 17 37434 1.0301396012607957
15 24 22 15 39493 0.9764807522030954
26 10 10 12 42875 1.041151212037338
14 24 3 7 58430 0.9335698230483728
8 6 21 28 55366 1.0203791706431722
3 6 18 27 78837 0.9412065071511196
21 7 16 13 17273 1.0906680511691493
26 26 4 4 74031 1.0032102505792677
12 28 14 0 58895 1.0163210106766039
24 1 6 3 36297 1.037123029733333
16 20 4 3 55015 0.9051572340838405
28 14 21 25 31723 1.0515504917072926
29 13 7 10 51046 0.9251811188078322
10 26 9 5 35931 0.9847066636494934
23 18 12 28 49151 0.971603529044676
26 4 17 20 42356 1.0635896396878182
0 21 2 8 26957 1.0487591524826354
2 9 10 21 37627 1.0847151854159205
17 5 13 12 38673 1.08447650576179
20 19 29 29 32765 1.0166616064390823
12 11 26 9 40560 1.050330230017771
1 0 27 11 64723 0.9227069826269573
15 16 24 8 37271 1.0155491904247549
29 1 19 19 41075 1.0071739349351643
7 26 10 5 42490 1.0838171164050585
9 17 24 13 31923 0.9627736343787662
13 8 27 16 40385 0.9427066546428863
17 15 3 26 56741 1.0611446581681394
25 3 1 29 90033 1.006791804825392
13 13 22 10 26684 1.0628900357026172
25 12 28 23 33379 0.9635279762235724
3 3 23 9 46054 1.0112312567751434
20 1 26 24 45264 0.9424400105161331
17 12 10 19 31110 1.0902649547986298
13 26 25 10 71566 1.0486863133862783
17 3 27 3 34107 1.0585202742625608
16 4 22 22 44850 1.0472736068858497
18 15 18 27 55026 0.9078666863980515
7 0 12 21 39947 0.9259857668929593
15 13 0 3 41262 1.0230768280242573
19 8 2 28 61913 0.9759454308834526
16 23 27 10 54309 1.018166024169036
24 13 11 5 32035 1.0367652103044875
26 23 15 26 48322 1.0761705866763331
25 27 22 14 38551 0.9634578808174611
9 13 24 28 50190 1.0449866892942692
19 24 27 16 36673 1.0343960711650209
19 28 5 7 66274 0.984627348112032
25 17 16 24 48428 0.962021250607828
1 26 25 27 74760 1.081539198769087
13 9 6 6 24912 0.975812619324837
16 16 1 26 63190 1.0113240654733735
12 25 24 29 53348 1.0256143246279839
18 3 3 25 72181 1.0738027397390437
11 16 28 16 54633 0.9481229818682695
24 16 19 7 39502 1.0206219703793946
7 13 29 2 52701 0.9608803445696916
5 23 28 2 76023 0.959984456899935
25 19 5 5 52481 1.0546821518049625
10 6 1 14 35648 1.0697967695475752
17 2 24 24 60036 1.0218504407872206
20 16 8 8 41327 0.9667139130773215
10 6 26 16 52511 0.9521204488788356
13 3 15 12 48049 0.9368533559573642
29 15 14 6 45914 1.0922137144681037
26 17 10 20 41587 0.9755322318341632
28 19 12 25 47060 1.0980598110759976
14 11 23 15 37622 0.9536697496181463
24 14 28 24 36169 0.9634808323549807
0 1 3 19 32420 1.0073464236999203
13 12 5 3 39385 0.9568603450713048
9 28 29 14 56305 1.0066271170801278
14 10 23 27 62693 1.0875243749459942
11 21 6 29 25207 1.0484047573151094
10 11 24 4 44366 0.9313289870935512
8 15 12 27 35861 0.9406570311288143
28 15 10 22 54695 0.9247487237154439
15 14 24 24 45923 0.9691156879581695
8 12 1 2 35001 1.0161978316623435
18 9 6 3 40126 1.0892912198672706
23 1 2 24 71858 0.9901406891727113
12 27 26 7 68264 0.9143212671435604
2 9 22 16 55375 1.0000643695577096
25 6 13 22 54106 1.0955497465790105
1 0 1 17 38725 0.9768012378820344
28 21 12 9 51596 1.0386195282984434
21 7 12 24 46392 1.079354136569022
14 24 24 19 37785 0.9636003911857355
20 29 24 19 24789 0.9788788149302792
21 11 15 21 24256 0.9175244028572672
6 4 0 0 19752 0.9531011348926148
17 1 5 7 32887 1.05813669640636
17 6 1 0 40807 1.0379757625361978
3 5 4 20 26580 1.0548410142979368
12 12 15 26 56310 0.9167246552285139
22 7 7 8 31517 0.9379502860426169
6 20 23 24 43231 0.9640554706037411
28 0 9 11 47589 0.9193115476239956
28 19 15 15 41228 1.024173533790427
1 25 28 15 76777 0.9993691736554373
3 16 17 16 47526 1.0703036477630476
24 8 16 5 17613 1.042458892415144
2 6 17 29 81168 1.0093473277746532
12 17 20 25 40134 1.0935272005151186
24 12 16 3 46645 1.0537348329653236
15 29 13 5 62819 0.9363768494734147
23 20 3 27 49996 1.014974180006279
8 10 23 15 42031 1.067140899186094
17 24 21 18 28536 0.9872946775078155
13 21 2 16 32259 1.0196892299539777
0 27 19 3 78835 0.9504395723107495
3 25 21 19 40512 1.027850359887782
8 27 27 1 71744 0.9597450556590422
6 26 3 16 26931 1.0662934475860222
20 29 23 11 40570 0.9308822013224314
4 27 24 0 77394 1.0447206259409685
9 10 8 29 32084 1.047674922195781
12 23 0 9 47430 1.046431916447527
5 3 17 17 61435 0.9470489119848424
10 13 3 18 19489 0.9523429620464069
28 20 21 26 23145 1.0715080111304642
10 6 8 16 26923 1.0818073835999973
7 20 28 10 60110 1.07111600216836
21 4 5 20 52230 0.9943594272445192
0 7 26 1 52530 1.0162935838667069
10 2 6 12 31272 1.08267798310642
18 21 3 16 33959 0.9276923338992442
9 10 5 0 21799 0.94494746250162
14 1 23 26 55875 1.0949814054548728
27 18 14 29 53660 1.0692356929519546
10 8 7 27 43116 1.0143527693224392
25 10 12 8 33706 0.9444742910998678
9 4 29 13 46083 0.9016661173933574
15 26 2 27 54724 0.9356216683570792
2 7 6 22 34829 1.0764908915436702
20 8 0 29 69954 1.087800968398531
26 22 12 6 52431 1.0984350961396183
9 23 3 15 23140 0.9257674042650441
10 24 8 13 22881 0.9655372627013796
29 12 8 24 55413 0.9456930110593003
13 29 8 11 45708 0.9729057345866516
2 16 23 27 66810 1.0074914473598067
7 15 27 8 51273 1.0334166063380539
20 17 5 16 48127 0.9965262298231472
23 6 14 19 40220 0.9305094607737006
10 12 20 23 48534 0.9187006658352111
4 5 8 11 19911 0.9168871163165517
29 17 7 25 60213 0.9480520678859508
0 6 15 20 52205 1.0137852698097252
18 26 15 16 49094 1.0278469020989909
20 27 0 17 59586 1.034690084533802
29 23 12 29 59183 1.0184086754986619
28 7 14 29 71497 1.0864711311489037
3 20 11 5 36050 1.0774361737113742
11 24 20 28 44499 1.0597627556348372
5 16 20 12 43167 1.024407533123817
14 5 2 4 24744 0.990271915824042
6 8 20 5 28065 0.9423075824661666
24 5 9 0 32064 0.935388404578673
28 7 18 6 31196 0.9945337774282237
13 7 8 26 45058 0.9803004648384426
13 11 8 21 32186 0.9768896074486777
25 14 5 26 65142 1.0883913735786221
21 20 1 2 63045 1.0587478414036529
9 22 8 0 34378 0.9065058170847602
5 23 12 26 35074 0.95094988870099
13 29 13 13 46833 0.9945669048266289
23 5 22 17 26528 0.9978428812826783
21 21 3 19 34302 0.9945313190523387
10 9 15 19 33292 0.9043791503706416
5 25 16 25 58412 1.0255099903018943
13 27 13 1 65668 1.0315503320394608
11 23 3 3 51619 1.046855627691888
11 28 16 3 67742 0.9721256605868007
28 24 21 12 34796 0.9918219646088176
19 22 20 2 42495 1.0845261471088552
28 22 26 3 40762 0.9046877594334379
11 16 19 4 51749 0.9047141978755212
17 16 25 14 36321 1.021391207498781
25 1 25 15 39192 1.0231472679474485
13 2 28 29 80546 0.9812959808692694
17 12 13 2 50590 0.9659584767792351
0 26 16 8 57133 1.0215040647315259
27 2 19 17 47462 1.0801230651863656
17 25 16 4 69071 1.0320369936738873
13 7 11 24 47386 1.0038019474460969
14 4 26 26 61043 0.9871825021424747
16 26 27 24 49383 0.9282554631395563
28 15 1 18 64688 0.9236178627440342
15 24 14 15 50850 1.050557785294266
22 15 14 1 37552 1.0260129577290071
5 29 24 4 78678 1.0662035757695902
0 17 16 6 54040 1.0248906156668054
15 4 24 16 48913 0.975088545577723
23 8 15 27 54495 0.903678816381869
14 27 17 15 64630 0.986386760611914
29 25 8 17 50123 1.0430843964444305
26 9 16 13 27226 1.0103544779335816
2 0 24 18 69789 1.0960244438784803
3 7 12 27 54572 1.0394469406081663
5 3 27 9 51073 1.0361795564185585
16 26 7 21 43341 1.0486115630460708
8 16 16 8 28861 1.0286874077470303
5 13 26 12 38701 1.094116425241889
7 9 28 16 58537 1.0652927841136635
9 23 25 0 58913 1.0754555001360198
14 25 14 4 70232 1.073024438543621
7 6 14 3 29180 0.9879660225621756
28 25 21 0 53963 0.9351412581779545
21 27 2 26 52383 0.999306742649215
22 4 6 3 36435 0.9780678512042746
28 25 14 23 48651 1.082519420838436
17 21 18 12 31831 1.0062286674558292
29 26 9 12 56025 0.91333523543757
10 6 9 22 32180 1.0026482934843375
9 9 23 20 44012 1.0573994176573531
27 7 12 24 59022 1.0297187625587887
10 12 7 22 30795 0.96868631640611
1 0 6 6 19058 0.9304442156783997
10 10 28 9 49978 1.0026656996821917
27 2 0 28 88819 0.9630008450939929
20 26 11 29 42864 0.9370063373703839
5 28 8 14 35537 1.0210528604155658
26 16 0 14 53780 1.091797635532927
10 22 1 16 35983 1.0859815174841805
28 6 10 2 45656 1.0232071337091837
3 24 0 7 32421 1.069156133200347
25 26 22 12 43189 0.9274309203262466
17 6 7 16 45909 0.9864882864464104
17 24 8 25 42986 0.9207805246567488
6 8 25 29 70692 0.9385043142531536
24 28 5 0 74656 1.0875309238282023
0 10 13 23 53194 1.0954626792497424
14 3 0 23 63090 1.0029470892427081
24 0 15 22 49090 0.9809339177618678
12 4 2 14 35519 0.9860372771146027
10 18 3 13 23215 1.0754892444740263
5 17 9 10 24461 0.9445695508388675
4 29 6 14 36311 1.0274460396516534
5 20 6 7 31931 0.9778481518101185
3 28 15 1 61082 1.010547347697667
9 3 29 29 72258 1.0957774137300638
18 28 15 17 42924 1.0681909106730703
5 21 12 4 40342 1.0623566612759012
6 14 25 24 61267 1.0202189457589639
22 9 12 11 35111 1.0813835517127823
16 11 12 23 50211 0.9262744795961529
3 15 14 0 41038 1.033521691535186
26 10 22 27 43646 1.03857667091322
28 11 2 2 67701 1.0961918019647001
15 21 23 17 27749 0.9884050999230203
27 5 22 20 35181 1.009850115580644
26 26 12 27 50113 1.045214243110587
12 8 2 16 33971 1.0885150494957978
14 10 16 29 74758 1.0782306886688553
29 0 16 23 67078 1.0743505434587026
6 6 25 8 38703 0.9174718757836621
29 15 23 3 37423 0.9758214148477415
8 3 23 23 63436 0.9041261995596531
18 20 28 16 35865 0.904556937246348
7 20 29 18 46920 0.9297859411174951
10 0 22 2 27380 1.0346083284922574
14 20 5 21 21520 1.0578318987214756
16 19 24 0 39507 1.014670553973172
7 10 4 27 48760 0.9129597367998311
13 6 22 4 26604 0.9655067366365683
12 1 2 28 58571 0.9098941923769148
28 13 27 23 24304 0.934117802810731
8 14 24 25 59639 1.0468197408388527
19 4 6 2 35938 1.0724864685726812
1 18 15 6 53048 0.9689624434518593
10 6 4 28 54936 1.0600079794838937
11 2 2 4 28156 0.9516700006534067
21 20 28 2 40394 1.0379138980116533
17 11 25 27 56939 0.9791187565804352
7 25 22 11 58324 1.0694986632028078
16 15 18 26 53091 1.086211292445391
20 9 14 24 53306 0.9208350591186905
6 29 18 25 60725 0.958236438196
16 1 10 24 50804 1.0145671311630595
0 9 18 3 54299 1.0724524406033498
21 28 4 6 62254 1.086718473542849
20 7 1 26 72601 1.0893881663298124
0 27 12 21 32128 0.9513692273590848
20 15 22 2 31066 1.035412808275206
27 19 12 18 31120 1.0291684549130895
14 23 22 14 35783 0.9555047819575772
22 2 6 22 61405 0.9529278331954106
1 6 22 18 60111 1.0517079576313035
2 15 0 29 35364 0.9550506161646126
14 3 28 11 49898 0.983713430445338
19 28 2 19 52146 0.9338325482478798
18 15 22 25 40362 1.0479976569966871
6 19 14 9 37452 0.9299144472025399
15 26 18 14 52764 0.9438656153601985
25 24 11 23 49480 0.9991366426373878
17 11 27 0 45488 1.017561227319279
19 4 5 10 40899 0.959631081479853
25 10 20 18 33181 1.0151489713477464
23 25 2 28 65376 1.0464372995190288
18 10 14 16 49827 1.0721212757534195
22 11 28 25 44471 1.0947215309069565
0 22 18 23 50613 1.009850117702231
24 29 16 6 62801 1.0142611047767969
20 5 7 29 62807 1.0958385044454195
5 22 16 18 33839 1.033595793434384
25 9 16 11 41507 0.9212680035502864
10 16 22 29 50839 0.9054211113778529
14 5 27 7 27103 0.9139372597105723
3 14 16 16 42911 0.9248556533942416
3 12 28 6 55489 0.9728962072428115
18 14 14 20 33697 1.0295176551308374
11 27 29 27 60319 0.9948656128029942
2 16 14 22 39644 0.9161741342048733
4 11 11 0 31437 1.06162060948532
9 23 23 5 48587 0.9285050081495567
15 5 0 28 61607 0.9421431287390578
20 17 25 12 23305 1.0414043574679934
16 4 26 28 62314 1.0694864842009735
28 1 24 22 49195 1.048785179209667
3 9 18 15 48280 1.0975525243779183
1 18 13 17 38706 0.9219599742192001
27 28 27 12 36501 1.0391244106152546
14 0 12 27 62712 0.9442911911013443
