6009 6667 6446 6346 6568 5997 6120 5983 6067 6647 6613 6482 6436 6145 6058 6181 6594 6337 6155 6562 6292 5954 6648 6246 5973 6670 6602 5470 5208
8246 8141 8007 8507 7917 8516 8533 8490 7866 8078 8551 8127 8499 8057 8365 7792 8026 8421 8156 7824 8304 7811 8121 8453 8121 8416 7857 7951 7949
3465 4131 3698 3920 3727 3900 3547 3869 3587 3667 4034 4106 3653 3707 3909 3642 3820 3648 3999 4014 3513 3778 3557 3912 3721 3551 6936 7121 7248
5944 5672 5544 5688 5997 5309 5489 6054 5363 5772 5770 5899 5344 5747 5163 5326 5190 5640 5616 5182 5843 5413 5624 5115 5565 5422 5344 5693 5300
4257 4574 4754 4182 4676 4335 4187 4590 4728 4223 4147 4549 4501 4404 4177 4571 4202 4474 4235 4175 4475 4593 2957 3313 3021 3251 2956 3250 2897
6386 6377 6832 6733 6209 4724 4725 4794 5126 4451 4470 4488 4684 4587 4855 4672 5061 5122 4982 4512 4751 5141 4543 4738 4840 5113 4761 4996 4576
8002 8083 7722 7996 7907 7946 7961 8165 7512 8165 7445 7800 7990 7573 8174 7508 7928 7866 7788 7709 7721 7590 7601 7557 8135 8176 7606 1728 1637
5081 5560 5321 5448 3500 3308 3360 3846 3356 3679 3835 3424 3890 3481 3296 3511 3587 3610 3357 3434 3808 3358 3797 3832 3868 3555 3638 3548 3453
1546 1773 1152 1621 1496 1185 1635 1724 1044 1312 1655 1680 1536 1788 1324 1711 1317 1394 1098 1377 1275 1717 1187 1400 1358 1232 1509 1802 1695
3631 4261 3875 3786 4019 3574 3770 3937 3651 4125 4161 4009 7144 7139 7158 7057 7150 7346 6970 7239 7013 6704 7235 7092 7206 7246 7016 6658 7290
5113 5020 5037 4817 5010 4549 4528 4544 4956 4637 5070 4688 4483 5030 4742 4729 4606 4765 4423 4581 4483 6816 7187 7203 7067 6971 7295 6696 6922
5535 5446 5323 5803 5489 5244 5435 5209 5248 5334 5336 5838 5733 5701 5738 5636 5440 5589 5548 1801 2297 2180 1650 2156 2129 1904 1859 1860 2009
3420 3063 3306 3256 3435 2928 3071 3173 2837 3485 3058 2813 2755 3445 2876 3353 2917 2855 3068 3144 2749 3046 3475 2819 3455 3318 5999 5989 6590
5451 5334 5404 4819 4873 4855 4803 5489 4835 5306 5426 5228 5337 5830 6049 6313 6152 5872 5994 6381 5858 6058 6334 5910 6260 6186 6136 6360 6150
6571 6764 2105 1892 2117 2260 2023 1802 1846 2388 2298 1923 2215 1750 2272 1697 2007 2182 1690 1780 2332 1973 1761 1953 1794 2368 2228 1930 1837
7096 7088 7021 6981 6857 6682 7058 6483 6811 7130 7179 6827 6555 6721 5996 5329 5470 5808 5369 5633 5670 5437 5835 5595 5449 5885 6054 5670 6021
6746 6899 6423 6975 6599 6509 6988 6999 6518 6662 6874 6972 6990 6517 6530 6933 6608 6976 6735 7133 6857 6971 6805 6934 6580 6876 7118 6442 2900
6070 6303 6412 6375 6336 5815 6036 6151 6211 6361 6355 5996 3304 3116 3769 3344 3660 3770 3208 3307 3114 3212 3717 3686 3452 3490 3650 3204 3136
5247 5115 5086 4952 5276 5532 5585 4967 5353 5057 5423 5208 4984 5268 5398 5472 5490 4912 4932 4894 4888 4891 4919 5313 5439 5259 5094 5152 5198
4664 4500 4431 4283 4801 4261 4730 4541 4641 4821 6603 6410 6589 6736 6364 6494 6842 6604 6417 6184 6250 6448 6350 6324 6858 6375 6136 6708 6580
5112 6449 6083 6284 6184 5798 6447 6240 6191 5781 6268 5854 6229 6141 6322 5991 6031 6374 6300 6253 6220 6326 5823 5738 5947 6273 5977 5762 5920
2735 3013 2794 2715 3152 2856 2828 2884 2504 3075 3227 2778 2654 2848 2592 3020 2626 2586 2498 2814 3212 2718 3749 3453 3263 3368 3864 3262 3591
5428 5828 5825 3069 3103 2539 3131 3118 2867 2985 3041 2618 2866 2504 3174 2690 3184 3179 2511 2785 2598 3205 2688 2921 2881 2886 2554 2985 3059
2546 2267 2217 2450 2132 2665 2695 2409 2454 2699 2634 2609 2669 2853 2357 2634 3782 3398 3839 3589 3933 3365 3795 3693 3871 3811 3488 4009 3600
1723 5728 5635 5397 5447 5362 5964 5978 5349 5980 5716 5494 5246 5828 5249 5886 5607 5773 5621 5507 5264 5514 5515 5909 5448 5237 5580 5649 5619
8112 8073 8021 8101 8203 8229 8513 8323 8063 7993 8159 7830 8350 8096 7936 8143 8219 8081 8228 8225 8488 6060 6254 6259 6043 6220 6448 6210 6393
2364 1887 2149 2222 1918 1936 2178 5706 6078 6141 5714 6105 5813 6300 6404 6000 5971 5773 6254 6213 5841 6278 6111 6096 6015 6045 6369 5949 5747
4471 4250 4554 4297 4269 4664 4755 4385 4285 8238 8243 8457 7781 8319 7989 8393 8173 7976 7727 7910 7836 8294 7807 7957 8106 8391 8362 8102 8196
6010 5788 5965 5625 6051 5476 6096 5842 5757 5969 6084 5999 6054 5741 5616 5826 5486 6023 5728 6162 5746 5818 5943 5482 6403 6681 6544 6089 6412
7868 8155 7972 7674 7973 7698 8189 6289 6651 6669 6385 6594 6511 6078 6195 6276 6335 6708 6287 6104 6079 6057 6204 6038 6751 6287 6763 6368 6221
1929 8513 7448 7898 5392 4878 2835 8560 6604 3558 2616 7775 1377 4612 6689 6050 2059 6382 2807 7908 1837 6919 5107 5986 3443 6590 7586 4721 5652 2189
1313 8372 7664 8008 5658 5351 3333 8728 6150 3566 2786 7589 1642 4691 6065 6242 2261 6712 3022 7864 1764 7197 5415 6046 3623 7148 7392 4951 5654 2593
1687 8050 7264 7953 5675 5457 3217 8241 6119 3540 3171 7440 1657 4703 6615 5904 2034 6496 3090 8373 1306 7374 5452 5586 3106 7134 6915 4495 5208 2445
1941 8250 7216 7498 5810 2688 2866 8587 6579 3116 3258 7477 1345 7907 6562 6041 2173 7012 3050 8370 1339 6906 5113 5890 3472 6501 7496 4927 5715 2023
1761 8518 7337 8032 5246 2841 3198 8959 6343 3409 2921 7506 1194 7272 6681 6305 1846 6528 2657 8073 1989 7264 5396 5602 3282 6635 7493 4954 5035 2564
1556 8444 7143 7809 5607 2590 2932 8613 6489 3013 2668 7908 1090 7543 6693 6162 1508 6374 3084 8441 1371 7327 5388 5454 3396 7178 7430 4585 5328 2027
1703 8279 7433 1736 5489 2380 2953 8689 6459 3262 2931 7879 1067 7957 6131 5604 2194 6385 3066 7926 3962 7087 5191 6056 3468 7242 6492 5093 5066 2597
1818 8159 7615 1792 2452 2416 3427 8967 6440 3351 2545 7971 1593 7676 6397 6012 1954 6643 3008 8451 3687 7513 5039 5510 3404 3039 6488 4973 5320 1917
1566 8329 7406 1765 2116 2531 3393 5536 6099 3046 2911 6164 1409 7541 6496 5943 1562 6655 2839 7769 3791 7523 5245 6140 3358 2712 6314 5514 5637 2103
1393 8300 7470 1672 2521 2904 3302 5490 6556 3361 2886 5829 1250 7439 6632 5908 2076 6577 2924 8087 3932 6956 5156 5928 3275 2843 6394 5568 5265 2476
1873 8170 7194 1133 1958 2917 2859 5608 6215 3413 2994 5928 1193 7538 6038 5599 4262 6436 2987 8407 3809 7108 5362 5614 3257 2697 6369 6050 5249 2057
1871 8177 7329 1099 2688 2988 3235 6013 6355 3617 3151 5694 1052 7853 6132 5743 4297 3511 3013 8408 4119 7029 5518 5649 3530 2886 6401 5531 5260 2415
1375 8211 7647 1806 2309 2369 2910 5819 6465 3384 2569 6199 1519 7981 6591 6216 4181 3802 3010 7934 4151 7194 4929 5886 3519 3067 6372 5663 5308 2430
1183 8391 7427 1328 1959 2416 3360 6174 6181 2938 2770 6328 1190 7453 6729 6218 4245 3763 2571 8191 3791 7015 5456 6002 3598 2927 6268 5622 5554 2379
1423 5819 7518 1213 2251 2466 6118 6069 6048 3302 1641 6066 1562 7545 6106 6104 4224 3483 3109 8441 4352 7410 5348 5807 3606 2836 6346 5762 5234 2391
1466 5650 7090 1249 2668 2385 6334 6220 6194 3584 1777 5960 1774 7602 6733 5765 4508 3724 2924 8224 3840 7446 3158 6164 3648 2687 5937 5913 5203 2332
1568 5880 7178 1515 2270 2689 6369 5985 6060 3354 1638 6332 1593 7753 6687 6110 4199 3238 2527 8377 3897 7603 3028 5651 3651 2804 6222 5758 5084 2280
1205 5733 7223 1790 2694 2611 6224 5866 6203 2901 1876 6094 1137 7468 7664 5679 4140 3678 2843 7864 4035 7240 2942 5694 3739 2756 6515 5981 5415 2575
1746 5709 7503 1378 2372 2329 5828 6077 6959 3218 2017 6012 1380 7365 7567 6163 4195 3433 3082 7729 4307 7208 3457 5741 3778 3043 6632 5666 5586 2061
1463 5272 7395 1475 2118 2790 6480 5689 6819 3306 1750 6377 7730 7403 7993 5559 4075 3930 2902 7945 3982 7482 3023 5488 3752 2970 6495 5399 5296 2400
1379 5641 7562 1714 2629 2987 6545 5841 6823 3329 1680 5645 7829 7470 8031 5959 4132 3661 3279 8033 3854 3762 3111 5873 3370 2945 6440 5567 5493 2518
1806 5698 7185 1526 2459 2950 6363 5557 6316 3552 1514 6050 7977 7571 7724 4238 3980 3591 3299 4582 3734 3692 2738 5782 3451 2740 6605 5716 5425 2182
1780 5376 4187 1383 2547 2485 6235 6102 7037 3367 1888 6232 8396 7361 8116 4135 4280 3614 2860 5151 3992 3506 3221 6104 3264 2913 5981 5421 5661 2618
1304 5396 3973 1669 2489 2541 6407 5552 6762 7382 1666 6098 8393 7664 7887 4211 4190 3239 2747 4818 3881 3726 2922 7712 3154 2745 6441 5904 5124 3943
1834 5298 4177 1347 2719 2906 6188 6112 6929 7883 1507 6376 8038 7890 7650 3668 3964 3917 2933 4736 3732 3804 3136 7817 3563 2660 6253 5700 5199 3818
5324 5290 4169 1822 2391 2326 5842 6155 6831 7566 1432 5951 7986 7494 7979 3916 4056 3853 3329 4770 3699 3454 2834 8160 3162 3002 6207 5995 2528 3434
5044 5210 4427 1451 1993 2849 6418 6110 6571 7650 1554 6377 7790 7685 7750 3949 4382 3556 2817 4916 4358 3721 3062 7926 5012 2598 6049 5923 2300 3601
5222 5723 4169 1425 2698 3010 6290 5928 6371 7485 1538 6008 7796 7938 8186 4091 4341 3629 3206 4542 4374 3658 3287 7555 4745 2643 6015 5394 2468 4128
5114 5338 4277 1470 2171 2602 6061 5783 6861 7382 1689 6037 7981 7499 7850 3796 4280 3376 2757 4708 4075 3833 2848 7497 5375 2769 6614 5845 2467 3828
23 29 29 3 85523 1.0136191532580776
0 23 0 8 77885 1.0210919223088597
8 28 29 17 82555 1.0788126719172353
7 16 1 23 37688 1.0639885961228117
24 22 8 7 67874 1.0356630570072332
8 25 18 4 51356 1.0244128001706772
29 22 4 10 89266 0.9770830387439872
28 6 8 14 59035 0.9791505321868332
28 28 5 11 89394 0.920032685130752
4 7 0 13 34694 1.0008433140996236
26 20 6 19 75771 1.0086739868989376
6 4 23 10 47287 0.9292239982127741
9 22 2 5 48389 0.9747779388641539
13 18 18 28 38993 1.0503822834136574
29 11 26 21 61052 0.9352299926349353
9 12 28 19 65912 1.0465124369878969
28 25 27 15 62708 1.0880849545411595
6 7 24 20 80261 1.0054942387355088
15 28 11 10 48897 1.0512351859846287
16 1 15 16 46491 1.0443549534418506
9 18 4 12 16853 1.0877379995202854
27 18 17 1 74247 1.0247739848750739
29 9 13 12 37247 1.0125029839768591
11 21 0 1 62914 1.0417921237500232
9 3 16 23 56360 0.9646240929976593
26 28 7 24 62668 0.9130548268288264
27 8 26 28 90352 0.9362894011900225
5 8 27 7 64381 0.9038124065622768
15 8 10 18 36949 0.9599775600881391
20 10 25 23 53082 0.9691203403333447
24 3 0 11 54514 1.0910963362951005
4 0 21 14 58326 0.9935468535219698
2 28 23 29 56038 0.9024824698533729
18 19 23 24 34578 0.9464862314090247
25 6 7 22 70043 0.9341270669617056
19 22 27 26 39671 0.9896062916339685
22 16 8 22 52669 0.9640423057444285
15 27 12 16 34994 1.0404005490757249
8 16 26 27 75770 1.0306034794368866
20 1 20 14 51000 1.0914304814015017
24 25 22 14 37474 0.9605811254463296
22 11 10 9 32674 0.939526648556011
23 19 0 14 73946 0.956806661492146
13 23 16 6 52393 0.9487379658326869
12 0 19 9 41021 1.018827023351465
28 15 21 4 53017 1.0475843186046507
1 20 29 13 83454 1.0594940072156604
27 17 6 24 77058 1.0291628193658175
16 17 18 4 43688 1.010836900631609
15 0 18 25 71901 1.0108771235596292
0 14 24 25 85004 1.0146235614989116
22 17 14 19 28533 0.9221154941526636
26 5 6 14 59471 0.9300695728200893
16 22 9 0 55406 1.0112298101577653
26 16 12 10 49086 1.0672548925305168
24 29 22 4 78633 0.959860274702792
27 16 21 0 60468 1.09978583896555
8 21 0 8 45764 0.9140608381853312
16 17 23 20 31701 1.0521199306696292
1 18 13 17 39397 0.9654859582665418
15 25 28 3 67748 0.9757638060122109
0 12 12 22 43805 0.9138820163059928
28 8 14 12 39425 1.0219411232766147
24 17 4 29 75561 1.0125008734954473
9 10 14 15 20096 0.935297618587979
26 4 9 5 34754 0.9251418471506244
26 19 14 15 47974 0.9430078579777603
19 16 1 19 67386 0.9775862125451976
2 26 1 17 40405 0.9977489205679027
3 13 13 9 28793 0.9311483318761224
26 5 19 25 74050 1.0143188712237765
27 14 3 17 85126 1.081023701456004
26 24 12 19 59704 1.0843397912460029
4 18 27 0 72565 1.0212015421193477
17 29 3 0 72185 0.9822560208097821
11 9 21 2 35007 1.0377526584578534
17 19 26 14 49486 1.051135966755916
15 22 26 23 39681 0.9305171984309214
6 12 29 12 52640 1.0985782932664563
6 28 3 2 69089 1.099859757029569
17 9 13 2 28912 0.9180822135920973
7 28 27 24 70489 0.9861866394244718
12 19 20 5 50582 1.017441760399508
20 13 4 22 60640 0.9646273739947366
2 8 20 19 66763 1.0444664170681721
10 16 0 3 59727 0.9393218766146495
18 26 26 6 84288 0.9119039031536663
7 12 21 13 34465 1.0002674181520113
17 11 28 26 81279 0.9630125077157347
1 13 17 29 61873 1.0719559339660396
15 22 0 8 65803 0.9705389545242585
27 27 14 1 105262 0.9280732471988232
3 5 9 10 22726 1.0978602319824908
17 5 27 13 58188 0.9685623360599733
13 1 28 3 33023 1.0049070263403825
23 7 6 3 35516 1.013404678510545
13 10 8 28 36369 1.081381936440739
10 8 21 21 63930 0.9877497388943495
4 13 27 1 58927 1.035265370812715
4 24 28 1 85539 1.0385564915708965
26 13 15 0 59184 1.0813688337180032
2 7 13 16 47001 0.9689174833999648
27 5 7 23 68459 0.9846458977926981
7 29 25 19 74840 1.032956411146789
13 9 4 24 47834 0.9038710734782684
28 11 0 20 70196 0.9355094476289136
5 24 12 12 32296 1.021162717977087
7 0 24 6 40820 1.0578666712308518
6 8 9 20 33149 0.9693517341677074
6 20 3 29 31952 0.9362147327045035
27 16 2 25 99844 1.062578429738335
25 10 6 0 50077 1.002022561146582
7 18 23 6 49950 1.0284958009172187
26 7 29 29 104117 0.9895568541378869
4 6 12 25 51180 0.926254717042562
18 23 22 13 43078 1.0035264334720921
25 20 12 29 60930 0.9931142200095469
25 13 15 5 52032 1.073157666684276
9 28 8 12 28662 0.9038280476653672
9 1 27 19 87772 1.0761385251916034
23 3 26 24 72499 0.9093439137521183
10 1 22 17 63721 1.0969750748333784
22 16 7 11 47637 1.0831939331347369
9 28 3 11 40850 1.0599854041210162
9 20 25 16 65431 1.066328318310205
4 1 16 9 43195 1.0457582658242113
7 29 16 8 54263 0.960596960045447
4 19 22 3 59135 1.0613311026043597
6 12 27 25 72378 1.0213770149833015
22 0 25 22 70034 0.9964006663240014
2 5 25 11 67554 1.0193472948828062
20 14 9 22 54941 0.9075566631959592
20 1 24 14 50513 1.0443324310167652
13 26 5 10 50352 0.9633006051837278
22 18 10 26 54401 1.070466730745221
0 7 13 23 74201 0.9403368842196418
17 23 24 10 54891 0.9692804595904921
27 11 16 21 65046 1.0869312630212868
7 16 20 24 54252 0.9856623607215711
14 22 10 10 34610 1.0544507677662893
17 13 11 8 29163 0.9726271494810692
16 22 5 27 48538 0.9711163071533905
6 20 20 29 48723 0.9747892078613459
14 25 11 3 48188 1.0971440086343682
16 1 19 18 60941 0.9211583356059033
25 19 18 14 47747 0.937802519341384
3 26 13 27 47222 1.029461259428707
28 6 20 15 54821 1.0188572410311163
25 20 4 17 72625 1.0066265232742957
15 8 4 1 40511 0.9944778263684294
24 13 15 15 47919 0.9560976765113439
19 3 25 18 52218 1.0667152822225827
7 11 27 0 54725 0.9316895160800343
8 11 10 29 30979 0.9306902275762475
16 15 25 22 52249 0.9968346976572587
16 21 27 1 76518 0.9858982215066513
28 7 25 15 46266 0.92301247158378
14 22 17 4 43744 1.0090454042480217
7 11 19 14 33401 1.0008976175575766
28 27 6 21 88192 0.9315572724071921
4 23 18 13 52650 1.0332755242202187
17 14 2 20 44161 1.0163903871123714
16 25 16 12 34265 1.025308994700525
20 16 7 29 63311 0.9167834310639393
17 10 29 12 33090 1.097254261180864
1 0 21 4 38102 1.0259050431781067
5 17 26 12 61115 0.9949650563516435
18 2 13 11 33377 0.9680383574511539
23 27 13 25 35920 0.9987031706538794
2 24 11 22 33824 0.9856120849055078
12 28 16 3 62234 0.9467584839489898
4 9 17 11 36220 0.9676854323985428
1 6 29 19 101613 0.9867506565891728
29 17 5 13 77157 1.061949309927816
4 9 22 1 52382 1.0990685027415394
1 14 12 23 52329 0.9447999836223911
4 13 20 19 52868 1.071987244295039
26 14 1 18 84710 0.930875347301009
13 16 7 23 31253 1.0774002522219959
18 8 9 21 49519 1.0353347634888357
7 14 22 12 40350 1.0264708117774153
17 0 13 16 50625 0.9562825690667907
27 2 8 24 63365 0.9062679074404779
2 24 15 25 41454 1.098877313105916
14 16 19 3 33628 0.9346357452525755
9 19 24 0 60161 0.9099871164714647
28 8 5 17 64114 1.0765888317881962
2 10 29 7 72696 1.0248129981859462
5 23 27 11 74147 0.9588000288815371
26 21 1 23 96716 1.0155415634691485
1 3 12 21 74056 0.9899422432911845
11 29 25 13 82437 1.0060625610141563
28 16 0 1 99789 0.930023312712374
22 6 22 18 35357 0.9121148537286475
15 15 29 13 61219 0.9936584201674662
20 24 4 8 75809 0.9863679245179302
3 16 26 13 65886 0.9168852880244535
7 15 6 4 30332 0.9019099049681517
5 28 20 18 61498 0.9616582604741875
13 27 19 12 43070 1.0437243019171418
5 20 17 0 52106 1.002079860481742
29 15 14 17 62209 0.903427956220544
17 21 4 13 47370 1.0266719836597422
7 17 2 3 48154 0.9247240735654331
11 10 1 10 29071 0.9819500609973666
9 17 5 27 34853 0.9293649119637406
16 24 10 8 54489 0.9649311820196358
19 16 2 21 61311 0.9953901209786132
20 22 0 21 72097 0.9161547331041291
17 21 6 16 42392 1.0910444517525701
23 17 4 28 75219 0.91174338616028
0 25 6 29 37791 0.9972104512593154
20 28 10 24 40201 1.018615760083239
15 10 3 5 36625 1.0059227255820975
18 24 10 14 52723 1.0082538459424564
25 23 17 6 82081 0.914217167667626
26 9 19 12 30591 1.070269733015829
2 17 11 8 41603 0.9504059348316194
9 9 19 25 54838 1.006883979742676
15 22 23 16 42596 1.0268780646385296
28 7 19 21 70396 0.9022830023602783
10 14 20 12 29643 0.9094199360431633
21 18 23 0 50267 1.0552851569267776
3 12 12 6 28128 1.0751128344473964
20 1 15 6 33539 1.0534654777812844
22 6 21 25 57653 0.922522382838364
4 7 21 10 49960 0.9408973189667872
26 19 7 17 66050 0.9065025072205394
0 13 19 26 70921 0.9435720638559648
25 23 17 6 82081 1.093889272085354
24 27 1 4 109908 0.9703937678140618
8 13 29 21 78833 0.9036319395341781
12 27 7 7 51228 1.0811168115679433
6 22 22 12 56153 1.0168921789402838
25 15 3 7 78531 1.0439440068784624
1 0 13 10 40778 0.9782885087897721
11 25 17 21 29134 1.0865508626933194
12 28 21 4 72821 1.000885582583089
0 11 5 26 54792 0.992069569087193
3 4 1 16 49476 1.0435463023993117
16 15 4 18 46604 0.9071841293002365
26 21 23 6 55538 0.9473838131964033
10 0 2 25 61755 0.9393778583811551
21 16 24 27 43798 1.0552667391730572
0 14 21 5 61902 0.9443248481706183
20 10 18 24 53176 1.0938061362992118
17 28 29 25 44128 0.9731010910037997
9 0 19 9 42938 0.9311804073403738
18 21 16 13 40850 1.0744961393913537
2 2 12 1 28185 0.9488434688790023
25 4 25 16 44172 1.0514322009029935
19 14 0 19 63746 1.056237075085455
5 29 17 29 27404 1.0843880369198664
1 22 22 15 77835 1.0853475256691896
12 6 7 29 48476 1.0873933716750792
3 17 26 21 81269 0.916637389743363
6 25 28 18 78894 0.9665117783392054
13 1 22 2 29470 0.9170350862152988
12 23 21 5 63552 0.9904446381912653
19 26 7 15 55221 0.9417861700586081
2 28 5 6 63903 0.9939951200494478
19 28 27 1 97864 1.016675445700911
11 27 23 20 53709 0.995802656102901
19 5 8 25 53115 0.9965355875650848
21 21 6 9 60186 0.905382643466857
23 0 25 24 76367 1.077365107125154
6 27 21 1 69585 0.965957037486483
28 18 5 25 82363 0.9251654035825714
11 10 0 15 40695 1.0050812984328121
12 2 1 20 49290 0.9887477815701458
19 15 24 7 42133 1.060269618919404
14 23 6 1 58618 0.9143594020857703
22 0 27 23 83737 1.01230459034664
20 8 5 22 64660 0.9585852947802261
27 29 8 21 61913 1.0707174827531785
19 26 2 2 89405 0.9170809554270729
4 27 1 18 38246 1.0679922155006447
4 26 15 22 49168 0.9799296332195924
24 8 11 12 35678 0.9469259372158895
20 8 29 16 56773 0.977188541600233
13 22 7 8 44321 0.9041643694561036
6 14 13 24 42596 0.9777139850790256
22 3 4 12 38959 1.0918291303510215
13 22 23 5 58278 1.0206885031687576
24 13 11 24 69837 0.942023789795182
1 22 28 27 102060 1.0110351756497789
17 28 26 0 86938 0.9124714922203023
20 26 21 13 44597 0.9547914713595109
10 20 2 6 46911 1.0887767943619815
6 19 24 15 67880 1.096592275829966
27 29 29 2 108291 1.018354750793533
29 2 4 19 77674 1.0369463221180761
26 23 5 19 82502 0.9102750775539402
16 28 29 26 54017 1.0935753844573124
26 10 24 19 35909 1.0892212249095719
26 1 7 3 32712 1.0196423238349392
8 27 19 24 39169 0.9547581620026715
11 26 0 5 67474 0.9370743346397231
15 5 24 26 76088 1.0444460894834013
9 29 15 16 41816 1.0084986893702161
2 17 29 28 92793 0.9735448502744026
26 2 12 27 78413 0.9032172923635543
21 21 10 12 46267 0.9039281548212109
29 14 1 20 89532 1.0668780040482542
11 18 29 12 63084 1.068514915473953
23 0 7 23 62154 0.9720053126040504
3 23 0 1 76801 1.0528337077463092
29 16 3 3 103419 0.9378987977590724
10 18 16 8 42459 1.04419732372389
5 2 28 6 60528 1.0956838428783386
25 1 4 3 51845 0.9197736089825891
18 8 25 2 43333 1.0833915741778284
28 5 13 8 44355 1.0849494391572732
20 21 15 9 52485 0.9737190963831226
25 12 6 17 65062 0.967725215440121
7 1 2 10 38595 1.0010814374151995
19 18 28 10 39611 0.9797076137096612
8 4 8 23 27455 0.996774387791064
18 8 20 18 41467 0.9197107489424271
19 3 4 2 36088 1.0545741968726703
21 8 18 20 45365 1.0465392424780562
4 2 13 14 51082 1.0788350952249697
0 28 20 2 85141 1.016487097757583
28 9 7 4 55464 0.9204803132991876
21 6 12 18 45595 1.0708566688159948
3 4 5 19 52357 0.9810576062486014
20 14 0 16 57547 0.9441299081037541
24 4 14 14 40696 0.9206897104626931
22 4 28 12 37381 0.9137323956070589
12 1 24 7 38240 1.0921061557157505
24 28 18 1 98351 0.9219092923579766
28 23 11 20 67576 1.0802243566104637
17 6 29 28 106707 1.061236203320425
5 25 17 16 56496 0.928765083683531
19 14 6 12 31044 0.9605627568739434
19 10 28 9 20498 0.9114947759517104
4 5 6 15 36726 0.928724499062425
25 28 24 6 85806 1.0605058411527537
17 7 2 4 57419 0.9315628651148158
5 8 9 2 28773 0.9444455134459666
15 7 1 1 47660 0.9107312314298502
15 24 18 0 66869 1.0115319293754765
14 21 28 27 60048 0.9488154943886383
15 20 27 2 62580 0.9735315846671202
24 25 20 11 52877 1.0749983216997323
22 14 4 5 57218 1.073171719531328
21 0 19 28 89413 1.0470885582800986
0 12 28 17 76312 1.0362457485821919
15 16 20 21 40529 1.0984897784023575
9 1 15 11 37866 0.9818935742122077
15 20 28 7 65212 0.9943721319644658
14 25 17 6 53301 1.0228622660338362
18 23 13 13 44531 0.9584711382417943
23 25 24 10 49312 1.0766882349128855
22 20 10 28 56826 1.0975451231654036
5 29 11 9 45728 0.9304495367496584
9 18 8 27 14992 1.0106528425384806
24 27 13 29 37249 0.934751703460427
11 18 7 25 21201 1.0407604073043837
0 25 17 28 64762 1.0595803432442839
2 18 26 8 69975 1.0574041678642636
15 12 4 4 34313 1.0225529619674334
24 6 17 28 80574 0.9265362707610755
13 29 2 10 52287 0.958117254885729
9 21 23 6 58215 0.9160318613076558
15 12 15 24 28780 0.973372188833582
27 10 24 0 31997 1.0926212834978215
14 1 26 17 69525 1.001252140233204
11 26 13 6 51830 0.9492057628907882
2 20 28 2 74276 0.9740554623480541
24 2 9 6 35931 1.0969839062179667
16 24 25 16 55618 0.9453512918444194
10 2 7 27 48022 1.0565267846806286
0 27 4 9 71435 0.9463211640381851
14 7 9 13 23605 1.0036578648949326
14 5 29 7 48165 1.0335258015890547
4 16 12 23 34506 0.9743546755959349
11 15 23 12 42773 0.9573004062592041
1 0 3 17 50826 0.9439539368192169
8 23 12 6 37563 1.00055441783638
24 7 18 24 68191 1.096218345527748
0 25 27 8 96588 0.9647525897913369
14 29 28 6 85132 1.0966212202340344
10 24 27 4 68208 1.0809604087673133
16 23 12 6 52180 0.9853159771935178
28 11 23 19 40556 1.0901172579603657
11 29 27 19 75248 1.0228500733587185
11 26 4 1 57556 0.9484414740682784
15 23 28 29 58198 0.9060818291375092
16 12 28 8 41633 0.9698146825006728
15 19 0 9 55091 0.9545794672872162
12 2 24 26 84071 1.025862365262729
11 2 6 25 52008 0.9285603671576156
17 16 10 6 41820 0.9401581269886827
13 2 4 4 30899 0.9519273305240451
11 25 2 13 38333 0.984973316427233
10 29 8 2 43803 1.0229553250879881
26 11 8 28 60959 1.0132081503715935
5 19 20 19 55171 1.0509059046757288
9 14 28 13 63269 0.9636355577716933
5 7 8 26 42801 1.0737713534965896
16 11 2 9 37674 1.0460057560253921
22 6 25 29 76809 0.9839624094587305
19 13 6 4 41320 1.0111311647759906
11 23 4 9 46852 0.9816342510416791
18 2 7 14 41972 1.0873534463010324
20 18 3 24 59807 1.091607183143763
10 1 24 8 47779 1.0820541933227776
21 10 9 12 22804 0.9244802090693153
26 29 5 0 94032 0.9285936455767932
23 18 24 28 41659 1.0481465352740118
19 21 11 19 40543 0.9774840974531492
6 7 29 15 87759 1.0986432135138164
25 6 14 24 66466 0.9595938411192511
11 23 1 14 48136 0.909522748858302
29 26 16 3 94815 1.0321094202707395
21 5 1 2 55201 0.9595447568070199
3 23 15 12 48436 1.0898039603128318
23 19 4 17 62423 1.082502236723804
20 13 10 24 52775 1.0460378195671969
2 16 18 16 48283 0.9519549913010263
12 24 21 17 41858 1.003202027475865
28 22 20 6 72167 1.0579743096459175
17 21 3 25 61331 1.0804735945881676
10 28 15 9 51451 1.0017210043713476
26 7 20 26 79188 1.019880935950114
8 15 1 9 27967 1.0791302662012279
17 14 14 27 40982 0.9296574748458681
29 23 20 17 47741 0.9273004778868532
20 18 0 8 70067 1.0751721158837622
21 17 6 10 51512 0.9163528673653649
11 0 0 16 45043 0.9569475648572303
8 9 24 25 66105 1.0685143961776888
29 9 12 28 78851 0.9385782984144134
12 27 0 20 41738 0.9567973818613688
22 29 0 13 74720 1.0461177619968691
26 16 7 26 79565 1.0384715606927233
19 12 3 19 44134 0.9313856350977525
18 14 3 20 47824 0.9230755786218755
24 19 18 4 58483 1.0295363004888762
3 26 17 2 76986 1.0072459175897133
24 4 16 18 54887 1.0053177703344773
25 24 12 26 44955 1.0981635713911446
9 2 5 12 22742 0.9605459135830832
11 12 18 24 42017 1.0463838510662178
28 12 10 18 62228 0.9184556875511649
28 12 21 6 34473 1.0039444935549116
0 12 17 26 55801 0.9953859397357563
22 16 9 25 57561 1.0708484468489345
12 5 15 16 31483 0.9866604513767852
3 20 20 6 65942 1.0107290121970067
21 23 11 25 35637 1.095570165888542
10 29 2 12 37245 1.0719559294267675
22 10 5 29 56988 1.044084224970668
2 11 16 8 39678 1.0519248201526494
14 14 24 0 44091 1.0691324040053185
7 24 23 17 59025 0.9713413074344655
3 23 13 23 44262 0.9825645496920504
16 6 0 7 59355 0.9340556848787733
25 28 18 10 74215 1.0150339577737582
9 29 25 28 47037 0.9738218779344908
20 2 26 9 35582 1.0319195805074182
18 10 4 21 45795 1.0840685413114288
24 10 13 7 29657 0.9030122900848265
8 7 22 18 51116 0.9483113160365562
6 29 2 0 57523 0.974246886874493
28 22 11 26 60517 1.0881328609719112
16 20 29 22 46804 1.0220836641074917
21 2 3 18 59218 1.0195053143305386
25 15 10 11 50645 1.0069094676317631
20 11 9 17 42177 1.0320654416381712
18 28 4 20 52820 0.9352706876223607
5 11 16 10 23490 0.9716608085916258
27 25 7 0 89359 1.0624141693087903
20 12 26 18 39323 1.0943203515829352
29 26 23 18 48066 1.0316154995162763
17 21 20 13 42877 0.9163507549181911
11 21 29 20 74470 1.0914312668966608
22 18 4 10 57341 0.9646168983968186
10 2 18 4 21122 1.0600965138546412
24 10 10 21 53032 0.9707305809573441
3 22 14 15 48999 1.0841858318918374
2 8 23 23 84672 0.9558189724284576
4 14 19 16 48259 0.9228297137794773
10 13 26 22 68253 1.0398755055537128
6 0 3 18 45279 1.007367748231668
19 23 24 15 43206 1.0441035999584503
12 9 14 20 27658 1.0070293860899706
10 27 6 19 35807 1.0306914081424337
14 10 2 21 40546 0.9460825874428993
0 14 23 18 70107 1.0212326752363658
25 3 18 23 72005 1.0524544023758309
29 2 9 25 73748 1.0353287420081958
0 4 25 22 106979 0.9118814356467756
19 8 18 21 57566 0.9583909091890166
14 2 25 2 25715 1.0700610176588323
27 0 21 14 48695 0.9145864935324403
11 15 8 5 29958 0.9184940333538986
5 27 20 28 46283 0.9930301987818005
4 12 14 6 24837 0.9532461866058639
7 16 3 28 36743 1.022171104656719
14 2 3 24 58406 0.9410880743892069
3 20 22 10 49620 1.041946997776364
25 11 8 7 46362 1.072063579132645
13 15 29 9 48512 0.9660513672958
5 0 5 22 53055 1.0759137402411165
7 7 25 8 58764 1.0296120147813421
25 16 7 2 69935 0.9782796541141431
25 20 11 13 62483 1.0695201114218302
27 2 10 10 48703 1.0708412618274172
25 22 11 15 64308 1.018789084485081
1 22 21 24 73733 0.9583231053637031
3 24 15 25 38348 1.093325380478472
28 9 22 17 35631 1.0700641959546888
29 22 23 17 36213 0.904371399278232
16 5 3 16 43038 0.9364360709799175
4 29 2 4 66159 0.923029928402497
21 23 16 8 59463 1.0389541032102012
0 6 14 3 37866 1.0391586061583755
21 19 8 1 59177 1.0329331869227094
12 5 4 17 39638 1.0052704514815816
5 12 21 26 60178 1.0576891558162562
25 6 10 25 74504 1.0144026745335741
11 13 24 14 48148 0.9869329141285128
24 22 29 5 69740 0.9960357505143164
0 1 28 14 94675 1.0694226925015589
11 24 1 11 44729 0.9437718989924765
28 19 6 25 84622 0.9479568980223961
5 19 13 15 38617 0.973255879851741
11 7 28 2 47314 1.0307983994842944
13 27 26 7 78156 0.9279472652829878
4 22 20 12 54411 0.9522765370529567
4 2 18 7 54220 0.9934540718707969
4 20 18 29 47622 1.0622265561873123
17 4 24 9 34556 0.9561871437127997
0 29 12 19 48836 0.905457682913986
5 27 0 18 46007 0.910657187062854
16 13 25 12 48362 0.9354707908245237
22 27 0 17 79627 1.0765024345966228
23 7 28 27 82081 1.0233473237315187
7 10 8 22 20417 0.9001673841343186
11 16 2 6 41902 1.0305970928071975
20 12 4 24 53463 1.0502501253116991
20 27 4 26 57789 0.9689109483413043
7 5 23 13 48178 1.0271618028042946
29 0 3 28 103164 0.9890771185062928
1 27 23 0 95195 0.9548542345373014
9 26 20 3 56803 1.0768750934066842
23 23 4 14 75181 0.9403017802747216
4 17 20 29 57964 1.0137060713200172
4 13 11 25 36179 0.9318649373208812
14 25 17 15 32617 0.9619159785965048
24 28 5 22 69742 1.0383287000050492
24 4 2 11 52389 0.9055178364608609
12 24 24 14 64705 1.048205446531047
5 18 13 20 31284 1.0954294304789376
7 21 22 25 52255 1.0302514761269683
11 7 5 1 35225 1.0504075726754503
23 12 0 22 73904 1.045854782598038
28 24 2 25 88084 0.9897894705529603
12 0 22 18 64400 0.9864453646187973
29 17 13 19 59821 0.9494629617591058
26 29 7 11 76149 1.0314078728174945
28 5 5 1 52817 0.909404358004382
12 14 15 26 39579 1.0227589592218158
1 14 13 13 33131 1.0848737584849697
9 23 14 12 29477 0.9555665987936558
1 11 17 9 40966 0.9218634419024275
11 2 24 15 56998 0.9614599737460011
10 17 9 1 37623 0.933783842248395
12 27 16 14 49591 1.0872377472024464
1 15 28 4 72606 1.0416309997095805
26 16 15 26 67669 0.9999001160918686
7 4 10 15 28909 0.9148341249080036
22 10 8 21 38547 0.9591552832252895
11 12 3 16 19886 0.9587977349109236
26 23 6 15 83928 0.9793842456310979
27 27 19 10 77446 1.038765751864147
15 16 0 11 37218 1.0866009529038116
25 3 9 28 67076 0.988815849967998
0 4 17 4 54150 0.9489429449805046
4 20 18 26 51420 1.0011399401973553
15 7 23 18 50822 0.9953410000532403
17 16 4 25 57959 1.0701487145554973
26 26 12 28 57534 1.0024941643484335
28 7 3 29 88728 0.9423996712929492
12 24 2 10 46630 0.9897190844430828
22 2 8 15 44488 0.9882909129379706
22 23 4 5 77466 0.965992871250844
14 8 1 8 45558 0.9767593007226482
22 24 23 10 41852 0.940205812061779
20 8 17 24 61409 1.0905764741147257
18 13 2 14 33969 0.9022878348417622
16 19 1 7 68441 0.9999297039835682
22 11 14 21 39080 0.9016062554783807
12 21 26 4 65136 1.0820528896632953
17 1 24 20 73730 1.0311741217089856
7 5 17 10 29541 0.9534452088204155
12 8 26 15 52245 0.9051174959183917
25 20 13 18 43437 1.0781663976537366
10 24 4 6 45317 1.0365833912253888
22 8 9 6 43318 0.9689633447216679
9 22 11 9 34249 1.02091415599826
28 8 18 4 42386 0.9312185109659377
8 0 4 16 31684 1.0513684687808187
3 6 18 7 53758 0.9408909519277511
4 25 8 16 27336 0.9833870310461036
28 0 23 16 54764 0.9087315507233523
20 7 7 17 50417 0.9959030781692514
15 22 28 6 76609 1.0130873871443091
10 29 19 8 59544 0.9067250404404886
27 24 18 4 84051 0.9709145259999739
29 27 6 18 86995 1.055893415430354
18 26 4 18 54701 1.0242486469073286
2 5 13 29 64808 0.9882218433880737
29 24 13 13 79506 1.0184461543325107
21 11 19 28 62094 0.979778592401042
1 13 18 7 50433 1.0721305848222138
10 2 13 11 32927 0.9715078336084231
3 28 20 5 78571 0.9254381128917434
2 0 9 29 55112 0.9703806957878954
13 17 28 2 59175 0.9776974265859968
4 6 16 1 40179 1.0115474983340471
18 14 9 19 41868 1.0413073995405326
28 15 16 9 51982 1.0834301142291702
4 10 0 4 39776 0.9529801906905185
6 15 27 1 65746 1.043512760781811
16 29 16 1 72825 1.0524319188816516
16 19 28 27 70903 1.026729223889066
26 1 26 18 58323 1.0802097968826199
26 3 8 10 36901 0.9450823079991592
7 1 26 26 97601 1.0467350609166317
21 19 10 29 54091 1.0430227513551198
28 19 11 16 63235 1.088151337876757
22 21 8 7 59010 1.0393139132111717
25 11 22 1 38696 1.0848104962916854
6 29 29 28 63417 1.0264198449208806
28 21 19 18 39243 1.0748083102952501
27 8 4 16 60158 0.9423293025623869
5 9 21 1 43275 1.0328153671604805
27 12 12 20 66396 0.9578225899998672
3 24 16 8 61772 1.0803760734272854
17 22 7 22 43158 0.9190194896566479
22 27 5 23 61245 0.9334635882456392
8 2 13 24 48567 1.0118153557880247
4 15 13 5 41970 0.919476309822553
7 21 14 29 32440 0.9414120496054639
11 16 1 11 31974 0.9611891607538583
20 16 6 13 49135 1.0104943832207287
8 13 9 26 24492 0.9292464668142504
23 2 29 11 35492 0.9824575094249884
5 18 3 5 41378 1.0584589893416
15 8 8 20 33661 0.9162439545810552
27 6 5 2 56706 0.9148254476718817
25 13 11 12 47229 0.9471141918973549
0 28 28 21 100416 1.0500811765526687
28 12 22 8 27520 1.0551372368129899
24 28 15 5 80856 0.946014540410676
21 29 16 16 51124 0.9680526922201644
0 9 25 5 67595 0.9852359383071262
17 9 0 22 64297 1.0250598792828127
22 16 21 26 32060 0.9837119944439725
13 11 19 27 58461 1.0129411225637461
20 19 8 23 47685 1.0434845708204656
3 19 13 21 43124 1.082706185919817
3 25 27 7 90393 0.9401513049365645
1 1 0 24 82166 0.9739404902197362
29 27 19 4 98785 1.0749131766444637
12 25 25 21 51381 0.9542913503374129
26 6 25 18 51247 1.0332037841024566
11 16 14 25 28933 1.0944836628196166
21 23 2 3 91581 0.9205556220132612
25 16 9 17 64010 1.0124803478339632
11 6 19 8 35975 1.0819931829445169
6 9 23 3 37364 1.0626754410873862
11 7 2 26 68563 1.0820590101637566
21 10 14 26 44374 1.009797482847001
9 11 3 25 45129 0.930261073827933
17 22 27 16 53002 1.0513413033986485
8 7 8 20 18960 0.9123569580672126
9 12 27 21 68397 0.9172724979342473
3 12 28 29 85150 1.0829660519031323
7 2 22 10 44137 1.0058650597115686
0 4 7 29 70021 0.9748900638293279
20 27 11 2 82857 1.0688896826269683
12 0 9 29 51349 1.034972658372611
3 16 17 22 49039 1.0017553317995302
6 23 19 3 56590 1.029753066568806
6 23 18 12 40969 0.9382620529797625
22 14 0 8 69700 0.9453685386750094
17 29 0 17 61847 1.0604006998373845
8 6 11 13 18635 1.0008673603166827
19 28 27 14 80019 0.9771374572708151
4 21 26 24 78358 0.9304266384563069
16 27 16 8 61690 1.017719827336449
27 8 23 15 31804 0.9216498423686164
27 0 13 1 33976 1.0141067995678321
7 3 10 19 34400 1.0335468491154962
26 18 0 3 105300 0.9431490176892804
0 11 12 27 53475 1.044846132309608
24 17 13 29 57487 1.0067142116460708
23 27 16 7 80945 0.9276966447355385
7 13 15 28 50262 1.0796885729820915
20 19 9 1 66443 0.9171917194209697
25 26 21 10 58897 1.0095651263069982
5 10 24 3 41876 0.9085663826295585
16 21 2 10 54341 0.9121887769749322
17 14 12 3 33032 1.0272216578491227
23 5 8 19 50148 0.9388756802581337
16 13 24 3 43787 1.0424211426402494
7 28 17 6 63853 0.9977089417421628
27 26 26 7 89572 0.9377597641901119
9 29 16 6 59168 0.9791192577325504
21 3 13 18 43577 0.9000159221770767
28 23 18 20 45216 0.939280080626716
18 18 21 8 37173 0.9954984399206749
29 7 5 24 84002 1.0987756508460997
6 17 18 13 36948 0.95826248579246
26 13 12 16 57377 1.0145311017131036
15 15 6 8 37767 1.0494827231583186
10 18 26 4 57291 1.061532571270023
25 9 10 15 50377 1.0110196574890304
4 16 18 19 43892 1.062546427231599
20 23 9 27 53042 1.0153142087877631
10 25 20 20 45803 1.0052077575466074
13 20 20 11 39617 1.0831932411105687
26 25 18 11 66549 0.9323279518814062
22 13 18 3 34620 0.9081527120909133
15 23 11 1 61017 1.0504992986085733
13 25 0 19 44959 1.0441434355940953
5 9 17 28 62992 1.0181974799286801
10 16 2 3 46251 1.0914172163050193
20 7 9 2 38639 0.9387398507895732
15 21 9 2 51940 0.9381099752422146
11 19 27 12 69126 1.0313424480541669
16 12 2 16 29017 1.0494896481389737
21 24 1 17 74555 1.0233676780473626
23 19 15 15 42654 1.0390034970743383
7 23 19 7 56020 0.9155673282488956
4 27 17 17 60506 0.9575242120517352
11 23 7 9 37168 1.0647015350791964
21 16 19 6 39282 0.9927779441640533
28 11 18 6 43592 0.9874084437670912
11 28 6 23 28199 1.0730544326893612
3 23 11 0 61916 1.0573874829418808
5 7 27 23 100385 1.0489811895086714
9 16 13 27 36894 0.967185237338811
18 7 27 27 94840 0.9812515930528822
13 1 18 17 54679 1.0974426137604956
24 11 2 28 80538 0.9795636471816709
21 23 28 4 68028 0.9573661890849976
15 1 5 8 45384 0.9439150667240699
26 2 17 10 35216 1.0374549834426134
0 10 19 29 71707 1.0002057532741693
23 25 15 6 69498 1.0706314799294985
23 3 16 11 36741 1.0560044655005836
29 6 17 0 41546 1.026540682004532
18 26 6 5 64392 1.0014731511811068
11 21 13 2 51605 1.0399659285741703
9 21 16 1 57062 0.9345051326926483
1 25 5 7 71208 1.0548044160005694
27 29 9 4 88580 0.9490048884756311
15 21 9 13 38683 1.0942410915418799
5 16 6 27 30586 1.0588110457121063
21 28 12 12 56626 0.9805121596677264
20 8 11 3 35825 0.9782070814001267
29 3 6 8 51790 0.9574689222048662
20 11 27 23 61711 1.0474293565182
4 17 27 21 81829 1.0148960550112562
27 14 4 12 68846 1.0446557905320646
17 24 8 9 46777 0.9630331827849186
5 25 10 20 28410 1.055413833206973
5 3 15 3 21353 0.9921052090930139
28 22 29 0 97025 0.9587310721641588
26 6 14 18 54756 1.0842864194623896
18 14 29 7 58727 0.9721375135169704
13 7 23 18 50927 0.9224575155504634
27 27 22 8 78354 0.9656297707296413
20 25 12 15 45085 0.9600390035938249
3 0 18 22 68589 0.917890444840307
18 28 29 16 79058 1.0533083889443717
9 20 22 18 47237 1.074602407500073
2 9 26 5 59420 0.902782539812533
28 25 2 10 88447 1.0122002532789118
28 16 16 24 66825 1.012497346707965
14 14 19 5 30985 1.0555385486017332
13 19 4 9 45983 1.0087159782851491
26 6 14 27 72635 1.0795047634099504
6 29 21 4 64438 1.0116899525450684
9 5 2 16 30834 1.0654770949059682
29 22 8 17 74628 1.0258378167901905
9 3 7 12 16710 0.9273546363999922
2 6 9 29 54466 0.9299058922417819
23 4 11 14 49283 1.0364557991890444
5 12 24 29 67630 1.0106957022244454
10 29 11 20 20101 1.0061497142325428
0 19 28 17 91516 1.0470912150057048
10 7 2 14 33747 0.9368001156548704
10 21 6 15 28461 1.0327368985224978
10 28 21 9 61215 0.9254389014099107
22 24 27 4 66458 1.0864864868569
26 23 0 3 122270 1.0891815621240009
3 25 15 6 65722 0.9418391605901234
27 25 12 13 67569 1.0459909197912158
20 24 28 27 39159 0.961428161370349
19 1 14 19 48438 0.9939341778494929
21 16 29 25 47012 0.9503654001461672
12 23 28 2 78276 0.9401925655115861
23 25 5 4 82543 1.04066589264539
26 12 12 14 45335 1.058722285424435
25 0 23 8 22519 1.034044993539987
10 18 18 22 33832 0.9646929311420293
23 11 27 19 39855 0.9543296523479334
24 11 12 20 50919 0.9849401432038231
6 14 23 23 76427 1.0737182234988876
18 20 11 3 54015 0.9433716989839527
15 14 15 28 39307 0.9548940380247539
20 10 5 3 45167 1.00412720283174
19 28 11 10 63719 0.934505627884255
8 27 19 21 49762 1.0640172270957653
22 28 29 5 82314 0.9211402260706699
19 8 13 21 47572 1.087378152215655
25 20 18 12 53465 0.9391008044145481
15 29 12 4 57085 0.9540142952430409
7 21 27 15 75521 1.0097641629784526
9 12 3 20 25302 0.9393507483294219
0 28 11 19 50044 0.9344922092207086
25 22 0 0 95126 0.9443858426824017
9 7 29 19 83588 1.094211761057373
17 3 24 22 67354 0.9823701662969483
18 23 9 0 66295 1.0108284392978122
3 24 22 26 61179 1.079884372848023
14 19 6 10 30237 1.0792846829942624
29 17 13 23 66794 0.9242116237457976
18 16 16 0 59480 1.0877271163858782
28 24 17 14 69138 0.9630931096554111
11 17 4 26 42215 1.019626042406809
15 13 21 1 42807 1.0475204883018596
2 4 10 9 34094 0.9481262802223779
22 15 14 19 34238 0.9852772502489288
0 24 16 0 74291 0.9301228981333228
3 9 19 2 45235 1.0999028889411397
0 3 11 9 54903 1.0372065790594998
2 2 23 9 59384 0.964705564784426
0 28 25 4 91339 0.9900617618576669
19 12 20 22 45743 0.9896565078250079
2 9 5 17 36829 1.019193813684699
13 14 9 7 30541 0.9684168353861045
19 18 24 25 34309 1.0006552266516953
27 6 21 14 42731 1.0459238322517592
3 23 26 18 83369 0.9327374210394728
1 8 22 3 57124 0.9650761163395182
1 5 21 22 85536 0.9469541465282385
2 11 12 18 32885 1.043576614856164
19 13 25 2 54305 1.01116524457832
19 20 11 16 39067 0.9812288486945528
2 7 27 20 95868 1.0159671643879578
27 12 6 11 60934 1.066680970265075
5 20 16 22 45120 1.0130269752051457
2 22 29 13 88981 0.9312590109710432
0 17 24 25 80317 1.0359938031499154
7 29 29 12 76617 1.0547610569598969
19 1 9 12 39640 0.911374565654039
27 6 0 1 62725 0.9045075062761195
21 27 13 17 46501 0.9970511068758289
8 21 4 13 22265 0.9122173018347366
20 25 1 16 60321 1.0505883948086818
25 29 15 8 77390 1.0435737593022285
24 24 11 15 65812 1.0725859570195213
27 14 22 6 50276 1.0016227199553307
28 29 22 8 81723 1.0092877997150698
19 1 1 0 33112 1.0418983494949958
15 0 5 13 36941 1.0530208327688633
5 5 21 2 32434 0.9088315030337727
25 27 12 10 77753 0.9509729387152771
23 22 27 15 40284 1.0888294915666503
23 24 14 5 67440 0.9496792272606732
13 15 26 23 64908 1.0794560922796719
5 8 10 13 26541 0.9076311447742755
7 13 29 17 74206 0.92104503571945
12 20 27 12 66396 0.9210535417879181
1 20 23 16 69242 0.9139470937116333
15 8 4 12 27060 0.9801683764939562
0 7 25 21 101558 0.9040426646161324
10 7 5 15 35128 1.0302862015594414
24 5 16 11 34700 1.0165476707704457
2 22 9 8 43834 0.9173202206019072
1 11 13 26 56588 0.9955313327312534
14 14 11 25 30321 0.9331100025737226
13 4 17 17 39002 1.007732329124771
21 20 10 24 47615 1.0015996585430478
24 21 8 27 61456 1.0350445967651205
0 19 10 23 40064 0.9026155811355046
20 6 0 7 68803 0.953716026554428
11 11 22 28 65166 1.0789246426883448
1 17 16 16 51351 0.9024298624134377
25 6 7 17 62367 0.9028421039978354
29 22 23 7 63313 1.0528596888745407
27 3 4 16 55548 1.0931914348104834
4 5 15 27 63839 0.9049015227844225
25 15 3 10 65514 1.0071313509965567
28 21 10 19 69732 1.0734803588424033
13 29 3 26 37004 1.0898807948598872
18 11 1 11 36602 1.078109834523201
24 10 17 17 39476 1.037115852701084
16 28 23 18 50849 1.0810443235709417
0 9 3 25 66588 0.988995774237349
3 18 7 28 34140 0.9195741061450727
1 9 21 3 51099 1.0941788310007676
10 15 26 4 57184 0.9013474683226222
12 22 19 5 56350 1.0216660615551592
15 0 2 3 32444 0.9755545061818783
3 4 15 5 37307 0.9007296753077401
7 29 19 28 33996 1.0239479035138608
16 26 16 0 74683 1.014445837520108
26 2 24 17 47268 0.974983625792967
6 29 8 19 19066 1.0082759032086661
23 11 28 26 65993 1.0155576045483965
4 15 14 25 41328 1.0439217058870645
18 23 9 6 59349 1.0691032020066973
18 11 27 13 44194 1.001819871347151
27 13 14 3 60031 0.911136679217612
21 8 27 26 72247 1.0303965637746466
8 29 27 28 53968 1.0493582538507138
21 3 4 4 37157 1.0598135409573675
6 1 11 21 54720 1.0192648078602293
17 5 11 21 52031 0.9512337340063395
0 15 8 13 27033 1.0235260906931585
3 23 8 2 53765 0.9739536325009758
11 14 23 22 61515 1.033349371046701
5 23 14 0 59214 1.0773440438054394
3 25 3 15 46272 0.9684540626092121
14 18 26 29 54198 1.0918801777813831
28 4 2 15 66364 1.0689730678567586
27 14 2 27 113226 0.9669878277160523
6 13 15 10 24125 0.9259907746548957
29 2 4 14 66403 1.0802508832239166
16 15 16 0 54984 1.0383940541245766
27 27 27 3 98183 0.9377395431263462
11 5 29 13 62749 1.0641015341929057
18 24 10 3 62171 1.0960332398311354
2 16 21 4 53272 0.9043583623875951
22 6 1 9 61147 0.9864826557974529
29 17 22 27 52320 1.0407490792625933
21 15 0 22 78218 0.9370151912549485
13 14 3 29 53438 0.9135549335696044
1 7 9 5 34175 1.0736008909721741
5 16 0 5 50851 0.9096861601572529
4 1 21 5 40570 1.010314358238077
5 5 19 3 26451 1.0679802642556104
5 19 5 3 47899 1.095106422126901
6 8 8 23 33537 1.0720143765413872
15 26 1 6 72709 0.9196253481690202
12 3 19 23 65864 0.9673020772222121
18 0 17 16 58113 0.9754367847309344
29 16 13 27 81092 0.9466840388384019
15 19 8 1 44491 0.9119042365590321
10 11 25 20 62631 1.0136827775659105
26 17 16 7 63089 1.038987522510458
3 5 16 23 64393 1.0033385610831949
29 27 0 10 109668 1.0862467196288148
3 4 9 24 49629 1.0062024655094297
14 15 19 26 39670 1.038838291422454
10 7 23 7 45529 0.9664889829353929
3 0 27 25 96320 0.9772292744341013
16 14 8 21 37237 1.054695958671068
0 28 16 16 69478 1.00501186237216
15 8 20 17 45930 1.0286653284210536
4 28 27 17 89784 1.0612212115747903
13 23 23 24 38675 1.0391481014721093
10 9 2 23 47101 0.982093732501259
5 13 27 5 55659 0.9537108991191864
25 27 2 18 88035 0.9920856420342535
19 25 14 19 25719 1.045650154204938
17 3 24 28 86376 0.9686197302727649
3 27 18 12 58508 1.0650046552930268
3 13 2 23 42290 1.0555857162478808
0 7 14 2 46091 0.935145885298903
5 3 8 20 36234 1.0222010051864237
24 5 6 20 61715 1.0484113782605755
5 16 5 5 29636 0.9961674791193298
2 2 24 28 104546 1.066065753783048
24 6 18 17 50835 0.9226739219126906
17 23 19 6 66430 0.9545244946217459
8 9 25 24 73309 0.9423634419331626
27 7 2 25 91655 1.0412955750819108
19 24 6 8 67460 1.0645944398982232
1 8 19 24 79137 0.9557650330251438
21 5 29 2 25932 0.9060817986263522
6 12 22 3 36675 1.0321043684898306
28 1 15 26 85379 1.0123250928103444
19 6 0 14 62440 1.0375986310633953
15 26 28 3 73626 1.0953696785944
19 18 17 10 35835 1.0430117821880847
23 3 24 22 58088 0.9406801428136751
16 12 19 28 55324 1.096845982982414
11 2 29 13 68541 1.0944004066263782
9 10 25 17 56845 1.033552304361163
7 29 23 12 59495 0.9496655935222892
4 25 14 16 46158 0.9402050271474909
