2463 3046 2903 2235 3335 3091 2237 2466 2338 3209 2136 2589 2376 3544 2766 3028 1978 3089 3374 3416 2409 1919 3389 1980 2423 3043 2094 3264 2051
4328 4044 3787 5048 5080 5082 4334 4307 3413 4062 3530 3579 4228 3851 5031 4948 3438 4022 3512 4137 4425 4837 4704 3602 3685 3508 4604 4256 4296
6748 6756 6798 6459 5688 5944 5566 5445 5776 7122 7020 5911 6948 5848 6252 6349 6122 5847 5846 5748 5468 5608 6011 6651 6509 5559 6013 5964 6944
7199 8211 8399 8393 7917 8071 8319 7860 8115 8140 7878 7230 8651 7143 8293 8733 8310 7615 7853 8281 7599 7486 8312 7836 7561 8593 7812 8220 7638
7612 6819 7116 7160 7204 7611 6971 7113 6162 7104 6945 7247 6534 6083 6477 6933 7401 6754 7573 6697 6519 7455 6974 7444 6970 6787 6971 6198 6984
6188 5365 6199 6173 5915 6119 5906 6899 6999 6145 5665 6179 6701 5887 6427 6322 5829 6244 5309 6701 6060 6582 5795 5978 5649 5541 5921 5810 5689
6485 6813 7086 6538 6626 6753 7334 7352 5969 6407 6019 6080 5799 7204 5791 7509 6370 6607 7270 5919 6873 6064 6412 6048 7069 7360 5971 6357 6823
2572 3556 3616 2770 3657 3087 2851 3874 3907 2782 3123 3453 2803 4149 2569 2972 2664 3964 4144 3617 3165 2832 3972 3776 2944 3961 2977 4159 2711
6735 7677 6770 7498 7176 6829 6350 7776 7200 7585 7993 6853 8030 7934 7527 7555 7691 7227 7717 6759 7727 7345 7232 7151 7695 6488 7300 6930 7055
5973 4730 4550 5361 5119 4890 6014 4705 5428 4870 5807 5465 5622 4681 5448 4475 5319 4605 4964 5356 4601 6001 5397 4691 5240 5975 4766 6030 5509
6208 6300 6276 5426 6332 5591 4820 5902 6212 4780 5358 4946 5332 5503 5163 6460 5582 6462 5046 5885 4997 5962 5280 5404 6080 5692 6177 4771 4773
4698 4946 4612 5696 6149 4760 5209 4636 5318 4593 5437 5591 5817 6219 4550 6005 5072 5636 4512 6006 5731 4947 4928 4669 6206 4990 5159 4930 5844
5368 6417 5897 5823 6737 5819 6326 6947 6712 5438 5491 6529 7032 5878 6585 6979 6421 6043 5748 6120 6544 6227 6773 5670 6809 6041 6802 6562 6040
2886 1484 2784 2173 1839 2302 1570 2813 1731 2225 2280 2148 2026 1815 2561 3142 2542 2581 2941 2677 2932 1771 2160 2908 3151 1816 2941 2380 1579
6866 7017 6780 7222 6373 6509 6503 7489 6940 7172 7573 6656 7025 6863 6330 7399 7876 7303 7064 6487 7983 7923 7236 7144 6615 6381 6647 7072 6999
7037 6918 7277 6866 6711 7661 7329 6972 7520 7150 6622 7873 6183 6639 6883 6913 7616 7217 7862 7518 7757 6627 6525 6462 6604 7806 7787 7647 7441
5299 6941 6411 6768 6179 5583 6785 6339 5550 6581 6398 6171 6113 6946 6278 5543 5781 6315 5288 5639 6276 6559 6192 6661 6602 5464 5661 5939 5675
2596 2082 3354 2298 2126 2307 3519 2682 3449 2786 3288 2599 3599 2709 3410 2970 2098 2231 3448 2502 2851 2995 2462 3350 2468 3346 2616 3013 2978
7364 6341 6395 7428 7465 7191 7847 6670 7572 6383 7513 7557 7680 6372 6557 6434 7863 7928 7013 7815 7534 6684 7012 7930 7330 6362 7813 6872 6483
7664 6933 7779 7250 6603 7556 7790 7415 7999 7243 6681 7359 7430 6889 7000 6738 7912 7005 7639 6903 7671 7570 7055 6634 7536 6869 7992 6684 7433
4356 4986 4827 3819 5062 4049 5237 4330 4000 4636 5077 4996 5161 4762 3589 3594 3694 3634 5024 4134 4337 4794 3870 3672 4519 4177 4932 3764 4734
3288 2704 2524 2539 2364 3163 2339 2885 3160 2885 3546 3396 2956 3407 2727 2585 3735 3009 2719 2395 3882 2769 3051 3148 2544 3249 3908 2691 2463
6346 7614 7335 7230 7797 6699 6709 7138 6277 7140 6466 6724 7654 7063 7493 6437 6826 6858 6551 6920 6241 7843 7618 7340 6773 6857 7422 6286 7909
3379 4301 4848 3425 4858 3381 4766 4390 3947 4058 4638 3541 3225 4505 4432 4642 3679 4898 4298 4678 4151 4623 4806 3377 3289 4268 3740 4706 4602
5139 5525 5324 5760 5697 5169 5260 5677 5741 5487 4215 5825 5725 4872 5725 5281 4258 4995 4593 4572 4294 4370 4717 5194 5073 5748 5004 5639 5120
1552 2309 1065 1110 1607 2451 2124 1448 1108 2602 1872 1173 1475 1519 2696 1880 1913 1144 1951 2473 1152 1705 1490 2593 1717 2120 2058 1530 1391
4024 4297 4249 3469 3484 3897 3929 4422 2930 2826 3680 3992 3622 3633 4052 3014 3436 3323 4433 3282 3886 3367 3645 3564 3814 4026 4103 3222 3078
4770 3644 4840 3941 3739 4739 3933 3416 3807 4006 3647 3753 4109 4183 3783 4591 3724 4194 3995 4364 3601 4849 3699 3986 3739 3371 3572 3401 4734
3212 2031 1595 2254 1788 2054 2150 2369 3210 1860 2743 1782 2907 1690 2508 1808 2115 3129 2680 2111 2530 2622 2877 1610 1785 3293 2739 2521 2865
6622 5923 6686 6592 5440 5498 5620 6305 6009 5419 6615 5946 6485 5611 5567 5813 5312 6566 5922 5206 5506 5434 5648 6176 5120 5486 6146 6105 6208
7281 8194 2443 5547 3634 6254 3763 5338 4686 1908 4759 3907 6420 2633 2963 3159 6244 6236 4506 7024 3050 2630 5016 8476 3074 7307 8093 3573 3326 3070
7867 8031 2070 7059 3123 5983 3092 5693 5333 1841 5100 3282 7276 1250 2790 3288 5907 6284 5113 5749 3094 2406 4776 7684 2199 6251 7447 2923 3624 2994
7273 8409 3106 6435 2822 6816 3110 6224 5210 2598 4427 3722 6963 2274 3151 3268 5591 6014 4772 6149 1935 2974 4331 8026 2260 6453 8475 3407 2672 3223
6802 7323 3468 5502 3880 6541 3707 5643 4426 2449 5017 3742 7229 2317 3219 2922 6081 6894 4143 6493 2417 2487 5381 7392 2173 6066 7293 2717 3153 3400
7940 8643 3307 6153 2737 6786 3565 5251 5418 1794 5371 3581 6514 1336 3147 2625 6344 5700 4392 7162 1607 2527 5135 7156 3290 7114 7505 3693 2703 2800
7017 8144 3211 6955 3202 7061 2602 5543 5176 2473 5352 3537 6933 2623 3797 3276 6522 5418 4624 6226 2524 3035 3814 7426 3401 7407 7408 3054 3032 3020
8176 7687 2367 6066 3149 6379 3071 5067 4818 2461 4772 3574 7209 1179 2674 3528 5035 6211 4312 6529 1959 3520 4595 7822 3594 6536 7856 3802 3679 3731
7703 7183 2226 6523 2782 6990 2628 5769 4167 2849 4174 3516 7052 1967 2266 2769 5431 6673 5347 6752 3120 2091 5457 8080 3468 6612 7027 3103 3638 3277
8281 7491 2566 6316 3160 6888 2748 5519 4173 2373 4655 2991 7512 2166 2316 4169 5585 6667 5306 6254 2730 2689 5186 8826 2470 5914 7343 2215 2614 3151
8143 7175 3538 6716 3615 6887 2875 5862 5427 2961 5413 3907 7474 1976 2111 3368 5050 5681 4646 5871 3105 2527 5485 8568 2670 6298 7062 2804 3274 2964
6895 7993 2861 5533 3954 7106 3697 5765 5102 1970 4571 2418 6451 2317 3291 4015 5802 5325 4316 6723 1986 2335 4900 7371 3066 7125 7040 2434 3161 3344
7721 7234 3708 5649 2741 7070 3801 5059 5478 1716 5050 3540 7292 2562 3432 2913 4902 6644 5723 6035 1525 2996 4189 7429 2593 5785 7136 3044 3455 2725
7981 8639 2223 5784 3273 6961 3688 5742 5393 2745 4408 3505 7230 1138 3591 3024 6186 5532 4197 6420 2092 2761 4160 7769 2184 7102 8577 3383 3726 3348
7205 8249 3687 6579 4085 7152 2437 4997 4688 2439 4319 2949 6067 2509 2531 2809 6219 5641 5605 6043 2185 2027 4172 7528 2279 7123 8002 3327 3798 3551
7426 7930 2990 6688 4001 6701 2160 6264 4918 1863 4825 2824 6477 2497 2368 3572 6314 6282 5351 5702 1883 2140 4389 8452 2831 6852 7442 3077 2869 3752
6852 7397 3603 6658 3111 7095 2432 5301 4014 2642 4769 3380 7191 1408 2422 2598 5342 6031 4588 5798 2380 2702 4818 8549 2648 6547 7152 3098 2834 3328
7435 7393 3195 6077 3398 7337 3414 5863 5101 2531 4458 3070 7163 1075 2305 3086 5815 5513 5508 5828 3208 1996 5473 8179 2851 6817 7241 3911 2652 4039
7668 7494 3308 5474 2799 6549 2770 5688 5263 2602 4284 2373 5981 2748 3336 4083 5849 6172 4094 5770 2981 2508 5041 8226 1984 6544 7594 3206 4008 3434
7114 8349 2933 5689 2678 6406 2278 5515 4340 2883 5424 3097 6392 2289 2343 2796 5790 5739 4360 6630 1648 3152 4677 8361 2419 6094 7834 2751 3233 2867
8194 8406 2868 5775 2894 6502 2763 6643 4136 2042 5373 3270 6818 2064 3609 3997 5000 5366 4259 7181 2336 2428 4273 8111 2056 7251 7881 2682 2503 2704
6739 7755 3130 5669 3241 6500 3443 5246 4023 2925 4275 2507 7385 1460 2556 2704 5170 5892 4871 6486 2815 3360 4072 7662 1962 7135 7526 3359 3667 3434
8148 8256 2160 6681 2931 7560 3188 6571 5196 1534 5364 3872 6441 1728 3677 3986 5824 6073 4276 6842 1715 3135 4597 8438 2257 7368 7412 2704 3166 2746
6719 7873 2944 5793 2635 6651 3820 6249 4707 2322 5100 3237 6932 2496 2520 3492 6523 6994 5634 7197 1983 2395 4865 7831 2324 6406 7959 2501 3767 3189
7644 7550 3209 6156 3686 6261 3721 6386 4860 2007 5192 2460 7494 1937 2283 2806 5991 5406 4195 6479 3060 3051 3887 7196 2436 5960 7287 3618 3382 2860
6804 8764 3211 6861 3871 7584 2699 5122 4232 1875 4442 2353 7064 2292 2166 3134 5101 5557 5299 6165 2628 2709 3925 7491 3404 7032 6931 2258 4076 4283
7803 8381 3221 6726 4101 6677 2612 6171 4871 2015 4410 3848 6447 1258 2422 2797 5546 6980 4291 6812 1801 2148 4847 7335 3597 7231 7552 3760 2475 3308
7592 8507 2447 6483 3847 6701 2886 6592 5275 2200 5180 3175 6566 2627 3599 2927 6177 6854 4260 6564 2675 2074 5296 8519 2668 6541 8019 2327 3077 2775
7081 8143 3286 6905 3739 7123 2916 5005 4642 2058 4505 2312 6916 2054 2479 3853 5394 6938 5724 6108 1730 2454 4826 7657 2572 6883 7603 3141 3161 3355
8076 8709 2229 6677 3474 6274 2754 5300 5278 2300 5084 2777 7145 1152 3593 2569 5157 6875 5592 5987 2883 2151 4322 8679 2114 5740 7268 2852 2633 2728
7 0 17 3 40079 0.959433970626022
23 18 13 8 51833 0.955682066553923
4 4 4 19 75491 0.9090269411872233
27 24 3 25 72186 1.0551867960399157
24 10 21 17 29869 0.9823149126807413
16 29 2 13 72383 0.9428807753717415
5 22 8 7 64196 0.9366445939287975
23 6 13 28 78477 1.0595475218884776
14 5 21 9 34153 1.011463618450207
4 2 28 20 94183 1.059126796007705
6 7 7 22 55085 0.9930567167574811
29 12 5 23 90469 0.9425095365179232
5 2 12 26 88165 0.9475830517087844
7 11 21 26 71111 1.073000248389569
8 11 16 25 62925 0.9536536362133943
20 15 17 2 47459 1.005197681280519
2 24 12 8 75002 0.9858492122896757
14 27 8 19 39203 1.0233709882177942
3 29 18 18 72226 1.0388079352772548
22 16 4 13 47857 1.0656687673584755
15 12 27 15 35619 1.0940971768939909
16 13 21 18 25099 0.9066018951019356
4 3 29 23 113206 0.9433559507882319
2 6 6 13 36639 0.9518123708521642
21 20 5 23 53931 1.0923537582765013
0 8 1 23 47891 1.018045793201183
21 9 21 28 55043 0.9959560311778699
23 11 21 23 39299 1.0680422403089107
4 22 9 10 61828 1.034554059070891
4 1 24 29 114835 1.0522767080804953
7 9 1 23 61016 1.0925516057858622
22 4 3 12 72444 1.0938712074645358
20 11 9 25 66210 0.9260622177857403
22 19 19 0 77376 1.0530522940842424
27 1 27 13 31232 0.9027244450757317
1 1 18 27 111291 1.0060682566587538
4 26 29 11 103865 0.9247647349599705
7 15 20 9 44525 0.9298675260828013
27 16 24 24 29548 1.0636997774378263
29 21 19 19 31419 0.9421685988604397
29 25 2 24 76691 0.943783214499482
0 3 15 22 83273 1.080801467252029
29 2 29 13 28093 1.0862099842359867
23 1 4 14 76606 0.9390575965528094
5 29 0 18 44849 1.0996458360044474
14 9 25 27 58759 1.0138375024854014
20 9 6 3 55618 0.9846373614153069
25 2 17 20 50777 1.0749923318048307
19 8 11 11 34077 1.0180756447468025
0 5 2 17 44278 0.9585200140838126
4 21 28 16 71604 0.9694944213016707
29 23 10 8 79821 1.0638254567922076
20 4 2 17 84466 1.0723344747076917
12 5 22 9 36838 0.9174504749676408
4 5 24 28 107294 1.0965490307812698
25 7 13 29 71512 0.984856493988697
22 1 24 13 37305 1.0991458717072935
12 29 22 12 68677 1.0029894682137082
22 28 13 5 79589 0.9770043179681891
23 2 5 20 85894 1.0730279200358268
23 7 5 7 64487 0.9539287388459957
2 26 11 25 43391 0.968863638761349
3 9 8 1 42842 0.9943826771457691
9 0 18 12 62374 0.9459720813726229
14 9 13 29 51015 1.0756064282916977
17 6 3 26 98329 1.0362069969654364
25 4 16 28 69313 1.0830668300061148
1 14 1 28 44461 1.0795204622468462
19 5 6 15 60212 1.0622556615267154
0 10 11 22 62546 1.0440569032095135
16 25 27 7 67203 1.0347068175033047
28 18 7 12 56621 0.931531575886338
13 2 8 11 36078 0.9929423082788759
12 23 5 1 84847 0.9837076311422457
8 16 24 13 49458 0.9553756969284627
11 21 21 29 46481 1.097391394116349
10 1 17 7 38152 0.9974552849251958
13 11 29 9 40743 0.9803304910930875
17 24 21 9 52370 1.0150354627224867
28 21 5 22 64919 1.0613510624350087
24 22 11 8 63319 0.9870915107424546
9 0 1 28 109424 0.9999371336948745
13 2 1 17 64264 1.0453698373911935
6 4 28 14 73740 1.0091059073473303
4 13 22 7 58486 1.0265689144844095
20 21 11 16 41714 1.097290961586462
14 19 24 4 65859 0.9879760910310253
6 5 6 25 79563 0.9789796262856756
3 20 12 16 39992 0.9748530956394695
6 24 23 28 58400 1.082307042656102
10 10 15 1 40018 1.0786810320008688
2 5 24 1 84538 1.059239178279927
26 9 15 13 28634 0.9474649475457069
13 27 3 23 44653 0.9815701694502781
1 3 6 11 46252 1.0700091090361121
3 13 27 17 62338 0.9623133399335624
7 7 25 26 79930 1.0420939806444929
11 24 1 29 47594 0.9809314855323051
3 20 27 24 65092 1.073324551397011
13 10 1 3 53612 1.0935968177768187
0 1 26 13 83460 1.0112829451010554
22 4 1 1 72365 1.0837681121059475
29 23 6 3 105794 0.9032460178419169
21 5 26 11 27607 0.9732789523434535
25 0 0 16 81475 1.0153591517305314
7 20 19 17 44306 0.9750908190389054
5 27 2 4 85299 0.9818206746415871
7 5 27 12 69509 0.9751336005412234
11 24 19 18 37736 1.070087520365326
8 11 23 5 59066 1.0878445530269234
17 12 27 6 37041 1.0133482254297081
27 29 4 18 85579 1.0373358798782004
12 10 18 3 35395 1.0268285207356171
10 16 13 3 41895 0.9134559399412173
11 20 16 25 27748 0.9187642229907745
16 5 6 16 54256 1.069010516570797
0 3 28 17 90313 0.9995714386173238
25 25 6 4 88344 0.9193361774958946
16 6 12 26 63396 0.952872629719721
1 9 17 6 44787 0.9894027777157657
10 1 28 1 63315 1.0831492199899728
18 0 24 29 85810 1.078650061249115
27 23 4 13 69265 1.0399211420765608
18 10 13 28 59577 1.0434712868129608
5 18 16 12 49907 1.0028733617198506
17 12 0 10 43927 1.016198303693768
6 22 26 23 63589 0.96930431763876
2 23 16 6 82168 0.9236778318112602
8 16 23 26 75317 0.9538853242135923
3 19 26 6 88158 0.9113505261929119
6 0 14 4 40468 0.9235137233179531
9 14 3 8 38184 1.055985879082443
17 0 8 16 67246 1.0165138509799811
14 8 27 13 43173 0.9843430395860677
14 28 13 7 55339 1.02208741005429
20 20 0 22 52093 1.01419320313311
26 27 6 8 86397 1.0173392331849196
5 15 2 24 45117 1.0211383946667192
6 10 10 20 47185 0.9380022409646638
12 8 6 18 48559 0.9326663455293366
24 1 5 10 73007 0.9393121504056356
12 10 26 28 65781 0.9826369798872805
9 15 19 29 68305 1.072503387374419
8 25 6 16 42725 0.908647689761869
18 0 17 12 40754 1.0896155134464862
6 18 25 22 58310 1.0173724869922836
0 26 11 2 91918 1.039168789855983
3 26 4 13 63053 1.043325521873079
14 26 12 18 32555 0.9688626081441658
11 24 0 12 60921 0.9999590204067459
16 25 11 19 33754 1.076151348660298
6 7 28 1 77025 1.0485192852430687
22 9 14 21 51935 1.0178672748896873
21 5 3 5 65313 0.9023277689616408
22 4 23 15 36207 1.0677884640564568
29 9 1 27 107961 0.9655610648257733
1 19 8 28 49097 1.0181708664523472
25 0 2 2 73680 0.9859748283313076
12 26 15 2 72142 0.947683072171646
7 12 25 25 61665 1.09399389603145
15 2 29 0 52834 1.0478573552695443
25 18 11 4 58603 0.9985481625769576
28 6 17 24 59574 0.9583591884622672
8 17 13 4 50087 0.9898707651422671
12 20 0 29 51624 0.9970497325902983
3 4 2 18 57380 1.0638429306799932
22 22 18 0 81305 1.0996387224360142
27 17 3 0 111533 1.005366452702286
24 24 6 1 98616 1.0034545696937156
16 19 8 13 40342 1.0599918494025171
29 21 29 6 40497 0.9649487807496202
16 10 1 27 87488 0.9132925525427164
4 22 8 13 45587 0.9129939739067973
12 18 1 0 82306 1.001304015869591
17 17 0 4 68191 0.9458691005491913
10 11 17 26 57966 0.9604352029193355
29 29 5 16 97248 1.0861958850772098
3 8 14 28 82701 0.9794378684211129
22 5 5 25 103502 1.0735170082360033
9 0 23 11 70724 1.0028007463259536
11 1 19 13 47294 1.0821319698639307
27 12 19 8 33915 1.017923084386401
6 0 4 20 80396 0.9117193900679604
25 2 26 20 33412 1.0576451377392397
11 1 9 19 67091 1.0422345421065162
19 1 28 5 39046 1.0341113023515942
25 5 4 20 77299 0.9975719686948731
7 13 8 22 35533 0.964883045362369
13 2 20 26 77561 1.0832922380380947
5 9 15 24 61367 1.0474857442592511
18 14 6 13 26839 0.9984570074264815
8 15 13 4 40547 0.9704461819486476
22 6 8 2 48879 0.9655422600690275
6 18 24 9 66256 1.0772548516586147
25 5 11 12 48273 0.9374340950910769
29 25 25 4 51607 1.0836980207897895
13 12 24 12 29962 0.9297243512784399
20 29 9 5 95685 1.0956497660827518
11 16 1 6 59414 0.9306882758839162
14 20 2 19 32933 0.9303698055498523
8 25 19 4 83854 1.002930302937458
16 27 2 19 57929 1.0020979864926876
20 12 24 25 44067 0.9300900341429387
13 4 27 20 61489 1.0404580538359454
13 2 3 5 44393 0.9207171043066538
16 23 6 6 77807 1.0883489484428621
12 14 3 3 65226 1.0160247683465853
7 10 16 1 49829 1.0761615145008827
20 5 28 29 69506 0.9935133814514819
9 21 28 16 57742 0.9508025370709625
19 3 25 29 70938 1.0035173164223548
24 2 17 18 51678 1.0368436436595487
18 1 1 4 65472 1.0828853851890683
14 16 18 2 52366 1.0553026349475036
29 17 8 10 71117 1.060215185962364
29 3 21 24 63926 1.073483026241804
6 28 20 22 57339 1.032520288057617
2 26 15 6 90657 1.0205445781910103
5 22 5 4 74373 0.9079275191763481
29 19 0 2 105012 0.9706683393017936
2 20 20 10 70763 1.0575830781428601
10 5 22 4 45438 0.9474619673804467
13 0 23 4 40675 0.9755789630506931
13 1 26 29 82518 1.0101748511628594
25 27 25 14 24892 1.0591752144791806
26 0 10 13 60097 1.0052291962389677
14 1 5 2 32433 0.9324042250316291
23 27 24 8 44749 0.9967756976204242
22 9 11 19 57213 0.9087010443578479
25 0 10 20 69897 1.0715255840014193
4 17 14 4 64828 0.9845106570901955
11 10 25 28 68356 0.9245695333743341
3 6 22 22 94745 1.0163637686950064
9 22 1 0 91367 1.040821826613484
3 2 23 20 93691 0.9005484754998858
20 10 4 23 86836 1.03308576239569
14 1 23 18 75047 0.9037141523504463
12 29 29 4 92714 0.9065567230724447
3 7 18 4 58376 0.9911308387113384
8 29 27 7 95926 1.094717035206381
11 2 12 27 69143 1.0690002012874396
11 1 0 18 74911 1.0136051383609919
6 27 26 27 61037 1.0092905676314716
17 14 6 24 55259 0.9202671492757274
1 25 26 23 73665 0.9883739003969408
19 23 28 9 54984 0.9698857026283101
26 1 14 13 47547 0.912337141565309
21 14 3 11 52273 0.974086086157758
9 20 24 0 79806 1.019902485767067
3 6 11 26 90873 1.0471809911011023
10 5 2 15 58464 1.041272349836027
20 23 26 15 35153 0.965513299963902
27 3 24 11 27454 1.0868154981408025
21 15 10 13 28201 0.9420853245554366
7 18 14 26 45059 0.970970517119182
15 26 7 8 74750 1.0768344250661233
27 6 21 25 50781 0.9963599336068563
23 15 1 23 83417 0.9878720494998986
29 22 12 13 53989 1.090746244621631
0 20 20 7 80944 1.0759406959725981
14 9 5 14 32933 0.9647067299480643
13 2 19 20 55377 0.930252422991639
3 25 3 10 67373 0.9642493750389541
0 14 26 23 77673 0.9668787689110189
7 1 3 11 47657 1.0384475678197986
15 10 8 0 55889 0.9173857402550367
27 9 17 24 50695 1.0990197339376162
7 1 24 13 66780 1.0756457001878161
19 25 21 12 47937 1.059729359302629
19 11 24 21 37784 0.9818878755508031
17 7 2 28 96604 1.0177525902532822
25 20 11 0 77545 0.903185441598604
13 29 0 13 65635 0.9458148029523799
0 20 21 14 66390 1.0759549601328897
25 10 22 18 28800 1.0429936496052412
28 25 9 5 88545 1.0018237032923165
6 16 4 25 50424 1.0667410683600194
9 15 19 14 31186 1.0779044545562362
29 3 23 25 62634 0.9985783272733697
0 4 27 7 82708 1.0474993711731555
0 25 19 21 59214 0.9021765052660192
5 25 16 22 47542 1.0662525149094138
12 4 28 1 55763 0.9233725286881433
23 10 4 25 93414 0.9602124502539533
27 28 16 12 57695 0.9197896489751501
11 21 20 3 68807 0.9240971286958175
20 11 14 18 40673 1.0180846993690609
26 28 17 24 28742 1.0421541246179307
28 13 2 10 69984 1.0516586144047193
23 4 4 8 65672 0.995023455049854
17 9 12 19 40156 1.0410268971489667
2 16 24 18 79258 1.00007528314114
6 10 2 29 77594 0.9224965386255702
8 22 11 1 76188 0.9165746376113576
18 22 0 9 73792 0.9245705811278554
0 6 5 27 72116 0.9099103948158574
8 21 24 0 86466 1.0761942548357735
22 5 3 14 72943 1.0426824589789012
13 10 17 20 33311 0.9753809594825582
17 13 8 18 41280 1.0608927681879547
0 26 19 7 97584 1.0748485446590994
20 25 6 20 47875 1.0150436170027441
19 17 8 21 45116 1.0222564057423438
25 12 9 8 48132 0.9869085578602339
5 11 29 22 78344 1.0159589623198877
23 29 11 17 69362 1.0086059671965693
20 25 5 27 53334 1.0736898577163498
21 28 2 9 94396 1.0108248672823505
18 2 19 28 84843 0.9253601707007447
24 21 13 3 63047 0.9065056228578757
27 21 13 16 44937 0.996194841144447
6 21 26 20 51602 1.0982959407106305
19 26 23 18 43947 1.0768002025814325
22 12 14 8 40530 0.9046939729692315
27 8 12 8 42811 0.9912648531841628
24 20 11 22 38374 0.9468507281275436
7 18 29 1 88088 1.0127092542063123
25 22 2 26 76771 0.9605762670974793
9 7 7 16 37206 0.905837595433233
21 17 14 10 39277 0.9048304456233695
1 7 2 23 60197 1.0557367242319422
12 21 16 9 39575 0.9552680880471428
27 6 7 6 60060 1.020847911103293
1 26 7 20 36550 0.9066206596418646
16 3 17 18 48148 0.9246649282085487
9 8 24 28 80019 0.9275959062237652
17 20 12 4 49064 1.0806563504750197
26 18 5 29 82533 1.0247364728344446
6 10 26 7 58560 1.009208565107851
1 9 10 18 57394 0.9439181932250199
15 24 25 17 36849 1.0607276158978907
22 27 20 11 51865 1.0670132777355046
19 4 4 12 58944 0.9490526944917058
28 19 7 15 63216 1.0153638118879142
6 9 14 11 24529 0.9808432891391184
23 5 8 1 63736 1.0126771341945913
23 6 23 26 52135 0.9923323600847767
27 11 12 28 73652 1.0045493048090204
22 18 6 4 77397 0.9417636589749717
24 8 13 9 31531 0.9712905974727293
21 27 27 16 43120 1.0152414629721749
28 15 4 20 67519 1.0973202684423429
12 6 10 16 39269 1.0098230383509197
14 10 17 19 35128 1.0248294222893388
18 20 3 24 50445 1.0560695464857341
9 15 19 2 59258 1.0995140640221026
26 4 27 20 38013 1.048157228643357
25 17 7 28 71009 0.9512948356583533
9 17 17 24 44013 1.0904328961803984
5 29 10 9 80567 0.9068130658064842
29 24 5 2 101721 0.9923658367855672
2 29 20 5 111976 1.0804787879877502
26 8 8 1 70395 1.0601054380132926
1 18 19 20 50028 1.0199321823646996
5 2 5 29 102563 0.9202154615713792
19 0 7 26 106167 0.9603682375453241
14 12 2 29 82973 0.9169646870399767
0 22 8 3 77965 1.0405599566394075
4 19 9 0 88284 0.903126926565167
7 13 14 9 23244 0.9189038666012675
8 23 0 7 70854 0.9990353616353072
4 2 9 22 82833 0.9679194344576915
21 0 22 12 41234 0.9972452902439479
13 13 1 21 50778 1.0848022179100245
13 10 1 4 49464 1.090541671833929
1 4 15 16 70819 0.9576409782948794
16 27 29 19 52418 0.9050153676349184
27 5 12 12 54712 0.9471476607106089
18 3 10 25 79394 0.9738624472127109
21 27 9 13 64630 1.0881572853112593
29 29 0 20 87888 1.0624455212491046
0 3 23 14 76529 0.948758790767669
6 24 18 28 46105 0.9078250026231073
14 12 0 10 40932 0.9205981421637452
23 29 2 4 115227 0.9957942544251672
15 13 22 10 26306 0.9516824654582974
26 27 3 4 106101 1.0663348862661515
22 8 16 24 61812 1.0913447725233896
12 29 22 12 68677 1.029143187847223
24 1 15 17 66516 1.0953126802843645
2 27 18 9 90350 0.9132863806430597
28 0 15 8 55395 1.0756829328012854
28 24 24 8 40975 0.9187995705192983
27 25 22 12 44899 1.0337934611379274
27 21 24 8 31412 1.0621356014964722
18 25 4 21 50941 0.9116927432195602
16 0 5 22 93634 0.9592405635600294
22 12 9 19 57755 0.955073136956419
26 10 3 21 80356 0.9341201422621259
17 26 4 25 50129 0.9515825770262064
26 14 25 2 21976 0.9748049308476501
4 20 16 15 43510 1.0413044245654781
28 13 0 8 68828 1.083847133238167
0 20 18 6 74939 0.9667987995443523
9 23 2 27 37184 1.0963800433041129
27 15 16 16 41351 1.0341866226381895
29 27 20 7 64606 0.9754500422453116
16 3 11 24 69706 0.9044724231417297
10 9 12 20 35461 0.9577042891582641
26 7 18 5 35644 1.0557075641613345
21 3 23 12 32543 1.0881182619655414
22 0 2 12 89287 1.0871732284841746
0 18 12 5 64199 1.0904446971178205
24 0 1 19 101110 1.0455920491764623
8 1 0 8 46142 1.0940356133835902
24 10 28 28 45616 0.9686771344888523
24 1 29 25 62518 1.0743609827721903
19 4 12 29 78391 0.9199090995086913
9 24 24 24 36560 1.0285103805373401
1 23 0 5 55685 1.0239602285425546
21 21 10 0 85700 0.957342614334896
13 4 28 9 44193 1.0090846871299242
22 14 21 28 45633 1.0934098236091825
9 24 28 20 53110 1.018112983825482
15 13 11 0 44472 0.9546444786603325
19 11 16 29 61154 0.9101758326309416
13 29 1 19 53869 1.0387873024123853
7 2 3 12 51331 1.078077143225905
24 0 10 1 59783 0.9732781873215615
13 5 4 1 39622 0.9309774667063871
2 2 7 9 38642 0.9728490099876865
5 20 16 20 25489 1.0748872982586408
25 16 16 25 42548 1.055826360863744
23 23 0 18 74648 0.9387938567019511
20 22 12 5 66646 0.9359153134304832
23 13 18 23 48687 1.0666854575948994
26 22 17 19 28335 1.005139028154013
24 19 28 0 49500 0.925952704897945
25 0 4 7 77056 1.0734231132417824
10 10 22 3 53033 0.9787726382932473
27 1 15 18 67875 1.0259454142834903
24 0 20 11 38254 0.9975943819162352
5 4 26 20 84690 1.043023677238724
21 18 1 4 84662 0.9359784685290824
21 18 5 18 55601 0.975961422274704
11 6 16 25 64672 1.0490522795830888
5 11 18 15 43184 0.9314005096322526
4 19 19 2 87166 1.0130170522536086
15 22 0 14 60805 1.0469151804101642
29 28 4 22 85965 0.9010130216966784
9 23 16 12 55311 0.9836728261712656
1 13 15 19 50432 1.0891026917310278
1 12 20 4 65373 1.080756763177497
1 18 26 1 94451 0.9756993054134729
10 24 23 17 53750 1.0069678440318057
11 5 4 23 86374 1.0959394986867859
8 0 0 18 77123 0.9423949458148635
3 13 16 13 25995 1.0515004186919006
1 12 26 3 75266 1.0158164235509493
18 25 15 2 78095 1.043806710674795
12 19 6 7 58143 0.9898740109881662
7 6 26 9 54926 1.0415919356900856
7 26 20 13 65976 0.9345305996610414
29 3 26 16 43015 0.9952430756363251
13 27 5 25 35301 1.0763237511808441
16 1 4 15 69385 0.9273516329724486
7 4 0 9 32900 1.089328286132508
16 0 10 19 76158 0.9437436268614994
7 0 12 28 89185 1.0776729628453712
8 29 20 27 40916 0.9529534673030098
20 11 22 27 51865 0.9881011993047002
15 28 6 8 76708 0.9355027365520704
29 20 25 10 27185 0.9412502252319992
4 8 8 17 44078 1.0366048055430828
25 22 27 3 44182 1.0897482931464906
3 21 4 7 63995 0.9854761201100195
12 3 17 11 33761 1.0447938719240286
29 18 21 23 34851 1.0037023980989261
0 18 23 18 70044 1.0583490727129012
4 8 15 17 58166 1.0262916874222376
26 18 21 27 32631 0.9703643508810059
22 22 0 23 67965 0.9352883722428148
15 26 27 3 87016 1.0295453695060854
23 19 17 7 54387 1.0227105877825267
1 3 22 9 72848 0.9500729263174703
6 10 28 24 79293 0.9616962636804249
19 0 27 2 37787 0.9671403816912357
8 23 14 19 38577 1.0323341551110896
17 17 9 21 30516 1.0910031783173018
27 8 13 14 41462 0.9245408311963396
24 18 28 2 41440 1.032315362170932
16 23 6 4 82419 0.9757390306360995
13 16 17 1 44921 0.9375930438104215
25 23 15 7 60530 0.9473718193549707
1 7 19 22 87050 1.0426664226506106
27 15 7 28 80526 0.9139273926283054
11 29 18 7 75943 1.0358687608281758
13 26 13 6 47790 1.0256560697407315
0 28 26 11 98453 1.0113947176681832
20 4 17 16 43815 1.0297178728503642
26 1 0 22 101317 0.9569391609928841
12 18 13 4 35772 0.9237339053066358
7 26 12 16 50054 1.026028491775591
14 6 9 29 69508 1.0042946973969173
9 7 2 10 34252 0.9495393089224315
17 16 4 8 52761 0.9593468414313728
16 25 4 21 45680 0.9404063760710347
2 24 8 8 70012 1.0005880904409234
8 22 11 15 42981 0.9702097830936596
29 17 2 22 85899 1.053555668638868
23 10 13 5 36257 1.0988394151327747
29 14 14 22 60928 1.087435099161106
28 20 24 26 23914 0.9387920392031884
21 21 12 18 33060 0.9035483065293838
25 14 3 18 71937 1.0265443823835634
27 1 1 14 78806 0.9671251691796542
14 3 27 23 79687 0.9280622650574598
10 22 28 9 71907 1.055271784524392
1 4 28 7 86756 0.9576240823318978
27 3 1 24 111084 1.0892751575611206
7 11 2 17 40556 1.0990094508119268
19 14 29 8 39729 0.9510840901845838
20 11 6 25 76388 1.0775487730086328
1 6 11 4 39402 0.9578953560469494
3 13 26 22 64327 1.003100914253272
28 25 2 8 95645 0.9841145917355201
20 6 13 19 48629 1.0175640069369367
4 6 11 1 38505 1.0144142379796373
5 3 13 26 83980 1.002782728281869
12 14 27 28 63402 1.0543826304203452
22 6 17 26 67214 1.0751599958661264
11 16 17 26 48023 0.9786502346934178
25 11 5 16 59121 1.0942412620832118
1 13 19 3 65501 1.0516057167577837
0 25 1 16 30221 0.9331042786837267
25 25 20 1 59908 1.0956711372842491
23 27 29 13 39378 1.0384906608126188
29 10 13 14 44773 1.039623444574463
23 4 18 10 33710 1.063858166580705
25 18 11 3 64299 0.9990776546982306
19 22 12 9 53845 0.9987803622754949
13 25 7 11 49563 1.0956335739900491
1 7 12 28 86673 1.0661901619040746
17 17 22 3 55662 1.0325165797525886
15 15 26 24 48636 0.9351765907674147
14 22 20 26 35004 0.9031565003517122
2 24 15 22 44798 0.9205610509341912
11 13 23 11 30740 0.9473937950843089
20 20 2 12 62625 1.08326446174394
17 6 5 23 78254 0.9921808200708243
12 8 15 16 33473 0.9245962131481448
7 1 27 29 104487 0.9918399304388603
7 21 25 2 77892 1.0964452426080877
10 2 11 19 59756 1.0620215946583371
17 1 5 12 60032 0.9089159211708898
13 25 23 1 81874 1.0304579942616552
15 4 9 28 78954 0.933910184188639
10 4 20 21 66698 1.0382993993819545
14 19 27 17 50153 1.0710412887012226
20 20 24 29 32240 0.9789894559759207
2 1 27 28 121224 0.9576615565023251
24 1 13 29 88605 0.9105013767476451
8 8 29 4 67040 1.0262462113834232
4 29 10 16 70503 0.9733432632252477
7 25 29 11 82767 1.037134908091473
11 21 23 26 43764 0.9406817015530788
26 7 6 10 58560 1.032103022407921
10 19 21 10 55695 1.066774625720727
19 27 29 28 29998 1.0139812861562618
5 7 24 19 83455 0.9029453988429329
4 11 29 16 70679 0.9850459787505477
22 24 27 12 36674 1.0467674078487381
21 4 29 26 69630 1.0012705416896641
20 25 6 22 50381 1.0707599832432195
23 2 13 27 82330 0.9495546274043781
9 13 25 4 48356 1.0845237726387336
24 26 26 1 56837 0.9283800023341384
24 4 8 0 69299 1.0433910772606374
2 11 27 24 85478 0.9417597274310873
8 12 15 25 57933 1.0796939502538982
23 27 18 16 51113 1.0923617613592702
2 21 0 7 43754 1.0188534186441962
0 18 20 5 77239 0.9894514400285795
24 16 1 7 80328 1.0713707131320438
8 21 28 1 86786 0.9670490408531697
25 23 22 2 45322 1.0698877881313202
22 16 4 14 53940 0.9462004588571638
24 20 9 24 45606 0.9205552625494167
26 4 19 12 39368 1.0017371964318507
25 5 16 1 37020 1.0501254267314122
12 6 28 29 81754 1.0446759519805626
14 22 22 28 43828 0.9719245862813018
3 6 14 4 40608 0.9580649522211235
18 13 14 29 53685 1.0447953401534384
2 29 7 1 102274 0.9928909206214326
0 13 6 4 43175 1.0169433292390693
12 25 29 29 59426 1.0504031832966343
9 6 4 23 78763 0.9423917580313453
21 23 21 3 59512 0.9013535206202438
20 0 20 21 71409 0.9094028777084505
10 14 20 27 64207 1.0196878346045632
2 26 13 12 73293 0.9033632443025206
15 10 1 24 75302 0.9175291896938608
5 6 7 20 52545 1.0060916735767749
1 6 7 22 64802 0.9018760655814665
12 9 14 25 48348 0.9427794793450048
4 10 28 26 94113 1.0382548541463967
25 9 27 17 25376 0.9432482919542914
0 22 25 26 75071 1.0761472592370322
25 25 13 4 65670 1.0206607770361837
16 18 1 3 83712 1.0585358223222205
25 21 11 2 69053 1.064498800591563
26 23 10 28 57242 1.0061953456947113
11 15 6 1 60506 0.966469358725465
12 26 29 2 92729 1.0120423034163486
4 4 14 13 50056 0.9403346229749658
2 23 27 18 83744 1.0056226069236385
15 17 24 9 48742 0.9677191655480101
0 28 8 22 44020 1.0119495877856663
22 6 8 17 70831 0.9907696146011257
27 14 4 1 88760 0.9783004584472372
23 9 10 7 42328 1.0112138856423587
6 25 7 0 89355 0.9977983519281599
13 8 16 29 60938 0.9835409343858343
6 28 8 16 51285 0.9463900798597145
0 13 24 6 64742 0.9780673740125553
20 14 0 4 68867 0.9310813083230381
19 1 15 10 44922 1.0716918014548171
11 21 20 17 37230 1.0002791578674708
11 22 20 7 65322 1.057097641477405
18 4 11 20 54344 1.0079450125855096
3 4 28 15 86067 0.9667047226522565
13 10 26 16 40983 1.0803822827100542
7 2 25 8 61107 0.9593393929765534
6 6 19 1 56210 1.0900218653590998
25 14 14 2 53105 0.9545352707448483
6 2 23 10 62542 1.0515172388673792
24 0 24 18 43151 0.9266085017899608
19 15 21 29 48849 1.0715358094635468
8 4 27 26 94071 0.959518875286012
22 22 9 29 54074 0.9305464406309
5 28 7 18 42258 1.0768314128064946
20 4 10 6 34433 0.9309476390661244
18 24 6 5 83890 1.0866725126202827
21 26 4 9 82750 1.006315857023834
8 14 0 2 48942 1.0457052927719652
2 28 27 9 105593 0.9549807252434588
12 11 27 9 39890 0.9318077128835868
6 7 23 20 76466 0.9117670638933912
25 28 12 7 71409 0.9318105885901513
6 21 18 6 67508 0.9873296113634725
27 22 19 17 38594 0.9269998581248033
8 3 23 4 56014 0.9714700012408009
4 25 15 28 50337 1.0711748479704626
2 29 16 28 46063 0.9330345293310222
5 0 18 0 60074 0.9893336394119151
21 0 19 22 72683 0.9431033840623848
19 26 8 17 69488 1.0936891843985257
8 24 1 16 45858 0.9581618960461793
1 8 28 15 74962 0.9529630367013304
16 26 21 6 73809 0.9697862421190951
18 26 7 0 99064 0.998124777857798
14 7 16 16 37118 1.0872478172830806
25 20 0 7 78931 1.0659142964498332
16 2 16 23 71057 0.9147721482515606
18 17 6 15 47091 0.9702276295225363
21 19 4 3 88939 1.0188594793225716
0 15 14 10 42821 1.051578709696303
4 12 17 7 48083 1.0966818636884614
3 0 10 12 72790 0.9844747450099314
4 23 4 0 102475 0.9522320527892563
29 11 7 5 69651 0.9559240229544129
10 17 24 0 79573 1.0049485475531543
18 20 1 24 54904 1.0681087753858898
7 15 15 1 56330 1.039767259285518
20 6 8 3 46636 1.0558081359160991
28 10 15 28 69658 0.9034751866209589
14 8 19 17 45685 0.9116557372071813
24 5 8 15 65786 0.9442326127090549
26 23 13 18 44752 1.0276936039596996
22 9 22 23 49346 1.0605099771833082
0 9 8 26 75125 0.955575000169767
15 26 7 3 88779 1.0285385284790411
25 28 17 17 41712 1.0305659654653185
12 10 21 28 70190 0.9637929126799247
5 19 29 2 96410 0.9501208024400498
11 25 0 18 54358 1.0090279746723716
9 0 28 0 74468 1.0963755655689973
4 23 6 8 71185 0.9973980318257877
23 25 25 3 46615 1.0852944001746028
21 24 4 28 57494 1.0321370540275145
8 0 10 15 65759 1.0205678859621319
5 19 29 3 100181 1.0678269979016215
25 11 15 15 31465 1.0188542158184224
4 22 13 7 65581 1.0829004741334618
22 0 12 27 99805 0.9769392815630689
6 12 1 7 36895 1.0884892403950854
25 13 27 2 23703 1.087968475073687
2 2 0 18 47833 0.9341763290395804
19 9 29 6 28553 1.0412144567491821
12 7 26 8 42896 0.9856348460525421
29 6 2 25 110615 0.9508233338718576
1 8 19 12 60021 1.0141958175379806
17 19 27 25 38612 0.9062473895267426
29 10 22 4 32147 1.0487332422118192
11 15 27 8 49960 0.9070884772000835
28 29 1 17 93781 1.050537943807748
0 9 19 16 63273 0.9314549513772173
17 13 10 28 56149 0.9855302622774971
17 15 6 11 35564 1.0819384772885376
17 11 21 1 38204 0.9791169131073545
1 13 22 12 48537 1.0737850812456737
5 18 24 14 64442 0.9389175561158659
29 24 5 14 76945 0.98663618055446
24 1 4 13 68538 1.0581039163324628
0 22 12 4 73468 1.0530913921651635
12 1 20 6 35992 0.9237511999923754
5 5 27 3 82301 1.091564177761787
14 4 26 2 40641 1.043426131787115
26 23 0 4 97906 0.9658607691809886
4 26 9 10 80074 1.0513286506657107
24 24 23 6 42142 1.0027655763865393
11 15 17 27 48630 1.0404779673160944
15 23 2 24 42741 1.0180114008215786
23 28 28 5 57669 0.9807525824486121
11 3 24 25 84140 1.08192272977793
24 11 14 23 59833 0.9681983209553752
19 25 24 15 41410 1.0824589512300729
19 23 2 16 79980 0.9505725496475786
22 11 6 15 48646 0.9059761173429062
6 5 19 14 59268 1.0681889725358913
0 26 9 4 85449 1.0768208823144028
10 9 18 23 58501 0.9069929904280187
14 14 18 7 33895 0.9399299843127176
27 12 15 1 63508 0.9234202387423202
12 16 17 29 51728 1.0775226436262273
27 2 12 20 68193 0.9199827959884288
14 13 19 19 34246 1.034282656219422
22 21 20 29 30392 0.9995579986899693
17 1 19 20 58086 0.9727805617513853
20 23 21 13 35170 0.9187201686920744
1 1 26 18 99086 0.9228245917295419
2 21 24 6 87367 0.9240885991157294
3 11 7 22 50766 1.0202964937419563
7 17 0 1 57927 0.9054943978945446
17 21 13 8 40118 1.0618638396812545
28 10 7 27 88229 1.0125585247370377
11 29 27 1 95254 0.9698735065129249
0 4 25 24 94534 1.0279456585723015
27 3 24 17 41314 0.9438897998076924
9 26 8 0 102957 0.92533401766269
16 20 19 10 40925 0.9859568920851038
9 23 19 10 68622 1.080000344684035
26 15 5 0 89659 1.0703113465077725
8 19 18 27 50213 0.9400296579607605
6 15 0 28 53944 0.932124150745219
18 21 2 4 86465 0.946563552769875
5 6 22 5 56694 0.9558578445690089
4 2 28 3 73794 0.995130336444916
6 4 28 3 74444 0.9688611129160613
18 15 4 15 45835 0.9774163349843112
22 6 26 26 53947 0.9552006295733046
6 22 21 14 61492 0.9064615676094727
27 6 2 22 95774 0.9548323935472982
23 1 20 23 65327 0.9360368437730504
7 16 24 13 44027 0.9292487558155789
20 3 10 16 62647 0.9446157723383527
14 20 4 16 49033 1.0547786226630924
19 26 3 27 57611 1.039999932704663
13 0 29 27 91255 0.9289684752003111
16 22 7 9 57912 0.9021104660353496
12 11 26 17 45644 1.093475320158621
29 19 8 29 78085 0.9651212354584844
29 14 29 27 38252 1.088227253366519
27 5 22 12 34165 0.9944112331360484
15 26 8 13 57709 0.9420795026658015
10 0 0 24 100617 0.9662034220109068
9 24 5 18 36176 0.9310451977460943
1 19 29 13 79501 1.060545099274755
10 14 24 4 55754 1.0038078277810396
0 21 8 10 50769 0.9534174620908891
13 17 3 1 71637 0.9499513213044957
29 11 3 21 84831 0.9943597904500124
11 23 24 8 71875 1.017432664069442
22 5 6 28 107136 0.9687266392185087
11 8 22 16 49051 0.9414576355457799
18 2 14 9 30079 1.0906798045208657
25 19 15 29 50043 1.021751827028182
26 15 19 28 44935 1.005146712001761
3 12 21 15 50416 0.9653828970121442
7 21 0 15 34636 1.0241307187924853
1 17 21 4 81654 0.991549251899228
26 21 10 29 58671 0.961672039003747
29 12 13 21 58034 0.9144719516827536
19 2 14 10 39427 0.9011661518531805
8 20 23 8 66106 0.9542287270612848
0 19 28 9 81415 0.9575703002617413
18 17 11 29 50848 0.9281703448252198
24 8 20 24 45361 1.021984219356537
20 2 19 29 81237 1.0595039077913215
15 27 21 0 90348 1.0987296183025355
4 14 26 13 49108 1.0895848951483589
7 26 22 21 53643 1.0454889795518538
18 17 7 22 44300 1.0309429145852438
26 1 23 25 55198 1.0635277400348708
12 19 27 8 61649 0.9633845971575936
13 8 15 29 57610 0.9715690435250194
7 1 17 3 37507 0.9451090880904122
28 4 20 13 33971 0.9734535099227153
14 2 25 10 47066 0.9898649916529723
16 23 21 5 68746 0.9981598726824848
3 12 27 8 67879 0.9454838312757434
22 17 0 17 71631 1.03224227457978
15 24 22 10 60348 1.0770823495877349
8 25 0 13 60439 0.946918603706368
0 17 11 7 57196 1.0485358471382515
0 9 27 0 82798 0.9823149063910598
9 26 28 12 80541 0.9487771354624213
8 22 25 24 55238 0.9001627501742969
19 26 2 10 96865 1.055954801618387
2 13 4 29 60337 1.0437729204276827
20 28 16 22 32118 1.03130771431089
0 2 9 19 74462 0.9178667372043606
17 4 9 28 81603 1.0326459276024407
3 19 10 24 39141 0.9357024608816505
28 24 6 24 58333 0.9901631827977058
18 12 14 6 32310 1.0143055142381567
27 2 26 21 40579 1.088695025970642
8 3 13 14 44990 0.9750428803433303
5 20 4 1 80119 0.9118574950137537
11 6 18 26 74205 1.0588076305577807
18 17 23 29 55222 1.0624095309927564
1 27 2 18 36642 1.0019575318934981
5 25 7 14 46319 0.9875661170417394
4 11 21 6 59022 0.9925067758271119
4 14 12 0 59589 1.078738060376302
23 11 10 9 38910 1.0237011535496923
10 3 22 7 50142 0.9418822050396349
21 13 22 29 48117 1.0667327660775796
11 22 14 9 42429 1.0507693712661252
5 24 20 9 77157 1.0863920442015942
18 4 25 15 41799 0.9040946420706388
7 24 26 8 78485 1.0434462156798097
17 13 14 29 50937 0.9101552091690791
9 17 27 26 72770 1.082491665687
2 3 27 6 86538 0.9562079847883258
9 8 11 24 56306 0.9273591824115242
27 0 15 16 67847 0.9180197169738485
10 15 18 28 59666 1.0520188011405205
0 10 23 26 91255 1.0916598050645214
4 21 21 17 54100 1.0538166295798197
27 28 1 2 115092 0.9109677262329413
21 14 27 8 27004 0.9714797436071573
26 22 12 29 53596 1.0673983747874578
11 16 9 5 50062 1.0397756205784858
23 16 29 1 49938 1.0544513256698353
24 17 1 7 82697 0.9363421491863352
0 2 12 4 42610 0.9912746746474704
22 1 15 27 89810 1.0776946852013252
12 20 28 10 57861 0.956591097025304
7 18 26 28 67981 1.0269758058874887
22 29 13 12 66193 0.9132065871752942
25 21 19 3 56334 0.953639483158949
5 25 25 2 97097 0.9014847268353768
14 3 7 29 86392 0.999491114086205
11 28 23 0 99571 0.961231447688385
16 24 15 14 35895 0.9288621284359483
3 29 29 7 117868 1.0023528298974955
20 9 16 3 29985 0.9124605164659891
18 25 3 6 94397 0.9684761225140799
23 25 27 5 51684 1.0994891492706953
5 6 2 21 63228 1.0060291513609618
11 20 3 28 51294 1.0459288111384122
12 21 26 0 76796 1.0576745728745933
16 17 28 18 43857 1.0097804285428458
26 24 16 12 48315 0.9210864138255804
12 3 0 14 56173 0.9185844610669893
28 11 16 2 48747 1.0197104630188487
12 23 16 0 79302 1.0648820187451915
22 0 19 27 82387 0.9764436642099039
17 8 23 1 36714 1.005599769813171
6 1 5 18 70357 0.9382318905221497
22 28 17 9 64478 1.0704164901782613
1 1 16 14 70276 0.9719063062450228
13 24 1 27 44487 1.0297495127569607
26 18 11 0 77412 1.0128195485668876
18 3 25 25 67118 0.9513442056516035
8 22 1 1 84547 0.9794156686799954
11 29 28 28 56140 0.9069713488216068
15 12 17 23 36342 0.9097033745211799
9 1 11 27 83316 0.9100771347866415
6 16 16 1 67963 0.9532782235250814
29 10 22 15 32102 0.9827038587884394
6 6 7 23 59912 0.9391033376714049
10 3 4 15 60667 1.0996282514566864
1 28 13 25 44762 1.005328096947625
8 13 1 29 62416 1.079607537453163
11 18 0 14 51843 1.0486949205770164
23 21 13 20 27285 0.9548776326211814
6 0 11 12 62394 1.0466246577942189
14 27 6 17 53500 0.9522551794385161
26 3 25 24 43946 1.0388947055048612
12 17 22 12 41024 1.004425191950802
9 10 1 0 55036 0.9779394199790281
6 6 21 28 96324 1.015332952749813
6 20 13 4 53710 1.0086694571696615
6 6 23 12 60495 0.9366105122618276
29 17 23 12 28389 1.0530184772093552
25 20 14 18 40045 1.0142101931707495
23 18 25 7 28324 0.948290541329508
10 20 28 19 42742 1.0027154497677322
16 0 9 15 64107 0.9983978845110351
8 25 29 9 86340 1.038140246569081
9 25 16 6 65605 1.073684353717163
8 16 20 4 65287 1.0652622057627714
4 26 20 29 61019 1.086927051888539
17 29 0 22 66841 0.907350250491083
20 23 26 27 25710 1.0038053769750113
27 25 12 12 63193 0.9024500343245291
29 21 13 27 51974 1.0438339505943073
24 6 10 9 41475 0.9133068859222807
6 23 2 0 99071 0.9110833862440206
14 15 3 24 55372 1.0638245625069362
25 17 8 19 52587 0.9462220709479575
8 24 5 14 43614 0.9152351098710875
18 1 8 13 55056 1.0580097070988275
24 1 6 0 70978 1.0239186533712668
29 13 11 9 44734 1.0945444840067342
26 9 1 9 57910 0.9690793798269963
1 2 23 21 101572 1.0160494344428639
4 20 25 28 63835 0.9016402268123234
0 22 27 7 94324 0.9819025250909876
27 15 15 18 50117 0.9265039041724756
24 7 19 19 49816 1.0293716106031803
27 24 29 13 29404 1.0234203008931724
17 4 7 17 54149 1.003696164561399
16 1 4 10 60879 1.0172797364453305
14 24 10 3 64637 1.0590719234284407
11 22 15 10 46909 0.9570294901300319
18 6 10 18 54883 0.9883772682973783
18 7 27 2 41660 1.0633157788968512
26 3 25 13 23430 0.905311548047675
1 24 19 26 62785 0.922542554689279
13 15 7 11 22758 1.0938480187653452
15 27 0 25 51693 0.9992387218363523
14 19 28 1 75148 0.9474344141730822
22 20 7 16 50098 0.9259884338138885
27 24 26 1 52334 1.069989235761964
16 17 4 26 72742 0.9220098922528849
3 9 13 4 34046 0.9552213704431247
22 8 12 12 41621 1.0323291293777412
21 11 28 22 38596 0.9551421918895878
7 19 5 0 73516 0.9790153866862873
19 0 13 23 79903 0.9812007945899882
14 15 1 4 60334 0.9146222471577915
19 2 6 23 91383 0.9848693150586425
14 8 8 18 48889 0.9203614248018946
13 20 13 3 39366 1.0547140435594513
24 10 23 20 28226 1.0619898342367562
13 6 2 18 64301 0.9735581285035756
10 3 11 28 79827 0.9558095581634881
5 7 22 15 67854 1.0363469295984862
13 14 26 23 50206 0.9712095772858473
5 27 8 7 80273 0.9869627771731061
2 28 25 22 77823 1.0480760152251045
23 18 6 28 73738 1.075614028130203
5 4 10 16 58353 0.9658637390377252
16 15 1 29 79648 0.9627876340258732
27 27 2 28 78960 1.0981889924287882
29 0 29 12 42065 1.086611535056295
12 29 29 2 94400 1.0041023356225482
20 2 21 27 70181 1.0715215271264553
20 17 28 2 51568 1.0661485982882637
9 13 16 19 38176 1.015840903167592
14 10 1 16 47708 0.934662238840082
24 0 6 14 72152 0.9738840509473967
14 7 22 11 39771 1.0980743727817717
15 27 27 24 40546 0.9954736924932085
3 17 24 8 85203 1.0450935786743252
8 21 24 3 81597 1.030670250280974
11 17 10 7 48614 1.0868870704312188
28 9 0 17 74952 1.0509581167623077
17 9 7 1 45365 1.039141642362281
23 6 19 27 61755 1.068846729180292
11 13 3 16 36228 0.9461060431526206
27 18 9 26 70954 0.905385841836058
23 22 15 25 33288 1.089076312220253
16 18 27 19 39464 1.0258648610488204
2 13 6 28 64109 0.9859856926734519
24 2 0 17 82803 1.0750763491224293
11 27 3 11 75181 0.9868052607895912
14 0 12 25 72489 0.9938871575362729
20 4 1 7 65311 0.9563029505224329
11 5 18 16 49469 1.0206475486955975
20 28 0 25 69566 0.9233118717688569
28 1 5 5 83572 1.0710495877193473
3 14 27 0 83186 0.9765178587749209
12 4 28 21 68114 0.9809553368459811
15 11 14 27 49212 0.987031087954551
26 13 11 17 47151 0.9151780221267163
26 15 12 6 49996 1.045008401220648
29 23 22 8 53599 1.0807098218065954
13 7 22 2 35281 1.0393030509068355
1 16 15 19 54789 1.0466376865937985
10 0 4 18 86407 0.951854051391141
16 16 6 19 48186 1.04325675435879
21 19 2 23 63918 1.0875447967229492
29 5 11 3 67642 0.9483913781152568
11 22 2 21 29132 1.0928673833550113
28 20 1 7 88914 1.0610621249059218
