8882 8034 8102 8198 8576 8498 8151 8635 8359 8652 8639 8310 8652 8477 8315 8680 8376 8685 8605 8643 8302 8004 8049 8387 8644 7999 8650 5017 4731
6823 6744 6620 7070 6840 6871 7169 7245 6815 7337 7084 5269 5411 5512 5047 5493 5497 5124 4706 5014 4911 5396 5225 4821 5343 5399 4887 4790 5022
1838 2258 2401 1938 2396 2087 2183 2275 1855 1992 2342 2013 1680 2026 2554 1948 4855 5683 4907 5664 5556 5229 5345 5245 4933 4881 5720 5249 5549
7178 6817 7146 7136 6915 2826 3278 2526 3404 2988 3181 2470 3236 2460 3165 3114 3261 3085 2712 3248 3171 2948 2548 2493 2773 2935 3038 3397 2611
5621 5370 5127 5195 5623 5603 5428 5157 5710 5358 5041 5200 5658 5618 5662 5199 5800 5135 5286 5323 5641 5577 5110 5361 5347 5408 8784 8641 8334
6069 5824 6685 8226 7528 8226 8008 8186 7388 8071 8244 7787 7589 7508 7510 7667 7603 8307 8095 7830 7739 8078 8101 7387 7463 7467 7428 7995 8231
2745 2987 3470 3294 3248 2909 3578 3034 3006 3490 2834 2926 3179 2981 3056 3463 2859 3582 4757 5419 5278 4989 5148 5199 5370 4916 4888 4837 4937
7918 7650 7748 8241 7854 8250 8172 8220 7703 8287 8188 7851 7940 6212 6267 6224 6188 6320 6030 6032 6082 5844 6096 6160 6288 6267 6631 6120 6576
3354 3831 3435 3881 4258 3904 4277 3851 4197 3812 4285 3495 3587 3689 3833 4898 4922 4468 5006 4514 4848 4942 5099 4801 4807 5086 4598 4851 5026
2393 2667 2585 2750 2374 2443 2109 2415 2182 2574 2638 2261 2310 2766 2631 1961 5029 4624 4689 4503 4668 4568 4924 4939 4445 4915 4593 4307 4735
3584 3753 2950 3257 3126 3648 3664 3106 3280 3654 3236 3735 3328 2959 3102 3331 3810 3552 3161 2933 4220 3756 4482 4335 4015 3857 4542 3738 4220
3667 3759 3432 3648 3694 3663 3581 3085 2995 3593 3260 2998 3061 3520 3620 3375 3354 3317 2980 2967 3063 2317 2208 2690 2323 2857 2599 2957 2572
5706 5586 6044 5553 6092 2217 2534 2870 2472 2317 2311 2492 3028 2970 2796 3016 2522 2782 2580 2970 2818 2703 2949 2240 2233 2218 2224 3101 2659
2907 3257 3096 2826 3390 2809 2773 3648 3493 3547 3592 1695 1960 2228 2571 2176 1849 1943 2186 2621 2133 1828 2159 2274 2582 2280 2263 2180 2552
1935 2070 2622 1800 1908 2132 2083 2325 2367 1763 2694 2494 2545 2508 1902 2595 2160 2171 3471 4034 3908 3786 3942 3873 4066 3509 3547 4279 3602
6034 6054 6256 6268 6116 6421 4446 5271 5265 5231 4462 5242 4944 5301 4825 5012 4443 4862 4816 4439 4616 5156 4433 5073 4670 5288 5327 5051 5120
3710 6140 6875 6277 6587 6320 6589 6638 6118 6932 6174 6785 6365 6003 6844 6035 6089 6835 6904 6788 6338 6486 6061 6480 5996 6104 6128 6312 6348
6768 7389 7027 7698 7199 7067 7653 7085 7670 7268 6997 7583 7515 7187 7257 7586 7024 7419 7219 7113 7291 7007 7675 7539 7114 7269 7338 6712 7303
7248 6589 6861 6813 5824 5474 5788 6333 5574 5820 5540 6059 6316 6022 5697 6024 6052 5434 5875 5608 6087 5629 5569 5922 5586 6012 6113 6328 5624
3414 3378 3690 3083 3282 3375 3024 3475 3114 3079 3248 3148 3799 3326 3408 3267 3751 3642 3557 3783 3780 3471 3224 3769 2517 2808 3090 2728 2473
5447 6059 5325 5286 6168 6553 6723 6905 6482 6356 6781 6467 6250 6603 6810 6081 6303 6026 6775 6061 6961 6219 6829 6717 6176 6840 6854 6532 6777
5603 5587 6055 2074 2214 2347 2333 2074 1592 1968 1631 1715 1694 1899 1442 1538 2294 1565 1762 1735 1678 2144 2088 1448 2072 1882 2095 1692 1775
2313 2169 2749 2668 2189 2535 2345 2796 2549 2911 3084 2221 5379 5116 5240 5554 5589 4867 4912 5477 4751 5611 4905 5408 5104 4889 5014 4780 4806
4039 3599 3695 3395 3534 4112 3903 3721 3366 3645 3775 3707 4211 3737 3990 4297 4198 3829 3998 4028 3839 4322 3749 3944 3772 3567 3549 3972 4417
5680 6107 6487 5859 6179 6138 6215 5702 5770 5839 5588 6297 5798 6156 5853 5600 6345 6019 5610 1527 1547 1856 1770 2410 1585 2343 2251 1634 2088
6836 6571 7347 6812 7479 6787 7510 7242 6754 7474 3443 3491 3380 3504 3088 3055 3051 2759 3051 3056 3059 3416 2773 3045 2760 3132 2996 2807 3490
2099 2316 2670 2301 6430 6036 6494 6934 6243 6560 6301 6247 6864 6726 6508 6231 6348 6184 6563 6228 6308 6523 6919 6642 6830 6313 6142 6785 6349
7515 7375 7169 7550 7202 7312 7065 7776 6968 7692 7857 7770 7847 7346 7338 7779 7794 7676 7473 7183 7746 7282 7493 7539 2187 1961 1821 1667 2219
3351 3455 4135 3847 3226 3657 3861 3597 4393 4036 3676 4235 4057 4388 4361 4272 3908 3724 3817 4351 3736 3753 4139 3496 3819 3931 4433 4385 3771
8705 8008 8062 7693 7241 8026 7257 7467 7769 7571 8013 7215 7949 7987 7528 7738 7734 7258 8078 7715 7602 7767 7341 7202 7864 7235 7381 7426 7438
4252 4149 2401 3498 3994 6503 8818 8430 8707 4364 5884 4856 3808 7405 4385 7120 3968 3166 2983 7119 6482 4922 8146 7698 4542 5246 3120 4600 3935 2933
3604 3597 1665 3270 3651 6730 8710 8396 8683 4615 5986 4863 3241 7633 4463 6481 3703 2945 2766 7154 7344 5352 5409 7816 3896 4909 3338 4877 4453 3472
3795 3784 1930 2782 4245 3885 8033 8327 8015 4055 5388 5330 3436 7544 4126 6494 3207 3062 3297 6675 6454 5089 5552 7785 3690 4571 3440 4388 4373 3025
3752 3801 2423 3014 4004 3916 8356 7811 8162 4765 5132 4803 3560 7780 4231 7237 3179 3186 3082 6964 7201 5680 5466 7362 3670 4833 2875 4308 4580 3175
4055 4565 2258 3502 3705 4255 8025 7993 8139 4780 5321 5279 3784 7655 4008 7320 3873 3237 3305 6631 7319 5799 5324 7718 4424 5130 3782 4201 4731 3408
4086 4394 2098 3465 3736 4507 8044 2027 8118 4656 6265 4834 2893 7304 4192 7019 5846 2936 2530 7118 6493 5439 5333 7264 3996 4625 3071 4347 4146 3146
3843 4209 2183 2886 4147 4600 8355 2625 8214 4577 6349 4821 3229 7044 4551 7388 6294 3037 3171 6548 6492 5243 5806 7219 3831 5261 2863 4623 4412 2796
3797 3990 1802 3674 3841 4167 8076 2131 8607 4051 7111 5080 3407 6635 4149 7352 6318 2346 3145 7040 7087 5148 5749 7303 4308 5053 2930 8232 4847 3078
4101 4180 2229 8713 4080 4034 8824 2833 8180 4091 6764 5489 3112 6837 4110 7392 6066 2888 2606 6473 7022 5554 5688 7363 3510 4992 3003 8377 3968 3130
3501 4545 1592 8364 4233 4412 8415 2819 8103 4380 6873 5162 3122 6681 4019 6496 6087 2882 3136 7185 7283 4921 5786 7936 3919 5485 2872 8015 4343 8418
3980 4165 2472 8768 3815 3720 8063 2815 8396 3869 6821 4852 3516 6669 4934 7355 6368 2303 2742 7055 7343 7663 5727 8026 3678 4750 7812 8271 4239 8095
3390 4169 2295 8498 3821 4586 8475 2133 8116 4014 6286 5394 3013 6882 4744 7054 5787 2367 3164 6432 6799 7812 5172 7837 4437 5368 7699 8047 4226 7672
3775 4388 2287 8263 3619 3735 8638 2396 8267 3759 7009 4937 3119 6539 4739 6696 6175 4523 3090 6436 6698 7783 5634 7178 4361 5382 8238 8237 4662 8488
4002 3939 2366 8489 4051 4240 8408 2857 8652 4087 6710 5491 3441 5934 4713 6602 5782 4321 2561 7210 7248 7751 5715 7220 4120 4969 8445 7912 4058 8405
3932 4121 1597 8933 4012 4349 2889 2656 8619 3719 6746 4987 3019 6202 4727 7212 6007 4238 7026 6459 6556 7483 5733 7306 4268 4666 7705 8137 4849 8568
4073 4518 2211 8693 6812 3857 2253 2268 7940 4029 6282 7812 3674 5998 4867 6991 5616 4176 7229 6441 7176 7939 5581 7460 3625 5532 7624 8351 4256 7991
3753 4397 2274 8491 6132 4172 2491 2318 8445 3929 6970 7170 3596 6513 7200 7037 5722 4223 7559 6565 7260 8137 5615 7540 4086 4937 8386 8115 4532 8474
3777 4685 3275 8310 5905 4388 2632 2590 8551 4008 6773 7127 2939 6009 7067 7067 6223 4214 7169 7061 6949 8124 6030 2841 3843 5268 7748 8660 4337 8243
4229 4550 3611 8216 6230 4173 2510 2876 6905 3930 6813 7559 3600 6388 7582 7296 6388 3738 6749 7247 7300 8050 5375 2850 4005 5224 7785 8425 4130 8017
3461 4020 2962 8037 6154 4031 2928 2227 6692 4332 7075 7625 3562 6392 7265 7415 6181 3872 7324 6413 7201 7869 5927 2830 3546 5138 7562 8202 4859 8098
3541 4463 3380 8341 6561 4176 2799 2389 6555 3751 6846 7309 2328 6503 7154 7404 5626 4293 7245 6847 6699 7569 5125 2175 4313 4795 8042 8048 4594 8506
4268 3967 3181 8884 5962 4537 2432 2172 6655 4239 6534 7670 2287 6614 7229 7291 5982 4222 7165 6928 6532 7696 5422 1943 4242 4611 7931 8531 4452 8242
3577 4658 3308 8675 6638 4031 2306 2629 6555 4121 6659 7505 1892 6134 7753 7425 5622 4035 6871 7074 7368 7926 5194 2139 3546 4629 7564 8096 6598 8580
3818 4044 3006 8346 6105 4352 2775 2858 6760 4433 6522 7667 2540 6601 7085 7067 6485 3989 6862 7024 6908 7727 5187 2827 3762 4778 8514 8106 6715 8079
3438 4659 3388 8175 6000 3755 2417 2888 6621 4015 7023 7974 1806 6603 7023 7426 6054 4520 7532 6525 6582 7798 5743 2868 3985 5367 8041 8428 6428 8554
4037 4707 3274 8002 6133 3911 3054 2217 7067 3953 6529 7674 1940 6167 7408 7057 6210 3699 7180 6351 7290 7326 5952 2830 3817 4916 8080 8060 6511 8379
4274 4533 2832 8244 6393 3903 2875 2020 6534 3638 6422 7892 1884 6376 7331 6556 6042 4480 6753 6933 6961 7636 5954 2676 3662 5318 8382 7882 7254 7868
4294 4504 2862 8688 6580 4025 3023 2792 6541 4346 6644 7127 1760 6031 7436 4345 5704 3788 7142 6465 7060 7699 5524 2878 4075 4859 8046 7983 6419 8086
6222 4775 3277 8616 6554 4618 2622 2590 7426 4151 7082 7374 1776 6153 7201 4570 5887 4608 7344 6519 7435 7734 5157 2123 3642 5226 7744 8812 6739 8322
10 22 26 25 72642 0.9998630948750309
16 14 28 2 70701 0.9962698131534594
21 3 16 16 53244 1.0747246219830489
11 1 20 2 26637 0.951496979411663
1 1 22 9 67176 1.0805331930602409
23 26 21 4 51078 0.9287393808641415
28 6 6 22 107599 1.030072211407048
2 1 10 22 76546 1.0821680915135323
27 2 17 3 39244 0.93138401751089
20 7 24 22 39887 0.9579757918293896
23 3 4 11 78274 1.0150468799149186
12 0 2 21 83266 0.9287558202775036
11 25 6 15 41643 0.972062155477754
18 15 1 13 79547 1.0614067323461986
16 12 29 10 45127 1.0684269194995153
7 1 11 20 63527 0.961041544198079
17 22 20 10 48402 0.9897376731899549
26 3 23 16 56993 0.9409348844672262
23 3 5 6 65832 0.9914656781844313
16 20 27 29 66966 1.0254522003344542
5 0 0 16 53059 0.9985293937173458
26 0 28 23 79029 1.022479090306948
14 1 3 22 79327 1.0978185478489084
24 26 8 0 90108 0.9140208347980021
26 18 4 23 104911 1.0517615359882633
4 28 22 13 106359 0.9796799624581563
28 22 0 18 105775 1.0611250187462615
18 1 5 8 57021 0.9694986379467655
3 29 2 4 66778 0.917733635631532
28 27 1 7 134902 1.012590030690617
26 16 21 10 31108 1.0763197080561424
23 2 29 15 58431 0.9210053824073353
28 6 6 23 112546 1.017995490708234
5 23 26 8 117461 1.083091194045628
27 19 6 27 102423 0.9068159774988133
22 12 18 1 40265 0.9714580752818056
4 12 27 2 89305 1.0486680255584189
24 2 23 27 68705 0.9455807379684361
10 20 1 27 57726 1.0096460362658979
0 21 6 8 64732 1.0086693799790005
3 28 6 5 78334 1.0772834745806024
14 11 29 23 65335 1.0111010502076025
6 12 9 25 60578 1.0724846129260646
22 10 24 22 36110 0.901144854343525
3 13 13 10 41278 1.0365494151375478
16 27 25 9 79914 1.0307946499474991
5 13 2 22 46003 0.9694905700146751
16 16 28 20 67054 0.9440132847991386
23 5 13 29 81128 1.0555496532471331
6 3 24 12 64264 1.0092562620639434
11 18 22 24 55503 1.0802979702040905
13 14 2 3 57121 0.9882661481331909
24 25 22 1 56550 0.9591489921590162
16 21 8 10 65566 0.9025458287519386
3 29 26 1 134835 1.0510440108455186
4 13 1 4 33448 0.9864378229698144
27 9 7 14 81977 1.0787712537059087
19 29 14 24 33443 1.0637221432659756
29 5 22 24 63751 0.9936485166857989
24 2 19 9 32177 0.9590874371459834
6 24 15 6 74028 0.9276382579379058
29 24 8 0 102160 1.0705172958406803
25 22 15 28 48447 0.9639446773693786
25 2 20 16 45539 1.0359465558513588
29 20 15 19 81002 0.9983106929453954
20 12 28 18 41147 0.9697318111007155
10 27 26 12 86822 0.9450011004706442
4 12 23 27 94107 0.9992201548271251
3 0 17 18 87780 1.0415067425013023
13 12 9 19 29548 1.0854429154387497
23 16 14 9 47846 1.0568186674485867
5 27 10 19 48501 0.9097337234229249
10 13 28 24 80631 1.0899651133160393
21 15 17 24 31426 1.0181811852379397
5 2 15 21 74070 1.0899439459919464
9 1 21 7 41548 0.9925452688011007
28 1 3 13 98705 1.0639587939054542
23 29 11 19 77057 0.9809628112767946
12 23 3 8 69263 1.0082450591494243
22 23 13 14 52129 0.9375650929579862
17 4 12 15 49588 1.0834029232938798
28 8 11 19 75542 0.9782388396153308
26 6 18 10 36024 1.0660090380634586
3 1 13 15 62109 1.0904655948157171
8 3 15 10 40422 0.9073054553559449
24 21 19 7 43970 0.9030660386470482
22 0 15 18 66365 0.9587492646247278
2 12 29 21 115976 1.0808562565204638
10 29 23 23 63455 0.9074696753972461
13 0 11 20 58564 0.9297195696262395
22 27 3 20 95518 0.9783722865315918
22 12 7 8 54795 0.9945951040146281
12 25 21 8 65587 0.9420019815673033
27 29 5 6 106943 0.9980107976352346
28 21 5 22 102498 0.9304548788703096
15 8 5 15 58129 1.0127734606498582
8 17 23 8 66677 1.049319274908338
6 0 9 14 41353 1.0445066853598362
3 8 19 18 84134 1.0250758545116776
0 29 7 1 96452 1.033531407619699
27 12 14 27 71911 0.9432767122772338
18 10 23 29 63594 1.0562597828591962
12 18 25 24 60370 0.9849891187391924
25 7 1 7 83034 1.0887527553279388
9 6 2 23 72003 1.047971623154979
1 8 12 22 70596 1.0275205391068205
10 23 13 11 41970 1.016042497324213
1 23 26 26 112056 1.0192108998398863
25 29 20 15 49258 1.0211381506686212
22 28 17 18 48149 1.028152579601013
12 9 2 21 63939 0.9274912154135811
0 11 21 15 79117 1.0270504287817563
20 2 7 15 70875 1.0156452501974076
14 15 2 21 53678 0.9258099039590844
3 9 7 21 56574 1.094116415676179
12 5 5 13 44818 1.0881360550248167
25 11 17 1 54679 1.0522140566186375
22 19 5 9 76731 1.0079606457866739
21 22 23 5 37666 1.01723326556525
2 22 21 12 86488 1.0622781238390557
20 17 7 14 58737 0.9902134965508332
26 22 13 7 67502 1.0709627070741978
3 21 5 9 45636 0.9580539495688312
28 27 9 22 91770 1.034623353429647
11 0 23 13 59613 0.9904432497440327
14 22 24 2 79019 0.9897143557141117
3 13 16 15 60590 0.9184650324851468
28 2 19 18 62982 0.9148919737031481
23 8 12 27 77894 1.0442971139821018
18 13 5 6 61831 1.006344796520964
10 0 8 8 27506 1.0033958770108118
4 12 14 25 62674 0.9625959755223604
19 27 23 13 45418 1.030378773790881
0 7 7 27 87114 0.9605269828382523
21 2 0 24 113736 0.9644091188546029
19 16 13 29 54130 0.9145380606440658
12 17 22 21 52034 1.0070232019830494
7 2 18 20 82709 1.0753267411743894
23 24 8 27 69795 0.9226162906173357
1 22 19 2 101186 0.9259301529248892
8 8 26 18 80494 1.0076500973104265
28 26 18 0 90317 1.067353939145715
3 7 28 14 87298 0.9229765266348992
5 3 23 2 49960 0.9661036903112945
18 26 25 15 53934 1.0101204862220423
16 9 21 14 28857 1.0228915695875829
26 10 26 28 68906 1.0869065667766298
4 9 15 8 44012 0.9089872460805681
16 18 23 13 44432 0.9569814349551248
15 22 8 5 64877 0.9285394984380919
21 29 9 7 70127 0.9752928046436139
11 21 20 23 46559 0.9129491217493491
14 20 0 7 83099 1.0231584056836227
11 1 3 16 55643 1.062555160376125
2 16 16 4 70871 1.0548854997475503
21 17 23 3 35711 0.9787805608909557
8 14 24 7 59259 0.9002462748184261
6 16 27 14 87690 0.9549997468017475
20 2 12 23 71396 1.0913066090957908
24 9 24 21 48481 0.9003879739643516
12 4 3 0 37779 1.010548761417747
19 17 13 6 48966 1.0125436934857905
19 6 2 28 106276 0.994927207789901
25 20 8 12 75510 0.9595853712621306
13 14 2 29 73409 0.9926442958762836
22 21 12 19 53592 0.9928442548925304
26 23 15 28 48504 0.9280310722416317
15 23 14 5 55104 0.9104767897932716
6 1 22 21 80365 0.9484826958945451
7 5 14 10 32228 0.9428269381417692
23 9 9 14 57679 0.9450309320308116
25 26 25 3 79240 1.0037233275776443
4 17 22 12 65749 1.0808840788342255
1 22 20 9 99814 0.9665520106783202
3 26 11 13 62597 0.9088530852128157
13 9 15 28 52974 1.0764752080511066
25 8 18 4 38316 1.0303686068633395
27 19 0 6 132831 1.0941740530977215
2 23 16 3 98273 0.9289111238861
5 18 12 0 68291 0.9394349772446147
20 9 28 23 47065 0.942059206949305
5 11 29 16 93511 0.9727757245216903
18 4 12 18 54547 1.0263185123375722
19 2 19 25 61180 0.9806299668715702
27 2 22 24 64975 1.0067759197972934
19 0 16 23 74917 0.974170956523905
26 14 6 9 75770 1.0462950592094704
15 3 6 13 54420 1.0783952084769934
20 12 7 7 46616 1.092242202005821
1 19 27 9 109339 1.0267741313023597
28 17 7 28 106222 0.9460898509488354
21 12 2 9 68697 0.9458947795595409
18 27 15 4 81892 0.9451833068947978
21 26 23 5 45156 1.0998093783629173
12 19 17 8 47808 0.9200866047115932
12 1 27 23 81982 0.9816837246498398
12 20 3 17 33514 0.9064116285275092
23 21 13 9 64985 1.0467472117195988
17 16 2 23 76620 1.097850250513838
10 13 23 3 62760 0.9258525931320721
2 4 24 22 95641 0.9259860544420762
19 4 17 29 77528 0.9315982398164326
19 17 20 4 39467 1.0231207545576
6 25 19 9 89086 1.0795152797005867
4 17 22 22 73900 1.0908624744574145
15 22 9 6 58400 0.9119291407473538
22 29 1 18 98040 1.0898082006895944
28 18 7 15 95253 1.0908732335269482
11 14 0 10 52865 1.0487956117636184
22 2 10 7 42183 0.9648722102232221
19 25 24 5 55397 1.0524462418270963
10 6 5 11 31270 0.9667695224142306
11 10 19 18 51726 1.0439780008212607
21 0 12 3 37459 0.9653821955841477
15 4 11 28 69340 0.9359012803201006
18 25 7 11 75913 0.9212391341506362
26 15 17 17 46046 0.9382661736190201
25 18 3 24 96040 0.9331735620052264
9 24 20 4 85076 0.9392889897890454
23 21 13 9 64985 0.9839023118606162
12 3 15 26 75410 0.9841581859349176
5 8 10 19 53778 0.969130744929706
29 20 20 24 42985 1.0642664308642087
23 1 7 13 77233 1.09468362690517
13 22 16 7 41503 0.995256519251645
26 13 24 29 50211 1.0670734697530189
13 2 11 23 60511 0.9071127349288755
14 13 3 9 47380 0.9303905518070632
2 21 26 25 106431 1.0465102555596397
24 15 13 6 55118 1.0486599001170567
25 21 9 23 70021 1.0832387814435724
3 1 4 16 42118 0.9258658290418682
22 13 4 28 106359 1.0699038211631493
12 3 2 10 44453 1.0086253188598782
7 17 18 25 57387 1.001318425828925
1 15 5 21 38592 1.0165497904513223
9 3 15 24 67340 1.048516345825467
21 14 22 4 21814 0.9212001119660889
7 4 20 12 56499 1.0618746695283856
25 18 29 29 52027 0.9366913216365227
16 17 29 3 78500 1.0894809112392667
17 1 9 28 91803 0.9976646217488491
29 7 18 8 33991 0.920791617393377
26 24 5 19 92776 0.9315040775026193
13 22 4 17 36636 1.053371324526646
15 2 4 6 43200 1.0541082904966914
14 20 24 18 56695 1.0937830880038653
17 1 21 9 37349 1.0575779649004335
19 10 8 4 46402 1.005530352618543
12 28 26 8 92001 0.9650066426340869
11 15 28 24 79323 0.982816937604349
28 6 22 25 57917 1.0534957842502886
17 6 15 29 74060 1.0438795786210813
10 14 1 21 53412 1.0137615662467554
7 23 0 5 84942 0.9038062171150195
27 13 2 23 111465 0.945206041962507
25 21 15 10 65208 0.9838713802982679
13 14 3 16 39562 0.9575250298415967
1 17 7 5 51918 1.0404218683899398
8 23 23 11 84679 0.9867535048459223
3 28 9 8 74330 1.0222236081525504
0 14 16 14 66833 0.9035950482911735
8 17 21 10 55252 0.9652094587457933
1 27 17 18 88839 0.9043900767167778
14 0 1 26 98789 0.9030656120483164
19 24 3 7 93357 0.9736332022224833
11 12 27 16 66095 1.0541066487039306
25 22 22 3 53278 1.038759700277026
9 12 24 5 57701 1.0572284794513496
4 2 25 11 70447 1.0595039691879284
23 7 11 3 43050 1.0812033165032442
16 3 11 22 66620 0.9583929492271178
2 16 24 29 99440 0.911707254557804
8 16 20 3 72332 1.0878784195086117
10 12 7 19 34224 1.0002444375277701
26 13 13 26 74278 0.9115153490699467
17 26 3 24 70089 0.907779047967045
12 5 17 13 39451 0.9517222004991838
3 3 20 9 63897 1.0179740514998363
1 13 29 1 105460 1.0840481405383413
2 7 27 17 105609 1.0915547478270966
28 28 2 6 125801 1.0689533410680911
13 22 0 0 83979 1.0373758912721864
20 18 2 27 95444 0.9863279023669329
1 0 17 25 106846 0.9780676194140719
7 18 24 25 73245 1.0295882533301044
21 10 0 22 103389 0.9117359302248473
14 8 21 18 39061 0.9810214617204661
22 8 11 23 69892 0.9074029358007055
5 12 18 28 82676 1.030352659070402
14 8 26 16 56391 1.000871821053847
2 1 14 7 38738 1.0108975689352475
6 3 22 23 79327 0.9972554564758798
6 29 10 19 53109 1.059288606921605
23 20 18 13 43635 1.0945281151189792
1 9 3 20 34683 0.9613751885835833
10 28 10 8 67255 0.9396007873358099
7 18 16 2 60047 0.9320354109657882
1 16 13 5 63147 1.077690937142563
16 29 9 22 54025 0.9217179976456148
17 5 3 0 52534 1.094030292614057
10 24 25 23 54974 1.002743209482018
13 5 17 28 74485 0.9633721835528049
24 8 4 4 68470 0.9006171725686503
19 16 28 29 61015 1.073801933955911
23 19 18 13 40757 1.0341494034652232
6 23 12 10 64131 0.9596825431237297
13 18 1 4 66524 1.0384783133774698
14 1 1 16 61398 1.0952216328554987
24 19 2 25 93808 1.0377833946738328
3 5 17 10 63411 1.0558401881145838
4 7 26 8 67651 0.9125476410054533
10 1 0 9 44382 0.9145183747147267
3 18 4 8 37435 0.9938249938625324
7 28 29 29 114760 1.0130911479848408
20 24 6 29 68007 0.9149192979086423
20 7 25 12 19894 0.9288092349687839
28 27 15 0 98465 0.988428517964093
24 11 11 29 85868 0.972165954400528
14 13 9 3 36884 1.0713950848517466
6 29 6 16 56906 1.0675053160458343
28 9 2 23 117325 0.9416326994069083
5 6 27 28 104724 0.9005441764433967
19 21 11 25 45532 1.0846652350423636
27 1 28 25 88778 1.010473659225242
26 6 8 5 53999 0.9889994413287733
13 15 5 3 54190 0.9414581337260426
0 29 26 6 131479 1.064722730315621
19 23 4 25 69527 0.9468310927558025
6 14 24 5 73609 1.0753453725413518
19 14 8 16 55221 0.9467181548044619
25 1 4 11 90598 1.0135944880730843
2 24 24 20 88627 1.0528942624570945
25 3 16 10 61711 1.0880652599076868
1 18 10 3 62079 0.9998674627599745
10 27 6 12 64008 0.943542226608705
6 21 14 2 74864 1.0098568392881642
14 19 0 13 65120 0.9590876398426489
24 8 12 0 53012 0.9250318837625598
24 21 17 24 27157 0.9427533666218568
29 3 9 25 119489 1.0293564722654946
1 13 20 12 68674 1.0317259296397667
0 6 2 19 53841 0.9727369291728147
7 2 15 27 88312 1.0711949537298056
23 7 12 28 77104 1.0906536484408422
29 14 27 1 62268 0.9777119225209125
6 17 11 23 30308 0.9786584331056806
11 10 16 2 31412 1.0848132504343786
27 18 9 0 93379 1.0244853753714378
6 29 29 23 93519 0.9427050045061992
22 20 7 1 78372 1.0570459343444232
2 14 15 16 53163 1.0716740647397052
20 5 3 16 79314 0.9978156564822783
28 0 11 6 68425 1.0221373749253655
9 23 25 12 81134 1.0575659205286407
16 0 24 21 78975 1.0732631645239885
12 6 2 20 70009 1.0977173658812205
15 7 19 25 54778 1.0039262843933077
4 14 29 4 100926 0.9699329578389323
26 9 24 20 48301 0.9311846897189383
5 21 18 5 87580 0.951454611064717
10 0 17 4 37564 1.036034433948357
28 18 3 26 111802 0.9387276790629839
13 23 4 4 71767 0.9234518080801465
22 21 13 28 53954 0.988234143151705
14 2 16 29 80373 0.9490142577430764
5 12 28 18 90389 0.9273680942495056
5 1 16 27 103912 1.0656834933823645
11 27 3 23 40008 1.0473566647480894
25 13 9 17 60923 0.9029888300456519
13 11 4 5 45512 1.056939430174853
24 23 6 1 83810 0.9501269458703635
13 17 3 20 37874 0.9693007058134053
11 20 19 18 41164 0.9627168677355683
22 10 15 16 45418 0.9530349675081828
13 20 2 12 50537 1.0936848932862742
25 14 6 23 100739 0.9826713147206532
7 5 15 1 33113 0.9748361673518278
19 6 17 22 54830 0.9690254514193192
6 9 2 25 61696 0.9098371653137328
9 26 16 2 77965 0.950596109340444
20 2 8 3 32606 0.9581225601762435
20 19 28 13 37207 1.046798562004467
20 10 14 14 35352 1.0909386203039297
8 2 24 19 82065 1.0138246472379517
11 26 10 1 74280 1.0768877101616614
11 18 20 14 49266 0.9489650880737778
27 10 0 17 103797 0.9828077321176956
5 6 19 12 59115 0.9710132353080829
20 27 22 15 37640 0.9248411262820407
26 28 2 11 114273 1.0468320761492025
2 10 2 0 21223 0.9884166765994561
6 24 10 4 80569 0.9176666252879905
3 21 7 10 49222 1.0933394255318338
5 29 27 24 96682 0.9657961420416914
25 0 15 0 37935 1.0042637046324938
8 21 16 19 48038 1.0961158265338624
22 15 28 25 47571 0.9345748266961806
21 14 13 10 35039 0.9163756383329452
20 28 27 0 78925 0.9186225184369355
19 26 29 29 60548 1.0430271590571956
18 7 12 2 25030 1.0452514700171807
15 6 6 28 85986 0.9754953061680335
29 7 22 4 25063 1.080602101609365
12 7 18 29 78470 0.9694211295052004
0 18 1 29 47417 1.0111368663982532
8 2 13 10 34905 0.9664085413425332
10 18 20 9 55799 1.0814816119324908
2 13 13 1 49988 0.9099296175913151
11 23 25 23 53986 0.9447634004671527
5 14 5 25 50720 1.051356911946896
18 26 2 19 82916 1.0964061796369855
28 14 12 24 79002 1.03328571032997
4 19 25 8 95099 1.0277876654554245
27 4 6 24 118590 1.0471370322081848
20 15 27 23 37491 1.0654513033826616
19 4 26 16 51039 0.9979376928181769
11 3 15 17 48516 0.942694834378655
3 23 11 11 59675 0.9479954575599849
4 24 20 7 92411 0.9787505683737125
6 22 28 20 100901 1.0289479402659034
5 21 17 19 67444 1.0640607883512558
13 18 15 9 26838 0.9886556910293007
9 6 8 23 60515 0.9362318637820023
22 18 28 3 58274 0.9945438958666725
20 13 24 24 33967 1.0697221703591944
20 14 17 27 57221 1.0033198331876307
13 16 25 29 72946 1.0384424659058127
11 2 18 7 27325 1.034877360542549
18 13 28 18 54625 0.9935869904838832
1 14 29 24 114484 1.0031310450766338
0 20 16 4 96994 0.9285197010686996
25 11 1 17 84671 1.0525773574874107
27 6 17 7 28026 0.9091131123482904
16 8 1 11 65664 0.9565400460252534
10 18 5 24 42209 0.9849808324549862
21 3 25 16 39500 0.9488691591930166
9 8 8 21 45950 0.9641519777758325
24 7 11 1 46235 0.9036815111326002
21 1 2 7 61769 0.9169452032514219
29 2 3 2 68443 0.9645939136245656
13 2 19 9 32208 0.9034849789468684
15 19 3 13 55545 0.995372645286507
21 4 7 21 86283 1.0223380303056078
3 28 28 11 116464 0.9863081827083156
7 21 17 0 88373 1.0819474082390559
9 8 2 2 29599 0.9154146141870201
15 5 4 13 55737 0.9491339699680599
19 29 9 5 84830 0.9130005733847905
10 19 3 12 42457 1.0185094146529918
22 25 14 28 41837 0.9711584196204945
2 21 1 4 52775 0.9195897356448386
3 10 26 18 99051 0.9726533352730449
10 10 0 12 40563 1.0207071021785745
13 20 18 28 39731 1.0049581040614002
22 12 6 23 87617 0.9798244844429324
2 24 0 6 68759 1.0776399588913128
24 5 18 29 72502 1.0447764903119143
22 15 11 24 63614 1.0977466459556164
24 12 3 16 76628 1.0397368853845483
12 7 8 14 29023 0.908923433656622
9 21 20 21 70380 1.06293639072956
0 25 18 17 86173 0.9635678175047672
0 13 6 4 48534 0.9392369445233028
28 26 21 6 60559 1.0000124189187103
6 10 17 7 37381 0.903334519281196
20 14 15 19 43720 1.0693544056495328
4 10 21 14 69188 1.0094043386551068
3 8 22 2 67676 1.0254352595762506
20 10 21 21 25799 1.0211090310228468
14 23 17 15 47307 0.9226896561982618
24 17 29 6 52602 0.9031412859798194
1 3 28 3 76902 0.9604200276655646
21 27 1 5 103585 0.9690299849083575
17 7 12 14 30955 0.9234814373138137
28 7 3 13 83211 1.0281612503129571
23 22 27 9 57383 0.9937522925174631
29 7 8 7 53343 1.0232611895133183
16 3 27 10 69826 1.0826720016278044
17 14 22 29 62659 0.9632561489040071
10 0 14 11 36451 0.9673645191525104
6 25 1 2 75389 0.9680687850988694
0 29 3 12 59625 1.0653656888583614
19 7 25 16 35148 0.9305812098043277
11 5 11 25 60363 1.0288158555744393
3 0 26 11 87387 1.0322177718219425
28 13 21 1 47756 0.9865740815899259
22 19 3 13 81272 0.913424355483646
26 29 5 2 111441 1.0393335844473377
19 13 15 7 29915 0.9608634940428685
12 5 26 7 40092 1.0231450331887295
21 29 9 21 69422 0.9655627378154701
28 8 9 9 56114 1.0280412246139359
17 5 29 5 44820 0.9666316766046174
26 14 0 28 133698 0.9771171682404701
17 3 26 27 92495 0.961485133251303
18 4 0 2 53032 1.0451376069453904
12 7 1 27 89554 0.9403057334779162
28 23 28 0 87114 1.065472916768816
12 16 23 2 64815 0.9450447062950176
24 3 9 10 63725 0.9554361795073234
21 29 8 29 62725 0.99234065373625
22 11 5 26 91062 0.9838006439442158
17 28 2 8 94133 0.9922531031696393
21 9 1 27 108664 0.9036105650023075
27 29 9 13 91234 1.0438540178204632
2 17 10 29 62871 1.0675729277610428
26 1 10 11 70751 1.0404696516272454
9 6 21 13 43127 1.0502123063870736
17 3 27 26 87174 0.9876704754898917
12 22 7 10 54105 1.0111830944063023
25 28 13 28 59808 1.074149122173943
20 6 2 27 105822 1.066937624328915
28 11 0 2 85194 0.904253528307757
9 24 21 6 77064 1.0273481140041012
1 29 9 3 95122 1.0217630719091102
8 19 21 8 65536 1.0750790332041473
12 23 4 26 36128 1.0325177050654102
17 18 1 23 82611 0.917521875138506
19 0 21 22 54593 1.074576399501625
24 1 11 9 56319 1.0004300771655525
20 21 25 4 58437 1.007325165761816
27 14 21 6 38855 1.0859793491471856
24 28 14 20 60126 0.9055629163160059
16 7 3 21 71837 0.9365718311733955
29 25 14 2 87390 0.9518031805657737
18 20 6 7 77730 1.0760682188087949
12 22 25 11 65063 1.0762178819586543
6 21 8 5 62660 1.0961642176722715
8 8 10 26 66115 0.9073143923125859
28 28 2 25 114555 1.052483627578236
21 4 3 21 91131 0.9294211493031594
3 10 29 14 94320 1.0018070156994061
11 12 4 3 46293 0.9528577772942147
21 1 26 29 84858 1.0903823927525036
23 10 26 1 40889 0.9061132203894551
11 12 26 5 59157 1.0260327907097337
18 0 10 27 95367 0.9432524405920166
6 29 20 25 71135 0.9173384165472183
5 25 24 22 79439 0.9389265269643997
4 0 8 28 98684 1.0471246540572448
5 18 21 3 77687 0.9879374719002706
25 10 12 9 51857 0.901317324353798
6 4 25 12 65173 1.047588598333836
16 27 7 26 49687 1.0837017744109234
3 7 28 25 110059 0.9421002900749238
10 6 18 12 38736 1.0008310630575143
27 9 13 19 70785 1.0862839750998599
20 17 9 25 63234 1.0509989259277959
1 19 2 2 47320 0.9821050582672148
15 9 5 8 39233 0.9906956025133419
4 17 29 18 99395 1.0042493420977605
25 16 2 3 86737 1.0609247151912249
26 28 15 8 78829 0.9409856249250186
18 16 23 1 55233 1.0403530831842136
1 14 24 13 83036 0.9752693634345636
7 9 13 29 66170 0.9732704037166381
18 6 12 15 38857 1.0834770569513668
5 8 26 5 69251 1.084568971798799
16 28 13 2 76391 0.9845921083913837
12 25 11 9 46741 0.9072617916826823
1 11 11 20 53631 0.9792797516264092
29 28 13 17 85142 1.0695724016693167
19 27 16 4 74188 0.9273828699346376
20 17 0 5 95912 0.9996144606125308
10 28 18 9 74437 1.0239249256102512
13 0 4 28 102819 0.9216560990458232
9 6 19 13 47399 1.062611485601429
27 5 26 17 56841 0.9772868196318011
3 3 17 27 113587 1.020482716264346
23 5 9 3 47725 1.0545007385399108
8 0 22 5 50270 0.9234725954269193
7 19 5 9 42227 0.9284232340225257
6 20 17 25 67117 0.9016275174644636
12 27 1 24 50034 0.9211042854912376
0 6 15 3 60138 1.092278196510057
10 13 18 24 56887 0.9979017517147926
11 3 23 29 91724 0.9475559838798664
4 11 8 25 67750 0.9616851479706917
3 22 20 23 75721 0.9855300738957437
18 28 25 11 54627 0.9106736784765732
8 26 20 25 57205 1.076843863289237
26 21 11 7 76821 1.058740021419168
19 19 21 3 42179 1.029627859046082
26 10 7 17 76240 0.9286097281938729
1 29 25 25 104970 1.0549029075326042
14 9 7 5 30465 0.9743909592484097
4 12 18 12 45864 1.0369600200787659
27 19 20 3 69986 1.0172595392097281
26 12 3 2 71319 0.9791014971452505
8 13 14 25 51596 1.0537925523894176
2 23 16 4 97141 0.9032091809692737
17 10 27 19 69569 1.0145586564632332
7 18 26 18 78018 1.0893097355163697
18 15 23 26 48816 0.9586621119673534
23 7 16 11 36591 1.0075356891347682
5 9 5 20 49695 1.0964351867662345
17 5 24 23 55304 1.0972676336273408
13 23 0 23 62513 1.0193404917039879
23 9 9 7 41982 0.9911472052969006
29 16 25 2 70414 0.9892876601519713
20 25 2 9 96851 1.0897818731442468
29 10 21 25 52461 0.9982073470561307
12 16 13 3 38466 1.0000070107350765
24 19 21 27 21106 0.967207724172026
22 29 28 23 36608 0.9169178275733698
11 15 14 6 33012 0.964885170037425
13 10 5 22 64844 0.9649030818744453
16 10 6 8 43015 0.9929077965972174
16 2 24 13 51727 1.0574961153131728
16 14 10 26 53912 1.0785331765183315
15 5 24 1 44041 0.9809915722919322
25 6 9 25 91191 1.0234942510953176
22 11 11 29 77360 1.0368005823639197
2 23 5 7 67711 0.9084315857683806
1 25 15 2 96148 1.0665368922574088
16 8 5 26 84653 0.9162873201880558
9 28 22 26 64803 0.9585229515636922
27 27 1 11 115335 0.9899926872066117
17 28 12 20 42071 0.9573134518577491
7 0 11 29 90021 1.0694801089596355
27 16 0 22 126712 0.9613034853147311
28 9 11 16 71923 1.005885947396693
19 28 20 19 33134 0.9081130803021136
19 20 14 4 60256 1.055137905543407
8 1 24 20 85842 0.9068193104575579
29 6 18 27 78022 1.0439365731736965
13 29 4 0 93481 0.9010430768498324
28 13 6 15 76059 0.9259779488726696
25 16 18 20 46079 1.0845249012111582
24 7 14 9 29675 0.9641395717049139
20 19 27 23 29775 1.026774489048974
19 7 26 0 36665 1.0711940520478784
16 18 20 2 63425 1.01544812242074
2 24 15 4 88727 1.0549845756954312
17 18 3 22 66425 1.0295779261629376
22 6 25 14 28906 0.9808707009636305
28 16 16 14 59580 0.9270355712637633
21 29 11 9 70573 0.938577163562155
2 29 23 5 120940 0.9549158054277265
1 12 17 0 66421 0.9099458588681132
15 6 1 26 92360 0.9884889612807911
24 0 16 16 70811 0.9478266254229454
18 13 22 7 26958 0.9200728797295519
22 15 3 15 80101 1.061250280629953
12 3 19 16 61617 0.9842241099575663
29 5 10 1 67294 1.0036369817644208
2 21 6 10 47962 1.0156808782546152
4 7 26 6 63022 0.9731537446298841
18 16 3 11 71784 0.9252386766110029
10 24 28 24 66854 0.9689654237378484
1 9 18 11 69881 1.0731665874084988
4 18 12 6 54568 1.0597153216891209
14 6 0 3 43566 0.9970067919224957
24 13 20 6 26629 1.057893554928178
2 20 22 9 90824 1.0189243001495918
27 28 13 7 76937 0.9244736220069842
19 12 13 28 55502 0.9758868127074442
0 12 16 21 81956 0.9532491341520228
4 23 19 28 76915 1.080348395227922
6 26 4 17 38827 0.9806010875135516
4 27 20 22 81699 0.9853655250113733
25 14 17 9 36744 1.091929840924577
4 16 29 6 98149 1.0057660648965627
24 16 5 19 83756 1.0417278107265717
0 22 18 29 100315 0.9600035535084074
15 24 18 10 62584 0.9661758700152124
16 25 10 8 65079 0.909588404866372
24 8 12 9 41280 1.0550160147731902
27 25 22 6 55824 0.911428810396581
10 27 11 8 64790 0.9584305247843234
10 14 24 27 77431 0.9617698447307473
2 10 9 22 58383 0.9869776405253956
7 23 17 9 78370 1.0592599872178745
24 16 11 21 67341 0.9855604747094725
28 24 8 20 90373 1.061059629978194
26 5 17 16 61076 0.9399424908307871
22 20 9 1 70989 1.0268532889379307
28 25 6 24 86241 0.9652956145936431
2 20 15 13 62484 0.9230123103226077
28 3 28 22 74895 0.9183757848992705
23 1 19 24 59078 0.996082576023242
9 6 26 1 58947 1.0382396741198845
8 13 16 28 66513 1.048039248311861
12 12 21 13 30972 1.072168242628624
13 10 11 23 37803 0.9560561862030474
16 11 25 17 47413 0.9474918785789653
18 24 8 21 53596 0.9283758655685288
1 10 3 21 37233 1.051861446236034
13 24 20 6 58798 0.9694812847566693
25 12 1 24 102088 0.9012732152623917
16 7 19 23 46224 0.9767451206239479
0 24 19 25 78726 1.0077913434553734
0 9 24 4 89043 0.9294263513677103
28 27 9 1 104207 0.9486002846932944
11 20 24 24 61116 0.9459250828175966
7 25 14 16 49858 0.9350368950373046
4 2 18 27 103884 1.0912417562376229
7 22 20 5 89872 1.0387759877328804
3 0 28 19 113311 0.9102965494447125
0 16 25 9 100351 0.9955755510216107
20 17 4 19 61368 0.9805903735066628
11 2 27 7 49601 0.9029558002643103
2 13 16 23 75744 1.0016234823939896
1 18 0 4 45920 0.9763243279843434
2 11 15 3 53257 0.9679397643706721
1 24 29 2 134322 0.9399731419020779
26 8 8 7 52875 1.0343198239135587
22 10 6 26 91075 0.9423583402689613
3 28 24 15 115071 0.9888439036490873
15 5 5 29 93236 0.9322341990191985
23 23 3 21 84926 1.0919646854346856
11 19 6 6 49416 1.0554066266958624
9 28 16 1 88280 1.0621462180913666
19 12 16 25 52433 0.9006161849442433
25 8 27 21 64127 1.0796202127908197
25 1 17 23 69703 1.0334049402663372
20 29 14 15 63951 0.9595946962614853
29 27 17 6 84253 1.0989118550237995
27 0 0 15 111434 0.9679719913263083
18 22 22 1 59070 0.9603645642530328
14 16 6 1 51951 0.9679143550899232
10 27 28 0 122740 0.9774573699197828
5 13 3 25 48265 0.9254043507577456
20 2 6 8 49826 0.9000505224492815
0 0 25 26 113289 1.0489061650859886
11 15 14 1 43544 1.0087775776292711
18 13 13 22 44480 1.063074890265475
29 3 6 2 69726 1.0661695873859593
28 1 4 23 131783 0.941397563874138
29 1 17 25 92160 1.065931296607315
26 2 27 28 84390 1.0282989813344012
5 6 16 13 55345 0.9335031038839183
10 29 26 18 89738 1.0441096686455946
26 25 9 19 81777 1.058237118483266
10 10 26 12 53243 1.0522829624687104
12 25 19 8 63789 1.0403016937344305
0 26 9 19 55254 1.019289290362912
21 12 8 18 53624 0.9732173579694747
23 8 2 16 82565 0.9471964768413987
26 22 9 11 79531 0.9083569046846366
0 10 6 26 66542 1.0245428788770894
15 6 14 23 49637 1.0405885741968133
5 16 27 15 97254 1.0972210926118005
24 14 5 22 104389 0.9778280026695907
20 19 13 0 63897 0.9851723532571972
19 17 14 9 39250 1.0118697130223981
11 4 28 15 70833 0.9168215004509811
9 15 22 21 66576 1.0756463548135626
15 27 21 13 57763 0.9888259132254071
16 5 10 9 29008 1.0453364132134817
13 17 28 4 71042 1.097908949273126
12 9 8 26 60166 1.0488345648742419
10 24 5 2 75745 0.9575530593396847
19 22 26 18 38594 1.0802556457294696
1 19 22 22 88532 1.0547298135531817
17 20 27 23 45012 0.9748773459984486
9 11 27 2 70619 0.9894394625026095
23 14 24 26 40374 0.969877478535055
10 13 22 26 71994 1.0449867970850966
18 9 26 25 57664 0.9900670934670401
22 17 1 19 78448 0.9585671070715112
0 25 25 23 100131 1.0167533847278258
17 27 13 3 87413 0.968123701281331
21 26 26 6 49290 1.0908248949860107
19 20 6 24 66235 1.0400617385552844
19 25 10 27 50734 0.9378427235487112
22 20 11 4 64379 0.9268188506755533
27 29 10 10 92773 1.0290593357858078
25 11 3 26 103701 0.9252379779553421
22 21 5 5 81210 1.0772885639563898
16 23 2 11 79437 1.0336198856047099
17 5 24 26 61642 1.00656582728638
4 29 17 1 112096 0.9554251386663261
3 23 27 29 105504 1.083936215787355
23 7 0 17 86871 0.9604630017651358
27 3 12 21 94228 0.9720379134664301
12 25 15 13 39894 1.0271828591293906
7 4 26 2 59735 0.9923902762935971
29 4 1 3 87303 1.0020339666990419
24 14 13 23 68486 1.0137146515549116
29 4 16 21 93695 0.9449412866057566
4 10 24 14 84268 0.9038075732273767
26 25 18 1 78315 0.9550166295096216
15 15 26 23 57550 1.0006625878630309
2 7 19 16 80737 0.9122909671513818
28 19 18 25 50655 1.0389259065233134
28 29 24 4 87520 1.0823577350341778
25 4 17 17 60245 1.0839360066585446
20 11 3 5 71672 0.9413356131824424
9 11 28 6 61120 0.9544235212505
5 12 22 6 59572 0.9245772353419154
7 12 28 9 71504 1.0075169082314877
5 14 29 6 86103 0.9933384458873143
10 7 23 3 45389 1.0468295285703928
21 29 26 5 60888 1.0153842689051822
9 5 6 21 58626 1.042161394500916
16 26 0 18 76071 0.9139240698900764
22 0 25 25 63541 0.9080319450848676
14 8 23 5 30584 0.9464206732506124
16 15 10 7 43002 1.089348718150077
14 22 7 16 39329 0.9730060851631271
13 26 18 1 72365 0.9255866152284759
28 20 26 1 79551 1.0069749324549868
21 13 15 7 25342 0.9882041189792179
14 28 17 15 57291 0.9065325214341649
0 4 15 21 91756 0.9371624051166051
9 2 12 11 29998 1.0634884207002084
5 0 16 24 89582 1.0753091528541778
18 14 28 28 71501 0.9263461883122945
18 19 5 3 86219 0.9660480258481468
12 25 22 7 67102 1.0597378438677016
8 12 22 6 50043 0.9600820632400449
4 20 21 6 84966 0.9907935388450494
5 26 17 0 101787 1.06864110802637
2 3 17 4 49143 0.9996172447594848
27 19 28 7 54929 1.0538512944806437
7 12 15 16 38287 1.0035671523593592
28 19 10 4 89579 1.073979380386441
29 5 19 6 32884 1.0615388690149095
21 5 20 17 26820 1.0959328825866017
28 19 14 26 70316 1.0139983747766317
6 8 20 22 72823 0.9840757686394574
18 29 24 0 83750 0.9881444399743085
16 15 27 22 66212 0.9086835698858254
2 9 14 8 47230 0.9680763619607574
1 0 24 7 69163 0.9292036681759552
21 12 4 14 63037 0.9899088772638213
1 4 2 17 33857 1.070884835800196
20 27 18 5 59552 0.9705876311595923
12 10 22 10 40664 1.0148526701899467
0 5 5 28 84315 0.9743117323872328
15 7 26 20 64407 1.030983459609001
4 19 19 21 72258 1.0394462853873818
7 13 13 17 36130 0.944123917779341
26 27 16 27 63824 0.98340868435714
25 9 17 28 69070 0.9735079625243777
8 28 18 16 71579 1.0444203329908646
4 12 28 17 90449 0.9562245632069173
19 11 12 6 33411 1.0258698683258014
12 24 9 5 57913 1.0913194205803742
19 17 5 3 78042 1.0503983860848727
18 28 2 20 86923 0.9928043829345752
5 15 29 3 108710 0.9343596776119898
8 28 25 28 81246 0.9850187728011901
0 15 12 5 67870 0.9473906875875077
7 15 10 28 57348 0.902387874138763
20 14 3 10 73065 0.9934825002391939
5 21 28 11 99177 0.9105717798237305
14 14 17 28 51590 0.9209581072096785
21 14 25 25 31828 1.0955217516247069
15 29 0 0 111744 1.0707330426758588
27 26 2 24 100994 1.0648086674100556
29 4 25 28 86783 1.0918640209378694
27 3 2 16 101093 1.0309624991986337
27 4 9 13 76934 1.0797986071005214
11 4 20 23 65932 0.9664652642576624
28 3 2 27 137057 1.0907905961610311
10 29 24 19 72982 0.9469157170312874
24 26 20 3 59375 0.9692266586527204
16 22 23 27 42900 1.033520125699488
21 16 7 17 52678 1.0154159972593642
6 16 17 26 67710 1.0679561811254514
19 21 29 15 62361 0.9418020250462837
14 10 20 5 28719 0.9988513467523883
15 27 10 17 46487 0.9347442259867587
22 11 26 24 40986 0.9477537595221504
12 19 9 4 46607 1.0966309558910878
21 2 4 9 65648 1.0040733569461309
0 9 25 9 91294 0.9114032099373852
24 14 8 15 70621 0.9858369492705779
2 20 26 18 102520 0.9276030715528968
18 22 23 9 46937 1.003512399799924
14 28 29 4 103969 0.9073321513259555
17 4 29 24 80550 0.9684947430054208
23 5 11 5 42045 1.0183111488598025
2 19 7 4 60633 1.084734625717769
8 10 18 22 73831 1.0451570790633933
13 6 4 23 82219 1.0818444540389243
17 11 6 16 55302 1.0098301036349242
2 24 29 23 96829 0.9774860868639373
20 29 22 18 36042 0.9788565971556932
3 20 27 24 100690 0.9815255539084868
15 18 8 6 52583 0.9780797705549654
29 28 21 15 55899 1.0243145814790997
12 25 26 14 81498 1.0227644459523038
17 0 10 29 93972 1.0057019176735402
19 8 15 18 48636 0.9425204341685045
21 4 28 20 62861 0.9581635763956717
3 21 29 20 118068 1.0369956229373283
3 8 4 26 56067 0.9447591595718742
12 8 22 9 32964 0.9346422821164252
2 29 26 29 115640 1.021495365890143
21 20 2 1 78971 1.002846066685173
20 14 6 25 89535 0.9988631938100822
8 26 18 27 55642 1.0894600569231474
17 23 23 11 38421 0.9750339554661485
27 1 23 23 67384 1.024876115303415
24 2 13 6 42184 1.055708090787118
24 14 11 29 91525 0.9818047517800805
26 9 17 23 56610 1.0166427566040641
19 3 22 10 27808 0.92297129533982
0 16 27 29 118047 1.0289157888485378
26 26 18 7 63105 1.0718445410518869
24 7 1 2 63128 0.9686095592534434
0 10 12 9 56417 0.9718513242419682
19 13 25 3 50376 0.9155196983368642
10 6 2 15 48234 1.0411358647840148
0 16 25 8 99503 1.0354010908838247
2 5 12 13 50847 1.0808630301617632
24 21 8 2 80464 1.0185203278623804
7 1 2 27 85402 1.0679589146066362
11 4 8 28 85020 1.0970605611855633
29 20 4 9 116811 0.9865942248622511
16 16 12 1 53372 0.9706724543400269
9 28 22 7 87283 1.0879823034470013
27 24 14 3 74367 1.0588878631724663
14 22 26 6 73116 0.9983258822621485
18 18 12 27 51254 1.0796438958070844
13 15 7 23 49542 1.073464640751751
5 17 20 0 82916 0.9532291552390421
10 6 17 0 38164 0.9791402542395801
5 18 12 25 38987 0.9094607612746698
4 6 26 28 112271 0.9538998923738237
19 14 5 18 59331 1.0206894897116534
17 28 17 1 89611 0.9720834672162112
10 20 23 29 81433 0.9013822611603325
26 4 14 18 70383 0.9029511981090731
0 15 4 6 47827 0.9063828922473661
27 29 21 20 36066 0.9610757978246514
15 6 16 26 69837 1.0784270043115602
25 26 1 17 98473 0.9057334728552553
9 1 7 23 80080 1.0232715627312403
17 16 19 29 53818 0.9957885285041658
19 26 7 22 64826 0.9810103898642702
11 12 19 22 60059 1.0861937109566524
4 29 10 14 68889 0.9003202643919145
3 26 10 4 81469 0.9228783683730717
14 8 5 2 32194 1.0134626055289335
12 2 26 17 69804 0.940116921450535
0 16 10 12 42422 0.9854440318957287
0 5 12 23 84640 0.9001974774317183
29 20 21 26 42626 0.9654333951151285
28 11 10 7 54849 1.0550118587425368
23 3 26 21 69975 0.9078378722871776
11 28 23 13 78670 1.063468744675783
14 19 17 26 45638 1.053762898571722
16 9 24 27 60601 1.0540629711915905
7 29 1 9 73122 1.064138550325223
9 11 28 26 90436 1.0681747694742523
14 23 25 10 67772 1.0295712901020506
12 20 27 24 68093 1.0355828577477024
23 3 23 24 54709 1.009763068208516
15 15 22 5 50186 1.0163527683181137
9 3 18 10 48893 1.0844461713485605
2 0 9 3 21604 1.0642159673015166
9 5 19 4 38462 1.0832855107593327
19 6 11 14 42167 1.0949021558138141
12 20 29 10 76628 1.0179347520286468
1 20 24 26 103459 1.0124910041347313
4 15 11 11 39406 1.0225156084080815
14 13 27 27 71372 1.0476369462464126
24 28 11 7 70661 1.0250415556242367
19 16 0 25 93662 0.9242661017521927
8 0 0 3 29048 0.9860018489595185
13 19 15 29 34347 0.990619860859197
26 28 0 20 126765 0.9048457401447929
10 27 22 7 84778 0.9820633525345484
25 6 14 6 28432 1.099838192089485
26 23 20 7 43815 0.9501672730076602
17 26 4 23 71780 0.9686898381158192
4 27 9 16 55918 0.9118206003761165
8 12 19 10 42547 0.9600769587519303
15 10 27 10 57379 0.9559242830520558
27 22 18 19 49286 0.9801010998578905
8 14 23 19 73066 1.0313409530330244
0 25 29 7 129891 0.9835693484002835
22 19 1 0 89606 1.0777028581440824
16 23 0 6 107612 0.9108793659945963
22 5 6 1 50310 1.0159020912798065
17 28 17 11 66960 1.0583129974856589
7 2 16 10 44960 0.9968957115750838
2 12 10 0 44966 1.0962843872478714
28 21 19 16 48941 0.981520906123797
13 22 3 21 47870 0.9845440151209052
5 21 16 6 76983 1.0746604519124672
16 14 0 10 70504 0.9625436648675136
21 3 28 16 49135 1.0116404930327494
28 3 23 25 72314 0.9832272266163241
21 16 4 26 84236 1.0560788431145018
8 6 8 17 36765 0.9421264970664883
21 6 3 5 59431 1.0505503902044213
15 27 14 6 65839 0.9826979407145784
23 6 8 18 66696 1.0499630208079136
25 4 11 20 83617 0.9416793960821588
18 21 11 29 57827 0.9341895821084623
6 26 18 15 78256 1.036740819051917
24 3 6 4 59282 0.969820899805569
3 10 17 28 91334 0.9162910537809532
11 7 28 14 56244 1.0390716143515257
