6806 6855 6557 6729 7772 7586 6882 8161 7375 6572 6602 8156 7106 7043 7942 7068 7230 6694 7422 7773 7317 7014 6859 7032 8100 8137 7482 6844 7810
7130 7324 6891 5954 7521 6731 7537 6266 6958 6809 6747 6451 6260 6479 7438 7355 6467 6772 7218 6550 6031 6033 7239 6735 7440 7512 7141 7125 7022
3263 3685 4162 4005 3388 3584 4710 4272 4066 3230 3057 4252 3547 4182 3693 4200 3953 4185 3816 4361 3612 3188 3558 3395 3699 3357 3021 3436 4255
3922 4159 4148 5144 5544 4778 4683 4722 5243 4023 3869 5284 4068 4814 4605 4674 4660 5025 4266 4267 4370 4703 4098 4118 5512 5030 5482 4169 5418
8363 8274 7216 7225 7592 7159 7889 7470 8321 8202 8120 6871 6777 8303 7900 7327 7752 7729 8118 8522 7152 7298 6860 7189 7920 7739 7120 8147 6754
4924 4661 5625 4758 4389 3986 5073 4242 4748 5407 5051 5253 4859 5578 4823 4069 4831 4569 4094 4705 4467 4123 4877 4663 5449 4175 4990 4061 4399
6696 6949 6384 7065 6763 6138 7298 7483 6603 6420 7123 6329 7534 7435 6747 6281 6112 6397 6838 6813 7488 6608 6228 7430 6276 7772 6251 7227 6058
2495 2147 1847 2846 2680 2998 1358 2654 2406 2001 1279 1505 3004 1801 1836 1280 2723 1996 1353 2971 1448 2189 2067 2919 1283 2274 2068 2722 2697
3886 5139 3949 3966 3738 5243 5097 3975 4610 4891 4724 4700 4304 3862 4120 4542 3689 5031 3700 4315 4769 4792 4932 4859 4529 4186 5251 4411 4350
2810 1783 2525 2850 1391 2001 1246 2620 2035 2203 1271 2869 2780 1865 1820 2812 1973 2740 2860 1318 2294 2035 2995 1842 2594 2621 2364 2410 3001
3120 1509 1639 1990 2494 2063 2081 2278 1946 2287 1948 3254 2134 2129 2864 3238 1893 2487 1825 1509 2536 3028 1806 2174 1969 2105 1787 2007 2045
6215 7231 6163 7041 6665 7553 6888 6762 7144 7294 7151 6664 7431 5966 5983 6096 6949 6191 7369 7708 6277 7634 6932 7078 6909 6393 7379 6222 6807
6809 6352 6675 5642 5812 6062 7311 7268 6439 6580 6449 6646 6116 7177 6546 6482 5974 7188 6279 6321 6516 6514 5727 7058 7209 6455 6670 5612 7357
3010 1622 2343 1601 1505 1681 1611 1589 1649 2233 3125 2143 1422 2454 3117 1953 1823 2830 2561 1523 2505 2220 2910 2697 2409 3136 1951 2500 2325
4854 4849 4757 5956 5563 4897 4501 5638 5444 4583 5328 6114 4576 4930 6005 5934 4630 6107 5390 6200 4594 6058 5264 4799 4584 5243 4821 5199 4928
7124 7636 6636 8133 7144 6652 8120 6743 7879 8004 6834 7103 7493 7603 7979 7951 7186 7994 7546 7393 6684 7339 7107 6906 6612 7869 6530 7564 7492
8635 7604 8349 8634 7309 7034 8088 8268 7294 8570 8466 7969 7914 7623 8030 7450 7597 7748 7968 8648 7275 8478 7254 7996 7519 7739 8208 7953 8535
5960 5948 6039 4733 5305 5864 5689 5642 5330 5970 4684 4657 4563 5063 5195 6222 5734 5157 5300 5197 5842 4648 5402 5664 4753 5056 6023 5250 5018
3152 4269 2976 3320 4541 3085 3086 4446 3214 3572 3955 4348 3554 4516 3953 3526 3356 3187 2958 3148 3464 2998 4134 4650 4096 4288 4562 3486 4298
6111 5503 6582 6914 6313 6096 5575 5559 5956 5666 5386 6498 5558 7129 6928 6400 6701 6984 5963 6316 5808 6446 5628 5608 5952 5652 6258 6859 5998
7545 7595 7957 8331 7969 7837 7197 7882 8159 7352 6975 8066 8274 7363 8197 6862 8163 7856 7177 6964 7642 6958 7814 8152 8555 7329 7632 7990 8113
3679 3662 3412 2529 3428 3361 3123 2290 3592 2838 2865 3770 2684 2317 3284 3634 2764 3172 2339 3104 3135 3801 3482 2858 3548 2324 2757 3556 3611
8440 8242 7400 6787 8000 7872 8346 8201 7618 8408 8192 8115 6732 8362 7246 7016 7005 8242 7828 6811 8011 6845 7283 8118 8436 7628 7671 7493 7215
6664 6290 6801 5361 5678 6809 5782 5221 5979 5128 6688 5466 5987 6576 6317 6633 6540 5371 6617 6786 5762 6163 5715 6833 5516 6572 6828 6049 5138
7516 8561 7848 8028 7341 7668 8318 8025 8048 8208 8109 7515 7222 8412 8171 8853 8822 7481 7567 8530 8655 8274 8944 7748 8699 8418 8922 8840 8377
5440 6901 6124 6206 6821 6335 6346 6454 6415 5634 6753 5448 6415 7095 6101 6271 5459 5791 6409 6428 7134 6534 5454 6109 6152 6026 5977 5566 6688
6720 6383 6872 6675 6043 6506 5606 6548 6751 6391 6009 5717 6427 5494 6235 7024 6894 5538 5663 5577 6974 6969 6682 7011 6187 5533 6271 6556 5979
7796 7857 7483 6186 7616 6407 6487 7470 7682 6833 6496 6246 7375 7627 6231 6617 6639 7620 7120 6696 6957 6197 6891 7726 7421 7508 7167 6279 7718
7748 8322 7602 7700 7968 8157 7567 7881 8173 8177 7095 6930 7985 7272 7507 8281 8482 7660 8379 7237 7492 7705 8031 7133 8513 8142 7436 8477 8289
3218 2680 3131 2401 3002 3772 2427 3198 3285 3623 2505 3554 3164 3234 2423 2305 3280 2851 3047 3386 2944 3659 3145 3827 3086 3083 2791 3572 4067
6074 7936 1229 5451 1765 4917 3180 2732 4521 2189 2431 3596 8013 4309 4594 5262 5180 3275 5280 5216 5216 7279 8798 3307 6582 6362 5078 7102 1698 5987
6535 7940 2164 5316 2151 4880 4141 2540 6172 2433 3192 2982 7485 3674 4694 5246 5203 3522 4447 5220 6230 7385 7356 2311 5918 7005 5633 6627 2541 5838
4882 6923 1303 5190 2061 3777 3109 2099 4905 3713 2981 4141 8884 3351 4151 5813 5948 4253 4435 5831 6439 7482 8453 2540 6704 6012 5848 7845 1697 5724
5840 7189 2167 5623 2582 5095 3745 3383 4977 3872 3107 3216 7756 4497 4728 5566 6251 3708 4683 6329 5470 7436 7501 2415 4971 7062 5262 7788 1470 6316
6515 6429 1219 4911 3198 4289 3748 2445 5099 3041 2937 4218 8576 3494 3742 6512 5317 4583 5335 6692 6467 7877 7789 3477 6419 6787 5622 7182 2670 6492
5223 7273 2620 5024 2991 4271 3543 2962 5025 2647 3168 3063 7896 4072 3263 5460 5932 3916 5233 5701 5935 7608 8332 3326 5874 7121 4674 7619 2505 6078
5592 7319 2674 5454 2642 3934 3656 3545 4906 3893 2229 4598 8193 4424 4853 5474 6373 4566 3897 5470 6298 7493 7593 2642 5061 6189 5817 6731 2949 5844
6331 6709 2775 5183 1896 4524 4298 3214 4486 2532 1790 3233 8704 4608 4408 5215 6170 3087 4578 5732 4920 6976 8807 2947 6655 6681 4411 7735 2194 6386
4830 7679 1136 6253 2553 4185 4382 3012 5805 3050 1830 3707 7949 3579 3758 5163 6299 4023 4977 5123 5623 7574 8441 2348 5239 5688 5140 7828 1578 6583
5126 6769 2596 5147 3109 5434 4355 2654 5837 2968 2638 4495 8798 4650 5012 5768 5724 4300 3746 5710 5117 6797 7744 2468 5190 6551 5482 7624 2625 6274
5907 7904 2267 5908 3304 3984 3523 3149 4995 2494 1997 4041 8596 5050 3378 5376 5958 4187 5083 5891 6173 7343 8415 2214 5708 6893 6030 8125 2366 6721
6445 7223 2798 6613 3074 5061 4474 3252 4539 2523 1956 3990 7877 4309 3561 6701 6774 4199 5216 5910 6530 7424 8724 3300 5042 5765 4748 6975 3141 5631
5987 6990 2577 5180 1846 3861 4722 3109 5917 3148 1806 3516 8050 3378 4415 5268 5359 4488 3860 5855 5206 6230 7593 3331 5648 7176 4352 6992 2630 6034
5437 7096 1051 5029 3266 4027 3818 3697 5428 3738 3168 4572 7317 3735 4665 5136 6385 3109 3656 5892 5599 7483 8535 3601 5615 6312 4804 8002 2031 5717
5945 7630 1665 5690 3138 4576 4150 3443 4705 3835 2641 2913 7965 3906 3586 6115 6040 3465 4007 6648 5242 7614 7389 3261 5743 6889 5593 8027 1604 6082
5546 7668 2061 6412 2516 4098 4139 2329 5068 3947 1972 3532 8870 4761 3346 5431 6114 4383 4017 5315 4932 7848 7357 2676 5610 5513 4911 7831 1487 6640
6330 7135 1166 6389 2470 4938 4003 2229 6206 2536 1576 4379 8757 4490 4632 6842 5743 3789 4819 5473 5009 6397 7682 2813 5020 7085 5163 7381 1800 5764
5297 7598 2611 5640 2565 4856 4192 2703 5189 3036 2409 4429 7716 4670 3327 6320 6177 3391 4613 6194 6055 6565 8594 2993 5908 5583 5002 7246 2489 6482
5109 7503 1999 6342 1904 4084 3804 3469 5271 3568 1960 3415 8417 4330 3655 6592 5728 3864 4253 5304 5191 7861 8733 3277 6277 5629 5908 6983 2387 5405
6088 6615 2458 5858 2581 4601 4722 2521 4490 2731 3023 2867 8299 4049 3845 5941 5742 3319 5095 6206 5584 6558 7597 3275 5849 5416 4866 7268 2589 5131
5405 7602 2148 5219 2317 5212 4289 3239 5956 3651 3119 3046 7619 3796 3902 6354 6370 3645 4667 6410 5644 7200 8126 3344 4973 6831 5226 6619 3078 5137
6302 7476 2183 6007 2842 5096 4682 3666 4806 3325 2227 3794 8210 4044 3925 5910 5658 3820 4132 5953 5436 6801 7797 3454 5276 5748 5824 6600 2482 5134
5891 6581 2740 5438 3345 4148 3679 2337 5062 3620 2975 3439 8068 4398 3265 5274 5493 3223 3854 6522 5029 6843 7670 2487 6014 5691 4297 7717 2809 6224
5147 7197 1099 5878 2396 4553 3318 2528 5374 3761 3162 3805 8333 5093 3316 6421 5866 3424 3915 5452 5462 6468 7817 2156 6103 6820 4684 7302 1560 6440
5358 6771 1587 5757 2592 4495 4510 2157 5929 3408 1580 4235 7951 4934 4317 5810 6488 4051 4058 6689 5757 7820 8279 2083 5319 5634 4495 6723 1549 4989
4932 6243 2210 5648 2074 3803 4781 2553 5435 3718 1707 3013 8583 4677 3728 5304 5929 4097 3973 5752 5891 7172 8789 3261 6401 6724 5001 7728 2651 5005
5209 7277 2543 5949 3360 4416 4558 2301 4819 3121 2476 4080 8004 4553 3681 6081 6420 3244 5272 5322 5819 6905 7815 2426 5589 5907 5778 6891 1924 5879
4896 6712 1794 4922 2794 4865 4694 2126 5123 3829 2801 3345 7579 4439 4686 5797 6682 3014 3888 6640 5752 7354 7644 3580 5624 6658 4811 8222 2300 5112
6050 6596 1251 6625 1769 5067 4011 3237 5591 2785 3025 4527 8756 4006 4218 6439 6148 4324 3920 6126 4840 7196 8083 2189 5349 6535 5703 6622 3152 5935
26 0 13 20 75244 0.9259769979394034
2 0 11 20 68952 1.0169776792998595
26 26 29 2 90624 1.0962907115730967
27 3 20 18 70584 0.9467343188986082
20 29 19 16 56489 1.0697809112763361
15 5 9 26 62452 1.0933501669896375
1 9 9 20 46013 1.0164234078905967
8 26 19 20 54641 1.0848138268316232
4 9 5 29 58153 1.063453038116353
22 10 0 15 76639 0.9649424934127788
21 12 23 23 39657 0.957838950867569
27 10 15 29 88401 1.0721327987959368
8 29 17 7 72174 1.0994958604109477
24 23 3 16 83402 1.0761871182598406
16 12 7 3 48968 1.0798983303602396
21 28 4 8 87105 0.9189189067936733
25 24 17 29 46893 0.9426704389266558
7 17 26 13 75117 1.0513659546463008
19 10 26 0 53637 0.9257218456832107
24 22 2 26 81831 1.008008703438131
4 29 21 1 96646 1.0164177256819287
21 19 8 27 62781 1.0893299210973941
8 3 16 9 37407 0.9291180025229375
16 11 23 16 44976 0.9226406131712194
16 29 2 6 91114 1.0970281376946505
9 4 24 5 48014 0.9421219045182728
14 13 24 6 53815 0.9629540801898695
16 23 23 13 55176 1.0666110798998927
20 6 22 16 40344 0.9115816968445604
6 19 17 9 49591 1.0417682751827786
16 18 10 5 46961 1.0597375272878442
13 28 25 20 61810 0.9700951716064464
10 19 26 23 56405 0.9105036176380895
23 18 0 14 100271 0.9707656340206381
19 5 26 25 92007 0.9635072142730655
18 22 12 12 52711 1.0433748504676845
25 3 4 24 97207 0.9169504187352909
0 27 10 1 82455 1.0709339056135625
29 14 16 2 63085 1.0516819047747958
12 27 8 15 47819 1.0104176765497332
6 12 22 1 62790 1.002709806129791
5 2 28 15 94795 0.935497418471485
23 0 0 7 77986 0.9170397885341681
26 26 17 15 75159 0.9137616257694129
5 5 2 27 71049 1.0591130714338952
15 6 28 9 54783 0.988437272449003
1 28 25 25 71800 1.0591711693367918
16 20 11 4 53912 0.9723290781204448
7 12 26 6 62236 0.9185241136482842
7 0 16 22 80381 1.057351444906405
1 7 24 12 77338 0.9569203726190179
3 24 12 17 45318 1.0956445026816828
9 1 16 29 82590 0.966670101702441
9 28 17 8 69734 0.991123046222745
28 2 4 19 90184 1.0608606064183292
27 23 22 15 47208 1.047323409719979
19 23 25 18 38439 0.9941321058242503
9 4 13 20 42513 0.987452709386761
5 0 20 17 84597 1.0262251284807107
19 14 9 14 39577 1.0567759951935218
1 9 15 22 75702 1.0677981509062948
22 4 11 13 48244 0.9818124418389551
16 23 23 9 65836 0.9836754239423565
24 1 17 17 74693 1.0946145668507359
15 8 9 21 47014 1.0549612539043969
7 26 22 21 62408 1.073722170035707
21 23 10 8 65818 0.9284793197444213
23 2 27 26 95330 0.959980083530368
17 24 1 2 89109 1.056475963716095
18 20 22 9 47602 1.0958509280953435
12 0 11 11 35462 1.0716097625041516
20 18 6 11 64603 1.0373151413980812
28 19 6 6 96402 1.0986818836859722
25 16 7 14 78305 1.0000460614412574
5 23 19 27 50425 1.0275671245172366
25 2 4 23 83894 0.9724622422055565
9 10 14 24 47295 0.908340107127782
24 3 16 8 47325 1.099809384891611
11 15 9 1 38666 1.0481256081032948
1 11 15 1 57042 1.012512152224011
1 9 22 27 98777 0.9231866878366116
18 19 2 17 69592 1.0265174280045377
7 4 28 11 67847 1.0533423944292188
1 4 21 5 55592 1.074778715019325
16 26 4 2 89010 0.9366563114738627
10 17 19 5 53346 1.0639660570289398
19 18 28 6 68207 0.9426671828251725
14 12 13 28 44900 1.0643690220107414
18 25 27 13 75955 0.9592532998853613
17 12 0 23 76185 1.0463956741948053
24 0 10 21 83046 1.0544863886887905
28 8 18 1 49803 0.9655654643661995
27 28 4 13 87894 1.0466674568733996
4 0 14 0 45612 0.9815388509353813
29 14 13 25 79022 1.084505649412218
11 15 28 1 74952 1.0000751354744373
2 16 25 7 87512 0.9818388617314431
8 2 9 25 52075 1.011454259583332
5 2 26 0 57524 1.090364999468675
12 3 25 23 83055 1.0036026622908054
27 29 27 7 84495 1.0637589431548382
5 2 1 10 39298 1.0343365415079158
28 16 13 25 80442 1.0975032173892043
4 18 3 5 57778 1.0001416152241005
29 4 14 26 93942 0.9357150430461618
6 7 13 22 50299 0.9907481526212938
19 28 19 2 79842 1.0368200668585552
12 2 12 23 50706 0.9256102703457391
21 21 29 25 35832 1.0415253079291944
5 14 22 22 78564 1.084566635006706
0 3 24 15 98311 0.9477826964425732
18 28 24 11 71621 1.0606292741797414
22 4 29 18 60953 1.0093835814680907
3 13 27 27 98670 1.047026608531893
13 4 26 15 66558 1.030898560868277
16 8 27 0 64670 1.0796851876030398
4 26 24 23 72534 1.0340993645151708
7 17 14 5 38235 0.9021920806536029
26 9 19 25 76572 0.9518109096811912
27 19 10 9 83321 0.9761414888456024
0 14 23 26 107587 0.902316744252174
1 28 18 14 80114 1.0064238319798111
9 8 11 21 39327 1.0600845388091473
9 11 29 19 75852 0.9517490151166774
3 3 4 18 60543 1.0659369151945837
14 16 0 21 72787 0.989524820343286
0 17 9 18 37673 1.0381998518432671
27 25 26 14 59731 0.9759175264606708
0 1 16 1 46761 1.0117263869958646
1 10 13 5 38394 0.9378200659353595
17 9 14 20 43877 1.0284356029824502
0 8 29 12 87546 0.9287992266883642
0 3 27 0 77256 1.0476398372560607
2 0 14 29 93932 1.035369465977613
10 10 22 0 48773 0.9162076658069832
28 27 28 0 95693 1.0136312874545352
22 6 17 12 36377 1.0847580072245107
29 22 5 24 77260 0.9042047401069919
3 6 25 12 77141 0.9690770788405242
21 3 15 12 49157 1.0999020637686547
3 4 15 25 84317 0.9713176166543063
3 17 27 20 106557 0.9431636157520222
10 0 6 11 32360 1.0552574543381603
24 2 17 8 37822 0.9602018388036071
1 13 18 12 61038 1.0817133141826103
5 12 12 22 52023 0.9454698022883018
20 7 20 25 65547 0.9789052821666073
20 23 28 15 56036 0.9219259444351783
27 2 16 17 68727 1.0327975425827023
12 10 0 9 32485 1.0133555961673162
15 27 21 6 86189 1.0271063337819069
29 19 28 3 54696 0.9574003122268375
10 11 29 8 54436 0.9878007014903363
22 17 0 0 100404 1.0977086594233625
15 0 27 11 70717 0.911069420681358
22 13 29 23 56712 1.0162597455253828
21 15 9 10 43185 0.9289133928947514
23 17 28 9 49027 1.008533912262161
5 28 12 24 30469 1.0207387191162407
28 29 11 20 72751 1.0321289232693927
6 1 23 14 76521 1.09047977693449
24 5 13 9 44716 0.9084865139248148
23 25 9 13 77110 1.0131309369448953
15 19 5 20 56243 0.9651569699747823
21 17 2 23 74522 1.0034172818252298
4 15 27 28 89713 0.903363998257029
0 29 3 5 87947 1.0314097555380703
7 8 3 14 28582 1.0834337161527392
4 7 16 10 35811 1.0849434713841137
15 22 2 19 59696 1.0803989058580126
8 27 1 19 50477 1.0491896187902978
6 28 26 24 70443 0.9510654532250757
12 20 19 14 42224 1.07434284396726
12 7 23 26 83257 0.9000133676870831
18 12 21 24 49619 0.9548534342900128
13 17 29 17 58162 1.0325751211269674
29 23 6 25 73875 0.9088399221963197
22 24 28 13 60580 1.029165084077548
16 0 10 23 71638 1.044028497222163
14 10 27 3 52384 1.0407355387666728
26 4 6 29 101550 1.0613654340494745
28 11 6 19 78100 0.9140678936927924
26 7 17 8 30815 1.0078499166552564
24 25 14 13 77415 0.947729307214216
20 18 6 12 69703 0.9164759700368323
24 24 19 17 41842 0.910874405030904
1 14 29 25 113691 0.9015341455391336
19 5 10 11 37834 0.9338590296653018
7 0 28 4 56658 1.0109427472437233
28 0 2 21 115341 1.042815019869498
20 14 18 5 39658 0.9830634482578858
26 27 20 0 110320 1.0815871016233842
3 10 25 0 72779 0.9035221851446842
19 21 13 25 35443 1.0069272720402414
14 22 5 15 52434 1.0936544697017476
20 20 7 9 68260 1.0217308076401048
15 17 0 25 72592 1.0727990863378394
13 17 13 0 34881 1.037116121374668
10 29 1 11 65621 1.0516788124109913
17 1 6 12 49097 0.9729081783809258
10 28 9 13 35222 0.9548810890566386
19 20 9 9 59258 0.9627543751059591
7 4 5 26 56516 0.9716570966534329
27 14 0 23 111223 0.9020545529237826
0 14 22 4 83498 0.916755111636021
20 6 11 9 34922 0.9552420058292856
1 8 8 20 51711 1.087095629656121
7 21 1 6 51542 1.0220231662073407
29 4 7 27 96323 0.9696103195073424
5 22 25 3 91418 0.9504071053318777
1 0 27 27 130227 0.987102314541771
12 23 13 2 48129 1.0951121338307952
13 22 22 16 49026 0.9862904604523464
15 22 9 13 47994 0.9205990178164493
26 17 1 10 89432 1.0035851562117655
18 27 12 0 81007 0.9357146895233568
3 27 20 11 84477 0.9709308081315471
5 5 20 28 85243 0.9306846276414233
4 12 16 28 69353 0.989660125963522
2 18 13 28 58735 1.0387249054568783
4 22 25 9 89220 0.983739690698011
16 22 10 12 51086 0.9200421259948294
11 0 10 15 39643 0.9109266084732625
12 27 13 1 63605 0.9199587629376964
3 10 11 15 35404 0.9787024677214412
7 18 29 3 75350 0.983559632568448
0 10 13 19 53490 1.0275862867273011
9 22 23 12 70466 0.9932699342695905
15 9 10 26 52464 0.9881207265676978
27 6 10 5 59313 0.916970594788082
6 22 22 7 75249 0.9812822327273198
13 8 24 18 60141 0.9180268983127061
26 25 25 16 59668 1.0887904337345768
13 5 21 26 73319 1.0578166587338251
6 22 15 9 52801 1.0662737133475475
4 0 24 0 72801 1.0009739179657449
23 23 27 9 65429 1.0797847668334561
4 0 20 26 119493 0.9199000535908187
1 3 24 15 95771 1.0715309269220592
27 26 13 5 95928 0.9638765522995915
22 3 0 14 88421 0.9274008495061197
2 9 27 23 100819 1.039485567920475
1 16 4 28 51951 1.0925872848973395
28 16 10 11 70861 1.0698212540221246
10 9 2 19 51000 1.0593840969031647
11 0 23 18 83620 0.9847304104055126
20 6 8 13 50380 0.9307900200820984
27 25 0 14 120750 0.9947225574555788
10 22 19 27 38642 1.0546009426831326
19 2 3 16 70236 0.9936094996483971
5 15 18 26 70220 0.9128782229948346
17 5 26 18 73398 1.095344463011602
14 27 6 14 55746 0.9129174048025619
18 5 7 8 41616 0.9158101779638831
26 4 19 21 78707 1.0949498338804222
1 21 10 0 80466 0.9861521477287181
29 16 21 0 64772 0.9583368966578056
2 28 23 21 76152 1.0783978746413785
4 7 19 14 59824 1.0750213529034318
27 11 18 26 82782 0.9156681868710627
21 12 0 13 71781 0.9782433460298299
27 10 7 20 65760 1.029878837997863
22 2 5 20 75552 0.9109922929990981
4 0 27 11 90246 1.0444010947287863
29 12 18 16 56415 1.033093071161673
17 14 25 27 72453 0.9907411167744722
1 4 10 2 26808 0.9138623945404117
11 22 26 16 82430 0.9551090670468582
18 0 28 23 95958 1.009837886014897
1 14 25 25 107583 1.0245309128086992
29 19 21 22 38252 0.910546175044166
11 25 17 9 62773 1.0861516762303427
27 27 6 24 64661 1.0971054420208282
25 9 18 20 57017 0.9893901803943833
22 0 10 8 48989 0.9695086401753884
10 14 28 19 87534 1.0519542935403112
25 10 16 8 34484 1.0995361088629432
2 12 5 20 45487 1.0791494172550682
16 4 26 23 84261 1.0358946435564844
25 19 10 9 74772 1.0228276266558007
7 26 16 19 50097 0.9622040000094836
25 1 19 25 97613 1.0248451537921415
16 14 15 5 38107 1.042698054959627
1 5 16 27 98996 1.0896470664136142
14 29 9 12 53098 0.9560719041041484
2 5 26 3 67537 1.0616320862414423
16 2 12 23 52906 0.9525964142447997
1 6 13 28 81598 0.9328091731105804
6 9 23 13 55540 0.9387067101332224
19 0 22 26 95698 0.9499845727603995
1 16 1 3 59489 0.9077722057897358
6 6 14 23 57736 0.9640498408796948
22 6 23 21 62685 0.9763428559928272
19 7 27 19 69887 0.9805016045206796
11 16 15 27 50420 1.0890484307218142
6 4 25 17 82357 0.9056349395897332
1 5 28 5 84734 1.0059682897044508
10 7 24 15 62451 0.9537343462475436
15 24 13 9 46587 0.9824834678750758
19 12 0 16 84229 0.9621066241401991
4 16 23 29 84348 0.9483000195618738
5 27 28 2 101777 0.9414017957353515
20 27 9 29 36140 1.0143422285252726
9 28 25 13 92771 0.9926505725730705
9 19 2 5 53797 1.045377727238434
28 15 1 28 111673 0.9531278105752731
22 4 1 12 72796 0.9175855675681602
17 27 6 1 91680 0.9520583115217749
7 11 25 26 87381 0.907634118138488
11 26 19 23 35963 1.0832813350015658
26 13 9 5 67843 0.9748696859426956
10 3 21 11 43215 1.030327911623218
10 27 24 6 87835 0.9105533828511932
4 14 28 29 96550 1.065230547163654
7 11 11 19 33461 0.9745822639976711
0 5 14 21 82112 0.9173956850634492
18 24 23 1 90683 1.0779414878379547
4 11 19 10 38901 1.0485731490013401
7 5 29 26 104924 0.9511328974589065
8 5 14 23 56543 0.9222350348747316
26 22 0 10 107468 1.0163037964625237
18 5 10 8 32360 0.9757309184346262
3 2 14 1 28729 1.0823813224882433
10 16 14 22 32794 1.0045389026805378
10 28 26 16 85187 0.9826815266264599
3 11 9 3 33276 1.0601241692732435
5 22 17 10 57671 0.9592606339042045
15 8 26 27 92366 1.0454325070811648
20 9 3 9 49108 0.952135674241422
25 25 3 18 93465 1.040587415312173
19 8 28 14 51804 1.0860275968276558
14 23 29 2 78965 0.9553064560140172
7 26 11 12 48284 0.9791852280267228
27 14 14 25 81969 1.0659922098196637
25 14 7 8 62751 0.9260840397544536
19 7 28 13 47662 1.0383268824423242
18 17 6 7 56797 0.9680514880659389
27 8 28 18 44858 0.9881134171165866
2 7 29 11 75838 1.0862780766371523
18 26 9 3 81376 1.0928679861526962
20 25 6 20 63745 0.949440452170308
28 6 17 4 41324 0.9926609667930083
13 14 10 0 35627 0.9244421652328888
3 6 11 1 40970 0.9604540089134436
25 22 18 3 84739 1.041577292653201
20 28 13 17 41629 0.9457586587281874
28 18 21 4 65821 0.947202990809829
0 18 27 9 100790 0.9765543795833767
3 13 21 7 62880 1.0311340847238961
20 23 4 13 70158 1.0783714336178711
3 15 24 5 87746 0.9960381799847411
6 21 23 15 85717 0.9294885984073312
20 20 2 23 67723 1.0566839875060832
22 18 20 27 38099 0.9663478368798433
14 16 20 23 44184 1.042550846325339
5 2 21 28 92801 0.9442373597796534
1 14 11 9 44059 1.0863412111542667
20 26 18 9 65981 1.0969748480306147
22 9 14 29 76269 0.9990061559488276
24 11 18 7 31852 0.9465403089028926
19 27 29 15 71333 1.0264217388003918
19 3 19 18 64696 1.0839517772199336
14 14 0 13 58806 0.9581434252761244
3 0 20 13 77124 1.0670130913336506
19 23 24 2 77565 0.9378459510438811
28 6 21 18 58445 0.9711726371642734
12 17 24 16 52742 1.0797675957487538
2 18 23 5 93546 0.9856372097212263
19 9 25 4 33351 0.9764023506562628
29 26 21 7 78166 0.9967196948472593
10 28 0 11 67172 1.0990866635136474
2 9 3 28 63964 0.9483080848786863
7 21 6 2 42660 1.0490057865017015
2 29 9 2 72755 1.059200992632332
8 29 8 13 42082 1.0520607007062817
21 16 12 1 61246 1.054475920743008
18 22 9 19 39433 0.9407761411325047
26 3 17 7 40141 1.0516215560689837
21 17 9 25 59263 0.9440753685166666
7 7 4 24 49147 1.0994891175659605
21 24 6 17 61296 1.0450810541920819
17 1 1 15 75385 0.9672401241583315
3 14 2 25 45811 0.9746609965902502
22 20 23 8 51131 1.0403226005950925
19 26 29 16 62770 0.9044473532179178
25 21 12 2 94783 0.9453447035145478
15 6 25 1 44767 1.0772627354531554
15 5 3 24 70813 0.9922739768890767
26 3 9 20 76767 1.0006935237639745
3 25 25 1 102840 0.9945593482521987
15 24 21 12 59000 0.9115032669351427
22 17 12 11 49213 1.0858619853339775
19 2 20 25 82767 0.9254830062068962
0 20 11 22 53113 1.0640894484350545
24 5 8 22 90424 0.9160123428207431
9 14 0 17 41538 0.9925303266938232
24 17 8 8 69913 1.0102084953080266
20 1 13 28 78097 1.0836653588391483
16 11 0 26 87173 1.0717485708477754
6 22 10 13 37780 0.9998298604123275
27 2 0 12 85963 0.9659807325725727
7 23 6 4 42191 0.9495801096932049
7 9 8 28 40913 0.9832315118224746
2 21 12 25 45710 1.0020201534188289
12 12 24 0 64757 0.9341998749525695
27 26 17 26 47525 1.0588806137881495
18 17 29 7 61771 0.951704876171201
8 15 27 1 73755 0.9970391896337658
19 18 25 7 53660 0.9383350479032153
28 10 16 13 45833 0.9771293949925536
16 23 27 29 51438 0.902167347451669
7 16 18 24 51349 0.9438113835051369
0 7 23 11 68750 0.9140940069293869
17 17 28 26 70511 1.0796069648150088
26 21 10 17 74368 1.082912644002831
29 27 0 10 110761 0.91640329206828
11 12 19 18 50042 1.0262732254787934
9 28 12 17 34244 0.956800598946985
13 29 19 21 45355 0.9091717651963316
3 22 13 14 54008 0.9775614513683725
16 13 26 14 42203 0.9333538840874833
11 5 22 19 70335 0.9086678233815313
0 14 11 4 59143 0.976955167816368
1 9 7 19 36862 1.0723598783802117
10 19 3 3 56203 1.0691401738940698
9 20 6 3 46553 0.9987110472382442
24 10 2 14 68575 1.0364295886637382
16 7 28 7 31829 0.9047724139715855
27 18 13 10 69562 0.9748681548247137
4 18 9 12 34821 0.9009945032667811
4 1 18 20 86615 1.0124393977334862
27 10 4 4 66837 0.9778719187276789
13 28 4 23 35245 0.913948653210119
18 1 11 10 30797 1.0390320916567264
11 22 26 24 59255 1.061123492894787
26 19 7 5 93387 0.9015251916001606
12 17 3 4 55434 0.9597232379690442
12 27 16 10 55552 0.9653987214602425
12 2 15 18 43319 0.9504512244335077
15 29 26 19 76008 0.9047200335755485
9 5 25 20 89656 0.9636882482360715
18 6 22 24 69520 1.0839626588857523
4 4 26 13 82514 1.073754786565404
2 16 23 1 88820 0.9361222575893842
4 16 23 27 85259 1.0085598398368154
3 6 22 27 101803 0.956269263343877
22 17 20 9 31627 1.0090696357263982
4 14 8 21 32441 0.9323676468698235
17 19 25 25 52275 0.9792724995245263
3 25 10 1 70305 0.9431356724527709
10 19 23 11 57497 1.0841394068397499
13 0 0 20 89123 1.0911190185010227
17 23 12 4 55051 0.9880504416641568
17 22 19 7 65879 1.077834851823286
10 8 24 14 52002 0.9881842628783893
10 0 22 8 50379 0.9458110369023012
15 4 9 13 31989 0.9340425100127678
21 10 4 3 59181 0.9417821784169963
17 12 3 12 51309 1.0429735669869973
24 20 18 5 69980 1.0965924142276962
12 12 15 3 35875 0.9745511371374105
11 24 21 20 49045 0.9145705982842312
6 25 13 16 43371 1.0956420758652405
13 1 2 28 75860 1.0674857054900115
19 29 28 7 93447 1.0705657294155033
17 29 12 3 72268 0.9489574706186676
27 16 22 1 76320 1.0081344079520513
26 3 3 14 82254 0.9722590233031415
18 20 27 25 51506 0.9943214709385774
18 18 14 11 38808 1.0598190093572784
3 3 25 9 76014 1.0165571108851224
6 10 27 5 68979 1.0410139240821148
5 7 2 28 61577 0.9932148821108192
13 6 1 1 40750 1.0235775959971105
5 5 24 26 109439 0.9089687077753766
19 24 12 0 79646 1.0976371993558656
7 26 29 18 86141 0.9209097191773298
1 6 13 29 83923 1.0976879358452873
25 28 7 24 48746 0.9184609254786487
13 28 6 11 54571 0.9314862293244528
4 3 25 10 69125 0.9529674276647253
6 23 25 13 87767 0.9572055212091249
24 7 19 26 76424 0.9689749211353813
10 4 22 15 59190 0.9108056890043115
14 3 13 28 60177 1.080301412818433
10 13 2 15 39068 0.9748662474140668
21 11 26 5 36938 1.0943988392246244
0 28 5 12 59815 1.0200469405084593
10 19 22 4 61398 0.9207262695466133
17 12 11 5 36383 1.0624216477699917
20 6 14 25 73488 0.9297778102608688
19 19 14 5 58413 1.0711536064201128
6 22 14 11 50692 0.9965989024816767
13 17 28 12 66803 0.9399192622524082
20 3 1 9 67282 0.9200087980279894
25 16 4 21 102944 0.9220378240156853
6 22 22 21 64802 1.07935875507841
1 23 15 13 64856 0.9161373700189852
21 29 26 12 77841 1.0087476156800343
6 27 21 28 41452 1.0618102095738957
4 17 15 6 53560 0.9190754442677035
12 18 2 3 64217 0.934357634844869
17 3 9 18 52721 1.0111733242553738
7 6 8 20 33087 1.0653058708311063
21 22 4 26 67919 1.0500208064561063
15 13 3 5 54237 1.006766603285829
21 9 15 24 67060 1.0012045539160639
13 23 23 1 71170 0.9069024367142627
26 3 18 11 50613 1.0936044025426461
12 13 27 2 51801 1.0022839595435693
17 16 3 8 69231 0.9279244312990699
11 1 26 26 111440 1.0719258681529207
10 2 25 6 51720 1.0746775712959868
5 24 19 4 74227 0.9583746369645386
18 8 4 21 74743 1.0636143694638907
2 17 16 15 65768 0.9447275497456489
12 7 11 26 55841 1.0085998799834195
1 10 10 4 35839 0.9588333301931354
12 9 2 24 56809 0.9333371846866975
27 6 14 20 79167 1.0449694524543278
25 13 2 12 81404 0.9460647334023703
15 10 14 21 38748 1.0301995659649954
28 7 15 20 80048 0.902162253936257
18 18 0 11 73435 0.9937368810439191
9 27 11 9 46472 1.0558603040882746
28 27 27 4 82776 1.0292690471836539
22 10 4 7 50125 1.0102310041117484
19 26 10 5 81286 1.0916793320232274
27 20 10 10 85921 1.0839480632810012
25 8 29 0 37302 1.0620128486747415
6 0 14 2 25434 0.9350541389507916
1 1 7 13 44049 1.0243506483498435
28 29 16 2 103297 0.9524865407327244
10 8 5 2 24006 0.992384634323891
1 28 16 15 74123 1.0289389181657151
29 2 22 20 75349 1.0519358930802374
29 18 1 24 103111 0.9198195526224948
9 17 25 0 73108 1.0682726678733365
29 25 9 5 102546 1.0493437988150047
11 8 1 25 69437 1.0199019082082754
1 25 9 1 76225 0.9020318834766394
12 26 24 6 86570 1.0524129968495477
7 11 14 17 32442 0.952748550408318
9 23 20 3 73209 1.0232690685508845
8 17 2 4 44086 0.9553142068143904
23 17 6 27 82440 1.0428309150971025
18 15 11 3 54321 1.0460220315432656
28 28 24 19 61767 0.9521325247273009
4 26 8 6 60758 0.974426493878758
6 14 17 19 59605 1.0686842763481055
11 25 18 12 67059 0.9892587313055392
29 8 22 2 31155 0.9547655599137966
12 1 18 20 66291 0.9903032540263034
11 16 1 11 48244 0.9093700097282802
4 17 25 3 81614 0.9975772839100946
24 3 2 7 68707 1.054339085573238
21 8 13 23 56884 1.0491499414580965
5 14 12 6 38552 0.9051984341656626
28 2 6 0 53698 1.0987115349568597
21 16 7 18 58009 0.9439036981867055
18 12 4 18 61975 1.0340911666753823
14 8 23 25 82981 1.0889821573527003
25 15 24 0 79232 1.0777345402980638
29 17 14 7 69071 1.073194583393485
19 9 8 2 44013 0.9316651760999708
7 12 4 2 28087 0.9313505061743518
11 13 17 24 49598 1.0930073916025334
11 27 28 3 103699 1.0329564861528264
2 19 19 8 78295 1.0269874833920731
17 23 24 1 86891 1.0447147041858478
17 23 24 6 76762 0.9561219723748334
6 21 8 12 31813 0.9555106278623604
1 22 28 21 100981 0.9214060434897519
23 18 2 14 90983 1.0927066495140967
9 17 7 8 23417 0.9851921342208901
25 29 21 11 67617 1.0421445462543508
11 9 9 20 29727 0.9840245459489461
28 22 20 29 51269 1.024952112437176
24 21 11 18 70322 0.9547046748694692
16 26 26 11 88867 0.9408930817908263
5 13 28 25 105092 1.072199772144747
18 20 9 13 52456 0.9989026912555992
5 25 16 14 65727 1.0505513647792184
23 13 18 3 46515 0.9824293066107839
26 27 1 18 98254 1.0661879783493178
14 17 7 12 33947 1.0423838550269255
24 29 10 18 61576 0.9571454958544948
29 21 23 28 36299 0.9284885264870036
29 11 21 9 25296 1.0715814461387612
29 2 0 15 99322 0.9844023111069224
28 0 17 27 112177 1.0536415858679729
27 20 8 10 90389 1.0952379542025668
23 27 24 14 64900 1.0955424048629383
28 6 8 28 104478 0.93507804669186
28 26 13 20 68286 1.0798394438319523
13 3 7 24 52257 1.012275706408107
25 29 12 19 60259 1.0687794407983513
3 24 18 22 52064 1.0385717038242561
9 19 27 26 73175 1.029164310512672
19 16 28 14 45948 0.9483386315470924
5 23 12 5 56061 1.0776883333617353
25 26 7 28 51942 0.9901792181333815
11 18 25 25 68476 0.9745670091203048
24 21 3 18 95311 1.0275484473682786
28 5 12 14 71938 0.9758812827561386
21 6 7 13 49516 0.940406221872081
10 24 27 20 72171 1.076843193845043
22 16 8 26 75446 0.9597152798893831
28 25 11 10 94672 0.9200599509252011
19 21 11 0 85742 0.9736494001353878
19 0 25 7 42761 0.9400389643930032
2 8 15 12 51448 0.9978611439252821
12 2 16 27 73143 0.9819414425867912
12 8 1 28 70551 1.010526976738067
24 0 10 21 83046 1.0697079394358167
4 29 12 27 32394 0.9162188487761157
20 25 23 18 37084 1.028754807756107
11 17 1 24 48587 1.0394455499782815
24 18 6 21 81359 0.9350237300047732
3 3 2 25 77600 0.9903089716005102
24 25 1 28 72727 0.9402569419919107
7 23 23 25 59693 0.9443486675337825
24 29 9 24 53444 0.9358666083295093
10 26 6 8 48776 1.0111430192316038
0 7 11 4 36983 0.9479970068910422
4 1 12 18 65875 1.0486348157628413
5 23 15 15 52152 1.0027640222222558
18 2 22 26 86083 1.0975946972845696
20 28 1 16 82393 0.9129217987105632
12 29 24 21 65154 0.9504038519635803
22 18 9 17 53443 1.0881843812876548
11 2 3 14 48296 0.9651963686155158
17 10 14 19 36677 0.9036675632623203
27 5 27 24 79229 1.0021204234088186
1 12 26 8 83590 1.02762599583492
19 7 29 20 64182 0.9498637492097439
4 29 27 23 77787 1.0350268457541265
28 5 20 24 89073 1.0770744360497113
0 9 8 18 42276 0.9484627177146243
20 1 3 6 59805 0.9453033978999976
4 29 22 18 81913 1.042434724819267
1 8 15 21 79536 1.0630035589455513
29 3 19 1 28647 1.0723675101150532
10 27 11 7 48346 1.0497513070603541
2 5 17 11 54914 1.0955079581750693
23 25 27 4 91411 0.9973510163838282
19 6 8 12 44837 0.9165778380242261
1 21 25 27 85762 0.973474537044374
16 28 20 3 83581 0.9850779560874661
17 12 28 12 50750 0.9016218889403351
7 13 28 23 80959 1.0274643566532027
26 13 18 18 47742 0.9129930415642077
13 13 17 22 41649 1.0024063910522014
27 15 22 0 78315 0.9597354862593575
28 23 8 13 82291 1.0927214669367797
4 15 29 1 86346 1.0752729730090087
25 2 21 8 25752 1.0459750226144948
6 8 24 6 64382 1.0187973338923932
14 13 11 22 41038 1.0848146760555137
24 15 8 20 81876 0.9926411498248086
17 16 9 21 46059 0.9298117479013073
10 18 13 6 32788 0.967871513968231
2 10 19 19 72062 0.9834127544459422
13 13 0 24 67554 1.0742709697589832
9 8 0 16 54460 1.0461845887482193
9 21 25 3 76103 0.9054642011252871
0 28 5 0 85917 1.002451315013341
20 19 10 16 50559 1.0914893835649122
24 14 13 10 42010 1.0578654050084406
10 4 3 8 31030 1.0011289777495112
5 3 27 29 113898 0.9717106669859885
0 13 12 24 67820 0.9271797319807714
15 10 29 5 49883 1.0116508123974608
10 5 0 25 77226 1.0785879452199414
6 17 19 11 49123 1.0909543550748564
18 1 22 25 87952 0.9932950149369126
24 22 5 5 103945 0.9840912483407273
15 26 14 13 46270 1.0273718968468566
12 16 27 6 70190 1.0607615767238612
9 23 25 28 46512 0.9847639194342281
26 24 6 25 72691 1.0894647174215166
5 12 12 22 52023 1.0247272115606179
8 28 6 4 55651 0.9428508442647106
14 23 16 15 38608 1.0215419990913732
8 22 19 16 60363 0.9180181096576708
21 2 0 0 56345 1.0689052504526402
26 14 21 1 58422 0.9869767631521518
7 8 15 0 43912 1.0076898050259715
24 19 9 25 72438 1.0520995156205273
21 29 12 9 69736 1.069910982384568
26 20 26 0 89690 1.0209306868944856
21 14 5 3 65906 0.9768127109685253
16 21 7 27 50422 0.9021882721237671
4 3 14 27 87766 1.0319707250018832
4 6 15 28 74253 0.9903880154504678
25 4 15 24 86554 1.0158162676261262
13 14 4 2 44018 1.081779243374187
25 18 11 6 76595 0.9188995256961517
17 1 24 6 39573 1.038909680102856
23 21 26 7 68121 0.9518178543891955
2 8 2 22 53342 1.0231687710080004
3 19 10 11 47044 0.9990372146611768
6 7 2 28 58615 0.927914062646021
22 6 14 29 86631 1.0775448227108422
11 17 1 14 46867 1.0201265634889418
19 16 12 1 64170 1.0522066244702712
28 6 6 25 101683 0.9646846591469018
27 23 8 15 76610 0.9301316783604328
6 4 28 27 109208 1.0070066942206426
5 19 17 1 66068 0.9881794717553685
21 11 15 23 55864 1.0474745541912114
6 29 24 18 83345 0.9471000246373693
20 25 27 18 54302 1.0916141944353996
15 13 6 25 58536 0.9698678148862535
1 2 13 18 59375 1.0514507488858267
19 29 7 8 73455 1.0272086931023867
27 24 19 0 104737 0.971985527114863
16 18 17 0 62610 0.9453987626934024
20 21 24 7 57519 0.9110732156958348
9 7 1 24 59376 0.9572386209641808
19 20 29 12 63446 1.0076309891694437
19 17 12 22 41233 0.9291215950730729
7 21 23 28 52812 0.9745985545172418
12 12 16 27 59136 0.9222060510444127
14 21 12 2 49728 0.9779462647669299
16 12 9 20 52530 1.051281059762462
6 3 23 17 80540 0.9041154839530026
12 4 6 11 30008 0.9214728649842818
24 0 1 17 101463 0.9070019392930464
10 0 24 18 82742 0.9404209694297352
19 24 6 19 54982 1.060754661917152
2 1 17 16 78546 0.9689358324794479
29 24 2 1 123318 0.9962529391737748
8 16 1 24 42246 0.9514583644741651
5 7 28 0 74265 1.0041875929847268
16 26 29 8 100307 1.098883660326428
14 1 19 23 69319 1.0098183404111702
5 10 25 26 94057 1.037793705588405
22 7 29 20 57094 0.951141889751558
27 15 20 11 40280 1.0513958566002648
20 23 4 28 55304 1.049378650759838
27 4 22 9 35728 1.0135093074659003
9 9 17 21 60175 0.922651831419859
9 21 29 3 80908 0.988108916766485
26 29 5 15 87256 1.0797302057292137
16 26 24 29 41495 0.9606018108830633
23 10 26 0 52697 0.9602949592040501
17 19 17 1 66769 0.9729558072397547
18 11 26 9 30099 0.9374274986205451
5 5 6 18 38925 0.9498960136094341
28 22 10 14 82749 0.906780078811026
18 28 27 19 65705 0.9751442927342063
2 7 18 9 48850 0.9948322544263911
24 2 12 22 70662 1.0765553120488573
4 15 23 27 88078 1.0576586504815586
10 13 7 23 31078 1.028990042614433
19 28 12 22 33549 0.9882853292626891
19 7 15 19 57309 1.0282777113135455
25 19 26 28 58031 0.990390890235724
10 28 1 10 60729 1.012595591974541
7 4 17 19 64677 1.0761195111512452
16 21 3 18 71054 1.0475399873301312
18 27 21 18 42444 0.9817794702535646
3 6 29 1 72445 1.0447844611828652
22 21 22 8 51105 1.061962162881154
17 9 28 14 51338 1.0599626403090725
5 18 21 20 71424 0.9780059137203728
28 24 6 13 92516 1.0680257793439467
13 16 28 20 74109 1.0742072448247617
6 27 12 10 50938 1.0415983025183517
9 2 8 12 26549 0.9511356286412604
21 21 27 2 70003 1.099852315733425
17 19 1 2 81174 0.9416042893905666
23 22 28 14 52668 1.0585597682966532
3 6 9 18 44861 1.0330416039289108
14 27 19 7 71794 0.9264634286011494
4 5 20 9 57547 1.0380063682456036
4 16 9 9 34150 1.066040946015752
13 29 10 0 72087 1.0755696111736388
12 2 29 22 92962 1.0552254717213283
27 19 5 26 101423 1.038709081319302
7 8 15 15 39936 1.0723653561919375
2 18 18 14 74848 0.9029637759906666
23 28 10 27 32900 0.98127801493754
23 28 5 23 54524 1.0115096840006033
11 8 17 27 69789 1.0324099344535886
22 29 28 4 100092 0.9658995717968664
15 26 29 11 91551 1.043550948463219
20 20 4 27 78270 1.0600805512077691
9 26 19 15 64530 1.0816664301818657
18 20 11 26 43282 1.0210654585285415
14 26 5 29 33642 1.0551916391066805
16 27 20 14 67956 1.0802035283785947
19 23 14 6 60107 1.0657513591901568
3 4 15 21 75900 0.9282915460176487
14 26 3 4 79056 1.0063717683158333
19 13 4 9 51552 0.940092948262209
23 29 2 26 60176 1.0595276064078425
7 8 26 22 91830 1.036312972407663
26 22 0 13 109456 0.9368071844297875
12 2 22 13 50020 0.9372307400451377
17 17 4 2 65657 1.022382074937947
27 26 13 27 46386 1.0849171688903136
10 15 17 6 40946 1.0867959980367143
27 1 20 17 69755 1.0010654885881687
17 2 8 16 48268 1.0295288337996422
0 27 10 10 65350 1.0121669072937292
2 2 11 24 69870 1.0292731242080828
5 15 21 14 63880 0.9202587572270727
4 6 8 29 62628 1.0779357957218945
16 11 27 2 55875 0.9198181974384844
18 14 10 19 43217 1.0171632485196338
20 2 14 17 46369 0.9714533305932354
29 14 7 14 71884 0.978717047888977
1 19 9 23 39634 1.0644602299392563
18 27 3 16 72154 1.0848731551156163
19 16 28 22 60176 0.9238389071923411
17 21 16 9 55674 1.0980167713120441
2 12 28 17 98358 0.9178067844212876
9 1 22 9 52240 0.9650943127875602
27 9 24 19 62231 0.9584825891793081
20 5 2 8 66353 1.0347165576861515
15 29 13 19 32978 0.9828499215192198
19 17 7 11 51334 1.048274627830252
9 5 8 15 25873 0.9742991118825719
18 25 27 27 39644 0.9322888236364475
13 2 24 25 94582 0.9490829682551293
17 0 22 8 42272 1.0209452075402843
2 1 8 6 28337 0.9165988921920016
7 16 14 27 47777 1.0284454809498835
16 4 23 12 46033 0.9057386972213377
0 26 21 23 75501 0.9075857129639727
28 29 8 2 109315 0.9759245985016642
23 9 26 22 70257 0.975359304592898
28 16 15 7 68496 0.924572823104529
22 12 7 4 58653 1.0390377394874406
12 16 1 20 65388 1.077437213536041
29 8 6 7 69352 1.0482494272968599
19 28 4 13 69252 0.9842192476793217
22 18 16 8 53162 0.9309128410859164
6 2 1 19 69139 0.9643386707327244
9 25 19 14 60402 0.9456577302949815
2 1 17 6 51057 1.0615549544294844
0 15 16 9 68297 1.0070692243094002
16 22 21 8 69737 0.9308243102976652
15 29 27 4 102040 0.9821848968486231
6 25 3 4 61353 1.0427283930634976
26 19 4 25 104358 0.9447804527665017
27 26 1 5 129807 0.9771390861254512
12 27 1 28 31348 1.0256469487915398
20 14 6 19 65956 1.033065311684458
19 14 6 26 73554 0.9175602723835014
12 0 22 17 69837 0.9278967139786395
13 3 29 1 35589 1.038805287098906
11 23 21 8 63515 1.062387876361121
24 25 14 11 81817 1.0301544747566396
6 4 24 22 99520 0.9527878913517609
4 2 17 7 41101 0.9468847714105684
8 6 25 16 79251 0.9863569295951096
26 8 4 13 74456 0.9877828537333782
7 2 25 19 95087 0.9653017023314058
17 24 23 17 44629 1.0945652933802208
14 18 19 11 41635 0.986626068940278
0 28 17 26 48259 1.055414641626925
23 26 27 13 73335 1.0354009363562697
15 4 26 0 43216 1.03747550063976
17 6 5 20 66856 0.9706459468511293
20 8 29 25 78749 0.9632320797473061
24 15 12 13 55467 1.0343085543461399
8 17 16 11 41952 1.0698312791475422
17 17 28 10 52465 1.0980900508226277
17 23 11 1 69755 1.0485577826690322
0 19 25 16 112689 1.0252439571653373
26 5 18 14 57111 1.006163531921155
17 5 21 19 55805 0.990440361518951
24 7 15 20 70911 1.0811351556656654
4 0 18 5 54934 0.954937608917752
27 7 12 24 83061 1.0529208239159171
4 10 2 19 40973 1.0506873692873058
1 1 21 12 74335 0.9411937552833674
4 1 9 28 74067 1.047612103146386
21 24 9 1 84917 1.013936908240307
2 28 3 7 67405 1.0401728216325048
11 28 11 18 28195 0.9306182467358944
21 7 4 0 66555 0.9795760977261572
23 9 12 29 81289 1.0229277851884682
3 11 13 18 46194 0.963440385664512
23 8 11 12 52925 1.0138265434497287
5 3 2 29 76752 0.9243787947807595
5 12 29 25 103416 1.0347560767262642
6 29 11 16 46022 0.9882873438801967
17 23 3 7 73807 1.0207200100771794
9 26 2 6 64009 0.9170637620426355
10 2 25 16 80553 1.0890197386409515
6 15 20 21 74777 0.985066905626814
24 18 12 2 73048 1.0864728465816518
28 18 21 14 41946 0.9504708409502228
5 6 17 20 71368 0.9408839155263171
14 2 3 19 66118 0.9071251732532771
29 24 5 6 108381 1.088377622690794
7 27 14 13 52783 1.0172481610283879
25 9 15 17 58057 1.006086963476845
23 11 8 1 60691 1.0029589969642407
27 28 7 4 95789 1.0960048597634502
7 7 23 2 45326 0.93451272983803
0 20 9 21 46529 0.9697451831064289
13 27 10 19 27917 1.02282405560562
29 18 2 0 108429 1.0796412352279703
12 16 29 17 65344 1.0491991477844929
27 25 10 6 101191 0.9055091559712708
17 6 8 11 36233 0.9858139275046922
28 3 14 2 35866 1.0011944729200803
7 9 21 9 36724 1.0193502864188588
15 11 18 18 38780 1.0208034499126681
1 9 3 20 49700 0.935654500751645
6 25 19 9 66766 0.9598016833211598
26 14 11 6 66333 0.9496812143732479
10 7 17 14 37643 1.0306752190539372
0 29 7 7 67119 1.0191061587709094
12 0 5 4 33801 1.0628837883056446
17 22 29 4 94942 1.052953177145838
15 23 9 19 26817 1.086907654022836
26 10 16 13 40556 0.91232584705257
2 10 6 21 43111 1.0706951840137315
8 22 7 10 32192 0.9879426105415026
5 27 16 0 93478 0.9725868452370733
27 24 18 25 42235 1.0090213993942752
25 6 0 27 116731 1.0656428475579247
10 5 15 27 70684 0.9863032989896446
24 2 0 2 48706 0.9080733243272826
19 1 24 10 43046 1.0221180038289945
23 26 15 21 51675 1.07140609349801
25 25 13 6 85349 0.9762871790419165
14 7 18 20 52635 0.942407873470198
4 16 16 21 72532 1.0165344272469785
8 22 22 20 59687 0.9443636717915189
4 6 28 18 98440 0.9126341713672033
16 3 17 21 76913 0.925370332186049
18 8 10 16 39878 1.0273086162886718
17 20 7 4 67744 1.0936699968501962
5 0 22 20 98477 1.0049889388235362
21 18 5 29 72756 0.9523796607851156
1 6 11 21 69055 0.9817648918420664
3 7 13 9 33604 1.0688239103909065
8 15 28 3 75294 1.0076169765971208
12 17 21 14 42339 0.9745130536304324
10 8 23 1 46559 1.0353551477387797
10 4 4 15 45096 0.9199517867343754
9 0 17 8 40912 1.0779242240984257
5 12 26 4 70484 1.0987005853952685
26 3 23 15 63699 1.0838920451043974
5 2 13 29 77661 0.979322894244814
26 11 0 28 101793 1.0787569253447358
28 24 5 5 113484 0.9341837595348789
21 6 18 17 43989 0.9932376037783377
11 17 12 0 49555 0.9955198959172085
3 15 19 21 85076 1.0311625166449971
19 17 9 15 43960 0.9676996146344808
29 9 8 11 56819 1.0403099818951378
6 23 15 15 48826 1.0533180665138746
18 25 13 20 31725 0.993687252739903
23 17 13 27 60750 0.9990746564346671
19 6 2 21 85377 0.9284948294854576
11 2 1 25 78072 0.915153172248917
26 3 0 27 117171 0.9267933057785156
17 23 5 7 67979 0.982956581628638
15 12 15 22 52044 1.0447635102150172
24 3 16 20 81965 0.9928885258747623
5 15 1 25 55460 1.0312920496603908
23 9 20 19 43022 1.0427627155322476
13 11 6 20 41188 0.9832628442842759
22 14 29 3 56788 1.009269765172183
15 20 26 28 59685 1.0418899633353842
21 28 29 15 59403 1.051783688454861
26 19 17 4 78084 1.0741276695743525
12 9 24 18 61640 0.9481709782284192
22 6 0 29 108468 1.0694736665422149
9 16 0 6 50563 1.025194392612439
17 24 5 3 83003 0.9172606227558243
24 18 7 13 74064 1.0813424262694118
21 13 10 0 55670 0.9730223524768439
21 7 6 15 55504 1.0303791923073455
17 10 27 18 60205 0.9968169945836515
13 8 25 10 33694 0.9046230789496873
15 3 17 22 70927 1.0321806856863216
16 22 17 10 56735 0.947464262934773
26 18 8 5 86646 1.0718146292677952
19 13 25 23 49057 1.0711949589818388
17 26 23 9 78066 1.0022546422337493
29 5 9 2 49338 1.0441560974176416
9 3 4 11 31124 1.065504895192644
7 3 21 15 61645 1.0822073652378015
7 1 28 16 93662 0.953448767057526
1 22 21 28 67215 1.0771633791243522
24 10 9 5 46403 0.9606721722940087
21 28 10 28 25602 0.992682100418887
6 16 14 23 41329 1.0699252463979982
15 28 11 13 47911 0.9127210050743532
22 20 0 18 100364 0.9700430010690353
8 28 2 0 74633 1.0975553340558288
