6597 5708 5969 7715 7425 6361 5702 7236 6732 7570 6309 6467 6450 7441 6552 7489 7689 7225 4511 5199 4917 3284 5207 5224 3499 4281 5084 3892 3362
4230 4896 5375 4437 5257 4428 5123 5231 4772 5546 4377 5091 5259 3573 4764 7296 8347 8615 8463 8776 7502 7848 8149 8653 7008 7562 7858 8529 7649
7281 7164 7536 6587 8245 7490 8196 6505 6890 4403 3324 4012 3739 3939 3459 4151 4622 5123 3252 4192 3810 3082 4307 3116 3293 3611 4934 3689 5250
3174 1522 3652 2529 2831 1815 1752 2958 1748 3028 1925 3632 1613 2173 1857 2806 2490 1419 1887 2715 1671 3076 1473 8830 8740 8645 7223 8698 7609
6104 4805 4984 4206 5138 4633 4879 5746 5547 4439 5740 5758 4836 4350 4243 5157 4054 5408 6090 4784 5156 5885 4066 5717 5757 4518 4501 4657 3429
7200 8676 7614 6659 8778 8366 6786 7501 8764 8452 8482 8527 7719 8549 8042 7559 6871 7479 8736 8527 7706 2493 2310 2354 3324 3572 4280 2755 3735
5625 6113 7047 6854 6197 6280 5606 7145 6350 5280 6698 6709 6630 7172 6968 6442 7092 5503 5997 5196 5503 6416 5172 5464 6466 6731 7189 6911 5191
3154 4008 4134 3566 2309 2862 2224 3202 4264 3882 4151 4189 2616 2048 3786 2102 3851 3902 2044 2391 3513 3031 4246 2102 4190 2273 3900 3039 6406
6388 6236 4587 4637 5600 5573 4203 6125 4921 5103 5107 5333 4479 4254 6150 6212 6081 6208 4726 5901 8590 7923 8019 7206 6783 7534 8353 6777 6451
2541 1763 2026 3614 2985 3792 2413 2006 2951 2195 2047 3034 2411 1734 2388 2628 2157 1898 1727 3722 2302 2740 2566 3655 3620 4064 4879 3152 3637
6799 7203 7085 7315 7060 7114 7729 6252 6227 6764 7969 8090 6809 6620 7370 7444 6081 6183 7601 7330 6679 6840 7401 7927 6886 6301 7898 8127 6987
4388 5105 4751 3970 4343 4504 4476 5029 3337 3566 4337 3748 4436 4744 4576 5220 3632 5118 3892 5246 3538 3213 4444 3896 4629 3783 5052 4713 4336
7102 7181 7132 6034 7884 7813 6786 6485 5937 7442 6744 6043 7623 6117 6808 6203 7190 6350 7417 7223 7440 8083 6178 6776 6598 7259 6685 6380 7550
5011 6109 6356 5158 5590 5565 6114 5233 4785 4589 6277 4320 5532 5713 4526 6024 5818 6477 4675 5089 4789 5591 5308 6026 4963 6286 4319 6381 6237
6689 5181 5051 6161 6478 5045 5351 5565 6251 4745 6962 5831 6906 6450 6994 8484 8086 7418 6573 8182 7834 6521 8260 6913 7028 7129 8165 7161 8075
3064 1395 2548 3093 2859 2644 1939 3133 1526 3246 2176 3148 1431 3191 2460 6708 7295 7919 7471 7709 6805 6883 7066 5897 7384 7516 6769 6549 7558
3406 2423 4259 3636 3085 3899 2733 4576 3092 4286 2753 4510 2620 2917 4122 4285 3505 4396 2879 4190 4625 3310 3843 2974 2735 3863 2633 4176 6089
2034 2324 2594 2075 3497 3559 2772 3794 4976 3123 3847 3301 4855 3158 3240 4815 3107 4551 4809 2883 3812 4555 4789 4073 3900 4164 3730 4589 3881
3613 2079 4198 3282 2424 3799 2184 3638 2035 3619 2669 3432 2190 2207 2616 3831 2806 3664 3873 2847 3279 2263 2947 3388 2075 3474 2050 3963 3789
3585 2456 2491 4089 3590 2695 2395 7779 6654 8105 7018 7632 7305 7485 8204 7875 8596 8366 8534 7153 7937 6869 8010 7327 7547 7597 7518 6625 8566
3477 2684 3076 3138 2559 3647 4412 2636 6172 5782 4960 4797 6914 6901 5085 5837 5944 4972 5080 5131 5340 5081 4811 6547 5898 5810 5430 5221 6359
4267 3190 3500 2846 2881 4634 3699 2734 4489 2733 4474 3311 3390 2398 3770 2804 3143 2675 2320 2993 2356 4202 2565 3415 2697 2280 4255 3014 4208
7588 6835 6313 7111 5257 4923 6420 5776 4800 6341 6850 6825 5203 4713 6149 5089 5734 4943 4701 5861 6249 6184 6138 6796 5130 5366 5158 5011 5181
5865 4547 4071 5228 5981 5874 5858 4084 4338 3317 3043 4699 4229 4629 5053 4180 4175 3018 3925 4025 3094 4681 4309 3608 3301 4283 2965 3005 3607
6386 5707 5749 6021 5996 6475 5431 5729 5605 6070 5947 5798 5988 7304 6337 5351 6819 6754 5649 5824 6920 5631 6541 6725 6735 6641 2325 3001 3379
5316 4927 6473 6381 7197 6929 7517 7029 7349 8820 8620 8856 8367 8866 6995 7433 8524 8796 7840 8206 7283 6972 8023 8402 6784 7266 6807 8344 7621
4738 4028 5065 5441 3561 5364 3565 4437 4915 4657 4270 3505 5571 5355 5240 4689 4607 5150 3856 4930 5138 5182 5184 4830 3457 8109 7667 7640 7480
4662 5977 5732 4981 5339 5249 6334 4634 6252 6195 5575 6421 4555 4557 2460 3832 4653 2478 4049 4449 2444 4017 4364 3966 4567 4323 4325 3140 2642
5321 5060 5186 6816 6518 6171 6815 6605 6765 4839 4897 6283 5591 5079 4501 4670 4401 6250 4695 6191 4733 6024 4402 6042 5774 5425 5246 6268 4345
6278 6740 4861 5564 6208 6698 5428 6764 5862 6902 6097 6481 6246 7070 5962 5331 7018 6270 5812 5964 5442 6201 5976 5742 6246 5275 5878 5426 7005
6852 6909 3029 6463 8172 4940 5157 7381 7511 2639 3866 4695 3797 2431 4457 3602 7419 6352 7039 6142 2824 3620 4900 4006 5729 3549 2740 4642 6762 7018
7351 6768 4731 6062 7256 4297 4415 7982 7028 2289 3053 4201 3490 3956 3637 4572 6694 6446 7072 5794 4391 1847 5026 3899 5941 4933 3119 4274 5646 5888
6939 5299 5524 6665 6632 5623 5501 6549 7384 3033 2777 2893 4895 3585 4396 4050 6382 5182 6322 6253 3609 1696 4795 3823 5255 3755 1863 5635 5327 6086
7978 7142 5483 6462 7064 4954 5197 7693 5513 2677 3161 2848 4987 2786 4456 3927 5631 4602 7099 4655 3907 1951 5859 4804 6193 5086 4010 5282 4962 5829
6424 5195 5494 5027 7104 4968 4816 8114 7051 4009 3732 2783 3205 2476 6038 4805 6109 6707 6749 5655 2602 3432 4769 4244 4441 3722 4738 5047 5459 5481
8128 7451 3714 6438 7629 5731 4148 6094 5440 3360 4543 4370 3823 4380 6230 4012 4978 4791 7769 5398 3044 2159 5733 5325 5776 5052 6098 4042 5702 6121
6679 7678 3610 6216 6460 5093 5532 7881 7116 4033 2946 3180 3955 2750 4569 4125 5871 5060 7833 6775 2960 3460 5932 5642 4594 5287 4209 4009 6243 6488
6714 6494 5387 5434 7966 5031 4532 5951 6795 4288 4417 2982 4457 2451 5357 4054 6183 4966 6144 4749 4838 2435 5460 4071 4849 5100 4208 4009 7764 6412
7428 6430 4643 5991 6738 5743 3960 6466 5509 2931 3323 2897 3183 4370 4514 3034 6475 4733 7433 6746 4208 1578 4708 5122 5208 4807 5224 3873 6340 6702
8033 8269 5050 5828 7667 6066 4385 7363 6379 3008 4790 2840 4425 2311 4664 4621 5673 5633 6813 5729 4719 1883 5380 3473 5309 4850 5382 5093 7044 6195
7523 6881 4879 5560 7632 4317 4764 6116 5568 2498 3989 3113 4350 4313 4350 3904 6804 6241 6407 6553 5163 1720 5781 4963 4573 3620 4382 5196 6724 6514
7590 6893 4882 6084 6362 4908 4108 7961 6619 3279 4674 3268 3946 3755 5152 4840 6430 5498 7353 6030 3587 1473 5101 4771 6475 5016 4996 4378 7546 6135
7947 8317 4772 4952 6940 6126 4388 7147 7452 2117 3477 2857 3261 3313 5605 4152 4885 5541 5868 6598 3646 1966 5874 4286 5351 3974 5555 4224 8004 6868
6924 7652 4162 6754 5707 6370 4240 6114 6874 2851 2848 4080 7546 4357 5063 3663 5431 5640 7055 5085 4405 2571 5940 3874 4927 4739 4764 4903 5804 5837
7434 7395 4415 6029 5701 5779 4740 7949 5424 7020 4539 4626 7630 2336 5281 4820 5519 6488 6144 6116 3254 1686 5676 4448 5256 4399 4185 5742 7959 6453
6038 6820 3653 6180 6311 4750 3901 7373 5549 6816 3850 4075 6065 4484 4139 4857 6154 7540 7546 5538 4173 5727 6089 3922 4719 3489 4864 4234 5860 4332
6717 8144 5093 5584 5956 5167 3812 7096 5948 7322 4223 4376 7491 3680 5806 4083 6067 6677 7097 4627 3901 7094 4577 4187 5708 4867 4893 6046 7276 4814
6532 7534 4661 5829 6350 4720 3131 6612 7183 6599 4786 3593 7236 2926 5187 4529 6036 7316 6473 5468 3944 5367 6519 4862 6370 4890 4971 3929 7392 3669
7676 6449 3715 6547 6365 4577 3546 7384 5451 7600 4455 4081 6367 3278 4309 4579 6482 7137 6994 5117 3354 7210 4593 3835 6277 5625 5987 3896 6144 5216
6140 6724 5375 7009 7295 4902 2647 6699 6736 7402 2940 3534 7844 3495 5684 4789 5625 6687 5958 4892 5022 5820 6283 4969 5676 4442 6033 4454 7568 4300
7956 7641 3605 6098 6413 6444 3913 7578 5868 7485 4645 4143 7598 4482 6124 3419 6925 7306 4448 6156 3445 6724 5531 5429 6137 4699 5973 5010 6802 5581
7231 7199 4572 6115 5360 5117 4024 6800 6698 7983 4575 3716 7916 4867 5213 5073 6105 5849 3787 6507 4629 6684 5174 4991 4949 5070 5125 3932 7317 4994
5981 6922 5708 6740 5523 2113 3692 6347 5953 6533 3928 3385 6295 4864 5396 4968 4918 6573 3124 5290 4451 5379 5277 3697 6479 3524 5812 4216 5925 3999
6213 7165 3898 6913 5728 2927 4590 7512 5922 8166 3915 3041 7672 4004 4332 2018 6116 7799 2855 5815 4077 5781 4712 5298 4394 5389 4757 4137 7743 5290
5339 8331 4762 5585 5403 3954 4072 3481 6337 7910 4584 4564 7743 4827 5406 3309 7078 7608 3846 4222 4190 6554 4524 4050 6138 7417 6152 5469 7856 5412
5638 8073 4996 6466 7081 2039 4636 3223 6437 6609 4292 3445 8109 4784 4660 2872 5574 7964 4694 4656 4684 6656 4765 6239 6281 6625 6024 4024 6659 5056
5855 6634 5139 6390 5604 2670 3320 1903 6561 7898 4296 3764 7165 3177 4791 1869 6959 6902 4052 4352 4741 6732 5572 6735 5330 7371 5208 4402 6298 3642
5760 6664 5238 6291 6963 2640 2869 2485 2067 7626 5586 2787 6778 3953 4375 2065 4944 7909 3308 5152 3776 6408 5403 6493 7050 8163 4022 4557 6673 5390
5802 6188 4031 6587 6299 2745 3231 4075 2803 7098 4924 5172 6489 3471 5941 3030 6843 6279 4275 3396 3110 5615 4786 7045 6307 6809 5640 5585 6351 3591
21 14 2 13 67926 1.0261491957362712
4 25 4 1 72751 0.9001880186296206
7 17 18 1 80325 0.9075726432646213
27 17 0 14 111368 1.0587321807073475
22 1 10 2 59601 1.0530520171434796
3 27 26 22 110309 1.0454143714556392
11 24 24 10 90130 0.9289358870835371
17 23 21 29 36431 1.020704588569385
26 19 14 10 70591 0.9223041562718106
6 20 26 9 104104 1.0238228052344416
19 6 17 25 63999 0.94761730387383
13 8 11 28 77263 1.0777620707599938
17 22 21 4 71293 0.9209137625410195
19 25 27 8 89734 1.0143453222133105
19 13 23 1 60090 1.0344851001717428
18 7 1 1 92254 1.0523553448311085
20 13 15 20 40635 1.0586130379053345
25 18 5 10 93386 1.0733232138093611
23 29 15 20 59614 1.0560958444926842
7 28 8 17 39597 1.062382363657069
0 14 25 3 123050 1.086904272893028
21 11 27 3 51099 1.0385339602566435
0 29 9 24 54915 1.0415513795771227
27 6 6 27 128588 0.9849818193060458
19 20 10 26 53594 1.0338011996413838
5 10 22 5 74692 1.0681399692757987
23 4 7 2 81521 1.0546416221519535
10 9 22 2 61997 1.020170912274222
10 15 20 7 65033 1.0266384095675976
2 6 3 19 34789 1.008292391892065
26 2 15 26 117738 1.0263468497530162
5 24 17 0 96125 0.9135756213632363
14 29 16 12 73947 1.040186773169546
8 8 28 27 124407 1.0651511177152517
11 17 16 27 50575 0.9536250807305791
16 19 16 29 38438 1.0051577576543254
29 14 27 2 72677 0.9961915406854299
13 1 15 15 48080 1.0128946306154711
22 27 16 8 80782 0.9350812968101002
8 6 28 12 91143 0.9525626975340977
14 18 5 12 61516 0.9543207736142999
23 1 13 16 84646 1.095476695125662
2 15 13 7 57547 1.0483509384871783
6 27 17 6 91017 1.087827073338857
8 22 14 9 49444 1.0961972803898772
10 23 24 5 99256 1.0794792044425348
7 10 4 20 39686 1.0363836190569837
29 28 17 28 63626 0.9153795460969741
2 18 28 1 142805 0.9471822864946307
21 23 10 21 45578 0.9662686160404843
20 26 15 10 69135 0.9175817524889069
14 11 1 15 53115 0.9447797656779506
28 0 24 13 80106 0.9286085831906258
19 9 11 24 78800 0.9014616261452117
7 3 3 29 98073 1.0928067091626745
18 3 3 13 76267 1.095389605845736
12 27 20 3 105702 1.087958286448449
9 9 13 20 40074 1.0947946987873505
17 21 28 20 50125 0.9348378478404618
4 27 1 5 74014 1.0116731295224144
11 6 15 14 37266 0.9530649470096552
23 13 20 29 64407 0.9439813224337887
9 23 12 3 68782 0.9649140458276856
28 1 23 15 82934 0.9488440209596192
15 13 18 2 40698 1.017535735147608
6 10 18 12 48993 0.9067694498128203
7 14 19 0 79149 0.900541585992493
9 22 25 12 90955 0.9135271516612761
21 23 2 28 89491 1.0827777129368557
8 14 28 8 95635 0.9043507408056322
4 25 21 28 84424 1.0356881609265056
19 14 24 8 44628 0.9390459356441998
15 25 28 6 105656 1.0778306744023047
15 21 16 10 46529 0.9534274076141183
6 19 7 10 35464 1.0086540294864013
18 6 5 2 66156 0.9095644891014927
5 9 17 10 45563 0.9845137421899794
27 20 5 13 100596 0.9706249125201106
13 25 17 14 56692 1.021740146532819
29 28 20 6 112364 1.082326476054832
4 26 23 18 81894 0.9147305619122582
27 26 1 24 120524 0.9449165804154719
12 16 11 4 58139 1.0508958571368396
23 11 12 2 67416 0.9441097791460344
27 26 23 0 124026 1.01115866348301
18 22 25 8 74225 0.9689991476829409
7 20 7 6 44652 0.9863626429893853
11 17 16 9 46824 1.0391065042395278
16 29 13 14 71164 1.0656306627062664
21 29 1 14 102690 1.0991009250299304
22 8 7 11 67336 1.007871877929422
8 8 6 18 45265 1.0702988943939544
21 21 20 9 43852 0.9118777528609744
28 9 16 29 108774 0.9478759524280673
17 1 29 21 106176 0.9883309320229029
5 14 16 16 54846 0.9656746476322745
15 26 7 28 43080 0.9057218606708466
22 13 7 15 58807 1.0433750126880588
16 14 17 5 34858 1.0437571665780672
17 17 29 26 87923 1.038475407459789
14 26 29 17 89504 1.0014923661867656
11 28 12 2 96174 0.9509733396908903
16 3 12 22 81572 0.951669373796313
3 15 12 28 67381 0.9650162868683958
1 20 13 21 31728 0.9560017451696188
9 12 13 4 43446 1.0427795676198854
15 15 22 6 47224 0.9164598344445717
9 6 25 2 78627 0.9327830494235443
19 24 8 22 50341 1.0960352539472824
8 7 2 24 66169 1.0034435256849468
26 0 12 1 79334 1.023292431055822
22 24 0 22 81287 0.9869867548545663
18 18 29 27 75878 0.9918952934335498
23 25 10 29 77508 1.0043805582261156
5 8 23 4 88404 1.05829120007672
16 19 2 1 92178 1.0919192285662405
23 4 28 15 63238 1.0643409170439568
23 1 8 0 80821 1.0980995284207415
25 23 6 27 93261 0.916443738948799
15 9 7 17 47549 1.0281275784857737
25 27 29 0 140077 1.0915517850000618
21 29 14 18 68081 0.996781017781316
16 0 7 10 57932 1.0936864721083508
22 15 13 16 45836 0.9255003023258257
25 19 15 13 56772 1.0973953614017218
13 22 17 4 79843 0.9407461076113801
19 11 4 14 61866 1.0713813631214044
27 21 9 28 95209 1.099506467821668
24 24 28 14 56043 1.0730573521283893
17 8 29 11 57138 0.9230519472857741
28 19 9 18 84742 1.0416829223128712
17 19 7 15 49957 0.9096791571522305
23 25 7 21 66064 1.040978062314201
10 16 28 16 81923 1.0006685906147488
10 12 10 27 52009 0.9001041122407082
12 5 4 26 82527 0.9627059261054649
16 10 5 2 62785 0.9715386821527973
1 2 19 17 106603 0.9196294554379153
22 4 27 19 77574 0.9408389616624779
24 16 15 21 55551 1.0441970043735136
11 13 3 26 57543 1.081700720917762
2 24 20 15 82388 0.952746686376523
26 23 25 8 76227 0.9801467130835696
10 27 3 21 41632 1.0737104811479028
13 4 21 24 88496 0.9652426791859164
28 16 17 6 67165 1.0562608959216142
19 5 22 17 52049 1.074309159032393
16 17 23 20 39630 1.0978981565874102
28 5 14 28 123595 1.0187096899139763
2 3 19 14 87280 1.0631181172942719
28 2 11 4 87367 1.0360241700182906
14 18 3 2 88094 1.0976877553248492
21 3 25 15 56727 1.0227665103056158
0 8 26 1 122387 1.0159847549099617
22 25 0 21 80705 0.9528033705070746
8 1 24 5 81839 0.9157198426919069
19 21 14 1 79956 1.0369832555380938
14 0 25 6 60365 0.9289703141822023
18 19 16 28 36474 1.0990527510205308
15 24 18 4 73065 1.0260860807627163
13 24 24 14 79187 1.0431533837319966
20 27 20 8 71148 1.0639045400234728
8 28 21 21 74689 1.0270230517555121
19 22 26 29 56159 0.9360438360829153
9 3 23 25 108055 1.0906730003700664
24 9 2 25 117247 0.9703156984234416
28 27 0 6 152074 1.0080428432678425
9 6 17 2 46063 1.0151183744966856
23 14 0 5 107861 1.0098356675901698
9 15 3 21 29449 0.9983096546995261
10 18 6 8 44907 1.0016772113294368
26 18 1 7 120142 0.9233260117797296
10 10 26 10 65720 0.9314828599695224
2 23 17 9 80279 0.9526628137308253
17 26 23 17 49460 1.012023614955792
26 25 6 9 119518 1.0269934984793876
14 29 20 5 97947 1.0993225558412218
23 9 3 3 94528 1.0548572869728479
19 19 27 15 41720 1.083079864252456
17 6 9 24 72214 0.9995405147243754
25 12 12 24 99618 1.075418521504213
26 27 11 16 97176 1.0987671125788667
10 20 26 24 81362 1.0333055123164163
18 14 6 22 62109 0.94112718183827
8 6 19 19 76139 0.9187332437978097
14 7 4 0 72326 1.024216665255967
23 23 12 6 90226 0.9059516163686171
9 16 20 27 64371 0.993035635591006
0 19 16 1 103959 1.0595261156528175
23 25 25 1 106490 0.9838747960278338
7 5 25 24 117256 1.0996967390803387
8 3 4 16 60605 1.0006762235403777
23 6 15 12 43834 1.0656339476432446
6 1 24 3 93942 0.9573875137594134
16 2 11 12 45396 1.0720708288251033
8 8 19 10 48044 0.9802073982378012
29 10 21 28 86111 1.0297477424325439
25 5 28 20 71754 0.9168278299824476
18 11 21 24 49518 1.0049203815841923
6 26 10 5 69535 0.9237685953625144
25 29 7 18 93613 0.9752235313282265
10 3 29 8 92651 1.051399323187011
3 18 23 23 77437 1.0550104680112926
24 22 3 4 116219 1.0423932941921852
0 13 18 4 82957 0.980481612659558
0 4 29 11 129031 0.9179592280257707
22 6 9 0 68320 1.0855603114615016
13 12 17 29 76056 0.9570243917923937
8 0 1 10 58320 0.9266608060800224
9 8 25 21 97020 0.9811101527057808
0 22 12 26 54026 1.0794758275165786
6 19 26 13 95960 0.9667483490013551
14 23 5 10 63092 0.9843330185315534
14 10 27 8 66311 1.092127269904274
13 0 29 14 106239 1.0284622097086762
21 19 12 8 66240 1.0734604924314102
18 16 24 23 48120 0.9226275134505416
21 18 27 3 72590 0.9533110618109416
15 14 0 9 60528 0.921596486198178
0 17 6 22 39281 0.938850956071514
16 25 6 2 90474 1.0095245662278882
29 6 9 18 99173 1.0055456746313467
5 17 28 23 110069 1.024345372043162
24 16 17 5 61290 1.0962002923228
12 17 28 24 101893 1.0522261528561088
26 18 2 29 112216 1.0388996814248783
11 28 1 19 63614 1.083248870395477
21 0 3 7 93894 1.048298066592094
7 11 22 5 67389 1.025496627570117
27 20 10 25 84288 1.0842852259113305
27 29 28 3 118371 1.0710241032007373
15 21 10 6 51297 0.9779520384207672
17 21 7 22 31164 1.0483363767738525
17 27 20 13 52022 1.0346874436948026
11 9 4 23 52428 1.0338348162086497
14 9 15 24 65273 1.056104629084392
26 3 4 28 141651 0.9980459638171483
3 24 19 23 64486 1.084535041034007
8 0 13 10 47010 0.9060556336606244
12 7 18 3 40503 0.9334902199394803
6 0 4 23 80283 1.0810033911554635
5 29 10 15 53510 0.9688305868390412
25 1 19 16 80988 1.0226536806969895
29 6 11 22 111257 0.9273981469926664
4 15 24 1 114083 0.9389348717827237
9 9 19 25 72559 0.9602217125034971
6 28 23 25 88566 1.0243775558719557
3 25 26 12 117899 1.084642641258833
6 23 19 28 71254 1.0078581510973539
10 20 29 4 113150 1.0339387389959351
13 5 23 1 61578 0.9700021624907283
29 26 10 2 150822 1.065752075347941
28 14 2 7 115819 1.0245301045251929
13 21 2 20 27337 1.0367699640177892
1 1 11 20 80246 1.0064416996657526
24 26 8 28 81207 0.9858175395000399
24 28 24 13 66368 1.0013844702766574
6 27 3 19 32144 0.9123633578654311
11 21 5 7 60506 1.0014992982489048
18 7 29 23 97110 0.9625035460629447
2 29 4 17 44559 0.9699914806144472
1 0 4 18 63146 1.022727936343749
7 22 19 13 60353 1.0408158077107685
20 4 18 24 65887 1.0000040464541866
26 2 14 27 125191 1.0095867942354009
13 11 12 20 46807 0.9425617502209924
9 1 22 9 79686 1.0951184671616947
15 18 4 14 67600 0.936213677623642
28 29 3 9 137158 0.9484593031873352
6 7 26 8 95050 0.9110696720332437
29 14 8 13 84434 1.0634761273038555
25 25 7 25 85917 0.9399105777684066
5 2 17 14 76984 0.9746498154300222
10 29 28 0 165189 1.0083000943997742
26 3 19 10 50222 0.9359192742529401
9 23 22 21 55663 1.0446851249543014
12 8 21 20 69233 1.0165094307311164
13 18 17 8 55380 0.9850381170916362
15 11 1 9 50119 1.0807976095727074
15 13 5 15 39732 1.0070770111063492
0 26 12 21 44342 1.0329931367406215
10 25 19 11 77076 1.0807706303813676
27 22 1 6 133155 0.9552583676241114
29 17 8 10 96770 0.9051818676898834
14 23 23 6 85341 1.0002982808714378
21 28 23 18 37008 1.056822362587531
16 1 24 8 55944 0.9284878620802901
14 8 6 22 61223 0.9416900249652415
19 25 3 3 100180 0.9583745810787192
6 8 18 7 58001 0.9550632907192301
1 7 8 20 58221 0.9385556926222443
19 1 20 18 65949 0.9885129378238184
28 19 20 5 77541 1.0752685031392741
29 13 7 9 93116 1.075737361402217
0 6 18 16 90651 0.9024132981642924
18 28 27 8 100618 1.0084215924246245
13 23 5 20 31471 1.0353767591598904
16 18 10 24 41243 1.043567889724785
23 27 28 3 113475 1.0645655074266689
4 24 1 5 60479 1.0789380781755484
2 16 13 27 68801 0.9077055170996705
1 5 25 4 112633 0.9877432926018825
3 29 0 2 96136 1.073919994121864
1 4 0 21 57829 0.922830368247245
19 19 27 23 51065 0.9262677744079867
4 28 2 3 79444 0.9783890420883508
23 23 11 21 52546 1.024122375545379
10 29 10 4 84565 1.0232284743569997
29 18 10 28 108291 0.9890258170114639
10 25 13 10 59787 0.9934873130728012
2 13 12 3 67365 0.9092802793114375
1 5 18 12 78466 0.9576445923457749
21 28 18 4 82132 0.9432971733160086
21 14 2 23 82409 0.9380160593751656
16 23 0 13 66184 1.0928295211488792
18 2 9 19 73615 1.000206045199198
19 23 12 13 55264 0.9744438400387081
3 22 14 12 61602 1.0733395388604008
19 9 9 4 59703 1.03926915943131
1 16 11 1 82293 0.9508738379335984
9 16 1 13 33504 1.0109223117112358
10 1 3 11 53121 1.033934180909848
11 21 23 5 88670 0.9336226711806062
3 17 11 4 63239 1.0782134340985285
1 29 7 15 66627 0.9600707808459634
7 15 25 22 88930 1.074244203365981
8 6 17 24 72012 0.9329856288756945
28 0 21 23 108247 0.903881314824689
16 1 9 15 58326 1.0006716983089528
10 21 19 23 35180 0.950020949745394
10 22 28 24 93903 0.9212155257924303
12 4 23 23 100709 1.0120926677952502
28 11 2 2 116110 0.9023965873792154
0 29 26 29 134305 0.9594375669141696
21 2 25 15 60227 1.0598281348228382
21 16 23 2 57943 0.9209869330262623
2 16 3 2 39714 0.9997799658368804
27 16 15 29 86666 0.9126607990416428
11 6 1 8 47911 0.9309132599488396
10 29 26 6 132012 0.9284772241033371
28 24 9 7 122146 0.9218089524334655
2 10 10 7 39414 1.095948212013958
7 14 29 24 120561 0.9476420047153502
8 2 3 12 49558 0.9320799035455671
20 7 5 26 100674 1.0435163157781666
9 3 14 29 101681 1.0937591589757112
24 18 0 25 94674 1.0368631480175685
7 15 25 16 82145 1.0989992610392232
2 25 16 10 79342 0.9198691209122878
27 5 24 12 43685 0.9147995774819976
15 27 16 7 76348 0.966036028835813
14 27 7 14 67433 1.0008190377508452
3 7 16 2 68172 1.0789785792628128
23 4 28 27 113197 0.9759881698474552
23 15 10 0 100283 1.0701727888149095
13 17 20 21 49634 0.9796885805921205
20 6 11 18 70687 1.0433502425787098
14 18 8 11 52643 0.9226084971646519
1 6 4 18 44416 1.0719697846568337
2 25 17 24 62235 1.029533931094171
4 26 13 6 81611 0.9701279204913242
14 20 22 12 57266 0.9345638952873189
26 25 11 27 81376 0.9127016812463812
14 16 0 28 87563 0.9517574883628921
6 18 21 11 76492 0.9956724399191603
1 28 13 17 75748 0.9285730998176822
28 29 24 1 134583 0.9400379549633229
13 10 15 20 48078 0.9015900403116578
13 11 10 23 44858 1.078374273074536
11 18 4 2 75263 0.9300920600251958
18 10 24 26 72518 1.0396623579370121
17 10 6 10 43076 1.09059736919029
24 16 5 6 101070 0.9452150262300036
27 7 13 21 99081 1.053624205881349
18 17 10 9 49175 1.083337210143486
17 15 23 4 56238 0.9845960883897588
1 22 9 2 72849 1.030873368950247
18 21 6 7 80296 0.9456815261655487
6 1 17 12 75234 0.9608990828939515
5 13 24 19 86886 1.073205909463594
9 4 27 12 91311 0.9018378680055753
8 25 24 6 106184 1.020633042223567
14 18 28 11 81365 1.0349047016648987
14 25 26 16 76332 1.0230166761183679
21 22 27 5 74141 0.9296860750747831
2 9 1 29 68402 1.0881797890147202
4 28 26 17 106265 0.9190031585804289
11 11 13 19 46874 0.9726045935613716
1 23 6 12 42917 1.0328214354367171
11 25 3 5 70289 1.0527025975524447
18 7 13 27 83757 0.9922153706913003
1 2 22 20 115717 0.950493577738703
21 8 0 14 92815 1.0415177629717107
20 13 12 20 51940 0.9429869396240723
5 0 16 18 103001 0.9562659576380503
11 21 17 29 47241 0.9678998196472876
29 6 20 4 39172 1.0258605399836083
2 8 14 21 60976 0.9910127168499382
4 13 7 27 50548 0.9448849411187211
27 8 11 11 77187 0.9684126581593798
29 6 7 22 113968 1.0944249161553004
24 21 12 10 78022 1.068403309824132
27 25 10 8 120201 1.015385673768966
9 21 1 23 27286 1.0511753743814347
15 22 8 19 30593 0.9052782390016728
26 5 5 29 130925 1.017851768689606
26 23 3 2 131252 0.9126490712248193
23 1 11 8 73091 0.9834394400526312
11 27 24 29 65481 1.0259323288133733
2 19 3 1 47890 1.0548033074353458
27 19 23 11 43690 1.0729747007993904
15 15 2 17 59757 1.0232901907891248
23 12 16 4 51630 1.043205199814973
15 5 25 13 60150 0.9560288781655157
20 24 11 2 102738 1.0003287699033128
18 20 29 21 50921 0.932532101645826
19 18 16 1 64257 1.0680002853492854
13 22 2 2 77673 1.0179560017867295
9 1 0 13 60069 0.9280031076200166
24 7 27 19 59265 1.0002661117364222
18 26 16 7 67568 0.9252739751144363
16 2 25 8 58302 0.9124338599837235
24 7 27 0 44321 1.0469739926036814
29 17 14 15 68600 0.9762087538217217
4 12 17 1 74426 1.0275423273222937
27 14 28 28 59740 1.0214723188678745
2 26 22 12 104763 0.9903159959740832
28 24 22 2 110750 1.0468647065006107
6 13 28 8 98958 1.0238377383545159
11 18 27 11 86862 1.0499867655607542
3 3 2 25 55630 0.9291457508880594
16 11 1 16 67177 1.0847812705413165
16 28 3 26 66907 0.913791382613583
10 17 26 17 85368 1.0967130533223497
23 25 9 18 69802 1.0144554987953898
7 7 19 27 91039 1.0381749380566405
14 23 14 5 74933 1.064463662849391
7 26 8 8 55950 0.9266048133320292
22 9 14 11 42095 1.0062940848772177
4 6 5 20 43709 1.0649337512687855
15 23 17 9 59223 0.9708014271326183
12 12 12 25 58363 1.0645864762099198
17 4 26 0 54727 1.046110006251013
28 20 17 15 60570 1.0506695973417435
6 25 14 13 59474 0.9567918677922465
18 23 13 5 72567 0.9015287644702304
3 7 24 13 90162 1.0154187107948247
17 5 7 10 48578 1.000536174631012
29 12 17 19 72992 1.0983011959192184
23 19 8 15 71890 1.0403101104296508
6 2 21 25 114043 1.039425987837905
28 5 8 29 136795 1.0978905777346104
15 28 12 1 112055 1.0948113045195562
7 19 14 15 40167 0.9331047582578224
8 17 28 6 98777 1.0895192826224092
0 15 22 9 97900 0.9308314490697944
16 23 4 1 92359 1.082574399844087
24 26 19 14 60992 0.9659944928260548
5 23 13 15 46386 1.0981322114457497
12 21 0 3 80130 0.9905222630472994
14 14 26 28 99120 1.0080905892858532
29 11 8 3 102454 1.015224760676137
3 10 23 19 93625 1.0413793745711448
15 7 5 11 43103 1.040306335613493
19 13 2 25 83105 0.9457471643513986
5 9 5 21 39285 0.9009560572683661
7 4 24 24 113427 1.018548271357444
12 6 7 13 37135 0.9053986069737426
2 23 20 3 105308 0.9937105712313666
5 11 17 25 72185 1.0042285248023044
24 27 8 17 84242 0.9344835867170663
28 0 28 19 99655 1.0101961732663618
9 10 17 22 50961 0.9764918972628738
8 15 26 19 85746 1.0569943969401994
13 6 20 12 45456 1.0759102027337455
1 2 10 0 50923 1.0654887095659047
15 17 21 13 39992 0.9890207626481797
18 19 11 29 62806 1.0124634910829204
11 20 26 18 62350 0.9799640420721775
6 14 19 10 57570 0.9076861582432548
11 22 16 0 82982 1.0881484254146188
6 18 4 27 42077 1.0611999572038615
9 1 29 1 101109 0.9408049904618013
22 6 2 3 93624 1.0531333584366434
24 13 1 10 88258 0.9630556325517589
2 14 24 7 101174 1.097285643400896
28 10 24 22 66460 1.0125945743942417
18 8 25 2 46980 1.0596844322438295
12 12 25 25 94569 0.960838754447445
8 5 2 27 82204 1.0475568900898193
1 26 9 20 38828 0.9579905399768942
29 18 17 8 77114 0.9827879148426051
23 26 20 2 89378 1.044379883300239
5 19 12 5 70900 1.0096320140813995
18 27 22 9 72367 0.9034523595977912
9 24 21 25 58230 0.9876936712008131
8 17 7 3 47926 1.020400605120098
10 1 15 21 69361 0.9480557157571485
7 23 25 5 105721 0.9376491306907654
1 19 10 0 85350 1.021915640543402
7 20 11 29 45195 0.96169949487801
10 17 1 21 33840 0.9535300779077988
16 7 1 16 79896 1.023409882462067
19 14 28 13 44682 0.9489674006124043
18 0 10 3 47641 1.0118979179262964
28 23 5 17 110069 0.9640710461793622
16 28 16 12 57073 0.9860450894474135
19 6 6 15 66709 1.0911540204193706
27 22 10 16 92029 0.9472158304099043
10 28 3 12 65366 0.9207158925040195
1 21 23 16 79292 1.0627653781271347
5 27 21 13 89251 1.0438103316478011
6 24 26 21 86472 1.066643076061121
17 9 28 19 72591 1.095011442445628
25 19 6 19 80141 0.9374976117508357
20 14 13 29 81963 1.083255898299863
4 17 21 19 71619 1.0155306471055834
4 14 4 26 43405 0.9587540542650697
12 12 6 2 50232 1.0051463613223028
2 11 22 8 83410 1.0239400437021273
17 17 28 4 78927 0.9810613387852645
14 11 28 24 99037 0.9850969438343274
22 5 14 23 86572 0.9579261427276007
11 12 28 12 73366 1.0420426733296404
21 9 10 16 66873 0.976842710836006
19 0 3 9 81965 1.054182503642353
13 28 2 29 64763 0.9953796790605031
7 23 24 29 87530 1.071920450087164
29 25 7 3 154277 0.9894451816826638
7 22 27 12 93598 0.9657145884053788
25 24 17 21 47638 0.9206470311858849
11 9 23 27 96493 1.0072482599284376
23 5 24 25 85211 1.0053410463963324
1 3 19 21 105288 1.0345486876952186
28 4 14 23 109433 0.9552854213797294
15 29 14 5 93365 0.9225846698585245
20 16 14 3 62342 0.9074763958665361
0 14 9 13 33876 1.052818284581996
23 25 1 2 131822 0.9008626578707394
24 20 25 11 49615 0.9020885444208828
0 21 8 9 52746 0.997908782189713
23 6 8 16 78875 1.036107110188577
28 24 14 3 121056 1.0871967341324709
1 3 20 2 94618 1.0129690681025127
25 1 19 19 89966 0.9111207913112538
9 17 24 1 98838 0.9179436985986368
12 18 23 24 68549 0.9834645952913015
25 8 18 12 45248 0.9530690932107176
15 16 5 7 70624 1.084122746858173
22 2 0 27 137524 0.9623463562639125
0 10 3 2 30009 0.9150580949508795
23 28 25 2 110657 1.0344058900143662
7 13 20 2 73262 1.0769092418686117
16 14 0 7 78635 0.9917555186460885
18 13 12 6 41057 1.0326291340944045
7 7 2 22 53539 1.0211421517344597
21 27 7 13 82952 0.9670191935928263
13 3 9 19 62404 0.9520569162818462
5 16 20 3 87526 1.0115457994206698
25 13 15 20 62504 1.0579203683199032
19 9 3 12 69408 0.9276355382867585
29 18 9 13 87461 1.025431442546751
2 5 12 24 77758 0.9929881758917325
3 21 20 1 102696 1.0341306995079846
4 27 8 1 89077 1.0907934550132339
26 5 10 25 113901 0.9221421092961093
24 12 0 4 115097 0.9719193198040524
20 13 8 24 70973 0.9454995075895201
23 27 18 18 47704 1.0273765942027788
2 13 18 3 79852 1.0642972671359132
7 18 28 11 94533 1.0929929679756472
9 29 12 17 55208 1.0407765914064047
0 1 6 22 77102 1.0780411563645995
14 9 5 5 43301 0.9919481067816188
18 8 28 10 48870 0.9749217681512362
22 16 1 19 88834 0.9317334965759274
7 19 0 9 48284 1.0082989135786207
21 24 26 2 91518 1.0630553699173872
18 4 7 4 57355 1.0340971174042997
10 1 6 17 61729 1.0881727800838328
27 3 2 3 122570 1.0576549315523254
4 16 1 0 57769 1.0797678048934025
15 4 2 4 71591 0.9086069146556949
29 16 22 24 61578 0.9019714853141797
16 27 27 12 86509 0.9398745544775274
29 20 23 5 81539 1.0469416097583706
26 14 28 4 53467 0.938648891343687
26 9 6 9 84980 1.0656255606073362
25 17 7 12 89365 0.9497909552744113
6 9 12 13 31318 1.0467532031055735
18 0 27 2 47462 1.0805377151096207
28 6 25 22 83562 1.069193612851024
22 17 13 18 55099 0.9108008758645473
9 4 19 2 50922 0.9176534680852275
0 11 17 13 64376 0.9526989279262472
2 26 13 5 92230 1.077537056973751
11 16 5 11 36741 0.958576927813752
24 17 8 3 106099 0.9255786608734522
1 25 19 7 107054 1.0103544754197764
23 25 21 8 62329 0.984864341479802
14 13 2 4 65196 0.9493209214082549
4 11 29 2 113443 0.9935817582674424
25 4 10 26 123655 0.9562254684679886
26 28 0 21 109171 1.0703497945535443
0 16 23 17 102251 1.077171758651746
5 21 10 8 47110 0.937786577705503
10 25 0 5 82795 0.9658363156539997
17 9 4 14 59113 1.0804392605975164
14 4 25 24 102202 1.007770982738118
26 10 16 18 65394 0.9658399692382553
1 13 15 28 85994 1.0096944426365198
4 4 4 19 45653 1.0801456015217858
13 1 29 28 148395 1.0451189164300123
23 16 0 18 97539 0.9619925348216145
28 26 19 6 104739 0.9848985358375324
14 26 6 29 50329 1.0815015446653613
8 16 28 23 102636 1.0768761759619885
22 28 9 4 108908 1.0290796279002343
26 17 25 6 55447 1.086472514112485
21 16 2 7 91948 1.0340597493232804
28 10 0 27 141271 0.9088545883861037
18 11 11 7 39958 1.0683355773196894
1 13 11 17 47535 0.9353809495157763
20 12 0 28 111960 0.9186055474903693
8 22 8 6 47021 1.0809997528437174
2 11 6 18 39067 1.0075328965889485
22 1 8 21 100569 1.0919579531290384
1 10 24 1 110465 1.0401868677471928
23 12 4 21 88310 1.0191771569590249
29 14 19 5 71419 0.9662582709940903
29 1 23 23 114152 0.9716579656983552
25 11 28 19 41681 0.965117233656658
10 14 3 0 57790 1.0443619821066477
8 12 22 27 85657 0.9226417631012758
17 6 11 29 100922 0.9701157270294131
0 24 7 4 77034 0.9894887710928696
19 4 12 27 99996 0.9562634993608994
27 20 9 15 82523 0.965059510231424
26 22 1 9 119726 1.0241476753240482
24 5 13 1 60172 0.9604436217469617
7 20 22 25 66053 0.9174626570657278
0 9 23 17 103852 0.9584602762605929
17 25 19 10 53432 0.9804721344905576
6 21 18 8 71360 1.0405979088424806
26 7 20 13 47282 0.9963797275619269
29 12 10 24 108192 1.0018109300340354
22 18 25 25 42873 1.073329747794107
28 9 0 2 133606 0.9167535532240765
10 10 24 0 88704 0.9141473583330305
13 23 21 11 68407 0.9533942292939882
14 17 28 13 74296 0.9655068719511929
25 24 19 1 98765 1.021480633985086
1 5 24 12 102732 1.0669141131551976
29 4 28 18 75012 0.90632372989795
29 13 17 26 82324 1.0918748890644567
11 26 10 8 61046 0.9342399906394263
2 0 16 15 88804 1.0249124755984353
6 20 14 25 44000 0.9224707363686028
22 19 17 0 73514 0.9360151600410096
23 12 22 27 59765 0.9010315825671417
15 23 3 15 53251 1.0679189960701547
8 6 22 13 68147 1.0200807711681399
2 20 8 29 51881 0.998423787891085
27 21 20 3 86177 0.9631950404074934
24 29 12 4 123333 0.9527641719169031
28 27 18 10 92156 1.0417944316224546
2 7 20 26 107671 0.9842521664556239
28 28 11 21 89965 1.0180311984462074
15 18 13 28 59858 1.0596674986496577
19 23 3 13 69096 0.9116028662196783
4 22 12 10 55859 0.9603550074923983
12 22 18 6 74114 1.056648030377891
13 28 11 11 73557 0.9164321001722819
13 10 26 20 78369 0.9688856861573918
17 4 6 1 61328 1.0273443889768286
14 21 14 3 73025 0.9625439289752775
28 13 2 3 122495 0.9669144364121727
14 25 16 3 85852 0.9847981658511402
11 22 28 25 94236 0.920578549257237
10 8 22 27 98985 0.9936651074573766
13 16 8 6 48680 1.0181441506807096
21 7 18 26 69557 0.917647356063348
8 17 25 24 84671 1.0822666784382164
11 12 27 3 84519 1.0031064661613172
21 0 8 26 117928 0.9827698754899554
15 28 27 2 129906 0.9122182526679159
5 9 16 10 41340 0.999937791089218
0 13 12 24 63636 0.9040043438404716
5 0 18 4 79924 0.9989701694678376
15 7 27 3 55859 1.0744708599329371
1 16 14 27 80398 0.9965724929661369
22 7 23 20 57114 0.9679462151725114
2 24 26 21 94989 1.0390846608277415
6 19 22 15 76007 1.0089697507071231
28 1 2 10 124285 1.0391685359962404
6 10 9 27 58258 1.0471120460104604
20 1 1 1 95261 0.96613292974649
18 23 22 16 37546 1.001476564043717
7 19 12 14 35541 1.0527795033352314
3 26 23 9 113146 0.9311506611607385
19 7 16 29 82522 0.9067629884410726
15 25 26 21 64660 1.062224164783276
24 6 2 5 95504 1.0057763081871984
17 25 19 9 60196 0.958036571969411
13 0 9 7 45533 0.919180559851438
5 27 22 11 99003 0.9872423901370252
4 21 5 5 47362 1.066772496510991
24 11 16 3 53608 0.9785998360273882
25 14 29 3 66126 0.9336933095473445
15 14 22 19 45826 1.0714858354553416
8 4 22 1 77029 0.9565170119070634
21 16 10 20 55025 0.9843916429342137
20 19 29 18 38417 0.9551468100875681
19 26 17 13 48183 0.9671670102995567
25 2 19 18 82827 1.0895237239596494
19 20 28 11 59973 1.0388849194691159
24 1 29 9 55664 0.9591050295847265
26 23 9 6 107349 0.9215084884050638
21 23 12 7 84841 0.9209604400905061
7 4 24 8 84704 0.9764232311007957
12 12 2 11 35600 1.0227423600174808
21 25 4 18 80463 1.0341503199117146
3 2 20 15 91942 1.0693635630261786
11 19 8 12 30408 0.974348558375348
23 1 6 15 100208 0.9484121120074109
15 15 20 20 38866 0.9916203855801173
27 27 7 15 105277 1.0508540695966895
0 23 10 2 83749 1.0657551704421262
29 25 23 3 120192 0.976000689187581
24 16 7 24 80242 0.9843918293264813
22 9 12 6 52249 1.055352003365322
17 17 19 9 36756 0.9793145439264532
19 29 1 15 93808 1.0942716888198982
20 5 9 3 57700 0.9723754248638262
1 11 21 10 73691 1.0267514206683
8 26 13 0 100602 0.9185807112723274
7 11 27 25 116343 1.0319802617133607
0 22 29 11 122658 0.9018635618318646
9 3 27 28 132899 0.9630698985924081
13 3 7 28 95222 0.9442425060809965
5 16 2 6 40733 0.9128414253279675
8 17 13 27 51604 0.9817892604401298
17 0 9 20 77034 0.9835785818491507
12 2 18 24 85903 1.0962472153078495
15 23 18 7 60887 0.9087067485729329
25 20 13 25 65042 0.9116141135595074
11 25 4 0 91975 0.9240929676635794
19 2 23 25 88187 0.9563407767343877
10 0 6 7 43351 0.9456060883548834
8 25 4 4 75055 1.0825752592492899
27 19 4 19 93454 0.9583140029918226
8 10 25 2 84891 1.0511823761867554
16 7 4 6 56247 0.9792234056886988
6 18 24 6 97966 1.0864226720810677
10 25 3 14 47291 0.9483252779058875
16 1 0 2 75851 1.020374309974327
1 22 1 11 39161 1.0468717840265827
2 12 25 3 110047 0.9042829940351264
11 18 12 0 80511 1.046805162561372
26 6 6 9 80587 1.0645902605619675
29 0 23 19 107048 1.0111054533140507
17 1 22 23 82419 0.9444094093682508
19 4 29 12 67300 1.0747041690697614
23 27 13 15 78592 0.9683609888783788
16 7 9 2 45676 1.0125101632305578
27 15 17 24 62910 1.0889416637702545
7 13 7 26 39479 0.9001069839983694
10 26 29 5 126552 1.0491784568123375
2 25 19 15 80892 0.9756535891075045
15 9 1 10 50920 1.0448782352004788
6 11 19 27 81171 1.0023176159102694
13 20 19 4 71119 1.0224325087733979
20 23 20 13 39137 0.9367140870445063
12 17 27 18 80951 1.0513945180107678
25 5 0 5 110376 0.9462129512341066
15 2 25 25 106826 1.0811008598905258
14 1 16 21 70921 1.0835088990018382
6 2 15 7 53537 0.9448455062099189
3 17 21 21 66380 0.9581889174337356
3 21 11 27 43635 1.010067823034628
24 24 12 7 101531 1.026082797564129
0 7 15 6 70598 1.0735752942191683
10 29 12 17 61403 1.0698874139350512
26 6 0 19 128703 1.0899868885588553
19 22 5 0 114639 1.0310873427720044
25 8 8 19 98102 1.0664302235488883
13 11 22 0 68476 0.9756991285808934
6 20 26 6 107208 0.9319792191867675
19 19 1 7 95016 1.0836928692937338
6 13 16 7 51608 1.0938725991947043
3 9 29 22 126970 1.0943294863120652
22 29 20 10 69893 1.0707283768745317
3 2 14 1 57257 1.0403653035076765
25 17 13 11 72828 0.9393086283492077
1 11 19 8 72756 0.9242388597763513
1 28 17 20 73228 0.9823149576298386
20 22 27 29 52705 0.9144915843521461
18 1 1 5 90909 1.0908937605123714
21 17 29 27 66080 0.9088530556909997
3 28 26 17 111227 1.0881385693363224
18 8 6 15 60666 1.0354956150249344
25 19 19 12 49709 1.010342855184471
22 29 14 5 101456 1.031292901874882
18 2 0 5 93770 0.931612695806142
19 6 0 29 121534 1.0530075417802556
15 12 27 19 64973 1.0453089739605776
21 10 6 14 65155 0.9459501678195905
20 27 3 19 71966 0.940941277578951
18 14 10 17 48222 1.0849848596005565
28 12 26 0 62875 0.9197920331403395
17 8 9 5 44696 1.0199050244080434
6 11 28 16 89779 1.0083977788948242
8 10 16 15 41241 1.0887010850715222
23 21 6 27 81255 0.973799914532881
1 24 9 12 53411 0.9535245938240631
7 24 13 2 81005 0.9976033129195077
18 12 7 16 46977 0.9218563652145403
23 2 25 29 114921 0.9665827643525831
9 11 25 0 93858 1.0694196725176972
28 10 28 20 48914 0.9220223066417892
25 18 3 5 108396 1.0766329150085594
4 9 28 13 101047 0.9247634462238927
28 5 9 24 110741 0.9589810678413846
27 0 21 23 102724 1.0567887585790403
3 9 13 7 42218 0.9363695143804306
13 1 10 24 87992 1.0208333189105752
3 8 7 19 42071 1.0471169509163427
13 26 28 5 117930 1.064312882906869
21 29 11 29 53205 1.0654414233258291
18 0 8 20 87237 0.9995247501518341
4 1 18 18 101539 0.9518042850556148
20 9 24 15 39620 0.9241980964709876
21 4 29 26 111334 0.9636000785107804
3 0 8 12 48430 0.9852201423091786
2 21 16 17 49827 1.0323406185161432
21 26 9 6 91350 0.9113494770045448
28 24 12 9 110680 0.9296091162772891
1 2 4 15 45695 1.0443830766313285
3 5 3 15 22501 0.9976102624061555
2 22 29 20 94768 1.0906023647835001
28 27 0 26 124525 1.0110155269145198
24 18 12 24 67665 0.9179230614648134
21 23 3 17 70168 0.9737762004539653
1 2 18 23 102999 0.9261698928909745
29 21 12 2 121411 0.9751227996304579
8 29 1 24 51644 1.0951848001204094
20 15 4 25 79720 1.084135952730463
21 6 10 29 110998 1.038357758426378
17 12 9 7 41735 0.9828755909571992
11 11 22 24 79345 1.0475200073376156
1 7 23 9 96220 1.0959204375139078
1 1 14 13 78334 1.0432979788311179
29 1 14 18 120564 0.9617764337468773
24 15 2 16 92401 0.9206964042187095
23 22 2 3 120701 0.951910200321271
20 16 28 26 71302 1.0971037857649564
10 29 1 25 52352 0.9823727205193549
22 9 22 28 72707 1.0491471411364905
13 7 9 25 61744 1.064624053209192
2 3 18 28 110707 0.9090868747835792
19 26 11 0 111814 0.9729533470857553
1 11 29 10 105263 0.937351747278423
4 28 25 15 106420 0.9155251590231563
24 20 14 9 71644 1.0209719978110234
12 20 26 16 68520 1.0547761066685752
19 0 20 15 56410 1.0656795710720954
7 17 23 4 92138 0.9076249515708581
0 13 15 18 75289 1.0486480328258807
21 22 14 9 65045 1.069872314872283
26 5 2 6 101241 1.0743646654936916
9 26 25 19 81104 0.9545639500506728
12 4 10 19 59676 0.9419229328327658
6 22 0 14 40944 1.0563599660592455
15 12 22 7 46562 1.0079520499492407
15 4 10 16 54910 1.0732764838540771
18 13 25 27 70882 0.9202289447869444
12 22 22 16 61560 0.9680663099561192
2 2 7 22 64058 1.005544668180912
6 20 10 6 49702 0.9515482611881055
29 13 23 2 71085 0.9893301239646316
12 15 21 19 49833 1.0298788153977996
3 18 22 10 86250 1.003389275280535
15 14 29 13 58864 0.9566337453482476
22 16 22 27 42938 1.0831833037665646
15 17 29 8 89541 1.0840460174161064
12 12 26 5 69237 0.933886633494242
22 18 15 7 55582 1.0279323177729482
23 1 24 21 91576 1.0733157145602599
7 15 29 15 84548 1.0926433626815988
27 9 14 26 107696 1.0403092718802938
9 12 19 27 69078 1.0868681045422646
7 10 21 21 77461 0.9258434875111122
25 1 18 4 44042 0.9920216118988507
25 1 6 1 97882 1.052752563158391
10 9 28 4 77121 1.0045917767394938
10 1 27 3 91126 0.9315323598179823
25 1 10 12 91878 1.0345009736274555
25 0 16 8 65653 1.076517465082954
2 27 17 14 86570 1.038222141586777
17 20 29 28 78528 1.0871893495663667
4 7 25 2 106494 0.9244546210286799
7 29 26 8 132515 1.0857054991787285
18 1 22 12 52226 1.0508632727070872
20 18 12 3 82096 1.0744769776100638
8 21 18 20 31074 0.9926071475181685
24 6 11 16 78156 0.9942706416664134
15 28 10 17 61702 0.9992572438193642
8 3 4 29 91603 0.9274536410461843
24 14 9 27 94793 0.9240069187443931
22 5 4 12 82561 0.9656999471112706
22 7 21 18 42721 0.9477819582733645
8 19 22 18 62828 0.9621652851843195
10 28 16 14 76748 0.9222256065295377
6 1 19 28 121021 1.0540791164368681
5 24 21 22 64628 1.0068287658831232
3 10 18 24 75819 0.9423394590651271
22 10 4 16 85601 0.9186578464293271
26 29 7 27 94120 1.0695725230969533
26 16 7 9 88266 0.951144454738268
4 20 22 16 74685 0.9680743266768714
23 5 18 29 90005 0.9205572982009792
3 4 19 25 97651 0.9452344782739949
21 23 0 12 93289 1.0889497264271313
23 17 19 1 70881 0.9500404163603757
24 29 23 8 85038 1.0673250838122885
19 14 27 10 47624 1.0672557775678637
20 11 29 6 52706 0.9445959911057229
1 23 22 1 126277 1.0160975571922115
11 11 5 28 60674 1.0182199522746567
15 5 13 19 56371 1.0302461804301872
20 17 8 29 87419 0.9383792241144207
7 18 29 22 96700 1.0662514919109292
26 21 5 25 88599 0.9501819481179187
15 8 16 25 58777 1.0656595804665636
7 6 13 21 51147 1.0365752657389053
4 13 6 23 35315 1.0828596841554552
15 25 0 4 106166 0.9601590371477606
15 17 16 26 40355 1.032904347031117
5 15 20 7 77780 1.0999374997389746
0 18 29 11 129031 1.085010540784559
5 27 19 14 81407 0.9443993397259953
28 22 0 2 152753 1.034129599610356
23 4 13 1 58017 1.0791636360728705
26 17 11 1 107128 1.0178462337800798
29 1 9 16 116092 0.9567198194615726
28 8 16 1 65523 1.0970240356250205
10 9 0 2 54875 1.0344793444454954
23 17 3 2 113176 1.0965620783548764
13 16 1 15 56120 1.0734848472834575
18 26 21 14 46952 0.9015428111475963
27 15 8 20 81492 1.0983271064633409
7 18 25 4 104137 0.9158233149654218
15 9 13 26 74927 1.0566944541102117
15 19 14 2 63269 1.0541431129974805
26 5 2 29 143750 0.952963094818155
6 8 1 18 50733 1.0319339687742481
9 28 17 23 52078 1.0711330122679288
21 3 4 11 79136 1.0523448145054106
28 5 13 11 66966 1.0498343639325296
27 23 14 12 87877 0.9312388250801157
28 10 1 27 139536 0.9024404415811902
29 26 23 3 119205 0.919840035796203
18 17 15 10 29305 0.9721646236698186
26 21 18 11 63897 1.0491360002446724
15 28 17 7 85526 0.9797500007114003
15 25 25 9 92824 1.0211401461133272
20 6 11 4 43360 1.033734792869359
23 14 14 9 51391 0.9921938506917892
27 23 11 27 89686 0.9503584546654931
4 18 27 22 101556 1.0455187702961168
15 13 10 20 41358 1.0432606651505147
15 5 25 10 54006 0.9770473043197325
5 16 18 24 67179 1.0204714513409212
1 22 3 1 55827 1.0491330095521365
22 3 8 26 114835 0.9527288547642694
8 11 19 17 57947 0.9947213868505919
5 16 23 23 86712 1.0941710536158982
27 10 19 17 59526 1.014511032592776
24 21 20 27 40997 1.097581021849968
11 5 4 15 54862 1.0256612914910845
8 24 0 11 59282 0.9154420165134228
13 27 10 5 82693 0.9686506102896499
24 28 27 19 49351 0.9359286245504196
2 17 15 26 66504 0.9271895272996276
0 22 4 5 50890 0.9182692054290513
4 11 22 8 77669 0.9857517509832745
26 21 7 18 80447 1.0335871347744396
0 19 26 27 111647 1.099159326264444
15 25 19 16 46408 1.024361436980247
0 24 9 5 75298 1.0465002810070783
25 13 16 5 60426 1.0265392506662185
5 7 28 24 145849 0.9388369943972774
10 19 29 29 110252 0.9401488912849603
18 6 15 14 30634 1.0792102522328406
7 5 17 11 52201 1.0030011164859127
16 0 13 13 43918 1.0984875570916846
22 18 16 9 50462 0.985647422668599
6 27 25 12 115979 1.0165005385280956
21 16 27 12 34485 1.0074380698520593
9 14 21 26 72559 0.9557499347556446
