4464 5647 5574 4746 5325 5403 4304 4653 4422 5069 4642 5234 4837 4385 5604 4584 4408 4297 5453 5234 4776 4865 5066 4729 5506 4897 5392 4539 4364
2072 1863 2926 2575 2163 2648 2552 1735 2050 2118 3130 1721 2795 1829 2405 2176 2041 3165 3113 1748 1723 2142 2399 2855 2312 2883 3079 3116 2872
1802 2313 1501 2488 1714 2205 2604 2440 2745 2590 2839 2087 1445 2336 2174 2888 1918 1574 2160 2065 1560 2653 2149 2802 2648 1762 2821 2061 1999
7674 8042 6760 6781 7986 6891 7764 8175 7361 8144 7589 6991 8203 7213 7459 6740 7160 7736 7659 7136 8065 7306 8028 7712 7705 7075 8150 7634 6762
1444 1561 2505 1314 2219 1661 1847 2075 1495 2192 2387 1508 1303 1998 1227 1787 2570 1772 1549 1966 1331 1202 1879 1805 1812 1313 1399 2187 1567
7249 7249 7194 7024 6617 6417 7074 6547 6833 6939 6457 7591 7110 7509 7402 6516 7699 6444 6420 6785 7346 6767 6830 6940 6982 6734 6611 6658 7304
2715 2912 1749 2713 1980 2818 2841 2203 2469 2932 2200 2976 2628 1809 2094 1978 1939 2306 2129 1973 1593 2345 2121 2881 2120 2920 1851 2790 2166
3949 4426 4391 4232 3665 3684 4052 3978 4319 4465 3993 3957 3365 3430 3458 3350 4634 3123 4324 4390 3490 4445 3678 3853 3630 3385 3421 3854 4583
6358 6177 6947 6357 6919 5639 6175 6801 6609 6383 6848 6688 5662 6029 6752 6095 6325 5554 6220 6221 5793 5582 6275 6358 6284 6170 6830 5631 6919
3829 4523 3439 4735 3540 3680 4168 3719 4552 4790 3826 4408 4517 4845 4442 4698 3935 4455 3806 4848 3554 4088 4702 3480 4001 4473 3908 4754 3348
1240 1210 1304 1404 2272 1322 2339 2523 2580 2510 2060 1163 2540 1559 2278 2538 1749 2378 1698 1624 1948 1893 2557 2416 2559 1571 1991 2152 1290
7066 6725 6718 7111 6990 5986 7017 6456 6723 6728 7115 6947 7038 6028 6880 7147 6049 6332 7425 7327 6642 6178 6802 6398 7046 7445 6426 6489 6788
7611 7482 7924 7596 7633 7746 7445 7676 7156 7112 7578 7560 7139 7506 7293 8219 7966 7560 7833 7718 8412 8530 7674 8158 7188 7435 8528 8193 7238
4179 4238 4814 4364 4895 4525 3701 4570 3685 4732 4331 4537 4065 4792 4700 4591 4292 4994 4055 4543 4556 4809 3722 3849 4337 4201 3910 4459 3960
5084 6271 5752 6391 6012 5694 6122 6032 5494 6500 6551 6543 6144 5853 6505 5548 6258 5961 5291 5758 5600 5729 5717 6260 5331 5714 5210 6277 5945
6197 5707 5813 6670 6984 6996 6883 6223 5658 6001 6329 6921 5851 5576 5542 6539 7024 6678 6202 5553 6940 5833 5812 5964 5713 7036 6798 5878 6475
6758 6283 6259 5921 6592 7079 6268 6507 6045 6425 6383 5994 6849 6096 6007 5990 6526 6618 6867 7319 5945 5792 7223 5967 6317 6489 6497 7172 6808
3547 4350 3871 4299 4378 3934 2984 2957 3051 3355 3383 4271 3080 3041 3149 4154 3836 3322 2921 4150 3103 3439 3143 2924 3170 3796 4166 3499 3273
4427 5733 4477 5110 5666 5860 5459 5420 4450 4602 4991 4850 5655 5942 5756 5510 4946 5305 4545 4935 5878 5763 5070 4530 5061 5094 5618 4602 5074
1953 2033 2300 3108 2677 2545 2645 3225 3453 2581 3255 3358 2435 3235 2188 3270 2719 3252 2526 2071 2565 3246 3194 2632 3144 3375 2886 2611 2510
1640 2012 1483 2588 1527 1492 1431 1308 2385 1905 1502 1454 1926 1256 1546 2331 1130 1891 2314 2386 1730 2199 1981 1198 1915 1399 1970 1145 1242
5031 4534 5664 4442 5734 5229 5508 4811 4643 5646 5514 5825 5499 4603 5793 5050 4808 5225 4899 5590 4566 4771 4619 4863 4816 5540 5673 5561 5816
1738 2810 2109 2826 1609 2889 2325 2435 2270 2445 1867 2158 1884 1613 2839 1780 3073 1658 2280 1820 2639 1944 2734 2042 2082 2332 1870 2945 2127
5823 4822 5555 4528 4510 4877 4985 4722 5523 4664 5149 4942 5216 5708 5334 5430 5553 5046 5693 5137 4908 5233 5212 5107 4856 4597 5126 5745 5879
2762 2703 1552 2423 2360 1365 2075 1922 2299 2326 1977 2359 1588 1592 1449 1983 1791 2607 2400 2129 2808 2445 1969 2291 1860 1820 2369 2756 1620
7755 7698 6607 6467 6841 7147 7849 7715 7167 6486 6732 6710 6389 6363 7550 6819 7211 7677 6832 7835 7010 6527 7172 7161 6591 7050 7434 7740 6421
8283 8074 7817 7574 8006 7427 7832 8123 7357 7901 7704 7662 8125 7040 8461 8058 7450 7159 7795 8382 8272 8349 8227 8181 7125 7010 8375 8501 8451
7788 8306 7325 8803 8304 8161 8268 7860 8083 7508 7553 7499 8517 7797 7427 8222 7876 8195 7916 8378 7465 7387 7961 7381 8046 8565 8295 7568 7700
3122 3292 4065 3723 3998 3408 3718 2867 3891 2865 3193 3866 4200 3527 4232 3386 3799 3726 4180 3549 3399 3939 3498 3917 3048 3611 3301 3241 3716
2354 1781 1819 1306 2033 1303 1799 1672 2705 2040 1599 2606 1269 2188 2521 2108 2159 1622 1529 2214 1236 2355 2622 1728 1465 1366 1640 2195 2733
2750 3453 5177 3979 6921 1731 2782 4557 6430 4488 8034 7304 8730 4346 3031 4605 2072 6177 5238 4786 1392 2651 8043 2076 5527 3427 2394 7014 4877 2645
1894 3103 6222 3610 7525 1480 3284 5620 6955 5659 8543 6975 7490 4278 3272 4798 2323 6247 5028 4498 2230 2144 7818 2861 5847 3548 3387 7244 4651 2034
1976 2323 5700 4277 6668 1930 2672 4476 6687 5741 7588 7459 7793 5188 3047 4944 2806 5671 5082 5781 2187 2115 7438 2723 6497 3560 2282 7072 3550 2956
2846 2281 5568 3040 6794 2399 3832 5240 6795 5819 7769 7561 8139 4974 3659 4904 2894 6908 5327 4401 2466 1892 7699 1954 5866 3986 2417 7093 4413 2693
2735 2478 6549 4022 6707 1260 3722 4922 6183 5419 7719 7364 7356 5096 3046 4686 1930 6021 4767 5818 2658 2417 7129 1865 6841 2915 2969 8385 3697 2933
2395 3040 5585 2989 7627 1209 3519 5764 6046 4462 7954 7874 7316 4633 3495 4766 2082 5921 4852 5051 2126 2178 7204 2819 6775 3958 3236 8187 4112 2741
1838 3110 6239 4341 7328 1176 2631 5527 6668 5017 8778 7548 7744 5573 3273 5183 2419 5791 4058 5122 2642 1993 7610 2434 5420 3365 2834 8257 4291 2578
1515 3151 6007 3024 6611 1060 3205 4861 6002 4958 8209 7322 8167 5062 3025 5277 2546 6445 4573 4629 2367 2331 7346 2535 6346 3128 2552 7233 4497 1805
2486 3297 6130 3499 7404 2531 3970 4510 6848 5241 8647 6997 7266 4226 4150 4495 2759 6195 4070 4805 1381 2719 7243 1855 5406 2731 2949 7194 3807 2498
2601 3684 5597 3076 6669 2159 3988 5058 6916 4494 8346 7737 8407 5192 3752 4427 2346 5994 5088 5748 1381 2690 6851 2192 6837 3349 3284 7386 3511 1805
2228 2805 5252 3381 6792 1886 3206 5334 6932 5486 8584 7869 8715 4727 4274 5166 2174 6928 4526 5591 2721 2628 6727 2035 5493 3495 3311 7447 4731 1803
2040 2640 5981 2977 6652 2204 3516 5342 6779 5832 7665 6959 7501 5278 2960 5040 3069 6309 4879 5429 2098 2367 8031 3245 6409 2950 3041 7029 4296 2976
1560 3426 5409 3205 6403 1947 3083 4405 6886 4847 8114 6937 7736 4427 2906 5867 2260 6596 4050 5624 1945 3080 7309 1930 6028 4012 2443 7510 3854 2049
2166 3397 5526 3555 6252 2148 3010 5020 6120 5376 8117 7865 7640 5535 3529 5247 2114 6311 4984 4566 2694 2091 6819 1899 6759 2815 2803 8378 4168 2182
1970 3362 5882 2936 6513 2246 2992 5466 6686 5056 8327 8290 7991 5287 3742 5705 3219 6327 4994 5836 1431 3192 6653 2254 6811 3124 2963 7361 4712 2911
1600 2698 5862 3268 7023 1071 3998 4598 6414 5401 8368 7067 8116 5105 4407 4754 2592 5454 4073 4951 2086 3288 6908 3167 5354 4222 3320 8160 4329 2406
1948 3175 5300 3207 7540 2348 3279 4835 5763 4949 8184 7254 8624 4827 3582 5144 3122 5941 4322 5443 2404 1883 8090 2158 6469 2811 2072 8256 3887 2187
2508 3747 5386 3916 6740 1925 2553 4854 6771 5505 7285 7999 7344 5024 4335 5614 2141 5455 5421 5861 2053 2985 7740 2153 6129 2843 3207 7229 3737 1720
2794 3614 5244 3716 7570 1168 2592 5606 6230 5458 7560 7410 8739 4283 3772 4962 2742 5749 4946 4797 1584 3206 7178 2986 6438 3352 2595 7229 4219 1536
1494 3183 6208 4299 7477 1199 2792 4429 5759 5231 7901 8329 7577 4113 3389 5547 3202 5779 4909 5555 1672 2069 7282 2052 6257 3778 3335 7426 4787 1976
2100 2509 5739 3912 6231 2110 3134 5129 5646 4471 8087 7718 8787 4506 3083 5843 2680 6986 4165 4609 1872 1935 7661 2674 5875 2826 2340 7172 3679 2503
2811 3204 6446 3708 7544 2000 3341 5463 6206 5360 7965 7847 7840 4804 3088 5766 2656 6040 5116 5912 2161 3093 7359 3006 5353 3451 3464 7623 4814 1567
2018 2478 5595 4321 6600 2255 3380 5073 5586 5065 8009 7665 8462 4716 2941 4703 3002 5648 5112 5721 1541 2007 7553 3283 5950 3529 2465 6885 4936 2238
1640 3429 6548 3400 7232 1957 3502 5772 5741 4594 8386 7770 8249 4785 3735 4450 3309 6444 4217 5384 1961 2538 7850 2565 6782 3115 2000 7823 4077 2847
1491 2519 5258 4121 7378 2290 3397 5517 6592 5529 7363 7015 7685 5548 4171 5012 3220 6675 4615 5042 2185 2362 7211 1873 6556 2914 3453 7922 4819 1632
2684 2637 6197 3354 7624 1840 2767 4399 6254 5457 7800 7834 7579 4831 3219 5229 3303 5973 4294 4715 1778 2889 7704 3230 5446 2793 2335 7103 3985 2569
2134 3093 6597 3263 7374 1954 3724 4744 6027 5535 7695 7106 8751 4090 3178 5184 2277 6743 4052 4444 1488 2034 7314 3171 5359 2889 3078 7767 4933 2794
1548 2448 6365 2984 7473 2498 2847 5333 6432 4570 8410 7932 7403 4168 3078 4949 2824 6871 4016 4610 2011 1785 6831 2157 6683 3478 3314 7951 3889 2473
1835 2331 5671 2925 7657 1759 3907 4925 6817 4699 7302 7011 8652 5615 3033 5216 2733 5846 4226 5491 2537 3046 7830 1856 5754 3400 2667 8277 3514 2395
21 11 8 27 70647 1.010711438816063
8 26 0 8 59863 0.9795637103843706
11 17 2 13 34361 0.9112341547046586
11 25 6 14 35058 1.0280401700374444
20 0 10 1 21548 1.0612708939904405
27 16 22 0 45039 0.9438491432480691
18 3 4 10 45108 0.9903629347811497
28 4 21 1 29350 0.9784074338423134
5 21 22 13 51326 1.0091637833332054
12 22 16 14 49556 1.0338734693669924
2 20 14 6 54957 0.9016116761477295
12 19 23 3 62710 0.9590117048528362
1 12 25 16 72812 0.924983903764568
24 4 17 25 55935 0.994623915023459
18 8 17 28 57299 0.9175785635246848
7 7 9 27 61386 1.0595574572399526
9 27 12 8 58524 0.9046795833009594
23 20 12 29 37320 1.0984803159337684
24 8 17 13 39525 0.9124134954262283
1 20 8 2 55377 1.0438052783493073
6 24 9 4 50090 1.022239032709971
21 9 5 17 60956 1.0438895819453649
28 4 22 19 46837 0.9737395277165979
19 6 12 9 34779 0.9917496711278533
21 25 25 14 34924 0.9663377311983735
13 25 27 2 88190 1.0362414532551425
25 27 2 18 73103 0.9241698200733811
10 15 20 22 34604 0.9592197905926974
24 27 17 23 24341 1.0858415156830177
29 29 0 5 96208 0.9692150423447273
18 26 4 4 72365 0.9986306307792486
20 10 11 20 35703 1.036473944428004
2 0 13 21 63498 0.9679682391793274
18 6 0 4 42597 1.017971744850046
5 15 14 9 52433 1.0530720187038487
24 11 2 17 68953 1.0766773999781944
21 25 23 11 41662 1.092398695340595
28 11 5 1 74254 1.0726720061756967
24 17 26 1 36920 0.9906695843689447
25 3 5 25 83044 1.0688553022962533
25 11 12 18 59020 0.9354202035585811
28 26 1 12 88114 0.9497568912974229
18 7 8 4 37231 1.018246942204947
18 15 4 1 60334 0.9231903908500801
29 15 6 15 65950 1.0621630596387077
21 12 15 19 38211 0.9375341611915997
2 19 15 0 57621 0.9033022715186767
3 3 26 14 67325 1.0015478278465197
21 2 14 23 58274 1.0533582642153405
7 10 1 6 30739 0.9321997202978305
28 27 19 10 59911 1.007276947370886
18 24 5 19 44564 0.9734368324316799
21 28 8 23 39232 1.076622657225204
18 0 10 26 67255 1.0913526714809691
29 1 8 22 85486 0.932141630486261
29 3 10 16 63556 1.0366779201618308
10 17 4 23 22667 1.0097964455170483
27 13 3 20 71664 1.0317638555324589
9 28 18 17 51825 0.900481572086461
21 21 3 4 66472 1.025962644074818
7 22 14 0 59349 0.9265717396907044
17 10 3 28 76973 1.072531999782561
14 28 8 18 45812 1.087552260098376
6 27 24 23 54195 0.9513361287126196
29 1 3 10 70178 1.04907041139654
14 22 15 9 66207 0.9815766801918806
7 5 15 20 47500 0.9034867963552952
20 13 4 18 49612 0.9930691556300683
10 15 16 23 30915 0.9130559340916796
21 22 13 7 55024 1.028479338084491
0 18 3 25 27701 1.05184523292308
20 0 9 22 64921 0.9274819782329544
2 0 8 13 48036 1.0076180303308253
22 24 16 12 51203 1.086662709404183
4 2 11 25 59957 0.9493761193982085
3 26 3 4 48109 1.0648107929065307
4 3 5 27 49792 0.9752623588871424
20 26 16 4 49911 1.0131027795746157
5 22 26 26 62789 1.005535530527123
16 23 6 9 53663 1.084634530614377
5 23 18 21 37799 1.0651944788021466
20 1 23 21 42546 0.9101377367895344
2 27 20 6 73228 0.9938454030886268
7 27 24 7 79795 1.0636803669726342
17 21 2 7 64300 1.0926559878728206
25 29 0 10 95592 1.097861935086817
0 28 16 25 56674 1.0563364792046466
29 17 18 18 34114 0.9371019401868476
22 29 4 7 75639 1.0309560291122442
20 25 29 20 26557 1.048437149176562
10 8 19 1 33245 0.9056896975130683
22 10 7 23 58673 0.9807560424035636
9 0 25 10 53845 0.9243437851534401
12 11 23 2 60835 1.012723689233879
4 27 21 23 46582 1.0441810593877188
9 21 20 28 38646 0.9220256168368168
6 21 13 28 36249 1.0173440602210375
13 18 20 24 29630 0.9241472183908465
22 15 19 25 27445 0.9156626948524325
29 26 13 8 79464 1.0424906489026353
0 14 28 24 84653 0.900183895525532
8 12 21 13 57729 0.923200786152514
11 7 21 26 65984 1.075018415282695
20 12 26 5 23929 0.9313298455393432
29 21 24 12 26774 1.0512288219011203
8 15 1 12 32286 1.037669195765309
13 14 8 23 32850 1.094147137094774
29 22 10 19 43437 0.9722820383247668
0 22 27 6 89447 1.0959433166312542
6 14 13 17 25937 0.9962178622131974
26 16 11 24 57137 1.0528571493861838
26 7 21 1 30126 0.9341207742582742
14 23 16 11 56442 0.9469322416963497
7 27 19 7 73601 1.0597387306675414
17 14 3 17 49413 1.0935547583302612
15 14 27 18 52368 0.9149784151202642
18 9 22 24 43722 1.0874903885503633
18 25 29 5 61073 0.9151762814156804
10 15 6 6 30618 1.0610768005457787
22 15 5 4 56563 1.0063442852068067
28 5 16 16 46647 0.9905851870267444
1 12 17 8 54883 1.0545290955647755
24 9 11 5 32239 1.0724619883799902
0 3 10 3 27597 0.9796379752867651
8 28 14 12 62336 1.026551446969645
15 8 19 17 47263 1.0897674917650042
29 17 27 4 36530 0.9903976831393235
9 0 24 9 44156 1.0567748801986814
12 12 24 27 74716 1.0266596378828514
12 12 28 28 87311 1.0042067097760077
23 12 7 13 66024 1.0099246592941027
28 18 23 5 42041 0.938634497820834
10 25 28 15 63238 0.9459407678642701
20 8 4 6 33429 1.0591253433131507
25 15 9 7 59147 1.0859681367597322
20 24 8 22 35399 0.9385232989476265
21 20 0 7 71209 0.9603801194323456
20 12 11 25 50336 0.9924775233648042
20 10 28 6 28833 1.064078314338738
2 11 1 2 24567 0.9666921804501913
5 9 10 18 35276 0.9981254593382448
26 27 24 12 42895 0.9280071326909092
24 2 26 20 40160 0.9949756778839751
7 18 16 15 36826 0.9679055988517106
8 3 10 23 47510 1.068312365928599
29 29 27 9 48464 0.9744882620228013
22 13 6 29 64307 0.9887705707600414
5 26 23 15 64901 0.9556270976731437
17 8 16 21 46699 0.9362538151501933
21 13 21 23 25944 0.9928469175226732
18 27 9 19 47951 1.0268185552828797
15 6 7 17 50182 1.0201364692610932
7 28 26 2 99585 1.0824887633786737
27 0 13 14 65543 0.9291107906551541
2 27 8 12 50230 0.9836593021240013
19 17 15 8 47263 0.9105617796613655
10 5 2 3 17926 0.9690610293631499
3 21 28 13 72713 0.9715125805395215
20 3 9 17 51950 1.0203258486680638
3 9 29 8 63871 1.0295980186419285
21 5 6 4 29158 1.041566997606232
16 29 23 24 27484 0.961989635608693
12 20 28 26 46842 0.9369659734490816
4 5 14 19 54826 1.0212472699148916
14 17 14 4 53484 0.9263467210329277
13 17 5 13 32379 1.0412748314157978
23 10 24 27 43823 1.0917666977074092
5 6 2 24 41289 0.9877274144365344
22 25 18 13 36550 0.9138148336655909
24 12 7 6 50221 1.0960352129375457
26 15 29 25 32822 1.0664828266040494
12 28 0 25 43266 0.9515604867737955
7 23 22 15 48312 0.9484692922754161
27 2 5 19 89894 0.9220285969392916
8 6 24 22 66467 0.9212839404282714
26 24 15 20 37840 0.9635177742863258
0 26 8 0 64685 1.006178194519085
25 26 19 14 39131 0.9565380736926936
23 2 15 9 43817 1.0761344069976149
11 4 26 5 35698 1.053791630591236
26 20 28 28 24157 1.0215736769645825
15 11 12 18 48246 0.9146583633801643
24 1 6 18 72634 1.0253241491467868
29 14 4 7 66889 0.9035369308335771
6 9 22 24 66815 0.9535894401762338
7 12 17 26 61600 0.9723475951999895
5 14 24 17 57710 0.9495431831424985
11 9 2 21 45476 0.924425686808874
5 21 11 27 31644 0.9794496754614579
1 2 24 1 55860 0.9049270456946388
0 16 15 0 56364 0.9187817431012402
28 4 8 17 73886 0.9352968411171078
1 17 11 18 32799 0.940418590044068
20 23 2 7 68842 0.9798964877273073
20 10 7 2 44329 0.9009326213334068
20 27 26 7 56265 0.919518924003295
8 3 29 22 75775 1.0640485374018298
21 3 19 18 34493 0.9204715601341055
26 24 12 13 72558 1.0155394342687634
20 14 17 0 30705 1.010695723507888
3 23 21 12 62468 0.9443257785307244
16 17 13 28 55300 1.0176883747709624
17 15 7 15 33705 1.0029794518756956
13 19 28 26 49440 0.9422055645803525
21 17 16 9 40551 0.9414833207925842
27 14 18 15 33954 1.072964315781369
2 11 6 19 25974 1.0574244645823052
3 19 20 26 50032 0.946885136152902
12 25 6 17 31997 1.004612481383667
13 8 6 26 63698 1.05079993637171
20 22 29 6 49494 1.0351687628228505
29 28 10 5 76540 0.998836477695686
24 18 19 9 33196 0.9491142102692596
12 5 21 18 39774 0.9742105479680588
12 17 3 8 47983 1.0166827858166005
17 3 23 17 45396 0.9597653527047426
29 9 21 27 57824 1.056152107952005
1 9 11 6 28717 1.0971158055090426
29 12 8 12 80699 0.9472078755754055
29 11 16 3 45957 1.0509374393917188
20 18 7 14 44115 0.9071011722192897
21 5 18 20 31623 0.9354854636632122
25 9 17 28 58549 0.9875018640238734
8 3 27 5 42799 0.9159931820632049
17 2 24 28 68651 1.043105311102444
8 7 18 8 43725 0.9781280679366616
0 16 18 26 64166 0.9232803618086187
23 21 16 26 26936 1.0944723080446255
0 19 28 5 84557 1.0460672664900754
24 7 9 9 43162 0.9189673939407295
10 8 27 13 63028 1.0445100104545464
11 4 19 19 52238 1.085128698002493
13 9 8 2 38839 1.0264113949675087
2 27 5 3 51754 0.9867015661257437
24 6 4 27 75302 0.9562357388829623
27 11 4 16 83290 0.97443220969305
14 0 2 4 30862 1.0293578098389318
28 25 11 3 81796 1.0511061945995759
24 14 19 3 32809 1.0600592154301514
17 29 16 1 67597 1.0816410803621754
20 10 13 28 51393 0.9671697442985234
0 6 14 20 59977 1.0096282276386415
15 5 16 22 50055 0.9654841664262903
5 3 23 15 61122 0.9475206194271529
9 17 20 13 38049 0.9004340650210256
24 19 2 3 71989 1.0378807226454327
12 7 15 29 68174 0.9392202957368606
0 20 3 9 33439 0.9266636947412111
8 26 5 5 49530 1.0017750258097249
2 2 18 6 39764 0.9532794770509877
29 23 3 6 83034 0.9363425826861232
17 0 4 28 70602 1.0717400323019795
12 24 6 15 37932 0.9000036448047297
3 22 7 12 36241 0.954067729633355
2 9 14 9 51612 0.9547817043335927
27 23 9 19 49948 1.026758683887294
19 15 18 1 34643 1.0579871598843726
25 0 14 12 67496 0.9666925728817217
29 9 9 1 54158 1.092392725827561
22 26 8 6 69905 1.0320620018321163
10 27 9 14 30952 0.9333339608360312
6 2 25 21 70472 1.0256188806232336
21 7 17 25 47459 1.0042140610478005
21 16 13 1 49125 1.074284811949067
29 11 9 23 65028 1.013969924415186
8 1 14 26 68574 1.0685327749035403
5 5 11 13 29899 0.9012017241175846
16 22 23 7 53315 1.09228778200714
28 2 13 29 84644 1.0230441878885426
25 15 10 15 47815 0.9068259224178349
8 12 1 2 50292 1.0238158591392637
4 29 28 3 93994 0.9674085492952299
28 20 10 3 63072 0.9153348362757899
4 15 10 21 23865 1.0706808331939586
2 29 23 20 58961 0.9739835438021351
9 4 22 0 36784 0.9575291897579319
17 11 14 27 65064 1.0430129002426263
11 25 22 27 38980 1.0535041249014034
0 1 19 19 75288 1.0128066722858717
25 29 15 13 61633 0.9527030217027189
25 28 5 6 88035 1.0053444742927498
13 19 14 9 50465 1.0047323415430849
10 29 23 15 55872 0.9389956715317476
6 22 6 12 20794 0.9184016292987947
24 10 26 22 36283 0.9023247500511954
11 7 6 18 39400 1.0905082105808142
12 11 26 23 72903 0.985710870531777
10 9 9 21 26735 0.9980912151480095
19 17 4 9 52636 0.9362034356918174
23 26 19 18 24960 0.9178434032617449
27 21 14 28 48588 1.0396118125789737
4 22 11 9 42671 0.9259159989743452
17 3 29 28 71367 1.0557273854508458
2 22 19 23 42353 0.998630551087793
7 13 5 21 22893 1.0396733128857192
22 11 4 13 60346 0.9162771391204627
24 21 29 9 34662 1.0674964678547574
11 13 27 2 71074 1.0684937038725395
21 2 7 5 35229 0.9872461124980859
4 11 6 21 21606 0.9144236784123302
20 0 18 23 46455 1.0782211468347782
2 25 10 18 30416 1.0952191988053075
3 9 13 1 37353 0.974763106235014
3 7 10 20 41342 0.9541427053555882
15 19 11 27 38824 1.0127046500722596
17 24 28 28 41238 0.9216762319411339
5 13 25 0 66411 0.9157619291693148
8 29 13 15 42223 1.0981518893197955
1 8 29 5 58944 1.0244102527512973
3 7 17 5 31993 1.0847461032958932
1 28 6 6 56198 0.9027075026378857
20 28 3 1 77211 1.0568352476757024
11 15 27 1 69791 1.0170512735447836
13 27 19 21 34966 1.0684389072167355
11 16 16 0 44580 0.9792532245124628
18 6 28 8 33233 0.9655766544436162
4 3 20 16 49606 0.9070398058514527
29 17 4 28 69070 0.9102850336783995
14 17 29 7 63577 0.9528734487469429
8 3 3 13 33969 1.0608616480182103
11 23 5 4 54046 1.0470425196125916
24 14 27 28 44368 0.9339163072754099
14 18 23 24 41621 0.9062326862909011
18 4 22 28 55266 0.9464266207874887
10 23 26 5 65795 0.9007148786664642
4 26 24 1 81576 0.9115374360106944
27 3 7 12 75094 0.9087354595401822
21 9 24 21 34455 1.0547378224728374
24 6 14 17 51499 1.0028879142170224
16 15 5 24 52353 1.0213791872508167
3 6 3 26 41267 0.9663443713055517
6 4 6 22 40057 0.9448655888113878
22 28 17 2 64073 1.0383020444213695
12 14 28 10 70941 1.0176879920986948
15 5 24 6 17398 1.05333752859903
23 9 17 22 44366 0.9817387637104993
21 1 9 7 36980 0.9222330195113405
1 21 24 15 59170 0.9307275438388333
4 7 16 9 44628 1.0689883033066065
17 4 23 15 37042 1.0310041427956445
22 22 20 5 34873 1.0020036064527427
21 29 5 28 39213 0.9202339581975084
24 10 2 29 80797 0.9945575467459167
27 10 16 19 65170 1.0157136058710168
7 1 24 0 39428 1.0736047715799335
15 16 5 20 30182 1.059553427899596
20 6 24 13 25725 1.0035978025008496
25 7 23 18 31627 0.9027392864307401
13 29 15 5 63665 1.0323746061115657
27 23 10 23 43681 1.0969325299521586
6 28 9 18 33665 1.0481450532244965
0 23 18 3 77201 1.0399808686961505
7 24 29 11 73271 1.0434058225045213
9 22 23 23 39736 1.0885979034514477
22 7 13 20 46079 1.038633135653615
4 27 29 24 69451 1.0778113298327612
18 7 14 21 50144 0.9516980861329631
24 17 11 29 49393 0.9016366673952158
20 2 21 13 23507 1.0085681072564663
12 24 6 12 44463 0.9199070324590535
29 16 13 4 57473 1.0014049130332947
17 13 10 6 42187 0.9856002040214114
2 15 8 1 43430 1.0197817437475776
24 22 26 13 29583 0.9066343102397185
3 9 1 21 33521 0.9040288207676211
29 25 4 27 68812 1.064212290091288
8 25 28 29 53453 1.0751381726814322
9 13 10 28 36103 0.9191679702372574
24 13 15 11 50648 1.0018670716650238
3 28 28 20 65581 1.059214283970562
24 5 2 11 55611 0.9355220781439684
3 29 2 2 54557 0.9289571797408148
29 9 17 12 54369 0.9688327906921116
19 2 18 15 34482 1.007008658880345
19 23 13 6 50849 1.0138413268410846
25 5 4 17 60199 0.9562675669033391
7 24 23 25 47233 0.9056993780208883
12 29 29 16 56804 0.9518292897481235
5 23 22 7 69492 1.0116051653880611
18 10 10 24 62699 1.0058320840354307
25 19 9 17 47088 0.99977134243869
28 8 11 12 68251 1.0508881189990007
21 8 11 10 47877 1.0264818631888613
25 5 1 12 59912 1.020920251205543
1 23 25 1 86703 1.0665475751609983
3 28 25 8 89211 0.9979873743050525
17 29 23 24 25297 0.9759413507819659
15 21 4 22 28888 1.0866538642231587
7 27 17 12 64573 1.0576147447376931
27 9 21 1 40952 1.0905862037370795
24 5 28 24 51432 1.0392558387774309
6 13 1 4 31508 1.0981343166947495
10 8 12 16 22471 1.0867682532004528
19 24 20 12 25374 1.0612300440851772
21 7 21 20 30335 1.080155753459426
3 25 0 16 27484 1.022104657982736
1 23 25 4 84277 0.9326606884446995
29 16 9 18 54156 0.908993599103908
20 15 29 7 37970 1.0176657806297758
18 21 13 16 31364 0.9430625726158449
17 5 11 12 37062 1.0552669572020241
25 9 20 1 29122 1.0808125974776457
9 16 17 21 28277 0.922776895573143
9 5 24 1 37661 1.0065677547093714
8 12 18 26 65008 0.9860038280834198
22 26 19 11 38986 0.9143796767810078
3 22 26 19 62896 1.0720621308221432
7 21 3 0 47145 1.0346694410451804
16 8 29 9 46072 0.9992048282029858
5 26 23 1 82986 1.0662722241812934
0 24 27 20 64984 1.0879864860308994
8 21 23 15 47392 1.0592669601309992
20 17 11 6 41908 0.9742908867818363
8 23 29 12 64277 1.0935723855118065
13 12 8 18 37098 1.0784566359562904
14 19 4 13 40358 0.9875661998433122
19 18 14 26 34183 1.0519310983303947
8 11 21 19 59944 0.9190221006179721
23 16 7 6 54450 0.9970839809118646
4 23 19 23 35527 0.968075389573369
27 2 19 29 74180 1.058714353466915
23 16 28 7 39332 1.0153177817052867
11 14 16 25 48494 0.9661047389423327
26 19 4 6 74876 0.9881029247288942
19 25 8 11 65750 0.9007597931475703
1 22 10 10 41766 1.0343241544867379
28 28 5 24 71393 0.9139467175880006
6 0 18 17 63438 0.916227794020128
19 21 23 12 32827 0.9315647698057004
5 2 10 26 62758 1.0967233167091557
25 2 17 13 46738 0.9349319884935634
28 6 12 19 70156 1.0019849497598097
4 4 18 14 51576 0.9104267162185689
22 9 19 20 29122 1.0188162033936716
11 26 1 0 71065 0.9069238058788143
7 24 10 6 46372 0.9088628533248251
1 8 17 24 70224 1.0479042630679554
12 17 15 0 54015 0.9676682257275303
6 23 25 14 58583 1.0706850553593428
24 29 18 22 28132 0.9906441070843437
21 14 6 21 44733 0.9522079406439049
4 28 18 16 53623 1.0625848921126382
12 17 28 5 64798 0.9687641627955045
15 18 5 1 69270 1.0864145914756325
26 5 22 29 57558 1.0559293095498017
11 9 23 23 62904 1.0415211295385398
21 8 28 18 47700 1.0527345689508518
19 3 24 22 46029 0.935469950725835
28 13 2 28 88413 1.0693316316079402
25 27 26 11 56231 0.9047328107539291
7 11 23 23 67981 1.023116099721047
26 13 27 26 43724 1.01959392736903
18 11 23 2 41342 0.9982042840479042
22 20 8 25 42174 1.029836500703812
21 22 28 17 32922 1.0353018693202354
17 27 8 21 40524 0.9525866296015845
6 1 14 19 62357 1.0155776153261753
6 14 27 15 69446 1.009339235078201
5 5 21 3 34304 0.9191938185851427
5 3 27 6 52325 0.9868089766783464
15 10 22 18 54532 1.0496334246506516
3 3 9 8 25376 1.0726540013333434
7 0 16 15 58862 1.0491795826183798
10 28 9 17 28781 1.084684630707276
12 29 21 5 60113 0.9196812855673571
21 12 1 28 79676 0.9387359707686429
25 29 28 11 52798 1.0831476151022759
27 17 15 14 51685 1.0166223945655424
15 21 26 26 38180 0.9638711584198938
27 25 21 0 65111 1.04549330599428
26 4 26 26 60979 1.090518432777703
14 13 8 25 49240 1.0527917739426962
20 15 12 2 47792 1.0654910957902104
5 1 18 24 78897 0.9561065941856061
24 29 23 1 62267 1.0741595026985924
19 28 24 6 54268 1.0841849164264339
17 5 28 16 45173 0.9104629619467526
16 7 27 3 39888 1.0884333849643884
12 29 24 13 53232 0.9811294573778812
4 17 20 19 40916 0.9372913800391778
21 1 29 27 66322 1.0739978255172937
20 3 28 7 28145 1.0650075547730975
18 8 7 12 63605 1.017353145018995
8 4 20 10 38272 1.0504813966187798
23 7 10 16 55951 1.0544859440606928
2 26 3 1 51258 1.0949192943623312
2 24 25 22 64366 0.9028198089887957
7 1 13 24 64640 1.0684395866888454
24 10 7 9 58234 0.9304179520158653
23 5 16 12 43216 0.9448024778258193
16 0 12 18 55938 0.9296832718941328
9 17 28 22 54717 1.0210818809367632
29 29 7 5 85023 1.0609858902570193
12 8 7 27 63538 1.0807597510349918
26 11 15 12 63555 1.0064598557879259
6 25 22 18 47652 0.9405806662005411
28 20 1 15 65109 1.077534624204841
1 27 25 19 68456 1.0882330763491912
19 28 24 11 43757 0.916096238294123
5 4 12 19 55009 0.9983745404974712
20 27 5 29 35560 1.0954898308545977
1 28 13 2 78359 1.0100806980487764
18 6 27 20 43135 1.0811086123438554
25 22 14 4 61458 0.9291005418131575
24 5 14 12 56508 0.9382590113710126
7 26 21 26 40215 1.0808834810939603
25 1 29 15 37150 0.9323870235900857
6 5 24 28 76879 0.9091752051134803
20 9 26 20 31139 0.9328770518294806
5 27 28 0 99472 0.9071789608496137
20 6 11 22 54870 1.0634413793947228
29 26 27 17 28854 0.9554763897714358
17 24 28 10 60676 1.0205440305264268
24 28 5 9 83439 0.9660807930110156
8 8 16 3 42284 0.9638409120417321
23 26 27 6 53578 0.9594972330390359
12 9 20 25 63126 1.0114849929891183
14 16 29 3 57556 1.019082490728481
26 21 6 4 68899 1.0870635407550036
19 17 26 10 43679 1.0717606728983995
17 4 9 2 28419 1.0021232637991064
21 2 12 29 69340 0.9818255786203204
22 12 9 2 48832 0.9588725598381713
25 22 20 29 29442 0.990775996117705
13 4 25 7 34279 0.9743602023399682
19 29 5 24 47078 1.0120578212759652
6 25 12 19 31368 0.912756328603438
27 1 10 5 43751 0.9259694070392722
25 10 17 5 29964 1.0423639081810603
24 0 16 27 72204 1.0700127525467007
9 24 0 8 58330 1.0973630113623791
22 19 18 9 34956 0.9922513728987783
3 14 14 6 43092 1.078705262428732
13 18 10 6 38879 1.0854069936882451
6 27 2 11 40281 1.0856598953633736
3 12 4 24 28528 1.0308854441231228
2 25 18 18 54006 0.9867099855860206
25 4 2 13 68274 0.9477049746352275
9 5 7 28 59052 1.0424664904600243
1 29 13 12 65995 1.0321012235763298
25 3 23 15 32306 1.0659048824443693
23 5 9 2 34698 0.9795149164572908
12 10 15 2 50003 1.0250390901153088
14 2 29 6 48078 0.9835160497431426
3 3 16 1 40442 1.0140164611368228
7 7 19 27 74528 1.04681819767893
24 2 5 19 73383 1.0600646483529361
7 12 16 19 48997 0.941329162478699
0 5 11 12 40147 0.9108317909375656
3 28 5 17 28649 0.956601816936616
18 28 1 26 50907 0.966312222010868
12 23 23 10 57523 0.9618969711294377
1 17 7 5 33189 0.9194061622459841
14 7 13 22 62133 1.0115542746369683
2 21 21 26 51343 0.9427772016334778
16 8 7 0 43520 0.962902229880163
10 9 10 29 40474 0.9264313777524467
13 12 19 23 52963 0.9107589984223728
22 11 11 9 50733 0.9652017600498471
9 22 27 10 79682 0.9128940496927499
2 13 8 26 40284 0.9854892907896236
16 10 24 4 39274 1.0055050572278086
25 4 14 13 59495 1.0624198837980903
23 17 0 27 73896 0.9501927851379417
7 20 13 12 36391 1.0848407943055869
14 5 23 4 20832 1.004316141156455
26 6 3 8 55766 0.9937429035799659
15 17 2 1 64870 1.0738754065594944
25 23 8 13 60560 0.928092889399055
24 14 1 1 68668 1.065589589916002
24 2 12 16 54585 0.9370126080241646
17 12 0 7 62723 1.0940178127699236
12 3 27 15 67268 0.9137726642648392
19 11 26 25 47375 0.9882494424822966
19 26 1 8 79917 1.0275173712309749
5 4 3 25 47229 0.9168641261838387
13 6 1 0 35716 0.9641632623432068
1 8 19 20 64488 0.9366202349095529
20 22 6 1 64608 0.9712450464908701
20 15 27 3 40048 1.07336419279379
2 11 25 0 66599 0.9358124804195418
13 29 19 14 44684 1.0278347410238868
22 29 13 5 57211 0.9783892737251106
7 20 26 12 64155 0.9294380675808666
1 27 11 0 66897 1.0507899623042753
10 27 21 16 46024 0.967715453140284
16 29 17 20 27507 0.9089241945110712
20 19 4 27 46370 0.9330256531649095
17 25 1 24 46875 0.9765962033939296
12 4 0 12 51611 1.0646116846950244
3 4 17 6 36192 1.001563699241432
19 19 0 1 75288 0.9835961898503176
20 2 15 7 26241 0.9418144414375332
25 12 7 18 65290 0.9842407482399458
15 16 23 3 45201 0.9468507933634536
0 16 26 7 78790 1.064319774282557
2 29 1 10 44551 1.0498783656460522
13 15 17 28 54728 1.0928739750661238
24 11 7 8 55892 1.0297544886592327
27 15 20 28 47021 0.9975319003067349
17 27 2 21 51453 1.029361791070931
22 12 6 3 50260 1.0788515425085876
15 11 21 27 66242 1.0799045149750928
20 2 15 10 39167 0.935739683039549
0 14 14 18 51490 1.0260242021308914
0 14 24 0 74774 0.9792685209462216
22 3 17 20 40111 1.0920201048521583
13 5 0 14 44850 1.0132266897296363
26 25 14 28 40834 0.925123346150078
27 26 16 16 48485 0.9244320853230519
3 2 2 26 52984 0.9132779101135787
22 25 12 14 54350 1.0926947233496573
21 14 11 1 44879 0.9108020687524578
11 27 13 10 62512 1.0386020376004612
20 15 21 26 22814 0.9121122294858529
0 8 12 19 63604 1.0358297385800441
2 19 15 12 59088 0.9625837443325348
9 25 21 3 69694 1.0255623527923612
17 19 21 7 37922 0.9595665030194098
20 0 16 21 45802 0.9212763376593346
29 14 7 24 67208 0.9315363979592621
26 12 20 21 40068 1.0434887677492448
15 0 21 15 41642 1.0553788122050465
23 18 22 3 38197 0.9009086416750314
0 23 28 11 90030 1.064539254599845
21 28 14 9 68457 0.9703274872249809
13 25 25 13 57799 1.0427893815277118
21 17 7 17 46408 0.9966107859767538
6 1 15 13 57863 1.0419333349872248
19 4 6 10 39809 1.0827500222506863
4 19 14 0 50190 1.002626905684193
4 7 14 15 45219 1.0602182765434178
7 28 20 20 47216 0.9757815323033883
7 0 20 19 56045 0.9327162720583886
7 13 17 29 60229 0.9656499292053906
9 13 16 9 45463 0.9816279075372748
12 17 24 2 62551 0.9543230316067898
19 14 5 13 49475 1.0052962226140598
21 4 22 20 38048 1.0475526809143785
28 7 8 20 72141 0.9818636980532925
10 2 3 14 34500 1.0886250844873864
22 11 3 25 68396 1.0630010650593333
17 4 24 13 32903 1.0748306404678174
5 18 10 13 25542 1.0704371264096941
0 23 13 18 41943 0.9985181737732864
7 0 21 13 50083 0.9004958271057751
2 17 25 20 53415 1.0214324479687142
15 25 23 10 59043 0.9364212195246236
24 15 3 24 63771 0.9627898031804695
17 21 0 3 72618 1.0019837894943768
29 20 4 15 60139 0.954082787176617
1 17 11 15 31850 0.9549555185391947
23 1 7 4 43358 1.018444298815635
13 20 19 15 26090 0.9500739603787411
26 6 25 20 36846 0.9954887484636863
28 7 15 22 68107 1.086415910516799
16 22 15 6 56066 1.0744014358875187
7 24 27 9 83778 0.9939901138785101
24 15 10 1 51606 0.9218880579957094
19 26 0 17 68086 0.961937870983542
20 26 6 24 40288 1.0153598117487312
28 11 12 11 81378 0.9979626462138363
7 22 8 6 46344 1.027852133812077
4 20 5 8 27937 1.0480805254773005
13 6 28 29 76289 1.0058352295504591
16 6 9 24 61414 0.9699181107689193
1 7 20 13 51949 1.0168595293411975
4 15 28 2 73920 1.083766891766774
16 16 25 17 31320 1.0585807762785693
16 15 9 27 49003 1.0406289037326848
14 8 3 20 63088 1.0097109721343145
7 25 22 15 55795 0.9348467424645588
15 4 28 11 51487 1.0646101097859064
7 15 17 3 55508 1.009093978599909
20 26 16 18 27124 0.9691602537690869
2 18 27 22 67136 1.02722951384145
13 13 10 29 45574 1.096505964826865
7 22 2 8 43421 1.0981047245888795
24 18 27 7 36553 1.0182038416061396
9 13 26 16 56372 0.9112341354352734
9 18 19 25 41899 0.9034695011120355
28 25 16 5 63237 0.9193467453166028
0 27 8 12 58582 0.9729073702197492
9 25 27 16 60672 1.0255786501151238
4 3 0 9 22815 0.9270039048976115
27 7 13 24 75045 1.079465616508509
12 12 15 29 61266 0.9821927939487759
19 25 10 19 35113 1.0163756215156319
2 27 10 0 61024 0.9404871936176031
14 27 29 27 49458 0.9515918177533488
18 15 1 25 63322 0.914636997098217
24 15 5 24 62619 1.0733380055780464
10 20 21 29 37970 0.9903408703540197
14 5 20 21 37944 1.073762052149178
20 29 25 13 41813 1.0980061435187134
13 17 25 24 51120 1.089026649760286
28 23 26 4 51620 1.033205760282659
15 2 6 4 34449 1.0119265124868506
22 19 13 12 49627 0.9237332207220357
4 18 13 10 51105 1.0849813010854255
2 5 19 8 39082 0.9231207095866903
5 18 2 7 34797 1.0390912699358936
8 6 0 18 48291 0.9075179934934308
22 1 5 6 44728 1.010737851310771
3 16 15 22 44163 0.9382437787466253
9 7 0 24 61176 0.9804303926965279
23 0 2 1 46855 0.9303109253641517
14 4 3 21 54152 0.9105369841654887
12 28 27 10 87779 0.9250640875562348
5 3 14 11 54054 0.9849589711723078
13 28 29 15 60823 1.0895316842498495
13 0 6 27 67388 1.013361920033165
7 1 19 17 58921 0.9583274894966349
25 27 20 10 48718 1.0522579636263454
2 9 16 15 56517 0.9803834302521437
23 4 2 19 69244 1.0494380663552088
22 29 22 1 58429 0.9922231617267065
13 2 26 14 59393 1.0828022348691917
4 2 27 20 72818 0.9158028920325696
8 2 14 22 65025 0.9612720073883158
23 1 6 24 79457 0.9611568174641999
6 9 19 26 67180 1.0108517486691881
27 15 16 26 55115 1.0906281275411431
4 2 13 22 60480 1.043727378240498
4 5 15 9 42345 0.9308120524431556
14 1 6 21 58683 0.921593198943487
9 3 6 13 34109 1.0227278297036249
28 20 16 17 36640 1.0274364671139224
19 23 3 17 52134 1.0297062508762427
7 26 15 11 69753 1.0207431045589246
10 24 2 17 30563 0.9406652934577865
9 3 22 7 34218 1.0684035536249106
21 15 18 8 29806 1.0277268409874074
15 4 27 20 53938 0.9077421489073709
24 24 7 16 52836 0.9293079978632396
24 26 13 27 34474 0.9765659779519046
13 28 21 23 30421 0.9992494357436422
10 2 23 12 52083 0.9244741812506007
11 20 10 7 29921 0.9382678371759084
28 26 5 23 62675 0.9968749234496863
17 8 8 10 48607 1.0645363781343997
26 28 6 10 84849 1.096487164866272
28 26 18 21 36416 0.9984156454511983
1 28 12 1 71941 0.9956312538789498
19 17 11 12 43782 1.0924693075594238
9 16 16 21 28389 0.9849629684265782
6 15 17 16 30598 0.9056967834405051
22 10 2 24 70139 0.9456206626635196
16 17 11 27 51785 1.0234396542189015
27 0 6 11 64659 1.0230660936072646
24 21 10 18 34353 0.9190936978236338
5 4 1 16 35380 0.923709623024248
3 25 29 27 72504 0.9592528682078618
18 8 23 26 52706 1.024855352668994
9 6 17 19 53056 0.9712747857657247
18 20 10 25 28805 0.9728960258716208
11 16 23 11 47736 1.016584267040458
12 7 22 2 35390 0.9881339130461094
24 6 8 2 44150 0.9990206220169502
4 1 15 5 27425 1.0813041721047278
19 25 8 22 37925 0.9385851762837065
12 11 2 7 46695 1.0692734167328983
17 10 9 16 41974 1.005000856849147
8 26 17 22 32610 1.0306100726989353
21 3 8 27 80979 0.9774066699696028
7 7 25 10 57300 0.9981993862009058
16 2 6 3 39521 0.9707901909398257
24 24 29 16 27036 1.089474343942749
8 18 9 3 43449 0.9532803334896087
21 6 29 4 22816 0.9215746446676331
23 23 4 9 67853 0.928035265576687
26 17 15 29 51923 1.0076885012250343
4 6 6 20 30178 1.0275522866611353
27 1 19 8 35223 1.0254541714612733
13 14 4 21 36291 1.024330609418512
27 16 4 11 68987 1.065375982105953
10 10 0 16 36315 1.0801815349792507
3 12 18 9 62980 1.090142411082212
1 29 23 3 89918 1.0147343230398858
24 13 12 19 45073 0.9429756870015131
25 21 7 17 50359 0.9508227656778216
11 14 27 8 73569 0.9742676697397733
24 8 3 29 82466 1.0568126788917525
22 9 21 29 44732 1.0793917538165563
16 16 2 13 41566 1.0822695304224637
5 0 9 29 66165 1.0326593563964566
0 26 0 2 64775 0.9132810954352114
3 7 20 29 76809 0.9640100490336643
12 16 1 8 45572 1.0649128891867188
17 6 6 14 47586 1.041726613178398
10 13 20 7 38102 1.0536505831843908
10 2 20 10 31643 0.9606556189321805
0 23 10 22 25871 1.0291419789440177
7 27 4 8 43556 1.0542110993524325
17 17 0 8 69145 1.0037411663036877
23 15 20 27 31739 0.9651219878661337
7 18 18 1 66697 0.9341550891415069
20 15 8 19 39723 1.062406682277759
13 18 19 13 33909 1.0659368529257207
1 25 28 18 73086 0.973781685008421
12 18 24 14 46466 0.9735486351277245
22 16 29 7 39376 0.9449745041358126
25 15 0 10 84174 1.074507789176483
13 11 28 15 68474 1.027008900697951
5 7 27 8 68524 1.0399445288454612
6 3 25 14 59757 0.9387782901508882
18 12 2 5 58853 1.080376155889611
2 21 23 9 71096 0.9661172820761369
29 1 4 17 75189 0.9207174469087982
0 28 15 21 54806 1.058050729901003
0 20 23 23 56151 0.9388731997651952
10 6 4 29 52549 1.044667651794511
26 2 19 16 47850 1.0707538746281633
5 25 1 14 29801 0.9137864816160998
25 23 10 5 61029 0.9431387147300114
6 4 15 18 58856 1.0426635809573457
21 12 13 0 43994 0.9691323974300647
9 0 2 15 44772 1.0868483741830075
12 16 20 21 30843 0.9652158971488982
12 20 15 12 45922 1.0811866616002728
24 11 6 15 59301 1.0241763435496531
9 0 15 16 46279 1.078742809392498
7 20 26 10 68390 1.0737785635244574
1 28 25 7 95727 1.0088915324105117
8 12 14 28 62236 0.902926862038297
9 5 4 24 40790 0.9468128610410739
5 2 25 10 62767 1.033329584024224
9 22 10 11 26253 0.9541481605178264
5 16 17 0 51747 0.9691030065779804
24 21 21 5 38710 0.9187536087904817
15 28 22 11 54217 0.9485011751550441
1 2 15 23 70285 0.9317987298083007
17 27 25 10 58498 0.9013373473974098
11 21 29 10 61276 1.0974449149543168
16 16 10 23 29275 1.0667457242024536
6 0 26 28 94627 0.983931710539962
15 10 12 18 54575 1.0640751123049246
15 28 1 25 47918 0.9516602491871499
20 14 21 28 28814 1.0880240374483447
19 18 19 5 27665 1.0557830450181518
2 7 8 29 58049 0.9494023429029979
26 19 6 24 56820 1.0861922915509792
19 4 21 28 47349 0.9747166993137083
1 11 12 24 56752 1.009490786319998
10 24 0 0 66374 1.0470230553237105
28 12 6 7 71385 1.0609782922193118
23 5 17 22 44473 1.0493537193307316
25 6 9 22 68755 0.9040519647408066
7 7 25 6 44712 1.0624301215539294
1 17 13 21 37487 1.0311067047242475
17 27 23 11 54528 1.0093575769684773
16 3 28 2 41459 1.0745436591234976
17 19 5 19 34324 1.0877333454868112
29 7 1 16 76805 1.0709579144515695
3 5 29 3 51938 1.0465794807053705
6 16 9 6 33936 0.9792002434386831
17 26 13 14 54142 1.0045717373981455
6 23 22 25 42285 1.02357780125362
8 5 5 18 33294 1.0690217611088588
29 2 15 27 81827 1.0346047007799402
3 13 16 17 46022 0.9267115560616848
17 3 21 24 52209 0.9739104192981762
15 22 0 18 50676 1.0412378202230508
4 19 28 4 73810 1.0762531757823461
20 29 5 5 67313 1.0669991349222459
14 13 29 28 72819 0.9772890305037181
6 2 9 22 52955 0.9648115316259344
23 14 1 11 71350 0.9903596293367198
25 9 4 26 77850 0.9170091950668028
15 7 1 16 60345 1.0884995108573845
24 3 9 1 40818 0.9582287056233056
21 23 15 13 44651 0.9864126614618303
11 21 23 9 56442 0.9779929910212669
13 2 9 26 65142 0.9036413707945318
24 13 18 19 29677 1.0851128182293321
28 14 16 26 54351 0.9197748930300447
28 20 2 15 63498 0.9347068071821651
26 21 14 13 56272 1.053754653817423
13 0 18 19 57519 0.9910413254428286
18 27 23 1 64028 1.02721935139795
6 0 12 24 66567 1.0597975872130343
28 27 8 26 58992 0.9392767150550558
6 1 17 10 46411 0.9159613231571164
24 15 4 18 55203 0.9343415427565096
14 10 6 24 64958 1.0022493883121564
26 0 8 13 66591 0.9278448905992008
22 23 8 6 65029 1.0361515337002556
10 8 6 2 19552 0.929283910870135
24 19 6 24 47063 1.0798048971615914
2 29 20 22 52605 1.003739619148083
4 1 14 1 28092 1.0000397906277902
11 27 29 19 62375 1.0071644845988643
14 23 20 15 30732 1.0919441892975272
7 29 29 20 60167 0.9910149929593711
10 12 25 5 43251 1.0577989110842752
14 17 6 1 55567 0.9144122701605032
2 18 16 14 49908 0.9155669357837434
3 17 21 9 66586 1.0355791566346928
26 5 9 4 36293 0.9679042125143706
0 10 26 5 64340 0.9615991532641442
7 26 29 12 75561 0.9292719549454459
18 18 25 21 23920 0.9015554449358995
0 8 10 10 39843 0.9640812785927017
3 2 23 15 67515 0.9420831753341085
19 16 28 12 39654 0.9983211463341177
22 11 21 28 40354 1.0890222536689125
10 0 5 14 36337 0.9051684576255921
6 16 17 8 56104 1.0405812738748785
4 15 21 17 49992 0.9553521228282611
27 29 15 0 76780 1.051642070817707
6 25 24 25 53575 1.0850136659319467
22 22 18 4 42906 1.0018389592223478
6 26 27 7 91056 1.0120643318322546
26 18 6 7 73291 0.9372037687045108
11 14 0 25 49638 0.9655190429100869
10 3 8 24 51340 0.9197201756294021
11 19 16 12 50995 0.984188694722482
2 12 5 4 29716 0.991906176459752
8 22 4 12 30004 0.9223391279820269
18 25 25 13 43187 0.9135918287435724
26 11 10 27 75905 1.0435958138267352
6 23 3 7 38165 0.9950638404694353
10 4 27 14 56807 0.9974067837183549
0 8 4 25 46959 1.0770693868636523
11 13 21 2 51243 1.0135775099302233
6 13 25 24 66291 0.9882683534903086
1 28 5 0 62689 1.0264960317297451
18 1 4 8 42855 0.9315505723179023
11 19 2 18 28648 1.0768430950955197
7 17 10 1 41887 0.9277647531194795
19 3 9 0 27701 1.0937928555593721
28 22 29 7 34453 0.9853030780171297
17 17 14 9 43675 1.0963573767540902
7 6 14 29 67682 1.094422621783784
19 17 24 2 39114 0.9791464814137569
3 16 15 25 50198 0.9521716739975228
16 8 25 12 50260 0.9432570287846558
1 12 2 22 23458 0.9303612940811896
23 11 9 10 62196 0.9775703667004744
26 16 5 7 71747 0.9794939434257595
19 3 14 29 60756 0.955726413786564
18 2 1 17 69211 1.09445685212169
28 8 1 24 96027 1.0288930024925698
11 12 17 26 57976 1.0355249192562521
3 24 12 15 44831 0.9588966463845918
17 17 0 5 62733 1.0407101060596262
28 3 18 25 67035 0.9090737436842347
6 26 27 13 78394 0.9174576893476368
0 18 22 19 56078 1.0801260807983728
3 29 15 27 41327 1.018205652268546
29 6 0 13 76407 0.972253582307955
0 28 14 8 89073 1.0478821685129664
1 10 25 10 70121 1.0258013393600627
11 8 26 20 63795 0.9381089486105765
19 21 28 20 18796 1.09856274435192
29 14 9 16 59614 0.9158205197105999
5 17 28 5 72512 0.9803438005551948
12 14 0 12 48965 0.9973446599614694
28 0 12 26 85093 1.0832238301840067
22 0 14 11 59675 0.9415828327870412
23 21 28 8 45790 0.9672312444393619
2 4 16 27 82416 0.9877951358046155
12 13 29 28 76658 1.0422866511093445
15 18 3 6 62271 0.9593225760842549
6 19 23 16 46298 1.0348209804535247
12 7 29 10 52918 1.0262365103204107
14 8 1 22 70246 1.0763163253809966
1 17 15 29 55268 1.0859241591278608
2 6 2 26 45439 0.9785077006372793
26 24 3 29 68077 0.9662778923449948
8 20 27 16 48712 1.0987936019595061
14 23 26 20 32178 0.9226083527990852
21 2 27 29 68523 0.9606320482828979
8 6 6 22 42251 0.9816992358341446
11 2 10 22 44934 0.9713002768726302
1 0 19 24 80147 0.9039298952843954
21 15 17 3 35017 0.919635237955394
15 0 2 7 35927 0.9181626820843231
19 5 17 19 36915 0.9654781111851687
3 20 16 15 43888 1.0162305517399495
27 29 18 5 59553 0.9063068102984851
13 4 7 16 41995 1.0261778806710022
6 20 27 20 41445 0.9361284088897532
3 16 10 29 39606 0.9569728248379056
3 15 2 6 26204 1.0915633745654147
5 18 28 9 81501 1.0716486568043204
6 9 7 24 37310 0.9413844578289601
21 21 13 18 26187 1.098889686940201
29 15 15 23 45592 0.9930886078277004
20 25 12 19 32610 0.9887523382018943
6 23 17 4 62919 0.9762057467622021
5 6 7 15 30308 1.084302741846594
10 18 23 11 54037 1.0983365760622146
12 26 26 20 44658 0.9532288316020382
21 3 27 7 30455 0.9777971329867201
21 21 12 16 32778 1.0566529687015302
14 24 25 6 66281 1.0350834099381463
3 27 17 5 68416 0.9830673097276754
9 4 4 9 17854 1.0842050480890026
11 22 21 27 41171 1.003743420294046
