4268 3560 3988 2958 2776 2763 1573 1761 2156 1862 2789 2474 2915 2432 1524 2281 2704 1612 1374 1470 1966 1778 1918 2602 1927 1617 2506 2075 1526
1874 2729 2535 2641 2539 2838 1608 4259 3395 4189 4059 4648 4999 3976 5013 4068 4196 4162 4246 4521 3846 3956 4542 3473 3755 3944 3730 3692 4459
6422 6838 6749 7669 7056 7794 6972 6562 7385 7554 7062 7521 7483 7924 7004 6403 6803 7768 2959 3018 2553 3226 3288 3686 4028 4054 3983 3794 3583
4598 7131 6947 7864 7883 7529 7688 6458 7557 6392 6857 7388 8016 7744 6296 7622 7120 7088 7878 7115 6663 6546 7491 6649 6520 7580 7508 6783 7347
2646 3837 3719 3780 3811 2417 3009 3236 2454 3441 2388 3491 3202 2348 3666 2922 2885 2407 2702 3661 2841 3324 3607 2549 2749 7707 6727 7684 6754
3083 2180 3488 1831 1932 3217 3068 2979 3538 2214 2713 1832 4394 4419 5518 5450 5154 5014 5169 5727 5307 4735 4857 5447 4404 4516 5011 5344 4414
2248 2024 1994 3118 5595 4083 5171 5637 5521 5161 5025 4375 5235 5435 5399 5250 5262 4543 5302 5332 4187 4701 4491 3957 4435 5338 4694 5650 5386
3593 4054 4379 2754 3792 3951 4083 4107 4256 3310 3462 2697 3064 3589 3719 3184 3436 3608 4120 4246 4375 4047 4925 3838 4930 3827 3880 4897 4331
4041 2537 3796 3367 2862 2908 3680 3747 3903 3823 2853 4100 3356 3317 2471 2978 3417 3783 2592 3340 2516 3077 2443 3914 7679 7317 7978 8240 7865
7333 7578 6766 7882 6697 6722 6616 7461 7091 6981 7052 7892 7351 7071 6413 6324 7905 7439 7585 6973 6674 6736 6682 3344 2265 2891 2550 2757 3399
2050 2657 3222 2156 2597 3000 2341 3430 3643 3434 3219 2006 2630 2500 2043 2840 2298 2833 2738 2788 2582 2460 3258 2969 2574 2793 3543 2242 2200
7112 7448 7607 7432 8039 6952 7454 7304 7072 6562 6653 7673 7835 6847 7824 7082 6674 7744 8551 8173 8169 8415 7308 7887 8295 7775 8812 8083 7861
3669 3216 3494 4662 3455 4563 3593 3721 3670 4644 3595 4692 3894 3735 4369 3429 4571 3394 3508 3570 3878 3628 5289 3841 5219 4671 4977 5009 4241
7988 6550 7053 1868 1584 2770 1697 1350 2741 1521 2137 2928 2113 2558 1524 2408 1999 2811 2617 1376 2548 1719 2247 1912 1749 2168 1393 1438 2443
4640 3508 3329 3578 4724 3996 4492 3714 4167 4406 3181 4336 3326 3758 3411 3553 4208 4098 3751 3399 3668 3506 3354 4211 3112 7504 6517 7565 6636
3916 4513 5119 4747 4512 3788 4940 5128 3796 4107 4391 4864 3880 4176 4864 3753 4077 3910 4279 4045 4430 4893 3885 3629 3662 5111 3951 4190 3637
4307 5477 5570 5793 5371 4767 5388 4520 4613 3500 3930 4759 4381 4859 5081 3756 4836 4652 4394 4687 4140 4328 4400 3988 3562 3570 5087 4941 3941
3167 3132 2375 1985 3623 2732 2509 2020 3417 1937 2225 3249 2654 2307 2070 2492 2796 3648 2164 3590 2128 3647 3195 3127 3025 3179 2054 2749 3492
8149 8446 7673 8221 8634 7605 8631 8384 7981 7396 8504 8655 7749 8341 8368 7848 8483 7226 6568 5295 6766 5193 5347 5828 6296 5233 5887 5851 6317
3508 2472 3027 2572 2510 3692 3068 3696 3591 2394 3088 3590 3119 3754 2474 2292 2439 2746 3813 3962 3601 4419 3611 4337 3754 3982 4928 4847 4542
3112 1799 6887 7585 8427 7290 7351 8007 7036 8313 8216 8307 7363 6964 7487 6998 7187 8168 7165 7786 7969 8194 7853 7411 6875 8176 6830 7494 8374
3733 3728 3810 2660 4162 3687 2561 3970 3608 3739 4077 3462 3892 2918 3082 4104 2488 3544 3783 4319 2990 2776 4253 3748 3029 3156 3043 3359 3256
2822 3305 2494 2303 2513 4025 2463 3684 2692 2694 2360 3641 3633 3462 2647 3419 2925 3283 3164 3604 2767 8597 8197 8312 7510 8387 7750 7506 7791
6611 5705 4890 4985 3370 3702 3617 4663 5027 3615 3581 3752 3630 4846 4887 4039 5053 3670 3349 4071 4061 4782 3606 3978 4071 3888 4047 3841 4138
2531 2712 1874 1848 2674 2605 2425 2225 2760 2053 2730 1555 2240 1109 2456 1385 2573 2708 2452 1939 1388 1535 1232 2145 2449 2560 1838 1681 3048
5642 5744 5986 6047 5227 6163 5230 5166 6408 6325 6058 6341 6818 5385 5652 5961 6028 6449 6519 5801 6471 6403 5629 6808 5900 6370 7624 7444 8202
2811 3318 1828 4489 4926 4242 5370 5202 5488 5041 4634 4862 4505 5402 5831 4557 5257 5264 4943 4545 5446 4620 5969 4603 5452 4868 4550 4791 5933
1528 1809 2176 1563 1467 1366 2766 2217 2178 2522 1867 2648 2324 2711 1538 2030 2368 2438 2895 1596 2042 6203 7848 6822 6503 6999 6870 7646 6472
6573 7653 7976 7387 6330 7551 7540 6492 7792 7117 6547 7308 8640 7038 8024 7365 8070 7531 7498 8146 7059 8062 7556 8129 8191 7430 7335 7261 8618
3474 3208 2247 2472 2280 1960 2216 2713 1913 7863 6545 7587 7290 7937 6765 7220 7490 7830 6924 6889 7845 7377 7883 6892 7631 7444 7786 6628 7807
6770 6015 7655 6337 6368 6579 2664 7162 6391 2961 5792 5235 7463 2043 4078 6661 3585 8677 2630 8403 8315 8111 7022 6303 3274 6886 6743 4027 1548 6529
5870 7249 7273 5973 7583 7389 2541 6060 6245 1854 4660 5570 7384 2579 2762 6508 3576 8531 2977 7447 8832 8389 7030 6139 1786 7379 8012 3441 1960 6629
5547 6443 7150 6383 6730 6841 2750 5311 6682 2792 4386 5363 8328 1409 4218 8181 4387 7810 2813 7563 8172 7470 6268 7077 3168 8060 6763 4098 2576 6142
6172 7295 7268 6392 6907 7341 2445 5067 6701 3207 5478 5799 7546 1050 2524 6811 4660 7829 2859 7122 4831 8120 6460 7309 2006 7008 8230 4423 3154 6242
5064 7265 7024 5270 7694 7752 1488 4618 7012 2881 4717 4568 8679 1966 3193 6870 4609 8753 1416 6767 5277 7019 6361 7253 3152 7985 6940 4472 4673 6389
5847 7091 7451 5264 8435 6746 2222 4950 6982 2945 4756 4551 8557 1204 3057 6083 4015 8798 2602 7839 6142 7550 5986 6453 3005 6942 6818 2396 5065 6321
5587 5950 6333 4973 7280 6898 2404 5334 6453 2624 5133 3292 8546 1622 3175 6332 3306 8597 2728 8213 5255 7764 6719 6371 2356 7667 6634 1795 5236 6959
5629 7037 7281 5830 7340 6643 1611 3963 6151 2065 4224 3548 8280 2347 3676 6231 4606 7218 1941 7175 5216 7773 6819 6909 3152 7774 6604 2130 3869 5937
4982 6024 1727 5623 7321 7203 2315 5015 6798 2285 5113 3128 8117 2287 3860 6378 3582 7801 2706 7833 5094 7656 6361 6233 2053 7995 7787 1999 4927 6951
5425 6335 2003 5943 8068 7162 1937 4686 7204 5067 5845 3940 7258 2894 3251 5849 3226 7706 3626 8088 4811 8725 6380 6888 2695 7244 8210 2348 3758 5608
5682 7975 1577 4907 8717 7519 2615 4256 7228 5841 4732 3323 7762 3099 3106 6742 4514 8688 3365 8048 5646 7840 6720 6560 2584 8130 7895 2823 3977 5975
6468 8200 2053 5436 8174 7370 2858 4576 6041 5677 4126 3872 8345 1800 3653 6612 3554 7383 3222 8069 6107 8333 5956 6757 2576 6983 6787 1410 3663 5699
6337 7487 1457 5502 7120 7062 1678 4020 7082 6091 5849 3217 7412 2971 3401 6637 4057 8049 4166 7674 5104 8648 7623 5895 3029 8334 7269 1870 4945 6109
5190 8077 1623 5549 8455 7253 2005 4094 7440 6093 5263 4494 8161 2832 2964 5466 3234 8126 3889 4574 4892 7809 6527 6174 1645 6953 7166 2851 4558 5905
6607 6625 2164 5737 8214 8005 1524 4682 7463 5467 4590 4083 8659 2594 4013 6510 3139 8754 4625 4227 5141 7962 6160 6027 1681 7071 7627 2766 4501 6225
6442 7388 2697 3692 8392 7278 1804 4146 7027 5236 4626 4233 8063 1836 3652 6513 3453 7237 4735 3046 6471 8599 7024 7082 1649 6778 7757 2756 3739 7234
4982 6780 2739 3540 8089 6451 1411 4260 7292 6128 4175 3767 8124 2240 3783 5828 4000 8761 3504 4001 5675 7945 7267 7011 3120 7419 8838 2763 3986 6618
5016 7308 1305 4479 7711 7202 2828 4596 6641 4861 5794 4748 7325 3394 3172 5467 4139 8285 4293 3224 4781 7897 7335 7449 2044 7221 8393 1230 4289 6715
5158 7379 2122 4583 8709 7373 2304 4383 7348 5194 4358 4342 7256 2474 2672 6719 3714 7480 3853 3611 6324 7630 7267 7199 1959 7361 8648 1863 4227 6141
6680 7318 1890 4811 8435 7603 1522 4928 3949 5947 4445 3601 8585 2776 2735 5843 4629 7266 4763 4315 4739 8128 7531 7380 2077 6936 8722 2395 4053 7284
5322 7159 2450 3618 7108 8106 1825 5634 4018 4777 5353 4708 7540 2504 3058 5596 3121 8225 3382 4307 6371 7614 6887 6307 1627 7686 7909 2062 5230 7341
5767 6810 1492 5066 8822 7973 1349 5032 4430 5965 5575 4272 7793 2368 2517 7033 4110 8231 3194 3741 4806 8020 6060 6029 1737 2527 8395 2310 5032 6236
5353 8307 2808 4616 7324 6716 1645 4534 4373 4895 5476 3647 7272 2877 3051 5435 4431 5602 4478 3827 5958 8704 6501 5918 3100 3127 7517 1585 4134 6765
6243 6701 2250 3647 8124 6794 2827 5289 4507 5990 5139 3279 3363 2318 3321 5623 3106 5570 4467 4107 4769 8660 6677 6238 2243 1983 7367 2119 3716 7334
5645 7568 1311 4108 8034 6851 1112 5074 5011 6301 5665 3077 3437 2475 3877 7021 3228 5389 4400 4366 5678 8058 6773 7263 1851 3202 7731 1812 4410 6599
6296 6725 2821 5240 8676 7444 1961 4167 4122 5591 4824 3713 3354 1877 4033 5527 4078 5067 3755 3460 5318 7738 6626 6677 2376 3108 7407 2772 5008 6919
5813 8211 2263 3547 8017 6696 2852 5426 3628 5562 5219 4146 2107 2171 4102 6688 4741 4738 4313 3711 5208 7224 5905 6350 1674 1966 8897 2415 4607 6221
5959 7649 2330 4045 8409 6419 1945 5560 4768 5206 4297 3345 3518 2409 4326 6398 4460 4775 3433 3275 5647 3769 6713 6528 2201 3334 8693 1321 4644 6053
4941 7613 1609 4346 8317 7513 1504 4884 4403 5144 5123 4118 2992 2093 3911 7170 2650 4775 3258 3330 5879 3678 5667 6389 2391 1753 8686 2808 4281 5850
22 18 0 8 77704 1.0699364800001432
19 20 7 4 70623 0.9466464896293687
1 27 16 23 47478 1.0049031749256365
22 27 20 15 47870 1.0552467402938943
3 10 16 12 46392 0.971959428242168
12 20 26 12 57467 1.030860454920249
25 21 21 1 59335 1.0920586318099903
3 9 15 26 71283 1.0426714858486237
17 28 20 9 66177 0.9417995429858831
12 6 28 27 74799 0.9183964581203062
25 0 26 13 39953 1.0852612205490204
23 6 6 2 48425 1.052512663830281
4 21 16 28 52669 1.0730321413091473
5 22 14 2 82692 0.9259037266328005
10 18 17 22 37589 0.962520773205982
7 23 18 29 49236 0.9975749652687402
29 6 12 25 76872 1.0863165049711507
18 14 2 18 55071 0.9370865534918569
4 7 23 14 63599 1.0857177725154277
1 26 19 11 81298 0.9891596675436047
29 27 24 0 69129 0.9911909192794763
24 25 28 11 38211 1.090770326306961
9 27 2 8 75559 1.0725978473539162
20 7 7 21 75757 1.0465447528119067
6 7 27 27 92389 1.0121666493778172
8 0 0 26 78371 0.9622025643200978
18 23 13 6 54173 0.9516528387400278
23 4 26 23 55639 0.9281504177334823
2 27 13 0 100913 1.0862805643072193
29 0 4 1 79253 1.0147810271623987
5 5 17 18 58159 0.984357161526031
20 6 4 12 50545 0.9066377491358377
0 20 28 6 84069 1.0799557178606694
26 25 0 20 74741 1.0459066574635332
14 0 11 13 42304 0.9018072741090449
25 25 19 12 42535 0.9537893167453624
9 17 21 29 64229 1.0079033741480057
0 12 17 5 51619 0.9500952546352204
26 23 24 2 54741 0.9633362877498004
20 22 6 18 61750 1.0926167486890095
18 1 22 17 59968 1.0951108882895966
8 27 7 0 88029 1.0783025644587443
11 19 14 29 40265 1.032013878175507
4 24 28 11 83246 1.0030927213305665
3 12 9 19 42272 1.0970078354003263
28 25 5 22 68695 0.9501558972295743
6 27 19 28 33451 1.017750234057778
18 21 29 21 58112 0.958723597354583
27 27 7 3 95311 1.057602996568052
19 3 7 16 61027 0.9898189472363859
9 0 5 8 36777 1.0796145093245366
14 28 17 13 44527 1.0795597045089298
3 16 13 7 46576 0.9497941140760885
28 8 22 1 31081 1.01114635694554
16 21 6 21 49285 1.0699019324833599
18 24 18 0 73249 1.0801550692833684
15 25 0 7 71935 1.0681694663094787
9 19 17 21 45762 1.0258105460913183
14 1 14 28 67918 1.0090460260855336
15 26 11 15 43426 1.0589694151280886
18 15 28 20 52730 1.0939571153041874
28 19 29 9 36966 0.9854143522798748
17 5 22 29 77089 1.027231956998872
1 12 26 27 88259 1.097277848201085
0 29 0 4 52381 1.0835527003887346
21 15 17 23 39909 0.9039453672827847
1 23 13 5 69890 0.9974464548747838
7 4 2 16 53056 0.940846263454319
8 17 7 8 31319 1.0209539036637412
11 21 28 23 61972 0.938604435199982
2 23 19 1 92979 0.9756443923184714
3 22 17 24 45313 1.006323971925567
25 20 11 22 52598 1.0492642807735852
9 14 14 26 45655 0.973766860908583
17 12 13 20 27449 0.9805894631881278
16 13 21 27 49212 1.0211008352546764
21 29 27 12 49245 1.0016974500659743
21 21 20 7 55610 0.9254851372744747
6 11 1 2 38840 1.018068082670045
22 18 7 4 73481 1.0043187888567422
15 24 29 9 66712 0.9764585769203586
3 2 18 21 93204 0.9112790264113656
12 3 0 3 48970 0.948777174913872
11 0 8 18 60913 0.9786940668058197
23 4 4 9 53116 1.0002535554336258
25 5 3 16 76592 1.0933921131634114
8 4 10 27 66792 0.9318979471418624
4 8 28 25 95372 0.9322645721964845
12 18 7 7 47050 0.9618135042959823
11 15 17 25 42447 0.9205693726000843
18 13 25 7 33954 1.067416627235436
10 12 28 21 66623 1.0573196569817858
21 6 15 13 30566 1.0383348867736475
9 5 24 12 50602 0.9497719241654927
25 2 2 3 71576 0.9073097258975779
21 5 28 20 53178 1.077011030251129
14 2 2 16 67558 0.9161634532921229
8 24 20 17 57041 0.9742899305243533
26 13 13 21 50406 1.0151914685750443
6 9 26 26 90783 0.9404803171443753
18 14 3 17 54821 0.920299323900022
2 19 26 21 87848 0.9071352331961128
22 14 18 21 37267 0.9772072717272597
2 25 29 11 96566 1.0218441541608678
17 16 8 25 51671 0.9543027747324944
1 10 14 15 47867 0.9226519351667043
14 2 10 22 60337 0.945473783793427
20 22 25 9 56209 0.9584836359285431
18 12 20 24 47223 0.978114612546992
2 5 10 28 83978 0.9674053016605758
17 11 11 17 36180 0.9443472968862763
9 17 29 3 76874 0.9099114128237711
26 8 18 29 72742 0.9584537880752328
8 10 1 16 33857 1.024320879655397
2 8 14 27 77522 1.049936059569883
14 5 27 17 54129 1.0574977534865155
15 21 5 27 37814 1.0950746599148993
9 0 18 20 76095 0.9675662007334611
0 11 17 24 64474 0.9677477846307292
24 1 1 10 72626 1.0003186335909824
0 5 26 12 73874 0.9171546532629266
28 5 1 13 74469 0.9335376508065137
5 20 19 15 64033 0.9282885005099029
6 11 16 27 61853 0.9672557118323779
22 18 14 29 55889 0.9465802018458231
1 6 22 9 52275 1.0172860565997401
24 23 4 29 63255 1.0024890716579933
27 27 20 4 71534 1.0707644229325453
22 13 13 15 27100 0.9749344757711433
26 14 5 15 65393 1.0831725288450345
20 6 1 17 69174 0.9644332630920627
20 16 28 12 32083 1.0743072492102756
8 15 27 23 73694 1.0395856318267565
4 21 2 2 66533 0.9117046101903175
7 13 17 18 38213 0.970853233455705
17 6 2 6 31067 0.9892003147500021
25 5 28 12 28692 0.9512383467213029
8 16 6 26 40363 0.978626303492752
4 3 13 15 47705 1.0861821759604495
18 1 18 25 77981 1.0314588646095895
25 9 11 27 67273 0.9504385539843591
5 25 15 22 36694 0.9988503167608646
6 13 23 5 53426 1.0796490889826558
19 3 9 8 40776 0.9443654762459001
18 29 16 20 38986 1.0425696036008736
3 7 25 16 72414 1.0225787061161178
0 19 8 5 48490 1.0147919053875898
8 0 11 8 34282 1.059023862048936
16 3 3 12 62367 1.0511759118315662
12 26 7 7 66489 1.0875930987770068
27 20 17 0 65681 0.9736825886635679
3 5 16 29 89657 0.9374900811878841
2 28 8 19 45299 1.0521948615951313
7 4 22 11 51222 0.9272713536543996
26 2 2 0 76891 1.0378510838445303
27 18 18 9 47836 0.9270760829087281
27 21 2 3 101964 1.0276577089182357
13 28 0 4 78807 1.0271356741176443
7 8 21 17 64844 1.0748912941046982
4 25 0 9 44684 0.9840864380136642
28 25 28 11 49821 1.092175725187882
19 15 0 2 75413 1.0043067412993556
2 6 22 12 58429 0.9734921117564476
7 20 29 8 86857 1.0019937846668365
9 15 27 12 55322 1.0517675109891749
22 2 20 26 72120 1.0101497260016252
11 24 14 7 46208 1.0615851194386485
3 29 19 7 95749 1.001852392034494
23 10 10 15 49271 1.0796538445270623
20 2 23 21 57441 1.0941413889640201
7 0 2 19 69660 1.03423741717919
24 25 26 14 30172 0.9474640469544588
10 12 19 24 46317 0.9598404611844848
15 1 23 14 53685 0.931212129393055
3 22 2 8 56424 0.9613345332505984
20 17 5 5 67468 1.0923635915962335
17 1 5 28 86222 1.0471111321591926
17 21 7 18 43209 0.983811013615794
24 14 11 12 41928 1.0346627762380067
7 19 3 29 54611 0.9353134182640136
8 22 29 22 67444 1.0248848353720017
5 20 3 6 49534 1.0518734654232245
0 8 14 10 45434 0.9031293119336073
0 4 2 14 29850 1.039462931678945
7 6 5 24 63394 1.0609876701069305
24 26 14 23 30457 0.9307197611240241
5 9 11 24 53400 0.9429446957615748
18 23 10 4 66921 0.974517129208144
20 16 9 17 48437 1.0552084805091622
22 21 25 6 44088 1.0225392425583713
13 6 17 26 52505 0.9086348123631833
13 7 14 16 22514 0.949006294883026
25 28 12 19 52920 1.0104594363795445
20 18 1 16 69460 1.0352523545459673
10 8 29 13 60915 0.9014440560864126
2 2 5 27 84192 0.9296470551373581
22 0 15 24 74377 0.9651586406440354
13 27 14 15 29326 1.0683217984018416
0 10 12 3 47825 1.0214920353777475
26 14 8 22 69899 1.0048109728572066
22 10 10 18 53036 1.0658456295871277
26 7 10 24 74797 0.9527590269352971
29 18 3 1 105254 1.0776329591837752
1 11 2 22 38540 1.0038479159475238
4 7 24 7 45606 0.9351542144323806
0 5 21 10 61392 0.9210781291175301
19 16 26 7 43361 1.0698518354156796
1 8 26 6 56848 0.9076263626812117
17 19 28 3 62154 1.065457880784363
29 26 12 13 72828 1.0407340428770029
27 7 13 2 39273 1.0847088854431421
17 18 8 3 57842 1.0958637831366054
18 11 8 3 44140 1.006146647985393
26 28 18 9 67372 1.009937136669503
6 9 11 21 51147 1.0530978059393248
4 25 25 12 76832 1.007265805848654
7 2 25 9 62350 1.0142630943420028
16 8 1 11 59169 1.0490638720144105
28 25 4 26 68678 1.0225758942160597
20 1 7 7 41672 1.0239662033857666
28 3 4 27 100169 0.9851681534676087
19 23 27 20 36493 1.0336204403423002
16 16 1 23 62090 0.9334682416388291
12 27 27 23 42785 0.9073902113469726
3 17 11 20 36138 0.9839239113069712
23 22 6 5 80755 1.0518838508292916
5 22 20 17 75858 0.917263453671616
18 14 24 1 46164 1.0561532765738142
1 27 14 28 39201 0.9952553051158908
29 6 6 29 99345 1.0597159845444737
3 7 1 25 59050 1.0739857115827458
26 18 1 20 89107 1.066373824429269
17 29 29 16 61239 1.0519438157888843
24 27 13 7 66238 0.9300297782311892
11 28 16 15 46167 0.9177435603391139
18 14 8 5 43779 1.0804260582896577
6 24 20 13 60310 1.009462028628027
27 19 13 6 57471 1.086011329718505
28 8 24 17 30353 0.9587273705002866
23 10 23 25 36009 0.9250881569106085
21 26 14 21 31413 1.070868844248539
9 5 1 26 74640 0.9802754367116916
23 0 8 29 103272 0.9337152385619322
28 12 2 28 93997 0.9433745784642097
4 10 1 28 47496 1.015464429649756
18 3 10 7 29055 1.0896560008002527
0 1 26 27 114958 1.0422486756432174
4 6 13 12 31502 0.9928495305456899
5 15 17 8 51145 0.9683353123433058
27 10 16 1 45183 1.0080819453552348
24 5 19 27 56833 0.9173814510090853
27 16 23 27 36443 0.9224948617559111
10 17 22 27 52218 1.0440083798155877
10 5 1 27 72645 0.9992027087774104
5 19 13 4 57997 1.0592529683761467
12 2 4 28 85036 0.9878095611230945
20 15 8 28 68488 0.9990535250006575
14 7 0 24 65816 0.9281384762143763
25 29 13 9 73475 1.0947528731104488
12 0 18 25 76258 1.0243697838658732
4 28 14 23 37954 0.9014040778014346
23 15 15 26 51309 0.9499891813573751
19 28 5 24 45743 1.0054707325429202
28 23 11 13 67603 0.9455031313948944
19 17 4 16 53984 1.0287707371955777
25 24 13 14 45894 0.9213269860845146
13 0 8 22 78901 1.0696921752140733
17 13 10 7 33481 0.9887004497900387
21 20 14 9 56268 1.054493784638514
0 1 22 15 87456 0.9625833913602031
20 20 1 28 72593 1.025581263334706
1 10 28 23 101766 0.9921888635520266
27 3 1 28 104457 0.9023276773359096
27 25 14 12 60354 0.906289855394286
1 27 19 9 86570 0.9644958414729174
28 21 5 23 76962 0.9716689711279612
0 8 10 8 31482 0.9929623872834862
27 9 9 5 49940 0.9906323790145147
22 5 9 24 69687 0.9225767182037845
9 3 23 23 82894 0.9359150070337541
11 10 6 2 40637 0.9639986335186036
25 8 0 20 85230 1.0725793161708292
12 5 5 20 65611 1.0069034193028321
27 12 6 13 54080 1.025352971333181
26 2 22 11 31498 1.0241787688164048
24 23 0 4 90876 1.0993168505328987
20 22 10 14 58898 1.0441954715627337
3 3 11 17 67349 1.0895636978726726
25 13 18 0 49492 1.0171141132596162
13 9 17 25 43538 1.0668368986257395
8 4 27 29 102428 0.9555990090466618
10 19 4 11 34265 1.0232615413022066
0 21 17 9 62201 0.9423629153888657
10 28 23 27 30926 1.0464926616308587
24 15 13 19 45695 1.0602421235285344
7 28 0 24 32337 0.91878419953153
26 8 11 22 81823 1.0444901104982525
26 25 8 24 44578 0.9517521953926904
19 6 7 21 67761 0.9379170623469834
6 1 17 28 89540 0.9458803654789371
29 27 7 16 79346 1.0865269323492337
0 7 18 5 47779 1.0376856617761476
29 16 5 26 84561 1.0635733859102146
3 19 1 0 60032 1.0196861549502931
20 15 11 24 52648 1.090091045165026
23 24 6 25 43519 0.9971677385472176
26 24 7 6 75195 0.930892336893496
13 21 4 17 34720 1.0869694243139194
29 1 13 0 48797 0.9159575048122962
22 6 25 21 44528 0.938239106093457
26 24 0 3 100206 0.93459070780079
14 1 5 18 66880 1.0533971079132987
28 8 14 10 49292 0.9681534160906233
14 25 7 16 43246 0.9097781670496988
17 5 24 2 22300 0.9936566128537914
29 19 1 12 85548 0.9669801275883622
2 24 21 6 83205 0.9536726410514865
22 21 12 9 62562 1.0618597195350734
21 25 12 8 61010 1.0984265690343678
9 25 2 13 47574 0.995708111250736
26 10 28 27 51308 0.9638638887465627
24 6 26 29 59065 0.9294581139870959
11 3 6 14 47655 1.0493548652625848
17 26 0 13 65289 0.9386627690487606
19 16 14 11 27249 0.942724716412455
20 17 7 25 65123 0.978031392121839
15 13 29 25 59521 0.9472620622205675
0 11 11 19 48090 0.973951698108962
22 4 16 25 69389 1.0791742676388234
10 19 27 16 64137 1.0739962560810865
1 9 26 28 102934 0.9813587692549349
10 24 24 20 37371 1.066492076882739
29 22 12 10 79031 0.901784624148112
16 0 22 16 61900 0.9231063667143823
7 14 3 20 31887 1.0754627762669637
27 27 8 15 74817 1.0122553771620078
1 18 22 1 84964 1.0748109643039898
21 9 11 19 62863 0.9583673416209033
8 16 29 5 68682 1.0073033394612154
12 6 8 14 32533 0.9058770656900814
9 2 10 16 41064 1.0865704169171873
23 13 4 12 49287 0.9860806463768448
1 7 4 24 51697 0.9452729564156446
1 6 25 1 63964 1.078097707228317
14 28 7 4 70269 1.0808737020830965
29 19 18 14 45571 1.038329322984821
14 3 23 17 60418 1.0223881991011814
0 12 6 0 43013 1.0121039549914368
27 14 5 18 71434 1.026245289267936
5 16 9 23 36507 0.9222184140356965
28 10 15 1 51213 1.0464590990616673
7 19 0 14 30266 0.9516553729399804
18 26 11 2 76659 0.9432388567049013
25 23 21 5 51536 1.0742735796880787
21 11 0 18 65828 1.0197866298780989
7 9 17 3 39882 1.043405847338775
8 2 24 3 34231 1.036884221266641
5 27 9 19 40866 0.9421805075735905
1 1 6 18 56803 0.9794087652658323
18 20 9 29 44890 0.937569915663264
2 8 12 21 67829 1.0146990619002956
21 4 2 10 64204 1.0774659394731398
11 20 0 3 67114 1.0492640399540214
14 2 10 26 66660 1.0312741419966092
23 13 4 27 72675 1.0840157507377888
29 11 14 20 67356 0.9169945244089411
23 23 4 9 80594 0.9712614103192185
2 1 18 10 69816 0.9799118837333336
7 28 4 11 65652 0.9820052332263364
3 4 6 22 72124 0.9878420275665152
10 21 2 3 72208 1.0040889675862301
16 18 27 1 63434 1.0652749348277024
1 23 15 26 47134 1.06225647341815
11 3 20 11 48474 1.0865543524658134
11 11 18 1 43745 0.9892236570085298
17 7 15 21 46501 1.002844808222969
6 6 17 3 30502 0.927574749236263
22 24 12 4 65441 1.0443762745956662
5 2 13 25 68063 0.9899153380210675
23 25 6 12 70459 1.0936964585155746
11 20 23 25 44122 0.9300270035530182
13 7 0 29 71373 0.9191961508953121
24 23 11 24 30632 0.9591031144902737
17 3 2 12 59703 1.085276380114722
7 18 16 15 37418 0.9602695345714558
24 1 14 23 74071 1.0399317542237865
20 25 0 24 55886 1.0968452950277192
16 18 1 16 56028 1.090401605743079
3 1 24 9 72441 1.0638232075745
18 21 29 25 44923 0.9686425940578902
24 10 25 28 40385 0.9292384028396404
9 28 10 17 32786 0.9635660137329609
8 6 19 1 34761 0.9995908716152381
21 6 23 26 51051 0.909320352276103
5 7 20 8 43297 0.9265569513246834
1 2 11 13 51247 1.0155425473605408
18 15 23 22 45440 0.9167375080130998
22 7 14 23 61503 1.0976321520047192
9 12 28 21 73881 0.9425380256771358
14 4 23 26 72989 1.0133182276923731
28 8 2 7 68015 0.9220173965209505
14 7 27 5 30822 0.9485021019714057
1 17 15 11 54907 0.9562694100610584
6 10 21 24 68997 0.9410156236396018
10 19 23 17 57877 1.0709325817277011
27 6 6 13 58476 1.042018809105826
25 28 18 9 64088 1.0927776302312273
24 25 18 19 34596 0.9073175278939644
19 21 20 12 35220 0.9992781884616981
14 14 22 21 47411 0.9326813594227124
10 25 3 10 58762 0.9449471235379542
5 12 21 0 66671 1.0676649548394426
0 12 15 26 66004 1.0347917755389318
29 0 29 20 60817 0.9889331517729097
17 27 20 1 75264 1.0958643475550898
7 4 20 11 52071 1.026026099350013
7 6 9 29 71137 1.0077332740564553
19 0 19 28 84946 1.0944119757718416
20 19 6 13 52752 1.0170950059548387
28 18 10 3 72913 0.9069814612289719
7 2 2 29 83797 1.0631870257659455
22 7 11 22 66661 0.9195383203595654
26 20 12 14 59226 1.0733949867273722
25 21 14 3 71393 0.9183440990724201
8 28 2 16 58351 1.0835327737086982
6 21 26 4 93978 0.9440141184442581
7 10 29 18 77133 1.0012090910989613
15 7 8 1 32862 0.9147840972856723
5 1 28 19 91034 0.9640849137895391
26 21 26 8 40009 0.9777583366631679
15 26 12 5 56546 1.0320337508157262
20 15 29 25 53131 0.9489614845719125
24 11 4 2 66092 0.9316176013257925
13 20 6 1 62012 0.9233393797411277
8 24 27 6 78112 0.9164334710224138
24 19 2 2 94405 1.0541642976056265
14 1 25 9 48137 1.0392158061148589
28 17 11 22 70504 0.9514229134028418
8 24 19 17 49775 1.085888209490934
21 3 8 9 48465 1.0361067750020316
1 23 23 13 78528 1.077545674346662
23 24 6 27 40324 1.08150013503363
21 19 8 1 78412 1.065329513307915
11 8 12 25 56468 1.0858353710726314
18 25 28 3 70315 1.039225639910796
6 20 19 14 59672 0.9456416072576361
0 18 23 19 78541 0.997829507484714
7 12 25 11 53547 0.9849790091158506
25 18 28 0 51543 0.9144871322411984
5 18 8 5 47493 1.0646949685668616
9 29 0 11 64864 1.087023227051809
9 25 22 1 81378 1.052877206103343
29 1 10 11 60546 0.9915850366338372
27 15 6 9 69540 1.0915834608413661
2 0 23 7 69724 0.9187882509621941
5 18 4 6 36865 0.9807541358000987
6 13 17 19 41999 1.0799412279509655
2 17 13 25 53380 0.9317363594292069
29 23 1 7 103811 1.0230048028849887
21 18 28 27 37698 1.0231975420138002
6 14 18 2 55413 1.0083326117906068
6 19 3 6 47214 0.9798621762007196
8 22 14 3 64499 0.9430870154715639
13 26 16 11 44038 1.082346201861314
10 27 19 9 62693 0.9398584270140943
7 15 18 27 59256 0.9848985076686265
13 17 4 14 31027 1.043491470230351
7 27 0 14 49931 0.9248391836490281
17 17 13 28 36342 1.0509318303604993
17 18 21 27 33659 1.0258892094270113
13 17 15 5 30293 1.0631652553819149
18 10 0 2 64434 0.9744169869294923
16 29 2 29 53356 0.9418736632396857
5 24 26 27 55763 0.9894248179074605
29 28 10 10 86929 1.0867726846470083
22 5 12 6 22275 1.0467711594531637
18 1 3 3 59316 0.9608954067736211
6 27 10 5 68042 0.9204931420731808
15 9 16 18 37853 1.0983363582814385
23 13 10 21 54387 1.0520061075704255
23 14 4 16 58140 1.0723375034785154
8 9 8 24 47980 1.021487702746633
29 9 21 25 57242 0.9938055602888627
18 1 23 28 78896 0.9516050917253612
16 9 19 21 45281 0.918458974446878
29 0 19 11 48123 1.0694277829232004
20 15 28 11 33516 0.9545684284908216
9 5 0 12 39777 1.0290698395054059
5 3 29 12 72297 0.9518810374494608
14 22 16 3 59198 0.9043854668801931
18 4 27 5 31370 0.9507131271356534
16 22 6 2 81777 0.9861621323528809
2 10 8 2 42662 0.9993071516547475
27 11 9 12 57466 0.9891371801284405
5 25 23 27 48879 0.9487106490461469
28 20 19 22 45751 0.962841696329833
3 16 25 11 68871 1.0434620332341975
29 13 9 16 57717 0.9627239600088705
27 15 5 13 57209 0.9068429926927737
1 4 8 24 67131 1.024904708439077
6 18 1 11 32931 0.9548867459150567
9 6 21 13 44225 0.9016788481148675
17 29 1 2 98217 1.0140541640061822
8 18 23 17 61471 1.0684291274907234
21 5 3 5 47796 1.0305850550698512
23 7 9 19 67531 0.9275294099939976
1 22 3 3 62731 0.9852624950575537
20 4 12 17 56118 1.0080589242672713
0 22 19 25 55208 1.014197134599037
9 6 6 19 51457 1.0948868433559251
25 26 22 9 48718 0.9139834351802878
20 13 26 29 53144 0.9523857412226262
20 8 4 12 58493 1.0670467718812988
21 12 0 29 83125 1.0815742408506774
27 4 20 1 20933 1.0770314717293688
10 8 5 29 72720 1.0262436528454464
28 13 14 18 52334 0.9616786858812183
19 13 0 2 70656 1.0281265565843627
26 12 13 23 54573 0.9856497468531937
9 3 27 13 64338 1.0946010572327063
26 17 25 3 43090 0.9747637235267822
16 20 27 16 55058 0.9454035872695739
14 10 1 29 75505 0.9347880078733446
17 24 8 28 29540 0.9748545960407857
11 4 11 29 77075 0.9802593111075949
4 14 11 27 53379 0.9223273350458739
27 8 29 28 63587 0.9943137119140899
4 19 19 29 69419 1.05947653479467
2 8 13 9 43645 0.9590376307629436
5 6 19 21 71107 0.9383977912371237
12 2 27 11 49514 0.989612517620079
14 8 11 25 56499 1.0739937580760899
0 19 14 15 48131 1.0540077984139542
27 0 22 19 52439 0.943973085141874
10 21 17 26 31175 0.9358310250841796
21 3 19 25 67778 0.9974886635321739
17 3 21 25 68251 1.078239206525462
11 18 14 9 33480 1.0048369329562288
0 6 19 27 85966 0.913889504542271
12 25 15 5 53771 1.0958806244744879
8 27 13 21 21638 1.0207847650320938
8 27 29 14 77035 1.088139006969895
11 5 4 13 42590 0.9412454228624814
26 20 5 9 82644 0.9602996510257555
9 26 28 25 51709 1.0710005117368615
2 6 28 15 78461 0.907018383267096
18 24 21 3 65983 1.0592803686475718
7 7 0 17 41710 0.9261312404661398
21 11 18 22 49078 0.9441064219786579
24 9 11 25 66282 1.0143103819821886
20 18 16 1 59807 0.9484009467745552
13 21 14 12 23999 0.9229026151181646
15 25 2 2 89884 0.932190653921119
26 24 11 13 55599 1.0139398221673352
8 17 0 12 29318 1.0112480133842854
8 12 15 25 47114 1.0688593763372658
3 23 9 11 54901 1.0522758285055283
7 28 16 18 48455 0.9467085165466593
5 10 27 11 66871 0.9395091761831995
7 28 5 16 52973 0.9610152221760555
10 4 0 13 43504 0.993475910626537
2 13 17 22 56993 1.0271054182064372
19 11 6 2 57921 0.9351528466019966
5 18 13 25 38524 1.0817277581093043
8 27 1 15 55909 1.0249657977367594
25 4 15 29 83169 1.080127143026337
3 7 3 19 47331 1.0445653807131374
1 16 19 20 72041 1.0268125970055297
1 9 9 19 53288 1.092867877810061
6 9 21 18 66304 1.0943954343897933
20 20 0 28 74141 0.9776919018852527
14 12 24 14 29816 1.0096724846830811
14 29 6 2 83510 0.9751517090881876
20 0 7 5 44440 1.0343402938991648
23 23 18 10 52013 0.9960384494021591
12 9 26 18 61389 0.9366633630545217
24 24 3 1 101941 1.0897625622569505
24 15 15 22 44427 0.9759954379310768
27 7 6 27 83768 0.9208102099972814
2 21 22 19 77605 0.9599200501067164
21 19 10 21 50764 1.065318638817347
18 9 24 26 56159 0.908173336280075
28 25 2 10 99795 0.9902202164485132
9 5 2 18 57878 1.0862669878715692
25 13 11 26 63681 1.08009631975665
21 16 10 11 42675 1.0039674061900639
21 16 20 5 44103 0.9312212887896963
4 11 14 18 42072 0.9618033149860395
28 18 0 2 100022 0.9870777223910804
29 13 5 27 76910 0.98702646368798
23 1 13 7 36928 1.0809753675446048
3 9 21 15 61993 1.0147671399830442
25 5 5 20 87689 0.9776158458355302
18 26 0 1 104233 0.9441357932793921
9 10 18 16 42080 1.0329720251205412
22 29 9 2 95089 0.925326409383942
9 22 24 11 68395 1.022434109353309
8 11 22 0 59771 1.0397919511080218
26 4 24 26 54160 0.9841022858855547
26 23 9 2 85371 0.9516124154274439
29 18 4 25 79595 1.0910469724817884
5 29 22 1 100068 0.9564107476879204
29 5 3 0 76985 0.9766874879533023
16 0 14 22 69314 0.9486666688238822
22 13 9 14 36639 1.0554814896066669
29 13 17 12 32390 1.068163231765807
20 4 12 27 71899 1.0790273995411002
3 10 9 17 41682 1.0646877942625304
27 13 0 12 64922 0.9106663621938161
19 28 19 9 65421 0.9253666788668444
1 3 0 16 32449 1.0279913970050025
23 18 15 7 53141 0.9760159696803612
19 7 0 11 54613 1.075455262990595
17 27 1 16 70198 0.9661103112603474
28 15 11 24 64392 1.0033569085137608
0 1 20 29 118684 0.9899513132125495
13 24 18 12 43200 1.0672130597223637
20 27 23 19 27269 1.093214174381862
4 20 0 26 26099 0.9962868740891478
29 5 19 5 24194 0.957380953580395
15 27 3 20 52644 1.0728448173176972
26 29 0 29 77560 0.9624933769132336
20 21 11 28 47949 0.9239477533597324
7 21 1 9 53797 1.0791156417138383
13 15 27 28 63348 1.0502122409018328
6 15 9 23 37742 0.960104335565291
10 27 20 0 77306 0.9828753582800382
13 26 16 14 35707 1.0812710934029506
26 10 9 8 61122 1.002443650814576
17 4 0 26 80062 1.0999661268312566
9 14 25 29 75629 0.9010073645012111
25 29 12 26 42875 0.9666179523031551
10 22 12 13 27981 1.0575618351565264
4 26 29 12 92441 0.9640600301676937
14 19 23 18 37401 0.9429530994374761
9 28 1 22 39156 0.9200954044017149
5 20 14 16 43296 0.9791277620204832
3 23 1 8 52934 0.9337802371185081
8 20 26 9 81121 0.9415856233179201
14 6 29 10 43118 0.9070184035010443
1 10 16 7 50590 1.065051544175302
13 8 29 17 64373 0.9168167755876732
25 19 3 2 94204 0.9420324864784176
1 16 11 9 46353 0.9546920204370533
22 13 19 23 40436 0.9213919411163723
25 5 16 15 49791 0.9832769257081898
8 14 19 12 34857 0.9799780869834339
17 15 7 10 38500 1.0487573361337232
19 8 20 21 48991 1.0425181071402203
10 27 16 0 78359 1.0325310276885438
22 23 28 2 61748 1.0459057767389264
10 0 29 20 89925 0.9455035956251872
16 5 26 14 45485 1.031445489176787
6 3 16 26 78527 1.0340596498878614
24 17 10 28 49936 0.9615573999435886
27 1 1 4 67591 1.0815820169519772
22 10 3 18 69929 1.0461171317278968
27 26 15 0 91817 1.033181072676603
2 6 7 22 64178 0.9234152532478944
25 25 29 13 37598 0.9841930919316322
11 9 22 1 47579 1.0208682402521836
21 25 23 5 53525 0.9000134717007966
26 23 1 6 93648 1.0036043860417614
12 11 21 21 55099 0.9453202758671502
23 3 19 20 60279 1.0879681819671359
17 6 21 18 44258 1.0944516889581664
21 5 9 17 58654 1.0878436303378736
6 5 15 10 36663 1.0635694535097946
0 8 19 29 92021 1.0428634786189854
13 7 18 28 59900 0.9888199261618729
19 7 16 15 34686 0.9485261754774769
9 27 21 15 61568 0.9285921850919401
26 5 3 13 64086 1.0158654660779618
29 27 6 6 91347 0.9171024153784735
7 24 26 25 47730 1.0547688344944919
6 29 13 7 67230 0.9644575625493155
14 24 10 13 33234 1.0954803049405797
11 4 26 21 85402 1.0652619688694673
3 9 12 18 46696 0.9631610763927315
6 23 13 9 54820 0.9687402824333162
0 1 8 5 37078 1.0445774505923584
14 19 8 5 47289 0.9655514775835565
4 18 23 23 62808 1.061551162635571
23 5 27 27 57285 1.0780548205351248
28 10 19 2 37837 1.012607344429609
25 1 1 11 81028 0.9726395582763905
25 9 6 23 81085 0.9219640884930489
2 18 6 27 43383 1.0150349623099533
17 12 28 20 49111 1.088777010371131
19 17 16 6 34778 1.0502160701523415
24 24 16 3 63090 1.0781500615760666
25 7 20 27 54482 1.038470604310876
29 8 8 11 62273 1.0384431775253389
15 9 1 27 79268 1.099078196591105
16 11 26 29 71458 1.0639368121907606
7 20 2 12 39282 1.0761511072149805
19 27 8 3 78192 1.0288758908150455
16 22 8 4 68742 0.9386698187185194
10 18 28 2 70742 0.9745599785729165
29 10 11 25 80486 1.041269354204618
26 19 2 9 86979 0.9371709385415828
25 1 29 8 25778 1.0301250631280612
3 29 21 23 62149 1.05968051549948
13 11 25 22 57572 0.982527466121754
17 28 28 1 82025 1.056064555306241
23 12 11 8 52897 1.0022486423274106
7 16 5 2 44524 0.905346899584686
28 13 3 19 81387 0.9828516868890194
4 27 13 29 25124 1.0673286002058973
29 13 25 23 37065 0.9646059061285847
3 2 17 21 85307 0.9917325840885223
19 27 8 16 54557 0.9615375105770461
27 17 8 26 71729 1.0483685076984988
19 5 17 23 54872 1.0997327082569073
5 3 22 28 95120 0.9060035131769423
13 12 17 27 42185 1.0484992968051938
12 29 1 24 44215 0.9420255157859443
27 20 17 21 45983 0.9095066987239403
27 12 9 4 61983 1.048105480994157
7 5 27 12 58132 1.0445886319429425
4 28 8 11 60206 1.0505228904857595
21 0 3 14 72236 1.0275310893569305
22 18 0 23 78231 0.9492973224639023
4 24 6 13 36082 1.0425194804158748
16 28 21 18 44569 1.0926519124485667
28 22 11 15 77996 0.9066075247459454
23 3 9 16 62995 0.919415094918198
16 4 23 25 67191 0.9385213510447385
3 11 3 0 46709 1.0236975608911885
14 9 8 29 65379 1.0437213536310501
0 12 24 7 65612 1.0719057315764604
9 20 15 25 31257 0.9979970525514865
2 5 20 4 58630 0.9895281547569656
14 14 27 22 59483 1.0655117347855039
21 19 6 13 56552 0.9630870838461882
12 2 26 5 40372 1.0931691265301788
26 20 17 26 38287 0.9074678277584547
1 3 25 8 65587 1.0660269089389047
18 9 15 19 37450 1.0496800220921312
19 26 20 14 44165 0.9120725237706352
15 24 6 4 66628 0.9265259021960258
21 19 27 3 50667 1.0806280996371733
21 1 7 15 66147 1.0765577938637108
8 25 27 19 63274 1.0740861621297881
14 25 16 11 44878 1.052440756134059
24 28 7 10 79750 1.03524925015423
0 4 9 2 38324 1.0685157841356125
24 27 4 16 73212 0.946973293482177
1 10 25 8 70574 0.9652385069915908
1 25 18 11 76114 1.0059366468581463
9 3 26 13 62231 0.9741495014916466
21 0 7 22 92234 0.956637322211956
22 16 19 4 41593 1.0954395828465733
29 24 6 5 87948 1.0162659365226763
15 12 9 8 39312 0.9079046668552151
1 26 2 2 67968 1.0981232033677273
28 3 13 16 56387 0.9584960370305191
14 20 12 8 38645 1.0623354424814173
12 0 2 16 72496 1.012330394423292
22 23 14 15 49595 0.903969268830531
28 3 25 12 28100 0.9017980743690602
2 24 16 24 34751 0.9168016963242513
27 18 8 1 75468 1.0612326000614505
10 5 19 4 28229 0.9010670118307279
19 20 9 18 43641 0.9432038801941336
25 9 25 26 47822 1.040975405519856
12 25 2 28 40296 1.0300795452193574
4 0 20 8 61024 1.0189610052766327
6 24 7 7 62599 0.9579169589370751
1 23 16 19 56684 0.9281347409277523
22 26 28 6 60617 0.9299926496608261
29 29 21 1 88599 1.0374266175549482
3 25 17 4 84433 0.9341339567088842
17 23 29 2 71260 0.9795116330508976
23 12 11 12 42131 0.9634192432270163
28 29 3 16 102071 0.9778224504756554
3 20 8 0 73874 0.948999568165186
11 29 17 23 32221 0.9450192025393683
11 22 20 18 50143 0.9442608531547358
6 6 25 18 67081 1.0803319939748746
7 1 4 8 29945 0.9691977001447398
20 17 0 12 62310 0.9162590569295566
12 21 1 25 45046 1.0676337210766134
4 21 1 6 48707 0.9241619626081855
21 18 9 28 54189 1.0118985817686756
23 9 18 3 31787 0.9225771275330492
20 9 3 10 64924 1.0788771157101709
10 22 0 17 38478 0.9610555303232117
27 18 1 7 83048 1.004411433230995
27 28 3 0 123390 1.0882962545212045
13 24 23 0 76404 1.0869093366096605
17 1 2 19 78127 1.0309877661235636
20 14 6 6 50293 0.9482893161677884
20 21 25 28 38409 0.9522821734628942
20 5 1 12 65402 0.9622852872812252
4 15 9 26 41992 0.9800857386391715
13 0 9 14 54281 1.0338835081850362
12 24 4 4 66591 0.9640335276612577
10 11 26 18 59105 1.0102262614870667
2 16 5 6 40687 0.9696229443359028
6 27 8 14 46214 1.0006999774936476
29 21 16 12 56920 0.9471819300010613
12 18 15 10 32497 0.912654096838791
23 28 22 0 69340 1.0423629172109936
10 16 16 28 46927 0.9191982196468522
15 9 3 22 73665 1.051443325583251
6 3 3 13 35998 0.9981566166786183
21 7 29 25 61104 0.9532285337288815
2 8 15 13 51068 0.9102820718614065
28 6 8 3 49454 0.9693092727597581
6 27 15 24 23011 0.9934122785685519
27 18 16 8 56735 1.044418789018322
5 20 27 4 89172 1.0693232116769957
1 7 23 5 50391 0.9006389645836178
10 28 6 16 44522 1.0295076282889637
28 23 19 6 62309 0.9715422365604548
9 25 14 6 53360 0.9034845491573991
27 20 10 8 71989 1.0553317147645054
25 15 14 3 57911 1.0334547065113902
26 7 29 18 36958 1.0120723032166365
28 11 14 28 69950 0.9782966009779962
24 27 2 26 58447 0.9484465285389408
16 0 29 17 73284 1.069002377307745
25 22 15 2 69060 1.0568062464984829
0 11 4 23 39833 0.9923451472642174
15 3 27 9 42958 1.0854109853301066
28 6 14 16 53125 0.9672550576322949
14 23 26 2 75491 1.0167769034827683
0 26 13 6 66963 1.073835837645801
14 21 18 15 34908 0.9282497150540711
13 20 3 8 56706 0.9534429283143875
14 0 24 6 39066 0.973602914886409
27 10 9 27 70927 0.9062713876114051
23 26 5 13 70316 1.055805140272026
11 6 19 4 22614 0.9092635947126113
10 5 16 9 30005 0.9797300135281825
21 11 12 7 38449 0.9428826427904046
28 26 27 4 67157 0.9910782468133223
23 20 26 3 49247 0.9727434746319871
19 23 13 18 28854 0.9182813703004198
21 14 14 18 35097 0.9949458454162543
26 21 28 9 39409 1.031293042946901
2 9 29 0 77988 0.9434803936543184
13 10 29 26 77035 1.0298929410091446
17 18 18 9 28239 0.903750732754088
5 11 13 4 36506 0.9411610794051424
27 21 11 27 54886 0.9019811361706002
3 14 26 15 68125 1.0686634448469463
22 11 9 18 54302 1.0426672782863131
5 17 11 13 33594 1.072426157994652
13 11 7 22 50101 1.0925465539048018
10 7 4 21 54114 0.9396602277244335
1 21 4 29 38526 1.0132490009733
28 22 11 16 71509 1.0827112750727876
28 27 9 14 72621 0.9096255472571976
5 4 25 13 62296 0.9362761520990632
21 4 4 1 59764 0.9186548131896676
5 5 21 29 89581 0.9967751619450591
17 23 27 14 48070 0.9276240705630276
3 14 20 8 60163 0.9466669426704459
10 11 14 29 51321 1.076563887400156
26 14 10 0 67342 1.0406898025300748
5 27 13 4 64641 0.9015788052517711
1 5 6 17 50902 1.046388136539694
15 19 1 12 52945 0.9486432704103276
29 19 13 12 57434 1.0044497963585148
11 23 16 29 36057 0.9455742264938756
0 18 22 26 75689 1.0957474409418602
20 1 14 16 48786 1.096735328711472
6 24 16 4 72122 0.9123986714802431
22 4 11 18 56285 0.9208852841642813
25 11 27 22 36652 1.014964159716991
0 21 17 0 80879 1.036674455765442
15 16 10 10 28588 1.0325677110682552
28 22 14 28 57975 0.9043117030463105
4 2 1 21 63131 0.9524197852530152
2 14 8 9 28480 1.0295269994007108
14 4 17 22 56312 1.0307332572047574
22 16 21 4 39893 0.9563681935314897
0 17 26 6 74816 1.0187606337115127
26 9 8 14 64841 0.9642505334276048
11 26 24 28 38473 1.069664794751452
26 7 17 10 32626 0.9812929942130216
22 2 29 27 68944 1.0283473181599692
26 5 11 29 87564 1.0616265742631505
11 18 22 16 45737 0.9011156219659667
17 26 24 12 44153 1.0015013085462054
15 7 25 24 61216 0.9512327083998695
0 11 4 29 51167 1.0775790259666478
25 24 12 11 56710 0.97454774507197
16 23 3 16 57106 1.0677295158857205
20 16 27 8 37780 1.0994426885610575
18 3 5 9 46788 1.0880911154053474
12 25 2 15 62438 1.0621731702978237
1 22 26 27 73890 0.9102117535588111
3 8 13 5 34844 0.9316217330241401
8 5 22 16 60827 0.9816237263788862
15 28 9 17 48828 0.9734259345277537
25 8 9 2 49292 1.0822565298827513
28 27 19 28 23638 1.083815491049409
22 20 6 16 70643 1.0498219546813137
17 10 7 3 40138 0.9890377950246013
18 7 24 15 36172 1.0955264868353634
7 2 5 21 72657 0.9672161230560083
27 2 7 25 92766 0.9097750812030462
23 8 13 28 66397 1.0317394762001
21 18 9 17 54336 0.9404242641032117
9 11 16 5 33898 1.0633539740621352
15 5 15 25 52511 0.9593083034553651
27 20 3 1 103054 0.9841544311245567
5 22 26 2 101971 1.0607160988015085
6 12 11 25 54398 1.03959166325984
8 7 13 14 32128 0.9380204357450481
3 1 12 24 85222 0.9972942621453097
16 12 9 29 55279 0.9125260403084242
23 29 10 12 69996 0.9656519574076969
28 10 12 27 68643 1.0869351000306362
24 18 12 29 48873 0.9705491493420627
20 27 22 6 56305 0.9682440875904368
28 13 18 6 36328 0.9677905105388763
13 1 3 20 79924 1.0722917671784444
25 16 28 1 46121 0.9642020201954598
16 27 1 15 71559 1.0421588920614673
17 3 9 19 60781 0.9559759025100119
21 20 15 16 35837 1.0502956038992897
2 17 7 8 46367 0.9843495166053419
7 20 20 20 61393 1.063558857782155
29 16 19 20 50607 0.9473920501863535
24 27 24 12 30009 0.9127090254134946
10 13 1 14 21334 0.949195105510511
18 8 7 25 74363 0.9665864981967088
16 20 3 18 47782 0.9857867876176288
9 14 23 28 66211 0.9596321152223148
16 28 10 8 65145 1.0072146978752197
1 1 17 29 100946 0.9207816674690232
8 9 26 21 84963 0.9516214499789911
25 23 6 7 83661 0.9160121306224808
3 26 19 18 72576 1.007097562626117
13 13 26 22 59157 0.949610348752813
2 26 25 11 88534 0.9397076199300004
8 13 1 7 34022 1.0536618326397793
14 7 28 5 37241 1.062370188626405
29 1 12 28 90587 0.9243096058448629
3 10 25 6 58902 1.0073980926326176
28 13 10 2 60525 1.0979384019410159
15 11 29 2 50844 1.00083036023839
0 23 8 26 36710 1.0924914276284872
24 6 6 14 57693 0.9867774074366525
17 21 5 12 53315 0.9057024791666674
27 18 0 26 83933 1.089922344278207
26 8 21 3 29975 1.0755442863443614
6 9 10 0 35953 0.9605556036034059
18 25 8 24 29372 1.075382741735803
3 12 17 8 52240 0.9213983034022034
24 14 8 29 69563 0.9328627968623335
26 4 13 8 36332 1.065076117920157
6 1 11 27 79028 0.9171886738438175
25 18 25 28 28029 0.9669395187326522
27 22 23 9 44614 1.0861745691103244
16 15 14 2 46531 1.0887268107657695
18 1 3 15 73055 0.9101049773010069
0 21 3 28 20507 1.0581505046589053
22 22 13 0 90967 0.961688637486909
1 22 20 14 71822 1.0636835396963118
3 12 8 0 52801 0.9918310200794697
29 12 14 10 51581 1.0708440609176086
12 10 3 24 62180 1.0046156564782667
27 1 0 20 90505 0.9132245163144357
23 3 16 20 65461 1.0543398011468228
21 0 3 24 97501 1.0587873374663834
0 9 0 28 39826 0.9193790160753457
20 22 17 3 67779 1.0901641569543836
4 9 29 18 84770 1.094025526754563
8 27 5 11 57005 0.9595866554369593
18 16 11 11 32640 1.0445893623386004
21 24 15 12 46827 1.0596774156965822
11 3 20 11 48474 0.9096607323854843
23 14 8 19 58322 1.0126832541393245
8 22 15 15 43546 0.9721951798789834
22 29 23 17 41975 1.0731286070284913
1 12 9 19 43243 0.9438666763547626
7 3 17 24 69812 0.9625450734289788
6 23 3 7 65538 1.036862204006277
27 6 11 5 38457 0.9469633435898022
5 24 13 4 64010 1.0985738007451373
19 3 17 23 59954 0.9602889060779829
11 21 25 19 58346 0.9974751400905084
11 27 26 0 87102 0.9190719962920688
29 28 13 25 46017 0.9118508541412678
14 10 23 29 71937 1.082594189705182
24 8 8 25 75758 0.9507508492280569
19 0 6 7 47455 0.9567544313140908
17 2 9 11 41257 1.0941495757379274
9 14 1 20 42612 0.9789063042502052
26 19 29 12 26525 0.9356939588442633
16 7 10 12 32585 0.9055317993122303
8 26 17 20 43930 0.9011660287539439
27 16 3 29 92958 0.9270566292479983
20 0 1 5 57389 1.0842310757650395
3 12 28 8 80299 1.0512685134404758
