2582 2421 3696 1965 3261 3321 4092 3348 1865 3781 1664 3874 3222 2379 2332 3992 4035 2496 2552 3329 2088 2481 3820 2905 2326 3447 2022 3155 2533
3949 3648 2210 2561 2369 1461 1827 1589 1792 2083 2725 1371 2891 3959 2689 2291 2356 3671 3156 2075 1767 2028 2298 3675 3381 3420 2994 2383 3723
3852 3520 2379 4336 2530 3861 4482 2641 3399 3697 4744 3056 3137 3040 3097 4397 3335 3285 2349 3367 3358 4615 3507 2704 2981 4864 3071 4233 3484
5313 6117 6853 5709 6877 6627 6712 7287 7335 7232 5393 5583 5850 5869 7096 7120 6698 5420 5288 4697 6682 5088 4731 5256 5509 4967 5027 4782 5936
6438 5296 4253 4972 5412 4625 6103 5666 6866 6651 5172 6344 5947 6162 5844 6809 5609 4836 4360 6696 5666 6001 5352 6754 4724 6021 6177 4938 5122
5468 6760 5016 5765 7562 7636 6361 5566 5269 7249 6629 7562 5701 5289 5211 6781 7228 6580 5508 4958 6577 7006 7228 5958 7684 7266 7243 7407 6612
3677 4271 3451 4118 3901 3928 5096 5457 4787 3828 4604 4610 4303 5459 3973 4202 3247 4620 2842 4650 4240 4212 3592 2755 3760 4891 4278 4549 5344
2246 2661 3580 1845 1473 1869 2793 3073 2547 3140 1196 2308 2386 1650 2110 2796 3758 1321 3453 2972 3491 3740 1705 2334 3593 1206 3270 3180 1540
3650 2560 3960 3134 3446 5155 4470 3735 4211 4496 4826 4142 3156 4938 5172 3554 3569 4246 4471 3732 3015 2645 3679 5009 3881 2894 3421 2745 4128
7031 6034 5784 6142 8019 7732 8035 8507 7248 7582 5776 7689 6293 6868 7669 8262 7133 7105 7662 6070 8408 7980 6102 8076 7479 8121 7856 8475 6981
6372 5629 4812 4637 4364 4428 5377 5856 6028 5840 5593 4784 4611 4243 6971 5442 4529 6798 4231 5526 4579 4462 5813 5747 4309 4664 6313 4732 4562
4637 4775 5247 6170 4845 4225 5343 5935 4371 5374 6066 4322 5211 3812 6226 5387 3996 5065 3541 4293 4004 3914 5700 4166 5269 4847 4817 4698 6047
5316 4035 5357 3901 5545 4701 4102 4154 5597 5499 6556 4997 4117 5312 5759 6564 5860 4822 4201 6175 5445 4992 4560 5391 5804 6416 6467 6143 3925
6460 8383 6709 7286 6138 7046 7475 7593 8368 7919 6617 8603 6703 6451 7931 8057 7244 7660 6755 6944 7252 8032 7186 8079 8462 8821 7742 6399 8685
4774 6859 4959 5893 6688 5628 4855 5644 6976 5099 5010 4577 5219 6212 5848 6931 5440 5321 4846 7055 6530 4775 5461 6798 5459 6555 5486 5239 5687
3216 2720 3190 1603 2928 3697 3284 1589 3419 3683 3270 2653 1676 2712 3676 3555 2804 2398 4008 3078 1693 1689 2240 2920 3117 1595 2288 3117 2422
3002 2872 2666 3676 4120 2670 4470 5193 4820 5039 4464 5014 4275 5222 3750 5217 2754 3669 2954 2890 2696 3528 3816 5077 3649 2819 2506 4920 5247
7331 6682 4919 7163 5887 4958 5601 5573 6311 7595 6884 6028 7040 5209 7113 5633 7654 6554 5389 6018 7437 5296 5195 5701 5004 5131 5478 6859 6329
2985 3183 4818 2956 2308 3411 3077 3255 2971 2810 4143 3245 3758 3996 2848 2090 2127 3920 2732 2071 3819 4398 4488 4698 4149 4726 2595 3789 2557
6050 4089 4117 6774 5990 4924 6745 4293 5452 6489 5015 4173 4050 5783 4499 5244 4437 5445 6718 5956 5594 5505 5740 4787 6224 4380 6249 4359 4888
3795 1683 3105 3133 3684 3257 2212 3522 2675 3260 2053 2143 3265 3021 2498 1332 3520 3674 2424 1755 2408 3450 3254 3796 2018 2342 2149 3679 2526
6988 7464 5466 6591 5296 7420 6220 6890 6888 5667 6899 6949 5659 7436 7328 5294 5030 7341 7124 4830 6399 6426 7008 5762 6129 5885 5623 7073 5832
4241 4599 4285 4896 4731 5205 5652 4594 5080 6582 6382 5246 4384 4464 5462 5108 5184 5592 5888 6049 6509 5023 5449 4754 6050 5188 6352 5049 4581
4979 6564 6201 5217 5008 5892 6477 4732 6163 6234 4795 5794 6017 6432 5869 4626 5049 5810 5805 4885 6468 4936 5142 5064 4873 6049 4490 4768 3893
4625 5120 3366 4122 4060 2897 3448 3644 4692 3360 3193 2855 3785 2618 4081 4767 4514 3181 3650 4104 2778 3152 4694 4352 3775 4235 2771 3039 2820
6106 6769 6398 5576 6754 7792 7551 6052 7261 5382 5903 6233 7918 7431 6401 7930 5417 5632 7071 5386 7824 7917 6734 6534 7256 5263 7965 5480 7181
7822 5855 6412 6073 6576 6681 6987 6549 7347 7806 8456 6766 7161 8308 7238 6444 8172 7285 7035 7319 8092 7958 7827 7680 8469 5732 6878 6959 6065
5433 4517 4936 2941 3079 4535 5271 3281 5157 3206 3054 2949 3577 5196 3346 4635 4379 5509 3504 4557 3874 3854 5468 4048 4319 2943 4098 5194 5520
6256 8109 7788 6331 6855 5898 7447 6978 7703 6488 8422 7736 7336 7567 7762 7073 5892 5920 6438 6997 8323 8368 6979 6332 8357 7988 6608 7116 6579
5421 3570 4497 3616 4707 5710 4748 4444 4792 4254 3364 3548 5807 5319 3859 5034 5201 5626 5759 5494 3859 3313 4809 3250 5643 5605 4075 4236 3773
6052 4576 6515 5152 4303 3115 6842 5665 4789 5394 5575 6066 6847 7238 5437 3999 3874 6718 6648 3900 5289 7028 2572 3255 4281 2747 5188 6666 3987 6069
6561 2835 7138 3515 4478 5309 5849 5159 5377 7285 4961 4353 7471 5784 5354 4755 2798 4961 6738 3773 3541 5792 3515 2698 3924 1337 4495 8223 4217 5692
6867 4941 5173 4950 2138 2820 7164 5566 5655 7679 3944 4820 7694 5436 3508 4801 4953 4942 6811 2519 5034 7234 4337 4954 3981 3240 4984 7841 5100 7102
5607 3754 5813 5523 4036 3385 6275 5489 6750 6301 5764 4398 5328 5695 4555 3929 2774 6586 5202 4242 3859 6479 1957 3985 4785 2588 6570 5890 4550 6961
5424 3001 7108 3575 2437 2885 7099 5821 5839 5498 4035 5342 7060 5229 5350 3613 3918 5428 6059 5235 3374 5611 2895 4494 5014 1448 6237 7275 3561 6606
7208 4873 5196 4241 3342 3225 5011 3576 4807 6396 3873 5538 7211 4974 3248 3927 4796 5587 4380 3033 4211 5768 1726 5131 4695 2358 4156 8207 2798 6850
7513 4511 5303 4573 2439 5119 4480 3798 5653 5064 4241 4396 5066 5961 4057 4962 3882 5353 5015 3045 3706 4713 2442 2952 3517 1627 6521 6160 2886 5866
7714 3957 5105 4970 2741 3382 5261 5366 4746 7035 5858 5719 6085 6382 3572 3397 2854 6123 5601 2579 3109 7079 2835 2518 3610 1245 4681 5738 5027 5599
7890 4768 7135 5308 4482 3727 6332 4967 5902 5407 3592 4296 5524 6739 4357 4607 3740 5593 4536 3330 5086 7278 2760 4783 4269 1417 5478 8022 4660 4861
6554 4966 6852 3202 4064 5414 4883 5673 6431 6785 3941 4213 6577 5249 4655 4975 2483 5760 4151 5187 4712 6394 2090 4706 3880 2022 4871 7354 4545 5343
7855 5389 7055 5521 2523 3019 4936 4906 6122 4950 5713 4481 5418 5239 4377 4931 4204 6794 6748 4311 5018 6309 4291 3609 2660 1540 4348 6425 3751 5263
6700 4932 5374 4865 3726 4859 5655 5782 7408 7278 4781 6073 6082 5111 5069 3004 5019 6321 6074 2863 4343 6229 4072 4907 4907 1240 4501 7590 4250 6918
6905 3523 6196 4284 2266 5270 6707 4374 6104 5245 4115 5357 6426 6574 5182 3886 4511 5659 6322 2948 4924 5350 3027 3524 4978 1368 4992 8200 2936 5578
5563 3404 6731 5740 2517 4652 6809 4870 5158 7487 3607 6003 7219 5935 3753 3236 2401 5017 5320 3919 3965 6517 3346 3790 3856 3324 5196 8219 3908 6674
7690 3643 6857 3476 2510 4466 4584 4443 5154 5941 5152 6167 6259 7571 3128 3288 2708 4566 4678 4744 2967 6665 2911 4939 4779 1519 4814 6239 3129 5911
7543 3855 4921 4816 2701 3879 4860 3999 5254 6779 5101 4822 7380 5227 3389 4758 2573 7106 6088 4607 4593 5100 3572 4491 3869 3421 5555 7364 4003 4675
8040 4653 6771 4445 4609 4901 5186 4563 5709 5547 3286 5206 7172 5923 4316 3633 3418 6721 4866 4030 3272 5712 3662 4519 5193 2649 6005 8470 5103 7126
7833 3370 5356 5228 1979 3539 5127 4935 7124 6372 4797 5407 5763 5666 5340 3587 3620 5794 5796 4121 3397 6914 3372 3103 3007 3223 5035 5833 4624 6240
5840 4414 4595 4113 4498 4150 6201 3972 5361 6112 5197 5305 6931 5086 4470 3995 3250 6974 6403 4208 5162 4850 1846 4835 4296 2673 6115 7872 4352 7198
8045 2910 7067 5093 3678 2936 4611 5465 5590 6898 3292 6065 6109 5524 3014 4382 2865 6189 6533 4356 3767 5267 3119 5082 5128 2244 5675 6166 4758 6747
5665 4385 4950 4729 3908 2928 4696 4840 6314 6793 3823 4722 5674 6700 3451 4591 2924 6390 5644 3010 3447 6581 3674 3353 5133 2801 5129 6531 4501 6414
6510 5172 6974 3866 3784 2810 6986 4204 6068 7168 3499 3634 6458 4885 3118 5191 2401 6161 6218 2856 3474 6626 4023 2729 3005 1750 5020 7615 4289 5303
6476 5215 6331 3671 2970 3607 5103 3129 7436 5899 5768 5576 5757 7278 4016 3620 2836 6526 6420 3187 4858 6383 2038 3983 4603 3209 5729 6471 4178 4831
6238 4546 6900 4838 3532 4202 6831 3827 4787 7556 3253 3623 6765 7482 4681 4600 3647 6388 5191 3695 2592 5659 2340 2367 4522 3157 6463 8339 3727 6422
6372 2881 7085 5054 1981 3079 5359 5043 5233 6609 3699 5856 5756 7287 3478 4344 3859 6216 6641 4376 5037 6402 3809 3323 5335 3256 6521 7476 4691 6697
6960 4996 6123 4350 2595 3379 5210 3405 5476 5890 5000 5687 7447 6205 3930 3246 3930 6698 6612 2905 5258 5217 1972 3606 3917 2730 5357 5811 3215 4573
8031 3197 7130 4458 3968 4096 6149 5522 5022 6060 5292 6285 7585 5175 3132 4293 4915 6955 5516 4370 3558 5334 4038 3169 4185 3562 4148 7073 3660 5428
6411 4824 7020 4322 3140 5208 5183 4798 4699 5339 5272 5775 5814 6973 3360 5301 2754 4517 4201 3073 3675 7428 3900 4912 3792 3382 3981 7707 2587 4609
5848 3261 6409 4028 2198 3483 6663 5818 4725 6292 3643 4043 7302 5786 4046 4934 3729 6688 6555 4066 3095 6509 4158 3920 2855 1690 6496 7368 4456 7197
29 6 29 27 97803 1.0185855316872792
6 15 28 28 97125 1.038920827738397
13 3 4 7 45051 0.9654594598173396
14 28 4 3 90702 1.0084464540895097
23 11 17 22 51759 1.025704354542951
11 18 10 29 52698 1.0013609183323544
8 13 26 11 92055 0.9552377204121825
27 12 8 7 101353 1.0647270959786055
28 3 26 14 49700 1.0500854507242385
3 14 27 28 108896 0.9650692306920557
25 25 8 20 58185 1.0913976245664951
12 16 5 7 46880 1.0067446813256478
7 19 14 29 46843 0.9764228305805296
9 6 16 12 55060 1.0688123794559916
12 12 0 14 61510 0.9586405136866597
23 19 12 6 78026 0.9918352010943112
23 11 3 25 87560 0.9416096321918503
8 0 22 19 98797 1.0010780912860242
18 9 23 25 59670 1.0145599492553208
6 7 22 15 79083 0.9993853342270219
19 17 4 3 85749 1.0577945983279464
8 20 16 14 50864 0.9694133668834184
27 2 8 21 117878 1.0402715939374496
3 28 27 20 88026 1.0381363319419366
4 6 16 11 68596 0.9730564747615488
8 21 24 28 61959 1.0738753990540495
12 1 20 27 96794 1.0847475437669285
28 21 9 27 82836 1.027304215566129
13 1 28 16 89747 0.9881904283237423
22 6 25 27 89361 0.9697996926803707
1 10 0 19 28883 0.9187982691208537
29 5 15 21 91737 1.0580240861840162
1 20 15 17 58865 1.022096602520083
9 10 7 1 32431 0.9348049092214654
15 22 10 6 70283 0.9147483930061996
19 1 16 16 56906 0.9917474577878873
1 21 14 1 94927 1.074973178596503
27 4 7 22 111108 1.0063355879082774
0 11 3 25 47071 1.0015977220859489
16 25 28 5 95635 0.9644797731872016
22 26 1 24 53603 0.915339240146271
21 5 3 5 62275 1.0401100855852101
16 2 1 1 61161 1.0079447300491258
5 12 21 0 90351 0.9891962998665282
12 1 21 17 73958 1.0221576477981336
25 26 12 24 45661 0.9223531211545071
20 24 3 28 51354 0.9384267722576223
1 29 17 6 102303 0.9039975188690664
29 14 5 10 101248 1.0334958216589074
17 18 5 17 54498 0.9199401519505565
8 6 23 22 97336 0.9381903803077927
20 10 21 23 38150 1.0116842872210756
23 17 16 2 64772 0.9814235275316211
13 23 9 3 80094 0.9169440159538945
6 9 17 14 57407 0.96992378112607
1 17 14 14 60119 0.9143967304271154
6 8 4 29 72176 1.0575835074986726
28 24 19 26 35200 0.9871268957753345
26 10 8 17 83715 0.9126233203513808
23 6 15 16 58145 0.9414611776110703
6 9 27 18 98561 1.0520172952590694
0 24 5 10 58141 1.0027400944715834
3 9 29 26 122941 0.9753363668219949
6 1 19 28 104735 1.0932603312270686
0 23 15 18 52996 0.9255266354204773
14 10 13 24 52159 1.0063787674362146
22 1 1 6 82472 0.9316298966120311
24 23 24 11 44179 1.0298561183507275
28 15 20 6 56604 1.0761248241178427
11 16 19 12 42320 1.0575020384675913
0 21 14 7 93603 1.009328840306046
11 19 29 12 87578 1.0954313553306432
7 29 3 4 75158 0.9782073011094095
15 25 18 15 35648 1.0474032002003582
2 26 20 6 95454 1.0377906814294924
21 0 11 23 100450 1.0665652553841418
12 23 2 2 86494 1.0599608130629028
27 28 20 22 41596 0.9423764243205657
11 3 5 28 86954 1.0880651232823908
16 23 17 4 65853 0.9851628982441146
26 3 10 2 65299 1.0417567948195905
17 13 16 4 40050 0.9382089064402992
3 8 14 3 59876 0.9443481659256874
17 3 12 20 71108 1.0202023552823645
29 8 4 1 110450 1.072189495783272
3 16 17 11 67590 1.019917213041984
23 8 14 24 81134 0.9814350675367091
22 18 0 10 102629 1.0409922795681168
17 18 9 24 44142 1.0226767281211988
28 1 24 21 87389 0.9333678188797672
7 2 0 9 38195 0.9673282294900902
2 20 5 3 60700 0.942678161092021
22 7 18 18 44975 1.0987870083927418
17 22 1 14 69471 1.029866789368031
14 12 13 2 47551 1.0795344099627293
26 13 11 2 94583 0.9059057736721671
9 0 8 25 78536 1.0539450476694858
23 21 17 10 57218 0.9826998451929375
4 24 27 26 61450 1.0860287296664624
16 19 7 12 48812 1.097104004359234
28 25 27 5 87101 0.9038535276433516
21 2 3 24 110988 1.0614505403554617
0 18 9 10 55422 1.0542017681657656
23 3 22 24 79215 0.9640653531197303
19 5 3 3 58539 1.0265301897649495
15 20 0 10 80400 0.9687750607746636
0 10 0 26 46942 1.0788368199782565
15 28 25 19 55015 0.974163964927176
16 6 23 13 57239 1.0038678772108112
8 9 25 3 82210 1.0349036435468693
1 14 5 27 52499 1.0608071109059252
21 5 18 25 63382 0.9250634940505995
17 6 4 10 66536 0.9170075241487854
18 12 20 29 55802 1.0633182967179038
1 6 4 28 70288 1.0099157265908876
6 8 26 13 102244 1.0411613816305119
11 3 5 15 53340 0.982280533505285
15 12 4 6 66427 0.9293675221214671
28 24 18 20 46806 0.9486086119579936
7 0 29 25 117462 0.9962150593608599
2 2 15 27 90055 1.0676015781391155
12 2 21 12 60030 1.0503376351595484
28 19 4 20 92938 1.0909019916732867
23 5 15 2 32821 0.9466088665979571
17 2 26 12 73017 0.9504255369609541
23 27 19 15 50312 0.9666767454317527
19 23 12 18 40464 0.9873626572656727
16 8 28 9 65310 1.0690253065069617
5 29 28 13 113863 0.9620649095604784
18 4 29 15 71873 1.0394428914409217
8 17 23 7 80303 1.0590697876316528
18 1 5 12 74896 0.9473301678812669
2 21 14 22 40393 1.077322423613901
18 25 10 1 97786 0.9097808212071171
9 17 28 19 81275 1.0448515922895902
9 16 14 8 51124 0.9579004725836476
2 6 8 21 64791 0.9400829394870368
17 24 10 7 80500 1.0196856453037224
20 24 16 1 78715 0.9384837801570749
9 12 21 9 70726 1.0278086027274156
24 5 19 23 68352 0.9279763891182253
6 14 13 21 52333 1.0183319260014514
25 29 15 7 94869 0.9360723188354896
11 15 5 10 35674 1.0696203683839847
24 10 23 27 69195 0.9527470113530633
12 13 3 1 72544 1.0961785527582761
26 20 0 2 135860 0.9587405155300408
23 24 1 26 56536 0.9654086001262052
29 20 22 11 61628 0.9761847929814147
8 26 29 23 63964 0.9218763986703131
8 5 24 16 84704 1.069614088327708
11 24 16 4 75510 0.9794760996305854
7 12 24 4 74887 0.9458668950913895
21 19 12 9 63876 0.9081547434102814
7 4 4 11 31367 0.9535171560025684
23 25 9 10 83908 0.9414792506281957
14 9 20 4 38323 0.9325959964884125
0 17 12 27 57107 0.9608604839209083
5 28 19 21 53249 1.0543260636783869
25 20 8 28 67810 0.9103151546900008
19 19 4 0 104768 0.9807930053856976
29 29 1 14 113086 0.9879587265537109
19 5 19 29 75916 1.0486930394598466
20 10 20 0 30326 1.0537846205430679
1 9 12 24 68272 1.0862669529149387
6 24 14 14 53368 0.923267249698888
20 11 11 27 69047 0.9141202756689664
27 24 5 23 65942 0.9581286308434167
3 24 27 9 114496 1.0875739764108137
7 24 21 13 70492 0.9392951965018198
4 26 19 4 99005 1.0915930105247182
4 21 27 26 71989 1.0955092246318496
29 6 10 24 120713 1.0507154979252578
26 17 20 13 34620 0.9540351137091112
10 13 1 23 59638 0.9352116925088146
0 24 10 25 22355 0.9319684763875629
26 26 11 20 64703 1.0420437576847292
13 27 0 4 93444 1.0454774341045643
7 24 27 11 98299 0.9493416698178534
29 15 10 28 100402 1.0520965646971654
19 25 6 16 55890 1.0534066218494351
26 11 2 1 114144 0.9312823719334916
29 9 17 28 104531 1.0563498749188804
4 3 21 10 75451 0.9714218337972484
29 24 3 19 92184 0.9564026664514977
28 18 11 29 90265 1.026432617179728
10 23 24 29 57039 1.0477192966879407
12 1 4 27 102168 0.9417934401737261
22 25 12 8 83768 0.9375516957345922
24 29 0 25 67012 0.9936443250080595
5 19 26 26 74433 0.9573900041678547
17 28 13 8 75009 0.9985479266123267
16 27 26 11 82310 0.9041642119324396
0 9 8 22 58163 0.9528052740783126
24 4 22 19 61627 0.9195767948603171
23 2 13 26 105373 1.068202235275375
5 18 0 28 46231 1.0884453563801657
14 5 25 8 52640 0.9730282813829932
14 15 28 7 80305 0.9201241949270033
0 18 23 9 110808 0.9568381267305286
29 8 23 2 47879 0.9282359422467115
7 25 19 24 31413 1.0838323462041404
3 10 21 29 101721 1.0072980632703863
0 17 18 2 95718 0.9269127441913337
10 22 2 1 77091 1.0681839745432833
2 28 20 23 57128 0.935858452924083
29 7 22 23 87601 1.0518157613288228
13 21 5 1 88181 1.0871532578326142
21 7 15 27 72165 0.9880912747493398
15 16 11 23 34421 1.0384931890454208
5 5 12 28 85415 0.9897808085442626
25 24 23 4 82692 1.0459678801716858
26 23 7 7 100633 0.9370340520833564
7 25 16 20 29927 1.064869401954338
29 1 16 19 94304 0.9722099110435797
12 20 19 27 46110 1.0711203451205626
4 17 10 12 44488 1.0065010788201934
22 4 17 16 49442 0.9819953817585136
3 26 27 26 64281 1.0831920691611552
26 18 15 29 67377 1.080613262275862
19 8 9 10 51635 1.0221699467003427
4 11 28 18 108773 1.0478640044409937
6 17 26 5 97987 1.0912060437617472
14 9 8 0 56250 0.9399089221723019
4 25 16 2 88240 0.9645852997634582
25 5 14 25 87056 0.9087737860870267
25 2 2 18 124727 1.09182326081861
22 0 15 21 84348 0.9390595027988383
12 8 1 10 61799 0.9619394409786439
10 26 4 18 42856 0.9557925222500765
12 12 14 23 51572 1.0253192930443322
27 2 1 27 134990 0.9427737605936819
9 14 21 11 59844 0.9361512568340856
14 15 26 0 95841 0.9954331666371523
29 7 17 17 78391 0.9912762461591474
19 19 9 3 79728 0.9257203292973123
24 12 13 5 65840 1.09243436232502
4 20 25 17 87525 1.0565396835981067
29 2 2 29 148465 1.0514242372122047
20 6 27 17 54872 1.0206415956698276
24 28 1 19 76659 1.0393506938400923
28 19 28 29 50594 1.0852285097742922
25 13 2 16 92970 0.9522918047004744
5 18 24 7 97889 1.0773106772043004
27 21 21 8 69009 1.0745660461772841
9 18 14 2 75717 0.9504565584189595
5 12 22 4 80662 1.0000438693127003
9 8 7 23 49221 1.014928490298369
11 24 29 16 83388 0.9049778858482194
28 7 27 28 90946 0.978875596667683
17 15 28 18 50393 1.0543983310679952
24 12 15 21 55206 1.033404001740597
10 29 26 19 80182 1.0128763181941929
11 25 21 13 60675 1.0202414739083503
9 2 21 10 64597 0.9988641761963558
3 10 20 1 83023 1.0450450256892323
5 25 27 8 110108 1.0740992182315883
21 9 18 2 35627 0.9045040363946497
13 23 28 13 82928 0.9268682342875367
17 7 29 13 71473 1.0856458958273238
23 21 3 15 92239 0.9129986352844025
20 23 12 13 59101 1.0366373670939215
18 27 13 2 93472 1.0888980935513408
12 3 0 15 69062 1.0698763700578517
21 25 8 12 72080 1.08088862995803
1 5 22 9 88938 1.0025052041322502
16 12 6 14 49918 1.0002238115012072
1 22 1 4 42100 0.9870628071965949
25 6 11 0 68138 0.9531061419233867
25 10 2 11 104164 0.9236833179124074
12 23 24 5 88025 1.0567163911692428
2 16 19 6 93164 0.9023434137937275
7 1 5 25 65779 1.0621907094678922
29 10 12 8 84440 0.9215127282154958
4 19 22 29 78574 0.9297163597158603
9 7 1 12 49302 1.0046555130701267
22 20 29 24 38867 0.969341547056316
3 6 14 3 50674 1.01777266322584
13 26 3 23 36439 0.9766881686366571
18 23 6 11 72769 1.0505205281167909
2 9 18 23 93394 1.0427750466271517
7 18 5 10 25639 1.0776434462818445
20 7 5 19 82025 1.0889586669405216
29 28 4 2 138489 0.9575275846219566
18 24 13 15 42978 0.9986769780017588
15 28 18 3 79334 0.9112958653823588
9 29 16 20 46731 1.0614390509966065
16 2 28 16 78828 1.019778886376322
15 2 5 24 87805 1.0712972108685757
19 15 12 8 52183 0.9805116455320739
4 21 7 4 55802 1.042231499253472
18 6 17 22 54632 0.969966876958875
27 27 22 2 102693 0.9998459025532375
2 19 17 4 86086 0.9644218772230182
20 8 6 24 78982 1.0680117304058738
17 15 24 25 49008 1.0132943349863903
4 28 14 22 41764 0.9151029046558424
21 15 3 11 80493 1.0121412144298643
8 5 5 28 68957 1.0957565566619354
8 28 2 1 85601 0.9277529247426674
0 25 28 1 140664 0.9188099236855508
17 15 23 10 37491 1.0957682408852656
2 11 10 8 48456 1.0594902359607499
12 17 4 14 41159 1.076067962615385
27 20 4 22 77588 1.0264670478943452
28 16 9 16 64318 1.016360410643718
24 19 27 8 53872 1.0406359049714897
9 22 29 10 104460 1.0160975504779475
2 10 3 25 49861 0.9756131453611869
22 29 26 14 72952 0.9343166753253163
25 3 25 21 75586 1.0371675844755286
12 22 6 6 61965 0.9271762962591664
8 29 20 29 50524 1.030453823043454
26 17 11 12 75713 0.9340892755806202
19 4 1 28 108946 1.0197677079068983
0 25 7 14 46618 1.0717398898699104
17 28 7 6 80147 0.9107879453588429
16 10 3 7 69304 0.9851234016233368
29 10 13 14 76907 0.9112927037924415
2 11 24 0 110790 0.9452166798595535
21 13 9 17 57736 1.068974075809768
7 16 5 26 37041 1.0429186755500195
7 6 29 25 103788 1.0047757485669544
3 29 20 0 125373 1.0675847402844538
14 1 19 24 84493 1.0033751547773286
1 29 18 28 59196 1.0643797655839164
13 22 7 26 27452 1.083494374192132
11 3 26 23 103826 0.9823949045757268
8 22 2 9 58273 1.0195781876232408
1 24 9 10 63476 1.0211158049005828
26 12 17 20 59064 1.0230361691049428
1 29 26 19 89713 0.92139635626814
29 20 4 13 111710 0.9347657576043839
23 12 0 12 105994 1.035349752447166
16 11 27 7 60463 1.0480992772562971
12 21 20 23 33101 1.0257399152072721
27 12 9 13 86109 0.9063917609675448
25 25 29 5 96041 1.0197852254719932
2 0 7 16 55820 0.9436185744096836
4 0 7 10 41804 1.045637773249998
6 18 0 28 46922 0.9336079408146086
1 6 23 23 103976 0.985059131181954
29 23 25 29 40256 0.9876225134771348
11 13 20 25 65164 0.9154716228737094
24 4 15 13 57858 0.9228970461693394
12 15 1 18 50820 0.9839961307563858
5 14 11 6 47810 1.0593228646636594
14 5 20 15 51777 0.9718288915972743
24 24 0 5 107365 1.0104024904638744
28 19 5 22 80156 1.011679814203215
20 19 19 6 40210 0.9518402774217125
20 6 2 3 65497 1.019489792531651
7 22 21 12 72518 1.0203907519365354
14 23 29 13 80936 1.0231400042669774
19 13 9 18 57952 1.0845376139304288
22 13 18 4 43366 0.9654329408189622
1 26 8 10 60689 0.925915609840496
20 16 0 12 80990 0.9065243937903349
20 4 13 19 66521 1.0343253257409206
24 22 14 4 79737 0.9627042577373321
10 12 17 16 42417 1.0611818490583533
15 6 29 8 68893 0.9371278907177307
10 21 2 12 59484 0.910690422322081
22 16 2 11 83828 1.056558241957504
12 2 3 3 44757 0.9530066332457113
12 17 18 5 60695 1.020182951997641
5 7 26 0 98304 1.002533476911303
6 1 4 14 47687 1.050698934764728
18 25 0 23 43544 1.0196418548465576
23 27 16 13 68995 0.914891213691669
1 25 25 7 110758 0.9580929539301644
17 12 12 22 51125 1.08831881012684
20 23 29 6 88225 1.0097102049798912
4 8 16 18 71348 1.0359910240878798
5 5 10 17 47818 1.0584182241766182
21 19 20 2 51788 1.0026042073538355
1 24 14 24 33594 0.906478719433595
1 3 16 20 91532 1.01567118460274
23 9 12 8 63843 1.0700347827031023
25 16 20 25 41966 1.001788554739194
18 11 19 1 37250 0.9594902368027209
12 20 26 16 59467 0.9164272406521005
23 27 2 4 114284 0.9593019202179591
19 29 9 18 71547 0.9587616348094019
20 12 5 17 66478 1.0922002307470622
26 28 19 23 39764 0.9041652834888801
5 15 17 13 56803 0.9152418448277428
3 13 19 2 87948 1.0215112031526739
8 6 26 26 106147 1.048384763090588
27 8 0 27 126937 1.0928395813979104
12 9 23 7 58545 1.0749379827405672
28 8 9 27 123529 1.0674139436622396
20 11 17 18 30217 0.9089146992916181
7 6 22 7 61367 0.9683278192553605
19 16 28 8 60339 0.9731630852266708
21 11 22 25 47831 1.0064333826467657
28 8 13 10 73828 0.9923512801436534
0 3 8 28 80319 1.025549197624101
6 16 11 6 49293 0.9107459093673597
19 20 11 23 38557 1.0494917820948553
19 15 5 14 55827 0.9600946407542582
20 12 0 23 84040 0.9362660705115988
5 18 14 5 70665 0.9124046902755265
28 25 13 9 96224 0.9941868856008358
8 23 5 11 44142 1.066119480389588
2 12 18 13 78029 1.0498478407819747
28 20 18 9 67860 0.9455280977715181
28 15 4 12 105684 0.958774165252063
1 9 19 21 93223 0.9946404335362323
24 26 1 12 91862 1.0356403049308522
24 9 22 20 47558 1.0467839206430491
10 0 4 18 76023 1.060693287222527
5 27 17 7 90334 1.0908031873485349
23 1 3 16 107698 1.078535213602837
16 28 27 4 102086 0.9027457200435574
26 21 9 20 70696 0.9846243210582434
17 29 14 18 44646 0.9782075928833744
0 26 27 8 124915 1.0552958590667536
15 3 25 3 40819 0.9868529890200953
4 13 23 27 95271 0.9112792562855409
27 17 9 21 84313 0.9566081124685976
8 22 26 25 55255 0.9222015014935842
16 13 0 11 81902 1.0453048752403715
7 8 16 26 64415 0.9198769189996338
24 27 4 18 79316 0.9986676070220641
25 1 27 10 45116 0.9648657826911785
9 4 28 18 104128 1.0286690535127663
5 20 25 14 85641 1.0620345482880116
20 10 5 0 81376 1.055607180560967
22 15 9 14 58386 0.9882918207721314
16 18 27 25 53600 0.9935919224855212
9 0 8 10 44336 0.9971157047482527
13 2 16 16 55484 1.0338998732271414
10 22 17 29 46083 0.9588548617127574
14 18 22 9 53822 1.0294961267811353
18 14 17 28 53074 1.0893225352345026
13 1 17 14 51176 1.00561359923274
7 15 27 29 95096 1.0968481201218967
6 29 14 22 39925 1.0499196837452343
29 13 4 5 119901 1.061924647825187
11 23 8 13 47483 1.0679543788787371
27 13 6 17 85607 0.916975149464312
3 29 16 18 63158 1.0549933488697314
20 3 2 2 66534 1.0501843560155721
9 22 21 16 54057 1.0831063620519665
8 14 16 25 51941 1.0688502631792116
20 25 4 28 44786 1.04820578730558
1 14 29 8 130916 0.9643243924457827
27 24 19 26 31408 1.0181504981659588
10 18 3 22 33995 0.9998384134324831
8 20 1 27 35139 0.9482960745538656
16 10 7 16 50563 0.9966873697951414
7 16 22 4 77327 0.9330704098673198
6 1 24 3 73207 1.0856250556177371
12 10 21 3 56801 1.03670821847909
14 18 22 3 70209 1.0063798319942496
28 1 26 10 47039 0.954320957629749
7 21 2 26 27497 0.9450101583039652
29 7 0 1 116790 1.08605787850698
3 13 21 3 92800 0.917505577319587
9 24 27 10 101265 1.0259202395083722
28 12 6 18 97963 1.0995871383007032
24 24 6 3 102703 0.9113983591770779
23 12 6 21 88100 1.0445218375636185
11 21 16 15 39771 1.0086077480720173
10 18 4 9 50602 1.022788291637579
24 2 2 4 78368 0.9099389400168081
18 29 3 0 119881 0.9174348569798663
20 23 3 19 66818 1.0519952340983016
10 16 19 20 44466 1.0920036015511159
0 19 25 1 130851 1.0001848345511914
17 2 4 14 75660 1.029808741606282
25 2 20 8 39917 1.0158248180193765
28 14 25 3 54414 0.9027564890007581
11 22 13 1 79728 0.9051232068228279
2 6 11 20 75395 0.9021032517873113
28 28 17 3 108230 0.9761625091690809
8 19 28 9 105195 0.9167545737205431
18 20 26 5 66208 1.038927777269811
28 5 16 10 60002 1.077483825638451
18 19 3 3 91614 1.0989604396500048
25 27 16 13 76095 0.9943122712902919
16 20 13 6 55750 1.049759496103618
18 2 22 21 71209 0.9849798710351281
22 29 16 8 88583 1.0325739869484243
17 21 12 15 37213 1.0106507891144363
16 14 3 11 63500 0.9019211422284806
24 4 16 21 72539 0.9600357074789152
26 8 1 27 121776 0.9640397517432371
19 25 28 3 90559 0.9255141107040133
5 7 24 4 69997 0.9022299956739942
18 11 28 15 52936 1.0353283837720448
25 18 7 25 67605 0.9907384462195159
24 26 2 26 59162 1.0900309969040989
9 15 27 11 83158 1.0136891008887723
2 7 14 8 65832 1.0622108319944876
25 9 29 20 62632 1.0753246437606674
27 18 6 27 83105 0.9596155719449356
12 2 19 29 106283 0.9041098618753508
18 6 4 29 101449 0.9054373528185882
15 27 25 26 37529 0.9201567648119718
16 4 12 18 59145 0.9557588466477684
24 3 2 19 114557 0.9798148395615585
18 24 0 19 58829 1.0078192589990156
3 27 27 6 129237 1.0412211355235597
6 7 5 27 69288 0.9675143668411162
8 27 13 8 77648 0.9088122481747254
18 29 18 12 58761 1.0566763505935493
11 20 24 9 77718 0.9341933367463547
20 20 27 5 64712 1.053693016501414
23 5 17 12 45106 0.9737615586581191
2 3 9 26 79735 0.9224691862946558
29 14 27 4 46711 1.022144601938947
28 26 24 13 62138 0.9682576599176023
26 19 19 0 79450 0.9166966511712346
28 26 17 11 81147 0.9501222173646364
22 12 15 28 65920 1.0900958720291984
4 26 27 0 137382 1.068720352180435
14 15 5 29 64417 0.9772530527411857
24 18 16 25 43868 1.0948823284607947
1 22 8 11 52576 0.9906882999388564
16 2 22 22 76490 0.9599597531094496
18 1 8 12 68704 0.9099481128162764
26 6 6 1 82795 1.0375900484357692
3 25 12 19 42703 0.9682158357363571
23 29 15 9 84413 1.0494535678798211
11 19 29 12 87578 0.9903604645943483
18 28 23 6 84745 1.0753892248594872
21 7 19 20 43749 1.0003723051923674
22 9 4 11 88808 1.0347889121846636
27 28 14 21 62701 0.985280417354396
25 22 28 13 50595 0.9430409834606209
18 28 2 17 71297 1.05364668418952
11 23 11 11 55471 1.0833845545224565
1 11 8 26 54335 1.0471853574491408
16 9 23 2 56576 0.9019358191104517
20 25 27 6 84173 0.9157753437241373
18 4 16 17 47704 1.0274086060253773
14 12 4 14 55051 1.0934578319838002
29 3 19 0 48573 1.0204950785187945
23 12 15 15 43484 0.9118058799108709
11 23 18 1 89954 0.9650763449313253
9 7 1 20 63993 1.091232034661433
9 22 2 0 78853 0.9844389932434073
5 21 28 25 70538 1.094215318921847
17 28 22 12 66197 0.9237317653583833
20 15 22 29 49172 0.9930158154072785
18 7 1 28 97744 0.9257903130426057
29 24 12 25 51601 1.059981009798949
9 2 9 17 56324 1.090819413756555
1 25 8 20 28725 0.9684257929800223
13 26 20 2 90438 0.9918906587599648
18 15 21 2 50612 1.0361166458499873
5 16 29 21 100284 0.9491107286505573
3 25 23 2 115464 1.0759222130849448
3 24 13 20 45796 0.9129428713428591
11 22 21 22 32601 1.023185622320837
1 8 7 2 31541 0.9442369471968516
12 29 15 17 42041 0.95187818732702
8 8 18 8 55502 1.055208506341668
10 23 24 5 96541 0.9425444175721773
20 23 10 11 75516 1.0900986437858353
13 26 3 20 46075 1.033214291003925
26 19 21 27 47732 1.0868563599260406
19 18 4 28 64703 0.973384689619589
4 3 22 3 67212 1.0338710251191918
29 5 10 4 63790 1.053622356425748
1 18 1 29 30900 0.9957220213452376
24 8 13 2 58988 0.965902086468235
12 23 0 11 70630 1.0356644958990309
21 9 6 8 76832 1.0187586626430787
28 4 3 15 109148 0.9923998535496186
13 28 6 23 35854 0.9808707060184924
26 12 11 5 85067 1.041494793795442
2 20 27 0 140173 1.0775937313018582
19 18 17 5 51593 0.9450753718516542
25 6 15 14 65275 1.0525741596590246
21 29 10 28 49754 0.9596698353087856
14 28 28 2 119452 0.9068975904778444
17 27 29 28 54036 1.0995768242636978
7 18 26 28 78041 1.0379860105420908
12 13 4 15 40496 0.9593569416737304
5 29 7 4 73660 1.041808944862112
3 18 17 1 93926 1.0417627588865304
6 6 26 11 97339 0.9558426602211256
7 15 23 24 69681 0.9025348519285074
13 6 25 0 71272 0.9887020263868929
12 3 11 20 75313 1.0938019819244313
28 20 27 11 41327 1.0841505091692247
13 20 27 7 88685 0.9821115610275313
24 21 14 22 33709 0.9726517550741254
13 25 18 13 47335 0.9476374219902977
28 6 14 14 82289 1.0579120520706642
23 9 8 7 81017 0.9199584929020487
0 19 9 12 54830 1.079642356725609
19 3 10 18 82670 1.065628265207764
11 8 4 24 76854 1.0420769609573366
22 9 19 25 56759 1.0074522878191332
6 24 13 14 57121 1.0076069848520153
12 16 24 24 60899 1.090667444860834
24 14 7 9 78328 1.0872771861726462
4 12 16 14 60855 1.0731067612125313
9 25 16 5 72007 0.9322002725860965
27 10 10 6 86277 1.0827517425537627
22 2 16 13 63857 1.0501296557562285
17 7 5 24 82499 0.9535898121075056
28 27 19 12 76521 0.9915926815612057
28 6 14 20 94038 0.9205825732182121
14 4 28 15 81054 0.9062353981797968
26 25 8 29 56731 0.9053947494286233
24 6 12 13 77291 0.9162773516277071
26 1 0 8 107878 1.030880677595301
5 1 29 18 130279 1.0047550154745521
27 18 0 2 134221 1.0650927012800695
18 26 6 10 70748 1.0104354159657112
6 15 29 17 87600 1.0250485029423666
5 17 23 13 77209 1.0108625531836049
17 16 23 4 52412 0.9003853545373101
6 13 26 12 94865 0.9554878417152299
7 20 20 12 65266 0.9620460751076434
13 14 21 18 42283 1.0921182624888581
7 20 15 7 65657 0.9567309532016184
11 7 26 2 74152 0.942955005588834
25 29 18 1 104945 1.0869384079750568
3 22 9 13 47432 1.085246609213635
26 21 22 4 79748 1.0643231263352615
11 5 27 20 102359 0.9987612850008973
7 12 18 24 62426 0.9930186446031248
4 6 26 19 113797 0.9844843823976285
8 25 16 14 46997 0.9427736733826213
24 21 19 5 60696 1.090384522416371
7 3 7 22 47921 0.9057939321712958
8 1 19 16 80165 1.0971499929271245
15 23 4 14 62571 0.9813277267932748
28 8 13 24 102665 0.9460478306014326
7 20 14 29 43871 1.0379225749596739
29 25 16 21 50132 0.9009189635710753
10 10 29 25 104604 1.0948345198538183
2 10 14 27 81679 0.9220578688065503
1 26 23 24 56536 0.9145493039041844
25 2 6 27 124148 0.9682267489004928
7 26 12 6 78543 0.9815823562828534
1 27 28 29 88591 1.0039011754271658
22 24 26 14 52216 1.0146066471299355
1 1 19 3 68476 0.9181185202903008
11 28 22 20 57280 1.0211541339599344
2 6 25 29 124425 1.0521302471664338
3 7 21 19 96164 0.942348873530678
12 7 4 16 60496 0.9770640734162661
8 21 22 6 94201 1.0076850610391164
10 11 27 0 104832 1.0965505620768279
28 21 3 19 98540 1.0255451637894157
13 8 8 23 76489 1.0569553829107599
25 17 9 8 93511 0.9106930309106585
23 10 13 9 51441 1.022530474795606
7 17 12 2 57893 0.9571357298661928
23 26 6 14 77024 0.9809831913995566
25 10 5 17 90716 1.034490563678928
0 15 20 8 93304 1.0341665038728376
8 20 12 6 65583 0.9377097735452838
17 14 22 25 47243 0.9911421443587178
19 3 0 23 107710 1.0780387479250801
12 25 20 10 60196 1.0530731484046951
25 17 0 1 123326 0.9535380652512537
19 27 20 16 36956 1.021389616750242
25 19 18 29 52389 1.0474601426806065
0 8 9 18 62916 1.017097145474375
20 20 10 1 87698 0.926910521195563
27 14 6 7 98286 0.9504034611756775
7 29 19 20 50954 0.9989146772913076
5 0 19 29 119964 1.007021504170101
22 13 19 20 30003 1.073970697049189
16 27 3 18 60828 1.0374006655303774
11 27 9 4 76819 0.9430800154285642
28 29 13 7 115397 0.9738793251034734
7 6 12 19 50801 1.0660803964417556
19 14 5 25 60626 1.0001746424983018
1 15 24 27 85094 1.0401473380206625
25 19 11 10 77272 0.9838774967993978
6 3 24 26 103163 0.9519119885732535
4 9 18 15 70867 1.0623708752523724
19 23 4 19 63743 1.0245773706627734
24 25 11 26 37425 0.9041059301518332
17 3 6 18 73086 0.993769470858471
12 13 19 19 46811 0.9819517610261497
20 13 21 3 33933 1.015651505450113
23 27 13 1 107079 0.9845455116592571
15 24 16 2 66015 1.0215492728366868
24 18 27 8 50222 1.0693240005838296
15 29 28 4 106988 0.9315970597594778
28 10 14 13 72449 0.9181680663629338
11 29 7 22 34265 1.0635557848643669
26 2 11 23 113417 0.969938501536354
10 7 16 17 55935 1.0907717544615334
12 11 2 28 85828 1.0583207643834407
28 27 29 6 102780 1.080569552475109
21 24 21 5 61580 0.9794282287964958
23 25 3 24 49175 0.9686069155332953
9 29 16 14 65046 1.0476602890760869
6 2 26 9 94108 0.9977801680637446
22 17 0 3 106634 1.0455242658772483
20 16 29 17 36196 1.0097844123276456
11 15 27 2 94081 0.9242005110495256
23 21 21 3 70404 1.0599877893392662
24 6 5 2 75021 1.08105576863117
26 18 12 17 63962 0.963228878143522
10 4 23 2 52607 0.9544504770773888
26 15 15 23 57801 0.9916186921249313
9 29 22 17 78716 1.0877251152357557
27 26 19 10 67311 1.036729124263591
13 8 5 22 76434 1.0707967230801432
7 3 26 28 112306 0.9915614468079553
1 11 9 22 50721 0.9574396721789522
17 3 24 18 66319 1.0891421295689008
7 11 14 16 36462 0.9764926273957149
3 9 15 17 68271 0.9311400244584597
26 3 29 17 66369 1.0806433456959237
28 27 28 17 53182 0.9357307240795045
4 19 25 2 117629 1.0251978012057767
29 5 12 27 120797 1.0018563733891628
13 6 19 10 41749 1.0707187484791143
19 18 12 11 53467 1.0726379795175025
1 29 6 9 72000 1.0385544147647614
2 13 16 29 77950 0.9685881573730315
20 2 21 14 38781 1.0227804926888082
29 13 24 2 62195 1.0002499525812163
15 18 28 24 59663 1.0107035658231234
2 27 6 15 53321 0.9456484189176122
29 25 10 24 53047 1.0513479788049367
22 22 2 29 71563 1.0414052231538458
18 27 5 23 43562 0.9190339704531402
26 6 15 15 72266 0.9683064592208315
0 17 12 16 49330 0.9175076054219681
11 23 22 3 94750 1.0623148072987285
17 15 26 22 46879 1.0755187204110872
18 16 20 25 32414 0.9307456068187544
7 17 20 15 48736 0.9459507691376473
1 22 28 6 136657 0.9603565884934635
10 13 25 2 100277 0.9507915340820983
16 18 23 29 58166 1.07047212821936
26 1 15 14 81055 0.9483849145344082
28 2 8 28 130813 1.0100834847599287
24 8 13 29 100387 0.9209733385041029
1 3 24 24 109180 1.0033582392250104
22 16 9 19 54233 0.9907077179331866
6 15 26 6 99705 1.0642052059445242
25 13 17 20 49363 1.0083565230269815
2 16 15 8 72887 0.9722083628045832
8 19 3 4 50706 1.0246754318566709
20 29 6 12 78956 0.9540770155463079
2 22 2 6 47634 0.9386844090943822
7 4 11 10 33999 0.9362480950764575
5 1 8 16 47665 0.9802149411559644
11 24 0 20 40458 0.9250873740712732
17 23 2 23 45668 1.0502581607728076
23 1 4 0 87379 1.0181859553861718
18 22 8 11 70345 0.9646086420143036
10 16 3 12 42684 0.9183239712567485
28 4 15 4 43343 0.9742267047016073
17 26 9 21 45266 0.9950681588035453
26 27 22 6 93475 0.9732177840409636
25 8 17 4 40142 0.9439554280618598
8 4 28 12 97848 0.946711922260582
0 16 13 26 58448 0.9258289281047823
25 8 22 17 46251 1.0713435573563403
2 1 7 10 39522 1.0049691811849821
19 29 6 24 48705 1.0558270735615332
26 22 1 3 120292 1.0262305838669126
15 0 6 16 66781 1.0493111780262534
12 9 26 9 71360 1.0284446666206206
16 28 1 20 50415 1.0165283836796544
17 7 21 23 60610 0.9826509117179685
22 12 0 23 93171 0.9148629319852263
26 19 7 12 82235 1.0113942315689062
29 27 16 0 118952 1.0729605202927088
17 26 26 12 78272 1.0889549688954103
0 18 16 17 66773 1.0053670079791195
4 17 28 18 100391 1.0516752909294027
23 25 3 29 63032 1.0467891258985038
2 21 11 17 48812 1.0551758337467534
8 10 2 0 49232 0.9942233281930593
25 25 7 25 42058 1.087125682334887
10 26 7 9 51301 0.9989779041875579
15 19 26 6 78722 1.0201800026292835
23 11 18 16 32306 0.9079163615973385
13 3 3 24 90804 1.054319205280918
2 13 0 2 33560 0.9215416552956207
20 1 16 28 88176 1.0626010340143237
14 0 23 29 115181 1.0723419569598778
18 1 4 29 115178 1.0796897964724759
9 7 1 25 70504 1.0143594257460964
23 27 14 23 43485 1.0051146057602407
21 16 19 29 46666 1.0350142669290143
7 25 11 9 62994 0.968197774432072
6 0 21 3 66430 1.0877113462936765
5 14 16 11 53261 1.0773091565903372
9 15 29 0 118552 0.9207387197115768
9 24 25 23 52959 1.0406399524442775
20 24 16 5 69045 0.921124434760756
28 9 20 23 73442 1.0148100924687902
7 4 11 16 40622 1.089495880293861
24 5 10 15 79610 1.0591823351967842
5 26 22 5 98998 0.9945912357976147
10 22 27 5 102382 0.9355995967700579
13 1 2 20 91666 0.9242063427368709
7 13 29 26 91950 1.013543900827464
20 21 9 21 46738 0.9156959502269627
27 15 1 3 119503 0.9773575733478638
14 27 9 21 44187 0.9134590780165611
29 3 13 24 108898 1.0650318420337022
5 5 23 8 75451 1.0131738952873357
0 20 14 2 95374 0.9694023900543716
16 13 3 2 79511 1.0510663410966379
23 15 12 5 72580 0.940095580453401
9 28 12 21 40686 1.0533176955840375
29 22 18 21 39315 0.926875531976462
13 28 21 7 82319 1.0860859256093127
28 28 9 28 75475 0.9491783218179449
2 2 23 21 121460 1.0506106624431037
17 0 20 13 52017 0.9023457059082324
1 16 5 2 50917 1.0945104550362577
14 12 22 8 52172 0.9131748151409319
27 2 2 29 142891 0.9057571321291554
11 11 3 22 57714 1.0059703299440723
9 15 13 28 64859 0.9393565886552371
9 22 6 4 52813 0.9105575701976664
24 13 19 1 55617 1.053976008987956
24 1 4 8 94010 0.9373197542469426
26 28 28 20 41133 0.9279570613895513
5 27 26 16 90862 1.0432596674241699
21 29 5 21 63801 0.9883087273940301
29 28 19 2 111017 1.0427538653100121
21 4 29 6 34585 1.0585258318946027
27 23 25 9 66551 1.0470423334258157
26 24 26 14 50491 0.919961484829047
11 5 23 6 49784 0.9749620604376943
22 2 17 10 46818 0.9969855799107591
5 12 19 0 83721 1.0245015802514572
16 22 28 3 91246 0.9631250325795317
16 13 28 11 65665 1.0351704085968714
28 19 3 25 80059 1.0096974220641655
26 6 9 25 104472 1.0647687323769945
9 20 7 1 55126 1.0879159803939225
23 3 3 2 80949 1.0847042785352514
23 2 10 13 93728 0.9047329685596883
25 28 1 7 111923 0.9138912853524256
23 12 7 2 85275 0.9124128058380402
10 3 25 7 61797 0.9504365948747161
8 8 9 20 42578 1.0117523391714474
7 20 22 27 58839 0.9344601793032613
17 29 23 9 84759 1.0933691690771001
17 9 25 17 53067 1.017165626702524
12 29 8 21 41873 1.0948013524071278
7 26 2 0 80354 0.9389625323822802
6 7 23 14 83065 1.089895738114716
28 4 24 13 43618 0.9965146336324361
11 17 1 3 66049 0.9948998855676525
23 15 14 24 54122 0.991093266442842
26 4 8 2 65417 1.0904887813078188
21 9 28 13 48731 0.9070930394169175
26 2 6 22 122067 0.9631075521401936
27 22 24 11 49304 1.0951990802535372
17 19 28 10 68699 1.0640215412538263
4 24 26 13 98317 0.9067963325714361
5 6 16 7 51570 0.9765621844222914
16 5 28 14 70100 0.946670438139813
19 13 0 11 92769 0.9336441700115615
19 3 0 8 72092 0.9329714845793524
18 25 10 14 60812 0.9595089930847533
4 21 11 15 47129 0.915675658023824
6 28 8 0 79943 1.0006011428497175
5 6 22 3 66855 1.0595666247276312
6 29 0 8 76647 0.9664682621857446
1 3 9 6 36366 1.0952691973972206
14 18 10 26 37078 1.0326398694045857
14 4 23 16 58592 0.9255420197952396
7 18 20 18 55919 1.0078016463806052
27 13 26 2 47920 0.9471934056650858
21 17 29 15 38135 1.0915907617543241
11 9 27 22 93706 0.9822755804720821
29 26 17 26 44413 0.9561530009478875
3 28 22 29 70877 1.0595219591329252
1 7 8 22 56150 1.0764410258421526
21 11 16 22 46211 1.095150399024919
0 16 29 26 99822 1.0816005612995165
10 9 23 23 90081 1.0056800439891749
3 7 19 0 77864 0.9580607355463718
29 9 18 29 102464 1.0206253542880426
12 0 0 11 73375 1.0046191143928516
18 21 6 18 53753 1.0141144164409914
13 25 21 16 47440 1.044989777594588
29 0 18 12 77955 1.0911592642176127
22 2 18 10 42021 1.068285356510035
18 17 4 5 76755 0.9400950325090751
14 4 27 6 49829 0.9913118555361553
2 12 1 1 29674 0.9065698664905072
23 26 18 0 91260 1.0284541127681948
6 15 2 9 37041 1.0859828838935905
25 29 7 17 80973 0.9622929220921894
0 21 14 3 92503 0.9222689135296888
29 18 8 15 86168 0.9309836540836537
24 8 1 10 97039 0.9646446079585622
18 25 14 6 67341 1.0897090381489463
22 19 23 28 43187 1.0730279950352766
7 9 28 23 103094 0.9670837457168091
28 4 25 23 84480 0.9673775484981644
5 3 25 29 122731 1.035358947804089
11 26 27 29 64556 0.9726935046884375
20 28 18 8 63051 1.054014625345234
13 21 28 1 114169 0.947531489167358
21 27 11 18 57984 1.0103665478292083
8 17 29 12 92529 1.0868697903320008
27 29 26 18 52895 1.0190005527916717
25 6 7 5 66788 0.9207938303739832
11 2 4 14 60243 0.9824521688372446
26 8 29 22 68033 1.0400023887148673
26 25 11 8 100002 0.986093769868843
16 18 2 4 78649 0.9087080017752972
23 12 0 1 111105 0.9731487412859943
26 13 5 3 108765 0.9178247477974775
20 24 23 14 38696 1.0492612465771365
10 28 0 12 70728 1.030070841204171
14 10 20 20 49400 1.0289198239466164
9 0 8 24 77308 1.0029336081846862
22 11 3 0 98385 1.074642947059436
26 17 0 1 130011 1.0944731094527747
25 13 5 21 96903 1.0958348742669919
12 24 28 26 53614 0.9980548219756326
2 28 24 2 130474 0.9820682000788145
3 25 12 8 81815 0.9798443711227586
26 6 22 27 96176 1.0111860474618695
14 18 16 4 48723 1.0432168191214832
13 6 6 27 89168 0.9152276304219013
15 6 6 16 61319 1.060457818412101
14 5 13 23 64319 0.9796493512495598
26 18 22 29 59667 0.9817106414667056
8 8 20 11 63334 0.9253587459848119
14 23 18 6 64653 0.9505208460731562
13 29 24 21 60512 0.9661148523948764
28 4 11 20 101596 0.9213634783376686
6 16 5 5 38094 0.9601748797837225
27 24 11 15 78042 0.9115355041173431
13 20 0 2 92869 0.9600455817404284
16 25 13 17 34147 0.9037555560230063
5 5 2 27 72746 0.9066680521024401
4 15 24 3 97657 1.0235012803839665
9 14 16 8 48831 1.0472262656469458
16 15 4 5 70383 0.9972741393696034
2 11 15 18 67979 0.9645266245824946
16 26 22 20 35455 1.0871502854543016
3 0 19 19 107397 1.0003773239180929
25 27 0 0 131997 1.0610380685643714
24 15 14 2 73476 0.9706784466126767
5 1 12 8 52301 1.07350069684626
0 2 4 10 35458 1.0947314158453945
29 12 6 16 95696 1.0869868820909057
25 28 3 24 67068 1.0709423032088754
7 6 2 14 39811 0.9365965487006865
27 13 19 5 57776 0.9394940528969844
6 3 18 17 73417 0.9785890572393579
2 21 27 22 80769 1.0514255646147883
0 11 6 18 45203 1.01568684909806
23 5 20 19 48201 1.00254466643894
0 28 25 17 94330 0.940573549208958
26 5 23 25 83155 0.937324794216825
11 21 16 12 50980 1.081918787837745
15 0 13 19 64744 0.9095747120724326
11 14 25 15 59840 1.054479754474237
29 28 20 15 67084 0.9640337926634495
15 15 0 10 73367 0.9413406492433054
10 21 27 12 91709 0.9415852034546839
24 28 22 3 91864 1.054210031332218
16 0 26 18 90192 1.0565811310430624
24 22 22 7 61330 0.9063445047482276
24 20 27 5 65343 1.059851442432303
7 18 25 5 92558 1.0513536849005953
18 29 13 1 97609 0.9137353538013754
19 13 17 28 59325 1.025452581933891
9 9 2 27 73591 0.9779172102556846
4 16 7 5 38464 0.9926707003269263
10 16 0 6 62257 0.9424055706180436
25 4 9 20 101623 0.9055276610310943
23 10 13 19 61001 0.9954089468829864
26 2 13 4 53747 0.9444706658857142
21 28 10 7 101436 1.0527112373484204
18 13 2 12 78029 1.0183337457525572
18 7 21 26 65607 1.0584073949415465
19 0 25 10 55533 0.9771513354567276
19 1 27 25 90517 1.0610665192549393
24 19 10 3 88466 0.9186914162322254
9 25 27 17 75316 0.9151661151234493
6 6 16 11 59343 0.9224636471133563
13 20 7 3 65880 0.9148803393580242
3 24 20 17 64194 1.0680312933406044
7 20 18 20 45386 1.037645506802129
8 7 20 11 67069 0.9323938455951383
13 16 21 29 60376 1.022428072915367
23 19 11 5 82456 1.0966012265175016
25 20 3 11 105351 1.0369126377565026
14 15 22 28 61960 1.0826268111148987
