6367 7693 7163 6769 7331 7415 6062 7610 6932 6154 7933 6869 6798 8475 6599 6390 8540 6019 8290 6163 4765 5566 6702 7315 6408 6958 5785 5826 6904
3053 3204 1671 3349 2902 1642 1468 1487 3137 3008 1345 1430 3116 1180 3021 3783 3289 1413 1788 1188 2900 1494 2107 2675 4342 3903 4019 3089 4104
3635 1441 2334 3049 2223 2882 3392 1966 1726 7208 8028 8068 5885 7196 7638 6415 6942 7307 7399 7144 6902 6939 7005 7271 6133 7987 6098 6304 6813
3032 4077 4635 2972 3914 4152 3798 5012 3516 5355 3173 4616 3994 3016 5036 4486 4289 3710 4437 4942 3363 4378 4053 4021 6529 7140 6641 6594 6807
3283 4802 2824 3703 4086 2870 4480 4513 3067 3224 4180 3031 3793 4152 5105 6135 3932 5768 6579 4990 6433 6081 5473 4302 5155 3909 5500 5857 5096
3466 5429 5190 5547 4840 5381 5191 5360 3589 4723 4687 3825 5569 3815 4316 5743 5190 3307 5808 5208 5403 4637 4558 5501 5457 3503 5766 7832 7886
1744 1632 3942 4017 3901 1959 3485 1580 2899 3537 1454 3893 3086 1901 2214 3202 3440 3459 1634 2241 3316 3770 2716 2453 1652 2943 2337 1772 3361
3782 3629 3260 5325 7648 5585 7023 5530 6934 6559 5358 5846 6369 6479 5181 5625 7298 5899 5421 6304 5992 6903 5507 5621 6307 5157 7334 5693 7198
2782 2228 2862 2006 3459 2356 3171 2311 1673 3506 3260 3449 2523 3351 1476 2508 3417 1685 4447 3201 2526 1841 3666 4273 3967 2558 2677 4098 3736
1936 3409 2350 3806 2997 1789 1287 3292 3286 2735 1425 2909 5915 5079 6885 5184 5824 4434 4445 5955 5563 4859 4540 5707 5520 5190 5482 4530 6775
4114 4814 2817 2714 3626 3156 3143 2678 4506 2449 3206 2801 3654 4696 4485 4684 2776 3879 3654 4491 2890 4573 3869 3433 3989 4935 4012 2780 6909
4057 5747 4407 5790 4759 5746 4148 5036 3315 4604 5371 4243 3156 3090 1845 2274 2155 2221 3177 2133 3075 3292 2710 1437 3319 1601 2159 3313 2939
5669 8222 8093 6458 6239 6686 8137 7904 6997 6721 8107 8492 8198 6249 7688 7472 6410 7989 6704 6330 7370 5966 6465 8319 7948 6035 7319 7820 8093
4276 3278 2907 3498 3174 4132 3567 4435 2589 4623 2464 2795 4047 3312 4868 4787 2760 3680 4217 3846 3304 2350 4987 2865 4386 2341 2945 2725 3540
7279 7896 7860 8402 6784 7186 7984 8071 8131 8504 8073 8664 7016 6749 7377 6122 5990 6500 5888 6924 7191 7282 7648 7591 6222 5544 6423 7425 4894
2839 1744 3168 3483 2013 3657 2339 1754 2863 3558 3910 3162 3120 2279 3552 2201 2740 3335 2973 3969 2535 4129 3262 3958 3379 2370 3257 3873 2325
4812 3223 4029 2651 3574 4212 5055 2677 3883 3974 4316 3626 4373 2897 3613 2087 2602 4297 2736 3325 2565 4027 4049 4191 3483 4074 4545 2511 3096
3435 2742 1711 3977 1345 2344 3881 1689 3991 2075 2135 2759 2548 2891 3001 3054 2893 2268 1385 2729 2154 2385 2889 4510 4634 2465 3458 2586 4999
6030 5490 6727 7714 6170 7649 6852 7609 5515 5432 6067 7402 6321 5623 7705 6165 7240 5916 6643 6984 5931 7138 3053 2971 2616 3757 3743 3205 4484
3142 3536 4640 5216 5003 4288 6573 5232 3872 4204 4068 4747 5407 5195 6100 4484 5823 6571 4016 5926 5564 4534 6047 6159 5821 5683 4487 5261 5001
6383 6273 7890 8031 6034 6842 7009 5307 6715 6683 4741 6461 6341 4980 5183 6474 3885 4240 5592 5072 4873 5493 5024 6406 5050 5437 5137 3841 4425
5973 6546 6560 6036 6536 6300 4813 5662 4990 4594 5227 5166 5193 4841 5897 5698 4669 5039 4095 6153 6128 5907 5077 6180 5414 6069 5477 4458 5935
8593 6594 8066 8715 7777 6089 5081 5402 5709 5642 6049 5580 6389 5590 4843 5054 7212 5029 6528 7211 5374 4836 6683 6843 7253 7210 7362 5942 6156
3528 2133 1985 2952 3962 4108 4374 3666 2664 4087 2807 4444 3023 2624 2205 4375 2842 3443 2754 3564 2831 4302 3377 3787 2244 3748 2803 4694 5630
3276 4040 4252 4089 4889 4777 3178 3289 2600 3497 3064 4129 4476 3298 3393 4146 3563 3052 2561 2492 3483 2307 1874 2439 3160 1683 2201 1962 2905
4980 5783 5112 5731 5253 4633 3158 3111 3551 5712 4292 4215 3082 3250 4149 5412 4117 5022 4334 4742 3559 5644 4706 5676 4531 5751 4121 4716 4193
3986 3240 4202 4260 5037 4962 4433 4652 5730 3717 3911 4868 3332 2573 1985 1722 1749 3296 3077 2681 2790 3421 1937 2234 3044 3334 3161 3476 3456
3541 3439 4212 2665 3611 2850 2150 4514 3989 4181 2128 4236 2074 3081 1785 2209 4172 3737 2537 2040 2321 3776 2474 4518 2783 2627 3159 2611 3735
3075 3858 5067 5156 5003 5597 3399 4568 4472 2997 6119 6233 7794 6037 6981 6818 6140 7084 5464 5352 6348 7456 5954 6493 5345 7046 5444 7777 6980
3163 5118 4816 4597 4348 2985 3329 2644 2730 3729 3908 3320 4315 4613 2936 4205 4377 4735 2836 3834 3812 2879 3210 5027 4148 4740 4550 4779 5141
6976 4586 3226 5841 7778 4621 4433 4954 7588 6263 6296 4365 3722 2884 4851 3376 4806 1617 7145 5466 5943 8024 6152 3190 3938 3087 5352 4634 6907 6779
6956 4592 4226 6948 6964 5514 4225 6142 6048 6164 6132 6380 4655 2314 4471 3372 4158 4161 6252 6188 5996 7854 2610 3647 2082 5228 3851 5368 6250 5357
7209 4578 5174 6726 8000 4911 4902 5321 6481 7695 6886 6076 4031 2976 4665 5758 5135 7195 7186 5366 6579 6201 1427 1767 2720 5477 6422 3482 7504 6241
7090 5857 4821 7897 5956 5436 6612 6624 8258 6831 4973 6179 3590 4021 2949 5600 6849 5214 8227 6866 7014 6069 1653 3385 3534 6412 5153 5605 7986 4753
7567 5897 4389 7695 7833 4229 6752 4368 8621 5706 4869 4826 2607 2924 7729 3921 7601 5299 7635 5627 7444 7751 3216 2338 3168 6118 6510 5517 5819 2326
7433 4729 3651 7709 6433 4996 6545 5231 6803 6947 6960 4511 2872 4049 8167 5043 7364 7101 8161 6879 7126 8359 3982 4085 3334 6648 6129 5823 7583 1573
7779 6377 4129 6828 5778 3954 7906 4775 8286 8035 5852 6776 2484 4327 7683 4951 6526 6403 7628 5228 5652 7918 1473 4504 2628 5275 5068 5138 8093 2824
6927 4455 4888 6532 6549 6432 7552 4998 8140 6335 5962 5771 3403 2978 6665 5604 5423 6981 6615 7602 6516 6155 4074 2591 4525 6428 5969 4633 8235 1514
6392 6180 3139 6092 8098 4774 7950 4794 7605 6997 6488 5182 3951 3463 7243 4185 7313 5991 5882 5287 6705 2944 2594 3663 4628 5559 5323 3118 5841 3253
7667 6665 4035 5287 8391 4430 5711 5124 8187 6219 5509 5670 3903 6889 7811 5449 6162 7037 6286 5610 6018 3023 3348 2129 4560 5508 6482 4209 6118 2614
5779 6470 4361 6366 6175 2627 6585 4498 6215 7605 5005 5462 3923 6539 6155 5862 7093 6549 5692 5950 7814 4186 1915 2887 2679 6532 5608 5604 6975 3423
7584 5751 3282 4878 7277 4091 8318 5774 7807 5550 6041 5613 4252 6860 6895 5952 7210 5441 6997 6978 6755 3752 1533 1921 1898 6795 4624 3376 6359 3666
7639 4831 2960 6965 7695 3432 5686 5390 8525 7685 5930 3612 4433 5003 6623 4303 5391 5380 7172 6479 7240 2822 1357 2422 3246 5202 5020 3290 5802 2002
6360 4108 3167 6885 7310 2831 7258 5955 8420 6250 5526 4182 2560 5356 7674 7247 7322 5472 8307 7422 6273 4921 2409 1977 3817 7189 4012 5098 8197 3474
7388 6420 2885 6281 7358 1755 7662 4813 6339 3797 5101 4539 3728 6889 5962 7189 6018 5527 6175 5148 6077 4674 1738 3653 3989 6582 5965 4866 7998 3536
6491 4425 2539 4969 7835 4218 5710 5517 5627 3568 6033 3888 4073 4557 6886 5123 6107 5673 6872 7048 6850 4895 2059 2330 4138 5000 5612 5401 6335 2834
7716 4570 6687 7288 7862 2233 8223 4638 6315 2701 6836 3546 4486 5410 8390 5666 6868 6481 5745 7681 3411 4434 1759 2062 5049 6898 5020 4538 6651 3525
7989 5742 6282 6805 7350 2955 7454 7430 6968 3137 7283 3809 2664 6002 6493 5686 5361 6606 6571 6404 5370 4294 2440 4206 5413 5912 6027 3865 5747 3525
6922 5112 7024 6113 5916 2393 6601 6396 7362 3294 6274 3884 2410 6681 8259 6635 6568 5241 4576 5723 3137 2869 3969 3798 6367 5215 5031 5616 7270 3942
7192 5856 7277 4938 6157 3218 7694 6762 6334 2979 4916 3673 2794 6379 7004 5568 6884 6258 3560 6198 3938 3807 3993 2076 6116 6736 4129 4749 6507 3489
7099 4337 7039 7494 6071 1899 6457 8244 5307 4265 5391 3632 3966 4972 7284 7177 4982 6193 3147 5022 5266 2487 1659 2545 5477 5703 5933 3289 6575 1788
7255 6129 4850 7387 7046 3545 5565 5839 5644 2557 6128 4308 3994 5245 7669 6221 5171 6774 5058 5813 3502 4496 3987 3415 5121 5425 5836 3757 5952 1759
7798 4546 6001 5729 7153 2276 7937 7196 7015 3849 4446 4696 2366 5361 8319 6244 6179 6491 4383 4701 3206 3244 1523 3517 4429 5902 5289 3248 6450 1627
6436 5401 6013 6803 7993 1552 6925 5893 7274 1822 5976 6029 4049 6191 8446 4913 5045 5008 5430 6970 5403 3228 2293 2624 4063 7149 5201 3495 6603 3969
6260 5517 5867 5689 8355 2801 5832 6560 7186 2827 6329 4526 1986 5278 8047 7323 5238 6933 4636 5527 5036 4892 1628 4225 5627 4522 4872 3841 6462 2958
7880 4951 6696 5798 6268 3698 6777 6974 7507 2326 4936 5266 2046 7106 6511 5733 7380 7132 4080 6596 4477 3246 2749 2697 4852 5268 4575 4463 3950 1641
5526 4684 5952 5504 6009 1764 6799 8013 6853 3798 5160 4912 2614 5873 6027 7241 7519 5646 2794 4538 5609 5110 2434 3982 5529 4768 6668 3512 4547 3611
6757 5592 5860 5028 8328 3440 6012 6922 5071 2461 5012 5149 4571 5718 6632 5769 7037 5737 3380 7126 4872 3625 3943 3387 4553 5261 5259 4377 4793 3619
6451 5359 5900 5853 8070 3656 7811 6538 6645 4391 5707 4777 2152 4515 8303 7390 6093 6433 4989 6114 3898 3038 1526 3948 4805 7093 6479 3862 5238 3232
0 10 28 7 116624 0.9001336633329947
3 28 27 15 104419 0.9868065576300156
2 14 23 14 85781 0.9636240370640673
18 6 23 19 63444 1.0630728925923578
11 14 26 29 71714 0.9282022800159762
21 27 5 7 102402 1.0425221902731816
15 19 20 2 74395 1.0558246125696187
21 27 13 10 77648 1.016210976949373
6 16 8 26 36707 0.9797676257307182
13 28 22 11 74588 0.9129055191275719
29 19 7 25 79024 1.0205322994520807
22 12 11 11 42695 0.9119561905552575
23 24 4 29 70004 0.9047262495152015
20 7 28 23 72540 0.9022551835229105
29 22 26 7 56472 1.0826557401222803
22 22 2 23 54598 1.0345736681621567
17 22 27 9 63131 0.9349200185690103
16 10 28 29 83846 1.022533031247184
9 10 1 28 72716 1.0720066396017776
8 11 23 8 67750 1.0500261736282983
0 25 29 24 89739 1.0932041275715674
17 3 28 19 76766 1.0515778061316061
9 9 26 18 79359 0.960061571902949
2 19 10 13 54603 0.9561319438215059
11 27 0 1 89919 1.0721606791895582
22 29 3 12 97890 0.9932702848973404
5 4 17 5 50613 1.01118196198408
17 1 28 18 75755 0.9183024189720042
27 8 8 13 78922 1.0827812790938776
19 22 5 20 44690 1.0420087434953915
21 1 11 16 82871 1.0969212146037588
27 12 16 27 74725 1.0967764340422714
3 5 12 22 74890 0.9956670799262637
13 3 27 12 63998 0.9409366591054769
6 25 28 23 63616 1.0361366145700246
19 13 21 2 58952 1.049510569213963
19 25 13 5 70040 0.9137890502354796
26 26 24 9 51897 1.0376629741126115
8 13 9 23 31586 0.9570862265865903
5 0 25 21 119131 0.9166793145073835
7 14 28 25 87963 1.0931465585248752
16 7 2 7 69866 1.0315581760202672
14 11 8 18 42399 0.9548815679682994
6 11 28 18 92195 0.9294602955956994
23 9 1 9 91062 1.095237162949313
28 8 20 26 81378 1.0903554641281004
26 8 16 11 40542 0.94245115251093
8 6 16 21 65325 1.0578398403800724
22 6 8 27 99293 1.0418252079753172
4 15 17 8 67599 1.0544023344174747
22 8 22 29 75912 0.9786139666963515
18 8 22 14 43428 0.9874725297666235
7 29 13 2 97045 1.0193632634259788
23 16 19 9 37215 1.0399908947164007
26 1 2 5 101425 0.9610673706718047
15 25 5 26 46073 1.0666876524890225
5 3 0 20 68666 1.0678191963945274
16 1 14 22 64083 1.0284255561332056
11 2 12 26 79489 0.9278371439321587
17 8 13 17 43688 1.0440480447626002
27 15 9 0 92953 0.9552772854845899
17 18 21 27 40887 1.0240593851051667
26 14 16 25 57587 1.030405586208925
23 22 17 27 35019 0.9722775210594554
5 15 25 29 89410 1.0082103067129224
20 20 1 20 58525 0.9384455886997362
7 26 5 9 58926 0.9708523284371734
10 7 22 6 47585 0.9534804802127362
26 6 16 8 42839 1.0846550050927608
27 5 0 0 106733 1.0443025572066575
20 21 20 3 73272 0.9087008002038645
20 13 13 7 42832 1.0808934122202043
19 15 25 19 45599 0.9075212298784165
4 14 1 28 51096 1.0868713895758504
28 12 16 21 60205 0.9364570116367156
9 21 28 2 106997 0.9152599757042384
1 3 27 4 100179 0.966350030492626
2 16 16 1 90648 0.9374630781849067
16 17 10 11 40460 0.9858662705321682
16 12 14 23 40527 1.0360075711415662
9 2 5 22 66331 1.0216829320153753
19 22 5 6 81376 1.0177994835247979
21 0 2 18 126264 0.9342847342579024
29 28 13 16 82227 0.9111366074986382
12 6 21 0 57650 0.9263125019267883
10 8 24 7 55957 1.0930947059646763
13 26 21 23 32239 0.905753539179403
28 17 23 2 60689 1.0407301350424791
22 0 4 29 128218 1.0466804887861452
24 20 2 11 93783 0.9068875942220139
26 5 20 22 68891 0.9185547534899065
26 29 2 20 88117 0.9565224286604065
4 19 10 27 50684 1.0796742897637883
16 23 7 5 73619 1.0910625197391974
18 13 1 4 83920 1.0520295070528114
15 0 11 26 81427 1.0271040069290676
0 20 14 0 104224 0.9967859318167853
19 22 2 27 63196 0.9905759285315681
4 27 17 22 47700 0.9581288803064048
14 3 4 10 65625 0.9445577031612823
19 21 2 6 85967 1.0161951419317559
3 14 7 20 36646 1.0744938226225553
20 27 25 9 70971 1.085063634723119
17 19 29 27 56970 0.9165649439567634
25 6 29 23 61446 0.9541685841630938
15 15 3 19 63857 1.0193879669210695
29 17 8 25 80724 0.9775948621008302
22 11 6 12 62504 1.077381794640216
6 25 26 21 58742 0.9316381120890614
8 5 29 1 81370 0.9785908071484728
24 16 1 4 110475 0.9909164177355033
18 18 14 26 37976 1.0904162274151745
15 7 4 5 49547 1.0469179000961748
29 19 3 28 99621 1.0193718775593692
28 10 22 25 61424 1.084189328872756
27 21 19 9 54543 1.0701824663222024
13 14 9 4 43590 0.921437474787914
9 2 0 29 105141 1.0498026264894451
6 28 21 14 85308 1.002593681332912
18 3 3 10 80205 0.9011776269286885
15 8 3 3 63623 1.0378145579140747
13 11 21 4 49271 1.0269797537686098
29 12 25 0 58175 0.9014926038804939
25 8 25 29 67282 1.074994831870367
21 16 27 4 61931 1.0742794077229958
3 10 29 27 118134 0.9898495453859241
17 13 13 23 35470 1.0329431809471479
25 28 2 2 125629 0.9688870739549968
24 25 9 13 73964 1.0224307192420652
7 13 9 5 26175 0.9937100396999118
24 9 25 25 53831 1.021331997175649
4 15 11 22 43430 1.07066663588308
6 22 20 13 63776 1.0413354542412787
29 11 7 14 86221 1.0703797853792598
29 6 4 18 120246 1.0135919916132954
2 12 26 27 102625 0.908314340935365
22 4 1 19 106792 0.9835617221279733
29 11 28 28 60740 1.0794803017356642
25 0 23 15 59971 1.012911419287926
13 12 26 6 62298 1.0338107164216173
21 10 3 4 88052 0.9773328265396234
19 15 5 9 77788 1.0715560988147501
13 28 6 23 33681 1.0266467632705802
29 27 3 16 107931 0.9900888870377041
0 8 27 20 109599 0.9390506613696903
23 0 1 29 136414 1.02559395806417
25 7 8 11 72667 0.9028025571725672
13 3 16 24 69559 0.9935183973445837
24 23 12 21 34875 0.9643191747342074
6 23 13 2 79703 0.9803985631510993
6 9 27 9 87181 0.9437102226012131
27 25 14 6 89388 1.0955881001022532
10 16 15 4 55687 0.9092271426412366
21 10 18 21 49444 1.0889057397721895
2 18 15 24 54171 1.018882984860776
14 13 13 29 62269 0.9365240750789701
14 22 22 12 46692 0.9803226255197213
20 19 3 29 72201 0.9348135755122967
4 12 25 6 82929 0.975066759636457
17 12 13 19 41329 1.0447436677478799
28 26 19 4 91845 1.0670814312303125
18 26 24 18 40036 0.9359660028033022
24 3 21 15 56299 0.9873870531916813
10 27 10 13 46631 0.9430690416989026
26 13 5 20 85816 1.0266999656520523
26 18 8 18 66937 0.9240283938901819
17 22 0 22 43299 1.0401320219263936
5 22 27 11 85958 0.902451484426033
28 10 17 23 67746 1.0892781142104246
13 0 13 29 99987 1.0662740920642544
22 24 5 22 52411 0.9981857315392959
12 16 26 28 74940 0.9602484639795129
23 17 25 2 60970 0.9010475667785691
8 1 28 3 77151 0.9806012548334444
29 16 9 4 97182 0.9266390103777851
18 26 8 12 60524 0.9992901117618372
18 12 11 7 42451 1.0242754542896444
28 27 9 26 77852 0.9236461981089491
5 18 28 18 84110 1.014112399892587
4 5 16 8 56928 0.9669972949695415
4 1 15 21 94810 0.942839284735832
6 20 12 5 58886 0.9662894775351065
29 1 0 26 150687 1.0168125110725905
20 8 6 3 75251 1.057423766052054
25 20 5 25 68350 1.0788671029823824
22 10 10 2 62649 1.0171268007296845
12 23 19 11 50261 0.9828262481757661
4 3 26 28 128822 0.9784829449955901
13 24 27 29 57615 0.9202909803608692
0 7 29 8 116033 0.9989514232844348
26 2 20 7 43121 0.966189119947502
14 21 6 19 32892 0.9561154868241786
17 0 15 20 63114 1.0723978947167299
21 18 7 3 94297 0.9722127461216363
15 2 24 4 37753 0.9290223440229504
3 2 23 7 84164 0.9361590701668878
25 11 18 18 49486 1.0098017230973624
5 25 27 28 81770 0.995878525061299
25 22 5 25 59220 1.0830622628428737
27 11 24 25 45326 0.905276058563142
9 20 28 0 118806 1.0832910758236527
22 5 9 6 41416 1.0598406599672607
22 9 14 16 48208 1.0648922247998822
10 4 0 22 79178 0.9517146698742411
22 5 9 5 39627 1.0532102555975205
0 3 11 2 50325 0.9762583125054836
0 5 12 11 63413 0.9341167803888129
27 13 18 18 52005 0.988089538302101
3 7 17 22 81160 0.9494211483868664
0 12 20 23 75408 0.9369174742307093
5 6 14 26 84142 1.0776320128910428
0 10 20 0 109967 1.052381496338974
18 11 5 28 77591 1.0126108500433195
14 26 11 4 79696 0.9167928159865812
12 18 25 13 71613 0.9263626800666587
2 29 17 12 81694 0.9514494026448848
12 24 1 17 41120 1.024308060291509
16 7 13 25 61499 1.081439955202474
9 16 13 26 45326 1.0652476942451694
14 3 4 6 55392 0.9771716555810754
8 0 0 8 56395 1.0471781147504169
20 22 5 4 90619 1.0702891050759513
3 14 21 29 97827 0.9555502585867705
18 2 10 11 53640 0.9340628946785636
22 24 25 8 62090 1.0310076363469307
3 13 20 11 67662 1.0369922878398043
28 16 16 17 63870 0.972269608280796
28 10 7 23 89692 0.9329628680939154
1 1 5 18 62280 1.0367664318894714
11 7 5 1 40368 0.9507778022233472
8 11 19 5 49585 0.9875334943842794
29 23 7 8 101069 0.9194350860520234
1 15 13 11 51698 0.9912016912243993
9 17 13 29 50630 1.003892274909657
29 25 19 9 76173 0.9406502994903512
23 29 1 22 76021 1.0181273838495002
11 2 6 11 44632 1.0218328766021272
15 6 22 14 48001 1.066863842421429
17 8 29 15 58436 1.068900188486137
6 27 4 10 53054 0.995511187405145
26 23 29 7 53948 0.9557928427270747
15 2 12 26 81468 1.01827225147466
1 16 21 9 87455 0.9857686825543881
14 0 10 12 55582 0.900435726286068
1 13 14 15 61414 1.0521538104900907
24 24 27 16 29707 1.0833816290927785
7 29 10 15 52471 0.9205054597984423
4 26 23 18 76016 1.0935265378713401
9 15 19 3 73393 1.004518174929812
23 22 17 5 61753 1.0449519498291198
28 20 15 8 69276 0.9960206250087175
4 28 19 8 93068 1.0470255474909977
4 19 23 2 108805 1.0619607650994105
22 15 10 4 74503 0.9252245241202951
24 17 5 24 66521 0.9837307758976169
23 8 1 16 96525 0.9786626615273086
12 2 0 0 57931 0.9998673947022568
24 17 8 9 83695 1.092632757816456
0 28 12 10 95407 0.936701211733591
5 29 26 7 112781 1.0960275531309818
22 11 15 8 32648 0.9644512150978484
12 11 0 16 58663 1.0943852395773623
19 11 18 0 45007 0.999641541623739
5 2 14 29 101657 1.0520759791572574
5 28 2 15 53571 1.0720218377734607
3 13 23 12 72453 1.004891678578724
13 12 23 12 33041 0.9312288731318985
6 9 0 14 33268 1.0981709952838905
10 4 14 27 78896 1.0364103066476988
9 9 28 21 86244 0.9133829562626709
0 13 26 15 96598 1.07424258087576
29 5 15 18 77135 1.067151991259861
12 3 13 16 55256 1.01841611239384
8 16 26 21 63491 0.9294143796913346
18 11 1 29 93262 1.0156425239634226
21 14 11 17 57920 0.9642699280695007
22 14 14 16 53536 1.0682109567202769
14 23 2 14 58669 0.9813103975307808
15 23 20 12 40256 1.0041550062296836
10 18 3 27 53436 1.0622004880375866
21 24 6 13 69528 1.0186713500356042
0 16 22 3 112250 1.0039284099146286
11 4 19 27 90223 0.9295286296047862
4 10 27 25 100488 1.0010231246178418
27 21 17 24 37850 1.0043216407050188
18 18 1 14 71247 1.0066999439322306
11 6 23 9 54818 1.0240709498851341
14 7 11 18 46287 0.9448670897922287
8 22 13 15 35691 0.9384119849651906
26 29 24 18 31666 0.91853493072922
3 22 14 22 27554 0.9637969503414412
9 14 17 0 66544 1.0655104360880334
9 16 0 5 58499 0.9451728357902889
9 14 13 7 44411 1.0051293767850369
0 0 14 9 88591 1.0232951378622668
28 8 8 24 96581 0.952337410476668
27 9 13 8 49759 1.0257759365387207
7 4 23 2 65584 1.0435040271324558
16 13 0 22 69689 1.0544406108837634
15 2 5 23 87827 1.0856786359454635
9 29 29 25 77258 0.9992016216434063
17 5 17 16 30368 1.0777185034796126
0 18 24 13 99821 1.0403674349700394
2 0 15 1 57701 1.078671094580523
21 12 7 22 59928 1.0088112190569973
12 1 22 19 90286 1.0245303719172028
27 19 7 21 61520 0.9479058077399994
8 15 4 4 45355 0.9833506958388736
2 9 4 28 68658 0.9824780749427026
29 8 6 16 98282 0.9513560781094166
25 6 11 6 49578 0.9337296582922554
25 8 14 13 53096 0.9978499355903255
6 19 28 29 81503 0.9958169234266346
6 22 12 16 36667 1.0748347045041609
6 3 6 20 47902 1.0243784167532894
26 27 26 9 52832 0.9003386436842218
7 25 6 6 57207 0.9703343450422732
3 12 24 16 85370 0.909929040578552
4 14 13 27 66427 1.0444340473156937
13 28 7 18 47104 0.9518831655961675
0 3 8 17 62526 0.9580724074877799
19 27 5 0 116264 1.085045481743511
9 27 21 29 47846 1.0623292722786966
14 6 9 24 74220 1.050369972333255
13 9 17 17 37672 1.0972933111775462
24 2 18 29 101519 0.957200001529618
10 7 25 3 59109 1.032722306858601
7 7 26 23 91062 1.0831152516466183
22 29 20 1 106721 0.9770511735956072
0 16 29 27 103727 0.9068514254844743
22 0 16 16 73711 0.9623472958212306
27 0 22 26 94699 1.0123536210757538
12 23 6 27 27080 1.0943335988856857
21 15 29 28 72050 0.9267530479640087
0 16 9 3 64507 0.9611311277864643
4 27 13 6 92421 0.9575229832968891
13 19 19 13 51810 1.0960111840751254
26 14 5 3 104956 0.9302649554357867
26 17 27 27 32325 1.0669027890220961
14 5 1 28 102516 1.00728235440937
21 6 10 1 51923 1.0456698963056077
22 8 8 9 68053 0.9709468752650191
25 18 4 25 76428 0.959941166730845
9 7 21 14 66873 1.0504282950535924
20 24 1 6 89967 1.0910306129651237
20 20 5 24 49746 1.0757283978057743
5 8 24 12 82025 0.9595408865483361
18 0 28 15 81671 0.9658909938099233
19 26 17 12 45176 0.9142677109334142
4 26 13 23 38136 1.0505055128257639
23 21 26 0 81889 1.053093642282801
12 22 29 9 79305 0.9223502632833062
15 5 0 0 74181 1.080460202599743
25 11 27 20 28289 1.067150286039509
0 1 18 29 115817 1.0980960150739083
29 6 9 17 101739 1.0017811980947633
23 23 7 22 43630 0.940347178008658
13 14 9 0 55091 1.0721195129188898
6 25 27 23 60229 0.9237706694108053
28 24 29 4 72710 0.9971883076251395
13 6 26 1 56245 0.9741141579181936
7 16 24 12 72833 0.9268206118986835
29 2 4 22 122597 1.0753348489688725
27 19 7 6 103962 0.9703351053543589
26 17 10 17 70808 0.9367778770731998
2 14 29 19 103163 1.0467950705631548
26 7 19 11 39279 0.9156457975637039
13 10 1 17 61234 1.0916073633912842
5 25 26 8 102791 1.0084428908912189
2 26 25 5 118846 0.9110138715526723
4 3 26 6 86698 0.9109115666577108
5 6 16 7 54343 0.9039362808470259
6 27 5 17 33622 0.9796141913408657
7 20 18 16 48770 0.9393344975338526
29 18 12 27 70962 1.0908772120412982
19 21 10 19 34272 1.022067298156204
13 29 24 21 51999 1.0022195954138213
20 17 1 22 64747 0.9300042530691458
27 19 14 18 58411 0.9010096379056802
15 20 27 19 45294 0.9801396152215205
5 13 29 24 93866 1.0811595541943457
26 14 10 6 73923 1.0068000057603013
20 15 27 7 56431 0.9789797643154842
28 0 8 2 86213 0.9224311613320836
27 4 25 15 42800 1.0463887642030303
26 21 8 22 46374 1.0302320055349403
15 5 8 19 59247 1.074624504755922
19 10 24 26 64287 0.9346696942206347
17 5 29 11 52522 0.9687345506566767
8 10 26 8 79361 1.0797059768638968
27 17 13 7 70833 0.934137233568855
7 17 0 12 40282 1.0879490630770354
17 0 23 29 96266 1.0468718153604135
22 7 15 4 33644 1.056734359700372
13 28 0 0 104753 0.9364926240632268
26 18 6 15 81531 1.0966411412106452
12 10 25 18 71048 0.9008419887623871
12 12 24 12 41523 1.0415336604778216
17 29 3 2 116123 1.082776318782708
6 8 26 10 85392 0.9682706007388205
7 4 27 24 109088 0.9796809385246914
24 22 26 14 25098 0.9501185551128914
11 10 24 27 78108 1.0713218463338912
2 14 21 19 87572 1.033820033960299
6 14 27 28 91609 0.9635749528140645
7 13 13 24 44578 1.0535787444362086
12 15 18 11 37223 0.9627108875796441
7 13 21 22 58203 1.0447992356565075
28 15 13 21 63551 0.9638178944682307
17 2 20 15 50279 1.086402285587018
3 22 16 26 46632 1.0844143352200113
13 3 9 22 71495 1.0697512238321172
4 18 12 22 41694 1.080814986422013
27 12 19 2 58529 0.9720790412687489
29 6 18 8 48787 0.9875344011411069
7 4 27 21 105872 1.0479166877283994
15 19 17 6 44567 0.9319456972017182
10 22 10 8 45218 0.9095979939622131
18 0 4 16 95677 1.0643392830368548
10 7 12 16 37138 0.910122947061369
8 29 11 17 40666 0.9470128395212194
4 26 17 1 98951 1.0001959231711295
2 14 22 20 85966 1.0785235317478197
7 0 11 12 47306 0.9009462691640716
9 9 20 3 55776 0.9300412907687509
26 0 21 21 89629 1.0149016756484033
29 25 10 20 64762 1.0909390412669697
1 18 1 28 27505 1.0728901227126697
16 3 21 17 65464 0.9801955287468455
26 1 2 4 103648 0.9780994488481644
8 13 25 12 62061 0.9215883235541247
6 24 8 6 55061 1.0045527867495203
22 3 11 17 83133 0.9435800253016484
28 17 26 1 61609 1.062517308358748
0 22 26 26 78089 0.9106971276498047
14 2 7 28 102074 0.9599577476427055
15 17 20 7 50130 1.0932665663952943
7 19 27 13 86215 1.0096226167624336
26 0 7 3 87450 1.012466528081364
29 13 15 24 73604 1.0971628957860446
15 9 19 1 37693 1.042681739037527
28 13 10 0 93353 0.9928391977566793
15 15 5 2 73433 1.037962331879079
21 27 12 12 73759 1.0227344429026268
1 12 19 24 75150 1.060331071059788
8 19 29 15 85102 0.9118674814616571
22 15 2 24 88624 1.0036826110375587
22 18 9 11 73834 1.0404628433477958
15 25 16 6 61010 1.023498014108442
5 5 1 11 32128 1.0884671095464866
20 11 10 6 50350 1.0639210593601738
11 3 8 21 62944 1.000735545742604
26 1 13 12 74075 1.0047642420550447
7 15 6 6 29000 1.0919885321871239
27 22 7 24 57131 0.9081049357919319
1 14 20 6 87119 0.9161538883691391
7 3 10 13 41051 0.9667168120704406
3 25 5 5 72843 0.9445098642242454
23 3 11 22 78237 0.9093052624960543
19 2 16 18 61481 1.0862705808881263
13 17 23 24 49993 0.9606136561780552
0 2 10 19 78611 1.0533229606521892
28 16 16 13 53033 0.9154477518102939
13 11 5 26 67195 1.0317248992715913
21 17 9 17 69885 1.058256827177966
22 24 7 13 70312 1.0790225100477298
10 3 26 17 82563 0.9576480144888424
8 14 4 23 35787 0.9748754848662027
26 12 3 9 89684 1.0460059663739734
26 3 10 2 63978 1.0723669023953428
18 21 12 13 47656 1.0239215819124863
21 9 27 24 58067 0.937335212450318
7 13 18 17 61803 0.9184994277466013
15 16 11 8 42589 1.012499309396734
11 21 10 8 40011 0.9658360402821156
7 3 29 21 112433 1.0082724727070616
21 18 12 28 58260 0.9760258038126395
19 18 0 4 104316 0.9059274200549022
0 20 10 0 88635 0.9086374425552292
23 15 16 25 54307 0.9868391558746165
17 13 5 21 55638 1.0253522998514808
15 21 27 2 87103 0.9179011370760596
7 29 21 8 90079 1.0803466090489484
25 25 3 1 123862 0.9731593752490326
13 4 12 20 63270 0.9577624208564874
20 21 1 25 59626 1.0244656840077098
26 6 1 14 101010 1.0690846886086982
15 11 2 22 64714 0.9089916406400397
1 9 20 25 88925 1.066694226182795
7 17 21 18 65900 1.065768439145557
9 21 0 13 46160 1.0017882266281044
6 10 15 17 51876 0.9898600836826067
4 24 15 18 45718 0.902785326890866
29 12 26 20 29752 1.0896386783356107
23 15 6 21 69711 1.0424271955612028
11 27 18 8 63010 0.9292423089772142
16 17 6 19 48777 0.9273008418938236
11 24 7 2 71920 0.9004540995310023
23 4 11 19 79850 1.012259945270825
25 13 19 7 40334 1.057452947619455
18 8 7 4 55281 0.9434566204384418
6 4 27 6 73629 1.0329853942044482
23 3 6 12 75378 0.9249741575131868
10 27 27 2 108456 1.0635297845504992
26 2 7 12 87530 0.9727241665257422
20 11 26 4 46732 0.9020731484960344
13 28 16 2 84641 0.9970947085207675
0 24 6 12 47129 1.0962379858018536
13 19 29 25 61994 0.989348247663889
14 23 5 15 48539 0.9875536537193561
6 6 3 15 37963 0.9202926990669552
6 12 22 29 88821 1.089672659335261
1 10 28 23 95630 1.0119984063218548
22 17 14 25 57593 0.9022940942092977
28 4 11 20 95948 0.9755677664126741
25 23 25 0 86356 1.0209872603562913
1 16 7 29 45018 1.0120200703619278
5 14 18 1 78645 0.9182770946553448
6 22 24 24 48436 0.990456608221733
25 5 19 22 71230 1.0518196138056672
2 9 11 10 54388 1.041081669802352
13 21 1 28 51667 0.9380828121116291
16 27 28 7 95876 1.0279233315741036
19 16 27 2 78886 1.0035328058932125
1 11 8 0 56297 1.0506842763758808
25 24 2 15 86178 0.9870662139281029
16 23 27 13 57284 1.0222225806842697
12 19 13 5 58186 0.9588105015949824
24 16 14 4 67495 0.9486478445458993
6 2 18 8 61417 0.9969917892273638
5 0 18 6 66160 1.073495774148056
12 18 27 4 92166 1.0640089361975036
24 25 16 29 32375 1.0906251524862929
25 19 21 6 61486 1.0693229328437055
27 21 25 9 39171 1.0983826066659255
21 22 9 17 50400 1.0448004269931874
13 21 13 5 59426 0.9449579587957709
28 5 19 23 77156 0.9756121340702227
18 19 28 21 47748 0.9472718385222397
20 16 15 2 62822 1.061434326122693
10 14 29 19 79851 1.0355225719866523
14 10 28 0 74418 0.9433927386465959
10 12 4 21 53655 0.9963741136183593
5 26 14 2 96047 1.0344103553990884
17 29 14 19 44564 1.0443204716829717
22 5 29 17 60499 1.0116428859140574
0 2 9 16 65026 1.0145221298593146
11 9 25 12 60749 1.0379718457202296
12 11 10 28 55884 1.0273749866264894
9 6 20 11 53413 1.0765995624380362
7 25 1 4 64575 1.0667402109575361
25 6 13 25 86788 1.0355751303736795
14 25 0 8 85302 1.0600568565986352
9 18 24 7 84290 0.9717712638792217
9 10 19 18 63494 1.0401698990620554
6 22 15 4 74375 0.969301014846402
7 15 6 3 38877 0.9714608118894124
5 14 8 25 46710 1.075426669957606
22 6 18 15 53099 1.0463419773274525
2 22 26 24 62949 0.9254443988844568
3 5 13 28 93974 1.0921431859253867
18 24 19 14 43085 0.9705270497500775
28 7 4 0 100099 1.047561663771077
7 6 4 27 76458 0.9726247591892496
8 6 25 26 96949 0.9513882701720974
29 14 0 21 108423 1.0859358920323072
28 28 19 21 46992 1.0779101342061388
8 12 25 27 80749 0.9562262377277393
0 8 25 7 106429 0.9796596892145485
6 1 21 20 104047 1.0460354468426747
19 25 29 7 84419 1.0352727553292425
24 21 15 20 32653 0.9368610110818871
21 28 20 8 85094 1.0001747665181273
22 25 14 1 96918 1.0117719766743534
16 13 26 16 43845 0.9250570895896026
27 26 0 24 84718 1.0452372859676773
26 5 8 25 99003 1.064592212263969
21 6 11 15 66540 0.9351379239390817
17 5 13 16 50013 1.0180681917893555
22 5 17 29 83733 1.004758554871142
17 14 25 0 66568 0.9649641663553478
3 23 15 3 90382 1.0981126131438894
27 29 18 23 40535 0.923575784896389
6 12 28 28 100441 0.927798370783415
29 16 9 26 86629 0.9587772949228229
17 15 8 27 51880 0.9299318475054863
27 15 17 29 63926 1.0421121788744707
21 11 26 1 54802 0.9135652352669862
28 6 18 23 78911 0.9490938946537278
4 20 17 3 93247 1.054950996875407
18 14 22 24 50532 1.053936892324338
25 18 1 15 88345 0.9971898685313005
28 19 8 18 72665 1.0353276829855036
24 19 25 29 27464 1.0268531439476378
24 17 6 8 91250 0.9625422116943266
21 26 0 17 77477 1.025524421244328
6 0 13 13 61966 1.046150374578685
5 27 28 22 72801 1.064005433269752
4 26 27 1 129204 1.0559009223464415
1 12 8 8 35530 1.0381346759742631
28 0 13 12 81694 0.9019401991585824
4 21 23 3 104920 0.9863215038620704
1 3 25 9 104976 1.0068581889416968
25 10 14 21 69050 1.0650411552848251
21 23 6 7 78849 1.0584798383071419
21 2 1 27 127972 1.0536274944719728
18 12 14 24 42999 1.0205096623638452
27 24 16 8 72528 0.912569770957452
28 17 16 18 59454 0.9670057557282268
6 22 25 24 54063 1.0978166653254549
0 10 20 25 92213 1.036309486438953
25 17 5 15 90729 0.9721949637449637
26 9 13 18 70433 0.9542583794045493
9 19 18 5 73940 0.9527294338660138
10 15 24 0 91632 1.0222413975145015
15 16 11 22 26718 0.998693530392728
26 1 29 27 94083 0.9724892225479119
7 2 10 26 81536 1.0925336447091856
14 6 5 2 49166 0.9942687108713404
15 10 13 26 56389 1.0980154921888783
26 23 12 23 41310 0.9083394352646692
24 27 0 12 95262 0.9837824501957126
27 10 18 13 38910 1.0831249131152452
26 1 28 29 95809 1.0332032265303106
23 10 10 21 68096 0.9413421966981645
27 13 19 10 34704 1.0035764357466468
5 13 9 2 42849 0.9622245943244707
13 7 2 10 66999 0.9831200363573896
8 1 6 21 60661 0.9293374912078525
14 27 20 2 96576 0.944934689660628
24 2 2 24 117434 0.9290527839970714
7 24 3 10 52918 0.9526379934925678
17 19 12 24 24168 1.0270143989926284
9 5 24 20 87476 0.9483774022536444
5 9 22 5 68696 0.9642357246521834
29 28 13 26 62880 1.041212047181389
28 17 3 11 102828 1.0073920844912616
14 7 14 27 71985 0.9077813729543331
22 22 27 10 43797 1.032434582599977
19 21 26 11 53473 1.0834040528786326
22 12 13 23 53846 1.0764931491005227
22 8 7 7 69067 0.9978547577697702
9 13 29 26 95896 0.9738618346280076
1 21 11 21 31078 1.0814811209615651
23 27 11 10 80313 0.9839448234679993
23 19 9 20 54197 0.9563297037026792
15 29 8 8 76181 0.9063426907328931
23 17 7 29 73602 0.9654548678784078
22 24 27 0 87847 1.0338809182733228
8 0 16 26 92272 1.0840596279434
25 28 24 15 41385 1.0404791088020868
23 1 27 22 69275 0.9576114759780792
20 16 26 6 61143 0.9343594962315278
1 4 19 10 89168 0.9099851444791307
23 3 20 26 91379 0.906910717900702
24 18 18 11 44880 1.0228442695506432
21 26 1 10 93024 1.0328342470195617
0 17 24 25 74884 1.0326991651330975
10 21 21 13 59678 0.9943973095290604
14 12 14 1 41799 1.0837455326676522
20 12 27 25 56307 0.9733209880870375
18 18 26 16 39915 0.9272146636566416
20 0 14 10 56686 0.936636196537046
0 27 28 1 148629 0.9508839448513503
16 25 29 18 58130 1.0120594408454537
14 7 5 21 79953 1.0523174126438217
20 9 2 24 83871 1.0710132843916138
8 3 28 3 73261 1.0564545600591368
23 20 16 6 64309 1.040084718949799
20 2 21 13 63385 1.020092840934939
2 28 23 6 126153 1.028561721342805
8 2 14 8 45156 0.9041564934095551
29 11 0 29 131689 0.9024522040110913
28 7 8 22 93344 0.9345936938371371
11 26 7 2 76840 0.9672493960141939
0 14 18 26 75711 1.0862803200738618
7 29 2 5 75100 0.9654849561972801
14 25 4 15 62760 0.9867961158434805
10 29 28 18 72485 1.005177399955145
27 1 9 28 120634 0.9133519862262474
21 19 18 4 66173 1.0599386868587302
18 5 0 16 86276 0.9106616948741404
27 13 13 25 72294 0.9263143309058938
3 1 13 8 64570 1.0776027404365434
20 6 7 28 104928 1.0884074272584485
0 4 16 25 93964 0.9934991588661062
14 6 6 17 65001 0.956074645657256
22 6 3 21 101769 0.9360591104926942
21 4 20 16 66182 0.9442135865037926
13 5 25 21 80677 1.0629614815973378
4 20 26 4 117299 0.9272718584018388
5 3 23 19 112236 1.097337747283822
9 11 13 26 53171 0.9952160461926602
15 28 29 13 86483 0.9765146152877009
28 27 6 23 72815 0.9982269468436614
21 11 15 7 30094 0.9267999350731381
20 27 28 21 39358 0.9776616474995369
16 0 15 17 54373 1.0363217348168479
22 28 9 11 89941 0.9428349340901503
26 24 4 17 79491 0.9230408146144177
25 7 1 25 109940 0.9684960098789253
9 2 20 23 82342 1.0511971088856051
23 2 24 12 34985 0.9859099316133203
16 3 6 16 66573 0.9357734724850346
13 9 17 17 37672 0.9500494100955492
5 2 18 0 58253 0.9569342878755059
24 29 8 27 56260 0.9129403454995999
28 0 1 26 143051 1.0986587154494158
3 17 16 8 80608 1.0221294615819458
28 18 4 1 123299 1.0313403039149038
2 18 17 8 87037 0.9792053392358931
13 1 15 26 82488 0.9120882837413956
26 14 12 6 70056 0.9671965296026561
13 21 25 15 58287 0.9402457340686896
7 4 21 11 70038 0.9631274539056578
23 15 17 2 51953 0.9949887517361171
23 23 17 6 62682 0.9599943395208992
12 28 5 10 73001 1.0273356185766702
23 27 25 15 42960 1.0612994974483025
7 15 7 28 47979 1.0558408422207481
18 10 6 10 57998 0.966459329641637
7 29 20 3 103824 0.9847739092016452
29 16 13 5 79605 0.9376764124743566
7 19 14 3 75807 1.016333856905756
5 9 20 14 76216 1.0802924949775292
26 19 9 5 87026 1.0051205168971657
22 20 27 12 38731 0.9677181830246036
29 29 22 20 42857 0.9611182064448046
8 27 29 22 67156 1.0123547216338138
2 22 16 3 87177 0.9673352197878318
26 0 3 17 127130 0.930451503249344
8 12 28 9 74871 1.0161028486782007
9 15 13 0 63554 1.0704542586032275
6 15 10 5 38192 1.004207075328306
28 1 15 10 66242 0.9410069558192736
6 14 19 13 56664 1.0328430213932263
28 9 7 6 82364 0.9504185010265292
29 13 7 2 99733 0.9277036982086921
15 15 1 22 55211 0.9296108947826534
23 17 6 11 78352 1.087529830045621
21 2 25 13 50904 0.9674459749959352
21 6 15 21 67279 0.9689017246742878
15 17 20 7 50130 1.0784774434819333
22 9 16 22 50268 0.9655597846780013
23 26 13 14 68400 0.9092805330171444
23 1 2 24 113684 1.0766528580416297
28 14 15 11 50869 0.9791037883524008
26 18 17 13 43480 0.9157334700054243
27 27 28 9 56299 1.0560983357534122
20 20 13 10 53320 0.9454713359787502
12 16 24 7 71291 0.9195179953837157
17 19 21 29 42756 1.0670280430027015
29 22 19 14 65145 1.0989075729834412
25 4 8 0 68420 0.9148890721837798
24 27 5 12 85667 1.0859921550742868
21 10 25 27 65147 0.9822641582589725
25 14 1 8 98432 1.0996096958376658
4 7 18 16 81013 1.0405759235809178
24 24 2 13 83694 0.9670417087953002
3 20 25 4 110925 0.936699907876523
21 11 13 25 62269 0.9935546426858223
3 14 5 26 53258 1.0849258968404156
26 13 3 10 87661 0.9279550600509207
12 26 3 8 80139 0.9218505673380736
13 7 3 27 94459 1.0866991972405264
0 20 12 4 83906 1.0886564373237677
8 6 29 11 85269 0.9004602565890535
8 11 22 14 66565 1.0672035028369988
1 20 21 0 122518 0.9973642568173113
17 17 1 7 81647 0.9270112478376462
14 25 10 14 45657 0.9725600447949684
21 20 1 3 102057 1.046318169850982
12 2 23 29 105158 1.0207787439581193
3 15 1 24 29767 0.9149714911393904
7 18 10 8 42324 0.9526966918204691
14 19 3 20 49808 1.0334597908185814
12 1 0 5 66854 1.0477295794826302
1 23 12 26 41977 1.0579510844059836
1 0 23 8 102090 0.9015800625441234
12 2 0 25 98012 0.9767032365082954
21 15 27 10 37376 1.052546774915956
7 1 22 7 69381 0.9308360138010996
12 10 0 19 69020 0.9819108754336552
24 19 8 9 84048 0.9943162746412958
16 2 11 22 67524 0.959557418504348
4 17 15 9 69499 0.9673598826578171
20 28 8 7 92672 0.9209782683358496
25 19 2 0 124733 1.0306334576078486
14 1 29 7 62701 1.0306418686946297
29 18 0 23 87949 0.9450573848639872
23 3 18 16 58929 1.020468779157281
4 21 29 8 110251 1.0729676247455309
1 5 10 3 49191 1.0154722837403334
10 21 26 4 90899 0.9539501789980938
19 27 0 24 70063 1.0242733449835262
6 16 23 2 87766 1.0148515615589784
3 7 8 0 44860 0.9498160733709118
5 3 27 1 95404 0.9210271746192742
0 15 22 14 94933 0.9983440772938048
11 17 29 24 65134 0.9949486483116031
19 9 13 22 46673 0.9161848813244988
19 8 7 20 72175 0.915630759558146
3 22 29 9 103093 0.9247289938558243
5 25 12 10 68946 1.010967205553416
17 27 2 28 60991 1.0034374655634914
14 28 23 14 75802 1.0411648214040043
7 9 24 29 98325 1.0519608442677726
4 7 23 25 101411 0.9083317454328397
24 20 17 16 39097 0.9758138331669861
29 0 6 21 126353 0.9096527938320672
18 20 2 28 73000 1.038398020244839
29 27 13 17 75064 0.9215851878438654
24 11 19 18 42838 1.0910903336288877
9 1 26 25 105840 1.0987421011644276
14 4 3 12 59825 0.9451561117389563
23 21 22 12 30027 0.9196124896425095
15 23 25 29 43881 0.9139588657792915
2 24 17 21 44569 1.056371112950294
28 3 22 10 43766 0.9594189986104539
10 28 14 11 61690 1.07682225809566
6 5 26 10 81329 0.9479364229218786
13 21 26 14 55277 1.0178131035679203
17 21 1 10 65479 0.9491323358049868
0 6 20 21 89982 0.9670746955545397
20 24 14 13 56193 1.0236168522047224
3 24 15 23 38236 0.9709870982982571
24 15 25 0 62507 0.9873867857141437
29 5 14 29 107157 1.0788334094693806
23 11 14 9 37041 1.0418371842920249
7 14 2 2 54649 0.9796421768316936
18 0 26 10 61751 0.9570336851775884
2 6 18 13 83601 1.0350279505237543
27 4 25 15 42800 0.9295355635116251
10 21 20 23 28710 1.0062749785302154
4 10 1 23 42248 1.0479808027670814
28 10 16 3 53520 0.9727418393620711
11 28 20 7 79103 0.9103749739347553
29 28 16 28 46922 0.9764094873038822
13 28 23 22 45543 1.0597012762074205
0 16 21 0 120116 0.9647775382216854
9 20 7 9 45863 0.900553681680581
6 6 21 8 69976 1.0427157778134355
27 0 17 5 43569 0.9417920269435467
5 12 5 29 49942 1.0089524001390444
13 9 1 20 70246 1.0208142536799878
2 21 15 14 63092 0.9021099006633753
21 11 8 16 62167 1.0779809480694713
29 20 2 5 118136 0.9438475562425365
8 20 21 6 84026 0.9676189383986893
22 3 14 27 98021 0.9852292545721762
16 29 8 12 67127 1.0604455625397673
24 14 14 12 42304 1.0672563952676566
4 6 7 18 52372 1.0325157120888586
1 5 8 27 71101 0.9815933072636225
14 8 14 18 43234 0.9674154987304335
1 15 15 5 68281 0.9581176639610947
5 11 14 19 63021 1.07574873922856
26 9 19 4 36490 0.9509868653946143
2 9 19 29 102477 0.9115190700820561
7 19 9 6 45881 1.0017805998853015
25 25 24 13 40290 1.0318244324939188
17 5 24 18 60197 0.9284500491757431
9 15 8 26 38274 1.0312354644281605
3 11 18 5 68818 0.9813800329405795
5 29 29 1 138227 0.9373656992252632
0 23 3 16 26662 1.0591001847891321
2 9 22 4 90283 0.9534072561353799
27 8 15 24 78158 0.9882039110751869
4 28 1 20 37933 0.9563798884312763
0 15 24 12 89369 0.9268300413414153
4 15 19 14 73037 1.0650399825908594
16 11 21 27 63847 1.0814050031915856
20 15 5 16 83335 1.058135195755866
1 25 22 1 122317 0.9836411415748867
26 10 0 26 115172 1.005619082509942
28 1 21 10 54448 1.0456311505573423
5 5 1 22 56730 0.9318075147818063
16 6 6 24 76021 0.9626981168644024
23 5 3 9 83509 0.9262509673790646
15 0 22 5 33619 1.0301822852632163
16 17 8 6 62783 0.9151802439506335
25 26 0 23 76336 1.093453244448303
15 27 24 0 100221 1.0576603249545538
29 26 22 29 32941 0.9607805407369154
23 9 28 28 67634 1.048781379492967
17 1 27 13 59612 0.9343378684304873
17 8 26 3 41548 1.0180194741541326
18 27 1 12 78899 1.010263204769243
8 7 26 22 84127 1.0841602259167167
5 5 22 7 70953 1.015493692932477
9 13 1 7 40035 1.0965279337939582
23 26 8 13 73787 1.0557982192476347
25 25 22 17 36091 1.0415514126857102
19 15 18 0 60834 0.9086523018707334
24 15 1 27 95661 0.9042275345511376
4 25 7 12 47573 1.0790668422758212
16 18 28 19 55949 1.083824870173476
7 1 16 14 69071 1.0051591186290147
22 9 19 2 44298 1.0598814011119293
14 16 28 28 78384 0.9646595986971312
27 4 7 28 119232 1.0122658773359345
19 2 26 13 59247 0.9172258202228796
19 11 10 29 66885 1.0755456788860405
22 13 5 9 79244 1.0882737237544773
17 13 14 20 34559 1.0933759321284957
12 8 26 22 83948 0.9005502933541436
5 2 16 29 107332 0.9109725218001354
7 29 21 24 58742 1.0991809453191275
8 3 26 20 99946 1.04085077149907
17 3 22 16 60796 1.0218394199497922
19 8 26 14 39971 1.0007214731643834
29 27 10 29 65354 0.9565533900502505
28 21 3 20 74927 1.0718231053212985
24 16 21 4 53756 0.9044056440450888
8 10 11 19 36404 0.9682921228435651
2 4 26 0 107634 1.0227308195763978
29 3 20 27 96793 0.9435700693634391
27 5 0 9 105912 0.9062891249358883
16 0 24 3 45973 1.0831014233626286
18 13 26 7 50546 0.9004706255182148
1 17 18 22 48370 0.9330483004160399
27 4 0 20 121378 0.9776806475973772
15 29 3 14 80945 0.9846227755365289
14 6 13 18 51185 1.077153572951223
26 26 1 24 76719 1.0370666931501744
11 4 23 11 60725 0.9989075951898629
10 25 15 15 39734 0.9670287785231702
17 6 25 26 75730 1.0937160091588394
19 14 5 14 67822 0.9611016837290342
16 7 10 25 63208 0.9168929841186843
21 25 22 14 55370 1.0374138637254202
15 28 1 3 96368 0.9626042797911444
10 11 18 13 38806 1.0069407584486945
26 29 4 16 95698 1.0484728967481218
16 25 20 12 45801 1.0466141532622362
24 9 4 20 98151 1.0815195253630452
0 5 25 8 102025 0.9431738719482011
8 28 23 19 67378 1.0777677420929495
24 24 6 22 48436 0.9656805982352615
5 12 25 16 84190 1.0596983349970621
1 16 14 6 77495 1.0571182689304823
15 2 24 1 47455 0.9559338340384037
18 14 8 4 63182 1.093384487094824
21 9 9 10 55614 0.9093706046709079
24 5 8 6 50585 0.9943203225824665
25 3 0 15 109731 1.0850727242172116
11 19 26 10 76504 0.9955344846873218
24 15 29 27 51442 0.975558498822646
13 28 27 23 57121 1.0615614046128716
2 14 28 5 102463 0.9356607662408695
22 18 10 10 73029 1.0276334240717722
16 7 27 13 47193 0.903509837268391
23 20 14 18 46938 1.0898103866348419
16 14 6 21 51522 0.998310770157073
9 28 0 10 74303 1.0120354859619454
21 20 14 3 74108 0.9760870460690664
2 8 26 22 98233 0.9732579404279622
27 5 10 26 95813 1.004774654804621
0 11 17 14 70185 0.9057206697047676
0 22 23 10 94052 0.9200661517500586
2 22 17 2 85752 0.9498758377075678
13 11 11 23 40608 1.099715953647429
2 16 21 27 85611 1.094818259807343
20 14 12 26 64486 1.0198558700592193
7 28 19 27 53140 0.9330601892539203
20 25 21 14 61725 1.0811836133751855
6 9 27 11 83205 0.9729507788514521
28 23 5 6 107503 1.0437233247166973
28 8 11 24 85066 1.0408066850697208
4 24 21 24 56022 1.0568181098471068
23 18 21 2 64412 0.9371729064860775
10 24 23 28 55314 0.9782776441155441
23 28 27 5 77211 0.9022821425153545
9 5 7 25 65292 0.9413128277339968
20 26 23 13 58026 0.9478904076970374
1 21 28 0 131518 1.0986655043338214
9 24 12 15 35665 1.0015572502595846
4 29 28 17 92215 0.9131863081838069
5 5 27 27 116840 0.9363033139354775
11 28 5 5 79061 0.9649191880735681
19 29 19 17 52979 1.0183698618238908
20 5 19 22 59157 1.0680731396956684
9 3 21 28 105317 1.0626762107577234
17 26 1 15 67500 0.990689631361525
5 23 12 29 35897 1.0378303381216374
9 10 25 2 74741 0.900978159756456
26 0 17 12 63936 0.9683930543466659
26 29 27 6 71080 0.9909719518737851
22 7 6 4 69858 0.9378911566986305
2 1 5 14 46272 0.9844116246599496
7 16 15 26 50403 0.9599208070040529
1 11 11 22 50894 1.035172699558938
11 15 16 4 52099 0.9668586770226392
16 1 15 23 65607 0.9432541503598356
24 26 10 22 41790 0.9015052336620588
1 24 8 28 34977 0.9767766919047849
4 4 19 27 107888 1.0471450144496735
4 23 29 4 115125 0.9968331478618347
27 18 27 8 31592 1.0144616427058057
13 12 27 24 73822 1.0190336738450736
