4421 4532 3633 4238 4799 3888 4781 4326 3747 3937 3877 4184 4491 3945 4730 4400 3732 3703 3983 4520 3903 4850 4209 4725 4495 4321 4510 3790 3895
1567 2546 2515 2547 2202 2445 2063 2238 1701 2452 1976 1749 1834 2742 2520 2580 1786 2186 2782 2279 1983 2676 2015 2626 1741 1792 1718 1589 2092
8318 7666 7681 8502 7583 7305 7683 7750 8382 7645 7715 7184 7952 7921 7965 7723 7761 8296 8091 7777 7673 8312 7940 7985 8300 8367 7230 7303 7655
6256 5132 5927 5116 5505 6274 5312 5123 6340 5175 5601 5835 6408 6173 6167 5533 5568 6341 5767 5518 5698 6061 5669 5336 6341 6329 5304 5157 6194
4282 4320 4173 4911 4568 5259 5289 4206 4128 5075 4867 4914 4141 4721 4217 4863 4165 5266 4249 4303 5063 4516 4243 4728 4581 5129 4219 4532 4157
2260 2303 3102 2653 2396 3105 3257 2827 2953 2432 2607 2908 2625 2259 2896 2118 2374 3190 2752 3328 3215 3093 2588 3180 3363 2088 2895 2478 3377
1186 1712 1209 1263 1540 1148 1243 1359 1730 2401 1548 1926 1451 1973 1462 1541 1324 1182 1284 1172 2324 1195 1932 2375 1851 1986 2072 1482 1437
6739 6179 6500 6879 6005 6883 6203 5932 5694 6261 6012 5897 6329 5634 5829 6661 5809 6215 5746 6799 6367 5695 6606 6269 6835 6592 6214 6388 6863
6053 6238 6100 6961 6237 6334 6088 7052 6814 6034 5927 7071 6041 6309 5811 6105 6217 6805 6528 6877 5992 6180 5983 5866 6928 6838 6062 5933 6870
1929 1411 1258 1905 1351 1508 2439 2021 2401 1475 1991 2504 2284 1335 2442 2126 1912 1404 1705 1278 2316 1492 1957 2168 1583 2057 1200 1266 1895
5951 6833 6771 6516 6128 6783 5706 6521 6157 6182 6336 6177 6530 6783 6060 5663 6944 6417 5986 6900 6579 6892 6959 5679 5716 5948 5762 6691 5765
2935 2978 2988 3003 2715 2444 2702 2488 2396 3442 3404 3418 2431 2968 2485 3198 2252 3416 2746 2225 2987 2621 3340 3102 2440 2569 2142 2248 2475
7954 7704 7643 7319 7254 8000 8018 7069 7733 7649 7726 7805 6919 6994 7810 7419 7181 8035 7015 7273 7777 7743 6880 8043 7894 7949 7252 7807 6818
3494 3988 3385 3574 3377 4039 3252 3990 3569 4100 3213 4165 3939 4237 3921 3077 4064 3959 3145 3879 3702 4010 3368 3451 3008 3741 3120 3112 3114
3051 2308 3184 2352 2691 2590 2503 3082 3011 2035 2343 2686 2346 2137 2218 2672 2416 2001 2665 2625 2311 2591 2430 2703 1993 2214 2255 2228 2848
7706 7937 8011 8544 8155 8051 7938 7995 8140 7735 7751 7906 8446 8637 7833 8891 8533 8233 8926 8044 7949 8612 8458 8703 7987 7969 7880 8565 7795
2448 2783 2464 3076 3133 3311 3497 3053 3519 2692 2979 2287 3417 3316 3260 2618 2875 3126 2531 2348 2847 2583 3455 3343 2841 3277 2389 2658 3195
2570 2991 2610 2285 2839 2890 2858 3002 2588 2947 3006 2430 2478 2934 2041 2062 2077 2314 2648 2055 2332 3069 1829 3033 2958 1976 3024 2917 2328
8293 8181 8008 7790 7919 8312 8333 8607 8459 8843 8405 8256 8775 8255 8521 8570 7965 8275 8137 8990 7808 8608 7996 7805 8215 7814 8322 7954 8539
7231 8060 7134 6855 7441 7064 7745 7131 7279 6845 7377 7191 7913 7467 7323 8059 7361 8152 7594 7467 7427 6863 7581 8165 8034 7745 7525 8020 7253
3623 3573 3057 3167 3557 3645 2732 3725 3861 2892 3240 3820 3237 3353 2731 3682 3230 3813 3332 2736 3569 2593 2820 2990 3550 3410 2864 3487 2604
4268 5064 4974 5274 4066 4119 5292 4371 4298 5073 4128 4208 4231 5058 4291 4955 4191 4967 4902 4589 4149 4767 4602 5311 4448 4913 5212 4485 4791
5811 5222 5003 5610 5743 5756 5272 5744 5745 4752 5628 5254 5679 5127 5043 4963 5173 4821 5234 5132 5035 6047 5754 5233 6079 6065 4983 6049 5357
3471 3852 4261 4492 4378 3769 4513 3637 4230 3345 4192 4204 4421 4301 3386 3412 4630 4326 4196 3558 3734 4374 4450 3618 4328 4453 3703 4543 4226
4219 5171 4254 4716 4885 4147 5264 5290 4998 5027 4568 4416 4737 4966 4890 5362 5132 4906 4941 5147 4605 4941 4756 5247 4864 4590 4630 5044 4605
5059 5823 5170 5187 6034 6077 5468 6023 5244 5770 6125 5543 5698 5680 5387 4994 5855 5782 5183 5253 5842 5377 5300 4934 6120 6081 5901 5965 6010
2112 2037 2105 2063 1623 1890 1137 1103 2166 2263 2156 1673 1981 1819 1854 2165 2009 2251 1384 1932 1145 2156 1184 1500 1612 1613 1244 1769 2047
5811 6388 5495 5811 5355 5270 5860 6235 5562 6200 6525 5876 6398 5821 6227 5817 6232 5899 6115 5884 6243 5970 5810 5521 6270 5822 5789 5492 5291
5422 4717 4631 4843 4704 4358 4466 5366 4291 5072 5437 4295 4681 5045 5465 4706 4362 4290 4354 4438 4737 4895 5537 4599 4339 4684 5096 4262 5555
3460 2441 2774 3100 2665 3576 3341 3174 2527 3394 3385 2919 3537 2390 2899 2368 2883 3184 3482 3522 2413 3449 3441 3312 3085 3266 2823 2341 3196
7075 5803 7207 3994 5152 6620 6862 6000 8586 5537 5306 1388 7588 3968 5551 6793 1683 7667 7376 6417 4289 2141 5195 6030 2197 1508 7351 2586 3523 6333
7265 5110 7021 4293 5563 6608 7803 5637 8451 5793 6144 1310 7590 4373 5348 5676 2106 7656 7353 6614 4555 2957 3970 6906 1923 1486 8003 1532 3947 6561
7319 5709 7161 4121 5272 7153 7799 5604 8858 5889 5980 1705 7778 3991 5331 6850 1851 7193 7508 6189 4752 1841 4745 6135 1433 1129 7892 1716 3677 7035
6793 5178 7993 3870 5942 7168 6883 6165 7772 4944 6351 1768 7378 5112 5342 6148 1772 6568 7733 6558 4700 2957 4509 6516 2034 1533 6872 2445 3459 6113
7796 5545 7248 4002 4924 6363 6792 4907 7775 5200 5337 2193 7694 4332 5258 6318 1236 6712 8232 6595 3769 2450 4629 5859 1920 1676 7826 1495 4078 6422
6950 5673 8189 4414 5720 6432 7776 5206 8762 5360 5952 1282 8412 4967 4422 6371 2251 7132 7566 6529 4837 2498 4742 6894 1380 1942 7766 1365 3506 6991
7091 5497 7334 3508 5929 6820 7104 5362 8950 5601 6106 1716 8036 5177 4481 6661 1352 7210 7380 6646 4465 2859 4570 5835 1342 1852 7018 1674 3752 5927
7750 5464 7157 4096 5155 7292 6857 5602 7782 5545 5933 1975 7876 4874 4790 6396 2447 7250 8230 7264 4395 1994 5218 5668 1960 1705 7551 1347 3507 6635
7746 6035 7090 3401 5861 6739 6825 5212 7672 4872 5962 1810 7523 4590 4518 6986 2249 7230 7800 6305 3830 1983 4744 6677 1878 1124 6807 1917 4127 6142
6571 5029 7262 4317 4710 6079 6789 5676 7889 5317 6099 1976 8189 4388 5015 5921 2385 6870 7315 6245 3842 1940 4640 6289 2221 1453 7595 2580 3943 7206
7620 6118 7029 3656 5882 6313 7186 5161 8838 5123 5910 1821 7845 4420 5448 6299 2281 7247 8007 6733 4086 2313 4768 6900 2266 1348 7104 2129 4002 6561
6989 5852 7926 4024 5527 6776 7524 4860 7996 5281 5481 2310 7833 4714 4957 5723 1504 6986 7808 6301 4118 2747 4086 6496 1857 1881 7631 1308 4645 6359
6764 5485 7110 4319 5495 6129 7613 5920 8056 5008 6059 1272 8421 3968 5271 6294 1554 6889 8217 7116 3912 2247 5056 5676 2471 1964 7673 2477 4586 6680
7038 5528 8084 3945 4651 6343 7807 6149 7803 5765 5978 2466 8584 4247 5576 6485 2502 7518 7845 7380 4697 1769 4658 6501 1887 2241 7831 1436 3428 6656
6774 5513 7078 4105 4698 6401 7025 5806 8479 5756 5874 1779 8418 4813 4962 5780 2269 7086 7864 6706 4084 2465 4063 6238 2080 2351 7198 2414 4057 6470
7118 5666 8253 4040 4821 7056 7092 5363 8366 5397 6063 2121 8002 4892 4776 5713 1488 7746 8207 7157 3926 2577 5229 6318 1817 2295 7629 1975 4056 6413
7692 5451 7965 4199 5905 6774 6787 5355 8849 5149 5759 1902 7856 4858 4688 6219 2351 7694 8222 7067 4720 2164 4909 6818 2101 1922 7620 1702 4053 6102
7504 5218 8240 4385 5614 6673 7739 4873 8379 5050 6240 2477 8188 4112 4985 5869 1486 7451 7074 7391 4263 2631 4678 6829 1852 2357 7145 1854 4275 7123
7370 4868 8178 3906 5352 7058 6813 5494 8132 5660 5671 1789 7555 5140 4866 6690 1423 6854 7785 6412 4220 1883 4228 6344 2285 2011 7962 1642 4479 6419
7688 4964 7640 3597 5442 7240 7133 5286 8340 4866 6416 1790 8265 4979 4546 6340 1299 7476 8375 6820 4142 2105 4186 6883 1680 1508 8028 2201 3683 6473
6825 4953 7361 3804 5118 7277 7998 4906 8335 5622 5510 1558 7666 4120 4796 5692 2484 7255 8097 6272 4283 2832 4940 5715 1534 1353 7357 1948 4694 6191
7755 5104 7499 3662 5507 7272 8006 5621 8077 5640 5227 2410 7685 4289 4655 6093 2087 7444 7908 6459 4124 1926 3970 6280 2350 1194 7158 1422 3553 7049
6866 6099 7625 3972 4796 6666 6786 5042 7774 4894 5912 2232 8108 3955 5524 6277 1504 7622 7623 6978 4067 1733 4497 5604 1832 1894 7811 2483 3954 5950
6790 5430 7525 4541 4802 6216 7260 6049 8663 5079 5480 1993 8448 5109 5211 6082 1243 7867 8176 6355 4373 2784 4415 6235 2607 1924 7457 2007 4459 6841
7389 5738 7757 3963 5870 6294 7302 5517 7910 5265 6133 1917 7613 5006 4526 6556 1530 7206 7434 7010 3663 2205 4622 6052 1702 1229 7004 1486 3623 6574
7063 4921 8111 4339 5323 6271 7791 5046 8877 5607 6364 2109 7759 4155 4642 6023 1784 7308 7433 6173 4390 2700 4971 5891 1730 1312 6818 1321 3966 6326
7121 6065 7640 3834 5241 7273 6814 6122 8775 5859 6493 1460 8453 4603 4790 6458 1834 7795 8203 6491 4562 2353 4609 6909 2295 1247 7318 2448 3635 6145
7484 5335 7215 4228 5089 7049 7264 5461 7660 6037 6289 2036 7881 4891 5345 5916 1557 7541 7346 6789 3662 2447 4894 6858 2525 1647 8093 1597 3435 6873
7578 5159 8120 3877 4899 6038 7708 5897 7964 4789 6465 1754 8615 4793 4838 6039 2089 7248 7991 6184 4269 2026 4554 5853 1766 1937 7333 1971 4682 6215
29 3 6 29 92356 1.0831241396122127
14 12 11 26 39763 1.06402004210041
15 19 17 3 52400 0.9868964833268622
8 5 27 11 53956 0.9195365726420122
8 21 21 6 66908 0.994633993184632
16 12 23 0 60086 1.0042022126823889
27 17 20 6 46227 0.9452644752108292
1 16 19 13 47887 1.0282168029355463
21 1 26 8 38331 0.9316487054151263
5 4 0 19 47359 1.0331287211518028
18 22 2 24 38187 0.9981111962714251
0 18 28 21 69077 0.9821300493737557
2 1 12 5 56498 0.9577182982442869
27 27 9 23 39293 1.0110066593432339
16 22 13 4 54608 0.9307840917461507
23 1 0 22 108326 1.086723098589874
24 22 12 20 37424 0.9509767830815908
13 11 13 21 28312 0.9816423440932972
3 19 17 0 83022 1.0630579838529193
1 10 17 19 48008 0.9471869599060092
24 9 10 13 45963 0.9786038393779931
27 29 22 15 39015 0.9565341924837385
27 29 8 19 60154 1.003406108164545
17 28 16 8 53269 1.072946611878314
18 16 4 26 47063 0.9574238248328841
7 2 11 27 55960 1.0468410545746694
28 6 10 11 54849 0.9527733445014881
12 10 14 0 38844 1.0648642490378555
0 19 26 13 65377 0.9317885020559655
12 23 27 18 52088 0.9516521745156759
21 17 6 26 49699 1.0699510909059553
7 10 27 22 67148 0.9084395788494587
11 11 25 14 40240 1.0556098589527334
0 26 12 17 47442 0.9501530032372711
12 28 17 16 40951 1.0557450601501064
20 0 22 19 73694 0.936056977090422
2 4 5 24 51419 1.0055382682181515
1 28 14 13 50614 0.9621827268943207
15 2 26 19 69100 0.9276675228826926
0 22 21 22 56973 1.0870579290478268
2 29 23 28 55847 1.018066240680827
8 16 29 16 38903 0.9796767365471505
17 3 6 25 66555 1.0812539330228454
9 25 24 27 32381 1.0402859849148771
10 25 20 22 27052 0.9034695235670215
1 0 9 6 43097 1.074689249262513
6 26 3 2 55423 1.071401309000502
21 8 22 23 60317 0.9819018903170084
24 0 3 19 103070 0.90174562911738
0 14 27 1 83785 0.9906749396513094
22 9 27 2 40156 0.9994760969685245
0 1 19 13 72054 0.9779374687268383
27 12 16 5 46564 0.9068345430015041
1 15 24 23 65851 0.907915982352491
4 24 17 17 40547 1.0428036498093232
27 17 27 6 33197 0.9427146985863925
1 13 26 14 56737 0.9065120956349446
25 2 2 9 81812 1.024976084886744
19 2 15 8 43071 1.0747446096373572
24 26 28 11 35292 1.0722842080174229
2 17 14 22 42600 1.050725591320168
4 23 23 27 44934 0.9798647801205492
6 16 12 24 24312 1.0221887488083596
19 22 25 6 55788 0.9453345507513224
28 1 19 2 50520 0.9395292375191718
7 18 3 26 30993 0.9796127740703182
7 14 28 0 84514 1.0416958494057267
1 9 10 14 29325 0.9075702212482132
4 28 27 6 86128 1.0400158852265466
4 23 21 28 45514 1.0801797041050412
13 13 2 6 47475 0.9327051022396594
25 1 17 19 54835 1.0289510217795486
2 12 14 19 45841 0.9958473177744551
10 15 4 8 35636 0.9869806978936239
1 16 19 15 42566 0.9174985682736928
9 10 20 13 30751 0.9041960257080024
12 3 2 10 47252 1.0526797312024536
5 23 21 12 56788 1.0562851130331743
29 21 10 16 44336 1.0303762226972881
16 5 8 11 34606 0.9898934705300911
29 8 13 22 62793 0.9038417927747373
27 21 15 2 74530 0.9438798781818049
17 23 18 11 30746 1.0976128882247447
10 11 2 21 32862 0.9523176012013805
26 14 4 18 54159 0.9032586446998072
28 28 11 17 55097 1.0682999231758694
13 12 3 11 22288 1.0339229374251153
15 1 13 21 57458 1.0804721049734463
27 23 13 2 79494 0.9057092115858723
9 18 21 15 31297 0.9263862143286596
11 23 2 26 27671 0.9314677203808952
10 12 27 26 67677 0.9543209426578292
5 21 25 2 80408 0.9232362102104875
4 6 20 4 73006 1.0915364057409516
10 28 19 5 81641 1.0118699523498702
23 29 29 3 67445 1.0263498907822377
19 23 6 15 48511 0.9638679483819077
14 24 5 7 49124 1.0594473295201101
27 5 9 11 51910 1.0255362049516241
17 24 18 9 42305 0.9570148358677812
13 29 1 8 59583 0.9195025714098203
29 17 8 15 47891 1.0925676666120616
23 11 2 23 69297 1.0744577249260194
16 18 2 23 49333 0.9622782585665947
24 7 16 16 44934 0.9123022120147221
4 16 17 26 40238 0.9335228592880782
28 10 15 27 56496 0.9063749584540169
25 18 23 7 42608 0.9932978362163826
21 5 6 10 56124 1.0822797734048282
5 14 12 4 43490 1.0070758174418932
12 16 26 10 36652 0.9007272571355056
9 1 27 10 59667 0.933863466298375
26 25 3 4 85465 1.0752008081867988
21 1 17 16 56403 1.0359798788337498
7 28 28 16 60958 0.9793048821171377
23 18 5 19 51940 1.0753902112470775
27 26 15 0 90454 1.0254978935616215
2 28 23 6 93125 1.0855595436977632
24 4 6 14 68304 1.0950425831529638
24 16 18 25 30912 1.0211369941847308
18 28 6 21 38050 0.9133572923640435
10 12 2 26 51293 0.9142398913857742
0 26 0 7 51695 0.997113121926541
21 17 24 28 38220 1.0889871261041733
5 24 14 19 28129 1.0882661410090813
27 20 25 29 25158 0.9428223293624431
9 22 16 12 36701 1.0391252845488195
12 13 23 15 35045 1.0846674451067635
11 12 3 23 44527 1.0362374113596198
17 19 2 25 40157 1.0499530910814918
0 29 2 8 58596 1.0447963408931145
9 12 28 15 47458 0.9621512675024302
15 23 13 3 59888 0.9435905405418441
10 17 21 2 74299 0.9686706868176405
29 4 11 15 66510 0.9309470681843834
27 26 24 10 40328 0.9559550393297008
6 18 2 2 46277 0.9890166298208698
27 27 16 10 52144 0.9872142108684658
9 24 22 4 80903 1.0404959196126025
9 17 4 24 20800 0.9230449900062836
10 12 17 16 30595 1.0491558783415726
12 28 27 0 86887 1.0584635272867935
26 18 17 2 56070 0.9549851698830072
9 15 19 4 55308 0.9749008723149934
18 28 27 2 73568 1.0235238729083802
22 11 8 14 36312 1.0087162353842236
13 10 5 3 32739 1.0001258396828443
25 20 29 7 39188 0.927745843059211
19 6 2 18 78995 1.0285221859451206
10 2 7 13 37666 0.960200574187908
9 6 21 15 48999 0.9729029009596587
2 13 8 1 42328 1.009726178504167
9 29 5 2 53839 0.94017914762886
23 29 24 13 46612 1.0164454726905552
14 18 0 1 65790 0.9435984136486959
17 20 11 8 42131 0.9180938612537669
19 8 15 2 43286 0.9369769061813056
17 25 14 16 28303 0.9090279980814417
4 5 26 18 72059 1.0005497667062484
7 27 18 29 31653 1.0976970258380359
22 6 11 22 74836 1.0708921128489461
27 27 7 8 77844 1.048478657185409
22 5 1 10 72082 0.9283544890423592
24 4 11 5 62933 0.9200585206147084
12 26 17 0 82033 1.0441184582755982
4 3 22 27 76212 1.0514465063955294
8 12 27 23 65854 1.0361294767213036
13 12 1 12 27052 0.9890618428309189
14 23 18 15 31078 1.0848166944735789
26 17 15 8 48252 0.9861958146685458
14 25 12 4 62195 1.0404768173439058
13 23 5 3 55233 1.0996013525260333
22 20 1 2 84858 0.9592509670809409
6 25 20 7 63914 0.9280273748312214
27 4 20 25 51150 1.095760758164664
18 6 27 20 61063 0.9149394710984365
0 10 18 21 56851 0.9497016380693197
20 15 3 27 53539 0.9426286627622187
1 17 28 5 82753 1.0964501964368363
18 0 15 10 46041 0.962069115005299
6 26 16 20 32772 1.0631763083776287
14 27 23 28 22184 1.0377146691838655
28 1 0 9 86826 1.0868661350574729
15 0 29 28 94599 0.9300144688458692
29 28 16 7 67317 1.0693884417232429
26 14 25 3 24213 0.9538749935172195
23 29 1 11 75074 1.0926448655316918
1 0 17 21 73207 1.0447712359803285
17 25 29 9 51476 0.941721493392419
11 27 9 16 23327 0.9634150988513217
15 11 24 3 45001 1.0355227325763299
22 10 2 4 65698 1.0480905698664762
8 27 25 19 51113 1.0856314051688651
9 5 2 15 40115 0.957773088136784
18 1 29 20 77979 1.0445002820145888
16 13 8 18 34293 1.0284080368322712
17 18 8 3 49908 0.9003264932163614
29 13 14 18 38502 1.060276654029752
12 2 18 25 77466 0.974988133903466
9 21 7 5 38724 1.065406424081384
23 5 13 28 84021 0.9144730041416933
3 4 15 20 65973 0.9829151853696307
12 28 1 0 74588 1.058904804497514
18 1 5 27 82797 1.0799986731031883
12 5 26 8 58698 1.031853839422342
14 16 0 22 43254 0.9318286265886565
14 17 23 12 34327 0.9669238602332217
27 9 2 24 76547 0.9044250431871818
12 22 21 12 51286 0.9928686583510242
21 18 4 2 71406 0.9863593599530345
29 3 5 25 87865 1.0565925066182988
25 17 1 9 62332 0.9598730343473028
17 12 27 17 32421 1.0534222450859332
28 5 0 20 94289 0.9034882904555325
22 27 10 29 31663 1.0746226481783463
6 24 23 15 48865 1.0373678478356076
22 10 2 16 52263 0.9847392254384263
29 21 10 11 56003 0.9531067126821176
22 6 6 23 75487 0.9233810804310316
26 9 22 19 35200 0.9318489624893224
0 25 18 9 64417 0.9753128096930863
11 7 6 1 31966 1.0466851163811015
10 23 21 3 81370 0.9328749042997946
5 16 19 25 41394 1.0629184053051894
28 4 15 28 74970 1.0544207082431167
6 9 12 2 38175 0.9285866660583569
24 28 1 9 77784 1.0460031012448767
4 15 9 25 27670 0.9149760832702064
0 23 13 0 84528 0.9893262634483672
23 25 6 21 37806 0.9141285535762197
3 15 1 0 45167 1.0007752142678765
20 23 2 12 65960 1.0938311755010517
13 7 1 10 37986 0.980196232192073
18 3 26 1 35926 0.9879513835989879
7 3 10 24 44282 0.9048576074114648
22 14 0 25 64889 1.0991501935776835
3 13 17 24 53636 1.06741329662407
29 2 13 16 62056 0.9611025765689757
14 20 27 25 34625 1.0975159173715692
3 4 2 25 56827 1.0215118660852425
15 29 6 22 35118 0.923571554254763
14 24 0 20 37933 0.9001961579426695
1 20 8 7 44604 1.0927820164408495
19 19 11 14 38193 0.9259928889891903
3 10 7 18 29083 0.941425112525224
8 27 13 12 43224 1.012414281823247
23 13 16 10 25762 0.9139708319911505
14 1 19 15 54343 0.9935932848498688
26 1 5 14 67040 1.0329453974218124
12 10 29 9 47570 0.9369748413210243
24 13 19 23 50160 1.0488927556137828
24 15 4 1 73994 1.0376154196696996
22 29 11 12 69410 1.0443331644502374
7 21 1 12 28505 1.031017570501164
7 14 27 10 57239 0.907863629850321
25 23 9 4 73003 1.003103730193489
19 10 12 24 53301 1.0611259233762267
15 3 11 13 36609 0.9203489741333406
11 22 0 22 33404 0.9985168744815118
4 7 11 24 47816 0.9510539108441837
13 3 11 19 50585 1.0051259641321262
3 28 8 7 55514 0.9489857830838725
25 17 14 26 44036 0.9230962788607016
12 14 0 21 43484 1.019102733963891
28 5 16 16 51720 1.0100964140905955
18 21 0 12 57158 1.0461828074268844
25 6 14 13 45725 1.0581694958614296
9 28 9 0 50718 1.090986693920333
17 23 8 7 55526 1.0374446757610745
13 1 20 14 53895 0.937878459639079
8 22 1 11 34880 0.9254620276287071
3 8 6 23 41125 1.02177200867709
23 13 24 23 37896 0.9273152683483846
19 21 10 10 47892 0.9035699849441414
18 20 3 8 66451 0.985154655269013
11 27 27 6 70837 1.0659737516621368
21 5 23 26 71525 1.0272475417246008
6 2 12 8 39977 0.9842263223138064
6 10 26 23 59184 0.9366883245980956
0 6 16 15 56552 0.9378809608982824
5 16 12 23 33083 0.9032736285162083
21 4 3 23 87785 0.9575769273006343
23 1 28 19 60521 0.9074467751249964
19 18 6 24 50913 1.0485558021063974
25 20 5 15 53557 0.970988910324291
8 28 26 26 39022 1.0122007887256665
24 23 22 12 45237 0.9687688781303804
13 27 29 3 77753 0.9280550974907937
10 6 15 0 42953 1.0977348942463976
4 15 21 16 37424 0.993507109965934
21 2 13 20 73918 0.9299298668952565
5 3 3 18 42167 1.0856100728889664
2 7 29 27 89045 0.9519634638082611
25 14 6 4 60507 0.9485114843424372
2 10 18 11 38288 0.9560618979578605
17 2 29 16 57290 0.9594995883609228
8 7 14 20 43724 0.9949641090247618
25 9 19 22 49198 1.0399089737568674
0 15 13 16 29071 0.9432309304254287
12 6 25 9 61348 1.0438147691302353
13 13 3 15 35799 1.0781232975407355
3 20 22 24 50686 0.9424928816100054
21 23 12 27 29035 1.0956065221489408
9 2 21 15 55021 0.9917540038187274
13 16 29 25 43454 0.9378890658734629
24 6 8 7 67720 1.0323643751491218
17 4 3 17 60458 1.017529802739249
5 23 29 16 58167 0.9567983809557512
15 9 8 15 35530 1.0527811045829076
26 21 10 24 36891 1.0980106894267263
1 6 3 25 44544 0.9992327118502248
10 10 22 26 64539 0.957887421790638
0 9 20 19 62778 1.0431619754222612
27 7 23 25 42940 1.0140324307044593
17 9 29 7 41958 0.9278923489291991
1 9 3 17 25378 0.9555762836427363
13 24 7 18 31657 1.0914945470481512
3 12 9 3 31670 1.0451101482348977
11 19 26 19 40566 0.9372344737510401
12 23 2 17 45703 1.0086068130771453
8 0 10 9 29286 0.9629953856117255
7 11 17 22 44382 1.0307877178442648
0 4 29 25 91228 1.0603279380132529
22 8 25 20 45653 0.9870409278004529
22 2 25 28 69476 1.0968255564135976
4 28 15 5 71753 1.0591551419173797
9 24 21 26 29180 1.01075916736697
16 18 0 10 47908 1.0603421524780876
14 19 6 25 27833 1.0496025300948655
3 1 20 13 65810 0.9769103536098213
1 5 24 19 78373 0.9920337866603963
0 17 10 12 36638 0.991625268759451
2 0 20 24 88613 1.0413766476516761
19 29 1 19 62852 1.0758124014681083
7 24 19 24 24675 1.0218086074092882
14 22 16 8 39758 0.9330708902910525
15 9 15 19 35981 1.0574696165771467
7 14 25 12 52688 0.9310429540087579
15 26 8 11 46615 1.0134666412941107
27 17 8 6 67083 0.9146863771476906
29 5 6 20 76323 0.9989537285254104
26 23 27 10 29538 1.0195589726469292
13 13 8 27 39948 1.07156262612701
23 24 16 4 66921 0.9674280534802865
19 25 16 2 67706 1.0261582716113744
23 19 10 16 37384 1.0303558986929362
13 16 24 10 39180 1.022581739856615
20 9 23 26 51934 1.0270041647342034
6 22 12 4 51250 0.9655424366092079
1 29 15 1 84907 0.9122582089046145
11 10 10 25 35160 1.028005809019673
2 16 13 3 52371 1.04842877828848
3 11 27 2 68396 1.0109776753409385
4 13 20 8 48344 0.962417749700624
26 21 7 18 55829 1.0554412516205238
7 3 10 13 30417 0.9209129006439193
15 19 20 27 36102 0.9714360234149007
1 12 4 3 30655 0.9322583008717058
17 2 29 29 81393 1.016936551003352
16 11 19 26 48275 0.9591591469807954
26 26 6 2 72964 1.025794007701935
12 25 3 8 54714 1.0143567903815502
8 12 11 3 31945 1.087562040363859
7 9 17 27 56047 0.9809348516319555
20 10 25 21 36372 1.0588100375833336
15 27 8 0 69088 0.906569548993818
21 19 22 9 47715 0.9641155028699266
9 7 19 12 34992 1.0196079023710298
24 26 16 23 24937 1.0538700582673897
26 24 23 5 52549 0.9396422511732361
21 7 8 10 48064 1.0998015010229867
29 18 9 20 49020 1.0519257863015221
4 22 27 8 78824 0.982143095069714
28 0 28 23 67732 1.0294682437311897
19 26 5 19 48643 1.070221188462165
10 7 28 20 71229 1.0587803093674062
26 20 12 14 43295 1.0586388811971326
3 20 24 25 53333 0.9572743392953501
4 5 18 12 53990 0.9887623534596635
10 4 2 27 57468 1.0770172146165082
20 9 8 15 43386 1.083422982485045
8 3 16 19 51698 1.0991823229608406
2 2 5 18 51114 0.9135852622583577
26 28 29 9 41320 0.9630484960311416
27 18 15 20 42400 1.0633661887189791
3 10 27 16 58253 0.9611181683904009
10 20 24 24 41698 1.0958331356575466
15 18 1 21 46020 1.0400984410879421
16 17 1 3 57141 0.9057415790908415
8 0 14 13 42312 0.9896604461431626
27 1 21 12 39477 1.075634614038638
16 12 22 18 33735 1.0569140875842282
0 29 2 4 64656 0.9677388317646424
8 10 22 20 60488 0.9472968816915958
9 14 13 20 26132 1.0767271746564024
22 22 29 26 28313 1.069873907092468
18 17 10 22 38158 0.950235251969998
8 4 25 0 80687 0.9901749637393971
22 17 19 1 63999 1.0278212919647127
1 4 19 29 88093 1.0382699502716273
9 24 11 15 22096 1.0874178195028494
12 8 18 24 60360 1.0639458572874931
18 20 2 5 71833 0.9592722446574993
28 11 0 29 83362 0.9114043596545501
28 29 20 12 55527 0.9501399994230842
28 8 18 1 64405 1.077647296716234
7 16 10 26 27912 0.9319499718284664
27 10 28 29 49369 1.0532867126012693
6 17 19 23 45646 0.9453584593879265
26 17 12 8 56000 1.002136164949418
4 24 0 13 35533 1.0897384658162221
19 20 20 0 71148 0.9246456689635069
29 1 13 16 64497 0.9032720271203835
27 14 20 9 28614 1.0251122361501992
18 21 21 14 29474 1.0128455502233624
9 4 24 28 77117 1.0148353434034427
11 1 24 2 62719 0.9693158226343467
27 13 4 22 64413 1.0280400229587472
13 24 22 21 26863 1.062659806778643
6 4 17 17 43781 0.9140014634478776
19 21 9 13 37254 1.0467717714933
18 6 23 14 47322 1.0459831465401863
4 9 9 20 32221 1.0317084647797916
0 23 27 26 58416 1.059721085687496
27 15 4 15 53223 1.0122910509860321
1 6 29 7 75841 0.9899231644653101
19 5 11 27 80005 1.0502177409168914
6 22 13 29 28362 1.0853063531434082
16 2 3 4 59277 1.0468250862366484
1 19 21 4 80297 1.030075336393057
1 2 22 13 69887 0.9592314871842332
15 22 8 19 27569 1.03676918366879
25 13 6 5 56661 1.0024346883041892
5 25 28 21 48112 0.9393573427540681
7 26 12 0 74758 1.0927971132142684
26 1 16 0 52205 0.9544010246542705
28 6 15 15 57917 1.0934766633010806
23 21 11 18 35037 1.038636635591574
24 0 0 17 94766 0.9187448808603579
20 6 25 13 36478 1.0649882719139812
9 12 29 13 48132 1.0516917755050073
28 12 11 4 57507 0.9531157736157199
17 2 2 16 61636 0.9166908154343675
5 4 0 9 34149 1.055919956069235
20 28 2 22 50807 1.0920126878577723
2 0 8 27 69846 0.9972527429319729
16 11 6 15 26058 1.0252991353395045
25 20 18 0 76841 0.9375556304909569
15 17 23 1 71336 0.9775571120175414
23 22 3 11 63424 1.0890098508415087
15 12 2 27 59048 0.9652809328531975
6 21 20 3 69662 1.0464639285619355
28 10 8 24 65709 1.097984427824696
24 25 14 24 20802 0.9880367042184409
19 28 13 21 33562 1.0376010096324744
19 19 24 0 70740 0.9257498186306792
24 26 0 6 85509 1.0413523576096835
13 9 1 6 38881 1.0809043470574085
15 14 23 24 43895 0.9679008103625298
9 2 29 3 76611 1.087275988935409
20 14 5 6 52972 0.941973068085346
23 7 11 27 76621 0.9541617540499453
16 7 20 29 65193 0.9901161322251978
11 18 22 25 39429 1.0973547279689881
9 1 14 8 34994 1.016878490789591
17 15 6 6 39312 1.0281947327586596
3 26 23 23 48190 1.0879198192416288
16 0 4 17 67798 0.9071545524838859
11 28 0 12 51263 0.9073944432765191
20 11 6 18 38063 1.0286020135283012
19 4 8 25 74373 0.9131032659879905
10 25 18 19 35134 1.0856745675122836
3 15 28 16 51405 0.9416025323321142
7 21 12 8 44318 0.9868872248140219
28 4 27 20 44298 0.9348049314604077
28 29 6 7 81667 0.9019041892227125
18 8 13 22 52578 0.9871446799105622
22 17 0 13 57360 0.908895911386905
17 1 21 24 66669 0.9691793520050858
8 2 14 17 46772 1.045961328507366
26 9 18 17 35230 0.9698408897002595
28 20 21 24 24430 0.9340336035377903
3 24 10 20 22289 0.9008222365577653
18 18 27 14 35114 1.0219179199842507
3 5 5 15 41362 0.9154917285949603
3 15 17 6 54694 1.0238164738597826
21 6 4 25 77730 0.9044526488605301
27 0 15 7 65559 1.0243135214054409
29 10 10 18 58310 1.0193274426187247
22 20 13 12 47047 1.0273002622016836
7 9 17 18 44676 0.9052843204726922
22 12 4 4 58039 0.9606759040809888
26 2 7 22 75459 0.9492144645545545
21 3 4 24 82268 0.9168978747156398
20 22 13 5 60292 0.9764487320394675
16 10 26 3 37557 0.9711925018066832
5 6 10 23 47571 0.9974909197391657
5 12 8 29 44029 0.9224388517653167
16 15 25 6 45917 1.0965156900632875
12 17 29 20 50145 0.9513683214936451
5 6 18 29 74223 1.090126859150784
27 15 19 27 38549 0.9151577018484602
2 0 1 16 42942 1.0289100794073862
3 16 9 23 22830 0.956081697991714
23 20 2 29 67522 1.0025845796646526
1 17 10 19 28316 1.0408777088945582
1 19 15 11 41448 0.977363286100665
19 16 8 8 43473 1.0675352594014222
11 27 27 26 35913 1.0814871381569595
5 24 21 16 43242 1.0796013274153853
0 7 16 2 69187 0.9734625996437378
19 4 0 8 73451 0.9355944429600782
4 5 5 16 32828 1.045120527462381
1 14 26 0 74661 0.9374941301776873
28 13 14 23 53319 1.0874301181724049
3 14 17 6 55223 1.0268567506028705
5 1 4 24 45267 1.0948819156430971
9 20 12 13 24330 0.9731456778184363
13 11 2 18 41774 1.0606157255346818
28 3 7 8 75962 1.0557932806269335
20 9 24 17 35405 1.03186878722862
20 27 4 19 50340 0.9577678562767429
16 8 1 27 62704 0.903038940201433
13 11 12 23 41366 0.9115348590471695
6 29 23 1 100648 0.9597480647450031
12 29 26 25 39654 1.024434504390678
10 16 0 8 37993 0.9976190520951892
29 6 17 28 67874 0.9913661489966104
10 15 10 5 32400 0.9689809910122096
22 15 3 3 68995 1.0519783746420293
13 29 20 13 53453 1.0574137180223395
26 19 18 10 39339 0.9917939969862123
16 16 21 7 38976 1.0290613954811896
26 15 13 6 51276 0.9056626050328669
2 24 13 29 30822 1.0777693360281688
1 14 6 9 18532 0.9553567488538851
22 1 8 27 96889 1.0207510146685124
2 13 2 2 35116 0.9523957065329064
24 15 12 26 56390 1.0112097282517887
9 19 16 7 41700 1.021851787768056
13 15 2 22 42193 1.0784384629817418
28 18 23 13 27699 0.9314139616848808
11 22 25 15 45560 1.0772704809385405
1 13 6 20 22020 0.9533456599567305
27 6 5 12 59252 0.9508550331919231
26 8 16 6 42502 1.065533157705858
7 4 8 17 35267 1.0299112416571756
10 4 20 0 55658 1.0890670525009025
29 1 17 4 55608 0.925915791735216
2 26 17 27 35210 0.9816638646023017
5 1 1 14 35409 0.9402222579708196
5 27 29 21 53075 0.978554736772336
6 25 28 23 45949 1.0745324375538388
19 16 23 8 36089 1.0285729559038777
13 27 13 5 61606 0.9710412691609027
22 2 27 22 61197 0.9562224570255325
4 0 29 23 98665 0.9127568932478327
23 12 6 29 67577 1.0754099332852016
9 0 22 13 55678 0.9782475348944488
12 2 13 21 60893 0.9409206308262842
17 29 14 10 51942 1.0759546819410908
20 27 29 5 62836 0.9471973157708082
22 24 16 18 27522 0.9880960454915595
8 20 3 2 52620 1.039049958008651
16 10 24 12 23546 1.0125132081104744
19 18 5 12 52953 1.062998558116102
19 2 7 8 71979 1.082943217206956
29 26 25 13 33263 1.0282312406564946
1 18 18 26 53125 0.9466891204908336
6 6 28 26 73769 1.0647972100824559
27 1 20 9 42959 1.0717582443893907
21 4 23 21 64538 1.019941501656324
18 4 0 12 60722 0.9079975840053283
18 14 10 6 45590 0.9170430038532321
18 6 25 28 72690 0.9418258536906997
29 5 23 17 43326 1.0648595379015933
1 6 16 9 43605 0.9724400060589953
17 13 9 16 23371 1.0185518036374634
8 20 15 10 38882 1.0590656339874376
6 1 12 11 26761 0.9026050875377231
19 15 13 25 40557 0.9684856675748736
17 24 12 29 26802 1.0136373000838899
3 23 16 7 63300 1.0117224130965112
9 24 20 10 49866 0.948418823911115
29 12 17 4 46574 0.9333919639088962
26 22 23 8 38155 0.9458284144236537
1 2 25 7 80554 1.0439050305068258
19 9 9 23 55065 1.0226714072924439
22 27 14 21 29344 1.0311929925832657
4 10 21 9 46305 0.9307345831011045
5 8 23 9 50215 1.020536254192958
18 3 8 27 74127 1.054839661102558
20 26 7 29 38366 0.9304628144585411
29 19 17 27 38434 0.9882387166875464
10 17 23 2 76730 0.905533958025321
9 3 1 6 38899 0.968529759841487
22 19 2 8 77580 0.967476505790599
7 25 4 10 33186 0.913942725802921
0 17 13 18 36426 1.0016123005857622
4 19 25 21 56942 1.0850653196960325
13 15 6 29 37730 1.0734639858789108
3 6 25 23 92012 0.900108544546078
15 13 6 27 46076 0.909286871001166
0 15 22 24 59668 0.9869615375734971
13 28 27 21 38665 0.9359044730115456
10 22 28 25 43479 0.9525465356380748
21 8 1 19 66584 1.0582972168239464
12 18 2 4 61441 0.9974917681570376
10 15 29 8 58500 1.043626777934538
23 9 0 22 76274 0.9552548274877108
16 25 22 7 66483 1.0230244859710689
3 24 16 6 61461 0.9259112757436935
28 12 14 14 39037 1.0998833685052827
7 8 5 23 38447 0.9291218455644343
22 12 8 27 62605 0.9389920029134331
7 29 23 23 49070 0.9029305521033766
3 3 12 27 61011 1.0736078695032882
8 24 22 5 83148 0.9891533233874292
16 26 20 14 38135 1.035754550929977
8 16 16 11 26685 0.9119653510146629
21 28 26 9 45145 0.9388987885689346
0 20 27 15 67411 0.9397180945078264
12 7 23 1 65988 1.086258470636023
13 28 21 22 33575 0.9701072831104622
29 15 15 23 48634 0.9930156702610562
24 23 5 16 56306 0.919005488530232
23 17 28 0 53939 0.9831270863170648
26 0 23 13 35299 1.0306476842140353
7 7 3 19 43688 1.0874338599229847
14 14 5 9 28836 0.9588643176682591
13 29 4 25 25822 1.0911432800714969
16 19 29 29 47440 1.0772112345887659
20 5 28 24 60187 0.911319370649425
19 16 9 7 37822 1.0642024939740784
22 26 12 28 29275 1.0749479937516835
9 24 12 11 31030 1.0344780203741215
17 7 14 24 48843 1.0979932970209758
10 15 26 7 51632 1.0060042996457204
19 13 17 1 42176 0.9945068771109418
2 18 24 25 63598 1.0065569622730728
5 25 15 4 63233 1.010279723617998
2 7 23 27 80309 1.016152095988979
14 26 20 1 81012 0.9803167919888779
9 14 17 16 20902 0.9031191598147319
4 3 1 25 51406 1.064964868547641
13 22 8 4 51610 0.930529941131325
24 14 13 5 56077 0.932914433490872
23 28 8 12 66442 0.9798879394790374
5 1 27 3 78484 0.9900902810033805
25 18 12 6 69925 0.9034063615165118
15 28 4 13 52194 0.9738552316980655
14 11 8 29 48911 1.0182914795545515
1 4 20 5 70634 0.9932162945502987
18 25 7 5 61734 0.9784828689832896
4 29 3 1 70148 1.036803548160215
9 11 24 2 60879 1.0553277134716363
18 2 14 9 39423 0.9319978510201861
3 21 17 9 50645 0.9025912502389041
21 11 3 29 72468 0.9369007883305418
15 0 8 12 54650 0.9953433744468648
12 20 28 23 50096 0.921199732307
13 3 14 27 62815 0.9644272698929045
28 25 11 3 79296 1.0701628110527674
19 12 1 21 60947 1.0054032242608415
29 18 24 5 44319 0.9689533757233555
22 24 1 22 44912 0.9716066755149284
19 9 28 24 51090 1.0631042129125792
16 11 4 13 30393 0.9270625943897993
8 7 21 22 64780 1.068403926212757
26 0 15 1 57535 0.902079732829757
13 3 3 17 56088 0.9581244101211321
12 24 1 14 38628 1.0422077618697339
19 29 22 2 86972 1.0975556528496249
21 4 5 26 82996 1.068389286459647
20 28 23 4 70009 1.021257431384645
21 27 26 19 21105 1.0376896145088124
26 2 8 20 67301 1.0074768108352024
17 23 1 25 32358 1.0649017949374153
0 0 9 25 67258 0.9330032501554673
26 10 16 9 28004 0.9951890484347755
24 1 26 25 53867 1.0913745262547971
9 14 22 9 42174 0.9713822395195847
2 5 15 6 63086 0.9770590508378357
18 17 24 25 39033 0.9165150059330572
5 16 27 27 57113 1.0648468291229156
6 22 2 9 35313 1.0403793309690696
8 25 28 8 74322 1.0444373858951417
2 17 25 8 76855 1.0902763190025555
22 18 1 21 61144 0.9181891081458905
19 0 14 21 75212 0.9237343901371861
8 16 27 5 60903 1.088294022250858
9 13 23 17 37150 0.9138769276971649
18 22 1 27 42375 0.913688843680343
0 14 9 28 43710 1.0468205463213243
5 4 11 23 49378 1.0895466740225856
27 17 6 29 62310 1.0802483197867496
6 19 23 5 69233 0.921299033616875
25 3 12 2 58614 1.0959778367525497
5 1 24 13 65376 0.9379679952226668
22 5 25 16 47438 0.9452968144374803
27 8 25 28 48617 0.9570165920022775
8 11 19 0 62790 0.9263428441446085
18 6 29 22 67921 0.9107140492514986
26 11 0 21 68844 0.9283290894124863
8 16 10 0 39200 0.9877949934289865
11 15 26 2 55704 1.0371517136913464
0 27 4 14 40979 0.9088774626120503
2 15 26 8 68132 0.9868222824539278
5 23 19 5 75988 1.057349355849009
0 8 19 12 53812 1.0040878156826212
6 14 0 8 26557 1.0230222832065712
5 10 4 0 34496 1.0685375970905155
2 1 24 24 93214 1.0242020530099785
2 1 25 24 94916 1.0177893988907023
9 29 21 7 73251 1.0172032497313022
2 27 25 7 82852 0.930195256513013
23 26 10 15 54087 1.0857006989631353
15 13 0 27 56424 1.0714850229433217
3 15 5 24 24960 0.9843666405102918
9 22 22 19 41258 0.9464016340952132
13 17 29 6 58077 1.0013026017627469
9 11 16 14 22765 1.0500603674327933
17 16 28 6 47235 1.0159846843122935
5 17 20 25 45276 0.9165218063168618
15 3 27 24 73155 1.0231323426426933
10 24 14 13 33706 1.0055604879979485
14 24 26 27 26200 1.0194093304845335
2 10 25 27 76203 1.0849960220076031
3 20 11 6 50351 0.9380296593210755
4 26 14 15 42141 0.9729168403357153
28 0 3 29 115013 1.0840396820238534
28 1 24 10 38537 0.9005213178699207
5 3 2 17 39870 1.0452229908624102
11 23 16 15 31117 1.0021199194166883
9 29 26 9 65739 1.0173910390262546
20 6 6 12 45580 1.0642548597148687
20 24 20 14 31496 1.0808489203754612
14 15 6 26 35380 0.956756709740082
17 6 5 0 58635 0.9732492843474372
20 12 8 19 44871 1.098422356470595
28 12 6 2 60655 1.0310413360929647
23 9 9 15 44005 1.0623902375514045
0 2 18 0 87612 0.9603926686870772
17 10 10 13 25125 1.0020790486903124
1 27 15 15 50450 0.9722830070053884
3 9 24 24 73180 0.9917678186518847
10 19 5 24 22016 1.0454391942116321
3 7 27 1 87204 0.9908115167419732
9 20 20 5 58788 1.0491189168696062
16 0 22 11 44333 1.0829531618903614
21 27 28 21 22828 0.9308050617664652
2 14 15 27 54131 0.951631702031249
5 19 2 28 33206 1.0453425598792812
11 6 21 6 56254 1.0615142549662115
28 25 22 10 41438 0.9045631981831989
22 29 14 19 45686 0.9115788605589039
1 17 27 13 58665 0.9582673916466121
21 18 26 13 23144 0.9477230617391803
6 10 12 19 35330 0.9922757157164509
20 4 8 23 74787 1.0593744557557054
9 15 29 19 48329 1.0794031328281202
15 17 23 27 48201 0.9510716086661273
10 14 27 6 60029 1.0408111597257912
19 10 23 23 54096 1.0886841768576698
23 9 6 24 62082 1.0222437245901843
28 27 0 23 58249 1.0695060961896397
2 0 24 1 108400 1.0725806036689673
17 10 28 6 44184 1.015046345864423
18 5 3 20 71733 1.0966551985168338
0 6 6 25 48542 0.9304786904686271
20 4 12 10 46974 1.0723901682668426
7 14 25 23 62658 1.0236711758687278
11 1 24 24 84188 0.9479460027034708
2 5 17 6 63290 0.9402967114942237
7 14 15 26 45103 0.9309887586322
21 23 0 20 56593 1.0858848646235273
14 7 4 27 55727 1.006363279077576
1 28 16 4 77287 0.9669897425075091
17 11 25 0 45993 0.9556672027721377
9 10 3 28 45004 1.073776320364121
2 23 14 29 39093 1.0848462044750564
4 8 0 15 34491 1.0467824211175631
14 0 18 13 43972 0.9640974614101077
13 26 7 15 37559 0.9489397435488485
10 18 17 12 34858 0.9773381127461896
29 11 12 28 64361 0.9954781640754244
28 3 5 11 63168 0.9746389170951689
2 2 19 13 70726 1.010565642692006
27 16 9 5 55534 0.9576492873552707
13 21 9 11 28553 1.0382568214995622
14 0 4 14 58828 1.0820873924083707
3 19 21 24 53854 0.9962753533218753
20 26 7 6 67799 1.000762887529636
9 2 4 10 30192 1.0311654386509732
6 14 24 12 45163 1.0008879167841476
26 12 17 24 38952 0.9809329386546379
21 3 12 11 46219 0.9330898853482055
8 24 21 28 34415 1.0367816557633298
15 5 20 15 46964 0.9253420694291868
3 15 25 9 67532 1.001546598645234
19 15 27 21 31064 1.066704335695112
8 23 19 24 28581 0.9679482839424558
9 18 0 27 31042 0.9535392245897965
8 13 29 22 60663 1.0992499302489562
14 0 20 21 64942 0.9826985567708699
12 2 23 12 57309 0.9431850132491691
20 2 14 21 65811 1.0902579531616317
6 4 26 27 71736 1.0488950944680924
0 24 29 4 97701 1.0498095257720688
0 6 0 28 57413 1.0349054932006407
19 9 5 29 72081 0.9351508833401775
3 8 25 24 81222 1.013098395091982
1 25 19 22 43093 1.0249805242709242
15 4 9 27 62561 0.9145663754525296
10 23 22 22 40695 0.9463879495958086
24 6 9 3 69711 1.0176969606471609
9 14 16 18 24552 1.0849759981961975
3 9 22 0 92540 1.0583451540777402
3 3 23 28 87108 1.0637561718352697
15 5 7 27 64837 0.9811239831794566
18 6 11 28 73371 1.0253659912875484
28 2 28 15 44683 0.9530003197120209
10 25 2 23 22737 0.9869209506211415
28 21 0 9 76556 1.0424244092189225
8 20 20 14 37084 0.9713142029803039
14 16 4 5 46851 1.01615864935529
26 5 6 4 61107 0.9810818027817105
13 29 1 5 66329 0.950751510928077
9 10 5 17 20470 0.9589208986347292
16 21 22 2 70879 1.0735561966908778
1 4 27 29 94063 0.9648624015378533
24 19 0 5 84993 1.0241111725781555
21 1 21 20 72619 0.9356323718515835
21 6 12 9 50561 1.0227935966974768
17 17 21 23 27096 0.9646318673261534
24 2 7 10 70676 0.9778699724388246
15 12 10 28 52298 0.9904840304656998
15 28 20 7 67450 1.063143804292403
29 10 12 8 54116 1.086249845018281
0 10 6 16 21876 1.0086420616223484
16 6 10 14 39953 0.9663641358117308
9 12 29 0 71441 0.9861022972443114
24 5 23 27 55616 0.9056128013217657
4 10 20 4 59198 0.9462848573890519
16 14 24 18 29793 1.02742849516539
5 12 1 2 30023 0.9031727075956926
9 24 20 11 46626 1.0733585858553745
6 6 22 3 66915 1.084973616958383
22 4 28 28 68958 1.0544859439860517
27 16 28 5 36363 0.9327056856819618
11 26 8 1 55671 1.0691486075703989
13 4 1 21 66594 0.9851590842108837
25 10 7 2 64214 1.0228421280328246
16 22 15 12 36923 0.9877546212956705
2 7 24 7 77119 1.0054611014030013
15 24 4 1 65474 1.0423249889673207
14 26 2 27 24144 1.0062728101056877
18 28 16 3 73066 0.9571899769446215
16 26 6 9 48432 0.9047820291899685
10 9 17 24 50406 0.9184918136701535
18 21 16 13 25602 1.0303503342253708
13 20 9 8 38122 1.087328121657732
18 25 1 11 53743 0.970407036932793
1 1 27 19 88653 1.0818887001787343
29 17 22 27 33690 1.0828542128853416
10 1 18 7 52461 1.0076650316302957
17 1 14 22 60486 1.0754238620147891
23 12 20 25 43794 1.096179094064614
20 1 11 29 93211 1.0334525477028214
10 21 13 29 26663 0.9422562635050303
12 1 2 13 56474 1.0502273306046708
11 24 15 5 59981 1.0457022493387613
23 28 23 2 68384 0.9315991946204183
8 9 3 0 44643 0.9414474467753967
9 8 12 26 45004 0.9690613518596658
27 29 15 19 53005 0.9150997339711306
17 0 16 21 56121 0.9617921479036821
5 3 20 17 54819 1.0699229367515892
18 12 8 2 49704 0.9573746315341476
16 12 4 9 33054 0.926338547447653
29 23 6 2 81453 1.06602686967226
20 24 23 3 62052 1.0141702910270214
3 27 17 0 84089 0.9047814122614987
21 10 28 13 27261 1.017640767336649
18 17 20 5 47547 1.0182871773743882
4 21 0 6 46137 1.0549579600470904
9 9 17 24 45089 1.0404500352331165
6 2 16 0 48315 1.081571942589795
25 0 0 17 89063 1.0512162168574601
9 3 10 23 44135 0.9401163681977459
12 19 3 1 65331 1.0975470666508798
8 1 17 17 52897 0.9277803499945311
20 27 18 7 61373 1.0968207481094545
15 27 23 15 44687 0.9718071713083367
2 28 14 5 70714 1.098643497216485
2 7 9 12 30267 0.9604879850532744
19 14 9 10 35331 1.05183305551375
1 1 5 29 65213 0.9944064828441803
29 0 20 2 47952 0.9987914939785594
18 14 1 2 62372 1.0982193042902153
0 21 21 17 55395 1.0598750252794626
11 8 5 26 45562 1.0733473262043236
24 9 1 13 56833 1.0649598186793747
7 16 19 10 42496 0.9456842156237445
22 26 10 11 58425 1.0698525306608007
15 11 3 15 36270 0.9156482536125126
12 22 6 17 23758 1.0365968252590099
11 29 14 2 71998 0.9921399629884717
25 12 11 6 47991 1.054545783759111
27 11 27 21 22026 1.0329193677068518
24 22 11 16 43929 0.9597338734560948
19 28 9 2 73195 0.9388679320467864
19 21 1 27 45280 1.0611612497554863
16 16 5 22 32908 0.9964782465508146
15 20 21 7 53782 1.0759175819792255
17 19 21 27 27921 1.0528775069859337
9 26 11 5 49236 0.9872602877673002
1 17 17 4 60633 0.9154516712042814
22 6 22 25 62761 0.921472426470514
8 23 29 27 48437 1.0235517705595933
28 17 3 17 55802 0.9475522733289445
8 3 28 19 76754 1.0933875047874477
18 23 12 29 36459 0.9212062855970147
19 3 9 1 43565 0.9610568540619018
29 7 20 20 50965 0.9290902589714677
27 8 9 16 56026 1.0793584716706355
3 4 29 21 88677 0.9138604498974557
10 15 25 28 58217 0.9835573448496544
0 24 4 17 30424 0.947393306618486
15 19 8 4 53752 0.9928186415887774
6 20 22 16 36123 1.079233567823827
8 20 22 29 52643 0.9498189740736027
19 23 29 24 28186 0.9521390174874869
23 10 10 19 54052 0.9141158761198225
9 0 24 27 78576 0.959875931667471
18 26 19 11 47647 1.053712733419914
14 1 5 27 69860 0.9783831004856767
12 20 29 12 55938 1.0496267245858277
6 20 11 1 47723 0.9817569813984734
16 23 6 11 44263 0.994921343969385
27 11 21 27 37701 1.0844113039231535
12 15 26 6 50740 0.9011176176321575
11 26 17 9 53476 0.9910145673461247
20 1 10 23 84196 0.9644550231859272
7 12 22 16 45486 1.0389387876433236
24 23 26 15 24405 0.9999284336640805
12 15 14 6 35140 0.9377462637496361
26 8 7 20 61775 0.9285276018672216
17 7 24 17 40146 1.0534709264712427
8 19 20 6 60170 1.0125359406312868
8 0 24 16 65986 0.9222898563742935
27 7 8 29 81272 0.9712625196019498
11 26 18 7 63939 1.063231610057668
18 4 10 26 75298 1.097281437714938
3 4 16 10 49780 0.984544172863254
12 11 27 22 51811 0.9674305194677844
20 8 22 20 48334 0.9664470922225807
17 12 3 7 46751 1.0215773276771085
15 26 18 13 45650 1.024532485753688
4 23 10 17 32398 0.979924444649849
11 26 21 7 72203 1.0222208662930916
21 28 23 13 46890 0.9904861913710901
17 29 9 0 70264 1.0264713228576992
1 7 8 13 30053 1.0729003642560677
27 18 20 2 63694 0.9350911308707157
26 3 22 11 22652 1.0341512248364095
10 21 24 26 41426 1.0797849189108815
16 3 25 2 41199 1.089246587928283
7 24 3 10 33327 1.0003162180901204
13 21 28 13 50067 0.9543685494225749
25 23 12 22 40536 1.0059884655458948
11 1 8 20 49727 1.0115442192378339
21 18 22 1 67529 1.0478433640110245
11 18 9 29 25829 0.9197487778094667
29 8 10 15 58500 1.0427093076625682
6 26 23 18 55744 0.9097653522354222
13 20 21 18 35768 0.9904245579786188
12 15 1 21 39624 1.0560634787651244
1 21 14 0 72838 0.9139649595031587
27 6 15 13 46412 0.9272913494990194
28 3 29 15 39458 0.9695322512977013
14 7 14 24 42272 1.008019433879525
27 7 18 26 58714 1.0853907195241088
3 7 10 29 64470 1.0677872381352764
24 9 14 15 39033 0.9853436027742704
18 26 23 5 74400 1.0595793018255135
8 2 24 28 87370 0.948860336989115
28 8 13 26 70293 1.0203857649813382
18 24 22 6 68727 1.0236338153004096
18 14 24 6 51800 0.9906551976507423
28 25 8 10 67374 1.0111624532862593
14 12 8 18 30715 1.0182614018103147
28 20 20 12 39435 1.065128146845863
7 4 22 26 74514 1.0562674569830115
18 4 0 3 76203 1.0326035638836404
24 22 1 4 84867 0.9948441773739755
22 8 13 11 34417 1.0929526385619321
14 21 25 7 55192 1.0510504193920944
27 10 3 18 71867 0.9247374815851802
27 4 20 16 37703 0.9430557126492488
