7243 8707 8729 8515 5162 8109 7909 5420 6388 5414 6541 5201 8757 7944 5096 5076 8676 7443 6026 2560 5082 2103 5364 5587 5152 3004 4266 5544 2876
4810 5638 4642 6975 3917 5845 4964 5811 5719 5009 7023 7227 6842 4115 5277 4285 6114 5456 5672 7081 6741 5980 4378 5680 6874 3651 3983 5802 4404
4397 4612 4634 6472 5148 6821 4942 4144 4628 4917 4163 3992 3323 5390 5529 5617 5380 6293 6576 6157 1929 4292 4884 4751 2540 5077 2108 3530 4305
3466 2358 4380 2077 4213 3516 2070 4340 3117 2013 5131 2034 2032 3927 2075 2556 3926 1890 4244 1907 4598 1763 4481 3501 2865 3634 5377 2114 3713
4430 6368 4384 4726 5695 3759 4090 3759 3495 4104 5914 6436 6933 5024 3521 6013 6101 6636 4710 4423 3654 3976 4613 4180 4429 6448 5847 6651 5557
5130 4881 5666 5684 4706 7794 5504 6520 6948 6870 5307 7945 2622 4381 1733 1784 3978 1472 4434 4490 1844 1297 2549 3082 1287 1918 1910 2062 4768
2605 4414 3734 2712 2889 3732 3612 4657 3222 4911 2146 4505 1690 4092 1375 1680 1978 3019 2609 4418 5773 3597 6469 3800 3706 3664 4507 4541 3933
5202 5368 7308 5702 5689 6692 4178 3575 7085 5959 4784 5085 4769 7143 5617 7401 5791 5155 6865 3747 4972 6977 4900 4509 6885 7119 3783 4569 6750
6456 4971 5009 8365 5527 5141 6884 7211 5132 6008 8464 8089 5327 6160 6054 5648 6310 7610 5182 6868 5660 5534 7873 7013 6946 6172 3582 4392 2501
6009 6545 3764 3663 5073 5306 4376 4269 6298 3699 7202 7452 7205 3706 5847 6471 5101 6150 6583 4750 4144 4329 4998 6138 6948 6640 4985 6265 6848
2010 1966 1237 4057 2691 4476 2577 4613 4763 2661 4414 4543 4944 2654 3676 4070 4377 1295 3542 4243 3978 1422 1903 3872 5740 4974 4462 7467 5637
5247 5235 5720 5930 6324 4791 3651 4917 6821 4700 3921 6336 6217 5393 5129 4908 3892 6896 6891 7786 7764 7585 4883 6815 7784 6376 6501 5512 4759
5851 6941 1309 1453 2062 4043 3394 4215 4792 4390 3130 1439 1130 3913 1666 4143 1405 3358 1114 1383 1563 1626 2977 2160 1758 4057 2112 4792 4386
2928 5680 4773 4547 4857 3742 3217 3927 5510 5749 2558 2264 4066 4649 4188 3765 7027 5015 3807 4913 5389 5312 4209 6732 5501 6486 3804 6683 6264
4715 7233 7720 6988 6774 5991 4987 6014 5922 6568 6397 6333 7889 5391 8039 5061 5806 7963 8146 5774 5886 6346 5130 4321 5720 5739 4887 4743 3158
4370 6090 6446 5585 7031 5331 6175 6669 6336 7743 7434 5481 6272 8106 5347 5356 4796 5265 3748 4234 6291 6139 5603 6403 4475 4040 5362 4038 4011
3169 4939 6277 4706 4282 3340 4713 5339 2897 2864 4545 5946 5976 4053 3138 3449 5017 6277 6357 3133 5091 3406 3766 6373 3628 6038 7501 8643 5422
5948 5684 4514 6396 4975 4029 5812 4074 5355 4753 5436 6225 4727 4818 5014 6557 3684 4414 2839 3178 6540 2819 5747 6374 5856 4217 3877 6146 6323
5134 3109 4664 3766 5292 4888 4861 5732 5435 5740 2124 3842 4450 4202 1930 1671 3351 3983 3005 4138 4097 1254 2644 3780 1454 2829 1959 2839 3120
3190 3705 6618 4749 5079 5813 3098 5313 5116 6346 4451 3251 3198 6314 6691 5957 3417 4667 2169 1776 2200 4326 5216 4798 5241 1462 4521 2763 4614
6460 7109 6256 5454 7405 7189 8167 6427 5642 5877 5239 6369 4960 7355 7453 4545 5067 7255 4287 6535 6890 6722 8039 6335 7095 7389 7358 6163 5224
5283 6505 3767 6286 4252 5721 3751 3788 3267 6049 5150 3628 4505 5564 4152 4942 3753 4614 3707 4947 4187 3463 5225 4312 4344 4668 5146 5549 5339
4386 5577 4652 4857 6183 4364 3872 5977 3713 5173 6294 5378 5895 4875 5961 5944 4300 3857 4695 7264 7064 5511 5467 7109 4503 7780 7505 6517 6851
3568 4991 4915 3495 2766 4681 3812 4598 4085 2933 4874 3316 5806 4725 4947 5949 4157 4154 3916 2640 3267 3543 3610 6026 3751 6888 7157 4673 3888
4534 3481 3662 5395 6156 4668 3082 4966 4369 3933 3015 6213 3532 3829 4908 4554 3386 4033 6274 3935 4736 6241 5969 6311 4641 7042 7371 7341 4758
5217 7306 4475 3832 5274 3576 5626 2287 4690 2842 4338 3635 2618 3177 3797 4837 3392 4415 4064 5562 2928 5730 2202 2019 3214 5641 3010 4564 5406
5255 5529 4209 3451 3965 3680 3810 5944 6389 3433 4924 3382 5212 3683 3533 3504 4067 3433 3780 3903 4331 3861 3029 3333 5108 5544 3505 5700 3712
5275 7375 4587 7444 7926 7730 7845 4572 7389 4794 6188 5843 5031 8277 4639 7513 4528 6333 6868 7196 7342 6906 6524 5237 7806 7513 7322 6789 5601
4982 4107 3016 5660 4335 3513 3521 4434 6642 3215 6505 4031 5189 4553 5212 3521 6470 5737 6302 5273 4810 5929 5846 3884 5718 7296 4801 6068 4818
3760 3879 3930 3095 3244 4098 4695 3144 6235 5619 6416 4177 4899 4043 3657 3922 5254 5548 5347 2726 5639 5026 3008 3855 3060 7580 6872 8008 8284
6881 6874 8464 5523 5679 7951 7490 4395 4545 6863 1982 6313 2713 7416 8535 6466 7643 5010 4258 6193 3201 5736 3592 3808 6896 4199 3890 7982 5284 2850
6272 5654 6906 6963 6382 5071 5610 7657 3059 4791 4506 4803 5358 4845 5663 5090 5781 6107 2933 7491 3149 5025 3867 4010 5212 2358 6222 6405 5293 4708
5139 4878 7320 8383 5062 7657 5110 4800 3253 6885 3843 7585 5319 8146 7864 3561 6217 5125 5738 4889 5699 4178 5809 2847 6644 5058 4511 4377 2032 5372
4719 6647 7917 8495 5613 5824 4262 4214 4667 6090 1515 5147 3252 7956 6796 5488 7034 7476 4589 6161 4861 6319 6081 4442 7001 7220 5676 4295 4662 4954
6488 4293 6629 7806 6937 5261 4934 5071 3176 4923 1846 4029 2547 7118 6224 6554 6344 6891 6174 3921 5643 4919 5074 4185 7138 4461 4229 6786 2585 2808
4234 5706 7331 6433 5266 6715 5702 3368 4422 5801 3126 5754 3740 4915 8628 6828 5903 8082 5515 4600 3595 5517 5909 5160 7009 4421 4233 8066 2793 3311
5055 5243 5961 8350 6543 6838 4930 2829 2866 4717 2763 4807 3120 7281 5297 3505 6469 6302 3287 4304 4130 5165 6410 2540 6123 4327 5564 7535 4123 2873
6402 7442 6553 6300 8130 8025 5768 5710 5858 6979 2240 4593 3374 6463 8296 5165 5087 6242 5443 5200 6197 6013 3733 5031 5264 4817 2053 7317 4478 3172
7365 4596 5171 8862 6238 7441 5537 3934 5229 4833 3485 6333 2491 7862 4629 6073 6651 5954 5462 5562 4934 4623 5663 2900 4735 7501 2638 6189 3768 4152
6352 4983 5354 8153 8138 4576 5730 2717 5960 4604 2246 4694 5356 6841 2118 4127 7644 5884 6260 5424 5801 3257 7015 4106 6763 5811 4722 7019 3841 3330
4929 4547 5652 5600 7178 5163 6932 5719 4359 6050 1770 6781 6180 4556 1889 4254 4778 6272 4214 6215 4165 4007 6832 3522 7348 4553 5075 6054 5238 5290
4733 7413 5490 7466 7591 3539 6002 6258 5198 4697 2849 4491 3729 7168 5333 6794 7030 8004 2947 5062 5283 6278 4062 3544 7436 7115 2302 5454 5107 3782
3405 5658 7527 7173 8331 2899 5195 3362 4342 4918 2514 5905 5481 6666 4281 6349 5229 6147 5518 5001 2942 5183 5608 5264 7093 4267 4220 5755 5518 2129
4331 5656 8738 6182 7200 3446 4845 2940 5921 7117 1337 4707 2694 4657 2561 3799 6140 6959 4953 1931 4986 2728 4743 4116 7465 5448 4215 7487 4542 3564
2874 6566 5168 8576 6821 4689 6806 4465 4985 7169 3415 5424 4319 4520 3492 4784 5617 8574 5991 3659 4574 2742 4447 5011 7185 6463 3637 6220 2279 5100
5868 4543 5326 5948 7559 5332 4607 5236 3644 7764 1969 6485 4720 5716 5150 4031 5808 6025 4513 3381 4116 5057 3628 2179 6748 6904 4398 7726 3673 4874
3547 7232 8801 6644 6881 3474 5308 4062 4130 6774 1771 3389 5724 5985 5079 5012 4498 6904 4353 4933 6410 3519 4329 2076 5308 3786 2868 7778 3460 4489
6637 7416 7121 6149 5201 3557 5016 5898 3193 7509 4147 3506 5262 5910 2189 5443 2718 5199 4299 4312 5829 5247 6390 2606 5608 6195 4703 4531 4094 4315
6408 8153 7345 8429 6777 5247 6850 5618 3458 5362 2529 6229 4621 5014 3605 6442 3774 7497 4835 5279 6398 5267 5314 4382 7812 6825 3361 4543 2580 3035
6636 7491 7723 7172 7347 6490 4929 6094 3131 7326 2240 4648 3626 7225 5159 6397 6019 4674 3135 4009 4302 6043 5831 5547 6797 5903 4775 4593 3546 2941
3328 6622 6593 7645 7312 3460 5316 3947 2516 7457 3094 6634 3048 5906 4532 3722 4802 7085 3743 3574 3079 3530 6347 4555 7533 5725 2905 7021 5152 2871
3536 5940 6455 5574 5616 6547 4833 5373 5677 5637 5907 4583 3568 5843 2749 4468 4738 7101 4108 2153 5040 5258 4555 4618 8530 5122 3050 6101 4846 2775
4250 7003 3195 6388 5223 4342 3974 4588 4199 6148 4181 4357 5119 3877 5394 3265 2786 8256 5976 4982 5886 5165 4743 2356 6007 6631 4664 5977 3812 4673
3367 6840 6149 5967 6628 4040 6260 3006 3607 7377 6956 6473 5393 5311 3782 3189 4465 6442 5883 2787 6785 5735 3241 2836 8148 4358 4702 7546 4976 3762
4437 6522 2572 5798 4822 5475 4862 4109 4212 4666 4279 4422 5146 5154 4763 6268 5844 6846 2931 3304 7746 5726 6611 5354 8413 6981 2991 7817 3105 5282
6288 6052 4267 5600 6180 4638 5703 4652 2681 7528 6842 5397 2925 4524 4225 4934 4891 4738 4270 4792 7248 3856 5843 2227 6929 4175 3152 4715 5963 3805
5975 4731 2754 5006 7464 3958 3775 2771 4078 7762 7231 4822 3619 4601 5616 5455 2780 4958 5687 2687 5348 5559 3663 4362 5651 7476 4071 7538 2617 2275
3850 7664 6124 3093 4662 5276 3444 3033 4209 5608 3870 6343 3580 3680 4297 6526 3567 4603 4237 2987 7803 2040 3759 6103 7864 4437 2472 5005 5018 4828
5960 5789 6232 4866 4678 4265 4431 2791 5200 5883 4340 4663 6151 5909 3584 6453 3514 5320 4956 5368 6997 2442 3344 3440 6546 5161 4037 6259 5987 5672
3 3 12 18 63370 1.0310075003802304
29 15 18 20 58600 0.9082699919444711
5 27 10 9 58389 0.9701910914906993
20 23 20 10 55389 0.9977483976039018
25 13 24 29 66415 1.0347418449063681
19 27 8 24 56902 1.0980161998790317
0 3 8 17 78712 0.954404463101584
12 25 28 10 95047 0.9717030669694925
21 5 1 29 125385 1.0254536849902323
26 25 2 11 119001 0.9813044127304604
27 29 26 14 62618 0.9251764153491779
16 24 27 26 48870 1.035993865610245
19 19 0 23 80488 1.0877283396151165
5 29 29 10 133799 1.086727430310163
14 10 6 2 48673 0.9643958699983743
14 22 12 4 59117 1.0942759194814797
10 19 26 24 75072 0.9723769900486274
15 22 29 20 64213 1.0553201343536849
16 27 13 17 50114 0.9097283033528334
26 7 3 24 119158 0.9882040148862733
0 0 16 18 111832 0.9060110601430871
27 29 18 9 93831 0.9909452319117105
3 10 11 5 41474 0.994938011889585
23 7 19 28 85699 0.956547276869659
28 18 3 26 114965 1.067117073382286
25 8 15 13 58745 1.0442239833569715
18 1 28 18 108755 0.9307022651846669
12 25 15 4 71649 0.9432516077552723
26 3 20 12 56607 1.0484673338241872
28 23 4 27 105378 1.0423733564483553
5 8 24 28 115780 1.0085762626059862
23 5 3 7 83761 1.0924961860053157
24 27 16 14 72232 0.9685448652873996
11 10 18 20 50698 1.0270879555885344
12 22 13 9 34133 1.0991732221453312
18 17 6 1 85959 0.9491089636674067
24 25 0 19 113189 1.0129815058668539
24 17 18 29 56934 0.9777255879072874
5 4 14 16 70129 0.9422698342523634
11 2 19 17 71711 0.9882911082561859
23 29 0 7 125622 1.0396037822043471
7 4 4 27 81346 1.090822899360324
25 24 16 9 79015 1.081504856191874
27 4 12 18 93983 0.997080726286233
10 25 29 14 104062 0.963013736770983
3 13 14 7 50736 0.9766277769526127
13 11 4 3 55025 1.0798144098953326
24 3 15 28 115067 0.9243150257297744
14 23 7 9 56776 1.0463989590383844
13 23 24 2 102452 0.9511057899273618
15 0 6 25 106386 0.9880518231231119
22 7 12 19 61883 0.9489425850462644
23 19 8 26 71823 0.9495128677773369
29 29 1 26 116854 0.9638881749981694
8 21 20 10 62331 1.0282921009544643
4 6 24 5 91249 1.082933305464807
4 13 23 2 98851 1.0024100858267544
19 24 28 8 91898 1.0934593756328566
27 18 23 29 56891 0.9287882171719425
19 9 6 10 39381 1.0154653341408633
14 19 28 28 81594 1.0763548948217467
23 4 17 25 92946 0.9599201939563881
5 9 18 27 85470 0.9245458972192294
11 22 23 8 70054 0.9349049183558106
5 4 23 26 120559 0.9734250824749757
8 21 8 7 62414 0.9284678003772906
11 14 20 7 50280 0.9757012289513218
14 1 26 21 121785 0.9384715554218666
16 3 23 10 52010 0.9910355960181693
14 5 26 22 104354 1.0731709468159902
15 0 19 28 110320 0.9538220037342398
21 12 24 2 52876 1.041607950530746
3 21 13 16 59676 1.0485525478773203
4 7 13 2 51735 0.9748909919931105
8 7 28 1 107603 0.9997384469260383
4 24 18 10 75668 1.088654450643478
26 25 21 8 84759 1.0840381985583774
12 8 4 29 79167 1.079926314757052
3 5 8 11 33089 1.067099357971672
3 9 29 19 107895 0.9834744526451764
20 2 4 15 104291 1.016998660329995
6 28 19 25 58129 1.0738441408303707
18 7 18 19 45465 0.9711855724524288
4 11 14 6 50925 0.9877525573670654
14 17 23 15 50240 0.9831990410544749
17 28 9 21 47999 1.0135115059415258
27 4 14 16 95506 1.0505803838914474
2 2 20 12 83896 1.0605677282035202
28 21 14 13 79683 0.9236280680103577
28 18 12 7 97897 0.9902667387338266
3 4 25 18 111415 0.9845984757958256
26 25 3 28 96991 0.90966444934714
28 28 12 26 70454 0.9837803355474133
17 26 14 5 83324 1.0676199356093081
24 21 3 11 100546 1.059979344076301
13 4 28 24 124431 1.0118570063982812
14 23 0 27 68775 1.0494493743042792
19 23 0 26 80763 0.9819649054970785
23 1 7 23 116568 0.9155866515718324
3 26 13 22 51580 1.076382332301865
3 22 11 20 43118 0.9211091009910105
16 15 7 19 53260 1.0212929660251397
11 13 5 24 54752 0.9585501204585193
28 12 15 20 75341 1.0823362585975507
6 1 22 26 121489 0.964121976464238
0 15 3 26 50482 1.0862361957657012
3 7 20 10 51232 0.9510145360024306
18 0 24 27 128203 0.9282949139352004
21 7 13 28 84456 1.0169235891101258
29 20 10 18 76140 1.0821778931774628
9 15 27 26 92679 1.0964825332695267
27 2 29 29 126753 1.0864543643203928
5 20 15 27 55998 1.000900858462893
2 18 13 15 63386 1.0118618035200508
1 13 8 23 61491 0.9762891995329893
7 11 5 1 46542 1.0649043618062104
9 11 29 8 77836 0.9464760781515629
9 11 3 15 34010 1.0804630562312405
7 2 5 11 43330 0.9416841255079001
28 12 13 4 85573 1.0000245442083922
18 21 1 14 94727 0.9699261318128707
2 9 7 1 51082 1.0035146064804883
21 17 9 2 88768 1.0310914920743428
24 18 14 26 60589 1.0854981152035672
29 13 6 13 95819 1.0333655691946482
4 24 6 3 70897 1.0172497553758617
8 18 29 10 105689 1.0528792938734768
2 27 0 2 105599 1.0356212710746788
19 13 10 11 37615 1.0189034950469609
20 17 22 7 54810 0.9406352593078664
12 10 5 2 52153 1.04807020731541
5 4 27 21 129755 1.0243100088623305
6 9 17 5 52126 0.959286709860173
25 28 29 11 77638 0.995437010517118
8 26 9 3 88580 0.9177281528362382
5 0 16 18 96225 0.9270890363421096
3 12 17 25 88209 1.0972888748409169
15 11 5 8 42608 1.0201566784851976
15 6 27 22 99263 1.0207855019669783
7 17 28 3 116834 1.0710296651061586
9 10 14 25 49345 0.9907984464507613
9 19 15 29 52600 1.0489469115939063
8 20 24 27 82869 1.0022424158744174
14 9 29 22 97898 1.0877085220540992
20 3 26 26 116016 1.0818428823938897
27 10 20 7 42252 1.0177488442995297
16 3 7 8 57045 0.9730253356532288
6 10 13 0 54852 1.017902818712581
4 14 11 9 40822 1.0699952991066306
2 2 5 16 56530 0.9923733477216585
1 17 27 28 132980 1.0908408612147507
13 4 16 19 63845 0.972840004965446
0 0 21 17 123402 0.9003544008546926
27 5 10 23 102241 1.0421444780527482
27 25 14 27 61677 0.9137009880770997
25 14 0 17 116519 0.9930450056757986
5 24 8 4 75067 0.9963469959409532
27 3 14 20 105401 1.0305619656596148
14 9 26 17 74802 0.929032170149882
9 9 20 15 55104 0.903407936710509
23 5 8 6 73604 1.0470364940587613
1 24 18 3 117791 0.9595452491730744
25 21 22 10 56999 1.044934676261299
23 18 9 7 81565 1.0290679556008429
1 20 11 12 61465 0.9071877057486931
6 14 0 19 41859 1.0709909541492526
9 22 14 28 40923 0.9576803622955515
11 2 7 21 79570 1.0406296275339277
28 24 8 11 115137 0.928814594078329
7 0 18 23 105888 1.022117738682308
23 17 27 9 50753 0.9223296717389606
16 23 19 16 28076 1.0932178717971492
24 4 9 11 75359 1.022455412173462
11 18 0 22 61867 1.0277195608934369
22 3 5 21 107504 0.9981192253854808
5 5 24 19 107106 1.0179246234511479
4 21 27 12 110728 0.9197789006392041
18 23 26 15 53288 1.0658259684604714
28 22 26 5 77788 0.922153465812578
1 17 15 21 71726 1.0292416201836507
3 28 18 9 90549 0.9081514680927817
27 15 16 2 95152 0.9311024030927182
12 23 8 4 68443 0.9462631485191282
8 1 17 8 58146 1.090207704407429
18 11 7 4 62196 1.0569150703983399
4 0 22 6 101905 1.0870388683065653
4 29 10 3 91204 0.9948632742548609
15 22 27 1 121036 1.0013078639968647
27 0 18 20 106942 0.9712133632555188
2 20 27 29 116433 0.9643774470309201
25 4 10 23 100433 1.0946817229870913
23 5 11 20 80415 1.0878484339803387
5 17 0 24 40965 1.062010900490011
6 14 4 23 28549 0.9149837807181759
0 12 19 5 81910 1.0645854572750633
18 24 12 6 70670 1.0099053162277076
24 2 13 28 117585 1.0454891295963682
13 4 20 27 97832 1.0779923641765423
16 5 9 16 59496 1.0234581513221919
14 5 1 17 81917 0.9388162938160136
18 9 10 5 44602 0.9508767883053441
14 26 22 3 104457 0.9888209949903457
25 19 1 6 112265 1.0012801304759722
18 28 0 15 106750 1.005103091683274
28 15 8 24 101989 0.9478443693869764
24 26 12 16 66198 1.067088689742413
3 2 20 1 96691 1.015703219101403
1 16 7 5 60066 1.0054127832026074
17 24 28 24 55204 1.0521668749986945
17 18 27 14 54242 1.0965245008645037
26 24 23 3 86455 1.0408775880119499
22 13 9 11 54984 1.0443308827576772
12 13 5 23 49951 1.014828200071896
20 10 15 18 42670 1.0712120705297705
14 26 25 13 81301 1.024732511598494
17 6 0 7 72259 1.0910154297371435
21 17 22 28 55008 0.9556571899961961
25 3 4 24 128867 1.0738558587575437
22 24 23 6 79797 1.0277886683937534
26 16 27 0 74020 0.9629080261471177
18 21 17 3 76334 0.9094726546945281
7 2 4 24 80592 1.0906896709276448
6 20 16 26 57498 0.9179920432434336
11 12 27 0 97697 0.9374192857106296
2 13 19 11 59294 0.9495524504309542
5 16 10 9 34306 0.9631960927019688
16 23 21 6 70091 0.9443258412270346
21 3 3 14 90186 1.09864096148678
19 2 9 11 70174 1.0143889757380213
8 18 22 8 76168 1.0002961566567175
20 24 27 29 50296 1.0148600659269829
29 15 20 4 81161 0.9359770686827122
16 20 4 18 57521 0.9629758921238838
28 7 21 28 104692 0.9775106362782789
22 5 12 24 79167 1.0798424777217162
0 12 0 0 69911 1.0349340174722468
27 16 14 2 106475 1.0450804113711125
18 16 28 29 74700 0.995279643187565
7 27 7 14 49528 0.9343771970831671
19 5 7 15 72667 0.9799297304123404
15 14 7 5 59833 0.9990115310998671
19 20 15 13 36441 0.9901730519941295
9 23 23 16 69663 0.941581086444006
8 15 13 20 32542 0.950046592031817
14 8 20 13 39125 1.0577332952796026
13 15 14 2 59550 0.9522341011702057
7 23 21 23 54839 0.9754287103125796
8 0 24 14 102563 1.0134894433413315
26 16 18 13 45122 0.9617791505195479
26 16 21 26 54912 0.9835285324765044
13 26 19 18 43194 0.9076489108588863
16 0 20 11 58452 1.052828349070561
7 21 28 29 97764 0.9196728073711233
12 0 0 16 93326 0.9617248506297088
23 6 8 8 68299 1.0518768499615923
15 17 10 1 69105 0.9618818933808995
6 20 28 12 103950 1.0498783672978957
23 0 11 6 76096 0.9724899615481972
6 19 1 14 40120 0.9530778753756137
8 19 24 20 72199 1.0683340529120156
18 20 12 1 80448 1.023717814938476
24 18 17 11 53604 0.9552259385301174
6 9 9 26 62483 1.057043919526429
10 9 26 7 62160 1.097842600011841
1 4 11 0 66108 0.9230375697714448
11 23 17 8 51517 1.058167842149039
20 12 22 2 53570 1.0149217549826963
21 20 29 11 63291 0.9874297535493333
7 26 20 10 73534 1.09842938523497
7 16 6 3 47692 1.0788111394033721
12 22 8 2 68089 1.0921627503635452
4 9 20 17 69666 1.0680135095512486
12 24 28 22 65738 1.09822118437232
29 0 13 23 124002 0.9187126221865214
5 14 18 14 58942 0.9901954423738428
10 11 15 25 57085 0.9034684950312177
21 25 13 5 96957 0.9020145114540811
14 21 6 14 47636 0.9996664992635488
26 6 8 19 100563 0.9956627078455683
21 6 3 18 84374 1.042857576232745
4 2 16 1 69826 0.958883218922955
25 11 9 19 83808 1.0011393982810106
22 23 25 1 95688 0.946672257797244
26 29 16 29 37948 0.9308027489143236
28 1 3 8 111806 0.9774326015160129
23 12 27 23 58362 1.0954661201367704
12 5 16 29 84613 0.9548850414824189
22 11 5 0 88824 0.9111610106310571
19 13 25 27 72810 1.0477054019596848
22 24 18 15 49457 0.9244122170328528
19 12 27 7 47671 0.9523633317666884
5 25 20 23 62353 1.035885404448602
8 4 21 9 68661 0.9755854371011219
4 27 9 13 61031 1.0742478915838873
18 13 29 0 85154 0.9098861620000271
6 28 12 20 43406 0.9702362517704788
17 8 3 3 62312 1.0109296921146091
9 28 25 22 82074 1.00439822616024
14 16 3 2 74053 0.9190069617439626
9 17 6 27 51681 0.9651827830470219
25 25 0 10 117151 1.0155680319848785
9 6 18 13 49318 1.0738933791968535
26 24 8 25 84491 1.0465508479225019
19 23 2 11 84327 1.0588674745547277
19 26 23 18 43199 1.0266363023681342
28 20 11 2 115095 0.9429594512602352
11 12 25 17 70945 0.9058366186356449
23 16 28 2 72778 0.9787621236401283
25 13 2 15 94179 1.0175829999207544
29 29 8 13 118516 1.0752044191406602
19 7 12 16 46511 1.0355872936784825
13 16 22 11 51725 1.0638001542260966
4 18 28 12 108612 0.9023437716077587
7 10 17 9 28349 1.0724424331184121
7 4 27 25 141550 0.9446822772996676
17 29 28 13 89081 0.9515379591950293
27 12 7 9 76054 0.9894144915359746
12 4 21 5 40656 1.0284319241639737
27 6 8 9 77862 0.9592466961314465
1 24 4 13 51797 1.06074993149548
19 23 9 20 43426 0.9867875708671139
28 23 3 17 114630 1.0297563680682975
15 1 0 21 119172 1.0013059681305538
9 10 19 5 46866 1.0006530274246188
11 18 27 22 71429 1.0791216038215914
23 24 28 1 103877 1.064879850314888
22 17 0 14 111661 0.9904189097675322
12 7 26 3 75977 1.0972749374270572
5 6 17 4 64632 1.0965599555764205
9 24 3 15 52486 1.099195584878711
26 27 14 0 136783 1.0327628844840677
24 11 19 6 38858 1.0730454109690952
23 4 11 9 62766 1.093012089959994
8 3 24 13 95230 1.0643014543571963
20 5 17 16 54836 0.9335552817124482
20 20 5 5 95679 1.0082809393236607
23 19 7 21 70338 1.0727965965171955
1 21 13 20 59332 0.9357661787391331
20 1 28 19 99921 1.0377983405510325
7 16 18 21 59715 0.9654684723010872
28 26 1 29 107050 1.0539597382388617
11 20 24 24 63306 1.038741710125832
6 25 4 3 80187 0.9651491643368192
11 7 22 23 88488 1.0170392049946149
17 25 24 8 80696 0.9097298942107199
8 1 18 4 56200 0.9598289063434883
27 0 16 26 130571 1.0147680355563606
19 7 12 19 52388 1.093753403752828
10 24 8 6 69071 0.992840662870785
9 11 29 27 118050 0.9361966640451663
17 19 19 29 35461 0.9352889375283758
4 13 1 24 51797 1.0160381451131957
22 2 23 21 82231 1.0949219178704854
8 12 26 4 87758 1.0631664791387856
28 27 4 6 134879 1.0971504270072696
0 19 26 5 126736 0.9845445023927204
21 7 26 18 59425 1.0276052772304016
4 5 19 1 94248 1.0100976904222272
13 26 4 0 99151 0.9119617579488423
3 5 6 18 42028 0.9591484481658026
25 13 5 12 79323 1.0212517097940441
19 11 13 3 51168 1.0292044212097637
28 12 10 29 114664 0.9178240765580485
17 1 3 2 78913 0.9729906433507467
5 29 13 13 69995 0.936481506558041
8 17 2 24 47221 0.9662237129964226
28 12 4 28 126079 1.002913662543176
9 24 0 8 81040 0.9669236712655613
29 16 27 7 47936 0.9798874699408201
4 18 19 25 78925 0.9745822817687303
3 9 10 20 55982 0.9322833035286088
6 16 18 16 56726 0.944205684302081
22 15 3 3 93669 1.0285807704613394
6 21 16 16 60960 1.0981964381126748
23 23 2 11 101403 0.9794058219958977
3 28 6 14 41870 0.9345342302578095
28 4 13 24 110153 1.0786569395217729
17 11 5 27 76789 1.0193352219762633
7 21 25 9 95603 1.0058062863002248
12 24 5 9 56356 0.9507950567116394
15 3 10 18 70669 0.9474580183004319
12 27 1 4 91487 0.9852102960804348
0 24 27 11 134745 0.9957621502264936
15 16 5 10 49128 1.091746004970613
29 1 2 18 137280 1.06308603324468
8 25 18 23 49283 1.0017700266447758
24 11 6 7 71218 0.9696735736524422
13 6 0 21 88669 0.9487122545145507
22 14 8 2 86831 0.9167138156432552
10 22 7 7 64968 1.0708721208978091
26 27 3 8 118237 0.9155809579875086
10 22 16 16 43324 0.9131624618918938
1 1 10 12 64794 0.9390502285007909
29 24 23 3 97722 0.973394750098646
8 29 21 8 93458 0.9144119831464207
5 5 10 13 51484 1.09084907624508
29 10 15 15 75216 0.9252690098736964
3 0 12 11 56520 0.9277765708204122
22 28 19 17 48962 1.0123265320502823
28 15 13 19 70006 0.9863323695379173
2 19 1 4 63417 0.945284243335976
3 29 7 19 38381 0.9881445160056914
15 11 13 20 38529 1.0734321069630866
4 12 16 7 48626 1.0670172071340744
18 8 10 28 76390 0.9649235047625928
14 0 19 7 53180 0.9767096809399806
2 10 17 28 88881 0.9847448421649779
22 26 7 20 72329 0.9561270967180007
6 7 27 1 112267 0.9735685901041867
21 18 24 6 60662 1.0290011374678087
27 28 24 16 56684 0.9463839829371272
19 23 22 1 100257 1.018386758151298
15 27 12 13 48557 1.099383577038562
17 8 12 17 35952 1.0474352281650408
4 6 28 1 120609 0.9632753721345584
1 5 21 6 88587 1.0451627299568176
5 20 19 13 75042 0.9955425214235045
22 28 12 17 62258 0.9610086990882052
4 3 17 15 83199 1.096360578130838
23 12 28 23 64239 1.0478394268222673
9 13 15 3 65982 1.0629347158067186
13 29 16 2 93894 1.0540880609964767
10 5 1 1 59393 1.0692601416856606
19 0 24 6 46193 0.9117103381477559
16 2 3 23 104430 0.9680876456598297
23 14 22 24 45648 1.0172839347838014
25 14 27 3 48151 1.099815718135783
20 13 12 23 58106 1.028665894350089
20 24 1 14 108677 1.0267453659950736
3 2 1 19 63640 0.9664003468224808
9 11 7 25 59700 0.9808201577134896
0 26 16 3 117852 1.0021234124545757
9 29 2 13 72047 0.9378266308844031
13 10 23 20 62243 1.0036533279486701
28 26 23 18 45735 0.9283507630167215
10 9 19 12 32664 1.0693643728023798
1 26 20 11 102085 1.0739824660661812
29 20 13 21 67905 1.047091966572405
29 24 17 10 91038 1.0140596216511615
23 23 23 1 91180 1.0149269278805966
26 0 10 10 89398 1.0882417534880149
14 7 29 4 75116 1.0001334318730908
1 17 17 21 80302 0.9821834701731074
22 13 13 9 44492 1.096459488736574
27 5 22 12 46533 0.9372698482515754
13 3 23 27 115596 1.068992730901439
20 15 25 8 45615 1.0207681874084138
19 2 5 14 89194 0.9653481368122229
9 26 12 10 48921 1.0581216429637954
16 6 22 10 35501 1.060821710404397
28 27 20 29 40583 1.0795799716600374
13 14 12 29 42781 0.9681439239509813
7 15 20 17 63406 0.9518083684118186
27 7 17 20 77550 0.9195521586363528
3 24 19 25 71855 0.9538459338138646
23 18 1 26 104604 0.9707515400802944
20 4 11 18 75558 0.944759263383177
14 25 23 4 97697 1.0259870788631436
27 2 5 2 115803 1.0911040554548141
0 18 20 6 97457 0.9928611216563336
24 10 24 20 43679 1.0453646285683784
18 9 17 21 47332 1.0637356099952122
12 25 18 21 29068 0.9702230615579874
4 13 10 6 45219 0.9262395394313303
13 17 14 3 60677 1.003322747643594
21 22 28 14 55753 0.9074971235342884
4 6 19 21 87148 1.0539690945699731
0 24 21 6 115992 0.9781209098035567
15 15 8 18 41223 0.9261740597681223
3 13 23 23 102594 1.0887592037482108
16 23 24 25 39928 1.0637152381958503
1 20 14 16 71791 0.9922984296145414
3 26 27 19 105676 0.9493020847576605
26 0 10 9 92059 0.9275334871392168
25 19 20 14 38574 1.0716903832967062
7 16 5 8 34512 0.976475887649298
20 19 4 27 80188 1.0144491373118008
22 6 29 26 100021 0.9252186311446523
28 4 1 21 136268 0.9369951433990793
20 6 2 3 90686 1.0648186129644037
29 5 20 4 48569 0.992633368535291
12 23 1 26 51577 1.045481021547308
26 25 7 6 122350 0.994650446303464
20 12 23 4 42800 0.9064073859198178
7 24 2 18 40292 1.0296394685068986
5 22 22 15 90569 0.9455133575624582
9 1 28 7 96286 0.9219597971875714
21 14 26 29 76496 0.966770678778267
13 18 19 13 43443 0.9833984786729639
9 7 12 19 40671 0.9127856808871843
26 2 10 26 118194 0.9972907978903066
11 10 26 0 87628 0.9299576182902896
15 22 7 13 57648 0.9742909211146119
13 0 27 9 94662 0.978150241830267
23 24 6 1 126819 0.945689243305694
25 22 2 14 119712 1.049974309373803
4 7 4 21 51110 0.957339816147023
0 29 15 5 115404 0.9273997084329119
18 6 9 22 75027 0.93034060403428
7 17 0 27 57346 1.090295791881705
25 14 18 26 62518 0.9541956128021123
0 0 5 10 53203 0.9873686730433109
5 6 16 19 72285 1.0796570565933703
21 25 4 17 94172 1.0233050742953638
4 0 24 12 103924 1.0594609948453113
5 13 26 18 102942 0.9095282922818465
14 0 18 22 95109 1.029275065050266
28 24 27 13 55848 0.9220899975942717
27 22 1 17 122089 1.080265102511183
18 18 1 8 73988 0.9717556325379306
14 9 26 18 77293 1.0195994907786852
19 16 10 4 63546 1.0849721067607885
9 24 22 12 81519 0.9677230612423257
21 28 8 18 72937 1.047337600276672
5 26 15 17 60243 1.0109604615826189
24 15 23 4 48727 0.9136772940916849
11 18 20 22 43882 0.979317925810961
0 29 21 5 128235 1.0285392990297209
3 7 16 11 45090 1.0676760615164964
22 16 12 8 61887 1.0878440923356008
22 26 28 11 79024 0.9647830432115376
6 5 1 28 81762 1.0127806079236148
26 14 4 10 81306 0.9834739774797029
9 13 24 23 77827 1.0371453332119578
12 15 0 6 62434 0.9984904355588406
5 10 6 22 40008 1.0052064880828637
24 7 7 1 94641 1.0054567342016323
9 14 24 18 69696 1.0639887237183028
1 0 13 20 90424 0.992819225453405
10 26 25 18 74618 1.0237334621796186
23 1 7 2 85104 0.9515949148632905
9 4 27 24 124316 1.0719580278859768
18 10 6 15 44314 1.0826681200717283
10 13 12 3 41772 1.0189986870972274
23 4 14 6 50636 0.9068974614023548
11 9 25 0 87539 0.9661199251706081
17 2 5 8 74704 1.0921430221620092
11 18 20 21 42576 0.9416445765891672
25 20 28 7 60110 1.0296240475725922
18 22 9 9 60538 0.9495625784423554
4 0 6 21 76041 1.0219381659315347
2 9 9 0 63384 1.0162706226503104
2 20 21 27 93283 1.0977948361784895
3 9 9 16 42195 1.020270860889838
26 18 5 5 116778 1.0471443379066039
26 19 27 1 80025 0.9270618960691788
3 23 13 25 43615 1.066812641226905
19 23 5 20 58127 0.9169475449260983
15 5 28 2 70056 0.9257590981789142
1 10 27 24 121147 0.997322951509327
24 7 9 4 78039 0.9886858987319792
25 3 19 12 58372 0.9437325148767989
7 16 19 29 80110 0.983595984461566
3 19 17 11 66097 0.9049778867993411
15 2 22 11 63258 0.9283760673997072
8 22 27 6 110243 0.9588718622623795
23 7 2 2 99606 1.0640139199368648
20 6 22 26 90176 1.0571127667107492
16 2 18 10 40336 1.085023249106458
11 7 13 22 50765 1.0607175946930336
0 2 15 18 105893 0.9841167763673625
4 10 15 16 50974 0.9270389587846758
1 10 18 26 88351 1.0866365382147443
5 26 7 13 42024 0.9295191651412037
21 21 13 23 34726 1.0851232116148233
2 0 29 5 130512 1.052419790084063
22 9 12 25 66861 0.900896210411764
20 2 5 25 119776 0.9917477897460278
8 28 2 0 101626 0.9530913662304572
15 9 8 27 70150 0.939271646139006
0 21 7 14 49678 1.055062411014934
23 11 15 7 43945 0.9436729958292465
19 13 7 15 57156 0.9573567683374942
2 5 17 2 92300 0.9231930802211644
24 1 5 19 114869 1.0045858825746141
11 25 29 17 92883 1.0208046540375255
17 16 5 1 91032 0.9031827642174473
28 24 10 2 128017 1.0565467510603537
28 29 16 19 72306 0.9905102775773009
28 1 17 0 59694 0.9768705059472299
4 26 15 4 101550 0.9999642369430949
21 18 20 7 53359 1.0102035128749953
13 28 5 24 42043 0.9523953373136619
8 19 12 6 58664 0.9540751194805355
1 22 14 11 77128 1.0736788396073773
27 24 26 5 82379 0.9151350536011441
5 2 8 21 78930 1.079700866377789
24 13 29 1 61467 0.943231734892633
1 2 17 1 92725 1.078565253308683
9 7 20 25 87434 1.0112324516892626
26 25 3 22 100219 1.0653835101846516
20 14 1 29 106105 1.0156965825441202
27 6 10 15 82975 1.0063212286980632
18 3 11 29 96371 0.9735818958182927
29 19 20 14 53602 1.057366447073675
17 17 10 28 58931 1.0528417338466722
18 2 7 26 102753 0.9078097263521269
23 24 26 16 41011 0.918301087515793
25 14 29 25 55326 0.9137667471873483
26 14 10 21 81878 1.0665181066397724
15 5 24 25 104215 0.9319166039301595
0 9 10 22 73331 1.0732520128452117
16 20 28 10 81761 1.0828324239443383
9 3 2 14 68370 1.0996126741724541
20 23 18 3 86334 1.0226616468659229
18 8 5 4 65961 1.0332949117182189
19 11 9 11 35860 1.010972030207813
8 1 10 25 87672 0.9790251019123944
6 13 6 1 42224 0.9092891235368922
22 6 13 26 84838 1.0206898849152783
20 1 17 12 67085 1.0725770301948094
8 4 6 20 62700 1.0772728273160939
25 15 3 21 113584 0.9933134194754745
16 16 24 6 61090 1.0442116298918827
20 2 27 11 67403 1.090899668791437
13 3 12 24 62529 0.9230463949998651
7 25 0 14 64047 0.9376362395783631
23 26 24 7 83190 1.0450053257896998
25 6 19 13 48888 1.0625137868074208
20 3 7 13 84229 0.9289491417890144
9 29 15 22 49442 1.0436014800681594
15 14 7 5 59833 1.052291379232683
22 23 0 7 112448 1.0675151238910892
0 4 8 24 97149 1.0967340512589911
17 22 14 1 90205 1.0941151064288075
1 6 10 1 57637 1.0763894035598256
18 3 24 27 115296 0.9291305950395554
21 4 27 11 53589 0.9638943184800153
29 9 3 1 120268 1.0611324259918717
23 19 2 24 92139 0.944833173050597
29 14 10 29 111514 0.9744792369531198
27 18 9 8 97125 0.9342991580925593
14 27 8 21 39568 0.9040698989698456
21 18 27 0 96499 1.0233043097099181
3 0 1 29 100650 0.9061288309408619
4 13 7 6 38623 0.9441018030703016
2 4 26 29 141395 0.9129139478968253
28 16 17 28 73086 0.9384222367284575
14 0 26 23 127490 1.0294825445578941
18 5 9 29 95933 1.0886843915075162
12 25 19 17 45147 1.0763043825887721
0 24 6 5 81810 1.0582497568558993
21 29 6 10 90280 1.0304971623279735
21 29 4 11 101166 0.9920882772851756
10 9 17 25 66484 1.087060700833622
8 27 21 7 90353 0.9878698477551996
14 15 23 17 45756 0.9893444838962011
22 5 28 10 42377 0.9663029040452553
12 0 5 26 94531 1.0824506055824403
13 20 29 17 75865 1.0190167270345314
1 29 15 13 91342 1.0841886978103463
14 3 12 21 61948 1.0119149822729996
19 21 11 27 45958 0.9108089742691406
10 2 20 22 92813 1.0316357736581372
16 3 26 8 57851 1.096270119827754
9 6 2 10 37460 0.9502280831844174
11 15 4 27 61096 1.038337687811996
28 24 3 15 124996 1.0152804456412254
0 3 11 21 94577 1.0239736352742674
28 14 27 3 54691 1.002216671452417
17 12 7 7 51684 1.02770240825631
14 26 21 17 50471 0.9500240669410145
4 0 24 24 138813 0.9174237406666053
24 1 19 18 87508 1.0230771890853045
2 9 13 20 56223 1.0672768982799212
2 17 15 15 73246 0.9489601503564651
26 25 10 2 120849 0.9563635471621059
19 2 8 15 86082 0.9244289063498686
11 21 5 17 40186 0.984395052757719
18 21 12 4 71616 0.9224439872601671
22 29 28 18 64073 1.0015077118454072
22 2 21 14 59977 0.941922219519639
22 26 23 10 76233 0.9739660412365619
19 16 12 26 51858 1.0814400453867297
3 26 11 20 47397 1.0277342288584845
26 10 10 19 82068 1.0670509175826666
0 24 17 19 78136 1.0349264660506443
29 9 11 4 92684 1.0724486137428852
4 29 29 8 134094 0.9569431600453304
11 1 14 26 81640 1.0423428012567273
25 18 9 6 94055 1.0557391219038603
16 29 11 24 40208 1.0242271030486578
13 6 25 29 111395 0.9310124311012508
27 13 13 15 64945 1.0676273516864692
0 0 20 13 105652 1.08212204689284
5 16 14 9 46683 1.0338532332686237
5 10 1 18 35603 0.9609667043295952
27 25 9 14 96359 0.9901247531070596
28 21 7 20 96539 0.9871184457080113
26 13 2 24 122700 0.9045159462525493
14 5 1 19 86918 1.0577074209614015
25 13 6 3 94667 1.023711596634568
14 7 26 17 83254 1.019487720033284
29 3 1 29 159023 1.0131190614886127
7 25 18 20 59744 1.0519371470907122
16 29 17 9 74376 0.969110905549676
23 6 3 1 97694 1.0830210662104605
25 10 4 3 94292 0.9896714847919041
23 15 3 4 94857 0.985251645296019
7 23 3 10 50984 1.0762000412203307
3 26 0 1 96054 0.9737586780074212
29 8 29 26 86011 1.0962881000104554
29 26 22 6 100021 1.010265741452337
1 17 23 8 94875 0.9544795498074741
1 15 20 12 74700 1.0944954523160004
5 13 11 22 54420 0.9041711450301227
11 16 17 29 59877 0.9416601327290631
7 5 2 21 69281 0.9438477861833785
20 22 10 12 66327 1.0375161842075746
28 1 23 16 76885 0.9322968131555337
13 14 29 21 79295 1.0203402515628563
26 24 8 18 84006 1.085466073865863
11 27 13 19 28091 0.9496729603138993
18 3 9 14 63429 0.979205504893647
27 15 8 27 106289 0.9898062359025276
24 12 14 14 48492 0.9694597322315103
28 16 12 8 83547 1.002832383646699
6 12 19 14 55380 1.082897283039819
10 11 3 7 31105 1.081172410653192
14 6 2 26 97539 1.0940299105988263
15 8 18 18 40876 1.0093349361358384
13 28 11 10 52093 0.9670987038989736
18 0 6 27 121067 0.9997598325656635
27 0 1 25 162672 1.0995626317485125
10 25 28 0 134251 1.0641793110044677
12 15 19 26 50245 1.0958430978515283
13 19 23 7 71019 0.9204175989158122
27 2 27 20 81901 0.9484741602239566
16 3 28 17 98835 0.9202075474238373
5 18 1 10 37283 0.9287294438423468
27 14 4 28 121459 1.015148292332665
13 13 11 21 29840 1.0728026772058317
19 25 21 9 66662 0.9287696637867489
21 5 9 22 86799 1.0050444762464503
27 17 22 29 64268 0.9170031188631415
13 25 25 8 84973 1.0713127166086085
4 22 14 9 65094 1.0616046064759102
4 7 16 15 59917 0.9619592396604828
22 16 10 27 75519 1.0056391780604705
27 19 15 18 48457 1.0383517884700253
26 0 17 15 91447 0.944975726775764
28 11 25 24 57812 1.0121231556445878
23 23 11 5 95930 0.9626290427253286
12 13 16 4 38369 0.9860671439256143
17 2 8 3 60829 0.9572268783620667
1 22 5 15 39444 1.0553933477641189
2 24 8 9 64033 0.9926559330804778
22 17 11 19 50570 1.0044012661462793
3 0 14 20 83999 0.9106711076750178
23 7 9 27 98626 0.9576608441681974
12 23 21 29 46080 0.9134553001338598
26 9 24 26 70167 0.9386969433107624
21 16 3 16 87562 0.9204845515397617
8 3 6 21 73670 1.0057284350071585
24 14 0 17 112939 1.0207945265868104
23 10 28 4 38949 0.9274215172934166
23 10 17 15 39772 1.0464769136312997
27 9 2 23 125713 1.039498545559803
21 28 26 17 59751 1.02922862995767
20 13 28 4 63834 0.9269962293872069
23 2 19 25 101986 1.0753460804075128
9 24 13 16 35965 1.0304128492920186
11 20 21 2 86953 0.980263934464444
11 24 24 13 80633 1.0689256688129505
22 16 15 8 52875 1.0712543010612399
9 12 22 15 64844 1.0885288560090904
8 2 6 23 83940 0.9994530436552715
0 10 3 21 44651 1.0298410560912432
4 17 25 4 111653 1.0347656839694386
23 6 15 16 64622 1.044744596413523
20 22 6 8 84605 0.9879239758710356
21 16 27 4 72693 0.9112843490120598
10 1 27 17 108986 0.9442268292806862
18 22 18 10 38047 0.9565448332243045
13 21 12 2 55085 0.9670941370756828
24 26 10 25 59849 1.0524153794733866
3 12 15 14 48951 0.9830321979169986
6 5 18 11 52764 0.9107611666642754
29 8 3 25 131252 0.9991132310552335
28 3 16 12 77525 1.0385658199292536
0 15 7 11 40895 1.0998531542951988
29 1 6 4 124507 0.9733059928786535
15 8 11 23 51031 0.9857570294539127
7 19 12 0 78845 0.976422714029309
17 7 18 22 56376 0.9792450083033903
27 10 9 28 116324 0.9349131886150934
15 6 22 13 52442 0.9033238243971586
6 5 28 29 137814 1.0452266894908373
10 12 8 26 56767 1.0592296145354945
6 0 23 7 96561 0.9155430057543219
2 20 13 4 85836 1.03271397174628
7 24 3 17 36444 1.004900831662582
7 23 27 23 76592 1.022348422644347
16 27 7 10 73383 1.0805128542566131
29 9 14 19 94766 0.9142673277013336
7 15 26 17 92099 0.9386048897941132
20 6 9 12 58049 1.0399315763069796
12 7 29 20 100165 0.9913491583075744
12 23 8 9 44244 0.9662521231074712
0 23 1 5 79013 0.968470310742652
16 15 26 27 74305 1.0864208613640103
23 11 29 0 61661 1.0612209931660868
29 10 5 9 91971 1.0995358914729711
15 4 11 20 66848 1.0383230731528514
24 7 18 19 61131 0.9692230611147056
26 29 18 25 39891 1.0800500697977384
6 5 19 5 64226 1.06099324013999
9 28 1 10 77054 1.030623263074106
24 16 12 26 70931 0.9431541014257472
9 23 11 7 59306 0.9098387286500714
6 8 17 11 39928 1.010684919989422
1 19 7 25 43598 0.9905409753695253
15 6 4 21 82878 0.9334246802004615
27 29 20 8 104379 1.0264874458007662
15 13 20 26 59309 0.9361004331089563
16 2 17 19 72210 0.9320298597203004
23 25 8 3 127217 0.9285772988945097
14 13 2 6 54549 1.0755414180303893
19 22 4 11 81527 1.0532870119539912
3 19 27 10 108067 0.9157488046459441
15 18 22 27 56866 1.0539667624472109
4 3 12 18 70137 1.0377935161836027
26 3 14 5 64707 1.0664991926052907
18 16 23 22 38195 0.9951383753054944
6 28 7 18 32651 0.9766967708407616
17 27 29 21 62970 1.0086376116997968
17 27 25 20 54065 0.9880875563043818
12 15 3 10 33118 1.0223174963319555
20 16 2 11 73011 1.0451680337856677
12 25 18 16 44027 0.9676174391551091
15 20 29 1 115034 0.9002932771472086
15 3 14 15 62334 1.0290566237259633
15 7 28 2 76153 1.0065769015366823
23 0 0 14 126842 0.9725128310380426
4 20 27 28 108846 1.091694413411485
4 8 9 16 46266 1.0722791626541992
3 21 26 14 116035 1.0949469711387556
19 19 29 2 96925 1.0205415070828345
5 27 18 10 75500 0.9214250745844882
4 26 5 1 86902 1.0293872450771115
12 20 24 19 47384 1.0908744637475165
11 1 23 11 73489 0.9204853507051662
16 4 15 22 73338 1.0517889348755836
16 24 17 10 55893 0.9448801957993597
1 3 13 8 72056 0.909889238969225
3 3 9 27 90390 1.0271228961770777
21 25 21 12 57715 0.9693527463889098
18 26 8 16 64070 1.0353147783062722
23 25 25 11 58863 0.9621825044381573
23 28 1 5 132520 1.028731331469971
21 25 25 14 55286 1.09166209936206
23 21 7 27 78411 1.04860360744048
6 23 24 2 118831 1.0708259885181566
27 13 0 26 139402 0.9788265132347364
20 8 8 20 71772 0.9906974065726568
11 28 3 13 71219 0.988506323764404
0 20 28 12 124696 1.0472543468866053
3 26 15 1 118821 0.9291742632792042
5 4 27 13 106178 0.9564477896940291
15 13 29 5 82787 1.0491457242422948
20 23 18 2 90998 0.9949084740511693
5 12 14 21 55444 1.004570174003994
9 6 18 5 41981 1.0203438446129256
22 24 3 24 86394 0.9186944545746757
9 15 18 14 37777 0.9606690987653836
27 6 11 10 65314 0.9008864697433935
27 0 1 0 132575 0.9766461262631532
9 4 10 16 53040 1.0361405010411087
3 18 26 27 111568 0.9936701439720476
12 5 16 19 56104 0.9790702160135492
0 25 18 8 99791 1.0643810542334358
21 23 11 4 95070 1.0517851911093377
4 8 28 2 108653 1.0353557998856107
15 5 23 3 44710 1.0050279066158383
12 9 26 6 63080 0.9977304636258308
18 26 11 19 41926 1.0527941888270111
11 0 14 24 83147 1.008384648053133
25 28 9 6 114726 0.9297821928281823
18 23 20 5 74590 0.9465581297953656
20 26 9 29 47693 1.083815836096591
11 8 28 28 118945 1.0814457555099042
23 2 22 19 76540 1.0805152950495016
20 29 0 16 117814 1.0946602509832302
13 11 10 18 30120 1.0626716278223853
19 4 26 23 101268 0.9491733186630338
18 23 25 20 39512 0.9833529179813879
7 8 7 28 64971 1.0641459005719196
24 25 2 23 94775 0.9613187080680602
28 27 23 8 91073 0.9729273348642717
23 23 27 10 62768 1.0893349813954882
4 28 11 17 55236 1.055154870890043
11 23 28 14 89653 0.9303973384571176
25 28 18 12 75603 1.0919468636146907
0 5 1 21 78110 0.9851779997751364
20 28 18 20 26982 0.9642186351724996
15 25 4 26 46928 1.0250868723614621
1 18 16 0 105843 1.0776331932833798
22 28 4 11 105323 0.9029412957870777
26 28 1 1 157396 0.9822469828075974
24 10 13 5 59691 0.9984272194447736
27 18 17 16 49609 1.0184519606402185
17 0 14 29 109113 1.0001820912039685
21 10 8 16 58299 0.9850426047467213
1 9 25 13 88777 0.9440813763152163
24 28 3 10 109712 0.9762834026371102
2 26 1 1 93691 0.9561008176731638
0 11 4 24 60612 0.9184781801995631
28 21 10 29 90265 0.9578040911767627
11 28 14 14 46063 1.0692545101146027
17 18 7 20 49507 1.0921394662350132
14 19 9 26 34555 0.9378870111148117
5 26 1 11 56784 0.9169619502632445
16 20 23 4 80766 0.9909746734906024
21 20 1 4 109109 0.9069817627592545
18 24 9 22 41016 1.0474386152276698
8 20 18 2 92005 1.0739657599346022
1 4 19 16 89699 0.9719506420879702
23 19 13 15 52024 0.977503213885611
5 5 7 22 69943 1.0129768539973298
16 8 5 18 56349 0.956107799989548
5 19 14 13 54812 1.0246754709334736
25 19 16 4 82408 1.087225769887503
15 5 4 10 52178 1.0252122531150814
6 8 8 25 62864 0.9928656579429378
27 17 7 28 105044 0.9723199250888451
23 28 8 24 75134 1.0129842441087222
4 1 4 20 69314 0.9730801720380488
12 27 1 12 78130 0.9760973357985913
18 10 20 20 38324 1.070080835568697
4 20 21 4 100327 0.9823767109473206
2 10 14 22 61904 1.0084675284579245
29 18 16 20 59647 0.9977479855592567
13 16 28 18 75909 1.0776211600129384
8 25 27 7 114529 1.0049006540543843
16 22 3 9 67213 0.9131230331629775
18 29 15 3 96679 0.9766496372459794
17 18 18 1 72522 1.0301663731246125
13 2 17 22 79477 1.0469546962772829
24 12 3 5 82711 1.0715751754345029
17 3 18 23 80232 0.9286776076384924
24 15 21 2 66787 0.960807595553604
23 12 26 29 79995 0.9844243370857128
21 29 21 19 45552 0.9537023091850209
13 17 1 17 66518 0.9859288840924163
27 14 0 25 133937 1.0222850838517585
0 0 17 19 111885 1.0549310852825071
27 28 16 22 57906 0.9858850537172924
19 26 21 12 56585 0.9976209051414299
0 9 29 7 101060 1.0264028346752276
14 20 19 3 80438 1.0359828288226032
15 5 5 10 50332 1.0709273296073856
23 19 9 26 69185 0.9846905783522852
4 17 12 15 48370 1.08636269905698
15 7 9 3 39277 0.9158303090669252
22 5 4 21 101383 0.9576140984743631
15 8 11 2 34111 0.9797487445359843
2 14 11 22 67949 1.095250705973289
3 12 29 9 99349 1.0830624388032506
7 3 4 11 44971 0.9492304799898998
5 29 14 5 94341 0.9479013543598728
27 28 27 1 120258 0.9738046258165138
22 20 27 6 70946 0.9349487378278134
18 4 11 18 63842 0.9241736195897173
4 4 21 20 101783 1.0491949132413525
6 19 14 16 46354 1.0197388141337067
15 7 1 16 74139 0.9823877317291896
26 26 17 12 75470 0.9998177107803751
6 10 8 28 58450 0.9183749962571831
21 15 0 18 104355 0.959009418708115
29 6 7 13 95398 1.0747752298596187
23 4 7 2 85293 1.0851830610246727
24 29 2 29 83572 0.9772359599086593
29 24 10 9 107014 0.910361927766961
4 10 7 28 58944 1.0810393252845865
18 5 5 9 60768 0.9430405446597931
3 27 21 2 130417 0.9372247745633893
10 14 26 14 64183 0.9531550912275841
19 18 22 10 43847 1.0351030612087353
29 24 23 11 71916 0.9441537407458891
29 5 15 10 64717 0.9098560268091566
19 24 24 9 76863 0.9254176512377301
1 1 18 18 101162 0.9913027988291174
8 22 19 20 54264 0.9990492136897756
14 13 27 0 100430 0.9916858373761477
12 21 4 17 45551 1.0440503528193568
12 13 7 0 61488 1.0402920677293475
25 17 1 25 111607 1.076299750439328
9 8 16 18 57012 1.0893679496336932
27 21 28 7 70378 0.9338168885357077
22 7 12 20 63266 1.012923063231415
24 0 16 25 116536 1.051961820906242
10 10 16 19 39889 1.0474077101227217
17 2 17 15 65876 1.0295402120104802
5 26 22 27 72224 0.9829994689991254
5 14 13 22 53324 1.0975142753682487
19 27 1 3 123196 1.0740921447986012
3 14 10 29 63304 0.9895459849415196
24 5 23 16 51534 1.0390470343191494
0 14 23 28 131782 1.0952382956640256
6 11 14 6 42185 0.9672112225621471
