4282 4350 4078 4145 4490 4084 4077 3992 3858 4266 3834 3929 4215 3934 4307 4125 4243 4199 4012 4215 4170 3909 4477 4031 4346 3961 3863 4211 2855
7876 7897 8014 8279 8347 8417 8328 8268 8106 8091 8188 8234 8207 7974 8211 7952 8051 8393 8010 8134 7804 7740 7992 8414 8145 7995 8180 8438 7986
4302 5779 5225 5806 5318 5809 5906 5279 5797 5507 5374 5773 5802 5371 5791 5554 5520 5596 5276 5410 5497 5397 5663 5304 5503 5364 5462 5499 5896
5887 5665 5740 5779 5964 6093 5938 5845 5641 5804 5968 5556 5765 5729 5581 5715 5645 6005 5781 5913 5702 6092 6042 5526 5778 5495 8195 8106 8335
7002 6851 6754 6460 6717 7023 6523 6507 6640 6722 6627 6547 6649 6763 6947 6315 6876 6454 6873 7000 7008 6276 5832 5887 6126 6227 5644 6048 5628
5505 3277 2975 2847 3401 3080 2767 3205 2808 3311 3141 3002 2970 3304 3086 2781 3199 3391 3296 3106 3228 3072 2725 2716 2746 2973 2725 3043 2892
2853 3160 2995 3258 3509 3351 3280 3405 2831 3446 3109 1981 1415 1720 1436 1620 1706 1472 1636 1336 1379 1953 1771 1668 1297 1802 1556 1298 1470
6461 6439 5982 6032 6472 5942 3747 3465 3739 3576 3517 3516 3583 4089 3769 3708 4097 3696 3802 4061 3514 3817 3590 3519 3722 3427 3928 4102 4043
7016 7188 7104 7304 7139 7487 7233 7354 7441 6912 7163 7083 6999 7302 7365 7234 7283 7338 6956 7409 6949 7079 7400 7230 7566 7388 6946 7074 7581
2889 2624 2545 2497 2817 2474 2765 2519 2534 3137 3069 2787 2784 2676 2961 2453 2848 2573 2944 2916 2566 2951 2960 3021 8408 8246 8705 8808 8719
5369 5359 5672 5575 5762 5576 5647 5612 5997 5571 5532 5342 5710 5611 5358 5416 5328 5657 5353 5518 5737 6019 6670 6689 6011 6013 6612 6091 6620
3336 3583 3386 3473 3333 3354 3232 3446 3934 3792 3260 3788 3596 3819 3891 3837 3496 3314 3750 3802 3301 3256 3497 3571 3808 3538 3327 3631 3280
1755 1885 1902 2279 1920 2165 2149 2168 1950 1958 1749 2128 2148 1666 1897 2007 2306 1729 1689 1721 1814 5882 5230 5411 5247 5592 5603 5356 5899
7925 7538 7570 8075 8086 7769 7465 7564 7767 7667 7749 7176 7838 7749 7216 7538 7210 7473 7203 7510 7785 7212 7698 7217 7333 7203 7554 7537 7586
1157 1536 1435 1709 1101 1129 1526 1097 1215 1295 1457 1453 1250 1231 1653 1233 1099 1205 1144 1571 1753 1690 1065 1241 1077 1763 1441 1629 1134
7087 7014 7436 7275 6978 6874 6747 7403 6782 7122 7427 6955 4122 3951 3490 4059 3875 3874 3581 3833 4014 3614 3579 4197 3682 3787 3966 3922 4169
2263 2381 2071 2524 2199 2278 8605 8793 8554 8143 8644 8204 8444 8588 8159 8130 8269 8672 8340 8604 8685 8622 8417 8121 8235 8389 8590 8394 8540
7851 7864 7579 7887 7608 7957 7687 7469 7848 7804 7522 7666 7509 2046 2283 1834 1915 2157 2310 2194 2066 2133 2013 1917 2084 2373 1788 2424 2435
5077 4902 3194 2996 3069 3131 2955 2593 2920 2820 2931 2744 2969 2782 3119 2656 3037 2700 3045 2819 2718 2987 2684 2716 2545 2737 3057 2883 3148
8579 8783 8441 8634 8329 8300 8292 8466 8798 8853 8862 8206 8200 8790 8749 8622 8800 8739 8529 8673 8639 8782 8793 8818 8452 8307 8409 3819 3756
2196 1906 1979 2178 2347 2389 2501 2093 1922 2400 2175 2118 1952 2115 2583 6564 6274 6604 6289 6490 6666 6301 6969 6750 6746 6406 6279 6493 6313
7906 7711 7413 7363 7438 7419 7384 7300 7912 7377 7292 7217 7591 1952 1414 1861 1620 1568 1976 1780 2039 1538 1965 1422 1445 1464 1678 1932 1774
3344 3199 3390 3413 3220 3120 2911 3373 3551 3392 3184 3381 2910 3241 3013 3033 3494 3517 3577 3309 3131 3430 3525 3079 3514 3112 2892 3871 4140
3513 3084 3229 3275 2908 3464 3399 3262 3588 3581 2963 3343 2573 2535 2534 1927 2140 2592 1979 2199 2187 2317 2014 2335 1931 1877 1958 2423 2482
2972 2389 2303 2842 2913 2991 2503 2968 2297 2332 2639 2567 2460 2401 2669 2727 2432 2305 2552 2791 2993 2897 2764 7162 7281 7166 7292 7206 7161
4131 3952 4025 3844 4313 4177 4283 4293 4171 4250 4414 3785 4151 3865 4081 3819 4194 3803 4347 3918 3749 4424 3873 4447 4149 4039 3594 3866 3837
1639 2076 1975 1840 1621 1507 1730 1518 2156 1634 8248 8279 8001 7852 7967 7847 8504 8188 8264 8032 8370 8007 8449 8487 8446 8006 8250 8005 8480
1713 1993 2110 1898 2128 2066 1658 1726 2170 2311 1685 1781 1854 2199 4326 4422 4383 4342 4396 4438 3762 4223 4251 3904 4266 3776 4295 3771 4443
5165 5297 5807 5415 3355 3785 3338 3325 3736 3459 3685 3367 3686 3627 3656 3188 3665 3349 3440 3224 3355 3698 3397 3706 3151 3590 3447 3788 3632
6022 5795 6811 7198 6592 6704 6676 6624 7253 7197 7136 6858 6564 6629 7179 7199 6675 6721 6674 6695 7030 6615 6881 6718 7132 6648 7214 6636 7068
4612 6477 1420 1374 6611 4252 7307 6865 5343 6371 6152 2196 5483 3058 1663 2240 4087 8745 2583 2827 5070 2369 4592 5216 2980 2433 4466 1801 5878 6335
4471 5832 1530 1657 6957 4431 7369 6868 5556 6280 6357 6382 7919 2420 1872 2237 3781 8597 3924 2487 4950 2129 4915 4811 3240 2629 4281 1687 5983 6006
4934 5829 1475 1798 6997 4101 7556 7092 5690 6416 6042 6453 8153 2850 1825 7457 3876 8732 4194 3027 5072 2035 4536 5369 3062 2363 4798 2235 5792 6009
4657 6102 1491 1574 6828 3956 7969 6746 5615 5847 6467 5812 8292 3006 1229 7178 3675 8580 3753 2494 4656 2289 4522 5020 3210 2927 4826 2195 5895 6070
5037 6250 1620 1418 6792 4461 7865 6890 5629 6246 6590 5959 8298 2492 1809 7580 4243 8216 4133 2495 4985 2158 4844 4912 3322 2449 4545 1609 5699 6236
4546 5783 8033 1611 6755 3945 7310 6781 5600 6053 6434 6053 7821 3049 1422 6939 3760 8576 4240 2938 4996 2036 4595 5369 3068 2748 4859 1573 6070 5973
5072 6324 7845 1122 6924 4416 7450 7207 5274 5935 5987 6106 8059 2810 1451 7167 4205 8487 3707 2521 4969 2435 4527 5236 3191 2880 4565 2175 6294 4874
4791 1511 8258 1644 6829 4235 7492 7071 5889 5858 6664 6230 8183 2790 1875 7051 3638 8506 4286 3088 4986 2085 4933 4864 3332 2684 4639 1956 6113 4929
4555 1744 8486 1528 6612 4275 7718 6788 5497 5907 5970 5857 7970 2708 1480 7402 4063 8150 4195 2837 5135 2077 4429 5295 2994 2876 4291 1800 5726 4666
4852 1739 7926 1163 6967 4185 7930 7079 5677 6160 6583 6150 8264 3094 1444 7481 3620 8345 4031 2548 5145 2652 4782 4981 3031 2621 4630 1966 5994 4853
4492 1490 7988 1277 6774 4389 7714 6823 5787 6373 6182 6101 8012 2488 1518 7029 3576 8186 3771 2929 4935 2354 4343 5208 3394 2824 4758 1581 5776 5100
5044 1485 8166 1214 7270 4270 7456 7209 5923 5803 6443 6376 7895 2707 1810 7422 3837 8224 4212 3038 5060 2631 4766 5414 3363 2729 4544 1908 5677 5100
4725 1740 8012 1216 6613 4202 7820 6726 5962 6384 6038 6360 8075 2861 2851 7622 3720 8216 4271 2661 5032 2324 4722 5104 3632 2540 4803 2065 6173 4488
4493 1380 7847 1165 6068 4186 7929 6690 6393 6384 6628 5798 7749 2418 3245 7169 3670 8526 3879 2681 4771 2423 4626 4833 3050 3027 4376 2158 6146 5108
5010 1594 8492 1175 6141 4040 7945 7346 5912 5817 6310 6175 8394 2616 3188 7300 3612 8169 3728 2582 5068 2114 4915 5062 3565 2885 4373 1538 6110 4875
4577 1368 8428 1421 6066 4245 7352 7139 6287 5916 6407 6190 8018 7760 3072 7340 2876 8516 4065 8908 4849 2651 4586 4903 3117 2587 4753 2205 6292 4998
5004 1730 8350 1150 6708 4089 7646 5243 6196 6153 6443 6380 8159 8061 2973 7072 2613 8604 4305 8904 4975 2568 3555 7537 3370 2783 4269 2078 6296 4631
4537 1419 8290 1758 6228 4136 7615 4833 6141 4851 6677 6439 8359 7903 2983 7333 2605 8134 3899 8739 4514 2260 3488 8002 3203 2703 4466 1601 6383 4849
4769 1489 8242 5580 6686 4520 7810 5161 6396 4823 7020 5940 7819 7708 3108 7303 2809 8313 3934 8369 5202 4876 3261 7491 3099 2563 4605 2065 6776 4761
4929 1783 7975 6174 6415 3953 7267 4904 6466 4372 6580 6263 8407 8258 3084 7448 2613 8296 4059 8476 4389 5247 3329 7866 3115 2558 4365 1979 6798 5026
4473 1702 8432 5858 6169 4443 7490 5470 6075 4251 6391 6023 8270 8176 2694 7652 2652 8279 3884 8835 4262 5013 3386 7416 2967 2733 4376 1847 6789 4544
5153 1316 8235 6134 6628 2707 7814 5485 5885 4476 6896 6225 8121 7707 2592 6952 2501 8165 3698 8834 4257 4908 3508 7627 3158 2623 4764 1817 6935 4600
4695 1375 8269 6063 6499 2761 7842 5204 6462 4818 6869 6257 8287 7649 3012 7462 2572 8174 4278 8671 4366 4984 3515 7457 2923 5394 4422 1663 6711 4455
4500 1272 7968 6147 6032 3139 7816 5079 6299 4871 6541 5992 8325 7689 3139 7018 2713 8789 3789 8660 4174 5035 3269 7559 3278 5655 4418 2240 6946 4507
5011 1229 8414 6220 6540 3374 7717 4897 5988 4497 6951 5856 7747 7681 2701 7303 2806 8818 4315 8492 3927 5275 3387 7785 3515 5640 4725 3608 6347 5075
5061 1642 7956 5837 6397 2778 7530 5261 6117 4860 6660 6127 7954 7756 2924 7282 2449 8717 4094 8495 4132 4939 3855 7784 3145 5454 4297 3470 6627 4865
5737 1556 8213 5594 6674 3281 7683 4884 6108 4434 6885 6082 8078 8073 3175 7091 2775 8277 3764 8538 3857 4741 3156 7353 3386 5056 4275 3418 6328 5010
5961 1674 8079 5889 6479 3301 5874 4828 6146 4772 6832 5877 8376 7745 2727 7016 2539 8335 4071 8720 4005 5286 3210 7588 8051 5582 5987 3675 6853 4583
6334 1381 8149 5849 6237 2873 5731 5222 6283 4439 6953 6134 7826 8168 3008 7346 2629 8777 3837 8835 4173 4743 3520 7825 8376 5235 5788 3573 6827 4883
0 18 4 1 70554 0.9065160461798726
2 8 18 1 53256 0.9093286917680297
15 12 27 21 62458 1.0071563733336109
20 6 15 25 53300 1.0248380919780649
2 29 29 15 94607 1.07432161351703
0 26 14 8 56408 0.9981157454320246
3 28 3 14 38575 0.9079529202535555
1 17 23 10 83256 1.0485813061383904
28 24 23 6 67099 1.085155207634857
13 12 19 7 42547 0.905436337119871
17 24 2 5 65371 1.0182229887690155
8 4 5 24 58025 1.06423589545759
0 26 20 28 48531 1.0155264845741565
4 11 19 10 62993 0.9410882391921888
15 28 25 23 36183 0.9547997254351417
18 1 27 26 75304 1.0344537057531207
2 20 1 29 47983 0.9268479135385795
21 8 13 2 39769 1.0773715775836066
16 9 18 25 44108 1.0967139260380196
24 8 15 28 60906 1.072384524380014
1 23 25 19 86472 0.9922293056144412
15 23 2 8 70041 1.076418858562007
27 23 18 1 72778 1.002245433488199
13 5 3 28 62866 1.0667339733931587
2 15 27 17 70615 0.9845378571364893
8 26 17 4 62455 0.9129422459709977
22 29 29 6 74608 1.0067502331298823
29 11 15 1 49637 0.9584394826045602
12 4 3 0 29476 1.0132701269294269
22 14 27 8 26951 0.9853093186796291
25 2 10 27 63310 0.91840981220927
28 26 6 1 85533 1.004513524922747
12 18 3 25 34271 1.008104004885009
26 26 5 13 68867 1.0224586464478995
17 20 13 8 33351 0.9638969412844719
27 12 17 7 53963 1.071393832272113
0 4 21 12 67816 1.074646712072058
9 16 23 0 50623 0.9864824505886693
3 7 22 2 56242 1.025184042961989
1 25 8 28 27679 0.9886966524753384
2 26 8 8 58790 1.0036415203865399
12 3 28 14 53133 0.9624807108360529
0 6 4 21 56704 1.0883327838441792
14 9 27 28 57921 0.924983868601287
10 2 16 9 30054 1.0630554144606643
11 5 4 13 39147 1.0229179846119845
12 21 24 0 49859 1.0436991536567684
20 5 26 27 56927 0.9735483586475115
19 28 24 20 29918 1.0567548417331596
24 10 1 2 62588 1.0815197127591845
5 29 4 12 42007 1.0063163706542506
26 7 10 12 61055 0.9989572337967487
7 19 29 5 76895 0.9127114604841514
6 19 16 11 39461 1.0806072223509882
21 4 25 26 65567 1.0402005898515903
12 20 19 2 44800 0.9069080228986961
9 2 15 23 40518 0.9519402918567054
15 24 27 22 42948 1.0071468008968534
24 23 18 29 31062 1.0957664345205274
4 18 17 17 44183 1.0762733400115678
9 27 18 28 19983 1.051902030619433
21 18 0 14 51348 1.0234613208619838
3 14 11 12 19643 0.9552946821649901
27 9 6 15 65585 1.0912520874804914
27 19 14 23 57366 1.0839411935948517
14 5 6 10 35170 1.077836393561812
5 8 19 9 55231 1.0559142828259938
2 12 18 14 45348 1.0442064005144838
26 20 16 25 41932 0.9945800946909009
21 3 28 8 39522 1.0072593609955565
17 20 26 25 42990 0.9301453074574814
3 11 4 27 45324 0.9885235000373291
25 22 7 28 51100 0.9379934954212062
17 19 25 24 35581 0.9912573099459456
7 24 24 16 61130 0.9534316386472756
1 21 12 20 26695 0.9684761965248473
18 26 28 12 56802 0.9174111200812568
25 29 29 15 60190 1.0536122194679087
13 2 29 25 86609 1.0570660784461379
13 4 10 17 41181 1.0572638224031297
19 2 4 0 45674 1.0725204863051367
9 24 15 15 34909 1.0894246123882245
7 6 7 20 41163 1.08256275214596
25 22 1 8 100766 1.0065446652167584
23 23 10 27 32606 0.9437472211006626
1 7 18 16 72477 1.0331865093588526
22 21 1 19 64139 0.9833338179342785
2 29 25 29 64960 0.9934583194724409
28 21 7 25 68272 0.9773404350096009
1 22 15 24 44929 1.0593475412584046
5 16 1 1 56691 0.9506344721021218
22 23 10 15 54029 0.90910830914733
17 27 25 21 32167 1.0066698314716354
15 13 24 0 36839 1.0453273318013852
18 10 14 25 38373 0.9335641261878131
22 8 16 15 41568 0.9979373500910274
25 11 5 10 72642 1.0421796255085785
4 29 10 20 38099 1.0199175664994458
4 6 27 27 91060 0.9288652846346594
7 8 22 29 75004 0.904286090684024
17 8 29 6 58593 1.0203058507116487
21 15 11 26 43127 1.0468506705517
28 23 17 17 50412 1.0011652464739602
9 13 20 20 45104 1.0410271640623985
28 12 21 2 45090 1.0118540527532005
23 11 2 3 65766 1.057218847319329
26 21 13 17 59797 1.0389818253690892
2 13 18 6 56111 1.0108211703974674
21 10 28 5 41877 0.9465835732214629
22 24 5 14 55242 0.9615060245954994
28 22 15 24 46158 0.9274212833239426
12 4 16 18 32106 1.0754217110324573
17 14 15 1 28261 1.0241422371462732
27 13 7 21 66115 1.0693169402031524
24 25 5 11 70590 1.0594348892740504
17 19 11 23 25724 0.9407298599209053
25 20 3 23 74903 0.9853755391007367
4 7 21 18 71242 0.9962950665999347
9 8 17 5 30515 0.9762084994985853
17 0 18 19 50666 0.979444437521306
11 23 15 0 47390 1.0082707011489305
18 29 18 0 60010 0.9669779688316289
28 14 18 6 50759 0.972829041654064
14 4 16 24 33090 1.0454811687703838
7 28 6 19 19039 0.9797648080243309
8 24 5 16 23204 1.0151640788339593
16 25 14 10 25594 0.9962650287228451
6 20 28 16 65222 0.9585170003726807
5 17 26 0 62299 0.907677215486033
18 1 29 15 51857 1.0889126696452944
18 14 13 6 30669 0.9641760646179032
25 13 29 3 43178 1.058925773791698
4 6 3 28 67910 0.926150654322411
2 25 17 13 54714 1.0106433671702917
28 16 5 20 69152 1.045942595268106
14 7 8 13 24043 0.9290851582581966
0 7 25 29 99299 0.9682809450927617
19 10 14 26 47156 1.0887743840661404
5 14 22 2 49748 0.999209045682111
0 14 4 1 53680 1.022534026225165
19 8 18 27 49503 1.0522972491632268
14 11 5 10 33065 0.9874798346944105
19 9 6 5 45087 0.9334194042914762
25 16 2 23 75703 0.9216830202036054
4 15 18 12 43819 0.9753353845552384
4 25 23 6 84933 1.080064793443502
12 3 3 18 50218 1.0859368366745197
24 15 12 10 45049 1.0915658817510088
12 17 21 13 34703 0.9304670716076107
10 19 2 26 36249 1.0410354791147238
9 14 20 29 50366 0.9334707095488302
7 10 22 0 55698 0.9310632248324855
1 21 6 27 20694 0.966482547779054
26 2 3 2 40992 1.0805450610057727
4 25 29 28 67577 1.055286773023985
10 17 18 7 54477 0.9493643452447441
8 9 17 18 47287 1.0624228280692625
25 8 27 19 44406 1.050012591976231
22 24 3 28 50150 0.9084657205326165
9 16 0 14 20040 0.9007360915427204
12 4 24 26 60227 1.0482394059312818
16 0 11 19 37373 1.0116841210365854
0 14 28 27 76633 0.9515757374152429
12 0 1 23 72374 0.9109827452554917
17 1 11 25 45153 1.0603174394126582
26 13 16 3 52418 1.0262664856827441
3 2 18 26 60903 1.0183839041960614
29 18 19 8 54323 1.0208409995778327
19 9 9 9 49632 0.93847256161443
18 28 15 13 32087 1.098998969278977
28 19 6 3 76267 0.997911658688757
7 26 16 9 53716 1.0417973160500158
25 9 21 22 39435 1.0313476285454977
9 27 17 25 19660 0.9245020266513829
6 27 24 29 41814 1.0286231825120895
17 8 11 25 49323 0.9036928369171167
5 18 10 9 35893 1.0161113210132406
19 20 4 3 54992 1.0810728957600548
25 25 20 5 56565 0.9999605884472609
17 2 12 23 48138 0.9844609022529207
6 23 2 15 26385 0.9696629656176061
12 4 24 7 38620 0.9266267884019938
8 17 18 5 52930 1.0163928132874784
12 9 15 24 31712 0.9331526092355272
26 14 28 27 50768 1.0125784629065766
14 26 6 19 28532 0.9830964837414946
20 15 18 2 38832 1.089816981409468
29 17 1 6 104575 0.9575253322707744
4 16 3 26 35840 1.0128836683677325
19 15 4 24 59200 1.07279196871617
29 21 22 24 32590 1.0523638176385326
27 8 14 17 53697 1.001199405083573
10 16 26 16 47624 1.0260225622198902
12 2 28 11 50102 1.0633816784266248
17 16 15 4 30882 0.9285336709614238
20 20 8 5 61647 1.0809328914041687
3 15 24 14 55560 1.0213767198495822
13 26 16 13 32477 0.9240420737226271
4 23 13 8 50469 1.0240027574352817
4 19 21 28 49049 0.9728836066026797
15 10 26 15 55138 1.076850500066488
10 13 22 1 39078 1.067925682335742
11 1 13 9 21737 1.0264650526299006
14 24 15 11 23763 1.073051663688997
5 17 18 7 57425 0.9236796562078924
23 24 26 7 50793 1.0236068479253333
0 15 25 20 74260 0.9473930062465734
14 20 7 13 26217 1.0377529553810085
7 10 20 5 57024 0.9934348313066452
8 16 10 27 33316 0.9155860610860188
5 26 11 4 58257 1.0378694765887788
5 6 0 20 53701 1.0551115760041094
19 20 29 4 66629 1.0786210759733714
8 23 26 26 59599 0.9795866436419308
16 14 7 28 41731 0.9364398241220758
26 15 22 9 35680 0.9655607143580429
9 10 8 0 31356 0.903662799623718
8 24 24 16 57798 1.0578366549003182
29 8 16 0 44784 1.0593642908456367
11 7 21 13 48866 0.9535319233846886
6 17 19 25 43398 0.9595927897182983
20 19 2 3 65433 1.0578031978728628
18 3 2 9 54061 1.066301458542188
27 6 24 24 52825 1.0242078904871081
2 11 27 25 94440 0.9039163948857845
7 21 14 11 30138 0.9817471835991497
21 20 22 10 25527 0.9551413845585102
6 1 8 14 40786 1.0178025857372532
26 20 24 5 46693 0.9351776568593859
6 18 17 11 44205 0.9284368083898054
1 19 20 9 66153 0.9503074505267135
2 24 9 7 52951 1.0281142733633373
14 8 10 20 31062 1.0041092984523612
0 5 5 14 44587 0.9862792267634781
4 4 23 23 75532 1.0523357847018504
21 12 3 19 62116 0.9824613350117124
16 20 14 8 25499 0.9195817935338084
28 21 0 15 87855 1.0989968934723608
16 23 5 12 45748 1.08723883754116
16 1 9 6 19756 1.0698930631506147
4 16 3 7 45487 0.9598035569806893
26 25 2 21 69902 0.9791190295407348
17 8 23 1 36096 0.9568519709175478
24 26 8 8 74456 0.9267011595856242
27 19 8 22 74375 0.9817309782428552
9 12 3 29 50712 1.0548380240292867
10 18 19 29 43293 1.0514243764610574
14 17 1 11 43753 0.9804979137881513
3 17 26 3 75075 0.9876258107243616
6 0 12 12 35422 1.0003864360522003
19 7 13 20 49812 0.9722184102451052
16 5 12 28 47452 1.0567739412309443
29 5 0 14 76324 1.03719195239579
1 8 3 24 64776 0.9300014276879461
28 5 7 5 53735 0.9951106800817313
18 19 28 6 58932 1.0330618476896871
23 8 13 1 37777 1.041994559348657
17 12 13 29 44594 1.076050596664301
6 14 22 1 45127 1.08905576045438
21 8 0 7 69657 0.9071669840615908
9 15 9 2 35565 0.9317019870978045
23 15 24 6 25840 1.076556148869829
20 5 9 5 31391 0.9641702814046617
18 22 14 3 36701 0.972481068940771
8 9 1 17 52926 1.0289057789676885
7 13 23 11 53469 1.0426245409696826
7 20 9 7 38487 0.948472009456969
16 24 12 10 32871 1.0653386480929454
8 21 21 5 63067 0.9577284537082961
11 2 16 10 28770 0.9763658397228282
23 10 6 3 56402 0.933376420311003
20 11 22 24 29220 0.9179074269866082
4 22 22 17 61480 0.9943066803918041
18 11 17 25 34384 0.9024570337375052
19 20 3 27 46776 0.9491506471396567
21 14 3 29 70506 0.9465460744745469
9 22 10 3 44328 1.0860575842683462
17 20 18 8 32842 1.0120549880184273
22 20 14 17 32080 0.9853581513446538
11 8 20 20 53926 1.0135637317128205
22 24 4 4 72427 0.92199753360067
7 7 28 21 96969 0.9109811163319367
2 17 22 19 71953 0.9542112316809223
21 22 7 3 55884 1.0863098066635997
12 18 9 25 27432 1.0226114778131292
5 21 13 10 35928 0.9412448764319131
1 17 20 9 74304 1.091762337524731
7 25 17 0 61695 1.0823231416451342
16 1 9 21 42438 0.9302822302836999
4 19 12 25 31451 1.0780577197056544
21 27 15 4 50143 0.9828486656648985
19 16 22 25 23241 1.0551976315399685
1 23 23 8 95937 1.0557220479713774
12 7 19 22 44110 0.9543115711954034
21 29 16 7 58437 0.9071488611909634
26 3 24 21 50597 1.0258305008278474
14 15 26 14 37123 0.9021373877217908
0 11 18 23 62494 0.9448228804133355
1 1 1 13 57343 1.0676337049506126
9 19 19 13 42897 1.0406177535326728
19 13 27 20 46124 0.986003499445489
13 1 2 2 22647 1.033323899386792
8 5 20 23 65884 0.9718632483508486
7 0 29 4 55742 1.0090271518059888
17 27 25 6 64849 1.0991011641191621
26 20 23 28 29275 0.9560578159302573
22 20 17 27 23300 1.0747732153032334
4 9 16 21 53493 0.9082851584491852
24 27 15 13 40815 0.9673478940571383
4 25 26 7 83865 1.092589850618853
5 21 19 21 35486 0.9308630211815143
4 12 5 0 47617 0.9096302605636276
23 27 25 6 57973 1.0657557127965989
29 1 7 5 45360 1.0707016725012162
21 29 12 18 35267 1.0111157658404066
12 7 29 7 55243 0.9304057592238056
4 12 29 16 73191 1.0062438701516638
16 15 16 2 33148 0.9639521116717817
14 14 0 22 43184 1.076176895385095
11 23 28 3 70690 0.9282153420023712
28 18 11 26 65081 1.0077283908098909
18 23 21 2 61152 0.901590136730494
2 13 7 26 35237 0.9564144480138552
7 3 26 1 30097 0.991330398416107
22 3 18 9 31883 0.9692016155507385
8 13 5 5 32363 0.9383859368714265
1 19 8 2 62486 0.9684090800511614
29 24 3 29 87191 0.9765171154468888
27 20 11 12 65261 0.9930592908053284
6 4 14 16 30936 1.0257005730950743
22 0 12 1 18865 1.0911651382570307
7 9 27 27 79968 0.9991025778241167
18 4 0 16 56507 1.0484958137228304
13 9 1 16 47022 0.9681603672243757
18 17 10 29 46921 0.9292567089283494
5 20 26 10 80616 0.9840763952948977
16 23 5 8 58010 1.0856612944649102
7 26 9 16 32431 1.0603172038915878
21 18 10 7 58489 1.0316979519633385
10 13 21 22 43919 0.9224786862267085
18 8 0 12 63025 1.059226785206452
28 3 21 15 46322 1.0764730245289174
11 8 22 12 52211 1.0284730071075534
16 10 29 7 66138 0.9231558890685833
22 3 4 28 79198 0.9654984367062243
19 17 27 14 34883 0.9919478945157778
25 4 8 6 52610 1.0642707967539493
2 21 24 16 61837 1.098408495747119
27 13 21 27 41512 1.0675795058914335
17 3 14 14 18209 1.0738028639129138
13 13 17 2 26975 0.9448958178980187
7 13 2 6 47900 1.088103648097685
3 5 10 2 27405 1.0852759460518426
6 2 13 5 19344 1.022197311397549
28 16 3 10 83591 0.9283191634722056
20 21 1 4 70503 0.932616770117682
4 28 16 17 53702 1.003507884814625
7 12 29 21 84692 0.9343186645713784
27 26 26 1 76844 0.9592178201746645
17 5 4 0 40142 0.9309462713294289
18 27 8 17 46163 0.9456668709515951
10 4 24 24 68682 0.9107776874866211
15 5 24 28 59790 1.055682949313494
15 15 29 18 49433 1.0360362183213119
13 26 26 26 36349 1.0902662809940264
17 11 0 8 69823 1.0159141171645631
26 27 7 16 63501 0.9710474728202134
1 7 21 27 89133 0.9866199417769961
7 16 20 7 54883 1.0583220387529286
25 23 11 29 46841 1.0306340055294148
26 12 11 29 75539 0.9868238782193511
10 27 2 23 30518 0.9743863557865188
27 6 4 28 89878 1.0255084321931769
26 28 11 1 73108 1.081014674679924
13 26 22 2 53904 0.911472324867491
14 21 5 12 33028 0.9108779035298282
7 4 19 17 55644 1.0291312335206413
29 21 13 19 60902 0.9497088972658443
29 19 20 27 50240 1.0370809788274442
19 5 8 11 49793 1.0975239475993996
27 29 23 22 31065 1.086965451133356
18 4 7 22 52984 0.9146665661387425
12 27 21 2 58388 1.0784387004279015
20 14 17 22 26067 0.9193281932320846
19 25 2 0 72297 1.0557883899130078
1 4 22 11 70916 1.0874802716559129
18 10 8 19 46670 0.9713696853251994
13 28 9 18 35793 0.9902576703993875
27 5 6 20 69536 0.9981302204075878
2 2 22 1 34873 0.9426462540317443
2 24 13 5 59770 1.0705258251351875
27 29 28 11 67435 0.9765151624307511
3 13 15 28 49258 0.9569830653005011
1 23 12 26 44421 1.031240222330629
14 18 16 2 24320 1.08737475020109
18 28 5 15 48422 0.950215133081208
4 18 2 2 55084 1.084395102205912
21 24 3 17 65984 1.076696831839724
28 13 1 6 93358 0.9846865161216956
12 22 24 6 66207 0.9551922550284073
28 28 6 22 60695 0.9428858198120149
21 12 7 16 52345 1.0718225544211084
12 9 1 8 56142 1.0530137503921955
23 17 1 19 66185 1.050138595997221
5 24 20 5 68842 0.9990344864324573
5 24 10 11 38248 0.9802002739728187
27 21 7 15 74202 0.9708460426565164
14 1 21 15 39950 1.014162625251768
18 7 26 10 42306 1.0521954198244534
3 25 25 25 57365 1.0543590295604577
18 5 4 19 54627 0.9098903829904719
5 8 18 29 67020 0.9058435344052993
16 15 2 15 41768 0.9443492161048774
17 9 6 2 38987 0.9530501438723332
19 28 17 11 51773 1.005739983252804
28 12 20 8 42959 0.9007115050623058
11 1 20 27 51440 1.0283514810271124
26 16 3 8 82583 1.0469658344927917
23 26 8 12 59937 1.0463322170011538
10 17 29 26 74327 0.9934906912317626
25 9 6 12 65550 0.9180502924857814
22 10 19 25 39227 1.0905980743407016
24 27 0 26 49605 1.0121494854143056
27 29 17 5 79705 0.9315777697218914
17 24 10 6 57330 1.0592110815405023
17 12 8 22 48210 1.092867999203851
29 23 15 16 60990 1.0594632686123386
25 10 19 3 41312 0.9642336134636349
23 25 2 22 60199 0.9906540228659031
2 24 8 20 28989 0.9471940121310076
1 4 11 10 45317 0.9417166232799883
15 29 29 13 71543 1.0342409141413886
28 2 20 5 25473 1.0207020539069511
13 12 27 25 65765 0.9318243433132947
11 24 25 14 55312 1.0953034954093057
8 24 15 5 48811 0.9682958399277123
28 14 19 0 45523 1.0430455713447704
17 26 16 5 45297 1.0959817188372996
11 12 26 12 61329 0.9689236908597061
0 15 4 27 37941 0.9380726699951756
5 6 25 23 85497 1.0129024272183096
27 8 11 28 74388 0.9127600509676175
17 14 8 15 28946 1.0336659287959675
29 27 3 6 101873 1.0608068891170481
21 1 1 10 68881 0.9634700304398063
25 5 16 7 41059 0.9679885216718672
24 17 12 11 43670 1.0487814676044103
19 8 23 1 26252 0.9848125532922541
17 1 23 24 58724 0.9264794050594055
8 14 10 0 40663 0.9087605014155469
27 0 15 22 54008 0.9654142679325282
1 27 15 17 45255 0.9439690735838171
12 0 23 23 63560 0.9328491415342858
1 22 5 11 39670 0.9306275018247395
0 25 12 28 35649 1.0188854226913737
2 25 13 15 46858 0.9359141344530115
10 21 20 6 55074 1.0033778583570794
29 24 7 20 80105 1.089257435633511
1 18 14 19 42457 1.0952781347266667
2 19 4 29 37460 1.0021996283014782
0 25 15 13 51962 1.0505361056828806
28 10 19 9 44810 0.9037359033756266
16 28 3 4 64861 1.0500565337138328
20 17 0 4 64657 1.086008950504352
22 11 16 25 44092 0.9644413925005831
5 22 23 11 66524 0.900965533493213
17 9 19 24 49204 0.9193523251215227
17 5 1 27 66870 1.0318638898727008
15 18 23 28 35689 0.9226640438464325
1 1 14 22 54739 1.072446853236872
5 24 1 17 39722 0.9005289244955194
22 22 9 26 43178 1.0206659290626943
10 6 20 22 63104 0.9415870693822143
11 0 18 13 40373 0.9482202416243106
27 8 17 17 45412 1.090495434242653
27 16 2 9 88268 1.051767590041667
22 16 16 0 45229 1.0198329439099343
12 11 23 13 40027 0.9315460375561951
10 14 18 27 34781 1.0039680149509298
25 17 9 4 60447 1.0736235598450274
22 9 3 18 71929 0.9741315385508184
6 2 13 14 31032 0.9204165764060834
8 26 18 9 62821 0.96648592974043
10 17 8 7 40656 0.9037822241821599
19 21 13 14 27372 1.0975080713327647
2 13 13 21 36721 1.0586792245735897
19 6 7 22 66994 0.9211154524166508
3 1 3 23 73017 0.9040797483177473
16 17 9 9 42964 1.071357225253503
24 10 10 2 50040 1.0316086078428666
21 29 6 28 33926 0.9520979783879967
13 24 22 17 39593 1.0197780285402733
23 4 16 28 70485 1.0013325060665146
2 4 24 20 77531 1.0513389819171697
24 20 12 19 46436 1.002860053421702
2 26 28 27 61887 0.9692652417015586
27 6 17 2 32842 1.080688205837176
25 16 15 5 48951 1.0259352035337421
1 22 29 29 89550 1.0114762529811199
2 5 10 21 60835 1.0131278086883782
0 24 1 6 81100 0.9220125078412479
29 12 11 27 76623 0.990646817077531
13 16 10 1 30085 0.9020939704835891
11 0 11 19 40089 1.0290692101583463
6 22 14 17 26607 1.008962957626475
9 11 28 14 60487 0.9170456270813065
4 10 7 26 44010 1.095483249896688
22 6 27 15 40229 0.9680935366379335
4 29 18 6 76451 0.9807701055057878
7 18 13 23 34112 0.942775057036367
3 10 0 20 53479 1.0587821611381043
6 10 14 21 33557 0.9076079871413137
26 15 6 13 60831 1.0596680221738048
13 22 5 11 42346 0.9766490948112252
20 23 6 25 45705 0.9838817787647536
8 11 17 14 34205 0.9720594707847496
25 2 6 6 43647 0.9322922466304226
23 18 8 14 44819 0.9547437670167358
0 19 18 24 54563 0.9776931840773131
28 20 1 26 83802 0.9986341182535411
22 15 29 23 46297 0.9011819394577647
13 29 14 17 21821 0.9775769091085238
10 14 25 11 52553 0.9594592954762067
21 5 9 19 59139 0.9019664947866245
11 25 28 25 51741 1.0723187259235707
24 11 12 15 45266 1.0176366190331576
23 15 17 25 32910 0.9936489763056113
10 28 3 12 50574 1.0505553467574227
29 2 4 10 71245 1.0357858254308232
4 3 1 17 63294 0.9226379748542421
2 29 7 17 40808 1.077189008173752
11 11 27 26 68360 1.0077289007236097
12 29 5 8 62079 1.065639199430646
18 11 20 3 28376 0.9562398198741057
5 4 16 11 37681 1.055218599181061
4 3 14 22 39169 0.9758019108134492
26 8 15 23 65095 1.0854518612562662
28 19 19 1 57479 0.928429534913228
13 16 26 23 58334 1.054151181048827
15 27 10 13 31178 0.9244245012253473
17 8 10 26 57619 0.9225591489964889
2 11 14 17 42890 1.0453229878935362
22 27 18 6 54076 1.0140454268421741
2 21 29 25 79650 1.0956655489316374
21 27 9 18 41331 1.0000823235027467
4 14 29 23 85420 1.043638308501024
0 29 26 18 81563 0.9289306113706893
10 22 28 27 56458 1.0825424898373832
19 7 25 27 53471 0.9133227698332922
2 22 11 26 36767 0.9387714188652607
24 17 29 4 46844 0.9844613023314888
0 0 6 17 56821 1.0611364808160664
29 18 13 1 66856 1.077897973498255
1 10 19 14 62882 0.9858845475325388
11 21 14 2 32934 1.048522392102872
20 26 28 24 34741 0.9758252384130208
13 29 27 18 59423 0.918149186954708
24 27 8 25 38854 1.0701879313899072
5 29 21 4 80101 1.0044533914094003
29 9 11 27 77798 1.0789082095412827
3 28 10 3 66362 0.9198714133745974
11 2 25 7 42117 1.0110245366484618
22 5 24 20 44534 1.0480132009164975
10 5 24 6 46247 0.9721317775125211
19 9 3 6 60689 1.0158351730010613
10 17 2 22 37708 1.089671165956182
1 6 17 16 66237 0.9840970957570001
9 29 23 28 42211 0.9976803244306122
29 27 28 3 78531 0.917547654586326
24 28 19 18 36099 1.0080383338414662
1 4 13 15 49951 1.0328499316275377
20 21 11 7 55186 1.0596976164628973
16 20 22 3 54022 1.0350261102052283
25 12 3 15 66277 0.9610795495075636
16 9 6 25 50985 0.9891920311272605
24 15 21 26 27330 1.0841592283398997
0 23 25 21 80881 0.9916721195415136
17 28 12 2 44926 1.0071122564942057
29 24 10 16 81464 1.0937414967439223
7 20 11 14 21943 1.000292151215539
9 5 10 29 61889 1.0618193076974918
12 23 21 8 59515 0.9379759633180551
26 19 20 12 39232 1.0544056305390432
20 20 14 7 40558 1.0718870165470282
23 12 12 25 51179 1.0082636610725886
12 2 0 27 63390 1.0095048012061207
27 27 11 26 38987 1.0510902342176818
24 17 15 8 46697 0.9759728919466248
12 26 23 25 30454 0.9575436831021967
14 7 22 4 30839 0.9960143537717092
4 19 0 9 43301 0.9793795912221575
25 4 5 10 64428 0.9860845479588539
27 14 9 22 62705 1.0084961026073171
4 12 29 10 89490 1.0595153855306763
14 21 18 2 32819 1.026425292073462
2 3 28 21 89247 0.9067102223687196
25 1 6 12 52138 1.0083240250628298
23 17 10 12 47294 0.9236950040855246
28 20 3 4 89873 0.9575625494095849
17 6 7 8 47736 1.030129129661767
14 13 21 4 37818 0.9702177407286264
10 27 22 24 28770 1.0028810561689951
18 8 24 29 60231 0.9205966110419077
20 9 27 1 27407 0.9778263996787102
15 9 3 18 46155 0.9790621447503209
4 9 8 0 42872 0.9393710196264593
1 6 25 13 90661 0.9719718206986189
18 28 0 1 69504 1.079960560100367
14 23 14 12 14894 1.0409382308679906
20 19 29 14 39914 1.0371706421199653
9 2 24 21 66568 1.0538175379837451
16 14 7 17 32057 1.0370385569919098
25 14 4 16 59279 0.9526844204370624
28 25 18 23 41150 1.034105606807133
13 0 20 6 25832 0.9144960638001629
13 6 17 15 29969 0.9763350218299607
2 27 24 26 46390 0.946991190802349
3 9 19 11 71568 1.0001734224888987
26 11 22 2 33022 0.9343433435936722
25 13 13 17 47989 1.071351940856265
14 9 0 27 51330 0.9714066813582377
1 29 18 24 55340 1.0005307177836888
15 17 11 1 32412 1.0032757985051644
14 28 28 4 68953 1.0173673015925524
8 8 27 13 70430 1.0222246427963637
19 3 5 2 25999 1.08029274768861
21 22 12 1 52768 0.9753996911972831
9 2 23 4 33822 0.9789935019758527
7 21 2 1 59276 1.034573636627042
27 11 15 15 44781 1.0990206583196374
8 19 24 24 53748 1.0398941474090633
13 16 5 21 29249 0.9715664196549145
12 3 0 18 58552 1.0108228872619764
19 7 3 20 74281 0.9034490700576348
13 0 18 8 28869 1.0082485851187062
0 23 4 12 45854 1.0653382086485728
10 23 23 25 43733 1.0628175383320988
22 2 28 17 49088 0.9389369752211186
8 6 21 24 70992 0.953588042139465
0 17 28 21 96223 0.9525581150060999
4 9 4 22 43933 1.062862598945252
20 16 17 29 33498 0.9036737046325438
3 28 0 2 77542 1.006896713654271
4 27 6 9 35485 1.0105838477716413
3 20 19 13 60090 0.9931219383893393
28 12 7 28 80202 1.0823260486772
20 29 11 10 58476 0.9218947169737539
8 28 14 14 36487 0.9201008047886017
21 1 5 14 45233 0.9233704597940443
21 28 1 0 81696 1.0283279275020394
29 11 19 25 59307 0.9138132813287506
5 12 0 5 42515 1.0063106343568309
26 13 11 6 67654 0.992670253207824
28 17 26 3 37428 0.9961851303608245
3 20 15 7 53346 1.0041179265164526
3 0 25 4 60647 1.018542644413496
13 8 4 23 50469 1.0150584115104544
27 18 4 28 76391 1.0089133786462487
4 13 23 14 49598 1.0050404773858457
4 0 10 27 68844 1.0469028834755316
18 23 3 25 45037 1.0959869458356175
13 26 3 14 41004 1.099593856517586
17 27 7 12 45651 1.0642860602933113
29 27 17 10 72223 0.904632816190597
23 24 5 22 50857 1.0981484770724388
27 0 8 27 68035 0.902027332556871
4 9 10 5 39162 1.0466669327701061
18 8 11 14 37288 0.9935753437598944
5 10 8 19 27318 1.0767148993341493
1 25 27 24 67966 0.9121911615385212
4 28 13 5 58613 1.0162032012842566
1 6 15 22 69636 0.9492585480894451
12 25 24 7 66874 0.9381336412028058
23 28 1 13 66901 0.9364227083421792
10 27 21 23 27034 1.072215446983175
19 0 19 23 65804 1.0140071816366478
24 9 6 28 73132 1.0950944842680919
19 25 11 11 44853 0.9714334082216934
19 8 0 16 69704 1.064944636750252
26 19 11 6 79527 0.9573807541840562
19 19 27 26 49386 0.9452683381282977
23 22 15 14 38385 0.9936348409806198
6 20 5 0 53879 0.9639326887003942
29 17 3 13 76188 0.9696184389372398
18 24 22 8 48615 1.0342321569740438
7 25 29 25 66265 1.0711897414083171
1 14 13 1 42263 1.0187435669359752
10 26 20 11 55916 1.0050448785896993
24 22 17 27 24356 1.0599073941153083
11 13 25 4 52287 0.9363879483195179
10 24 17 19 29028 1.0114733570298977
7 24 18 0 63082 1.0757800854402397
12 1 15 12 26061 1.0721398833591609
17 11 18 24 41246 1.0228633525267965
29 24 10 2 94710 1.0443512126244028
9 6 21 25 61829 0.9462389400620728
3 22 16 24 42234 1.034684322286887
24 5 0 20 85992 0.9049275224966442
4 23 25 11 82133 1.048143653743616
21 17 14 29 32951 1.0811043457274738
25 17 26 27 40022 0.9148863420895371
28 22 10 12 73529 1.002458047485029
26 27 10 28 39914 1.0351400082276228
29 29 18 28 40968 0.9993133766810192
27 8 22 17 34466 0.9752947314242741
4 26 16 18 44973 0.9230761354126765
24 7 7 19 72692 1.0399273635014301
2 13 23 16 55069 1.0725262922743353
28 21 26 5 47335 0.9874685619338233
17 25 4 7 68374 0.9663721466975824
0 14 8 8 35485 0.9791430064939592
14 12 22 2 30553 0.9622899644138484
8 23 28 2 77128 1.0290888926568984
29 6 12 13 61903 1.0267272776383198
0 22 27 8 93290 0.9806162196633812
26 19 21 8 53922 1.0435114691619185
5 21 17 8 54209 1.034034631713085
17 23 29 16 46451 1.0060794537193767
2 29 24 28 60778 0.9040752986079911
21 20 10 10 54770 0.9770089191830511
27 16 23 10 26618 0.9643088379206903
16 6 22 0 24236 1.0956566226796212
22 27 1 16 67650 0.9941164061384951
15 9 21 23 46682 1.004423428736177
29 7 28 26 67922 1.0524774307853337
28 11 7 16 72056 0.9817813857811839
7 19 21 1 54202 0.9202602506777493
2 14 26 11 71215 0.987382164586617
13 25 17 10 42309 0.944706275161002
21 16 6 17 43102 0.979023522271822
3 20 29 22 81142 1.0487155418905587
26 20 11 19 57533 0.9365496313190835
26 22 28 4 60774 1.006996200619244
13 14 0 1 44509 1.0475217648002422
20 29 1 12 77455 0.9976118839497942
24 11 22 24 35714 1.0893301465085008
15 16 6 6 41408 1.0740865980480145
4 22 23 11 71368 0.9403281773983436
14 19 12 1 26888 1.086275103415059
29 27 24 18 42570 1.0060475612936564
27 1 28 14 28306 0.9270311702301082
28 4 1 23 99655 1.0814600403235675
2 14 7 27 29092 0.9492364818941372
0 18 23 20 76059 1.0784139039227225
23 11 8 24 67342 1.0360879213577119
24 7 8 9 61508 1.068052407545839
16 26 24 17 41920 0.9172847819638479
21 8 9 20 60272 1.0263615792634055
13 1 2 17 57256 0.9609677190904529
8 18 1 28 40128 1.004260707301397
15 26 20 1 47684 0.9761158335213148
14 26 18 19 21966 0.902481352327883
8 28 26 11 81789 0.9956350211202235
23 10 14 5 48883 1.0324927788240699
3 5 19 25 69320 0.9964597325516452
22 25 23 13 29390 0.9424825186382656
2 26 14 15 44965 0.943158235189253
17 16 27 15 30917 1.0423136559394997
26 28 25 19 42686 1.0958733336771445
26 2 6 21 63306 1.081718690774985
28 5 19 21 60812 0.9756338862779973
2 5 10 17 60169 1.0347195900757626
25 4 7 6 56870 0.9419171372590126
10 4 27 5 41022 1.0845613442375934
6 25 17 10 57117 0.9177573599686584
20 24 6 12 51280 1.0873030470121376
10 23 20 11 53590 1.0273216449148006
10 28 21 7 70391 1.037522358373633
26 15 22 22 32744 1.0102982042720539
1 15 14 2 45503 1.0038953874438616
20 5 12 26 60178 1.079936527914574
12 5 23 3 29640 0.9808731023233296
27 18 5 5 79858 1.0865843009122924
12 16 23 15 34170 1.0348278759428284
6 12 0 23 35122 1.0568517378215034
12 28 20 11 52107 1.09004522793206
1 10 6 0 53504 1.0087280265003404
12 24 22 27 26093 0.9113729155317998
22 0 6 4 32303 1.0237178109728333
23 21 12 12 47494 0.9962380073398354
7 28 17 25 27518 0.9424334615474281
4 17 29 28 88247 1.0481625885342627
20 17 6 28 55358 0.9186331578716772
6 12 12 0 40535 0.9320619409676928
21 27 24 8 45209 1.017219900335579
3 9 18 25 70606 1.0861873650066096
19 26 22 19 26180 0.9504407377769526
6 10 18 29 55287 1.021712425697371
22 1 18 17 46097 1.0142942711915022
13 3 28 16 56649 0.9890390272301021
16 11 29 11 65588 0.9986257765029012
12 6 4 0 32717 0.9950051273873404
5 13 18 7 52136 0.953673073596361
25 21 17 10 55806 1.075693401626533
3 2 13 2 24431 0.9112643803757116
24 9 16 3 37744 0.9543211186043884
5 28 7 12 33361 0.981709823247801
13 0 12 20 36481 0.9270675997678891
6 28 20 22 41580 1.023600590263672
21 13 19 2 38790 0.9196148674738117
28 23 12 10 72046 1.061071607860594
24 13 1 10 79804 0.966697644402954
2 2 28 23 93475 1.0876815094794565
12 11 28 24 72113 1.0823772726221017
10 7 18 23 57557 0.9741563843348239
21 9 2 13 60749 1.0515686836008098
13 25 1 6 72008 1.0816816419339137
11 20 23 15 42351 1.0027473087603944
20 22 3 4 64002 0.9578617010123401
28 5 25 22 54304 1.0857494297276338
25 14 8 5 62633 0.9525623415326492
26 9 5 27 82764 1.0009897241995385
11 15 3 1 49291 0.9366233447224066
6 8 5 24 33547 1.0991161773746654
1 6 15 7 52598 1.0532232208434955
19 7 21 27 44143 0.958892606171396
29 3 1 22 96834 0.936905053765227
4 25 20 9 67313 1.0512602835006408
4 9 17 10 63239 0.9992857611366547
2 12 11 18 39187 1.0466816423429124
7 13 2 20 28764 0.9101053483418482
25 27 20 2 59961 1.0092831288783712
18 4 6 11 43371 1.0285110504531725
28 6 20 9 38474 0.9435607866142732
16 22 22 17 31567 1.0257265510566131
5 27 11 15 33864 0.9811473689758697
20 23 6 26 43903 0.9031244959427804
11 11 8 19 30781 1.0679909550071627
6 26 10 5 52812 1.0554525304250835
24 1 26 20 57140 0.9831871415945028
15 25 18 18 23986 0.9817731913173553
1 15 21 26 62913 1.024553097217697
14 23 29 12 67991 1.052781495055268
19 3 4 15 51017 1.0820183344062582
6 16 23 17 48609 1.0113301717957812
7 26 7 15 28438 0.945178200619154
6 13 4 2 35791 1.0393294232658068
22 28 13 4 55758 0.9418818455742808
3 9 7 20 43418 1.0050489776125764
26 24 23 9 47157 1.0582235751731774
7 20 16 27 32080 1.0096267010665383
16 25 12 1 40757 0.9262479694804053
1 15 24 26 71091 0.9896108847790561
9 20 4 4 57388 0.9500259527730253
21 17 13 19 27529 1.0896882580538183
29 18 6 12 70681 1.0541809493165069
15 25 6 10 41515 1.0969141837406764
12 10 19 29 47532 0.9944717862141519
21 9 4 21 63872 0.9904932644688575
13 8 5 19 37947 1.0852090479447138
4 0 15 14 46385 1.0004815600776857
15 7 23 18 48815 1.0493455690552729
18 19 22 0 55186 1.094728007489062
14 28 19 5 50116 1.086560815212299
6 13 0 5 47652 1.0666459559640349
3 0 3 11 53969 1.0390034277043305
3 6 1 21 62996 0.9255638134110862
18 2 12 8 21760 1.0089175492159395
22 2 2 2 38072 1.0735198096966052
10 19 28 6 69767 1.063860802714789
4 28 22 29 46458 1.039387487075988
28 12 16 11 57783 1.0679485564512454
4 20 15 4 53086 1.012486929240685
1 14 12 29 50278 0.9028348482616266
10 29 14 14 36077 0.9209033199150688
27 7 18 8 43359 1.0160906615056369
24 17 3 12 64512 1.0597778805293605
5 28 2 18 33608 0.945187341598727
9 19 22 10 55668 1.0785321730175799
28 4 1 6 74713 1.0686310916137147
7 18 24 27 52747 0.9759485286833514
1 16 5 27 38484 1.0759617702355506
16 10 6 28 52950 0.9941624307621868
19 23 0 1 73677 1.0913181787018076
10 27 23 18 43302 0.9058828122809948
5 28 7 8 45024 1.0786532345960638
4 29 2 3 72082 0.9783980735665495
1 4 16 26 66749 0.9535247478202917
17 12 10 6 53064 0.9874771619860279
6 21 29 12 82770 1.0784787401861395
15 25 3 23 41479 0.9053098108005164
22 14 4 9 62764 1.0954094216313777
5 2 25 11 62936 0.9431617415834567
7 22 29 10 89037 1.0752860798763169
6 10 11 15 19884 0.9398901485614238
8 27 5 8 44721 0.9159735860197181
16 27 11 2 43122 1.0540869510402358
13 9 3 12 41565 1.0502552559600014
2 18 23 28 63817 1.0102654344616597
14 29 10 5 49398 1.0950910431569447
0 2 20 10 53798 1.0579304181386664
11 6 4 2 23100 0.9721052041754163
24 28 15 4 62992 1.0820920728076941
27 24 16 21 40420 0.9740788954552265
1 29 16 5 77983 0.9784951334999967
5 28 13 23 30580 0.9700096570715875
28 8 29 27 69312 0.9218170456985291
24 12 6 25 67654 1.0381933560482948
14 23 11 16 20598 0.9765144665277187
0 16 16 25 54129 1.0198589457815403
5 6 25 28 80173 0.9907769826945475
4 29 10 25 28163 0.9937405298852607
1 21 13 17 40050 1.058753320788782
1 26 26 4 92143 1.01383339063566
2 19 17 1 56242 1.0669409984753155
0 29 16 28 45527 0.9820286314902791
21 23 7 23 46296 1.0487006684390536
26 12 6 0 69345 1.0417224953836115
24 3 14 11 33240 1.04651596331642
0 2 8 15 54118 1.0390940375606705
3 11 23 26 73870 0.9885128488423167
13 2 24 3 28658 0.9066589273857699
5 20 11 1 51044 0.954252506710191
6 24 16 6 53485 1.0454005157196777
20 29 3 24 51427 1.0900005748887702
29 3 8 29 96638 0.9240612710145372
19 22 27 6 53438 1.0578516473382638
14 24 1 21 33624 0.9843888963545585
1 28 0 6 80294 1.094057700977651
6 2 10 14 36551 0.9872088533761836
21 18 6 19 48719 1.0168004473288197
22 2 9 5 29920 1.0443757741051418
2 10 1 28 66974 0.9046161572623478
27 14 24 23 32930 1.054842692119387
3 20 12 23 35955 0.9892461983661897
29 22 17 4 81345 0.901930443013593
26 21 2 2 87111 1.0582407539274516
4 8 23 12 73075 0.9130971149112442
4 3 13 25 45579 1.0877942196380155
20 5 22 24 42700 1.005959581907154
0 24 12 17 45461 0.9648321374563553
20 23 4 5 72909 0.9691180321665721
13 0 7 27 54453 1.0587213574563898
0 29 29 17 93242 0.9300548856591553
12 29 23 9 68041 0.9380955665388708
18 4 25 12 49963 1.012401442838714
13 9 22 28 50006 1.0165536447835293
16 6 27 15 57871 0.9578474234526193
16 10 0 24 68259 0.9924713785777098
6 27 14 7 42542 0.9444386322857997
24 7 10 10 63555 1.0226141740852916
0 22 9 9 46769 0.9917584270906359
2 23 15 25 44319 1.0915090704809114
8 29 12 9 52430 0.9615494999678609
12 18 28 24 61640 1.0530033343901695
1 28 11 19 44422 0.9932977865200057
27 18 5 26 71459 1.0894161211553102
13 9 21 11 43686 1.0982714301390166
17 26 2 24 40535 1.0656741180062574
14 9 18 22 28924 0.9030894528355675
22 6 29 20 63325 1.0518418846690998
0 23 18 5 73311 0.972910041936907
29 26 0 21 81111 0.9206223247406583
7 28 20 17 55987 1.0990413536149617
12 18 8 24 24787 0.9174366649225113
19 0 8 14 45357 0.9079711240417253
8 10 22 8 67344 0.9480960910991532
29 24 28 2 77446 0.9184798702057231
26 21 14 13 54378 1.042667791318087
0 24 10 17 48067 0.9710469637775293
22 6 0 17 82562 1.0693086198590098
6 23 16 2 48731 1.0515973721952627
19 25 28 18 45465 1.0932418291468404
29 23 4 7 111903 1.0861511322737467
11 29 22 29 34661 0.9879717672379928
24 23 6 3 70062 1.0128456007492246
8 29 10 0 72966 0.9212275101410742
19 27 16 10 45530 0.9507433347566348
9 24 16 5 50062 0.92344088330678
26 15 8 17 70089 0.9729090061160588
1 28 0 14 48189 0.9877183809730543
10 22 11 6 46765 1.0051766196830905
11 5 20 21 53685 1.078492096081405
15 15 9 20 27892 1.0255164694417482
28 18 12 0 66514 1.0318598866769488
26 11 8 3 52758 1.047898136088989
3 8 20 19 81116 1.0242118031886744
0 7 19 8 63201 1.0334154250639043
3 22 14 21 31556 1.0539046257394404
25 4 14 3 31069 0.988904932388118
18 8 0 20 72827 0.9872500716175777
12 11 0 12 33489 1.052368816971552
27 19 11 26 61398 1.0302211089721403
8 20 24 28 54524 1.0961028371568156
3 28 22 25 48170 0.9549655841305442
29 14 28 28 51662 1.0431272547182566
6 7 18 4 32227 0.9195338832453644
6 1 3 24 63037 0.9833562926535677
28 4 20 11 42619 1.026046537557765
28 27 26 4 69945 0.9440221028526883
4 14 17 16 30892 1.0143934058245099
11 14 21 20 37516 1.0751643896239764
25 24 8 6 83291 0.9180390121533201
5 1 10 15 46777 0.9097158154644073
16 6 25 4 36589 1.0097446335918718
4 14 27 6 65627 0.9778813126955386
7 7 25 7 66448 0.9863997167449463
9 20 8 0 55819 0.9674846826206039
20 12 6 12 41284 0.9427745055082096
22 14 6 1 54641 0.9151843860451037
