3227 3320 3174 3995 3670 3242 8553 8198 8639 8290 8648 8227 8584 8663 8472 8292 8494 8334 8256 8278 8590 8542 8461 8347 8054 8391 8663 8108 8298
1723 1637 1971 1961 1655 2295 2153 2058 2493 1827 2313 2034 2489 2008 2043 2289 2110 1722 2255 1728 2082 2007 2340 2366 1880 3786 3384 3596 3131
5205 4597 4682 4905 5269 5050 4982 4729 5208 5447 4927 5357 4802 4765 5449 4695 5212 5349 4965 4822 4781 5187 5347 5353 1042 1275 1040 1005 1639
4801 4666 4553 4702 4183 4269 4144 4268 4426 4147 4700 3996 4028 4036 4793 4464 4130 4427 4320 4439 4661 4755 4276 4755 4621 4210 4767 4060 4519
6911 7229 7205 7327 7129 7021 7179 7181 7040 6752 6919 7316 7521 6766 4953 4950 5332 5670 5388 5048 5562 5520 5344 5253 5053 4910 5049 5288 5171
7643 8220 7637 7687 8428 8336 8311 8301 7866 7672 7945 8320 7946 8262 7644 7679 7724 8430 8411 8227 7806 7592 7858 8359 8181 7877 7831 4947 5125
4055 4418 3858 3988 3922 4624 4487 4487 4288 4027 4299 4410 3803 4228 3914 2568 3191 3235 2789 2513 2902 2783 2864 3292 3313 2671 2940 3088 3331
1313 1633 1213 1637 1602 1918 1195 1454 8301 8414 8171 8435 7991 7744 8263 7914 8001 7839 8054 8252 8315 7860 7912 7637 8179 8426 7640 7933 8081
3810 4152 3574 3962 4032 4402 4176 4039 3839 3848 3630 4386 4106 3915 5416 5844 5448 5459 5832 5085 5751 5374 5139 5116 5536 5110 5611 5275 5255
5590 5852 5846 5543 5519 5792 5690 5416 6109 5942 6116 5884 5676 5693 5356 5436 6035 6010 5678 5424 5794 5418 1645 1614 1722 1467 1635 1810 1618
2801 3197 3105 2671 3346 2706 3037 3489 3253 2711 2875 3504 2766 2801 3257 2695 3522 3336 3258 3594 3186 2791 2860 3241 3577 3188 2888 3550 3556
5111 4681 4538 5131 4718 4857 4785 5001 4834 5327 4768 4471 5016 4510 4439 4736 4793 4315 4683 4337 4567 4704 4842 4280 4290 4937 4795 4283 4617
2040 2216 2115 1392 1834 2085 2045 1993 1433 1592 1702 1926 1651 2098 2053 1402 2184 1754 2061 1418 2092 1540 2128 1683 2152 1445 1699 5829 6284
2576 2884 4881 5630 5385 5181 5475 5536 5175 5276 5346 5509 5549 5548 5154 5150 5025 5542 5667 4884 5033 5224 5418 5016 5387 5181 5197 5074 4939
4769 4563 4716 4433 4380 4217 4994 4227 4306 4277 4403 4960 4519 4194 4223 4381 4846 4919 7083 7288 7153 7254 7371 7056 6847 6554 6926 6542 6728
2367 2517 2910 2725 2849 2161 2558 2587 2579 2205 2772 2840 2691 2647 2358 2885 2596 2906 2197 2819 2664 2814 2446 2304 2133 6953 7129 7112 7120
3805 4145 3442 3932 3604 3606 3652 3942 4130 4206 4225 4032 3951 4161 4104 3927 6257 6218 6558 6840 6710 6336 6549 6406 6685 6362 6104 6170 6165
5929 6037 5999 5717 6017 6073 5300 5962 5341 5451 5662 5403 5614 5169 5626 5852 5457 5209 5655 5828 5598 5282 5199 5420 5686 5463 5388 5922 6001
7583 6853 7632 6939 7212 7432 7194 7371 7673 7536 7070 6948 7467 7144 7418 3943 4097 4115 4365 3827 4495 3895 4124 4422 4466 4354 3932 4449 4238
7033 6816 6717 7037 6534 7083 7019 6640 6373 6677 3451 4269 3782 3666 3762 3984 4258 3914 4127 3860 3831 3652 3645 3538 4126 3824 3650 3672 3997
5165 5568 5666 5187 5516 5615 5763 5579 5406 5682 5495 5653 5288 5267 5339 5417 5050 5703 3830 4438 4425 4033 4011 4116 4450 4000 4011 4323 4067
2470 2864 3160 2570 2412 3067 3141 2518 3011 2710 2444 3011 7810 7704 7351 7375 7464 7593 7399 7620 7948 7535 7677 7583 7373 7879 7203 7828 7989
5951 5892 5705 6003 5562 6054 6098 6033 7703 7639 7062 6958 7002 7208 7442 7641 7193 7256 6991 7025 7390 7493 7235 7106 7579 7147 6883 7426 7133
4698 4526 4576 4102 4506 4796 4814 4785 4634 4198 4208 4744 4560 4468 4499 4511 4618 4634 4580 4142 4482 4234 4638 4389 4351 4781 4659 4315 4669
8052 8398 8451 7735 8055 7647 7820 7857 8254 7794 8319 3935 3506 3888 3895 3774 3482 3340 3408 3570 3832 3917 3566 3680 3478 3828 3428 3938 4117
3779 4374 3784 3740 4089 3730 3997 4390 3952 3986 4472 4517 4323 4443 4007 3931 3848 3906 4158 4424 4129 3999 4049 4301 4469 3784 5676 5622 6316
2158 2444 2182 2673 2325 2804 2347 2112 2147 2397 2441 2868 6131 6354 5792 5853 6385 6219 6282 6550 6401 5806 6638 5866 6618 5862 6298 6023 5935
5053 4830 5263 4690 4567 4915 4514 5200 5283 4546 4528 4797 4765 4761 7517 7729 8142 8108 8056 8074 8132 7953 7969 7784 8188 7739 7766 7541 7887
1745 1841 2260 2223 1818 1778 1956 2442 1991 1933 2431 2075 2384 2243 1828 4098 4327 4068 4242 3813 4072 3600 3948 3938 4112 3784 4045 3996 3939
2924 2739 2999 2610 2572 2745 2889 2680 3047 2724 3148 2629 3160 2787 2087 1787 1880 1446 1598 2133 1518 2148 1934 1516 1923 1375 1582 1571 2199
1917 6787 6099 2363 7857 8491 6801 6350 7448 2600 4249 5209 7191 7147 2451 6983 7091 6047 1627 2555 5797 5605 4814 7956 7439 7761 1430 4359 6858 2566
1297 7399 1648 3136 8422 8467 6792 6017 7650 2517 4217 5115 7349 7278 2551 6603 7613 5809 1956 2814 5840 5659 4382 8177 8124 7537 1416 4775 6721 3007
1876 6818 1795 6521 5518 7760 6650 3781 7678 1925 4190 4596 7169 8273 2018 6850 7458 5551 1647 2835 5701 5372 4579 8234 7652 7470 1439 4598 6988 3075
1786 7233 1546 6683 6128 8233 6120 4092 7939 2514 4312 5234 6910 8383 2390 6803 7344 5666 1648 2948 5612 5420 4292 8292 7400 7408 1440 4458 6867 2610
1407 7450 1467 6717 6231 8371 6452 3864 7622 2031 4312 5116 6740 7970 2260 6228 7742 5304 2065 2535 5549 5408 4434 8296 7823 7424 1508 4501 7081 3392
1249 7423 1473 6257 5648 8594 6201 3505 3778 1757 4113 5054 6878 7963 2176 6909 7472 5549 1967 2421 5625 7488 4792 8004 7322 7674 1404 4959 7025 3223
1855 7034 2182 6279 5710 8350 6168 3511 3820 2583 4277 5010 6954 8295 2271 6488 7135 5720 1481 2564 5638 7342 4705 8505 7316 7403 1949 4658 6549 8523
1894 6893 1791 6220 5478 8893 6339 4216 3952 1776 4752 4922 6536 8547 2188 6551 7001 5331 1742 3622 5967 7483 5111 8305 7379 7173 1789 4796 7209 8027
1982 7037 1744 6219 6008 8445 6791 3572 3660 2318 4318 5404 7209 8232 2546 4806 7580 5677 1725 3330 5680 7981 4678 8086 7647 7080 1779 4748 6629 8201
1877 7351 2140 6829 5690 8898 6870 3820 3499 2224 4496 4696 6612 8083 1831 4859 7338 5518 1570 3495 5964 7996 4440 8549 8128 7258 1913 4578 2451 8710
6526 6877 1960 6133 6139 8510 6436 4073 3840 2288 1876 4842 7063 8521 2391 4584 7400 5481 2068 3244 5876 7473 4912 8180 7283 7299 1825 4957 2120 8632
6571 7192 1884 6876 5775 8436 6748 4111 3642 1925 1904 5335 7230 8340 2239 4920 7347 5799 2131 3765 5398 7516 4927 8441 7809 7737 1498 4945 2249 8622
6440 7222 1698 6282 6006 8886 6796 3917 4121 2123 2047 4919 7029 8287 2415 4608 7182 5706 1326 3897 5972 7614 5328 7956 7432 7675 1575 4785 1888 8356
6186 7482 1729 6496 6246 8365 6149 3851 3804 2358 1932 5136 6618 8438 1989 4604 7194 5896 1547 3159 7725 8011 5256 8117 7378 7185 1458 4351 2311 8733
6604 7437 2101 6320 5840 8404 6639 4201 3865 2036 2268 5338 6800 8564 2251 4231 7218 5634 1819 3340 7415 8000 5065 8433 7491 7455 1982 5062 1962 8615
6565 7081 1694 6461 5468 8409 6294 3697 3460 2540 2304 5355 7234 8022 4359 4894 7531 6129 2042 3170 7216 7740 5253 8040 7347 7536 2229 4852 1879 7929
6627 7420 2008 6761 5508 8548 6201 4021 4036 2250 2636 5218 6835 8296 4282 4150 7624 5625 2031 3857 7331 7420 4811 8305 7988 7809 1414 3126 2471 7986
6637 6942 2299 6211 6204 8470 6846 4126 3970 2176 1816 4971 6724 8699 4502 4312 7368 5530 1299 3267 7982 7679 5001 8581 7364 7615 1688 3284 1934 8409
6138 6635 1846 6679 6107 8249 2989 3835 3514 1936 2457 5283 6905 8251 4409 4762 7665 6041 1809 3073 7222 7993 5138 8390 7823 7640 1376 3258 1794 8120
6905 7296 1646 6422 6180 8201 3310 3467 3803 1807 2353 4794 6553 8087 4273 4405 6953 5496 2010 3851 7323 7836 5026 8405 7499 7000 1466 2606 2382 8734
6796 7187 1955 6852 6176 8687 2916 3826 3620 2555 1771 4844 6601 8191 4611 4741 7162 5978 1397 3196 7346 7944 4768 8139 7394 7639 1679 3313 2513 8547
6503 6793 1980 6888 5979 8796 2999 3470 3571 8399 2238 4823 6924 8569 4680 4807 6922 5605 1590 3538 7548 8028 4759 8618 7562 8593 1538 2634 2410 8583
6851 7377 1738 6259 5706 8223 2888 4003 3690 8698 2597 5327 7279 8309 4679 4246 7644 5339 1667 3661 7190 8163 5574 8017 7933 7800 2127 2586 2352 8524
6908 8596 2048 6808 5811 8493 3643 4009 3906 8727 1880 5214 6973 7914 4509 4359 7428 6619 1509 3229 7637 7724 4742 8019 7998 7830 1958 2587 2083 8094
6705 7937 2149 6519 6211 8138 2892 3859 3665 8493 2081 4948 3103 8265 4707 4616 4640 6802 1589 3614 7822 8138 5023 8143 7398 8152 1528 3285 2169 8770
6449 8075 2089 6441 5530 8207 3629 3857 3943 8721 1770 4400 2858 8151 4798 4461 4061 6618 8374 3345 7309 7511 5527 8320 7720 8271 2168 3101 2393 8702
6293 8333 1852 6460 5766 8483 2951 3995 4269 8722 2279 4802 2582 7978 4340 4303 4222 6852 7829 3638 7706 8126 5118 8066 7925 7929 1404 3277 1851 7940
6984 8009 1659 6543 6012 8567 3536 3776 3615 8508 1995 4491 3372 8257 4491 4829 3950 6945 8140 3807 7209 7904 5233 8055 6385 8582 2037 2744 2065 7983
6235 8188 1640 6660 5483 8508 3668 4131 3637 8689 1944 5060 2664 7935 4914 4265 4260 6820 7785 3484 7499 7516 5524 1154 6994 8227 1401 2847 2228 8621
19 28 2 28 37633 1.0089077602327383
11 9 6 27 46499 1.0429453445071344
25 27 20 3 84685 0.9006372044499931
23 22 18 28 34085 0.9849780219916011
24 2 14 19 61118 0.9631131222538262
0 14 15 24 50551 1.04529775557394
21 20 0 18 50156 0.9213195616073423
12 29 14 8 53480 1.0439540757675712
20 29 6 23 45522 1.0883408579397031
13 5 2 25 65142 1.0308253692351457
27 11 23 27 51075 0.9747904514109941
20 26 3 6 76323 0.918848830753287
24 2 3 10 59202 0.9103215228982579
29 3 11 29 93302 1.0538289434354855
19 15 5 11 58092 0.9552965190138271
2 29 20 2 79027 1.0955555396014813
15 23 25 6 71170 1.0895917793636891
14 3 6 12 46890 1.0309428081151335
17 9 3 24 66124 0.941428036976496
19 25 1 5 77899 0.926189970274472
22 1 27 11 39710 1.033275982548735
6 9 14 12 28048 1.0800361188213576
27 7 23 28 60546 0.9928711851928681
1 4 7 24 63231 0.9911396913149648
4 23 25 8 87362 1.0907584194509239
23 26 1 8 74379 0.9063676219321984
3 27 22 18 51261 0.9674288281014232
20 7 28 21 59987 1.0403621581792564
5 6 14 13 49131 1.077428845784873
16 12 2 14 41436 0.9316578338490873
13 26 3 26 16680 1.0417170620577043
5 20 12 26 34203 0.9183971999648398
24 22 25 13 36451 1.0196702935294144
19 18 9 28 35073 0.9217551494162048
2 18 24 14 52581 0.9721886337315071
0 28 17 12 79671 0.9159220199430689
16 3 29 6 38458 0.9393261079633767
13 18 3 27 35717 1.0736295221925638
15 11 9 19 33178 1.0668592020870435
7 12 19 14 47771 1.0180438265429606
1 21 17 4 72654 1.0972222820556923
14 12 13 26 36604 1.0465483326834029
0 19 3 12 25607 0.9976012122015536
19 23 10 11 52082 0.9854060542744734
0 2 27 10 72647 1.0933356363308415
22 4 12 5 34026 0.9714338153399501
26 24 23 11 63263 1.0692919916460766
2 10 11 11 31930 1.0534236338372862
9 22 0 14 43685 1.0889898084614626
1 1 23 4 50639 1.0767907510872867
29 6 1 1 63505 1.0814565872214472
2 21 15 23 49356 1.0642666171125357
12 7 13 24 38142 1.0781352564255338
0 4 17 6 55966 1.012517103974281
19 24 7 7 68553 0.9767642791154671
2 29 14 18 37620 1.084530441016544
8 23 6 8 63905 0.9543029969753594
27 2 1 4 52394 1.0941109481890887
0 23 4 6 60603 0.9464857609438622
24 9 17 21 69908 0.9340903344891348
20 4 27 11 40408 1.0568664518466289
17 25 3 0 76661 1.0056400459018444
6 13 8 29 58106 1.084862822762719
29 23 15 15 51495 0.9979564977193336
15 8 9 20 41834 0.939139992016878
8 6 19 25 67236 0.9040830965704806
7 23 18 26 36776 1.0826281288589663
19 5 26 16 62760 1.0007527824997535
14 22 6 1 63073 1.0445732851930671
10 10 3 3 35284 0.9335568812627735
25 1 12 16 54586 1.0423544518250465
17 1 14 11 36984 0.9984986275785662
25 15 4 6 85741 0.9786987700586959
12 19 29 27 43068 0.9453362581646271
5 28 9 15 56492 0.9760562076998378
22 18 25 25 34294 0.9605959373003538
7 6 11 0 21595 1.0807259475831648
11 21 13 5 45891 1.0139537139236323
9 21 20 4 77303 1.0326898479561306
2 22 12 22 36969 0.9694369681228465
5 18 20 1 62532 1.0516029446877548
1 25 20 15 63092 1.0807229524488902
21 0 1 10 58353 0.9343719384347325
28 2 21 11 33685 1.071725429688161
1 5 2 27 48734 0.9448129833731769
8 10 16 20 44263 0.96258867063217
28 6 4 4 67743 1.0237508844492855
14 26 4 19 36014 1.0224614680204938
21 24 12 16 47489 1.088811713422498
5 6 13 8 37118 1.0986038681591823
7 15 11 9 30352 0.9228233817194292
0 19 19 5 81965 1.0219630788663638
23 10 3 19 59906 0.906098369676389
28 16 14 6 59802 1.0302393593127115
10 11 11 0 31971 0.9063551571915953
5 2 2 21 51601 1.0103741928862136
3 5 28 24 102927 1.0579849110138473
2 20 13 3 61257 0.9013075078352902
1 22 15 23 44737 1.077228614799476
11 27 1 29 26532 0.9946050765508201
4 20 1 27 33218 0.9093215258228283
11 6 20 17 48167 0.9560896240308724
28 0 11 22 75374 0.95025243093449
22 3 6 17 67872 1.0034056051078646
27 26 25 9 47930 0.9857399117902568
14 27 0 4 81696 1.0674584225856676
20 16 8 27 50774 1.0673637726560976
14 13 27 10 42332 0.9786718239127054
13 25 0 6 73089 1.04232972172032
6 22 23 25 46206 1.0840708379296637
10 9 13 17 24527 1.0883036187205315
25 3 18 16 65571 1.0060284608325427
13 19 22 13 52567 1.0442064889978546
20 20 0 24 62368 1.0747242461910735
19 26 28 25 19689 1.0453761799068968
24 28 17 7 78138 0.9788011890682047
8 22 6 13 37939 1.0257682811194682
4 7 6 24 62489 0.9641805078665734
26 26 18 3 82299 1.0998982614798296
11 20 28 29 54786 0.9927937361933833
10 22 23 11 60347 0.9792918189795115
17 6 4 11 55274 0.9274984561255101
7 8 28 7 58928 0.9926206174597373
0 6 4 28 65416 0.9408885727132461
2 4 5 28 74936 0.9617033266389431
3 27 5 14 42881 0.9322163834705529
19 12 25 28 70353 1.0665526717661014
20 18 9 18 19652 1.0180885208598154
1 12 0 27 38848 1.031150527450663
25 4 3 14 74573 0.950818202561535
29 19 25 3 47700 0.9277153390892013
9 29 4 12 63938 1.0095136274266223
0 15 29 23 80904 1.05338205208376
8 24 5 12 58875 1.0895873693409035
23 23 17 18 31848 0.9135656753547684
16 14 16 29 54659 1.0783077286340494
23 5 6 8 56236 0.9649075697835364
18 7 18 26 64754 1.0037317235761891
9 28 3 18 37769 1.0336333431269618
1 4 14 16 56489 0.9380073118043036
11 22 28 2 71788 0.9756146375735589
19 0 6 16 69038 1.0783371054023076
10 22 3 11 51141 1.0326689300406735
1 15 13 29 54381 0.9125069463392645
2 20 21 11 64629 0.9852355378101549
24 13 25 29 63383 1.0336530206656194
22 20 9 21 53056 1.035530686544888
14 1 28 20 77240 0.9403091965674011
27 27 20 17 51607 0.944995630234645
6 25 4 0 70062 0.9282199594485366
28 3 22 19 60526 1.0582059223017377
0 16 21 4 79016 0.965810886320696
20 27 15 20 31498 0.9906734342312804
26 0 2 1 54161 1.0271425769527265
27 20 7 29 80352 0.9294480969805828
10 8 6 26 49100 1.054903564461307
3 1 23 22 86087 0.9840187943453307
4 11 21 5 62091 1.0585583665295721
26 7 18 5 35045 0.9416692947239313
12 9 4 0 29873 0.9105588879174521
20 19 6 4 62500 0.9707819115627575
8 16 21 3 62269 0.957792145183223
15 15 9 2 36863 1.0775001813139518
22 24 2 22 60692 1.0472909263111203
24 23 2 5 94640 1.0643453309802922
0 14 25 1 76603 0.9725296042460554
26 4 14 3 33124 0.9708659837067489
9 7 19 1 41666 1.0034317629940774
17 19 21 28 45033 1.0057511582819225
9 10 14 24 48778 0.9843908868583432
29 18 8 28 58483 1.039504452342039
7 26 9 1 64418 0.9441356862715287
8 16 24 4 77316 1.0976393067806078
13 18 25 6 58561 1.0868453922859946
24 21 11 17 37302 1.092349343257059
11 26 21 17 38890 0.914708261141408
19 18 3 22 46445 1.0807659989791147
4 6 24 18 72467 0.9057890510460206
29 12 1 24 79946 0.9165639443878706
14 23 4 16 50817 1.091462022794576
8 20 23 13 59678 0.9010648741766777
10 1 5 21 62709 1.0711627598144289
16 3 5 15 55816 0.9990711576434813
29 21 17 4 74944 1.00184699590555
27 13 2 0 77933 1.0798296021360805
23 1 21 28 85890 0.9408155151235249
12 11 15 23 30700 0.9379962960276346
17 2 20 18 52372 1.082028367538831
27 26 7 29 52117 1.0951361362366672
4 22 23 17 54101 1.07136751493668
18 14 11 7 36304 0.9522163734670577
15 8 6 18 36175 1.0648558040109675
16 16 7 10 42557 0.9175492201918706
27 29 21 7 72874 0.9234601803361615
11 3 18 17 48199 1.0207519012550084
20 3 13 26 66040 1.0723827893772688
19 27 27 7 65560 0.9639703396922776
29 25 15 28 34081 1.0255622420456085
29 2 21 17 67035 0.9626321116394995
21 1 26 24 81830 1.0333192199160424
12 21 29 6 66755 0.9982777464540765
23 29 18 13 78527 1.011346400371768
26 15 7 22 64190 0.9104558333851028
22 16 14 4 69101 1.0388943934366839
15 9 27 17 56713 1.0854545838210201
29 27 18 24 29084 1.0110993836976652
3 10 26 13 66745 0.9201341176062576
6 27 16 7 59954 0.9006418134927231
2 13 22 16 65787 1.025325837406716
0 10 5 25 53381 0.9105986581081046
18 25 5 29 38035 1.0112748317207965
29 15 18 19 41079 1.0245318422446323
29 19 14 9 54333 0.9361294367390534
19 29 24 10 71212 0.9892233373192534
5 20 10 28 34863 0.9662231876171196
17 18 13 2 39722 1.0610469360016543
15 29 13 17 42196 0.9561397271141165
15 22 18 15 28021 0.9257237763828247
1 3 17 23 81309 0.9022491616724272
8 0 16 3 24365 1.0459803438204154
7 3 21 29 86438 0.9956555504569848
20 3 4 20 73456 1.0763193817077228
7 18 13 27 30239 0.9563492965596436
8 17 11 3 46973 1.0433724406231608
5 24 26 21 74013 0.9128713736439175
6 22 4 1 65909 0.9822056779098989
29 25 20 28 24592 0.9659964372934454
22 27 14 1 74914 0.9783476814451366
20 9 1 19 55843 1.003366974319457
27 4 29 20 41978 1.0914281318109076
28 9 13 7 45292 1.071547195997473
16 0 5 6 43430 0.9198065600401181
2 23 16 3 77724 0.9946876745120339
16 5 3 5 47825 0.9244309130086915
6 10 10 24 55096 1.065069513736666
6 29 0 5 70592 1.04229753117397
15 24 0 20 49716 1.0890405535563035
2 24 11 7 57279 1.0044779262209735
9 2 14 10 24452 1.0648194787713305
29 17 19 14 47156 0.9820762753164597
6 4 1 20 53179 0.9461345013824947
4 28 11 5 70875 0.9818894463165659
24 21 27 28 32248 1.0441963894831423
16 27 9 2 63110 0.9083691718277391
13 16 4 12 42826 1.0428297311487618
2 9 7 16 38200 0.9321930422618374
9 0 4 20 64488 1.0868496890727573
11 15 15 25 32329 1.0154481981171508
28 7 5 2 53700 1.0176260126574794
3 24 15 29 42246 0.9046315902328413
12 5 13 19 29876 1.0356897352702006
11 24 23 9 62118 1.0373751854448323
16 9 22 2 32583 1.0458184221200053
19 12 29 0 50388 0.9029418690662577
12 20 22 28 37389 0.9671224122234324
23 9 7 17 60462 1.0102754408619876
17 22 8 27 40534 1.0812668753610366
15 3 15 24 54603 1.07541309193876
22 16 23 3 66201 1.0872478856443875
3 13 9 29 53000 0.915566334762396
23 22 13 28 44642 1.0359598511243717
26 1 0 25 100983 1.0640933859635764
10 13 22 25 52895 1.0537889227491535
13 13 10 6 29150 0.9365826223528978
19 19 11 10 32674 1.0546517022168627
26 4 15 25 77107 0.9280530820778239
10 14 17 11 28856 0.932935635277836
29 28 0 16 77623 0.9065861848135122
24 12 29 0 39248 0.9380098616823033
16 3 22 22 80059 0.9948722312861039
26 6 23 21 56871 0.9892085083571416
0 20 28 1 91371 0.9742008762534224
14 3 26 7 40600 0.9838678121090331
18 3 11 9 33983 1.0123939993257656
27 15 6 0 77002 1.0706521943192735
12 12 4 5 48300 1.0136469606421608
22 28 2 17 64261 0.9055293274218634
8 26 12 9 37896 0.9653852575011319
0 16 13 3 62317 1.0562576061496394
23 3 15 13 48619 0.9948714951551397
20 23 21 1 83410 0.979205051110193
17 21 22 13 56879 0.9281832181518942
20 25 24 12 57351 0.9745511230920212
15 21 5 4 62807 0.956507171827855
20 27 14 10 50467 1.0060819447867335
15 12 10 27 40116 1.0369623588206602
3 12 10 9 28046 1.0239276741774637
24 4 3 23 103290 0.9604621024791697
1 18 17 25 48640 1.0993669484945656
21 0 12 21 57140 0.9643417824924265
18 14 6 7 50278 1.0169335569829925
6 15 18 6 57070 1.0237794267082514
16 19 22 2 58274 0.9823127659765896
24 23 12 18 38339 0.990643526014533
4 6 2 15 42071 1.0640871504385663
20 22 6 3 75427 0.9534239741774081
5 28 7 15 51455 1.0648312896356007
4 1 8 19 63897 0.9284325906511727
3 1 22 27 87777 0.9565667478502027
23 18 11 23 35417 1.0251123889431475
10 22 1 13 38802 1.0800826786253654
16 27 9 20 36244 0.946163970941726
19 2 10 0 23217 0.9583794467990779
7 24 15 13 51871 0.910069256218442
15 4 28 17 62502 0.9102351597285419
28 28 7 11 82657 0.9351943841998307
12 11 2 11 35009 1.0975832997184978
7 25 1 13 45897 0.9361089429283098
14 5 24 8 45731 0.9393431484057257
3 11 14 27 64223 1.0117191119347397
14 18 17 5 49976 1.0455763585779783
5 8 8 27 63680 0.9735013473573386
8 17 29 15 59731 1.0129736380002519
8 4 19 15 64143 0.9982727793560799
27 19 4 24 70923 1.0461086684727818
25 29 25 4 76404 0.9231447630477484
6 10 4 28 66024 1.042200464202708
27 4 6 9 63612 1.0672898988014765
16 7 9 26 51497 1.0531552523751415
22 20 5 11 69240 0.9991596463180172
29 23 22 11 49188 1.0650209263562587
17 20 6 24 47604 0.9480561970406927
6 7 29 6 62833 0.9791936310477001
5 28 2 10 58250 1.028554065499133
28 10 22 19 46385 0.908056630846016
15 11 24 25 59728 0.9345737625730343
6 16 19 0 69038 0.9090085897910217
29 14 5 6 80697 1.0067771993913759
9 18 25 25 46090 1.0237885756982188
15 19 6 4 51676 1.028790446422513
22 26 29 1 67865 0.9297401161553807
26 17 0 19 56969 1.0610974279814223
3 18 26 23 66907 0.9845377742618967
10 17 3 29 45120 1.0232775701021644
5 18 2 28 29221 0.9604561642207603
29 29 24 4 69961 1.0806096334794986
10 6 12 18 30354 1.0304994221787618
11 25 21 17 43684 0.9218339488640052
14 15 8 20 32963 1.0002193281811003
4 25 23 11 76491 0.9649331927282647
9 5 27 17 80969 1.0570239048434626
0 15 7 29 56637 0.9473761920919098
9 24 3 6 70472 0.9025690165168626
25 29 13 12 69031 1.0964741772769164
8 21 3 2 65958 1.013768965432732
22 4 11 18 58402 1.014709135504537
24 26 1 11 69704 1.0602416273634523
12 23 17 29 29320 0.9778011350121906
12 18 5 11 38354 0.9559127389752565
0 4 23 9 71065 0.946038213832308
29 17 17 11 47770 1.0165482082688395
3 24 24 26 44426 1.034438944483849
20 20 8 16 40552 0.937503137208997
22 21 5 19 54203 0.9020450649163733
20 25 27 20 44637 1.0422144745672317
24 1 9 23 83434 0.9302104255499494
17 15 18 6 48761 0.904467143607543
29 26 16 3 77574 0.9288414443046205
20 25 28 28 25221 0.951333357489753
4 10 29 2 68682 0.9781436538814994
14 3 3 2 24330 0.9282898328186318
21 16 12 4 56089 1.0080313592529417
2 5 21 21 90821 0.9504304773283364
1 11 13 16 42029 1.021845591489504
25 26 18 0 91271 0.9495300748427288
20 21 0 6 78916 1.0276386479039155
16 1 7 20 62283 1.0534995744867766
23 19 4 3 74222 1.0142630434286781
10 22 19 26 27846 1.068776673648631
14 20 23 13 49006 0.9562460868849334
4 22 16 8 59848 0.9886520807550099
12 26 5 1 65172 0.9869888007249479
27 28 14 5 85555 0.945294356534603
29 5 14 10 45180 1.027056686879678
5 19 15 26 35461 1.0356407574483413
6 2 17 24 75286 1.0699660208150727
14 2 28 24 78205 1.0321784552412143
18 10 27 3 40412 0.9859620468380712
1 7 26 16 76836 1.05224868900418
15 22 9 10 38232 1.024313197127146
0 14 17 7 55682 0.9253527550993029
9 1 3 10 36963 0.9301265679663271
20 15 26 20 37975 0.9881609615838941
23 9 17 5 39688 0.9546633100559014
23 3 5 4 48997 0.9054935146216628
5 5 14 17 62211 1.0822157525616412
20 16 20 26 44056 1.0477715058447261
5 12 5 26 52348 0.9585450640072136
7 2 18 10 37011 1.0857256629395362
21 20 1 16 52361 0.9069108598144507
29 24 28 11 28733 1.0519660059789593
7 18 3 8 38467 0.9887004934072693
4 23 23 9 79661 1.0472100390047459
10 20 21 23 53810 1.0775914865249188
1 10 11 8 28565 1.0142817533765043
28 4 7 5 48945 1.0711894200550627
10 29 9 12 52038 0.9649370977071898
6 1 27 2 44951 1.0518490647679817
8 26 23 13 62801 0.9337911600553518
27 26 27 13 38041 1.094285105833085
24 2 21 10 28355 1.0935117615934211
7 10 23 6 51693 0.935409865814987
19 6 15 23 64033 0.9197789018555406
25 17 2 23 63342 0.9464433481501145
24 19 0 9 64889 0.9404848667573998
0 19 23 27 59895 1.0570239422889707
15 12 12 23 28625 1.0339902241484296
6 10 20 24 69660 0.9431163406957314
2 15 21 21 67244 1.0068379791552702
16 24 6 8 61047 1.0617634495243529
14 17 2 7 55432 1.0063403976702812
29 25 21 8 53648 1.0953738275311393
9 16 18 27 46611 1.0172680049910034
4 14 29 14 72820 1.0967288129035708
7 6 13 24 53911 0.9115529244759791
4 3 26 14 84279 1.0404772630083376
29 20 3 0 89702 1.0564815561689052
9 4 27 26 82205 1.0727568706160195
15 15 24 21 34551 0.902337301088118
6 22 20 5 75048 1.0127032440314627
20 27 24 16 47414 0.91405843153981
1 23 8 6 56404 0.9687703465035882
22 17 2 3 76049 1.008133271743885
6 7 7 26 61196 1.037222073739595
20 29 17 13 67870 0.9990132621522967
1 29 21 8 76908 0.9664090516353795
23 24 12 19 40122 0.9149838802922453
20 4 6 16 67688 1.0448598874554684
11 28 9 10 47342 1.0865068904401136
4 7 9 1 27832 1.0516675585856836
29 22 15 3 71988 1.0454759240792377
13 12 26 26 56876 1.0813851170548292
0 0 0 27 64885 0.9739397034536328
7 0 28 9 57424 1.0644868547761255
6 17 0 27 38705 0.9520020420277159
11 1 10 13 33979 0.9122335235714017
16 3 23 22 75898 0.9321759433593333
28 26 9 10 65192 0.9116408937450742
23 27 7 27 39606 1.0870432837671433
10 12 5 19 30105 1.0397610610576729
6 24 11 9 46147 0.9199611312532567
15 15 23 1 53574 0.9268359779398768
17 0 7 14 54257 0.9609960802740076
18 4 0 27 93015 0.9758776322704801
18 23 17 6 68162 1.0702161925411366
8 13 3 0 42023 0.9711030270425037
10 19 29 26 48495 1.0378477338273115
13 0 15 29 71745 0.9214950432989301
20 11 12 19 40139 1.017376177556702
2 12 12 7 40498 1.0477637388844587
13 7 23 10 33354 1.0223887897887391
17 13 10 20 38909 0.9825009860430973
24 25 4 10 78853 1.0239458187254404
3 0 14 4 31338 1.0328443777392273
8 11 22 21 67083 1.010582691525577
26 19 16 13 43711 0.9298215051845042
12 19 27 8 55794 1.0850525706489964
28 28 8 15 70744 1.082599536860782
6 20 3 0 54539 0.9534253678608621
20 5 0 17 81113 0.9996419697250484
23 6 19 21 64295 0.9415277134882607
28 17 18 21 47516 0.9095792688166796
5 29 25 22 61956 1.0623934869128124
21 8 2 29 73901 1.0290305247481184
24 28 7 13 68707 1.0980803490809954
11 18 29 14 50996 0.977570145332155
17 20 25 3 77678 1.0663189698537539
3 11 16 27 67612 1.0187354251510201
15 11 22 17 38357 0.9983652270702776
24 4 17 27 90367 0.9611860315893737
18 22 28 1 81441 0.9614196904466167
14 25 7 7 58468 1.0129753014367298
19 6 12 17 48318 1.0549536622947526
1 3 10 13 44116 0.9889156093582736
20 19 3 16 42667 1.054115487586644
9 25 14 11 44345 1.0933093739351218
7 1 11 29 69324 0.9936065963276227
3 10 14 14 36936 1.066873352279138
16 7 5 0 37997 0.9235173319596376
19 19 5 29 53854 0.9144731758817958
4 23 23 23 60934 1.0113826072523016
13 29 8 19 40647 1.037017727198184
21 25 16 2 73746 0.9166047953909443
9 21 1 28 31570 1.0928240846605506
4 28 25 8 89609 0.9353891778660937
12 20 27 29 53196 1.0126291574708315
2 12 23 29 85964 0.9411779626509407
4 20 11 6 52091 0.9734369464601969
14 5 15 21 49139 1.0181711101111224
23 25 24 5 77184 1.0895934881916096
20 20 0 20 51931 1.062756928164304
28 17 17 4 68764 0.9304152554832171
21 23 22 11 70891 0.9510915917235885
12 4 1 9 33248 1.0802530426829953
28 20 11 4 71923 1.0308687312795324
15 17 10 0 46202 1.013354256554085
22 8 1 17 64447 0.9830974441857364
7 28 24 29 50754 1.082687880694195
29 21 23 25 24173 0.9596708231604656
19 16 6 15 39756 1.029661870383197
4 25 21 16 63431 1.035517241553193
2 8 10 19 45619 1.045083863632375
24 13 9 18 44194 0.9492195425942387
23 12 29 5 33692 1.097845517336199
2 11 7 6 29358 1.0250463535583723
21 3 6 11 54473 0.9206633824367545
19 6 6 28 81372 0.9210716161998215
4 27 17 29 40255 0.9300924005855336
23 15 28 23 42431 0.9116558895921413
7 11 21 12 46185 1.071402515131465
5 9 21 27 66264 0.9449379950230762
21 2 26 23 76839 0.92328696944465
0 23 24 4 102810 1.0975097814188755
21 8 10 28 63434 1.0591783964784467
17 18 8 15 30581 0.9168475172711159
4 20 20 20 45661 1.0930916921479292
21 13 9 20 60755 1.09957893194634
2 10 18 26 66090 1.075717516197445
29 3 10 1 42171 1.0002661458885673
20 2 19 13 40170 1.0374364971574082
28 2 11 16 63159 0.9511490816572488
25 1 15 23 76156 0.9446402487470931
29 5 17 5 48815 1.0069048479294251
25 16 6 1 74767 0.9472878412481898
0 4 18 21 79969 0.9629717094756349
0 8 10 15 44100 0.9358193793499346
22 2 7 3 29688 1.024931686931008
3 15 7 21 34247 0.9575947733954665
13 6 19 13 40821 1.027516730439433
12 23 19 14 37030 0.9533061514937384
6 3 3 25 70717 1.0331157343895105
27 7 8 8 54987 0.9467296006047042
11 25 17 7 56574 1.0714061733561102
11 12 17 7 31851 0.9830207456123717
15 2 12 15 29447 1.0939568087992413
27 19 21 1 61986 1.0940258222911499
4 1 23 7 60669 0.9920026977438919
26 26 25 10 45348 0.9392971939565314
11 29 13 4 60671 0.912346138209566
4 22 19 29 55160 0.9455795626579365
6 20 21 22 51396 1.006562042655186
14 6 9 25 53772 1.003513001176112
5 1 8 15 53986 0.9217398457797947
27 14 7 2 70035 0.923300024433811
25 29 17 24 38832 1.0353106320511118
13 0 27 5 45930 1.0751161976455696
15 24 15 11 34167 1.0835881017863325
5 17 20 21 46077 1.05292350052768
27 20 7 13 67182 0.9358287221564769
1 10 12 22 44119 0.9139004989920396
0 0 23 7 62651 1.013190336797669
1 3 7 10 31663 0.9807065795382831
5 22 27 26 53275 1.073995591256319
28 8 9 15 57542 1.0580450575339855
19 2 12 12 31492 0.9903442280422027
3 4 2 17 47516 1.006810690500571
7 4 25 7 55537 0.9145974028527001
1 23 22 18 47282 1.0347408149808945
29 17 2 10 81675 0.9508623999954449
25 18 12 14 29028 1.0788658702347218
4 11 20 5 67555 0.9983328249635492
18 2 0 1 38608 0.9762365844336836
22 10 6 24 64452 1.0541878722951483
26 18 12 24 40931 1.0210298528661073
16 6 10 0 31648 0.9901661841790773
15 20 5 29 47562 0.9480754962737755
0 5 6 9 27491 1.0556705781444
8 25 15 8 52102 0.9621004846439305
17 25 8 18 36134 1.0066440103950023
20 1 23 17 66555 0.9722502344057059
23 19 13 9 41602 1.010445204082773
24 19 26 10 36563 1.0020724617604777
0 0 19 19 69111 0.9418312048494885
26 27 28 16 32181 0.9383473182106364
23 19 7 27 54051 1.0949473481268945
0 27 16 20 57121 0.925475418453749
12 24 19 19 26922 1.0043362804845435
22 17 2 0 74023 0.9452820992764114
13 29 28 16 63649 1.0392274075612618
17 16 17 2 52480 0.9518731130750392
28 9 8 10 48951 0.9637261196351717
16 28 10 10 48637 1.0377854885777245
9 13 18 29 57031 1.0305430102604232
16 12 14 27 50997 1.0096137440304311
6 2 28 27 87151 1.0415385738927796
29 10 7 13 62684 0.9216075871235662
4 3 0 23 63983 1.0144923199644822
17 1 15 29 79854 0.9732845875704366
2 4 2 28 59816 1.0450364426858536
19 19 18 4 65122 1.0693355327786929
16 27 20 3 77813 1.058972634149165
8 15 6 2 44293 0.9670152621126447
16 7 4 3 44274 0.9580243116528365
0 10 22 12 63489 0.9121827763371458
23 15 1 28 71759 1.0158923454722322
17 19 6 29 48547 0.958615311276901
28 0 14 9 48954 1.0850647213354865
20 4 8 11 55004 0.9160251822691988
17 27 18 14 55756 1.097258762145557
5 5 28 7 71121 1.0764716731465869
12 28 17 13 49905 1.0641836275464072
21 18 3 9 51058 1.0568273580042837
24 11 7 12 60987 0.9988555312574834
17 19 19 0 70399 0.9563513904184225
27 3 8 4 49359 0.9374670909319007
24 3 7 10 61445 0.9951957889119627
11 14 10 2 27949 0.9221783428825557
3 12 0 20 30577 0.9299895493084962
23 21 18 9 57915 0.9186694354012873
8 18 25 11 55116 0.9352413170466825
21 11 4 12 61509 0.9059887666943367
13 2 24 10 42486 1.0624843516052935
29 1 13 28 88064 1.034415632300702
12 1 29 11 54200 1.0824494062842167
7 1 2 8 31487 0.9183147886271169
7 4 12 26 53596 0.9888726510217638
3 5 3 27 65882 1.0239841571978918
17 2 21 29 84936 0.9520889967616434
8 7 11 0 27006 0.9514043465032327
11 20 0 3 60453 1.0119537538925893
7 8 18 14 45313 1.0493647775626347
20 5 21 25 90609 1.0221341691706058
23 12 15 17 44041 0.9001141576250881
26 7 9 28 74776 0.9586726401556689
6 15 24 27 58148 0.9629404063114323
1 12 24 17 56047 1.001201716530167
6 19 13 14 23314 1.004277113714986
1 10 13 8 31239 1.0319419163100663
1 12 22 0 69203 0.9517946691045572
4 23 14 10 55023 0.9180183844554243
2 19 13 2 53966 0.987791127298543
6 0 21 23 86338 1.0805637126719907
21 29 13 4 78205 0.964690506851025
1 3 16 7 44029 0.9301108840043787
1 21 11 9 44352 1.0834224129460954
3 15 16 23 55090 0.9687090658170971
18 21 20 1 72599 0.905629621908792
0 28 8 21 43062 1.0142323204129335
11 18 11 29 31044 0.922728026149985
22 29 22 8 82416 1.0677047217379054
27 8 3 16 75889 0.9271730240567352
16 11 18 20 37842 1.0343572342541811
2 18 17 4 64633 0.9313067644118285
18 22 3 10 66571 1.09123859546969
18 26 10 13 39689 1.0581757555815836
23 11 1 14 60865 0.9740694962290976
20 19 13 2 48670 1.0281786857727373
3 17 25 19 46617 0.9932226926602125
17 15 23 19 29520 0.9200785585183168
11 15 19 24 44451 0.9384716970495947
8 20 27 19 51187 0.9275926810563853
21 21 5 15 61140 1.0954459854712513
22 20 7 10 63002 0.9112668212467908
7 16 22 29 72279 0.992658757169578
29 8 26 1 22069 1.0351633811990348
18 2 26 4 20306 1.0587522837840235
17 12 10 28 57634 1.0518805144174843
1 13 1 26 28616 1.0133254728269534
21 16 26 1 64777 1.056165485783115
29 26 19 18 40741 0.9382258767936764
15 15 4 4 58286 0.9371940026140347
19 14 1 4 66732 1.0180599211267602
5 20 20 17 41230 0.9443692634702583
27 17 23 28 45298 1.0843450384813662
4 9 27 0 67674 1.0493365999291295
0 19 28 26 64331 1.0980044238350022
2 24 7 15 45667 0.9063825011282718
24 9 3 23 87711 1.0506670739352222
28 9 4 28 89425 1.014282100776229
23 0 20 21 85444 0.9939791409155008
27 24 8 17 68989 1.0453616763002909
22 9 0 0 64929 1.0665490015604009
17 24 6 11 67626 0.9551496426528517
28 29 12 4 78619 0.9846853343881898
29 0 24 16 54311 1.0012268669707012
24 24 10 18 46218 1.0010206154605998
14 19 7 6 44674 0.9401161954922171
16 3 21 25 77188 0.9645881552752248
26 2 22 27 71513 1.0960653203037691
29 10 23 16 37647 0.9822112925527471
3 26 15 7 57669 0.9034602333468974
7 12 12 24 41879 0.9775905967670968
1 18 4 11 29640 0.9160278953582983
11 25 6 9 50287 0.9952813952956523
9 26 12 1 51230 1.0601211167109619
6 21 26 11 66282 1.0825124980709235
25 25 18 9 69104 0.9282411477532753
29 25 24 7 51733 0.9754153546922083
11 23 23 16 44669 1.0594050482365969
26 16 28 26 31304 1.0326898465823893
21 22 18 29 36165 0.9128645153627147
6 25 5 0 71469 1.09111616058604
8 23 0 13 52544 1.0368533685028063
10 1 24 16 63168 1.0874057676114288
5 15 24 23 64959 1.0676056493032415
16 24 18 10 51042 1.0339483225205366
17 17 29 28 52211 1.0420334405130245
29 22 11 9 64153 1.0379176268389405
7 27 20 9 64522 1.0957434342021046
6 26 8 17 31809 1.0469880842872588
18 21 18 4 71873 0.966104227044737
16 10 19 20 39167 1.032216915707145
16 12 2 0 51935 0.9037811560002156
5 19 25 18 37562 0.9765143796031241
15 19 4 6 59310 0.9503902164263537
27 27 19 16 56086 1.0806550861332658
19 6 29 14 45563 1.0314034242030257
25 17 2 3 77464 1.0386390759120014
4 9 22 5 54406 1.0016272644925817
17 4 5 17 66090 0.9703525196018905
8 10 6 1 27258 1.0427252173909713
3 19 13 17 27585 1.0039238172361482
18 12 8 2 49238 1.0110961218676526
0 4 12 1 30175 1.0513413031563135
21 14 20 4 44004 0.9517226864502666
12 12 1 24 43920 1.037010534798599
21 26 14 21 34502 0.9817741492919987
25 3 20 27 80098 0.9377292988652985
27 13 26 26 39445 0.985512215634494
9 8 10 18 31526 1.034423820676755
29 18 9 13 61212 0.9909848284475318
6 1 11 20 54255 1.0107008082031737
17 20 29 8 66960 0.9914550898553658
24 9 8 20 67274 0.9674103732010599
28 22 2 21 73692 1.016321026993699
0 21 8 10 49456 0.9425640613129277
16 9 4 18 40168 1.0882933395116767
2 22 14 1 69703 0.9401057230423772
25 18 8 5 63208 1.0367422501509524
4 28 15 26 29017 0.9272761622151734
7 17 18 12 57153 1.061012799407884
6 20 15 5 48783 0.9272335849598413
11 3 20 22 64629 1.0209237743062562
26 14 7 23 75198 1.0106146696170415
23 16 22 4 54663 1.0349562393357785
1 21 16 14 44472 0.9903550816199382
24 23 0 7 88075 1.079612724059381
0 25 27 6 99174 0.9975938581459229
14 19 2 14 38820 1.0841626308431378
25 11 17 18 40786 0.9720998609447491
20 22 24 2 79269 0.9652997378005487
23 21 10 29 54242 0.9005434427746141
23 3 18 9 34259 0.9878835756731528
26 20 21 2 69310 0.9430448005964258
25 16 6 1 74767 0.9056993427112583
11 20 3 25 35753 1.0187350823956256
13 11 0 16 46878 0.9643622320099384
4 28 25 12 83555 1.0110012464075462
6 23 25 14 61895 1.0823692382015369
0 0 12 2 23852 1.0335842515061482
3 4 21 26 84087 0.9930589403404011
13 23 3 5 70080 1.0993058285469606
13 6 14 16 34244 1.0673303231035234
25 15 21 28 56764 0.9921830008052754
28 16 21 23 56615 1.0593369816612304
11 21 11 8 34524 0.989653159661315
10 20 15 13 27746 0.9758346257525526
6 22 28 19 58287 1.0454212889878818
19 19 13 8 37916 0.9158862233963194
19 25 13 6 58694 1.0128379465182913
2 27 20 1 81951 0.9939073503526719
23 20 3 19 47976 0.941014983268875
11 20 17 1 53403 1.0178088984740732
3 28 14 26 26965 0.9374777523014477
21 10 26 25 60006 0.9244995643319617
17 1 21 15 64692 1.0340168661284819
23 11 26 4 24071 1.0417021081856674
20 27 24 2 78463 0.9294181916875877
28 21 20 16 41338 0.9132468229350087
21 12 23 26 65253 0.9098745213844729
23 13 14 9 35925 1.0903662270625476
4 23 19 2 78908 0.9457478603570559
11 4 26 12 52216 0.9811342164861426
28 2 27 11 22924 1.0721663410412836
29 22 17 24 38267 0.9871307934846161
2 8 14 18 45784 1.0979951064294378
28 17 19 6 51832 0.939473890482907
13 26 7 16 40372 0.9822272568341428
24 6 2 3 60379 0.9337053671848452
1 8 8 25 55827 0.9874112281360959
8 15 6 28 49129 0.9287823144658623
8 10 3 26 56988 0.9643177959330014
27 13 11 22 63264 0.9219311656580499
11 0 24 9 59409 0.977386626749644
11 22 23 10 51227 1.0522797584646426
21 12 0 18 61436 0.9899497757051374
16 2 29 10 41614 1.030847156282218
1 5 18 19 62263 1.041905881902832
26 6 18 22 68722 0.9136595517728532
0 15 7 1 46027 1.058708507748697
20 1 4 24 87995 1.0527152320249216
24 11 20 4 37292 0.9676636316828751
5 29 8 3 78415 1.0160170786231373
21 17 19 8 51696 0.9415263783200181
10 2 27 13 61139 1.0161331307129209
8 22 10 14 34757 0.9660227112034363
0 20 1 5 37614 0.9891263751682053
27 28 11 26 35767 1.0424041763513845
17 15 15 27 48786 0.9739614429823602
17 18 7 26 32088 0.9867562231897954
4 20 29 0 90563 0.9665240076904583
3 8 13 18 41530 0.9265531471735826
28 15 25 2 32962 0.9870567647895545
2 29 1 17 25266 0.9531885162099191
17 19 28 16 38512 1.0573886905174081
19 22 11 19 33169 1.060450926838035
26 2 15 2 21452 1.026075423128614
24 5 0 18 83617 1.0996597570666318
8 25 29 3 91033 1.0802503115047586
12 5 17 20 43662 1.09963254080558
3 6 1 16 32283 0.9754636267433814
28 27 17 25 28477 1.0983472499952458
7 4 3 12 33422 0.9008430882405136
3 7 8 13 35325 0.9381869534431049
27 16 0 12 77524 0.93403530191844
14 24 27 13 69269 1.0118288680437
28 19 14 29 57427 0.9268667190857858
29 1 2 20 91960 1.0080177854134604
28 16 0 19 66432 1.0982403673342254
23 7 1 29 86899 1.064235358892549
29 16 23 24 37099 0.9426471010189492
2 7 23 18 66177 0.9640296612035067
21 24 15 5 75223 1.068380399665978
1 15 1 27 27949 0.9841787489222137
16 26 25 21 35376 0.9091709357247336
24 29 22 7 78987 1.0371451682587682
23 14 14 29 69773 1.0088160523136425
17 17 26 19 25582 0.958981628513206
1 1 18 28 83772 1.0726312975046794
11 7 2 11 38317 0.9919188459201213
5 13 17 24 65623 0.9718400681466153
16 27 28 28 32587 0.9628508775873217
11 2 20 0 27638 1.0569277385901736
0 7 9 9 28322 0.9201971745947062
11 24 11 2 49874 0.9027696239234675
29 17 8 15 64927 1.0678505197134411
15 6 21 26 59989 1.086728431968027
12 18 25 25 40321 0.9173386532205424
19 14 10 9 36433 0.9779225141474445
1 14 18 26 53029 0.956615760338318
1 16 9 7 41556 1.0438854572723821
7 22 27 4 91227 1.0720616904304063
8 23 18 9 60966 0.9707721678923739
0 16 27 22 79913 1.0141980974298548
4 11 14 13 44675 1.0674069301636673
25 20 10 15 43969 0.968148938596374
19 27 0 6 82231 0.9396703167183158
22 4 10 21 70508 0.9619428829292037
20 3 2 7 56369 0.977553565382079
9 9 5 27 55970 1.0996172232681865
29 27 4 1 96258 1.083859999264267
29 13 6 11 67786 1.012256344026194
4 12 22 14 69960 0.9987435528007605
23 19 17 3 67605 0.9211315421003976
2 25 27 26 43409 1.0858201498420816
27 17 3 12 74760 0.949622465821534
28 26 11 4 73673 0.9903169139496986
10 2 17 29 71662 0.9612622839317639
9 9 23 29 69493 0.9823265710407281
27 7 23 15 37569 0.9476040751990613
18 14 9 4 54501 1.001424270809379
19 21 1 4 73180 0.9228466454452258
27 8 6 7 62066 1.0855517914508328
28 25 3 3 95929 0.9372610886620281
8 11 28 0 63207 0.9032640125678622
22 16 27 27 57366 1.0687323493424872
5 20 26 24 70869 0.9509773084283593
17 13 14 28 54104 1.0605813934116122
26 10 29 1 25054 1.0051660881349422
13 25 14 9 41592 0.9922354668057181
3 15 22 25 67489 1.0266816579379072
26 12 9 24 70836 1.0690468822040082
18 16 5 5 72695 0.9805792664402984
4 4 29 20 98866 0.9164664809881478
1 27 23 10 75052 1.0809035657733728
24 2 9 15 56425 0.9473236756020177
2 11 10 5 39987 0.9560638020979453
15 7 7 17 45120 0.9628176531044732
9 29 17 22 39214 0.9504452186426485
19 18 28 15 33847 0.9803791967530524
19 21 23 14 36744 1.0787573325463795
10 5 9 16 39765 1.0194574645918437
5 5 19 9 53476 0.9388201447722759
13 26 2 7 63734 1.0044317355317816
11 4 24 6 46997 0.998378402273692
7 9 22 22 67029 1.0961413420290946
8 20 4 4 72900 1.0792820985956608
4 11 14 13 44675 0.9691481752540143
4 9 16 21 53376 1.0720480646137494
6 22 12 28 27922 1.0559282464022857
5 3 1 16 43682 0.9597305227168456
11 28 5 9 55529 0.9875634151993433
13 4 17 27 60323 1.0850736254742968
0 5 27 5 73797 1.0237710234957327
18 6 14 20 60535 1.055821781491982
11 27 25 27 33496 0.9025838419700905
29 19 18 14 48521 0.9337107137155891
10 13 24 15 45466 0.9068167539799242
18 7 25 26 75679 1.0688655651794672
24 2 17 10 36752 0.9222955530023215
20 21 9 24 42223 0.9110983782837478
1 0 4 8 31942 0.9180347602630976
21 19 6 2 61869 1.0024156341519448
19 14 25 10 28088 0.9854674092658007
13 0 6 22 58121 0.9540933738065808
25 1 4 14 69033 0.9646999338484463
16 7 0 16 60633 1.099162527370834
27 25 15 4 83461 0.9087428330801423
17 23 29 21 45835 1.071710058426794
29 23 8 26 40857 1.0957270730257664
27 23 18 7 73064 1.04621712823604
22 13 29 5 46561 1.0890254763999334
5 4 26 23 100945 1.082564734168479
14 19 23 15 33145 0.9583817627662977
8 0 29 15 75797 1.0070520333676882
22 20 1 26 63365 0.9019937952578387
3 7 28 26 86618 0.9582191434194216
12 28 26 6 75970 1.0341570626155538
22 17 3 8 64330 0.9630463492165693
27 25 15 24 37400 0.9961641066651725
9 7 24 17 54523 1.0187503088163599
14 12 20 20 39168 0.9808675822794347
13 19 3 0 53979 0.9337570474615803
18 29 14 10 56233 1.0784370884625516
13 19 0 1 62296 1.0409705336644939
0 6 9 22 65410 0.9702555129417395
23 10 26 1 27162 1.0661039345736487
15 5 8 1 25892 0.9137135729609634
29 14 5 4 83206 1.0980428589455238
3 0 10 19 55478 0.9102714990707773
26 8 8 21 73626 1.0967288470942969
7 15 0 6 45973 0.9180853494391984
8 21 3 7 61065 0.9353319590655907
17 18 0 24 48982 0.97676428665321
9 25 6 12 49707 0.9089532072196784
14 4 19 27 67895 1.0313778737797903
0 12 19 21 63543 0.9318096888738836
22 28 1 7 84254 0.9811143379933268
17 18 13 8 30681 0.952279385686536
17 11 25 9 26841 0.968038684852212
24 0 20 28 94538 1.0949206241762512
25 0 10 6 48716 0.9777866218006175
4 2 24 8 59652 0.9369512330270952
21 0 7 9 45738 0.9997764328328418
1 3 6 13 38909 1.0669318789274749
0 1 18 14 68743 1.0175926745709707
17 27 24 16 53321 0.9319539888709798
28 3 9 7 54226 1.0309225897400485
26 0 7 24 96017 1.0085694980758062
1 10 22 9 53865 0.9718325991175664
9 15 13 1 38265 1.0603953837257714
4 15 2 23 37877 0.973964953688394
22 3 2 27 86023 0.9787173206407609
18 18 29 2 64658 0.9246451708417985
7 29 13 0 77463 0.9178561568239666
27 28 0 14 79403 1.0683296910189966
5 15 16 22 47059 0.9242826148067483
15 5 21 14 45355 1.0431343778826667
21 25 29 14 43385 0.9524396551459243
3 20 4 11 41983 0.9444611597821314
4 19 10 9 39037 1.0435424663330808
18 18 14 25 30204 0.9351736574260442
6 6 28 2 52548 1.0206889964529375
10 16 2 18 20703 1.0539190135218672
16 23 10 29 37762 1.0221631739248844
2 6 15 0 44716 0.9968855535327309
17 0 26 9 46306 1.0360820881046129
27 24 7 6 91593 1.0302569821756935
13 29 4 18 43623 0.9044564947763217
12 0 2 1 26835 0.9031302350684279
6 7 17 12 45355 0.9830595669413693
27 21 1 3 99842 0.9785307148009752
14 1 5 21 63658 1.0498772838296562
11 10 22 14 46096 1.0585462570244244
3 20 10 24 39887 1.0288072189812774
15 29 13 0 71745 1.0773750999822957
16 7 25 0 44058 0.9212746699296527
5 25 23 2 84506 0.9057453048186522
7 5 5 20 57277 1.0318640365731706
12 15 3 6 43276 0.9410404192045506
19 1 17 25 78090 0.9571745692444723
0 7 7 29 73269 1.0890178622277995
12 5 28 25 69848 0.9237061381536339
27 16 0 8 86448 1.0229979647462573
15 29 29 16 57297 0.9232305752132539
1 15 22 12 66244 1.0404059662036673
11 5 3 25 66188 0.9171059487867093
26 1 17 21 82948 1.0556820578919486
21 20 2 22 60983 1.0377582379914725
1 10 24 12 65053 0.9441218835539118
17 16 23 24 46903 0.9201685488246666
7 12 7 22 43585 0.9450436004971923
10 13 18 22 41470 0.9801480546910426
25 10 21 4 25655 1.075796123564216
21 27 5 26 32669 1.064333284810148
0 18 15 7 49672 1.0061222147114204
2 4 6 10 33847 0.9031591312260603
15 29 23 25 34111 0.9843349756481118
19 26 15 6 56844 1.0182825970903298
14 9 1 26 53322 1.0705997838822996
