5716 4414 5431 4916 5149 4597 5369 4669 4856 4028 4004 5217 3897 5164 5696 4578 4192 5623 2737 4092 3891 2517 3761 2755 3274 2772 2787 3643 3447
5683 6534 6723 7060 7175 7421 6538 7477 7055 6032 5982 6689 8485 8043 7666 7644 7606 7543 7837 7701 7292 7126 8574 8385 7690 8366 7956 7663 7493
5317 6204 5076 6264 5659 6329 6707 5563 5958 6625 6834 5899 5317 6499 5771 5438 5677 6000 5910 6117 5589 5926 6109 5335 6693 6499 6869 6604 4749
8374 7492 8161 7296 6710 6911 6732 7779 8048 6889 6788 7347 8533 7964 6702 8516 7995 7844 7976 7419 7343 7898 7161 7074 7052 8152 8143 1530 2530
6235 6202 6353 5342 5384 6802 5551 6446 5663 6130 6395 6518 7462 7674 6432 7622 6566 6735 7625 6541 6237 7293 6021 7298 6557 5931 5989 6136 5885
2263 3372 2802 3576 2690 2896 2403 3738 3736 3686 3576 3318 3548 6972 8506 7646 7219 6738 7350 7340 6778 8120 8423 8406 7288 7929 7573 8459 6873
3954 3337 6600 5870 6704 5820 7154 6374 6267 5970 5966 5657 5423 6234 6025 5341 6912 6136 5958 5866 5539 6777 5449 5292 5468 5316 5391 6730 6864
6404 6319 5365 5541 6139 6564 5533 5175 6565 6583 5538 6090 6321 6024 5744 6570 5167 5771 5070 5239 5286 6189 5511 5556 6512 5986 2862 3573 3737
2726 3298 3423 2633 2481 3065 3456 2959 3225 3453 3333 3268 3287 3455 3263 3557 3858 3634 3050 4318 4320 3168 3238 4211 2753 3236 2897 3673 3029
3577 4448 3524 3907 2982 3978 4873 3562 3875 3998 4725 3688 3328 4105 4036 4837 2982 4502 3510 4710 4488 4734 3805 3555 4656 3988 3742 3327 4540
1858 2418 3310 3158 7350 7554 7005 6386 7893 7069 7043 6552 7084 7177 7692 6516 6755 7245 7874 6495 6681 7191 6237 7063 7076 6153 6820 6197 6864
7266 7645 7678 7109 6776 8065 8071 7056 8266 7696 8093 7304 7399 8182 6602 7757 7466 8107 7327 6456 8253 7206 7520 6934 8309 8312 7296 7300 7529
2064 2270 2621 3277 2205 2864 5900 6029 5120 5798 6501 6520 5171 6301 5847 5241 5803 5459 6233 6293 5565 6913 6542 6774 5636 5743 6689 5661 5059
5428 6910 6800 6525 2402 3294 2158 2039 2811 3183 1767 3470 2679 3016 2041 2122 3174 3238 2600 2646 1865 1863 3169 3357 2893 1951 1941 2470 3044
6097 7198 6116 7252 7164 6247 6286 7441 7871 7023 7765 7825 7531 7318 7538 7018 6380 4830 3644 3525 3229 3214 3169 4516 4955 4560 4162 4224 4165
8040 7544 7668 7566 7938 7570 7058 6967 7677 8047 8801 7700 7263 5733 5882 5411 4198 4703 5336 5956 5846 5154 5803 5801 5757 5272 5040 5592 5927
6478 7451 6411 7285 7992 7675 7353 5886 5975 6539 6416 6162 5875 6509 6142 5958 5467 5613 5612 6474 6556 6810 5791 6674 6461 5737 6500 6720 6951
3768 4120 2501 4244 4106 3210 3068 3346 4374 2789 4119 4352 3568 2559 2472 3678 3136 7056 7227 8666 6871 8207 6988 6836 8442 7222 8065 8221 8237
6015 5730 4646 4813 5082 5419 6235 8139 6450 7026 8263 6997 7987 7039 8177 7586 7419 7722 8294 7725 7257 7290 8035 7336 8311 7593 7909 6942 6845
4537 4262 4375 4113 3736 3663 3964 4883 3806 3618 4308 3581 3571 4518 3695 4436 4009 4168 4304 3375 4852 3578 3870 3900 4006 4002 4448 4828 4709
3020 2024 2245 2043 2542 3008 2334 2503 1528 2034 1939 1626 2343 1486 3056 2024 1403 2266 2596 1757 2007 2153 1679 2173 1611 3840 3808 3690 3884
7792 7309 6648 8026 7581 7447 7420 7163 7450 6232 6756 6283 8051 7138 8072 8035 6836 7443 6356 6610 6226 6840 7177 6268 6599 7049 6535 4556 4744
5843 7014 5851 6195 5701 6443 5966 5954 7259 7043 7189 7423 6658 6120 6235 6759 5686 6650 5727 5824 7371 7166 5943 5206 6661 6254 5463 5965 6592
4910 4185 4851 7041 7009 8379 7485 7105 7942 6861 8051 7283 7382 6853 6504 8257 7564 7078 8307 7818 6963 7281 7342 7534 6495 8162 7073 7129 6937
8407 7861 8081 8626 8534 7880 7295 7759 8130 8204 8476 8112 7678 7176 8116 8020 8033 8534 7732 7444 8408 7528 7986 7386 6947 8689 8031 6889 8199
2772 2778 2729 3383 1963 2918 2488 3246 2587 1744 2532 1829 2788 4314 4968 4033 4968 5035 4680 4680 3590 3953 4169 5443 5142 4646 3996 5065 5271
4926 6020 5051 6129 5684 5124 4930 4892 5655 4576 5092 4767 5334 4713 5127 4287 5812 4366 5617 5026 5185 4429 5309 4064 4435 4636 5682 4200 4945
7825 5167 4368 4654 4143 5269 4734 4495 5884 4534 5460 4435 4292 5766 4105 5948 4478 5919 5240 4752 4231 5691 5648 5441 4738 4463 5394 5957 5021
5495 4828 4397 5516 5828 4578 5205 4759 4022 7363 7945 8429 8016 7305 7342 8194 7191 7700 7846 7828 8816 7816 7544 8497 7678 8470 7958 8096 7204
6003 5333 5329 5939 5774 4920 5403 5043 5358 5723 6219 4722 5130 5229 5381 5679 5427 4772 4491 6006 6319 6492 7086 6327 6992 7056 6265 6687 6185
4849 7767 4190 7308 5900 3059 8541 5300 3861 5541 6781 5143 1912 4360 4554 5301 3943 8298 6106 7913 5822 4252 7431 3348 7651 1456 4306 5026 3973 3062
4696 7528 3961 6835 6027 4137 7623 4685 2875 5610 7045 4768 3433 3056 4872 5146 4063 7752 6408 8751 6544 3973 8387 3680 7270 2534 3777 5040 3689 1574
3643 7949 5202 7211 6511 4465 8525 5868 3027 3858 6188 4559 2256 3269 4164 4316 3680 8656 6242 8443 5026 5278 7728 3215 8053 1904 2957 6045 4301 1839
4262 7539 3960 5825 6210 4531 8589 4664 2449 4180 7313 5234 3476 3579 4428 4207 4066 8787 7101 7675 4717 4916 8772 3260 7221 2175 4220 6551 4374 3397
4497 8294 4124 6107 4685 5003 7669 5407 3068 4155 6724 6068 3469 3535 4093 5952 7773 6499 6480 7856 5883 4542 8009 2838 6591 2368 3365 6905 3646 2639
4196 6770 4146 5922 6324 5386 8756 5412 3646 4023 6798 4737 2471 2748 3395 7525 6870 7668 7763 7291 5115 4323 7671 2216 7546 2297 4024 6564 2960 3004
3006 6801 5130 5987 5274 4846 7091 4867 2236 4774 6810 4360 2701 3090 4500 7313 7705 7923 7803 8911 6444 5521 7848 2270 7103 7531 3323 5925 4346 2898
3988 6840 5362 6736 6313 4183 7460 4784 4042 4386 5059 5579 2249 4287 2703 7222 7475 7756 6264 8719 6568 5728 6830 1853 8310 7204 4382 7257 3369 2645
3249 7779 4332 6759 5808 5205 8541 4611 3383 4201 5148 5266 2120 3497 3892 8020 7765 6541 6445 7866 6287 4205 7912 2414 7407 8615 3027 6131 3917 2335
4460 7079 3960 5905 5120 5587 7141 5890 3397 4792 3951 4750 2864 3610 3690 7026 7817 7100 7794 8130 6435 3988 6306 2390 7898 8431 2942 6872 3176 2646
3610 7069 4711 5518 4906 5466 8781 5507 3136 4267 5211 3107 3439 4130 4494 6899 7292 6675 6143 8383 5921 4735 7662 2873 6174 8125 4139 5999 4005 1731
4462 6930 4758 6964 5422 4818 4027 6190 2652 4800 4268 3129 2445 3619 3780 7479 6432 7196 6991 8289 4982 5545 8033 2178 5665 8568 3154 5670 3503 2010
4692 7762 4804 5888 5696 4872 4345 5807 3273 5767 3833 3621 1928 3263 4180 8519 7746 7944 7228 8178 5852 5141 6766 2840 6578 7450 4476 6867 3371 2701
4647 6916 4888 7181 5314 4083 3495 6129 3183 5375 5167 2772 2370 4193 2952 8532 7077 6508 6955 7105 5167 4763 6776 3431 6596 7856 3024 6595 2941 1878
3883 7477 4678 6847 6110 5610 3512 4866 5975 5046 4712 3383 2429 3066 3885 8416 6852 8185 7671 7810 6095 5547 7502 2715 6858 8644 4265 6396 4395 1619
4628 7644 5337 5882 5259 4921 4044 4616 7103 4242 5340 2081 2943 5414 3751 7750 7462 7389 6360 7582 6077 4556 7686 3157 5946 8501 3682 6726 3246 2378
3102 7381 4969 6369 5880 5356 5259 5168 7165 4764 4807 3647 2037 4742 4309 6938 6552 7446 6712 3460 5179 5592 7676 2589 6419 7880 2893 6612 3525 3143
3410 8442 4033 6569 5935 3849 3813 4843 6202 4815 5175 2866 2478 4827 3947 6864 7484 6624 6831 5017 6458 5141 6895 2421 5641 7073 3042 5754 5826 2017
3307 6723 4663 2929 5468 4293 5109 5245 5942 4096 4624 3176 1596 4557 3161 6766 7427 7908 6509 4037 5863 5123 7571 2928 7247 7262 3929 6737 6533 2971
3506 8415 4157 3652 5689 5387 4040 5583 5868 5060 5493 2724 1860 6346 4511 7779 7731 6551 7306 4538 5501 5607 7403 2760 7054 7442 4379 5871 7231 3257
4216 8032 3966 3086 6323 5097 4579 4564 6477 5556 5226 2687 2427 5934 3605 8314 7381 7945 7209 4527 5178 5612 7233 3133 6741 7105 3371 5725 6883 2478
3017 7722 4651 3358 5359 4645 5315 6005 6845 5425 4681 1757 1871 4670 3584 7034 7313 7387 6794 4703 5227 5650 6447 2256 6403 7728 4064 6911 7182 2011
4431 6762 4278 3848 4679 3936 3793 4825 6865 4403 4304 2228 1821 5193 4057 7117 7698 6524 7850 3827 6671 4149 6760 5549 5916 7978 3900 5840 7228 2064
3859 6953 4212 3241 7179 5542 4863 5429 7342 4376 4244 2100 1632 5155 4077 8266 6490 6847 6176 4024 5382 4825 7837 4538 5840 7002 3724 6891 7301 2087
4690 7110 4858 2744 6881 4441 3787 6005 7217 4445 4048 2886 2734 5925 2846 7887 7261 8031 6766 4754 6623 4825 7612 5253 6065 7134 4842 7226 7529 3213
3855 8143 3313 2671 7972 5051 3487 5282 6025 4299 4243 3192 1453 5091 2950 8448 8186 7012 6469 3598 6383 5824 8084 4324 5810 7921 3559 6360 6351 4800
3070 7505 4037 3115 7309 5684 4524 4776 6791 4500 4751 2711 2350 5079 2957 8005 6806 6493 6318 4821 5019 5855 6715 4259 7194 7866 4305 5404 7122 6100
4769 2655 4420 3422 7298 5205 3806 6237 6552 4971 4067 1750 1676 4671 3951 7702 7997 6691 6500 3664 4928 5266 6619 5312 5856 7161 4168 6676 7608 4693
3219 2973 3141 2463 6708 4172 5246 4697 6297 4991 3842 3099 1634 6105 3269 8521 7769 7798 4240 3595 5953 5397 7861 5166 5913 7818 3986 5409 5976 5359
11 6 0 22 91349 0.949874048773596
6 13 23 17 71050 1.0420948029029897
3 13 29 3 91438 0.9511538661457528
17 25 17 13 55659 1.0024614232108553
28 8 26 29 92811 0.930149329822663
18 25 20 11 42324 1.0836475673215116
29 12 27 0 45007 1.04858445767169
19 23 21 6 42073 1.0073300131575647
15 27 28 6 90087 1.049558605162416
26 10 17 12 25023 0.9775322576265377
25 9 2 10 74454 0.9214587582601892
14 23 4 17 65755 1.072524566082507
15 12 11 3 39882 0.9255032795600168
19 29 8 8 84150 1.0702293540124739
6 18 9 26 45388 1.035358965191593
27 19 14 6 80064 1.075268551795352
3 7 27 24 121065 0.9175163289951307
6 26 22 14 76731 0.9436578177533546
18 8 3 0 84302 0.936899997469815
10 29 10 17 59294 0.9578114906657319
25 26 15 7 84993 0.9443219267292566
5 28 12 1 101563 0.9975976800737963
8 19 20 2 74415 0.9121679404915046
9 5 26 4 83904 1.0748533740635153
4 6 20 9 69655 0.9559011652259379
1 7 17 7 67375 1.0071394472587554
11 20 1 0 107721 1.0490264926761925
15 13 29 17 62621 1.0843666191300223
19 15 4 1 88601 1.056740120881436
19 22 10 4 79006 1.034111943359171
16 26 28 3 87020 1.0018440881777828
29 6 13 0 75376 0.9915667252005681
15 11 23 18 50445 1.0567841418420407
11 16 24 11 50147 1.0999410468376125
29 2 17 5 51137 0.9929228711377112
4 8 19 12 51454 1.0641592110865155
24 15 4 9 77933 0.912690644919101
14 23 12 12 33772 0.9980120291644854
4 28 7 6 96794 0.9037052268413375
28 29 11 8 102091 0.9566388086388721
24 22 6 14 88686 0.9275713588432623
18 1 12 12 53993 1.0101974105828453
3 6 2 17 71556 1.0403168043385627
7 24 10 0 90421 0.9575144433483636
12 3 28 22 108181 1.0547501083263255
2 2 8 10 47993 0.9955633923718843
25 21 9 19 76870 0.946514676227319
4 14 7 4 52254 1.0846935372620503
20 2 11 27 87252 0.9286779591894926
25 25 27 15 56981 1.0507587125651208
6 13 12 3 51288 1.0516162108220068
11 9 12 22 50997 1.0830539579754712
14 27 4 3 99743 0.9716270794069575
14 17 27 25 77672 1.008971922860253
11 29 11 1 88720 1.0931232219347502
15 29 19 19 44906 1.0878249315040731
26 8 24 27 78686 1.094008070676173
26 1 27 24 95954 0.9406462381916803
24 11 5 21 86536 1.0915170245150594
10 29 17 14 59713 0.9080007039584346
19 2 4 16 89955 0.9079706174912946
5 27 14 18 61295 1.082062854562262
5 6 12 20 68042 1.0497093046163706
9 16 21 9 53850 1.0867078975512598
10 1 27 23 110422 1.0166929844737225
27 21 16 10 73623 1.012982574632572
14 11 1 8 47717 0.9374392892422103
12 0 25 6 63005 1.0686653225654281
28 5 17 9 56324 0.987985678474635
14 29 23 3 87010 1.0828538397709866
3 0 12 9 60111 1.058594994114216
16 6 9 15 48624 0.9017023834060673
25 11 1 15 79591 0.9062313630461074
28 18 16 13 64290 1.0128769975508303
12 16 0 2 91679 1.0513525595256057
17 8 8 2 55797 1.0876613829605921
22 20 2 19 88333 1.0328521032746523
26 28 14 2 113013 0.9713258649713971
10 0 23 2 57186 0.9282232422789916
25 7 26 21 56533 0.9772940676928953
10 22 16 27 39800 0.9684560560351361
27 1 2 3 117106 0.9585198038927201
14 17 11 24 33841 0.9580295709590637
11 4 21 20 68086 0.9231787406709517
7 10 24 17 79184 1.0255593393409135
11 4 21 1 57881 1.0980065151012803
10 29 13 11 53981 0.973686662541676
7 11 26 6 65246 0.9496187307189298
12 3 11 12 32492 1.013319545196956
27 13 11 23 66369 0.9211675156060273
2 28 15 14 77805 1.0891342713351626
17 10 4 25 78906 0.9968687296793739
1 23 17 14 69642 1.0612316622680857
17 12 24 7 34362 1.075752823305186
25 20 3 0 124434 0.9248756565626867
0 11 19 19 75405 0.9079459548274689
24 0 20 19 57543 0.9281884686960258
10 28 9 17 48193 0.9779387092764373
25 18 26 5 48501 1.0882035243644401
5 16 24 11 71088 1.0584037909477884
29 21 8 9 103575 0.999315397574628
18 2 14 20 73018 0.9527795473622587
12 22 24 7 76151 0.9527759111290841
26 16 26 0 54290 0.9160264930929337
17 17 27 29 75300 0.9055814799541682
18 13 13 26 53202 0.922995033715754
18 26 29 13 61430 0.9617825664575941
26 19 21 5 60676 0.9766183415634293
13 9 27 19 69561 0.9032560131394393
23 10 7 24 79224 1.0954071935378125
10 28 22 23 48881 0.9828253577546935
19 25 28 23 45290 0.9978445689510688
9 21 15 13 47370 1.0927692406416099
3 19 25 18 107671 0.9031090790331168
28 22 13 16 80135 1.0878400734834774
11 9 14 0 46375 0.9110957678407636
29 24 7 11 105735 1.0593488767935273
27 17 22 7 55737 0.9633863752042472
18 13 23 2 44685 0.9830442789717729
15 13 2 13 44086 0.9405672973392759
15 22 9 27 38171 0.9879114695038391
27 29 11 10 93580 1.0413786864889172
20 19 12 22 36979 0.9379584733639181
19 24 24 19 31337 1.017102164845713
24 6 1 17 107936 0.936850618079606
3 8 20 8 62890 1.0730780899136512
17 9 16 28 72646 1.0576662453174293
16 8 15 24 67852 1.0528712897920236
27 29 3 8 120292 0.9072112568856188
0 17 3 2 78578 0.9957657003094944
26 10 15 27 72448 1.0873388968530195
24 5 19 10 36120 0.9945029371638109
0 19 6 28 50461 0.9007388767531979
2 8 16 17 75715 0.9789692248181342
8 13 23 18 66227 0.9372237681116282
19 1 19 20 52653 0.938715222986935
10 21 2 1 100267 0.9955651009756343
22 1 14 13 58307 0.9820936157229989
15 7 0 19 90915 0.9632253429965607
5 14 17 26 75417 1.009135727749636
7 5 3 20 84091 0.933794326769763
28 15 8 8 76575 1.0886271954556064
20 13 6 15 50822 1.0816510662721155
1 7 24 17 108053 1.095228431800276
3 6 27 9 95663 1.0702221135291003
25 29 7 13 89712 1.0966255753947314
17 13 24 24 54623 0.908500291940746
12 23 16 0 84177 0.959524610753262
24 10 2 17 92120 0.9317786908578989
13 0 26 17 89092 0.934633653209377
26 7 23 20 61712 1.0752240098946102
20 28 9 4 92689 1.006422811265266
17 29 0 25 54148 0.98983895781798
13 8 23 22 67806 1.0914866412399749
27 3 1 20 131238 1.0453278299406232
15 19 21 27 49387 0.9408787101434669
5 3 25 24 114491 1.0244609182471054
7 2 11 9 39696 1.04269668204204
7 26 7 16 47643 0.9396449152126287
7 16 7 2 57695 1.0265819663273867
9 29 26 16 93569 0.9267915813042903
4 22 9 28 35494 0.9114415533138723
14 28 27 9 83713 0.9485353347658698
6 0 13 18 73380 0.904306865814582
4 6 12 29 95113 1.0741698417399053
14 20 11 3 61766 1.0849250970832751
23 3 27 12 32478 1.028211850407581
7 15 6 5 46977 0.9910703471054491
6 8 24 3 76714 1.0061757358547605
27 29 26 6 92927 1.056098449955917
7 12 19 7 45971 0.9100809537726584
18 11 20 25 34080 1.0827971320250451
4 5 0 21 82772 1.0092862949886536
7 6 4 14 45519 0.9967360870294739
12 11 21 25 56463 0.945828870449327
14 5 8 27 77010 0.9766033118432197
5 22 18 25 57417 0.9931797958885848
0 16 27 5 108002 1.0802310327479214
29 7 4 27 130164 0.9790934343083499
11 10 19 16 43411 1.0843445581299553
11 1 29 20 114346 1.018553777163955
26 20 3 7 109175 1.0773830394523074
15 7 4 3 60209 1.0522922994514325
19 19 1 18 90614 1.053907825404926
17 4 18 16 49125 0.967217806242936
2 8 28 20 113898 1.0008898396253982
13 10 7 21 56503 1.0304317930887537
6 27 11 14 66669 1.0686974263630329
28 28 17 2 111081 1.0975273322910593
18 23 14 8 57140 0.9491121388944641
12 25 2 20 55541 0.9521917377413454
6 24 9 14 45713 0.9269920717402104
14 26 28 13 75835 1.0267784442345815
1 12 12 3 60970 1.0727344492880362
8 1 17 22 94683 0.9649289279329547
16 29 10 21 41984 1.0050592081752157
22 26 8 16 73341 1.0709488144872288
26 28 1 24 90708 0.9818927471312151
16 14 11 21 38960 0.9961904026298296
28 18 22 4 76923 0.902210540788776
11 6 3 11 57267 0.9535803406435399
21 12 2 13 52288 1.0925741996180396
22 26 0 8 103355 1.0610249149686553
5 15 14 10 49046 1.0418339159264847
22 26 14 10 63946 1.077667422005584
22 6 4 1 93479 0.9015948890879312
20 4 4 9 68179 1.0850649817867264
13 26 25 8 70149 1.0104652553461524
15 26 3 21 55592 1.0732523745121416
22 17 29 11 47964 0.9977856484678048
29 13 16 27 73865 0.994357387075721
4 16 9 7 55711 1.0226686145540647
11 1 2 28 116603 1.0855498001432429
18 28 20 6 62546 1.0782760106222566
19 6 4 10 65552 0.9204554925972075
25 20 13 6 72830 1.0602112035403781
16 23 29 21 61891 1.044048769736508
24 3 19 27 72311 1.0947881725896471
28 4 3 16 115196 0.9058145662293259
0 11 26 19 96300 1.063812683286446
6 5 23 22 101159 1.006847958418439
28 27 5 1 141952 0.978861746850584
5 10 21 12 45251 0.9935953994145905
26 17 16 7 65845 1.0585390274806308
7 1 28 9 100303 1.0541174783521408
9 8 27 6 72324 1.0952089250545
4 18 22 21 90684 1.010565899738505
28 4 20 20 64065 0.9828489325959675
11 3 4 6 46963 0.9182524463045992
7 22 9 5 70704 1.0596877745007613
28 20 19 3 78317 1.0769481982999551
2 16 16 24 85652 1.0746072945232017
18 21 29 1 83717 1.019004028399049
28 6 12 1 76886 0.937792696452028
25 23 4 6 107555 0.9252666279260391
8 1 0 8 46519 0.965110241105462
18 4 15 23 65296 1.0238448710661767
19 25 17 2 68091 1.0089538780592888
15 3 21 24 76642 0.9420587255880541
9 16 23 27 85045 0.9329129930849857
16 3 9 18 79558 1.0382358766077036
16 12 23 4 41846 1.0716441268837023
18 12 22 5 28170 1.01316979962966
2 4 12 8 51187 0.9115311093993164
27 10 19 23 49207 1.0936714132221157
18 3 16 16 50901 0.9559057903283471
20 5 20 22 36063 1.038985719184375
18 3 7 16 75684 1.022478142952482
7 23 6 1 86126 0.9634119449055802
11 18 19 9 55849 0.9986607950029922
5 7 20 23 76754 1.0414852285892409
27 4 8 2 84252 0.9145718423576966
23 25 1 15 113053 1.0026571216579478
29 10 6 20 98482 1.0432452067503606
18 16 26 6 52296 0.996518854445378
6 14 21 13 50731 0.9635275302974103
10 1 29 24 127227 1.0311755811018612
29 12 8 26 83264 0.9545082511337242
26 0 17 2 41965 1.09484303533952
10 18 1 21 58988 0.9777156647802009
9 18 23 2 84876 0.9062822439442996
18 11 14 5 34084 0.9897173510568735
8 16 17 27 68411 0.9227812480374206
11 6 19 28 83562 1.0903059452026782
26 25 12 3 100154 1.0225461749747673
5 20 17 17 84026 1.0040604983304402
2 13 7 24 63778 1.059885252068315
27 28 7 16 106449 0.9665108334562527
4 5 17 12 58352 0.999630626585419
25 14 15 27 67699 1.0207905201827094
1 26 18 19 82770 0.9806924544861721
26 12 20 25 38492 0.9681595390223947
1 9 19 28 108362 0.9155221929298242
26 22 26 2 77756 0.9738234638290795
22 5 11 24 79437 1.001591051720314
13 26 26 24 57319 1.0393146384141456
29 29 10 14 100896 1.0859788346774726
24 13 4 24 87370 1.0030002552579482
29 13 27 1 50179 0.9900682408028749
20 10 27 2 42348 0.9562100603981067
9 22 15 16 46570 1.0950961491252102
9 11 5 29 73302 1.0456757746781196
3 21 25 0 124327 1.0073940585546421
28 7 3 24 113695 1.0571751417063466
0 29 9 0 119983 1.0855365349396358
20 28 19 18 31560 0.9968290268957725
15 11 5 6 45822 0.9914212079058154
3 3 7 25 102041 0.9961508107258394
25 18 15 7 71289 1.0304133881123492
28 6 11 2 80890 1.0403481003569324
16 3 15 27 92435 0.9808397540091344
7 23 14 3 76651 0.9899127076883266
16 2 19 26 74397 1.0154402242291676
2 11 12 22 67327 0.9918030613999973
18 11 4 15 57658 0.9919387049818607
14 10 17 26 60882 0.9570528655601365
16 14 26 9 37259 0.9825433826305149
4 16 0 26 51366 1.0292794668090082
1 27 17 1 129229 1.0321110875654058
19 2 3 20 111617 1.044999485838661
18 27 10 4 96599 0.9694414885994347
29 19 10 2 108609 1.036010188114393
17 15 14 6 37301 0.9363041266122536
19 3 0 4 100467 1.024885935543339
15 2 15 16 67802 0.9093106681291877
23 21 19 9 45008 1.0128026748951282
19 20 29 15 55280 1.0066665842795735
10 16 1 29 76415 1.0883880988619838
14 22 9 0 78964 0.9484147045599498
12 18 0 9 71510 1.0475229002645519
15 17 24 21 57727 1.0347530556069058
14 5 5 21 83915 1.0044698654753237
29 28 24 11 89663 1.049204875744087
3 29 15 20 59821 0.9908359733732952
5 16 1 25 57823 1.040743603397895
6 12 26 26 87313 1.0400917279838788
16 3 19 21 63621 0.9160192326563484
5 5 13 24 75340 0.9907495596391329
27 3 16 1 48662 0.9000094912088565
17 23 0 12 75068 0.9794399028990849
22 10 7 3 76377 1.0634772083242796
6 26 15 28 36987 0.9064804020668922
11 6 11 24 64165 0.906361905989583
26 26 18 13 62414 0.982066252350517
15 10 8 0 55497 0.9657724205869633
18 5 1 17 102322 0.9499068000039018
20 3 20 29 61333 0.9955692295484659
20 20 19 5 36598 0.9976456403828545
3 6 15 6 56997 0.996662694972891
17 17 23 24 50052 0.9559026974638182
8 9 2 0 49291 1.0652235002817543
7 8 15 6 31087 1.0996235534110181
18 19 0 15 88982 0.9677501155714217
28 24 5 23 79644 0.9989054048837065
8 2 29 24 128692 0.9002058008737326
0 8 27 11 83743 0.9348841726317626
24 19 11 0 87504 1.0659139456925573
19 25 7 10 73605 0.9347222607711637
7 11 28 10 64592 0.9004567788680647
20 4 2 19 102670 0.9614282682265044
1 14 14 0 89660 0.95447875956726
11 17 21 29 65918 1.0828968171732862
2 27 19 9 103120 1.0242029368459415
10 13 5 29 71314 1.0973035624939538
19 10 29 9 41384 0.9427424912588536
10 3 16 25 89179 0.9030991241504172
29 1 14 7 75424 1.04709891477705
28 16 11 11 67477 0.9483508680853273
16 1 19 11 47254 1.0774997273049534
3 20 18 26 71247 0.9106917681672468
6 6 20 2 78676 0.9431682245044698
3 2 22 24 109800 0.9599838261325755
25 23 3 14 97869 1.065721839166792
11 26 20 16 49693 0.93906300290212
4 21 19 21 59875 1.0664897105201703
10 22 15 11 52166 0.9447694370934725
10 17 6 10 45081 1.036014777075926
10 26 5 11 66056 1.0670676794885299
28 23 1 19 112174 1.038477365958246
28 15 14 9 64295 0.9472280911407396
26 13 20 22 38363 1.0984603162198447
12 14 2 18 62025 1.0557186633259739
1 26 16 20 70834 1.0977292244872991
7 27 2 12 73214 1.0265296136501705
12 19 9 28 44388 0.9236410970115634
13 10 25 6 45861 1.0669363012746735
8 23 24 19 57373 1.0376828545531327
6 3 9 23 82158 0.9024531792949544
11 12 5 27 74983 1.0109877306450648
11 19 25 10 65896 1.0626623012882699
29 22 20 19 54472 1.08070072284574
15 23 5 12 54776 0.974620498384981
15 12 22 23 39073 1.0848709996899732
8 10 23 9 56093 0.9002688648440625
25 27 17 12 60225 1.0934712807767941
10 5 27 4 79957 0.9462255952399286
5 11 25 29 92877 1.0161446538780614
3 17 29 22 136256 0.9615101454471721
2 5 26 21 123105 1.0824060738999701
25 1 18 10 47893 1.032211801131103
2 22 29 16 114256 1.0841158805179818
21 10 1 24 91974 0.9750861267365238
24 3 19 25 66526 1.023563775057027
23 24 1 6 114857 0.9005027166536065
9 10 28 0 87950 1.0717994415493783
22 2 24 21 69593 0.9564809244737495
15 1 24 24 97626 0.9606125841650388
23 9 8 3 77365 0.9785493062424827
25 14 14 26 66924 1.0993053415141862
23 8 11 16 67063 0.956520202037067
9 20 24 15 85667 1.0772272693675098
14 2 7 13 59707 0.9739040789943886
19 15 1 26 90263 1.015147603759269
11 0 6 24 90059 0.9291260120270546
19 2 27 5 37262 1.0523578390904624
10 11 25 26 79335 0.944050909083171
22 8 19 23 45979 0.9648387760425134
24 11 19 25 43834 1.0720587738999248
13 14 0 12 40458 1.068080407811304
6 29 16 2 110387 0.9760371471188648
3 27 17 27 54482 0.9270388463520356
7 26 8 5 76489 1.0742784023515077
0 0 27 17 133958 1.0359153434703776
0 27 27 21 106402 1.070391473619748
18 12 24 7 31884 1.071171435407658
24 26 13 8 72397 1.0344069482416383
1 25 13 1 108041 1.042373573489816
26 27 18 6 80649 0.9146275723538855
28 0 27 22 96036 0.9112740267137549
22 19 0 8 89930 0.9524763089265843
28 26 28 8 96709 1.0783207655391205
7 8 2 0 42024 0.9078376313958234
26 26 17 16 67587 0.9972588530634674
29 16 11 23 84818 1.0623150431011383
24 1 5 22 116020 1.0893146418732234
24 9 4 18 98332 1.027450451865906
19 11 26 3 37914 0.9803635455607815
28 5 5 10 84130 0.9189599942371766
1 17 20 15 86123 0.9143291356188172
19 0 23 11 35398 0.9499500853376731
12 0 2 18 98607 1.0328504073119908
4 16 26 26 117850 0.9163384845392409
19 9 29 21 75671 1.0469025374016636
19 6 3 2 81027 1.0445724737588358
0 21 20 26 69278 0.9605244669905977
22 21 19 13 34203 1.0667047624396404
24 3 23 14 39459 0.9220134431374624
29 11 28 29 91542 1.0613737925128128
26 10 18 6 37920 1.0894290594745586
18 10 29 24 82169 1.0556329021843331
14 8 20 17 40439 1.0952530954681787
2 19 28 10 112900 1.086619468845884
28 13 9 1 87581 0.927710723323739
8 2 27 11 78022 0.9478485823083549
26 28 9 1 127704 0.951014910446392
3 15 15 14 52203 1.0226671435583827
12 6 21 14 42920 1.0498880544791591
21 2 19 26 60541 0.9336440526871677
21 18 15 28 53582 1.0782526548720661
0 15 4 29 59941 1.0666414756894687
27 23 1 22 89914 0.9675786026655834
11 22 27 29 68210 1.0968702237966779
19 6 21 28 60487 0.9553047949894448
8 19 20 22 49419 0.9795871416526755
8 1 13 18 63660 0.9969933966722571
16 10 11 18 48611 0.9487963752655866
25 16 0 1 120790 0.9619865525898657
0 28 20 15 85400 0.9798042546208389
1 27 20 16 84759 1.0854819332188594
2 28 29 28 88847 1.0259261501253794
7 14 13 8 33472 0.9731045186624206
29 12 19 16 34069 1.0346925701516405
11 0 9 26 90429 1.072138088892671
16 15 3 28 83640 0.9548043099389394
3 27 22 25 72400 0.9074651238761817
4 28 21 22 72699 0.9276735927573936
26 17 12 17 72452 1.0723324772850344
19 10 11 7 42975 1.0672846017368722
29 25 5 14 119218 0.956720801421114
5 15 22 12 58653 1.0259220363461266
13 23 25 24 46173 0.9810862429579805
4 8 3 25 85676 0.9531443673734181
23 29 12 12 65970 1.0655532243802694
27 26 0 23 90765 0.9047994884919494
24 20 13 26 56499 1.0246216552698166
18 24 19 5 55461 0.9515541925115283
2 13 10 22 65208 1.0761997566519261
2 0 1 20 106805 0.9544400176900435
6 7 29 1 106664 0.9258325776738977
23 18 3 27 94683 1.0509149898654462
6 22 17 25 49437 0.9857530285284404
28 8 23 22 75244 1.074100862051639
7 28 1 17 64484 1.0849558996086588
26 21 0 16 116864 1.0325096984081499
14 14 19 25 50817 0.9487902209801533
1 3 24 9 112562 0.9048388497232424
4 20 6 0 96746 0.9147510006502622
9 4 25 5 79389 0.9005454168816578
9 9 6 21 58246 0.9509819877680628
11 8 26 26 86723 1.0554832017875848
1 26 9 7 93275 0.9133859808909913
13 19 20 7 44213 0.988876428433947
13 4 23 5 49579 1.046342347803186
15 28 10 20 43600 0.9681322484699237
19 0 4 5 74346 0.9340620768619
22 18 6 23 59372 1.0939326954362716
21 10 17 19 37557 0.9088880511936951
4 22 29 26 91437 1.00226734242891
28 4 2 19 132290 1.062860002092459
22 2 3 22 105483 1.004684733709927
27 26 6 29 68278 0.9741668019942229
26 5 28 28 109306 1.0312845006025717
26 21 26 5 66990 0.9756361753797973
27 13 2 2 100217 1.0716156189083332
4 27 25 16 108093 0.9524384150714275
22 23 3 21 65492 1.0614493438805033
8 0 11 20 82466 1.0547895576867599
6 0 22 6 78726 1.0960638236159272
21 25 10 20 54542 0.9253522076090849
14 3 22 22 83505 1.0765516199075849
0 4 19 18 105194 0.9636903105435479
24 14 14 15 46425 1.0136523167406675
3 1 10 21 96353 0.9327840301295882
0 24 1 6 83515 1.0381876325145285
24 21 11 26 59900 1.008944693495372
22 13 14 0 59638 1.0744142523604077
5 7 24 22 100216 1.0143261349082475
24 25 13 14 72017 1.0688024077348097
5 2 10 19 77392 1.0036676746800681
27 12 26 25 63804 0.9675052432581108
18 3 28 4 37582 1.0681535455305933
18 26 29 5 84180 0.9534405051803497
3 0 14 13 73904 1.0028706794033604
25 14 0 3 107813 0.9960223153274347
13 7 4 26 79672 1.0507540034242593
4 12 20 20 56330 0.9246659130712669
2 1 17 24 119269 1.0180854754963187
3 18 26 25 115088 1.0888887267630767
0 3 27 15 117825 0.9393386360588238
8 24 0 18 43889 1.096878612378343
3 28 13 16 62747 1.077414680788694
6 8 12 17 53329 1.0910376526005552
16 28 2 29 40515 1.0254264876615955
6 17 11 23 45084 0.958747191276286
26 6 10 24 86123 0.9088251881393131
12 4 20 26 70949 0.9271466315326989
23 5 14 12 41993 0.9553514630699156
12 7 4 22 75383 1.095945506501379
24 17 15 22 60601 0.9013394156553276
27 2 23 12 37135 1.0763315641681268
8 11 1 20 67036 0.9096339106835222
12 6 14 17 39313 0.9119241155946107
0 13 20 22 75464 0.9570688881958271
23 18 27 11 46780 0.9859687409466967
2 26 18 23 57134 1.0941435781861115
4 22 17 26 49958 1.062826454708167
18 27 29 16 82987 0.9030490406462172
0 26 3 1 117492 0.910356373032683
0 0 10 8 62391 1.055146578070775
16 17 25 16 55381 0.9363006607334701
22 1 25 23 80932 0.9353467911305964
15 3 27 29 109487 0.9863295792993907
18 27 22 8 66407 0.9770907427048063
3 23 14 5 76350 1.049998331195744
1 16 12 13 56866 0.9876499865401133
0 6 19 22 103687 0.9867617009265128
5 26 17 28 47782 1.070279009325908
18 28 23 20 50727 1.0547481641517638
28 7 9 15 76576 1.0854362601315832
25 7 2 16 89992 1.0168258521767954
26 16 27 7 41462 1.037336233693868
24 26 15 10 70005 1.0288518078469708
17 14 28 11 32028 1.0423844186495863
2 26 29 28 97419 1.0947069774271552
20 2 29 24 90689 0.988513261898929
26 5 28 27 103109 1.0261892099952707
18 29 28 11 67971 1.093389865205559
19 29 23 10 61382 0.9940189941545516
2 5 0 28 101315 1.0933805321422123
22 6 0 5 99043 0.96074724092018
11 7 3 9 38967 1.0463908144642455
18 5 13 11 35327 0.9519945392668974
16 8 23 21 62282 1.028503812556489
3 6 11 16 73861 1.0879785462497291
28 2 20 13 49123 1.0142682281223472
29 14 14 9 57465 1.092706281864787
5 16 29 25 130931 0.9193407831097621
4 25 7 7 79718 1.0380590969120704
8 28 5 8 77655 1.0902567130834375
0 12 22 4 79672 1.0931496143238584
26 6 5 25 101044 0.9879685862449418
3 14 20 1 78196 0.9865139837791678
23 20 5 19 89954 1.0044376986211303
1 22 28 11 103339 1.0508692601063054
24 29 13 7 79399 1.0262755116280162
10 5 20 2 55485 0.9582815831247183
11 8 23 22 73731 1.0404799272215886
2 10 16 14 58434 0.9136210530873045
18 12 1 13 49461 0.956522159803447
25 14 7 18 73414 0.9398396384018677
14 29 22 19 51217 1.077880599196944
25 28 10 21 70496 1.0177828596382776
5 4 24 29 112389 1.0407344708391335
13 3 15 23 62208 0.9519798814576184
16 25 24 4 83276 1.0525069968668497
9 16 19 7 57908 0.9155625055473925
1 2 2 18 91444 1.0579762925044758
27 11 29 22 62671 0.9994473531736792
17 3 17 26 74451 1.0124406599182987
19 28 9 9 82849 0.9102234864970613
1 27 6 9 91911 1.0453513842014441
3 17 25 14 93644 0.9672282612790393
6 15 13 20 49085 1.0892333854270508
13 0 15 28 88127 1.0957617353370275
28 8 5 28 117293 1.0384418178700938
27 28 15 5 107596 1.0137431833880108
21 18 8 19 65141 1.034114221193888
25 6 29 28 104176 0.9690693189019748
0 20 22 25 82801 0.9328947456902922
8 14 12 8 32589 0.9064571558904116
16 7 6 10 51846 0.9970189972027713
23 24 6 27 72503 1.042402881350101
12 17 20 14 40518 1.0432807679274057
23 3 17 28 86257 0.9883457309483469
10 28 13 13 49225 1.0864159691818713
29 9 21 4 54979 0.9199226228059606
18 0 6 18 97289 0.9688219121002614
2 5 0 15 54693 0.9806954872472686
3 22 9 27 36567 1.0007981909011383
25 11 16 18 46720 1.0604988238580857
17 27 17 6 74735 0.9789242556993993
14 27 17 1 93719 1.0669952267918603
2 9 23 16 88539 1.0526100907925866
9 17 15 12 34763 0.955606934725566
27 7 22 1 42593 1.07772873982951
8 20 21 22 52334 0.9193510747710015
14 9 12 17 34771 0.9202780393191238
5 22 27 20 90060 0.9120419113563606
7 7 21 6 61632 0.9269641536187028
2 19 17 12 79222 1.0823632317073972
28 21 23 7 76320 1.074897113475316
6 8 20 20 64997 0.9934837506522726
18 16 6 21 78064 0.9033331758924933
8 26 17 28 36256 1.0091934541937657
3 16 6 27 67969 1.0915293750857455
15 7 10 21 63067 1.0117000541620131
27 18 1 18 121570 1.0147642799092518
24 8 1 20 118671 1.0009828989156462
5 28 14 25 40150 1.0978976024628726
3 16 22 15 85315 0.9351695257538325
12 19 2 20 63671 1.0143665629874308
4 6 25 23 107555 0.9248349921782699
12 0 28 13 74038 1.0806853021283662
11 19 17 2 81136 1.0037473239904022
23 9 4 8 74297 1.0449883608355113
0 0 17 6 84874 0.900382992632969
20 18 29 21 52434 0.9866909425396793
1 11 27 4 97587 1.07122569090586
29 16 21 20 54024 1.0115569486821572
9 23 10 11 52021 0.9711362666817529
3 29 20 10 87998 0.9670120155639487
18 0 14 10 53795 1.0336526013579341
1 5 19 9 84087 0.9888537394345074
2 6 3 23 93502 1.0364201643022108
17 21 2 23 53837 0.9274350641795021
22 2 0 15 95652 0.9629956419095115
4 4 9 19 67569 1.0840570316558056
3 27 16 26 48492 1.0439169852665053
18 17 12 11 38907 1.0229315504226955
3 0 21 8 93101 0.902436134077401
25 1 6 0 76935 0.9153337053981855
12 9 2 7 41719 1.042460442275905
11 26 20 6 70566 0.9011335111486783
15 6 23 26 75958 0.9278719388028568
17 19 6 23 50988 1.0474254163171122
17 22 25 14 52207 1.0976070871599224
8 5 27 8 82541 1.0677086114090044
9 18 21 27 68686 1.064560677300463
12 12 28 22 81990 1.0536184539313962
28 27 19 5 89896 0.974354302648589
23 26 24 14 53223 0.950714870736645
29 19 13 6 83828 1.0193958043601479
3 27 12 17 69047 0.9106485168598901
29 21 27 2 88316 0.9486017398857848
24 2 18 18 65302 0.9392079741141338
29 20 25 6 63654 1.0162345589196606
11 15 19 1 66191 0.9949353424687435
18 16 2 27 98710 1.039917208495972
27 0 20 17 58691 0.9445890494880124
10 4 17 12 44949 0.9863115936137499
17 2 2 24 107894 0.9575462668576973
29 18 19 10 57874 1.0274191323788417
2 1 5 9 41331 0.9740421028166742
6 13 8 22 40000 0.9584287616144871
15 28 0 17 77944 0.9218441915591257
25 0 10 25 106255 0.9648126248738944
4 21 25 1 116639 1.0973923987079357
16 15 19 24 46630 1.0784787336782444
6 24 20 2 86683 1.0728939717574235
4 11 1 3 58347 0.9017913001673751
24 26 13 4 82290 0.9188795460109034
2 1 25 27 142132 0.9154958110971428
14 25 25 19 55472 1.0184463025344217
15 11 2 26 80859 1.0813723361820369
17 4 22 17 57559 1.0461162530460597
23 12 13 26 57091 0.9760503231961402
20 0 24 20 66235 0.9538857729735877
22 3 27 8 35138 1.0380105051350499
4 15 25 4 86166 1.003738073293758
24 21 6 22 66336 1.0798197123859576
15 17 22 25 58579 1.0966529456347298
6 26 13 20 37497 0.9762991883099814
0 4 21 27 125237 0.9976266651255766
26 23 4 0 126306 1.0812531812877952
15 0 25 15 67354 0.9996496872486245
0 18 6 24 40847 1.018781466114281
6 13 20 28 76774 1.0756588462175538
25 9 17 5 42117 0.9794095060502648
4 9 15 12 39751 0.9725446512213792
6 3 12 28 97788 1.0036035147812614
20 6 25 28 70864 0.938231803178841
1 4 14 17 88421 0.9158207570313627
0 9 18 10 71437 1.010510097941388
29 20 3 10 115554 1.0038666584572533
6 17 13 12 45019 0.9684478835107867
3 2 7 13 49891 0.9909447238470969
8 14 17 5 54486 0.9869100558081496
10 13 22 16 53007 0.9710958764328507
23 18 12 25 62661 1.0069140888854806
3 22 27 7 107545 1.0023243630600485
20 14 3 3 81310 0.9780278798026641
1 10 17 27 104065 1.0641557320715593
28 15 14 19 76475 1.0838828484161434
4 29 6 14 70594 0.9275884368461697
18 21 5 0 103654 1.0233373083367998
7 4 7 18 58871 1.0521800184038648
17 22 24 11 48265 0.9005335943299695
26 8 8 18 74765 1.0968303950050193
28 9 11 9 65060 0.9642181608845195
15 25 25 0 89637 1.00954462608453
17 10 19 27 53626 0.9984346897374851
27 11 4 13 61230 1.0130128292632234
27 18 14 27 77066 1.0343078372944599
24 21 18 28 51880 1.068879136563797
25 16 14 26 73928 1.048409916099159
3 4 19 15 82792 0.9695538919324144
16 17 14 9 46433 0.9782386173049555
2 17 8 12 44737 1.0891203532572562
26 9 7 8 66719 0.9717355336555319
19 24 10 13 57887 0.931598121240526
6 28 26 22 87543 1.0509052530805132
20 15 10 11 35925 1.0136362579962137
19 16 17 3 49178 0.9471379907106763
25 15 1 9 86868 1.0176575575228135
21 9 24 28 69770 0.937621024251831
15 5 8 0 42783 1.0661463729161618
9 13 29 16 68734 0.9311347005991958
25 26 10 0 109154 1.0030114154424459
12 4 26 10 59644 1.0805615798206347
22 4 4 1 88631 1.090417729796345
29 4 1 13 103702 0.9833365177821742
19 5 19 23 45197 1.0271968316655105
0 26 28 26 97838 0.9939582848251013
5 7 4 21 78331 1.0970025073097749
15 14 6 7 51217 0.9660610552988461
23 14 15 29 62959 0.9486598686473615
13 12 11 28 47899 0.9481532713245777
26 27 8 0 125365 1.0060729279291516
11 29 12 20 33116 0.9328417826056004
26 29 11 7 98354 0.9512749386757422
6 13 20 26 69276 1.0971767993062558
3 6 23 27 119076 1.0171522262873383
1 3 17 12 85593 1.0831201793259486
20 27 4 1 112879 1.053538353594268
24 21 1 3 130701 1.0004483467024639
26 18 23 11 36459 0.9667527648568256
4 8 23 10 69663 0.9784027290139761
16 7 28 16 71626 1.0982433431543572
4 27 25 18 98090 0.9391898099660655
26 0 15 21 90266 1.02611150985501
18 14 25 22 51511 0.9118585845334459
16 29 5 1 105954 0.9766875412494589
25 9 10 0 75449 0.9697578238297903
17 20 3 21 69517 1.0638368757978196
29 2 26 29 108350 0.9939854742471106
6 18 23 29 84328 1.0148724000305887
5 11 15 17 51260 0.9319232912014304
2 12 19 8 58126 0.9661744601423073
28 25 13 22 69822 0.9343042459040148
26 24 12 3 95719 0.9728749099268252
28 16 19 25 71733 1.0123635004464462
14 11 19 6 32255 1.0758626636516424
27 28 0 3 159736 0.9293808854783899
13 10 0 3 71739 0.9788053315430187
13 24 12 10 40840 0.9632248832898263
16 28 10 3 89935 1.0853532905403338
15 12 17 26 52658 1.0574935070341476
16 24 10 9 67644 0.9351863567114622
15 21 8 18 45612 0.9943167384524777
17 11 4 24 71714 1.007777673027852
5 23 7 11 53826 0.9325915057417493
20 10 12 22 51288 1.023713740154877
17 12 11 29 58559 1.065306021100115
23 9 8 5 72251 1.0465379933874828
2 29 9 3 110001 0.9553048105586014
11 17 29 7 87300 0.9722785640502782
24 25 11 9 86768 1.0723560797734406
15 3 1 1 76124 1.002478642721176
27 25 23 18 52239 0.9467811027175481
10 14 8 23 39988 1.0011705715493227
12 14 15 7 34140 0.915532067132604
2 29 27 26 79157 1.01551421129192
24 29 12 22 50941 1.0205845630977533
22 0 25 10 39588 1.0521880140464348
19 26 14 20 35330 0.9637189245739342
6 14 16 14 37827 1.0315203228112124
12 7 27 27 98343 1.0929625037668254
25 24 5 18 98792 1.0233130441445955
4 24 14 17 51059 1.0663270475185633
8 15 20 17 48826 1.0256383165749832
15 19 28 5 81114 1.0772467934883179
21 3 2 13 72504 1.0857807444825527
7 2 12 16 67058 1.0368877912767407
3 23 8 12 51585 0.9814157634670321
27 18 17 17 61439 0.9385986579007648
29 24 3 19 119677 1.0035714675758984
3 29 7 4 105083 0.9849557674161273
11 9 9 0 43607 1.041103679864741
10 9 14 19 49229 1.003486710243439
14 12 16 27 56455 1.0706129333774037
2 18 16 25 80436 1.0883408818595344
28 14 10 5 76079 0.9734507533071116
9 17 17 1 79883 1.010201248496621
13 1 21 25 90144 1.0369057675566882
20 19 11 12 35260 1.0481411599310573
26 25 11 16 86286 1.0134567197619049
19 2 12 12 43600 1.0263249926555078
19 24 16 11 43363 0.9992847563733023
2 13 27 13 68441 0.9293240533939272
14 28 17 11 58097 0.9478471906065741
27 3 19 12 40821 0.9076390605511884
9 13 25 15 52272 0.9611251092448937
17 10 9 5 48634 0.9411449537478624
10 18 9 2 69332 1.0902933726852941
6 23 4 4 81420 1.0993890534984272
27 18 6 8 92010 1.0016633261213361
10 2 4 19 95814 1.0189174201671625
27 22 9 29 79137 0.9961333755101045
16 13 27 5 52037 0.9119460779914648
12 19 7 13 46775 0.9402954193669949
11 19 22 26 59247 0.9182754658480362
9 19 28 25 94671 1.0122994114021338
18 18 20 9 31992 0.9014296644358892
4 25 21 9 86169 1.0130996337750373
27 18 26 6 51372 0.9619879193053472
9 8 12 26 64779 1.093799489232384
21 11 19 22 32436 1.066773647380767
6 3 24 19 101360 1.074801200941028
24 6 12 3 60513 0.978483627892735
12 15 29 5 76913 1.0254405804133961
1 9 7 19 68192 0.9454564483744067
23 12 11 8 38988 1.0162565406351145
12 2 11 26 74984 0.9041096359863705
18 10 15 22 55710 0.9739026962457168
6 6 15 20 78617 1.0026250097650566
15 23 6 9 66569 0.9503614721050622
12 27 25 13 73053 0.9686692112751373
13 4 11 24 61489 0.906305028927366
13 10 23 29 69279 0.9442646784672275
11 17 18 22 52869 0.9005079794052385
23 27 4 25 75426 1.0061489523711498
0 1 8 8 53880 0.9810962967906557
14 27 15 3 83914 0.9380707382056332
18 23 27 19 43538 1.0097641183700707
1 29 21 17 85479 0.9719151690694214
15 10 0 1 85594 0.9294467979877223
19 23 10 2 81452 1.0749595126069336
23 29 8 17 73895 0.9927187158206021
18 27 10 13 69762 0.9215527479084239
29 22 20 3 89203 0.9811542070636396
1 29 14 26 39898 0.9798198228180197
7 0 4 13 52341 1.033052895502768
25 9 28 18 46064 1.0116853821555842
9 26 22 10 78510 1.0053961566245817
5 13 24 22 85710 0.9966893841203601
5 2 1 10 42611 0.9310598886845363
24 25 10 4 102951 1.0161549972811437
3 29 19 20 71203 0.9531230856953226
28 27 26 9 91118 1.0209553469355217
26 20 4 16 109629 1.0934052864369395
21 29 14 15 64606 0.9562698772197331
6 1 27 19 119062 1.087080377079974
8 16 0 20 58435 0.9193050015302701
24 3 11 11 58863 1.0530028227312884
26 16 18 3 56089 1.0827521762277446
18 2 22 15 47875 1.054541949659415
5 0 24 15 101254 0.9104220623780246
5 26 10 10 75561 0.9082638505726333
27 2 17 2 41454 1.0753695918107076
5 24 2 6 96444 1.011131876932363
20 28 27 10 61569 0.9228208571559368
1 15 4 6 59473 1.0427240055126707
20 1 8 21 85077 1.042837222861773
2 24 22 11 82523 0.9298513024531403
4 8 2 22 84242 0.9426641112958594
15 17 25 18 60242 1.0115940580424398
24 3 28 24 92492 1.088332095104483
13 7 2 25 78005 0.9415043782580031
25 18 8 19 81851 1.0387799511607314
8 9 4 3 34559 1.0084996144042249
8 3 11 10 35012 0.9768331189122293
12 26 20 0 82294 0.9920310395092314
6 3 19 28 113154 0.9685413574977738
22 23 13 27 35532 1.0751640226054646
22 11 20 3 22375 1.064704098360165
11 18 22 12 50500 0.9061816229182627
16 25 23 10 62952 0.9905506432809393
1 4 23 28 139860 1.0575196600707786
25 18 29 8 55241 1.0995315355088993
24 1 18 7 47033 0.9900152718254669
8 13 28 15 66583 0.954574190508639
16 13 0 13 52277 0.9395047248230539
27 27 28 11 82291 0.9558580746022454
8 29 25 21 75931 1.009520239817904
29 24 8 14 104138 0.9595220731896911
26 26 17 13 63356 1.0296600156258107
8 12 18 11 29793 1.097169817967173
19 15 9 12 36313 1.0573523681041594
14 17 19 23 35421 1.0193858484313187
17 10 29 9 47237 0.9165054293986045
17 24 15 7 71406 1.0451622849378333
16 21 2 15 81642 1.087171418589813
10 24 19 8 70720 0.9296079808419369
16 23 7 10 62172 0.944762334058753
0 6 29 23 138124 1.0795138797895074
6 4 27 12 79624 1.028736792984267
15 27 28 27 62800 0.997093301213806
18 9 1 23 86294 0.9466779821188319
17 2 11 28 93698 1.0007550306179727
16 5 22 28 82422 0.9336719861917158
18 18 29 0 82760 1.0588006853442602
13 3 18 19 67111 0.9855487326896655
11 25 24 11 73430 0.946637420349194
3 12 5 3 36564 1.0607981206536268
22 18 26 29 58212 1.0307876800715
20 2 4 29 102838 1.0761651828994165
7 22 23 1 101712 1.0083237421580014
6 28 18 7 99195 0.9330818734065156
16 18 9 24 46965 1.0553515248048913
29 24 11 11 94820 1.0171462503317803
6 28 20 14 76122 1.01087503774596
5 28 4 14 74542 0.9561815271175681
5 1 29 13 94451 0.9899393047580581
29 1 21 29 98303 1.041355498681362
27 6 17 17 54269 0.9584532030107581
22 15 20 0 44099 0.9346821089210249
23 21 14 27 53219 1.0773921090159149
24 7 15 28 87379 0.9975359429136013
18 8 8 26 82923 1.0672922073242355
7 11 8 2 33607 0.9576355703852862
28 1 10 5 87418 1.0020358079116944
10 10 0 2 64673 1.0923492123297933
2 28 16 14 81556 0.9526936575089943
26 0 27 16 57886 1.089550977533066
3 21 29 27 109911 1.0614501200464979
13 4 8 13 37207 1.0393070737089174
11 2 27 4 71249 1.0701881858910367
18 9 21 27 54682 0.9671433886764691
22 20 11 29 56612 1.0536579565808268
8 8 11 19 59212 1.0379990214096337
29 21 19 11 69362 0.9192725849953537
0 19 24 20 97934 1.0817840291975565
21 20 5 8 72355 0.9975461131689707
18 26 26 19 48961 0.918176016029864
23 2 19 17 51560 0.9994953582793878
9 5 0 14 58992 0.9104174450431756
13 4 24 2 59244 1.0808704314814064
13 14 26 13 38680 0.9029964033614297
4 9 19 13 52376 1.0383447262198444
12 14 0 26 69982 1.0445051596937633
8 2 14 26 83730 0.9470905476741129
22 26 12 4 78384 1.0577869998853684
1 9 5 29 96127 1.0091370769373735
1 20 4 1 99094 0.9218724216201832
14 8 8 23 55522 0.9365002173239506
28 26 15 14 78177 0.9165247023131228
21 11 12 7 38943 1.0869036192912649
14 7 3 28 92004 0.9780661132066307
13 13 26 2 57609 1.0977659055885303
22 19 16 13 38250 1.0618110824139775
9 2 26 11 75388 1.0229132210811314
3 24 4 13 69032 1.0202396585236089
9 18 28 9 80539 1.0463790840587277
26 12 10 27 81499 1.05163203428509
29 25 20 16 64460 1.0849249399020493
14 9 25 19 66517 0.9503940977185562
10 16 3 21 57244 0.9666564401385097
8 16 3 28 61051 0.9412403330354329
4 19 23 2 119432 1.0813440010256847
0 19 12 28 65619 1.0878587213124407
2 24 25 7 98876 1.0109609788314962
28 27 16 12 78200 0.9127198757517127
9 8 17 26 74167 0.9146726588299453
0 24 28 9 111261 1.0596048076012976
27 3 5 27 123929 0.9301478828405019
19 17 6 0 89686 0.9677012121089978
28 17 1 12 93280 0.9179105433587134
10 19 7 3 72159 1.0786562160320377
6 14 0 20 51939 1.0282939960278852
4 6 14 5 51149 0.9356998685789386
27 7 5 5 91764 0.9408524785891075
3 2 23 3 89446 1.0918633859972078
14 9 29 7 72485 0.9826944524106668
14 27 3 21 55489 1.061602417262757
17 13 29 20 68195 1.0356763423734268
11 26 19 21 40520 1.0946728701239046
2 12 27 7 77612 1.0053535364590538
26 26 28 11 73821 1.0524081688467044
27 28 11 4 115487 1.0262072339092445
27 14 24 7 30952 1.098798906702259
