6220 6056 6082 6418 6431 6212 5946 6293 6142 6116 6439 6467 6058 5988 6286 6235 6335 6008 6004 6378 6208 6131 6285 6165 6239 5988 5892 6326 6405
8180 8377 8595 8636 8186 8312 8230 8161 8339 8149 8478 8282 8176 8466 8587 8491 8416 8623 8501 8395 8159 8161 8494 8335 8464 8636 8497 8644 8545
3556 3564 3313 3297 3057 3344 3164 3444 3492 3543 3542 3457 3453 3360 3528 3370 3106 3571 3073 3068 3264 3053 3495 3552 3584 3361 3279 3472 3577
1197 1545 1568 1443 1442 1110 1489 1119 1056 1520 1446 1564 1170 1463 1085 1405 1387 1559 1357 1480 1126 1457 1599 1196 1184 1118 1446 1453 1274
2063 2225 2536 2478 2380 2432 2191 2332 2342 2391 2527 2139 2528 2574 2489 2104 2445 2432 2286 2361 2437 2068 2152 2304 2377 2434 2421 2106 2242
4789 4596 4326 4575 4475 4742 4706 4550 4372 4587 4666 4717 4744 4392 4536 4439 4740 4304 4495 4844 4666 4312 4831 4854 4604 4766 4495 4306 4633
2779 2708 3022 2948 2554 2960 2805 2772 2779 3032 2754 2928 2653 2525 2827 2846 2540 2984 2470 2645 3008 2818 2520 2482 2857 2731 3022 2648 3023
7328 7516 7654 7358 7608 7489 7475 7185 7534 7259 7136 7468 7371 7355 7544 7600 7572 7470 7574 7531 7164 7530 7164 7161 7149 7244 7189 7570 7258
6269 6303 6291 6330 6644 6815 6384 6386 6410 6260 6478 6688 6400 6329 6418 6356 6739 6388 6503 6685 6756 6535 6847 6511 6301 6453 6449 6602 6353
1602 1679 1122 1166 1143 1590 1530 1419 1463 1162 1305 1653 1320 1661 1309 1217 1685 1412 1405 1395 1333 1279 1421 1157 1655 1345 1598 1399 1583
1504 2000 1625 1723 1572 1875 1905 1535 1826 1560 1778 1456 1597 1655 1576 1605 1562 1705 1601 1904 1500 1949 1637 1706 1574 1924 1624 1629 1648
4858 5047 4949 4683 4676 4874 4862 4562 5084 4845 4762 4762 4806 4977 4505 4922 4755 5032 4857 4666 4659 4745 4915 4787 4780 4842 5035 4525 4685
5538 5912 5725 5717 5713 5801 6050 5927 5922 5489 5486 5928 6010 5486 5902 5493 5635 5839 5953 5964 5596 5699 5528 5828 5736 5990 5535 5494 6009
1889 2020 1829 2039 1921 2007 2050 2124 1958 2275 1873 2080 2311 1873 1984 2309 2033 2265 2370 2379 2002 2094 2106 2004 1988 2297 2312 2045 2039
8130 8342 8185 8418 8467 8123 8018 8475 8464 8064 8041 8356 8255 8016 8010 8161 8142 8268 8416 8019 8484 8451 8054 8038 8465 8444 8326 8101 8427
2193 2067 2194 2520 2426 2441 2224 2411 2077 2016 2014 2487 2500 2440 2143 2044 2300 2594 2238 2081 2379 2503 2365 2410 2310 2541 2528 2313 2332
7455 7292 7309 7640 7480 7536 7543 7209 7138 7321 7278 7555 7357 7478 7443 7510 7430 7096 7440 7451 7502 7638 7584 7445 7082 7126 7646 7642 7163
1921 2225 2147 1874 1830 2144 1925 2081 1718 1782 2213 1792 2141 1714 2072 1705 1988 1816 2119 2189 1886 2143 2219 1815 2204 1705 1894 2276 1792
7410 7267 7443 7542 7384 7347 7677 7249 7414 7576 7386 7543 7702 7391 7522 7701 7261 7397 7409 7806 7681 7329 7356 7555 7529 7260 7281 7536 7305
2346 2217 2352 2512 2281 2022 2520 2312 2366 1986 2362 2249 2025 2329 2334 2338 2189 2428 2039 2547 2183 2083 2037 2281 1971 2013 2240 2377 2029
7828 7520 7827 7830 7545 7330 7535 7492 7540 7804 7817 7503 7620 7708 7527 7513 7640 7598 7844 7515 7801 7424 7400 7438 7816 7416 7594 7790 7479
6226 6603 6151 6221 6185 6202 6314 6355 6145 6691 6170 6615 6460 6507 6201 6419 6359 6152 6610 6442 6305 6198 6232 6637 6615 6184 6203 6539 6631
3816 3740 3985 4091 3936 3768 4278 4228 4205 4190 4184 3826 3902 3868 3818 4287 3896 4092 4244 3756 3795 4277 4277 3834 3885 4300 4221 3818 4171
5780 5664 6141 6200 6173 6102 5645 6028 6041 6119 6123 5677 5693 6075 5781 5889 5791 6191 6028 6215 5937 5806 5827 5963 5914 6052 5796 5649 5831
7007 7257 6977 7144 7207 6898 6888 7207 6732 7198 6978 7264 6900 7006 7204 7134 6757 7012 7115 6918 6873 6782 6955 7172 7037 6767 7124 7004 6699
5485 5478 5616 5799 5516 5591 5881 5510 5514 5528 5361 5412 5634 5368 5621 5333 5550 5853 5389 5442 5900 5772 5817 5791 5390 5739 5656 5747 5656
7551 7766 7692 7678 7442 7783 7812 7797 7693 7469 7374 7657 7823 7711 7785 7439 7432 7661 7548 7719 7373 7848 7512 7889 7685 7522 7855 7777 7889
8384 8036 8170 8214 8241 7980 7955 8135 8088 8215 8120 7994 8130 7994 7938 8267 8421 8305 7915 8016 8296 8083 8042 8264 8255 8227 7953 8215 8107
5566 5701 6025 5562 5687 5730 5588 5620 6024 5673 5988 5542 5743 5479 6006 5855 5964 5620 5787 5608 5525 5889 5570 5853 5622 5846 5743 5909 5880
1648 1661 1503 1606 1409 1443 1526 1294 1654 1708 1556 1492 1753 1756 1818 1380 1385 1501 1428 1521 1330 1739 1658 1722 1521 1551 1331 1597 1332
4782 4302 5051 2025 1372 2916 5860 1989 6901 5307 5482 6275 4199 4786 3599 8254 8721 5896 4154 1604 6374 6183 4774 7702 3286 2964 7398 5907 6406 8041
4661 4153 5468 2016 1684 2987 5994 1538 6733 5692 5577 5828 4426 5037 3560 7991 8680 6085 4040 1742 6522 6248 4746 7562 3179 3505 7165 6418 6013 7933
4990 4381 5034 2452 1229 3340 6044 2039 6900 5273 5509 6144 4427 5065 4037 8282 8411 6316 3728 1638 6691 5786 4995 7751 2974 2957 7558 6203 5897 7803
4798 3972 5433 2317 1736 3114 6427 1754 7139 5455 5533 6186 4599 5059 3688 7874 8609 6159 3987 1753 6702 5863 4989 7791 2963 3227 7190 6120 5946 8017
4776 4404 5398 2159 1331 2963 6030 1600 6747 5432 5777 5717 4469 5020 4036 8304 8288 6192 3984 1493 6648 6253 5190 7709 2878 3121 7077 5994 6407 8096
4978 4080 5203 2064 1360 3373 6139 1735 7182 5564 5888 5803 4128 4940 3588 8108 8545 5870 4150 1755 6915 5854 4939 7565 3143 3465 7164 6389 6199 7943
4947 4395 5034 2412 1412 3187 6184 1707 7183 5773 5420 6069 4244 4857 3730 7748 8209 6216 3682 1767 6424 5802 5011 7575 2820 3401 7514 6043 6277 8106
5013 4320 5319 2201 1576 2873 5914 1572 6895 5529 5533 6091 4190 5285 4011 7974 8489 6162 4155 1515 6785 5946 5103 7692 3120 3266 7318 6017 6208 7789
4732 3992 5267 2040 1621 3359 6371 1671 6764 5307 5433 6015 4146 5072 3797 7954 8660 6055 4129 1611 6483 6041 5129 7767 3344 3286 7138 6189 5880 8157
4719 4221 5463 2257 1438 2873 5939 1612 6666 5569 5551 6034 4138 4838 4004 7983 8262 6056 4153 1429 6680 5828 5187 7402 3253 3100 7100 6169 5989 8130
5123 4292 5318 2008 1387 3236 5960 2068 6865 5244 5868 5719 4227 5315 4039 7847 8660 6208 4128 1599 6920 5851 4998 7498 3343 3477 7205 6317 6088 7882
5129 4162 5155 2293 1597 2850 6375 2059 6825 5637 5306 5768 4497 5009 3843 8059 8354 5866 3649 1481 6724 6108 4768 7419 2874 3127 7256 6020 6030 7764
4644 4313 5461 2276 1647 2883 6264 1608 6831 5240 5764 6262 4323 5290 4004 8162 8485 5877 4059 1384 6643 6178 4820 7882 2955 3382 7606 6380 6124 8045
4719 4192 4958 2010 1513 3158 6036 2010 7048 5339 5726 5939 4665 4804 4120 8216 8277 6227 3735 1362 6446 6210 4751 7682 2836 2999 7568 6392 6009 7985
5166 4363 4929 2330 1447 3102 5985 1912 6934 5274 5381 5758 4402 4810 3932 8183 8296 6185 3894 1548 6657 5731 4682 7593 3088 3209 7582 5929 5885 8015
5127 4169 5420 2378 1272 2936 6359 2038 7203 5426 5836 6190 4532 5123 3797 7780 8713 5918 4130 1593 6543 5920 4996 7496 3258 3495 7119 6438 6176 7674
4681 4369 5040 2252 1559 3310 6187 1990 6715 5502 5483 6138 4669 4952 3667 7891 8312 5998 3764 1762 6845 5833 5101 7587 3316 3090 7488 6251 6387 8140
5122 4032 5113 2387 1703 3048 5964 1900 6776 5544 5311 6006 4258 4847 4011 8262 8380 5996 4104 1473 6376 5905 5082 7888 3063 3003 7627 6026 6222 7972
4938 4207 5266 2459 1268 2922 6001 1622 6773 5769 5519 6012 4517 4890 4060 8130 8552 5942 4122 1663 6493 5786 5146 7800 3128 3200 7638 6310 6253 8044
5014 4021 5234 2364 1344 2919 6110 1563 6692 5771 5658 6264 4561 5359 3854 7852 8536 6101 3672 1840 6672 6280 5041 7868 2989 3144 7097 6391 6009 7944
4962 4169 5443 2172 1165 2927 5922 2098 6729 5769 5878 6086 4345 5160 4108 8244 8679 6075 3787 1647 6580 6087 4793 7629 3156 3269 7634 6060 6090 7770
4637 4178 5458 2120 1429 3104 5873 1605 7167 5301 5514 6087 4629 5066 3944 7923 8322 6189 3905 1459 6914 5971 4886 7492 2816 3488 7060 6172 6046 8109
5160 3932 5073 1970 1389 3148 6253 1920 6710 5699 5317 6262 4126 4823 3715 7926 8561 6043 3916 1732 6855 6013 5192 7971 2790 3091 7129 6312 5847 7643
5144 4248 5051 2283 1465 2931 6431 2066 6877 5505 5513 6142 4354 4892 3669 8033 8226 6109 4185 1790 6478 6162 4741 7905 2803 3047 7145 6360 6021 8100
5028 4052 5310 2298 1712 2923 6378 1745 6909 5747 5777 5717 4447 4909 4049 8154 8155 5886 3953 1495 6563 6211 4687 7469 3343 2972 7106 5949 6332 8147
4604 4011 5061 2163 1533 2915 6345 2085 6825 5725 5362 5743 4496 5183 3610 7791 8562 6259 3736 1578 6657 5742 4899 7683 3290 3472 7400 6464 5960 7912
4796 3935 5102 1981 1401 2891 5965 1987 6941 5573 5661 6184 4466 4783 3807 7722 8475 6175 3812 1750 6529 6162 4813 7700 2857 2957 7156 6208 5925 8040
4840 4246 5245 2392 1438 2941 5855 2048 7109 5271 5581 6085 4374 5338 3601 7913 8615 6193 4182 1850 6509 5720 4880 7783 3179 3487 7282 6317 5997 7740
4666 4140 5039 2251 1502 2972 5948 2007 7056 5614 5464 6292 4238 5171 3877 8250 8338 6286 3991 1719 6417 5999 4974 7880 3315 3435 7073 6440 5893 8010
18 11 0 26 66861 1.0323700404028209
27 16 12 28 72684 0.9854791239626493
10 1 23 12 54127 1.044885460352774
16 20 7 5 43790 1.0019400825810905
13 7 9 19 24358 0.9366847802552062
29 28 20 21 41840 1.0114745742543532
15 5 9 20 34124 1.0503336228526976
25 1 25 29 87606 0.9716415040486994
29 12 18 20 36921 0.959102745912943
3 0 15 27 63739 1.0234084762850233
18 8 29 25 56211 0.9009118117903842
21 15 16 26 49875 1.066412316839347
6 1 16 28 70970 1.0894676847667049
8 2 28 1 45674 0.9388194383300382
24 4 18 29 66898 0.9538125462615178
19 14 16 7 21141 1.0646905252421899
2 5 7 26 50170 1.0549457528984478
4 6 23 25 68875 1.0692483179152164
5 10 24 18 64517 0.9482261249782968
14 18 26 16 46804 0.9932192417343347
3 29 10 4 43979 1.042580247030536
3 0 19 22 57926 0.9097091700443811
18 29 21 7 58419 1.0303722806435678
13 15 12 1 32657 1.080728544162008
22 10 1 16 75666 1.0336492396241228
16 4 26 7 24062 0.9611392763693116
2 1 23 12 68190 0.9773989855713943
26 29 0 27 110274 1.02394867570735
0 22 20 13 62782 0.9839601632902268
12 3 4 25 47939 1.0721550905622794
23 27 15 14 55646 0.9558651361867316
23 11 12 18 54850 1.008199346974229
8 24 28 7 62815 0.9879931171137422
20 11 11 29 63037 0.9672976242469475
25 6 20 21 54845 0.9870545387430558
6 2 23 7 39046 0.9583373174987361
28 21 5 1 78529 0.9615122804382554
16 18 2 24 34897 0.9004540608813902
8 29 23 10 80160 0.9191550838433054
27 13 18 4 39990 1.084984691362103
11 21 13 10 31288 1.0290809290176015
28 11 16 24 52369 1.0469626597601072
1 17 8 14 35086 1.0698728669291668
11 17 2 10 38782 0.9127516462679651
22 20 2 13 47211 0.9164004784420875
8 28 21 14 53046 1.0090126773732635
25 11 0 10 82031 1.0561218008230926
17 11 20 24 32603 1.0293077864754727
5 14 9 21 24876 0.9317986491099264
19 24 20 4 46255 1.0002476723546099
26 10 2 3 67123 0.9519809848582005
10 13 29 9 49031 1.0108492958559363
16 23 28 12 51279 1.0190996084478923
25 1 22 27 84678 0.9835712512663484
9 8 11 23 31509 1.0995003364056646
25 27 28 3 61197 0.9038699175789233
14 17 27 5 61189 0.9078331043276741
10 15 12 6 23160 0.9684724523381056
23 6 21 20 49717 0.9981797411426389
20 3 18 19 38360 1.0419529255919817
4 25 27 12 72950 1.0326430768087609
11 27 21 21 50234 0.9570329949205302
3 27 29 8 70085 1.0752342786524303
12 22 24 25 45629 0.9120197126107286
18 10 14 18 32358 0.916360344493378
0 11 10 5 38819 1.07450309783809
25 18 4 3 61698 0.9209220060545613
24 9 21 1 45285 1.0349963498800614
29 19 2 17 50330 0.9328915760410468
29 6 12 2 35321 0.9805746539576958
1 26 9 7 47695 0.9294536780190419
17 22 14 10 35714 1.0304860015043216
5 21 9 2 39720 0.943932805137096
19 7 1 6 40055 1.020985088973518
3 16 9 3 26071 0.9527755039448063
9 0 4 22 41850 0.910107199662776
10 11 21 6 33881 1.0726682785526709
20 18 4 20 31507 1.0281145083354621
16 29 11 10 59213 1.021448672849759
26 1 7 15 73837 0.9604194484770943
2 12 19 3 41552 0.9110088684398338
3 7 6 21 26785 0.9291553115473545
14 20 27 15 53946 0.9479534694652658
11 12 0 3 35229 0.9396827061340377
11 17 5 5 38058 0.9059003896351132
11 27 11 3 47648 1.002240672416711
1 0 11 2 34544 0.9358294784099693
13 18 27 7 49626 1.0422807305619237
21 17 4 7 56240 1.0100726867613385
15 29 25 29 64311 0.998072089304737
14 21 27 10 58656 0.9547660583344196
16 23 0 7 57218 1.0318786228940646
10 4 12 19 27221 1.033411280980385
11 27 14 14 39680 1.0689238968469639
6 12 28 24 66028 1.0467920768904326
16 7 21 20 38196 1.075971166354035
4 6 20 7 30858 0.9976722640310962
19 12 6 19 35869 1.048901573391833
0 11 6 26 49531 0.9415705111768936
12 23 25 5 68759 1.0372124122066337
28 15 18 2 49982 1.0686208052651975
27 19 9 22 32592 1.072349729914016
15 4 27 16 55922 0.9393534410400304
18 28 7 22 50950 1.0781165756573865
9 12 29 4 40474 0.9647328232556208
12 2 3 15 36687 1.0735419179534564
15 0 3 13 38955 0.9070714556180691
0 1 22 27 94276 0.943896405941559
2 1 19 22 61110 1.019877346492922
0 4 12 13 39272 0.9017035113086928
24 6 4 16 62617 0.9293943070320574
18 5 22 26 60697 0.9097789769821426
19 13 3 21 41451 0.912490930848294
17 3 24 0 33347 0.9373317336056608
26 17 19 5 55487 1.0136565209946764
28 1 12 5 36854 1.0339928473459556
14 1 10 19 38852 1.0201921486438768
7 8 0 12 33738 0.9933267726090732
27 16 7 27 76615 1.0653688896305733
8 23 5 3 44090 0.9402392789588185
21 14 1 9 65589 0.9978447219985618
5 5 24 27 89425 0.9273446872116569
8 27 25 26 65964 0.9239828195378633
27 22 21 11 61585 1.0528678576426342
24 5 4 17 61235 1.0057672742946624
6 2 17 21 48086 0.9042489136329648
20 12 5 23 58671 1.0482390710898912
24 4 11 23 58814 1.0880101683341377
11 14 6 6 24813 0.9665825609882978
28 1 1 27 90554 1.0828806457562403
5 1 12 28 67276 0.9498583383456425
29 23 24 13 38932 0.9263701482038614
22 27 11 17 53679 1.0534596816866229
7 5 24 15 70294 1.0232547420243956
21 17 4 14 50841 1.075195877521179
13 23 22 19 22928 0.9432687165545814
12 26 29 5 69900 0.9651840880985458
8 15 0 8 41144 1.0647667806880379
20 19 28 12 30279 0.9038335118806673
10 10 18 3 24956 0.9582912355804571
10 17 28 17 43246 1.0585565622813267
16 23 4 1 61440 1.0544387811703666
2 28 20 13 62160 0.9974456215955193
24 28 9 19 62504 0.9898471797795915
28 8 6 9 52057 0.967960236162732
17 25 4 13 47085 1.0598394819530688
4 20 14 14 31476 1.081265527828448
28 22 20 1 58147 0.9142304246779309
24 25 26 3 57147 0.936803193715638
6 18 21 12 47245 0.9380229960828423
8 0 21 15 61374 1.0075613070667713
20 19 7 13 36180 1.0272780694516495
0 4 7 17 41128 1.079312632949493
23 8 19 0 29464 1.0799225008554967
4 10 0 0 33046 0.9285016378446003
19 7 10 13 26959 0.9350476345086657
9 25 24 15 60020 1.0121216039634537
17 18 2 7 42341 0.9494796100964358
3 7 13 6 19436 0.9209573879176325
24 5 4 7 41332 1.0973894424665518
16 2 8 10 32903 0.9890325902222941
24 14 22 26 55845 1.0660834939058663
13 23 17 9 34188 1.06790091718389
19 3 1 11 47533 0.9853510678205822
0 4 5 11 25370 0.9284165004209958
5 15 0 7 27164 1.020748157062074
28 15 21 12 40856 0.9361756296376008
28 29 3 9 79316 1.0958187945210005
14 19 11 4 31354 0.9013073208447094
1 20 15 14 41244 1.0738608958903808
19 11 22 4 19787 1.0378280604513936
5 13 17 10 47686 1.0329475710653813
21 18 5 14 46940 1.085567250125931
12 19 20 12 31028 0.9563773127084725
1 14 26 22 71554 0.9329839137440123
8 12 6 1 28698 1.061678044965524
6 18 24 25 51798 1.0378462233855403
28 11 9 0 51660 0.9643527384641062
7 20 0 9 44298 1.005411620447499
24 27 9 14 65354 1.045785632201516
22 10 15 5 30104 1.0632373344760424
4 5 21 10 49161 0.9497214321809772
22 25 3 11 59181 1.0106281778797004
10 18 10 29 18696 0.9446428965654752
8 19 0 5 36256 1.0395126828293941
14 5 4 17 43599 1.0425053713683385
14 22 16 13 30527 0.9856081661182687
18 13 18 25 31720 0.9193035439623666
29 16 5 14 58616 1.0576768874576536
2 11 19 2 44057 1.0259855823087802
28 19 7 13 49481 0.9165478332487993
16 0 29 13 44032 0.9044321022700671
8 0 0 8 35237 0.9794244547330522
3 2 16 18 48248 1.0342284888830446
20 29 4 0 82875 0.9049493797351656
14 1 9 6 18882 0.9445391574877435
28 7 8 18 55671 0.9857605474402803
11 3 22 14 49355 1.0601646753095333
16 28 29 2 70926 0.9673403948317691
22 26 20 7 55823 1.0066880498616064
27 1 7 21 78354 1.005603569914007
21 23 0 11 77012 1.0816860803967359
6 5 15 22 43492 1.057885320568507
23 2 15 23 60834 0.9383275189099728
13 14 9 8 23260 0.9125767418281979
13 11 8 22 32254 1.0535627928554772
6 1 16 24 58360 0.9413398051281293
19 14 24 6 31769 1.0179517117997614
21 27 15 23 33850 0.9660718849597854
23 25 19 8 50739 0.969627486134663
13 21 2 17 28450 0.9843538169139517
5 7 14 11 28201 0.9135540335833977
12 20 6 25 28666 0.9429963571566051
0 12 28 7 65732 0.9748025280099482
22 1 4 11 52725 0.9251404963794275
25 12 14 25 65892 1.091814772395665
23 3 15 25 59413 0.9081295941061124
6 23 27 5 71668 1.0643511082619985
26 6 8 21 65493 1.0973087199198577
13 29 5 26 39963 1.0786714252922234
0 25 27 17 72167 1.0389258762620956
16 16 14 0 48400 1.0841193926969679
12 16 20 12 44797 1.051249261852779
4 21 25 9 70790 1.021866032317618
13 6 26 1 42098 1.0106235775981023
26 22 20 0 71179 0.9843156702368203
7 13 22 3 45802 0.9283490559556304
18 15 0 16 61273 1.0235739555090682
1 11 26 13 88526 0.9961053028026703
14 19 22 14 31273 0.9385216651097831
29 25 13 7 58812 1.0371231545679267
16 25 18 4 46289 0.901411659090729
3 28 20 0 70539 0.9351201378618237
27 2 27 20 48081 1.0581166012083578
4 26 9 12 33606 0.9248410893345144
20 28 3 15 56637 1.0224468977985892
14 7 24 22 58924 1.041289757718013
21 7 4 28 66655 0.9679784279216901
4 13 13 26 43234 1.0037080055651253
8 20 4 12 28993 1.0243637223952584
10 3 13 21 34709 0.9659751316380669
25 23 9 26 57568 1.0170469414910468
12 17 7 4 37296 1.0811525276675134
29 6 7 2 44935 1.0558894897027276
7 28 0 25 33917 0.9580680000166816
10 13 1 9 34543 0.9062112075638542
19 24 28 27 41381 1.080761308933529
3 24 22 21 44543 0.9483863310950108
25 18 19 7 42309 1.0539564267746804
11 13 26 17 55633 1.0426573506762618
4 2 20 1 38247 1.0282308209856708
28 18 5 13 62247 0.9583039031028602
3 8 5 26 34168 1.0013661100639821
21 0 4 14 60337 1.042451163507644
7 2 4 17 38846 1.0744728555692684
7 9 25 15 72347 1.006400723359931
23 28 11 9 76393 1.0747607199344746
29 28 12 2 69542 1.0303478712768193
2 28 18 15 55898 0.9294300372656118
16 4 26 20 52995 1.0790396698157638
25 25 21 14 51403 0.9438139463525131
4 21 18 23 41422 0.9674074881244893
5 13 15 12 46425 1.0583538145617184
20 22 13 28 36690 0.9333564507310079
5 7 1 24 32496 0.9580439239175349
9 10 6 27 36913 0.934879400212138
23 10 1 19 71112 0.9169713684847419
4 22 0 5 36592 1.0567209873753014
27 16 2 19 64758 0.9423669460123194
11 19 28 5 53792 0.9180365618594367
26 29 8 26 87969 1.0695929969357925
2 9 7 24 37891 1.0070353621064851
6 28 27 24 73212 0.9011830805711829
28 4 4 16 58403 1.0434230809708591
21 2 16 25 60756 1.019295313775278
24 6 24 19 43877 0.9687390977798257
2 5 4 25 33339 1.0036999293958866
13 5 4 19 36556 0.9373109693483097
0 13 27 23 87103 1.076684375472588
1 27 0 15 47502 0.9304742393321752
17 14 7 5 38090 0.9911428888889091
21 7 17 15 22696 0.9035786131300229
8 13 29 12 56936 0.9639953411345666
9 23 14 4 34284 0.973781963152473
19 2 4 29 69150 0.901614602797348
3 19 19 7 44989 0.9290356857342834
7 11 13 15 34614 0.9962246204558585
14 29 4 12 59063 1.0738635858587366
8 10 23 26 65840 0.943086017319395
17 12 4 0 43947 0.9807498514640252
2 20 15 14 34722 1.0346388284998935
18 12 23 28 61388 1.0358085121232927
0 27 14 12 64731 0.9206378309400584
20 26 14 3 62069 1.000613620310195
9 6 17 20 32888 0.993543969129114
0 2 26 0 72983 0.9649372694795011
9 4 10 13 15627 1.003155135119885
5 12 24 20 57397 0.9134447372515243
13 4 8 19 28954 1.0402117240614577
0 11 13 18 47102 1.0680771598179202
24 25 20 17 39709 0.9413731858812
27 17 12 8 66406 0.9874748267687877
13 23 20 28 35303 0.9630472485304032
16 23 29 29 51322 0.9996336467845255
11 9 10 25 31609 0.920229501484913
4 17 13 18 21122 1.0047319748155907
25 27 19 14 54836 0.9588640370571763
23 25 15 5 61064 1.0975746985305161
18 27 21 18 33163 1.0946008470045352
18 0 5 10 48833 1.09270389041917
14 11 17 2 28219 1.015810580461197
14 12 13 22 26285 0.9605011674848487
16 26 3 9 56361 0.9897360380101717
22 2 17 29 64148 0.9658775574151159
25 0 7 27 90376 0.9097923070736726
23 21 16 6 52899 1.071530496593938
5 5 23 1 44961 0.9850793413410209
0 0 20 18 71257 0.9638436710749249
9 22 29 15 41855 0.9538948035762378
18 25 2 6 58845 1.0990230559712895
5 5 20 9 42174 1.084657858306272
10 13 17 18 22552 1.0237583281807985
19 5 28 21 48612 0.9458479197100382
26 15 17 12 46660 1.0288858433625754
3 21 21 13 51970 1.0139046751650007
27 24 11 14 57277 0.9828096408483087
18 25 8 4 50512 0.9523578924750236
24 17 22 7 52556 0.9703286140654698
25 18 9 11 42308 0.9081220864130274
17 20 4 5 44266 1.0704201389298467
21 4 19 15 27295 0.9875017707390868
16 26 7 2 66659 1.0955516453678358
26 5 11 20 60734 0.9633894498888405
18 22 13 0 53908 1.0460102687133428
26 0 1 12 78564 1.0641523052454347
0 13 17 28 63527 0.9047538466891909
22 0 8 28 74137 0.9288094195896162
12 11 0 24 51864 1.0550572128364681
20 6 28 0 35875 1.0033614825334989
16 1 5 9 39849 1.0757735985963608
27 28 4 7 83310 1.0935356336065816
14 27 22 13 58639 0.9174887443294437
16 28 29 18 46142 1.0614581955894877
14 16 29 9 54556 1.0690690653221955
7 24 16 1 54302 0.9801019555181153
14 12 9 5 25442 0.9581419507340863
2 11 27 13 77915 0.9238177078500528
29 19 11 18 33983 1.0661169136520072
10 23 1 28 40338 1.077841785809311
22 0 22 29 92863 1.005814362922716
3 8 13 28 50026 1.0925834281912568
0 24 12 26 45056 0.9882640903514165
9 21 19 19 18022 1.043426846933982
12 25 3 28 33487 1.0445429389541951
29 10 26 3 17264 1.044287332328753
23 12 6 19 53530 1.0209251005210576
16 6 8 21 45632 0.9622930764841463
10 0 0 29 74278 0.99794495793659
22 26 22 14 48461 0.9675635603640268
16 3 21 17 48213 1.0629647328801748
15 14 29 26 45712 0.9794038636448503
6 19 22 13 47289 1.0070118557461094
5 6 12 25 46346 0.9047658718458187
1 20 21 7 59878 1.0088848906679504
20 22 21 1 60905 1.096112076768413
22 16 4 21 45411 1.073018329427484
25 23 2 23 70635 1.0110160029764046
20 4 23 16 51087 1.0559394737223713
25 27 14 18 56131 1.074012794755977
12 4 26 17 63615 0.9755034554648312
7 6 21 17 58673 0.9243198984574185
2 10 5 17 27380 1.070450717465032
10 8 5 19 25998 1.0371909008557996
5 14 22 22 54216 1.047283668179819
7 16 18 25 48713 1.0884710228627335
3 15 16 19 25998 0.9461921752558764
18 13 8 10 41348 0.9055062377365937
15 0 9 8 23685 0.997645628688757
24 12 6 27 76937 0.9807248676292165
20 2 11 7 28505 1.06058977291454
22 8 26 16 54442 1.0599555125322395
9 4 18 16 43357 0.9917187624714576
5 18 7 29 41254 0.9153143374124804
29 10 14 17 48437 0.9430207931371435
8 15 2 28 41523 1.0944242580232033
5 26 16 25 40973 0.9804509708647187
12 8 0 13 44468 0.9306122422077071
9 29 0 9 54287 0.9347260236915962
16 19 7 28 35066 0.9760063702054038
3 17 2 1 26193 1.013286917814769
23 20 4 10 56050 1.0024071252779585
26 24 28 14 28710 1.0204387927649603
2 8 11 6 24064 0.9930116512948768
8 1 17 9 29517 1.013493518888
25 20 29 8 29770 0.9028423887194464
27 29 2 28 91056 1.0144631477073924
13 28 23 29 59568 1.0250409423064166
23 21 18 1 60964 1.0118322914998898
7 2 10 9 22110 0.9137810190459861
29 2 10 10 41153 1.004396708128789
21 18 24 5 51768 1.064131426591551
1 13 2 28 36314 1.0052868864591304
17 15 1 19 33060 1.0829506232473247
4 25 18 4 54040 0.9832245862812881
11 11 25 5 45183 1.0341384667092899
21 13 2 17 57646 1.050798040657801
18 14 1 22 49567 0.9675917212982742
4 3 6 28 50188 0.9119510478587828
12 6 26 14 60208 1.0998081158745407
6 15 19 14 42355 0.9290823652437278
6 11 16 28 61926 1.0579321335098506
29 27 22 12 52394 1.0135023813729682
18 3 8 10 29861 1.0484795166234222
29 26 4 9 72501 1.092473895813731
29 24 26 9 40205 1.0732208012717102
29 4 10 13 42875 0.917417422465709
23 19 0 13 55010 0.9466499194871629
4 22 11 19 18035 0.9577029096563894
0 18 23 3 64603 0.9648524225511029
11 15 13 26 33654 0.9771337988796027
20 6 0 25 71087 1.0213460528081517
14 3 2 9 30643 1.0231293648001447
14 18 15 0 44732 0.9509561721283529
25 27 28 5 58903 1.0867509784012703
25 16 6 24 57918 1.0014264466116698
8 9 4 0 29054 1.0035214102017351
27 8 27 18 37660 0.9829433620830553
11 1 16 20 49779 1.0145767131901442
14 16 1 1 60800 0.9928496071529989
6 29 8 10 48017 1.0272392670687012
21 15 16 27 50532 0.994953174677501
28 21 22 14 41101 0.9138572795171162
26 6 25 26 61160 1.0225364221373843
17 21 2 22 35185 1.0453120645897456
21 2 17 26 59371 1.0545132211931552
21 20 9 27 36406 1.0098999900748231
22 0 12 25 73619 0.9064317696346607
14 5 8 25 43099 1.0060885858029796
24 29 11 12 83302 0.9280162339525123
1 18 5 5 31218 1.0309988077630519
27 7 18 20 48680 0.9420568245908131
11 10 6 19 26725 1.0797673492461866
19 29 21 3 62589 1.0399534636131353
15 4 8 16 34461 1.0441278195872863
6 28 1 21 35684 0.9355918217182934
18 23 22 1 64090 1.0432089370513895
24 21 16 0 67283 1.0534794960961986
21 15 29 26 47398 0.936075951663934
8 5 3 17 29733 0.9188199271496398
2 1 26 14 74058 0.9633857592019208
29 21 10 9 49671 0.9170370251600379
5 2 15 7 29479 1.0220173233162575
4 24 12 28 37355 0.9896606817539706
14 18 25 28 61878 0.9595747511126305
10 18 27 28 58186 1.0041754592458743
11 10 6 19 26725 0.9742447317839105
1 26 10 25 36349 0.9195020826561148
2 9 15 6 30980 1.0339631936080216
6 15 25 5 57462 0.9344259646529636
0 10 16 27 73256 1.0540143341310695
9 2 12 21 39631 0.9192173293984714
8 13 15 8 27074 0.9731125321074146
7 6 15 29 60294 0.9683791928039156
9 25 23 8 57284 1.0250559167278217
7 6 20 8 38541 1.0784808831843309
4 16 7 28 39974 0.9907575170015289
13 19 21 2 51475 1.011800098860105
13 8 19 25 45834 0.9338867630775625
14 28 28 2 81917 1.01646180789395
23 13 7 1 67095 1.0421920543267076
5 24 11 11 38917 0.9793783356849428
12 9 21 24 53290 0.94417919517951
17 7 17 26 37302 1.076613617592719
13 5 27 19 51575 1.0173026404536776
3 19 17 9 41394 0.9525889007816788
14 13 19 0 40635 0.9249492048134246
12 6 17 19 38749 1.0229878101787497
25 29 15 27 59666 1.054878345557156
29 23 25 10 42385 0.974018989804508
23 3 4 9 42052 0.9308662710511417
9 29 21 19 32946 1.046045593626079
7 8 3 19 30112 0.9302924621073033
22 11 7 3 48761 0.9513042226242842
11 24 15 13 33083 1.0046344640547464
23 10 23 0 50714 1.0492732594518799
27 6 9 7 41843 0.9725435805651973
24 4 1 18 57242 1.046776537279474
12 0 23 7 34819 0.9401663080396019
0 14 10 13 39016 1.06480713080967
28 19 5 26 56859 0.9320866008435464
15 0 15 20 45410 1.034317462322478
0 18 20 19 38016 1.0232964308839707
3 18 18 23 39734 1.0879983858152085
28 10 4 13 69718 1.018265017075957
20 8 3 9 40037 1.0412003037695892
7 19 9 27 14309 0.9574747172638899
24 1 27 14 48223 1.020548941438486
14 25 26 26 46002 1.0808294988723983
27 25 3 28 70520 0.9238017618945255
26 29 24 9 81628 0.9404204871080555
10 24 16 20 24694 1.0329736525774562
0 23 22 14 70884 1.010579989472708
7 17 28 12 62447 0.9255390998339309
11 18 8 9 26312 0.9788958257564048
24 19 14 1 54619 1.0563059523605989
11 28 16 15 45865 1.0955171074212688
25 12 8 25 68964 0.9042044921461206
8 21 3 12 28089 0.9667909457715539
0 1 14 19 54713 0.9088442218502795
6 15 17 6 41570 1.086072082645485
3 28 7 17 28730 1.0552540588415322
19 14 18 26 34081 0.961545002508805
25 15 9 0 70885 1.0104031538550542
6 10 7 23 43093 0.9339169314113199
25 15 7 20 58039 0.9775417998095768
23 18 3 22 41957 0.9747886096824441
13 26 19 20 26818 1.020255044359242
28 29 27 17 38720 0.9701818646189233
24 0 17 27 77940 1.0142404403387497
28 12 11 21 53710 0.9216104796101462
9 28 22 17 41158 0.9233876323843597
20 11 12 14 40458 0.9680250580986343
6 7 29 4 38422 1.0596007672316623
28 16 22 10 49230 1.0811831350645462
14 14 9 29 35139 1.0323998690490255
6 3 26 25 79239 1.0385214019013702
22 29 13 0 85257 1.005359296712139
5 28 28 28 84810 1.016905022462635
29 28 16 15 49485 1.068069908406179
8 25 10 0 41090 0.9848545156079133
12 9 22 2 36076 1.0905633860375825
27 24 9 1 70743 1.0693868391767682
24 7 25 17 46736 0.9826648389657053
19 12 9 11 35443 1.0698933312815524
2 17 7 22 26765 1.0308482555168297
16 9 27 24 59304 0.9374365984597104
27 10 11 11 64450 1.029537358837678
16 24 26 1 73758 1.099008828284318
4 5 29 22 66582 0.940833830468159
20 27 13 1 67601 0.9080245690548827
24 1 9 19 60039 0.9580389511256671
2 12 25 27 82549 0.9632925432186364
1 29 26 4 83145 0.9008942789947002
21 21 24 0 78891 1.0311173699874818
7 0 20 1 41247 1.0297122370891008
9 22 18 2 46275 0.9905603205046705
2 28 27 27 85134 1.036384593745007
1 26 16 16 56067 0.9889377184445303
7 12 27 29 81551 0.9170729462815773
15 23 23 21 34329 1.0443058950741575
6 13 20 11 55977 0.9343491292421302
17 9 6 19 36393 0.9233318053319562
7 23 7 11 43978 0.9503156953229325
2 23 15 29 55012 1.0763818681604274
4 12 10 23 32338 0.9481022378188605
22 15 4 0 69236 0.9283359986951736
15 16 9 10 28902 0.9490915625490622
2 0 9 5 20922 1.0277397165721067
24 7 14 4 22951 1.009402953270713
17 6 21 17 40113 1.0356544739239368
20 24 13 15 32498 1.006863381160321
12 15 29 25 52891 0.9064348242186367
12 14 14 25 30537 1.0494587316635555
10 9 2 19 29056 0.969894135857438
28 2 19 8 31661 0.996828317643985
27 12 18 23 53143 0.9029687538973563
29 16 14 23 44586 1.051832954574434
23 24 9 14 45204 1.0341917173379893
2 10 9 23 33267 1.0404480478503721
13 17 9 4 31802 0.9120419893755023
3 22 29 5 63889 1.07778277034039
13 2 23 29 88855 1.0226175966647841
8 11 26 0 65556 0.963838738927287
2 22 20 8 63051 0.9873413248177341
6 9 20 17 53374 0.9053168937344455
22 16 27 4 50189 1.007158421773771
19 10 4 19 43728 1.0254035583172367
13 15 28 18 39306 1.0636527718559248
7 6 15 13 35492 1.0079678493862563
13 28 7 1 58673 1.0286225336520247
10 17 22 13 44273 0.9141976977033459
15 0 25 12 58810 0.91328521835565
16 22 16 1 50974 0.9378812541888476
24 28 17 15 57974 1.004582757981754
6 13 4 26 34333 0.9418858728388089
10 6 2 9 21004 0.945859033313543
27 15 1 13 82263 0.9495447135731542
24 24 29 8 41385 0.9920137263202949
16 16 1 11 57504 1.032995562222156
21 13 2 22 58422 1.0442984826902926
28 22 8 28 60180 1.0663424477075423
4 29 27 9 88957 1.0403425023658166
2 26 14 7 49887 1.0703075371949187
4 3 7 27 53583 0.9225704058250611
11 11 14 1 32481 0.9340953540074979
15 27 4 10 55783 0.9524364989314066
17 16 27 13 45696 1.0173418932913187
7 5 24 21 63916 0.9806386903220028
20 5 8 3 23237 1.026911369152831
7 14 12 26 38770 1.0300055429263213
1 3 16 9 40393 1.0698389676501605
26 24 9 7 64623 0.9231606157790605
29 14 11 29 63214 1.0958185729751428
0 25 12 19 31871 1.0758338015753683
3 9 17 19 36008 0.9792716754418604
10 29 21 5 62397 1.0199215822754544
3 27 21 14 55084 1.0640290251769935
27 16 8 11 70903 0.9903494073735627
11 1 28 7 43796 0.9165185709725203
4 24 7 16 30773 0.9719850843552023
11 24 23 17 44712 1.095859479634109
0 3 22 22 70070 0.9588550169080907
20 15 19 6 28335 0.9865786721011128
21 12 11 12 44769 1.0928515494605613
1 6 26 2 61649 0.949743766281468
3 20 12 17 27675 0.9343278576363077
2 16 22 8 58591 1.0505178596660063
24 13 25 23 59086 1.0007442450693038
6 1 8 28 53023 1.0291797831458627
27 7 7 20 61556 1.016817868271342
8 3 8 17 27718 0.9071022884794245
13 0 25 14 61403 1.0748134624800167
7 9 14 12 36040 1.076834410377866
22 25 15 29 32403 0.9738474909923669
28 17 29 1 31230 1.0425340550103503
17 10 16 21 27468 0.9183289679753551
0 5 22 17 66443 1.013973612237161
3 0 8 7 18162 1.0099229833170418
28 20 18 17 31158 1.0793406696564678
18 25 5 23 47411 1.08252783328094
6 14 24 6 56480 0.9618379506469296
1 16 0 2 46978 0.9735585010749191
5 15 18 5 50646 1.079797390221089
19 11 6 29 62842 1.0425219036830429
11 22 4 9 41085 0.9150797087333663
5 4 2 28 41195 0.9469011284665435
10 27 3 3 46397 1.0514319837891946
9 7 8 17 20249 1.097260233508371
13 15 21 28 50209 0.922506604782532
9 19 29 21 35005 0.9289616703362162
17 14 8 20 29736 0.9501383020971018
1 29 26 3 89574 0.9430815585512664
17 16 26 11 53819 0.9405076720408148
22 6 8 5 30975 1.0996514157553403
10 26 2 14 33988 1.0570841561508058
10 10 29 10 45908 0.9024877657349647
11 27 25 10 84347 1.077343796151891
11 15 19 3 41208 0.9223865743568681
19 24 19 4 44911 0.9022442935063179
21 9 8 24 59042 0.9054308558563136
11 0 4 24 52442 0.9683513406608345
26 20 7 18 44243 1.0423525266359304
4 6 29 12 53403 1.0708543842738483
7 26 15 19 30839 0.9245218438057815
5 9 26 13 78206 1.0081018514464581
10 13 2 7 23442 1.0375654534282115
6 20 15 13 30100 1.0371716772983959
20 21 10 11 37632 1.0687509116004568
4 14 18 22 43355 0.9097224464098796
27 12 8 2 57458 0.968526478223881
23 4 10 2 22068 1.0018906144105473
23 25 0 11 80227 0.9160219512564849
3 13 25 25 65557 0.9369377958614683
24 12 21 26 63396 1.0658935523170328
18 5 10 28 54529 1.0158541999416952
20 27 27 22 51832 1.0739074718821586
25 15 26 3 44337 0.9853939774068255
10 29 22 6 63302 1.0484507818744526
22 29 14 20 54742 1.0797691564139822
21 3 12 4 17457 0.9726091409067467
13 16 22 6 39803 1.0669823156374245
21 2 12 24 65015 0.9294455982011527
22 11 4 9 53851 1.0634983300658756
18 21 0 7 53729 0.924568880233534
17 25 15 15 24987 0.9724762615696897
16 27 20 12 45685 0.9757413287114954
1 7 17 6 30838 1.0723364360095293
26 4 28 26 45559 1.038890357592345
23 8 10 4 33057 0.9194232349362003
3 10 18 16 48791 1.0012749425810359
17 12 1 12 50480 1.0883672083549674
20 11 12 15 46360 0.9197920283409791
15 16 15 28 28562 1.0363396272350553
16 18 26 6 49202 0.9227843969531414
1 4 28 20 69022 0.9711457005302211
26 19 3 6 54349 0.99151095279567
12 0 24 29 104297 1.0547532634066625
8 17 14 24 28186 1.0058817573570016
22 14 5 25 60186 1.0473393969042437
29 13 17 6 34028 1.0575323292089422
14 13 22 17 38342 1.047896114038366
12 26 28 18 52274 1.069812377168745
2 16 18 26 55228 1.0968763961326453
2 3 9 25 42201 0.9627085115188005
9 10 4 16 28271 0.9062831096516272
27 20 10 6 56533 0.9521319138716883
21 23 8 20 46051 0.9530766209741759
26 15 26 1 51752 0.9254444915256933
3 23 2 12 19515 0.9792967245316081
24 8 22 18 51962 1.091433169033216
8 6 17 3 22838 1.0932291480911163
14 29 16 1 74594 0.9869251336653482
13 17 3 14 27215 0.9980559503023602
5 25 22 14 60186 1.0165692159961823
1 14 2 29 35526 0.9964777395695672
25 8 14 29 78302 0.9476694499238694
15 5 18 17 33895 1.0982182878995246
17 13 8 2 37041 0.9061076344942925
19 1 22 13 42616 1.0270418096313816
11 26 0 7 51250 1.0240186585350377
17 4 9 18 31729 0.9781484136870535
16 0 5 15 57038 0.9111539261404157
28 17 27 5 30964 1.030132167992182
21 26 3 2 74070 0.9656423924297212
14 27 2 7 57531 0.9373621372506266
1 3 10 7 20822 1.0350788664152317
6 17 28 8 66988 0.9325500257943643
12 11 24 17 55483 0.9941377825308568
27 5 2 21 71688 0.9756452971377699
4 25 25 19 46420 0.9647718228542153
4 24 27 9 78279 0.9190902808684103
8 6 22 24 60298 0.9951726863966657
25 25 9 3 69847 0.9033674933609422
29 28 13 4 60213 0.97547608748102
14 8 7 13 35198 0.9012967036807635
24 15 12 25 61842 1.082352332208084
22 7 28 17 35940 1.0549281875112795
24 29 4 25 89428 1.064647537207359
19 2 4 15 48287 0.9152029812080166
16 8 23 3 27665 1.0218871883929261
5 0 28 23 87484 1.0587072897223537
8 12 18 7 28345 1.0242897381808787
24 27 14 16 64951 1.0782176788855606
23 0 20 14 51036 0.9816559417774599
19 3 19 27 53647 0.988086502949104
25 22 5 20 53863 0.9412086876014218
14 28 12 2 65590 0.9076772158910308
1 17 3 5 28215 1.096821764840945
21 13 22 26 51479 0.9173518214163826
11 0 2 16 46729 0.9456682747552415
8 22 6 14 27696 1.0250294271369786
10 6 3 10 17251 0.9741684037778429
5 27 11 0 64739 1.0973658092482548
0 28 2 3 54442 0.909586596001966
4 9 5 23 36964 1.0485144890316254
24 18 12 1 63751 0.9720348027145496
25 21 17 19 24441 0.9561488014356153
26 22 20 14 47158 0.9247054947687494
16 12 20 23 38078 0.9297230355260083
1 7 20 26 67108 1.034818209204361
24 16 4 19 52787 1.0488293049963462
0 26 0 15 47731 0.974017784865963
1 20 25 12 78560 0.9523157991159911
3 11 14 8 31699 0.9624459035369098
21 29 10 2 78829 0.9368512962871165
19 15 14 21 25676 0.9185832925846953
20 6 11 29 70270 1.0677295554588984
27 26 9 8 72386 1.0294355987073633
11 9 3 26 41822 0.9639452267360483
26 1 2 10 66520 0.9482501529108734
22 4 8 25 51569 1.0193062309213001
10 28 1 4 49496 0.9407627864319905
27 3 25 28 67097 0.9178139581289366
9 26 2 16 30867 1.0186472511021138
5 12 20 9 52611 1.0471643160574797
0 15 26 29 105415 0.9314143664107104
26 17 28 26 38643 0.9197921004851343
24 19 7 25 38554 1.0942265836729244
18 21 3 6 49652 0.9979831183772215
25 21 19 27 38660 0.9188007751530285
16 12 0 28 69863 1.0023350753880502
23 16 29 5 48465 1.0972004910556508
14 15 0 24 49277 1.0859577902420339
3 15 11 9 30679 0.9033269678268298
5 20 9 2 35054 1.0205034696159763
20 10 11 26 58405 0.9562971491972655
11 6 23 5 32312 1.0483583365188582
12 19 24 29 64694 1.016229042360901
18 5 14 21 43804 1.0790757641108124
21 3 24 25 65568 0.9627035735349063
7 1 7 19 36679 1.0581706545175626
2 25 18 8 60887 1.0081667600088429
3 6 8 24 37443 1.0122921550868478
17 21 6 20 23771 0.978003708371167
27 28 27 4 51903 1.0703283607601581
5 17 23 7 58463 1.0442262821353614
7 1 12 18 43786 1.0518691092707153
4 22 22 1 66866 0.9759329660837608
24 25 26 14 44611 0.992005464488409
0 24 22 13 68587 1.0774374045488022
14 11 23 17 49892 1.0963364928207269
17 13 8 18 29106 0.9228898415063139
16 7 3 7 23346 0.9194955299346351
13 14 26 2 53392 0.9323038637110621
22 29 17 20 42636 1.0835816832991982
13 17 28 9 52287 1.022631408612324
8 23 23 14 55438 1.0116828022818374
15 25 8 16 36013 1.0358093761743676
17 23 14 5 43373 1.093806077445816
4 24 14 19 26718 1.008348206546716
27 1 2 3 55296 1.0929160365767934
9 23 27 9 64244 0.9222062769714232
21 17 15 8 44627 1.0516598822684837
21 18 28 10 39516 0.9189071364334712
26 3 9 26 62156 1.0883031698356675
23 15 0 22 73157 1.0725399608691837
25 4 21 19 42350 0.9852315883561137
16 24 18 2 51742 1.0048917241919761
11 4 4 12 27104 1.0318605674751689
26 15 1 9 89988 0.9194458301406714
7 18 24 24 50668 1.074323261124554
7 6 9 16 23227 0.97656745552843
9 2 8 13 19945 0.9505555124198511
15 12 19 24 33881 0.9395973611465401
14 21 0 4 50835 1.0436156642497405
6 0 26 19 64175 1.0134573719239024
7 6 29 21 62734 0.9848940934092402
22 9 26 28 72801 0.9044775177886872
15 4 14 14 26968 1.088923398633573
8 5 4 23 40649 0.9591166503957314
6 8 3 25 32034 0.9757182394656356
23 12 16 19 38241 0.9165876265458365
14 10 21 25 52147 1.09970241011027
5 15 13 24 40319 1.0819100740463348
4 5 9 16 25417 0.9598393003711644
6 6 13 19 30659 1.0071975160001607
6 24 20 26 51479 1.029173630450667
8 1 11 11 26252 0.9309867827797755
24 17 7 28 62559 0.9998416401142944
13 18 1 16 38225 1.0573055788005858
17 10 2 17 47894 0.944839442996507
17 13 3 21 36072 0.9105224075209849
24 18 5 20 42369 1.0757250745084361
15 20 0 5 48751 1.071212923931912
10 22 8 10 25182 0.958744801348097
25 24 24 2 63382 0.9982276940037136
24 24 0 13 74017 1.0452939104351882
22 23 5 9 68963 1.001130117908455
26 29 12 21 75912 1.0987648462153294
13 5 24 15 57652 0.9534507518770614
14 9 1 27 65726 0.9910863457898845
26 0 12 22 81379 0.9432476762423608
22 27 7 0 83406 1.0991843866622755
13 25 5 19 25114 1.0873581383372548
26 11 3 9 69686 0.9194820142002674
8 4 13 23 37369 1.0693702500424347
7 0 29 29 82928 0.903795708547691
0 27 29 20 72703 1.0634587994599456
8 2 22 17 57405 1.030461587025653
22 29 0 3 92809 1.068286905847139
6 24 10 8 35219 1.032419159177035
23 3 5 15 58738 0.9192102978601238
5 7 29 21 58701 1.0351596201377038
27 11 18 21 52266 0.9778690010676545
27 26 28 15 38584 1.0271482402745766
18 29 28 9 68056 1.0860020470888394
11 21 16 6 46951 0.9320474173848436
23 13 20 29 61630 1.0099893186887752
25 3 17 24 56566 0.9487117728912838
15 15 25 17 36872 1.0632680081365975
2 2 3 15 21672 0.9835450977445263
5 24 26 25 67995 0.9429210015504789
29 12 19 14 39209 0.9238559238417386
21 13 3 27 59970 0.9692957001049773
16 10 3 1 41464 1.0379556613365288
23 9 18 3 31049 0.9433575208960816
13 5 21 21 54518 0.9598516806184844
4 22 9 4 36281 0.9906013388603181
5 22 14 13 41834 0.9166509748688986
21 16 13 7 47683 1.0361198055025047
11 4 15 21 37362 1.054046140135681
22 28 25 13 72066 0.9662936813043543
9 17 26 25 53696 0.9617551462770079
23 12 21 24 50619 1.089676928166855
27 20 6 29 66218 0.9538561468034121
2 10 3 24 24803 0.9666756452881673
21 20 29 16 24129 0.9335220880491455
1 20 14 10 51839 0.934181854893471
14 10 6 25 48910 0.97588330128688
7 27 29 21 58394 0.9396763806818338
12 4 16 14 30445 0.9517185538040484
27 16 7 15 74873 0.9111303164317593
17 27 12 16 37473 1.0197918061376439
26 29 22 7 71675 1.0023891351483645
14 26 20 3 64413 0.9115503473915584
14 27 29 29 61959 0.9000536012554642
17 9 9 6 20626 1.0923474890700695
11 29 19 26 44502 0.9463879020055349
21 4 6 29 68231 0.9907951146231592
26 7 8 7 33572 0.9262364649424122
9 1 12 10 25937 0.9463583932053553
26 20 14 5 57332 0.9753757608750838
19 22 5 8 50353 0.9021080184222776
29 25 7 5 68008 1.0231794565769685
29 27 14 0 69796 0.9127037590409963
2 27 16 20 44130 1.052997580562002
7 0 1 8 36610 0.9438026594174264
29 10 4 19 54364 0.9027688318240709
18 10 5 28 67822 0.9416986566532173
25 0 29 24 56397 0.9315271675512836
15 15 17 7 22116 1.0113594840898092
18 20 8 10 39123 1.0652673471102458
5 22 8 15 31976 1.0743464982218478
21 8 11 7 25155 0.912879249537691
16 4 7 20 42232 1.0576519671832583
4 0 29 8 51483 1.0492112690401267
3 21 19 29 49555 1.0983579842173394
10 10 15 5 19243 1.0330596620737345
26 11 4 3 68138 0.9623033700415694
15 4 3 8 23225 1.041636066465101
1 7 12 4 21076 0.916952171607182
18 12 15 4 22574 1.06026374177932
10 18 27 18 36672 0.9520909784086679
17 23 5 1 59236 0.9263427876352751
1 29 5 5 53876 1.0683326171676248
15 2 13 26 53977 1.0313758640894204
24 29 20 18 59620 0.9777185409383833
25 6 29 27 45106 1.0744604006481204
12 19 3 22 18466 0.964871395444425
5 9 3 25 32885 0.9198044255351204
20 23 21 0 69901 0.9152493766191482
20 24 4 1 65227 0.9109914658710133
15 0 7 25 54069 0.9102240371728072
17 3 28 3 23080 0.9730036495147442
28 28 17 7 61234 1.0767422747274678
14 1 24 0 46601 1.0526888670649337
27 8 24 1 41722 0.9208713641078946
2 4 14 5 21413 0.95805078054274
0 5 8 17 42130 1.0817323075889183
23 27 8 18 58664 0.9230644233613318
28 2 8 8 49677 1.0429227997215025
6 14 15 8 35201 0.9436412065329626
7 18 8 5 30369 0.952120275629346
19 9 3 9 35711 1.0583086105738915
5 5 5 16 34583 1.0148947699795208
27 29 28 13 45491 0.9383289545780026
2 0 25 15 85095 0.9459325629235524
26 4 12 20 55661 0.9390408678508088
27 22 13 8 64036 0.9652330479750731
26 20 3 23 50110 1.0948177401297148
16 2 27 29 80565 0.9254259194143423
20 26 0 3 75508 0.9526380483649055
10 10 12 22 29654 0.9541497156677753
4 11 27 29 89264 0.9152623923643669
20 14 6 0 56830 1.0794724138258573
15 28 1 17 54494 0.9785278016766963
4 17 18 28 49570 1.0209666050233195
1 18 15 19 27448 0.9483431895875347
14 13 11 4 26647 1.0764362299728591
3 9 0 21 31526 0.9269031254856106
29 12 4 7 53839 1.0164044869371234
6 16 28 4 59164 0.9414709505638561
15 2 4 1 28282 1.0571435768742332
5 16 22 0 72748 1.092695583456747
12 13 3 28 43410 0.9302881361137245
7 12 16 21 37528 0.9650757077549386
18 22 10 18 23630 1.062695496540611
8 2 5 19 35477 0.9084029745462453
29 25 19 29 41021 0.9426207532954372
7 8 17 29 59720 1.064807846605959
18 12 0 22 58443 0.9542546575756845
26 10 29 20 32296 0.9386265689849409
18 5 7 10 36011 0.9242074057689018
3 26 25 15 66436 0.9404822584896055
11 8 14 27 52824 1.0472070626890684
12 24 18 15 35695 1.087452625529036
25 9 10 12 47383 1.0273221264560342
10 22 17 9 35424 1.0843648079642014
19 26 28 28 44747 0.91262203574596
23 25 25 14 51268 1.0078674024782386
1 24 24 10 86256 1.0107111075301565
16 16 1 27 57769 1.0470246044434068
15 0 7 4 21200 1.0685594536357357
8 28 2 6 49690 1.0947276656561906
6 18 26 21 49290 0.991257848267094
29 15 27 2 30802 0.9818702353075367
6 25 4 10 35824 1.0099588556744277
20 11 13 29 54862 1.038314916137532
20 14 1 4 52713 1.010018256952476
20 21 25 8 54474 0.9758248046434987
17 26 4 17 39178 0.9051112442389785
5 18 16 7 41461 0.9286700948485066
21 10 23 28 73018 0.9226638531728033
23 22 4 8 64888 0.9296620300583847
13 26 17 3 52049 1.078373409510018
6 12 15 26 47981 1.0884655882189747
24 20 9 12 40689 0.9636856433843883
15 1 25 3 26886 0.964276364298905
3 16 13 14 31051 0.9000473977891991
6 10 18 26 62217 1.0217019873708038
5 6 21 24 60972 0.9610135723587286
23 8 4 19 57185 1.0396173517911047
1 4 20 15 59045 0.9016374468162904
29 5 2 18 62197 1.0730378347835008
3 27 25 13 75829 1.0856072252416225
9 9 15 4 16174 0.9910766504432819
19 19 26 5 47358 1.0892531788027107
1 12 16 23 53800 1.0480822787079267
13 2 25 18 57187 1.0301803812206067
5 28 1 17 38779 1.0540849205662575
