5510 5503 5551 5419 5437 5609 5459 5581 5615 5626 5566 5393 5611 5638 5471 5630 5680 5645 5608 5435 5379 5379 5518 5440 5602 5646 5578 5672 5399
1943 1934 2098 1990 2046 2064 2042 2110 2124 1931 2049 2129 1970 1909 2172 2183 1929 1905 2017 2202 2022 2165 2048 2035 2061 2017 2002 1906 1914
3479 3731 3511 3496 3570 3616 3663 3703 3619 3708 3443 3732 3619 3536 3562 3549 3446 3740 3459 3457 3607 3504 3471 3658 3473 3606 3499 3585 3690
1384 1646 1632 1352 1447 1432 1540 1604 1607 1479 1553 1349 1448 1530 1627 1464 1463 1403 1439 1434 1350 1354 1553 1524 1485 1603 1511 1469 1620
2944 2785 2706 2980 2744 2761 2820 2742 2977 2909 2834 2947 2944 2777 2918 2795 2932 2782 3009 2871 2911 2807 2847 2763 2705 2926 2831 3011 2782
1672 1784 1699 1679 1858 1602 1685 1804 1831 1726 1575 1589 1801 1815 1607 1715 1689 1828 1727 1773 1725 1612 1702 1578 1814 1819 1808 1630 1596
3777 3813 3810 3705 3564 3672 3831 3638 3810 3545 3565 3729 3694 3572 3781 3638 3787 3751 3741 3809 3801 3730 3547 3570 3643 3783 3787 3786 3752
8216 8189 8226 8394 8423 8210 8310 8411 8370 8177 8396 8272 8453 8209 8447 8340 8309 8252 8403 8213 8325 8444 8311 8402 8320 8220 8387 8354 8430
4936 4864 4889 4751 4981 4864 4969 4860 5007 5017 4931 4830 4902 4790 4833 4798 4973 4894 4904 4914 4764 4918 5011 5013 5027 4824 4821 5005 4923
8212 8159 8316 8269 8174 8253 8007 8100 8267 8062 8151 8269 8293 8137 8029 8222 8072 8176 8024 8274 8035 8139 8081 8125 8178 8206 8149 8036 8245
7674 7783 7603 7587 7735 7741 7614 7871 7648 7865 7728 7618 7624 7765 7561 7590 7867 7702 7651 7562 7812 7785 7820 7809 7728 7675 7731 7810 7691
6160 6279 6326 6320 6304 6226 6114 6118 6083 6144 6250 6296 6162 6171 6097 6257 6125 6193 6140 6327 6324 6336 6250 6221 6351 6279 6262 6375 6137
6839 6640 6716 6821 6844 6646 6699 6934 6898 6870 6916 6697 6702 6886 6664 6710 6859 6736 6845 6940 6901 6653 6932 6704 6676 6855 6752 6799 6677
7397 7573 7506 7368 7348 7478 7313 7368 7361 7355 7439 7372 7451 7371 7542 7347 7358 7466 7310 7479 7369 7586 7590 7338 7472 7420 7554 7584 7379
5362 5257 5224 5115 5280 5108 5149 5148 5163 5217 5113 5251 5262 5293 5239 5108 5191 5161 5189 5276 5381 5288 5124 5130 5344 5091 5200 5279 5308
7266 7302 7227 7208 7336 7270 7192 7331 7332 7058 7221 7133 7275 7079 7083 7211 7094 7099 7204 7226 7187 7182 7302 7315 7140 7142 7174 7089 7316
8351 8192 8210 8174 8407 8297 8329 8262 8128 8154 8365 8398 8389 8311 8177 8406 8274 8205 8317 8119 8347 8188 8262 8280 8269 8274 8383 8257 8353
4241 4047 4202 4101 4079 3954 4109 4129 4202 4026 4077 4172 4121 4213 4166 4081 4235 4080 4242 4198 3996 4024 4239 4250 4192 4026 4250 4093 3991
3150 3327 3284 3053 3161 3333 3317 3099 3070 3063 3080 3035 3333 3239 3178 3303 3036 3343 3303 3247 3032 3150 3154 3345 3215 3039 3333 3162 3219
1579 1779 1642 1675 1605 1845 1844 1706 1644 1587 1655 1771 1578 1829 1623 1611 1617 1789 1655 1776 1749 1631 1880 1711 1817 1777 1883 1612 1692
8077 7874 7902 8047 7957 7910 7955 8056 8044 7943 7791 8094 7859 7857 8004 7903 7942 8037 8057 7840 8005 7956 7786 7954 8073 7962 7904 7881 7909
2434 2157 2226 2436 2416 2387 2421 2287 2402 2455 2286 2359 2214 2293 2397 2412 2384 2166 2317 2270 2301 2247 2351 2396 2322 2233 2397 2342 2190
6552 6397 6448 6382 6480 6493 6571 6352 6380 6420 6412 6540 6474 6503 6323 6384 6411 6517 6389 6292 6416 6317 6503 6306 6522 6428 6480 6544 6504
6249 6237 6247 6226 6462 6215 6392 6337 6166 6314 6461 6378 6279 6261 6181 6456 6453 6187 6409 6421 6230 6221 6205 6345 6348 6385 6422 6276 6175
6456 6144 6303 6142 6324 6315 6247 6289 6235 6325 6400 6407 6323 6170 6294 6184 6201 6319 6436 6345 6295 6356 6315 6312 6406 6401 6275 6351 6344
8428 8455 8486 8682 8455 8479 8663 8490 8448 8681 8617 8567 8559 8648 8518 8595 8630 8602 8607 8713 8693 8471 8716 8469 8429 8406 8584 8543 8426
4434 4289 4403 4345 4391 4214 4429 4375 4185 4134 4191 4402 4232 4250 4412 4255 4195 4220 4324 4325 4311 4132 4353 4207 4418 4261 4319 4375 4196
2372 2485 2504 2341 2586 2384 2548 2566 2328 2507 2280 2300 2544 2421 2460 2279 2313 2396 2302 2369 2306 2527 2539 2555 2410 2543 2403 2329 2425
1869 1835 1768 1731 1832 1696 1912 1838 1799 1959 1983 1732 1964 1670 1762 1793 1867 1845 1711 1708 1859 1950 1941 1887 1866 1819 1898 1714 1904
7688 7901 7923 7734 7854 7656 7814 7751 7650 7664 7781 7945 7849 7718 7765 7873 7806 7771 7823 7878 7905 7948 7856 7857 7702 7774 7670 7754 7781
3890 2103 6918 8316 3548 2176 7605 7266 1933 1502 2566 2170 3445 4875 8865 5359 2884 2276 6025 8294 8454 3641 1339 3232 3138 5348 5165 1617 4978 7195
3940 2217 6934 8406 3636 2106 7737 7211 1876 1488 2714 2132 3393 4735 8708 5367 3038 2346 6034 8595 8535 3850 1187 3159 2918 5232 5071 1617 4957 7053
4087 2147 6984 8385 3662 2089 7807 7244 1906 1594 2545 2241 3585 4943 8945 5241 2865 2358 6139 8606 8368 3695 1156 3304 3092 5179 5148 1513 5211 7219
3924 2138 6907 8497 3740 1961 7831 7159 1849 1783 2644 2041 3541 4951 8745 5417 2909 2456 6106 8472 8359 3823 1275 3182 2989 5269 5233 1385 5017 7146
4086 2200 6885 8475 3734 2147 7636 7036 1989 1489 2780 2075 3508 4909 8930 5248 2936 2358 6036 8538 8516 3778 1053 3277 3153 5076 5322 1453 5043 7260
4015 2003 7164 8271 3516 2107 7688 7194 1901 1630 2759 2174 3370 4844 8818 5440 3146 2398 6073 8301 8551 3656 1124 3294 3042 5216 5162 1639 5075 7139
3815 2099 6991 8267 3498 2144 7623 7026 1950 1801 2517 2112 3400 4994 8814 5267 2927 2387 5996 8546 8584 3691 1225 3116 3082 5371 5114 1510 5073 7044
4040 2129 7135 8309 3730 2023 7605 7238 1931 1686 2638 2045 3529 4734 8834 5343 2923 2283 5918 8369 8484 3616 1222 3118 2909 5079 5025 1496 5016 7124
3823 2118 6981 8424 3686 2136 7788 7271 1907 1562 2546 2080 3299 4800 8760 5241 3088 2443 6058 8292 8340 3568 1215 3045 3127 5061 5081 1624 5129 7089
3960 2135 7121 8483 3792 2161 7597 7154 2015 1627 2558 2005 3496 4979 8712 5383 3027 2447 5865 8515 8392 3660 1138 3305 3086 5099 5206 1378 5040 7268
3848 2116 6913 8386 3711 2224 7741 7232 2067 1593 2671 2033 3391 4854 8655 5470 2874 2248 5892 8401 8345 3576 1298 3311 3129 5278 5206 1643 5006 7023
3826 2004 7086 8539 3596 2065 7825 7043 1949 1557 2688 2192 3496 4825 8760 5237 3137 2547 6003 8457 8567 3771 1264 3119 2870 5203 5070 1595 5058 7012
3900 2007 6998 8378 3520 2072 7706 7293 1842 1717 2665 2103 3480 4818 8774 5314 3162 2393 5919 8574 8346 3835 1180 3117 2875 5290 5140 1432 5233 7198
3879 2231 6990 8507 3548 1939 7627 7215 1866 1703 2646 2038 3305 4793 8824 5454 3079 2280 6119 8300 8547 3612 1109 3223 2888 5108 5033 1516 5228 7196
3919 1937 7109 8278 3503 2209 7627 7301 1998 1577 2676 2018 3532 4916 8920 5390 3038 2318 5940 8498 8565 3832 1300 3206 3125 5354 5328 1385 5158 7206
3901 2021 7059 8450 3689 2073 7770 7305 1873 1698 2774 2139 3278 4755 8945 5380 2889 2536 6103 8538 8490 3637 1164 3212 3080 5352 5263 1637 4965 7161
3805 2016 7145 8381 3509 2181 7852 7248 1806 1734 2643 2001 3281 4858 8903 5314 2946 2426 5981 8409 8562 3712 1208 3043 2937 5197 5288 1405 5241 7272
4044 2177 7012 8417 3596 2179 7683 7137 1847 1759 2510 1938 3417 4959 8878 5409 2925 2522 5969 8573 8414 3799 1272 3317 3119 5325 5151 1629 5101 7051
3915 2117 7095 8423 3765 2144 7806 7037 1815 1592 2567 2174 3461 4716 8779 5391 2951 2251 6076 8425 8425 3836 1123 3240 3025 5352 5074 1437 5036 7281
4001 1965 6888 8344 3550 2216 7621 7130 2068 1488 2601 2100 3534 4803 8916 5372 2876 2266 6123 8302 8478 3703 1311 3086 2905 5173 5180 1348 5086 7308
3907 2161 6896 8234 3775 2065 7744 7265 1826 1663 2708 2126 3567 4737 8894 5386 2936 2518 6073 8548 8461 3609 1198 3193 3086 5187 5197 1561 5242 7247
3915 2152 6902 8530 3725 2190 7799 7205 2099 1520 2819 1954 3563 4840 8736 5236 3020 2252 5914 8521 8603 3700 1270 3191 2962 5262 5076 1375 5184 7244
3922 2215 7049 8290 3532 1940 7880 7202 2014 1782 2597 2025 3588 4917 8684 5436 2940 2276 5997 8431 8352 3738 1129 3226 2985 5166 5266 1412 5123 7124
3883 2218 7055 8254 3558 2229 7667 7091 1817 1606 2602 1952 3356 4732 8950 5525 2884 2288 6074 8497 8364 3578 1219 3198 3014 5248 5274 1480 5020 7085
3808 2110 6947 8413 3671 2176 7702 7299 1979 1610 2610 2143 3354 4958 8919 5402 2935 2478 5965 8530 8551 3738 1359 3266 2929 5067 5189 1500 5188 7134
4022 2015 6960 8345 3707 2161 7627 7076 1933 1500 2530 2143 3435 4898 8726 5447 3133 2356 6069 8489 8443 3597 1191 3213 2909 5187 5165 1509 4979 7076
3802 2171 7152 8509 3539 2090 7681 7015 1821 1490 2681 2014 3451 5016 8805 5267 3037 2252 5870 8372 8595 3830 1150 3084 2975 5093 5064 1495 5133 7011
3922 2069 6948 8467 3714 1950 7733 7281 2062 1746 2643 2099 3455 4818 8667 5292 2950 2362 5892 8536 8387 3740 1296 3199 3127 5273 5288 1555 5181 7107
4072 2037 7145 8454 3717 2106 7734 7279 1963 1488 2674 1960 3316 4935 8850 5483 3063 2331 5871 8489 8358 3555 1122 3230 3003 5106 5302 1582 5025 7210
24 21 11 24 34574 0.9488538150624168
21 5 4 23 53933 0.9502792920817517
12 8 2 0 33682 1.0299669624735408
5 0 8 20 50911 1.0940915560676043
11 20 8 3 64992 0.9157378296911468
25 14 3 23 65193 0.9134952690633706
13 12 25 8 35515 1.0383304375448539
21 9 19 27 34090 0.964881373146249
11 13 20 5 41558 1.055340348999527
9 14 21 8 54120 0.925385455164527
17 26 15 14 52606 0.9298262203140613
25 23 15 27 30884 1.0752323135767325
10 26 5 8 48112 0.9090947373120224
16 5 6 8 30145 0.9166690643381546
7 24 17 11 48658 1.0284965170093159
6 20 10 29 40524 0.9536991038834279
14 13 7 24 57580 1.03767481192064
6 21 21 0 61619 1.0446032039136115
17 16 21 4 31266 0.9872433118395266
11 20 18 10 45131 1.076878346360344
3 15 22 11 44916 0.9350656752364317
25 16 29 6 35266 1.0227764806127624
10 4 14 16 60263 1.002730243225192
11 14 25 3 74830 1.050762321840118
10 2 24 20 80798 1.0817277229699864
3 12 25 13 61976 1.0623406437805034
29 9 20 24 41738 1.0497481233354784
27 0 16 1 25689 1.0226079234391723
9 10 4 15 24095 0.93429770141598
22 13 15 8 25866 1.0165393473940698
1 25 6 17 21878 0.995786370778415
21 27 22 14 38929 1.0347126945391465
5 27 11 3 63244 0.9438099212235114
9 18 24 10 56703 0.9890831058217968
15 4 29 16 52970 0.9756002977729947
26 0 10 10 55162 1.0579824266562607
8 17 5 8 22416 0.9067098953350395
22 8 4 7 37435 0.9456411539687505
18 24 25 1 55048 0.9577885305894296
19 20 26 29 31204 0.9467014581727559
25 19 8 17 57698 1.0800483444643827
0 22 0 7 35295 0.9635799709015203
4 29 27 21 45163 0.9456004867924837
14 26 24 22 27888 1.0345663457143925
0 21 20 19 40777 0.9095870554966193
16 5 5 2 28389 1.06765449178087
7 7 2 13 28137 0.9320777907219177
22 9 2 1 45586 0.9203373068476292
1 14 13 27 40799 1.0963461990237748
18 28 1 22 35180 1.0237689891274733
3 18 29 3 73491 1.022644710056778
8 22 24 9 43201 0.9790328399824484
10 4 8 23 55992 0.9954934838001623
3 4 24 14 66437 0.9918651343414105
1 11 27 12 53316 1.0273871347573238
29 15 7 17 58885 0.9881885601684777
18 28 8 14 59490 0.9549113871424351
19 28 26 0 65561 0.9805097402692616
27 15 4 1 66549 0.9690870278647866
11 25 26 3 81065 0.9291757242893908
20 11 7 17 40823 1.0873659995454534
9 2 10 21 66341 0.9928350116601399
16 19 22 14 42217 0.910367820343783
23 6 11 13 53968 0.9762224569260192
19 1 8 24 58906 1.086552046812752
29 11 0 19 69140 0.9284058575426043
21 17 6 28 44372 1.0692156398394297
3 21 4 7 23737 1.088856898111677
7 18 17 3 66098 1.0793414254392706
17 28 12 7 59723 0.9352418510110403
1 13 24 13 63798 0.9182407742822328
4 24 16 4 64096 0.9950663480925743
7 10 29 5 49530 0.9859804154603229
5 5 18 12 37744 1.0287315024408539
11 29 6 4 65001 0.997200742679251
6 11 27 14 50600 0.9786237687342315
21 1 19 20 36357 1.0987207657060771
29 6 14 4 44513 1.0751660862004215
2 27 8 3 54282 1.0290170085238264
16 2 24 10 41866 1.0581018543629575
19 4 1 11 42214 0.9377233031720292
10 4 20 20 60829 0.9489523357500984
27 15 15 1 49242 1.0730466386671027
15 3 2 18 63067 1.0072170215639935
3 20 10 2 51054 0.916590761028195
21 5 14 22 39258 0.960999553878773
4 11 22 27 50424 0.9539002899100996
11 13 23 15 53222 0.9164322450401129
13 12 13 28 62793 0.9043442555553663
4 2 28 25 71454 1.0599740978537413
4 18 21 2 60291 1.0575029462963053
29 0 21 3 25274 1.0195200860283522
12 14 3 0 55143 1.0062219874057758
17 29 26 8 57443 1.097314661054891
20 9 2 6 38875 1.0300456582375994
4 7 12 19 50413 0.9249759651220706
0 18 23 20 53303 0.9845377197044367
29 2 7 16 75263 1.0000166728541289
0 14 20 15 62996 0.9074633048544662
22 2 10 25 80119 1.0193021083148228
7 3 6 20 51404 0.9611034405361839
11 3 23 11 47972 1.0361420202562341
0 13 22 26 60809 1.0731784017070145
3 24 14 1 57410 1.0103539491732278
26 24 3 20 39111 1.0947505129591175
5 7 23 1 47910 0.9851835660624739
10 15 14 24 54084 0.9189813549407649
8 7 14 13 40469 0.9621290638339579
14 27 2 2 60838 1.020221120132058
11 7 26 15 55196 1.0490102543210407
25 21 23 12 42413 1.057652009840531
7 28 11 13 63007 0.9708720714926559
23 6 6 28 74524 1.0208287784342556
15 7 3 21 49399 0.9509027064891358
27 21 12 14 56935 1.0234131839099048
1 21 7 15 29241 1.069282491112987
3 17 12 2 49755 1.0461696382469996
0 12 7 15 31582 0.979013534569756
13 16 5 5 43034 0.9098574169376251
26 7 1 25 69257 0.9206245536144879
9 2 0 27 64422 0.9290416547656241
17 10 10 16 42145 1.0776630976226387
13 17 25 15 41875 1.0930512329293118
2 26 15 9 49931 1.0762524486351344
18 28 15 11 40548 1.0919471682080826
2 8 26 12 52108 0.9538880579432317
6 28 18 27 22036 0.9434799802026558
26 10 7 0 60898 1.0427305649604224
13 3 20 26 68257 0.9706132316108996
9 11 14 20 48736 1.0580011880347446
7 22 16 9 41449 1.0625010034723312
3 17 17 29 43838 0.9779407357139747
3 9 29 10 45546 1.0828706143954516
28 12 4 26 58158 0.908645053202604
13 25 0 14 60343 0.9842734613999037
0 6 16 13 61374 1.0100620893657153
27 15 20 9 25683 0.9135178500184703
3 19 12 5 39809 0.9177451876328765
4 1 3 22 33291 0.9449919463474288
28 7 10 16 56697 1.0279870589090907
9 3 25 5 50506 0.9510140341824869
12 4 1 6 32071 1.008426703749479
23 20 21 12 34422 1.0966778819050356
5 12 19 10 29713 0.9757923825220878
18 18 8 6 51323 0.9310706533227113
27 12 16 11 24870 0.9883452513132276
6 26 22 19 46765 1.0909531788660034
3 27 19 27 24164 0.9813419756606045
3 9 4 26 30291 1.0288934522306474
27 5 6 20 67370 0.9226448040337354
3 4 28 17 63273 1.0799429037126065
15 19 26 15 48922 1.0722899599813125
4 21 17 29 38925 1.0142508802512742
22 14 28 2 44173 0.9961824866079462
3 28 8 0 55803 1.0974215154123186
4 1 8 12 30604 1.0060247962982565
8 20 18 29 39839 0.990122493152945
15 15 19 25 34547 0.9615817798733611
25 6 28 17 36655 0.9401251781516816
12 28 1 25 27671 0.9132700765995925
18 29 27 2 68438 1.0371131609958042
2 29 16 19 53866 0.9149509686209168
8 5 4 13 24463 0.9540954499316041
5 4 14 11 30863 1.0081334532683863
10 14 26 28 75651 0.9529946409321404
18 10 13 17 28584 1.0392779300110468
6 4 13 7 33180 1.0449104009176076
7 25 7 14 45069 1.005537946743265
24 12 19 0 35125 0.9905234459610962
18 0 24 10 32631 0.9399753939682222
15 18 9 5 58391 0.930290882884785
10 20 21 11 49370 0.9805358805230118
15 5 0 15 51875 1.0889387478373784
6 13 17 11 30189 0.9625183509488623
20 23 21 7 34662 0.9355579120225547
12 7 2 20 50314 1.034681194842574
7 28 28 2 83101 0.9536334096294281
16 24 23 9 40996 1.0058587857735934
5 17 16 18 34485 0.9245570933002475
3 19 4 28 16210 1.0443476851936877
12 25 8 12 56389 0.9460956750570687
23 10 0 7 50250 0.9239743936177846
5 22 26 16 43919 1.0424899539807326
27 4 14 4 35719 0.9196147648603769
11 26 18 29 23242 0.9726573251979533
4 16 26 26 53704 1.0974346922670266
7 8 25 18 60511 1.0179907331783657
29 6 15 1 43479 1.0357716727670894
1 10 29 9 47414 1.02776234461193
8 26 9 1 62660 0.9349992704759498
21 4 3 29 65542 1.0039097240562695
4 14 5 27 27579 0.9998304635405468
19 0 22 22 40969 1.0916652681813372
7 9 11 23 39085 0.911408797699805
17 4 28 21 50385 0.9830367562548185
4 9 17 2 44294 0.9464026337967008
17 1 14 15 49545 1.0608699231360277
28 6 9 0 56387 0.9623610325914087
24 23 19 29 24814 1.054346644023667
26 9 3 29 62975 1.064106139611988
15 1 18 20 47486 1.0378624316697067
19 26 11 24 27513 0.9330436091441835
17 22 9 1 58767 0.9040765646274829
4 19 27 7 62455 0.9335609868904484
12 19 2 19 43032 0.958528322574854
5 29 13 11 47572 1.0802370444113039
21 9 12 7 24776 0.9740087397690627
29 3 19 9 33667 1.080710697488813
4 17 19 1 52851 0.9828518258280843
12 7 10 16 49424 1.0455305795467071
27 15 15 17 33013 1.0167172456094504
13 0 18 25 64951 1.0412026644339758
12 5 8 13 41146 1.040991432863912
2 10 6 26 34362 1.0435470053632874
8 7 24 15 59983 1.0124305361957928
23 16 19 5 30465 0.9835027271948458
29 14 7 14 78168 1.0116780838774544
29 24 13 6 67067 1.024461034298883
17 5 6 4 26791 0.9426335365401619
22 10 11 13 38392 1.0903264521952274
7 3 18 21 65239 0.9787262296994702
9 3 13 22 61980 0.940067706561388
17 20 11 29 44031 0.9125371822111955
1 20 21 22 28209 0.9312005922323221
22 4 22 29 63085 0.9519392480733898
15 17 26 13 42841 1.008610121485638
6 2 15 3 37118 1.0130586235008485
11 9 28 4 36819 0.9862295642723561
14 17 9 11 40053 1.0460767536066473
12 1 19 25 55525 1.0045231490313236
29 26 25 12 41285 0.9969019629462376
0 12 21 0 59444 0.9226347464750274
23 11 18 22 27957 1.094108905730201
13 22 1 17 23678 0.9127251039706047
23 17 18 22 19035 0.960430580962229
18 1 27 23 50094 0.9592290623407655
4 21 29 22 32947 1.00005040909296
19 18 26 7 34789 0.9608693878966982
20 0 3 2 40674 1.0847971939993855
25 17 12 22 31034 0.927818102493555
25 23 20 29 34008 1.0974271223028624
29 7 4 5 57626 1.0778485134437674
25 2 17 23 63521 0.9259824872328128
7 9 2 27 34785 1.0659268236064392
3 24 29 23 38541 1.0530842096252007
5 15 7 28 31288 0.9463954382141235
2 29 16 6 77001 0.9396242190904099
13 26 24 24 35385 0.9048414609104777
7 17 22 7 55527 1.0759427641786161
1 17 23 0 71262 0.980663553678989
1 7 22 7 47813 0.9668905500720404
0 28 24 23 49302 0.9769396203406593
4 28 26 10 67201 1.0342922372529044
24 6 4 0 57910 1.045574677228565
9 28 21 5 65352 0.9182178668248707
13 21 18 16 27930 1.0583294080949104
18 12 11 9 20923 0.9055292523893611
21 16 5 11 43276 1.0215746769977192
2 9 0 21 28636 0.9409851300547716
12 29 7 8 60946 0.9453314702179452
7 6 28 19 72754 1.0448295350606036
1 23 10 12 41105 0.9709884941809881
1 11 28 29 63556 1.0874292278138173
13 23 1 16 33197 0.9335032176365721
25 1 3 8 54676 0.921505271906666
2 5 20 4 41009 1.0872000946716924
21 11 16 23 32532 0.9388759267844884
23 15 14 11 34431 1.0799010542972483
26 25 5 9 60679 1.0105887810494893
24 1 5 18 63032 0.981476561037448
28 7 3 4 52180 1.04121901481114
5 3 16 29 74827 1.0798790042653255
21 25 2 23 33375 1.0386012527973336
19 19 17 10 20205 0.919518161665127
7 2 28 7 62523 1.0576466692760877
6 6 13 18 51330 0.9586655186492019
5 18 23 28 44719 1.0335833434850366
4 6 16 7 37112 0.9760104066554184
9 13 2 26 48504 1.0792227231438662
4 3 0 23 40384 1.0740692485256513
12 15 21 4 53090 0.9465011625707287
7 5 23 24 63400 1.0443619837425349
25 10 26 24 38816 1.0527878836915263
16 26 21 10 46813 1.033161081528319
9 15 19 25 51639 0.9224131483626796
11 21 28 19 32596 1.0641290023545638
24 10 2 3 54920 0.9352418210734178
16 2 19 15 38285 0.9925592189456818
7 8 8 24 40177 1.0364212157421262
19 0 3 7 44076 1.0126335851351183
22 29 1 14 60891 0.9383210320586132
8 24 1 5 43912 0.9544704491381779
12 26 0 15 49306 0.9890254169786669
29 18 29 28 29249 0.9090568692976323
27 9 2 21 58360 0.9892215520573562
2 5 11 24 49186 0.9342372797991982
21 17 9 0 60768 1.0191025711128243
27 1 2 21 75236 1.0691905208862618
11 28 1 23 29748 1.0385406357120524
26 24 3 16 44850 0.9339962625759143
0 11 14 16 46549 1.075664691080318
26 3 5 20 72802 0.9509352217523009
5 29 22 28 34987 0.9691695378015464
3 7 20 19 54732 0.9888566280321256
4 11 18 4 40956 1.0416886358282997
27 23 14 8 45220 0.9274102337099449
11 23 15 29 45446 0.9189264188599015
15 29 18 9 53044 1.0279547666777673
13 28 26 17 49640 0.9923211560447188
3 15 28 26 47713 0.9135518276990391
29 13 15 5 42594 1.080464865268487
19 18 3 20 28685 0.945994756516721
10 25 27 16 56988 0.9240578576725847
3 10 28 27 57118 1.0461766000964212
2 20 14 16 44075 1.0969071644074613
10 21 4 12 34090 0.9512480969582531
27 24 29 0 50545 0.9407889851089462
7 24 26 17 49896 1.0460233448638219
29 7 12 0 57950 0.9893971486523963
18 3 16 26 58940 1.0065780161111288
18 1 19 15 25900 1.058869421104679
1 19 25 29 62615 1.044108197975822
24 18 2 24 51858 0.9981538021624645
14 16 19 3 36722 0.9814160070652735
20 27 18 5 41470 0.9314621348498906
23 29 7 29 51880 1.0743244293370848
13 2 17 22 58078 1.034573588843249
28 9 3 0 54557 1.0219705223483633
13 0 27 0 38888 0.988004055909959
4 11 8 20 33483 1.0858438369243135
23 10 5 5 41180 0.9531414777029366
11 3 28 19 69216 1.085202728692248
19 4 24 10 22268 1.0518473594189315
1 8 10 22 32351 1.099081221349498
26 10 1 26 66848 1.0662597755804593
5 7 16 13 44774 1.0856445308109963
19 26 29 7 53027 1.09530511583946
21 21 13 15 40148 1.0308157498399988
18 26 6 3 66655 1.0736904491548513
3 9 14 21 37284 0.9993528808947719
0 11 10 0 43988 1.0760390974866616
9 27 22 4 63457 1.0794841130477406
13 17 23 29 50148 1.0271600791754762
3 3 8 9 17371 1.0778849692166736
2 16 22 18 48036 0.9372456757789964
10 25 28 7 71511 1.098069820358346
24 8 29 20 37946 1.0005139408459993
7 4 7 29 62918 0.9739052070510135
27 14 16 29 56269 0.98044841279327
20 6 0 17 58216 0.9703509971122117
0 9 17 8 31943 0.9599190681301328
15 9 10 1 39149 1.070082304813019
14 1 9 12 50545 1.0100986834027395
22 9 7 9 24476 0.9022977458863121
5 10 4 26 32520 1.0431771249305686
25 15 15 7 54156 1.0752359065134127
5 23 23 6 62080 1.0759857325730757
6 26 2 17 23741 0.9240682343388898
29 2 24 18 50218 1.0195432924194934
11 16 26 9 46950 0.9063412387819305
22 1 3 15 55512 0.9696457989491709
18 21 5 9 41051 1.0821649903069237
27 4 1 2 63747 0.9003497019056714
26 1 16 27 63986 0.9528941375629543
15 9 19 1 20523 1.0057845419576652
2 15 20 22 35338 1.0861964339310868
28 15 2 3 66771 1.0699158352134592
21 10 6 11 33390 0.9124475650368178
5 28 17 14 51533 0.9626268015408174
14 14 19 7 32668 1.0684188452117822
22 27 8 7 62712 1.0711110487912556
24 28 7 9 64271 0.9231072591013415
16 15 22 24 35706 1.0219464318949687
27 13 21 7 23828 1.0205857645210272
26 3 6 15 69541 0.9535387053583804
24 25 26 8 51094 0.9311923311328403
23 16 16 5 36969 1.0394497431354552
20 6 29 18 48554 1.0602287637725807
0 13 19 2 54505 0.9895286462420193
3 20 2 5 24461 0.9904535814082827
8 28 8 12 45962 1.0256766779025797
8 5 0 9 21052 1.0783284216656284
2 16 11 2 48792 1.0592477303910404
22 6 9 22 51972 1.0916015864928112
17 6 20 26 47780 1.0950982578458233
18 27 20 9 33864 1.0360940963964225
4 1 11 19 56198 0.9323645267822366
8 18 20 8 48288 1.0216846772088966
29 22 2 26 42728 0.9206646926651404
24 26 3 14 53223 0.9445973332347252
17 16 9 4 53990 1.026769874795784
13 14 0 0 67968 0.9830458110001004
12 29 1 11 55109 0.9544008239744597
20 6 7 27 61931 0.9220352664853737
8 23 26 26 41854 0.9025111830505516
23 19 19 28 34460 1.0319890018540336
28 3 8 23 64016 1.011624745042533
27 4 2 14 65887 0.9374064351521847
2 14 24 1 65267 0.9356668415839848
0 15 29 1 77962 0.9142341245877537
12 27 26 11 52581 0.9793135618770326
16 11 7 19 51591 1.0053038222968214
23 16 26 27 38198 1.0070536692942256
3 12 14 5 33446 1.0541906510150594
18 26 2 7 56909 0.9174810045822012
16 3 11 18 65861 0.9685876268896817
2 16 28 5 61473 1.04738261615391
21 3 16 10 25479 1.0042376641249051
9 19 18 21 38186 1.041733322107437
7 6 18 27 68353 1.0180944219735508
22 1 0 22 64741 1.0891738794969397
6 5 23 15 59668 0.9355241550654085
2 14 3 5 20491 0.9043005979864197
22 2 2 1 48270 1.0055860449606784
21 1 2 1 39721 0.9444341127808069
12 13 1 16 45477 1.0479043361080336
11 7 14 24 60950 1.0561182168812389
23 0 7 17 69675 0.9323939964678579
2 23 26 17 47776 0.9807928770623957
15 11 26 5 33510 1.092611469550732
12 3 25 17 62850 1.038132528601753
27 23 21 2 52635 0.9099951082504922
25 6 19 23 52085 0.9595333035238346
5 14 19 26 37703 1.0977998784982648
1 25 10 12 45201 1.0843084301943562
9 3 26 0 56506 0.905122678799005
14 8 5 20 38104 1.0090940299810633
29 25 3 3 68968 1.0360850539985682
4 18 22 19 47341 0.924153244070495
27 12 1 10 51267 0.9475353056808852
22 28 2 9 59160 1.0560115038228743
29 4 11 9 40536 0.9675983507633217
20 5 10 24 56346 0.9261899139888411
20 22 2 29 36945 1.068721371078883
15 17 19 6 28200 1.0166157096807376
18 14 22 3 38389 0.9992606353252935
21 2 20 23 45235 0.9740755741106693
9 25 13 15 64386 1.013957817134644
3 11 3 1 15292 1.08343345902432
2 13 21 23 42037 1.0612969576685574
20 15 6 3 54652 0.9920381282156991
22 25 28 13 37110 1.0241340243025014
0 5 19 10 40649 0.9620167192880056
16 12 2 14 46235 1.0288507702135608
13 4 14 24 64845 1.0326085457585983
24 8 18 2 26861 1.0706782231308218
2 23 11 6 52626 1.0805302771833538
11 29 8 19 48690 1.093559814763662
2 23 4 12 22680 0.9067594255646342
8 28 1 8 44263 0.9825542770425486
29 23 8 25 44616 0.9354364291546522
4 24 23 8 54797 1.0726662240266542
0 28 9 6 63440 1.0163874204929457
5 21 9 28 24638 1.0729793593270416
29 18 10 28 54779 1.016139030226358
6 15 25 18 61186 0.944829144720816
16 7 3 29 64322 1.093688022733713
17 2 27 27 64700 0.9826529004903344
14 1 0 17 54333 1.0345381582550177
20 3 24 11 32062 1.0019505711882106
28 15 17 7 34910 1.0707285825660902
10 20 16 1 68436 0.9047108925622499
19 2 28 16 39229 0.9648559530437686
1 15 3 26 21961 0.9825982882151949
8 6 8 25 56964 0.9170036926215107
15 12 8 18 48877 0.9149630839527924
2 2 21 11 51574 1.0965710990706397
12 26 5 0 64154 0.9221408045077019
11 7 22 29 68382 1.0367483149951082
11 13 8 21 51264 0.9580096393448008
26 25 7 11 61664 1.0827800150185105
14 5 3 27 55634 0.9480244590751745
28 0 25 22 43720 1.0034526225295872
6 13 10 19 38981 1.0203248384922703
16 26 26 23 34702 1.0695924417449234
6 12 5 29 32609 0.9615665751002456
9 1 16 28 77840 1.0640459364792887
14 18 23 7 46473 0.9556294903529248
4 29 26 29 47328 1.0190210928289787
29 6 5 14 59430 1.0992656410846335
12 19 4 9 45340 1.0825021325238078
29 18 28 2 35022 0.9943360238982762
16 21 6 10 44642 0.9533920602859149
24 10 19 26 40344 0.9512169542108464
27 14 13 2 58523 0.9750630064354221
24 3 19 18 45205 0.9636407152372348
1 28 19 15 43710 0.9259297939120442
22 9 18 0 23678 0.9681205289133845
20 11 10 21 39432 0.93793021019577
19 0 22 26 54077 1.0087804489907994
17 9 1 24 48476 1.034090828491458
24 18 10 23 45257 0.9295541546976999
21 4 3 14 47603 0.9088145166753202
20 0 0 6 57085 0.9033577469371725
28 12 0 13 62623 0.9034764278002582
28 23 12 13 59503 1.0673093179935615
26 9 13 13 39987 1.048697181374679
16 29 21 7 57186 0.930211568389203
11 7 2 12 30958 0.9460095343423504
4 17 13 19 36280 0.9939941705081232
16 3 2 5 45714 1.0380265157705502
24 21 8 18 45254 0.9917988049946951
8 28 23 16 52482 0.9627125644168066
0 14 23 3 75401 1.030029303888088
25 16 26 2 44923 0.9448395502114959
16 1 5 16 48570 1.0485501527100651
20 16 14 12 26486 1.0518461472377558
6 2 24 9 50617 0.903284301462878
16 5 22 15 35510 1.0580467982084554
5 15 28 0 64034 1.0534636651555829
10 1 5 20 43271 1.0567118810793885
10 14 26 15 67131 1.0796459972795376
15 12 18 20 33839 1.0190617672076283
18 7 23 28 49469 1.0532425676116344
3 26 21 11 48190 1.0897053372421626
5 10 9 23 32083 0.9656064574769936
8 25 27 16 52362 1.0534838501318307
6 14 3 21 22694 0.9273911910944477
7 13 7 24 34733 1.086261437117665
25 8 27 20 31774 0.9399555917686532
2 18 25 26 57214 1.053739305881708
25 4 1 8 59388 1.073730444419827
24 7 3 23 60351 1.0014672026066254
1 4 6 29 51008 0.9111752812033486
12 26 9 9 55219 0.9170839311077028
5 27 15 10 53672 0.9806903167148082
26 0 26 21 52077 1.032288391908446
27 19 2 16 47507 0.9359451891288855
16 22 12 3 60975 1.0830637054848922
11 20 1 13 42087 0.9315553630463911
19 27 3 3 56113 1.079022896853936
12 25 1 17 42810 0.9264187082113711
1 23 12 27 24968 1.0455378088197556
3 10 16 0 49228 1.0954202742247552
29 13 1 29 66019 0.9992440818392556
5 19 14 11 32553 0.9257206754693237
3 24 4 7 28168 1.0244294669318186
23 7 17 23 44493 1.0457737293379439
26 17 1 27 53955 1.083176497360283
16 12 23 24 40220 1.042272467230691
13 24 1 16 39858 1.0978242172781552
1 16 1 26 20401 1.0489359128969733
11 19 20 2 63726 0.9045468649216281
4 16 4 2 29933 1.0598062548879674
28 8 3 29 66660 0.9419749726168147
18 12 25 16 27693 0.9932606502221214
28 13 1 18 57207 0.9525773503102126
8 19 29 16 52993 1.084706725852853
9 16 29 28 66553 1.088630077465676
12 26 4 18 39009 0.9591729196934837
4 28 28 15 53883 0.9133949447966263
19 21 4 24 24906 1.0291338222571789
21 27 13 6 61090 1.0719367447616646
3 16 2 7 17666 1.0369652282354649
27 19 9 25 50412 1.0039694215606594
19 10 0 9 32679 1.0967056043407175
10 9 4 1 24448 1.0257553445801717
22 12 27 23 36421 0.9428654000173231
20 16 7 12 42368 1.0986153789170616
1 4 26 24 67724 0.9262726037724951
17 20 1 26 35299 0.9339761563229787
0 1 11 25 65992 1.085459863781482
26 6 5 8 49225 0.911745425999095
28 13 1 21 50966 0.9944276931135339
29 27 14 1 67995 1.0090008025068085
8 18 21 20 39828 1.0743804735884948
3 20 11 3 51802 0.9640938372959793
9 18 28 17 53192 0.9278107493876397
3 18 24 17 44947 0.9143023434927382
0 23 13 3 68358 0.974859891306097
29 6 19 27 57277 1.055495655722345
15 26 16 15 47838 0.9948505872111224
15 7 21 20 41124 1.0324917187404772
13 9 26 1 38639 0.9313433677898824
3 4 19 5 35212 1.0908207818565545
25 28 11 22 35907 1.0227665691562173
7 3 7 20 59988 1.0026982901469663
21 27 12 12 51714 0.9852958022877756
16 5 4 19 51741 1.0707369511951288
5 20 16 2 63779 1.0679264692566723
20 25 2 24 35920 0.9638031947318942
8 27 29 16 50875 0.9216942060927529
6 3 15 7 40704 0.9783758229229296
10 1 29 15 63324 0.9033382153494599
19 7 2 27 53580 1.0867866330726383
9 21 17 11 42936 0.9960466510961917
14 21 28 11 42339 0.9048161946232057
9 16 12 7 46397 1.0474578209200929
6 12 7 24 30066 1.0031327399527834
11 9 3 12 17552 0.9399291871715889
14 27 23 15 44745 1.0546549472118272
5 15 24 19 54034 1.0991984487937503
18 19 16 29 38042 0.9125884048564902
3 10 11 20 39624 1.0788161827410603
24 17 7 15 53125 1.008572477083441
27 13 10 17 49680 0.9953729082084655
27 27 20 8 46331 1.0291157557430821
18 18 27 7 36418 0.9649919030256262
9 12 6 5 26790 1.0155578274479753
15 23 5 22 19105 1.0209319195724726
15 17 9 7 51828 0.976227182676412
5 4 14 3 31124 0.9946615296105477
17 2 24 29 72891 0.9310608485355127
22 9 26 26 49944 0.9656119251837112
4 28 11 25 26295 0.9426482644545243
4 24 15 6 63503 1.003603213358094
10 25 1 9 50557 0.9143872967166684
17 7 0 3 50856 1.017201561016998
1 1 1 16 30751 1.0539253539559703
9 0 12 21 66253 0.9458207833957575
22 6 9 14 66627 0.9088814974873513
10 22 14 28 32758 0.9468129541303305
8 14 7 0 47598 1.0264664006251467
11 8 6 24 42106 0.9768609673123783
6 6 23 23 61338 0.9093307691946065
2 1 11 7 34527 0.9999661661024993
8 21 22 5 53570 1.0064923800984218
28 26 16 10 46640 1.072152829769874
2 24 8 12 36088 0.9863357412509344
10 15 29 10 65283 0.9702175612554673
5 6 26 14 59125 1.0274103537309174
6 5 19 18 47325 1.0936430811818483
1 1 11 15 55966 0.9193937580612648
7 6 10 27 57374 1.0032229074692307
1 23 24 22 29688 1.0117412394347678
19 19 2 8 46732 1.092181247920854
8 29 23 3 84767 0.9011511738372894
5 1 5 19 31014 0.9674185827286649
19 5 27 21 41264 0.9160837147954292
5 5 15 20 55548 0.9286477491988461
2 3 27 18 72182 0.9575545059768598
18 9 29 6 29280 0.9058916573122959
10 17 1 15 25588 1.0178627119587258
3 11 27 21 47385 0.9415031147954755
26 24 21 13 35515 1.0339951917670098
25 3 20 19 61373 1.090306725350743
28 23 5 0 67702 1.0390941980777804
8 13 21 4 49431 0.9439991217412866
24 21 9 5 62640 1.0678391493552928
26 11 19 22 33072 1.00067971528252
18 17 14 0 44892 0.9290027893298096
22 17 9 18 39180 1.0077914844768496
15 21 8 2 66476 1.0335103866222597
27 14 3 13 57048 0.9613068165002178
29 4 17 25 61647 1.0991067986894736
14 2 12 26 77397 0.9311110774862188
6 8 24 1 47673 1.0568959426329738
19 17 29 21 25228 0.9458077363318613
13 21 11 7 59154 1.0238498427272384
29 0 14 12 53520 0.9974570849033174
25 25 16 10 54846 0.9458140334767977
13 22 6 18 22576 1.036226373707999
9 22 26 26 35628 1.0084733960697827
2 1 23 10 51937 0.9885983141980502
14 2 23 7 41965 0.9420172996571644
20 28 26 16 42843 1.0073059512900728
14 28 19 19 26996 1.0762383786196998
27 29 20 26 21119 1.0526390181382923
3 18 7 26 25094 1.038493857769339
29 24 19 21 19585 1.0877686405711338
18 11 4 7 34349 0.9985136538960548
15 28 20 1 59841 1.0531721535413472
27 13 15 7 38606 1.0310479699988728
6 6 28 7 50927 1.0744079297182274
28 5 1 24 67767 0.9528705001800057
13 24 0 14 52871 0.9231299928332933
2 4 18 19 57661 1.0753520558252185
0 22 22 7 58712 0.9170662523639421
3 22 10 1 45975 0.9020477200462104
27 8 19 13 21578 1.0506275421531228
20 1 14 26 59337 0.9195419371130749
3 16 1 8 15656 1.015541408087299
6 19 9 4 45270 1.0028502377161508
24 4 8 26 76444 1.065793348322844
17 27 0 8 54806 1.0807045556928863
16 7 24 11 28773 1.0348429962924026
25 3 4 28 88254 1.0523323307048673
10 11 29 10 40916 1.0877228297204733
13 24 25 22 26695 0.9437642711602247
27 29 8 21 43691 1.090791163411035
18 19 9 14 51945 1.07554210679018
22 6 23 21 50201 0.9244889042920169
19 20 17 10 21981 0.9255222012416016
15 1 29 23 60236 0.9478855432855303
17 21 4 7 45890 1.0121066636844696
29 29 17 12 55098 1.0857264650755134
18 22 20 6 35809 0.9808160838675762
22 28 1 8 62772 0.9735312264509639
1 1 27 14 67843 0.9118179782093062
4 11 24 20 55850 1.0423496717382443
12 25 8 2 76017 1.0084835821952087
24 7 0 13 60301 1.067297774148482
27 23 2 24 37705 1.0735245745626225
6 0 15 16 61858 0.9488467097162854
6 25 3 14 23827 1.0008320857836044
7 9 11 1 29973 1.029404030017797
25 7 3 1 60705 1.072026196505844
1 9 24 8 41058 1.0092243192855768
8 23 2 5 38075 0.9626663657164395
24 29 18 20 36244 0.9890302794412743
9 24 14 13 63616 0.9861559372185255
25 2 26 28 69760 1.0312888844954249
20 14 9 9 33893 1.051703752592445
7 15 21 27 51224 1.0812312345596147
23 29 8 10 72222 1.0609089479044216
11 25 14 8 61296 0.9151009348796414
17 2 9 10 46700 0.9206164647720052
21 17 0 28 50244 0.9175491513296428
29 8 13 19 60547 0.9066702687807145
1 26 18 7 58103 1.0453995015915154
26 2 19 13 39456 1.0016471003769032
15 6 7 29 82396 0.9069892976739534
28 13 17 8 27349 1.0321018423783306
28 3 16 6 37381 1.0298710494179968
4 29 8 1 56576 1.0140435666431693
10 6 4 0 30476 0.9486422870675684
25 2 21 21 61643 1.0339296763605743
8 4 15 18 62537 1.0900434029202983
6 12 8 27 34028 0.9528279099180652
0 16 27 16 59707 0.9779500847545597
24 1 12 4 39053 1.0915795840857636
11 23 5 19 18582 0.9579028556830387
5 29 10 12 46333 1.0736575913112265
27 10 18 25 45194 1.0677946093691986
8 25 27 10 63685 0.9220146222208693
16 25 7 18 51231 0.9434431947925344
17 12 7 26 57767 0.9525441234100067
24 21 10 23 31221 0.914604584014447
13 7 17 17 38261 1.079463924701622
5 29 0 20 27268 0.9693355912855478
0 14 25 26 72124 1.0473803731099705
15 1 5 24 60183 1.0546696647718325
23 13 0 16 67543 1.0158681934051188
24 14 20 7 41526 0.9309111310696121
2 0 9 10 33189 1.06516579792281
28 21 19 15 24901 0.9223520569365595
7 6 26 5 48593 0.9835372106758451
10 5 10 28 63853 0.9096583869494083
6 8 19 14 33836 0.9823668440838272
8 10 25 21 60964 0.9931570549640609
3 20 11 29 35020 1.0393260872386896
21 27 4 17 39842 0.9476877903915845
14 2 27 29 76638 1.0673939822534468
11 28 1 0 63639 0.9004701166367503
14 0 10 14 74255 1.0126888691467253
22 7 13 27 53937 0.9870471549121246
23 18 11 6 57642 0.9012054452833156
0 16 0 5 27743 1.0760561810396485
10 12 4 0 40343 0.9628775757061006
27 29 23 11 45932 1.0290715290906203
8 13 21 6 45941 1.0489226034264745
23 10 14 6 32302 0.9811625583264534
16 11 6 5 35269 0.9282146940471768
0 3 28 29 83606 1.0336540274674488
8 23 24 8 51621 0.9356986899648982
15 22 21 27 16744 1.0682015156173867
17 16 10 24 41313 0.9389459991573139
10 13 26 14 61205 1.065886963928669
17 13 24 2 46242 1.029970904165041
18 24 21 13 29486 0.926762674584749
20 26 8 16 48557 0.9708486406095016
18 28 29 26 25034 1.013187294882772
28 0 7 12 65007 1.0144601934639839
11 17 6 2 47045 1.099460360241394
24 4 8 19 73483 1.0725656704158044
7 6 19 14 48483 1.0470426039493812
11 17 19 25 33281 1.0102422946447123
28 9 29 0 20352 1.0790826250846923
25 15 17 11 38710 0.9196039040094746
14 27 12 2 73318 1.076671643464859
29 25 14 9 52154 0.9253589590444866
14 10 21 7 21402 0.989481186831574
5 23 14 5 49677 0.9467621839812485
22 14 2 0 67309 0.9353075316070856
4 26 14 18 43973 0.925235945451467
7 9 19 20 38296 0.9626434101693991
27 10 23 24 42457 0.9931437024198887
12 29 2 26 32211 0.9915169830284113
27 23 22 15 31190 0.987622708408289
18 3 26 9 26566 0.9871290822092654
0 22 26 6 68881 0.9311261348026505
13 9 29 20 52820 1.0167059176112438
14 13 23 29 66304 1.0850772599261975
18 1 25 29 72441 0.9651085359207449
13 16 24 23 40487 1.0680718571706882
11 26 29 1 78740 1.0846910755475585
12 9 13 23 48065 1.0039896073179675
1 1 21 11 50600 1.0966826589183605
17 0 2 17 59926 0.9377839579208087
14 24 5 25 26123 0.952781702457181
11 2 24 11 49928 0.97532181078419
19 13 10 0 46631 0.9494759624214305
26 22 11 14 55029 1.0870196324357184
26 21 9 12 60348 0.9802518548913547
24 6 7 15 68050 0.9005094593775624
7 7 21 25 62695 1.031405442557107
15 22 4 3 47164 0.9077769170563373
23 29 16 18 50649 1.0496345043878152
26 11 8 18 55777 1.0494938320955893
26 28 19 20 27008 0.9607151582100033
2 6 16 9 32302 1.096233282917354
6 10 21 29 56566 1.0766007514704092
8 3 2 14 40508 1.0429603655946464
3 22 15 28 32821 1.029605486846397
5 27 21 10 50704 1.0477723264720105
12 14 10 27 61218 0.9475699223221993
2 14 19 12 45829 1.0062837000612614
6 13 23 19 60957 0.9379847681245433
13 8 8 20 52690 1.0752283647202823
0 28 12 27 23737 0.9851068694997056
20 25 0 10 54600 1.0613755892394638
4 18 10 14 37091 1.021270404277001
17 28 16 15 41715 1.0369579454502333
16 2 6 16 59908 1.0908276293658217
21 1 11 25 68179 1.0678703781652166
5 5 1 27 39893 1.0722083259933692
29 8 27 26 38908 0.9882778990850786
8 8 14 18 47717 1.0383370962433291
13 6 13 16 56724 1.0840556775581671
28 6 9 15 69858 1.0746391082624263
13 11 7 16 31344 1.042297326040581
1 27 18 5 61030 1.0255145508553554
20 27 15 4 54926 0.9815063854796731
23 13 9 11 39197 1.0998421630402613
2 17 13 3 56113 1.0652183858979445
8 14 29 0 75242 1.0335139216716827
27 20 9 5 64817 0.9139508871975244
10 24 12 0 76093 1.0640098638835684
4 10 17 8 28485 1.036913432786054
3 21 20 2 61244 0.9386966282826026
25 23 0 8 60910 0.9117059087461064
12 8 4 29 52570 1.0095371630163363
27 21 20 24 17678 1.0501683117731373
24 15 3 22 49966 0.9806787973243514
6 17 5 5 22837 1.033457132287216
7 24 23 15 54101 0.9838720761839697
5 1 7 11 21529 0.9242476460938895
19 16 11 0 48064 1.0696606668802942
5 2 4 22 35393 0.92328946777688
28 25 1 10 58270 0.9670310881160427
15 8 9 2 48045 0.9625717751701691
1 5 9 20 51691 0.9176966110324717
22 24 2 19 41112 1.0751888700229097
14 27 2 23 26098 0.9464181159710543
1 10 5 25 29705 0.9040974021687617
29 29 20 12 51754 0.9396865490655665
24 20 10 7 67227 1.0449884207543594
5 4 17 27 57943 1.0509516220693336
13 8 8 0 38840 0.9932936547823381
15 4 26 14 53208 1.017890844564426
6 7 0 15 31243 0.981879390709817
0 26 12 20 40037 1.0598089554126948
4 1 20 18 60561 0.9920676352582428
10 29 18 24 37330 1.0613262529285028
26 20 5 18 40799 1.000468715648405
14 11 27 14 33992 1.076893219403011
4 5 0 18 32682 0.9390247107584744
14 10 2 19 44835 0.9469524072344881
17 9 14 17 28675 0.9503460426120532
17 19 25 25 41455 0.9387495047196077
11 18 28 1 67553 0.9591756238770773
11 5 27 25 63103 1.0236743121317182
1 6 17 9 32515 1.0192032347921631
17 19 28 8 42570 0.9471080488106047
12 20 17 6 57325 1.061818470909915
19 26 7 22 21678 0.9464345617452257
9 6 1 4 27012 1.0950412504530689
5 3 18 22 48360 1.059739681095583
16 0 5 21 65663 1.0522909975059431
4 0 25 3 64016 0.9244602297794761
8 20 15 26 42903 1.0946783805568068
17 28 4 17 42097 1.0173528043411622
8 15 27 3 72730 1.0017051287423964
3 23 26 26 44295 0.9904526144771344
21 8 7 16 46675 0.9234292666668017
24 27 11 28 25587 0.9759537051152104
25 0 5 12 62841 0.9031180942673315
29 23 4 27 43310 1.021066982750686
8 9 19 29 52362 1.0584517487462997
19 8 15 18 31749 0.9703410348689113
7 0 1 14 39170 1.0579357418116844
11 14 15 22 51119 1.0954212232097402
21 25 21 8 36987 1.0356791846036986
24 7 29 1 28733 1.0236623968763412
3 16 26 19 49058 0.9622201795044051
10 6 27 0 52907 0.9297384928382721
21 25 14 9 39809 0.9125240856994221
0 3 29 1 71273 1.0612959723004105
13 24 15 11 46090 1.0352420789828858
11 13 18 2 50984 1.0443584497851983
27 11 17 0 39721 0.9757847769348814
13 26 6 14 49511 0.9982604379249034
21 0 24 16 46426 1.0604097613243093
8 1 6 9 21803 1.074779725333277
7 10 22 29 66327 0.9056050193522462
15 27 28 2 62678 1.0751243060721685
1 18 24 22 36046 0.913443442362326
8 17 24 11 46597 1.0411822616640427
28 23 7 26 47095 1.0053345036335193
29 17 8 3 71620 0.9523819108237299
1 4 6 15 31249 1.0913256361141301
23 26 11 29 36666 1.0078845564289711
22 13 9 8 37603 0.9028505931460534
15 12 1 22 49885 0.9467549623011307
2 6 12 18 51095 0.9850332398062175
10 13 20 12 39183 0.9737024691887362
18 12 8 9 25705 1.0105823448977886
7 29 13 15 66927 0.9060148095019175
18 21 22 1 44094 1.003966190491077
26 3 14 12 49515 0.9704175823784573
19 27 10 12 53951 1.0122706319282682
28 16 18 28 35730 1.0293035178781442
8 26 0 18 36754 1.090813914937572
23 3 2 24 74429 0.9557615112377789
0 27 22 12 59115 0.9399693740658164
15 25 27 26 34507 0.9679137588879928
13 17 9 7 50283 1.0443667047669771
4 24 0 13 30818 1.0320788523672069
1 20 21 21 30456 0.9929581545326983
19 8 15 29 53096 1.0817546991784528
4 29 1 15 30650 0.9972663077783256
29 11 23 24 40038 0.9100433104148603
0 23 10 28 32772 0.9370006424312071
5 16 15 12 36092 0.9290117207190778
2 0 12 9 32459 0.9684185113836447
17 9 8 21 43411 1.0098334221779688
27 12 4 5 52051 1.032410512443922
15 20 9 10 57360 0.989227290414447
5 29 5 1 48071 0.9669411330411741
28 19 21 24 18878 1.0516369547415003
23 21 0 28 47989 1.099639191120372
1 9 17 26 54999 0.9073249885386968
1 14 16 11 37436 1.0038822188249528
29 14 12 14 67468 0.9883276224904081
10 25 2 16 39890 0.9662853612834232
19 21 7 29 43415 0.920644196492941
9 19 28 23 49223 1.0537343481256076
7 8 17 21 46335 1.099155885782651
0 16 1 28 27193 1.0340985136354834
16 28 24 26 25851 0.9274122204741306
1 8 3 23 25652 1.0826463492694227
7 28 10 16 44684 1.0302110400002746
15 0 0 13 60679 1.030298608140706
1 28 19 14 45333 1.0695095261070384
16 21 23 0 59724 0.9639049025434951
14 26 0 2 71870 0.9513126687883748
14 19 8 8 52906 0.9331883481021785
19 7 29 12 26745 1.07079061657942
3 10 26 16 60365 0.9357390752869582
24 2 22 18 56730 0.9660548434793469
28 6 18 16 34559 1.020222787725687
27 17 18 4 43841 0.9452361027549562
18 14 13 19 36375 0.9406160470969199
15 0 16 18 57442 1.029484843787702
29 10 29 22 25640 0.9559585455813511
14 2 5 27 68944 1.0660573981632981
18 19 1 25 35963 0.9103350698450896
26 19 24 3 55976 0.9714473611305761
17 0 16 18 50380 1.0762120044207542
5 21 0 8 29972 0.9781490388610143
19 11 3 26 43964 0.9887222243476148
0 19 26 17 60175 0.9851508339384732
28 0 20 22 49895 1.028880197910039
25 26 15 4 70838 1.031359476965656
22 26 28 17 32065 1.093321802971807
27 3 12 9 39192 1.047779547476711
7 26 19 4 64546 0.9011272585652411
15 19 4 22 34723 0.9686363718311435
24 29 9 21 49134 0.9527261376803754
7 27 27 21 39599 0.9638031616522444
9 3 12 11 48074 0.9155721161410515
10 0 24 11 53439 1.0231230516686391
0 22 2 1 36982 1.0032780634647072
12 22 24 29 37295 0.9454873889521715
13 22 24 18 33695 1.0966512230670384
22 29 3 11 58784 0.9421886672545463
2 12 11 3 43579 0.9008594399264296
27 25 23 1 57597 1.087702307265649
9 20 15 12 58525 1.0316123515720492
1 20 8 0 50506 1.0193773656995304
1 4 24 13 65061 1.0410003836702935
12 24 5 7 47939 1.0680049605701771
27 21 9 23 32491 0.9131055092565873
2 15 26 20 51147 0.9567291017295636
21 25 10 17 39699 1.0742193249339855
5 24 1 14 23576 1.0534444865086692
20 7 7 6 44435 1.0945435225836173
26 17 13 9 39768 0.9766392157526842
8 19 18 4 61824 0.9633064509001619
0 25 28 18 51356 1.017442198236377
29 24 21 6 48998 1.0750408713419888
18 6 10 18 52369 1.054312221547517
7 18 27 13 65105 1.0785471484506046
14 15 26 19 46452 0.9516101198366886
9 2 19 25 69939 0.9239224336835619
28 13 9 22 39344 0.932835667929442
14 18 19 25 31222 0.9043677191146275
1 2 5 17 33239 0.9912266083064136
4 27 21 13 49886 1.0760671743950305
23 17 19 7 25933 0.9320906223715181
