2685 2611 7538 7347 8013 6145 6551 8092 7023 7264 7571 7723 8221 7336 6903 7331 7016 6031 8128 7316 6894 5908 6702 7147 5790 7692 6003 6060 6841
4389 6780 6512 6281 5972 4105 4431 6722 5154 6361 6086 4442 4747 4122 5771 4713 5864 3535 4685 3587 4385 5994 4628 4612 3281 3733 4847 3407 4739
4497 6424 7003 5087 6652 7644 6884 7536 7984 7102 5805 5523 5966 6479 5448 6716 6578 5248 7641 5305 5727 7743 7593 7362 7181 7689 6201 5942 7379
4828 5229 4366 4986 3579 5978 5003 4087 5960 5788 5414 5459 4589 5644 4652 3477 4949 3339 3892 5256 3783 5400 6020 4778 4418 4865 5637 4160 5917
4623 5019 4408 6182 7073 7076 4282 4988 5749 5831 4503 4717 5959 6839 4342 5775 6046 5803 6880 5996 7312 7247 5385 6614 6974 5054 5829 6122 4689
6330 8585 7978 5917 6792 6320 7963 7605 8588 7601 6770 8276 5689 4026 4593 3930 5329 4453 4850 3917 4331 5666 3918 5158 3356 5112 4254 5050 3563
6419 5147 7164 7407 5280 4580 6970 7224 5019 6345 6141 5181 6983 6557 5337 5249 7256 6204 4756 5564 6000 6212 5175 6761 5522 4663 4651 5086 5823
4780 2528 4513 6529 6243 8830 7585 8352 8625 6756 8437 7534 7543 7653 6147 8472 6426 8114 8023 7795 7798 6912 8630 7405 8041 6457 8712 6399 6437
2108 3823 3433 3156 4299 2533 4551 2821 3459 4022 2408 4129 3497 4399 3774 3591 2380 3517 1807 4277 3279 3050 4119 4306 2716 1953 4354 3895 1722
1824 3492 3227 4480 5481 4735 5681 3121 4112 3124 5543 4279 4776 6001 4819 5006 5122 5844 4907 4060 5893 4473 3946 4658 5359 3497 3306 4989 4106
8339 6996 7782 7856 6298 6557 6151 6859 6671 6810 6742 6047 8295 7968 8014 8147 8081 6869 8346 7757 8276 8197 6659 5936 7447 7427 6201 6765 7076
3304 4445 4551 3209 2890 4700 3980 3070 3944 4171 1957 3936 2709 2088 4103 4418 4478 4571 4798 3846 2496 2078 3956 7056 6874 7857 6877 5842 7364
6795 3438 4845 5353 5081 2931 4829 3827 4254 3802 3811 4327 5210 2764 2783 5296 4505 3347 3675 3585 4166 5552 4936 5212 2831 3229 3166 2800 3505
3943 1862 2352 3488 3639 1686 2649 1763 2435 2299 2274 2030 2555 1402 3561 1981 2330 3765 2219 3228 2116 2450 2085 7745 7674 7225 7847 7664 5611
4628 5860 4957 4904 4814 5241 4770 4835 4183 5749 4597 3696 5548 4351 5368 5422 3099 5436 4940 3198 3069 4980 4564 3361 5712 5783 5863 4796 4381
5642 4125 4409 3726 6162 6182 3972 5242 5612 4171 6249 5162 4085 4779 5715 5546 5475 6834 5270 6529 4818 5777 6675 5959 6157 6792 6920 5723 7390
2772 5303 2873 2548 5276 2846 3145 2947 2882 3425 4245 4785 2710 5211 3299 3417 4771 3421 3563 5197 3127 4244 2839 4613 7633 7693 7038 5664 6989
5680 6295 5626 5664 5777 6635 6107 5502 5824 6156 7244 7740 5167 6933 5126 6416 7660 5890 3942 3489 2455 2357 3473 3525 2437 4638 3891 4439 2246
5598 4395 4110 3110 3493 5400 4586 5102 3959 4557 4022 3557 4535 5462 4329 3767 3076 4749 3439 3908 3987 3015 4018 3934 5698 5656 5340 3245 4768
7261 5682 5400 6259 6840 5964 6013 7430 7963 6975 7964 7761 6795 6458 6320 7748 6672 7060 6833 4028 4853 4323 6079 6682 6199 5363 4107 6648 6294
6012 5424 6281 7804 7106 6658 7745 6746 7754 6570 3457 4688 3769 3149 4065 4816 4816 3394 4346 3829 3677 2921 3798 2744 3925 4943 3000 4912 3264
8091 8950 7085 6600 2350 3703 1860 4052 2590 3791 2487 1411 3093 1717 2185 2631 1892 2510 2136 2158 2937 3384 3894 2882 3329 1381 1437 2259 3632
5459 6351 5463 4859 5945 5827 6359 5636 7096 4777 7414 7698 6806 7682 7513 7121 7922 6909 5489 6857 6587 7862 6445 6970 6787 6149 5845 5925 7547
2710 2225 2429 2826 2692 3730 4083 4421 4432 2991 2721 3750 3326 3696 2741 2866 3889 2127 1942 3483 3345 3307 4627 1908 1882 4047 3574 4532 3396
3509 3335 3388 5319 4769 3012 2971 4935 4757 3578 3082 4834 2562 3314 4087 3830 2307 4138 2269 3188 3532 2107 3369 4092 4391 4526 4106 4319 3078
5764 4839 5197 4238 3985 4816 6249 4351 5856 4335 6397 3953 6589 4994 2851 3242 3023 2979 3616 4711 2047 4050 3752 3918 3669 4758 3382 2229 3746
3532 1912 1691 3819 3389 3357 1865 3643 2960 2254 2042 1507 2272 2395 2511 3788 1588 2848 1296 3868 1353 3242 2576 3207 4817 5028 6296 6420 6183
6878 4042 4100 4594 6022 4110 5706 4251 6132 4847 4335 5429 6156 6365 6906 5804 6913 4581 4768 6015 6881 6978 4649 6813 5619 5209 7312 5135 6675
4465 3202 2937 4507 1791 2841 3886 1907 4412 2788 2943 1929 3573 3008 2664 4353 4318 4520 4266 2589 2645 2340 4520 3121 3705 3420 3294 1733 6333
4536 3561 2533 3524 2488 2600 3430 2494 4705 3038 4890 4229 4180 4033 3059 3487 4126 2177 4925 5300 2921 4193 4875 4869 5143 4633 2437 5279 3364
8087 2426 2109 4544 8405 4619 5152 6811 4001 4467 4617 5484 3018 3753 4239 7195 6808 6250 4040 7842 5843 6334 6102 2307 8368 4140 6754 7516 7976 4548
7260 1822 4089 2368 6131 4613 4460 5291 3035 3198 5342 7985 4476 5497 2925 7059 5464 6802 3481 6208 7899 7017 5747 3896 8292 4151 8335 7354 6918 3239
8717 2327 2327 2374 7742 4277 4983 5163 3977 4316 6007 7656 3204 4371 4735 6007 5647 7933 4578 5871 8008 7823 5155 4519 7722 4615 5654 5793 6369 3084
4012 1334 2522 3970 7695 4171 4364 6262 3653 4213 6255 6893 3334 5582 3339 6857 7072 6889 3426 5582 6486 6008 4612 3981 7821 3785 7958 6369 8225 3044
3271 3142 4363 4069 7934 6937 5311 6591 3856 4795 6181 5780 5733 5249 4108 7284 7198 8136 2574 8124 6951 4702 5035 2483 7030 3721 7279 7435 6752 3712
4191 1213 4866 3328 6241 6345 4038 7041 4082 5102 7298 4948 3257 5463 4603 5569 6451 7757 4606 7323 7896 4439 4985 4281 7422 3817 7897 8066 6310 2247
2808 2302 2928 2655 7697 5803 4721 6561 4081 5648 6791 6974 3094 5650 5610 6298 5244 7109 4400 7119 7040 4208 4316 3146 6277 3165 7593 6830 6847 1886
3863 3291 3763 2465 7426 5338 3084 6860 4206 6005 6854 5963 3830 3882 4570 6796 7817 5225 3609 8070 6498 5209 6796 2732 8764 2988 7563 7392 7910 4280
5027 3808 4450 4517 2380 5326 2787 5301 3902 4220 6459 5006 8134 4167 3443 6185 5629 4849 2376 6925 5610 4971 5203 3070 7233 4557 7885 4912 7067 3739
4377 2307 2588 3012 1985 4304 3865 7944 4333 4218 6558 6801 7947 2975 4795 8059 7893 5942 4431 7860 6293 4799 4668 3787 7263 4304 6143 4667 8929 2655
5154 1514 4615 4409 1436 5538 3013 6789 2455 4358 7213 4623 6352 4553 5025 7868 7508 5734 2625 6547 3269 3417 5379 1966 7231 4771 7304 5042 7139 1789
3691 3630 3205 2358 2325 3532 2456 7689 3165 5708 5933 5050 8520 3778 5767 5865 7499 6334 3244 6721 3581 4632 4598 4372 6282 3323 7239 4629 7278 2743
3203 1779 2175 3893 3576 4766 3698 6212 4695 4453 6006 4627 8521 2810 4403 7433 5456 6656 3635 6951 2110 3643 5758 4304 7373 4696 6031 4251 8100 1912
2986 7149 3875 2721 1445 5106 2657 6548 3631 6197 5399 6368 6632 3889 4324 6237 7602 5450 5007 7957 2602 4604 6920 7408 5963 2895 6455 6830 8806 3120
3654 7094 4430 2217 2742 2852 3355 6799 3577 6542 5442 5995 5766 4746 5041 6630 6191 6647 3101 7748 2172 2941 6526 5174 6184 3529 7720 4815 7756 3193
3448 7073 2989 2411 2677 5442 4082 7148 3133 4617 6855 7271 7520 4535 3203 5707 5263 5731 4686 7848 2848 4840 4805 5555 6883 3799 7004 5028 7434 4491
3189 4879 2533 3408 3416 2676 3199 6575 3894 4103 7217 4705 6803 3622 4365 4682 8132 6683 2527 7540 2429 2975 6044 6739 7184 2303 7974 4670 6221 3114
2975 4591 3557 3809 3388 3297 5108 6948 2068 6135 4888 5472 5768 5137 5755 6779 5314 5422 4410 6436 3746 4015 3964 5884 7100 3184 6088 4442 5094 1777
3967 4979 4490 4204 2381 5167 4478 6316 4255 6503 7269 5572 7666 2930 4110 6893 7073 5015 3389 6467 3337 4479 3881 5506 8253 1787 5603 6888 6436 1960
3247 4523 4631 2935 2561 3855 4056 6576 3652 6305 5344 5200 8466 3329 4050 6045 5276 6878 5000 5589 2574 4961 3629 5449 7909 4353 5865 4520 4929 3913
3556 4568 4421 2661 2300 4080 3819 6028 3106 6271 6652 5911 6790 2536 4742 5448 6088 6663 3004 7438 3669 5174 2755 5815 8724 3852 7717 6135 5286 1779
4085 5313 3849 3834 2012 4413 4244 7003 3832 4435 4222 6143 7647 3324 4198 6625 7819 6356 4502 3383 4400 2702 2821 6749 6980 3813 6554 6787 4392 4519
3606 6346 4241 3100 3673 5027 3965 6115 3176 4378 2851 4710 7808 3660 4703 4985 6835 7189 3484 4067 2122 4265 2041 6525 6211 2764 8419 4660 5841 1932
2454 6079 2704 2713 2195 3223 4700 5529 3970 5195 4146 6444 6090 2477 5822 5928 6244 5309 4042 4524 3159 5331 1931 6021 8423 2049 5825 5565 3969 3654
4427 5067 3376 6993 1548 3967 4104 6593 4258 4933 2061 5250 7225 3723 5019 5255 5957 5452 4766 3446 2993 2977 4030 5760 8188 3220 6019 4650 6492 3051
3701 6557 3540 7020 3195 4243 4724 5662 3592 5957 3669 4874 7157 2439 5565 4716 5052 6380 2679 5374 2106 4778 3812 6193 6379 2393 7697 5803 3894 2147
2499 5795 5362 8633 2293 3074 2850 6404 2495 5780 4009 7150 6837 4896 4290 5547 7111 6041 2623 3453 2899 4181 4241 6701 3814 3205 5762 5775 3891 2972
5095 6685 4302 7385 2785 3221 2614 5361 3862 6444 2203 5967 8339 3675 4576 4726 5484 5047 4555 5008 2454 4832 1922 7198 3250 3585 6779 4255 5231 1447
2886 6172 4461 6200 1511 5442 3822 7036 3347 4382 3090 6365 7001 2642 5632 7087 7630 6282 5143 4190 3553 4992 1649 7940 5261 2498 5541 4609 5029 3488
1 7 11 6 45057 1.0762606250261477
18 20 0 2 94821 1.037446206871505
1 27 13 23 59010 1.0566247167889598
15 13 29 8 58451 1.036735759151384
28 6 24 20 45400 0.9223481518207265
22 13 20 25 38096 1.0234639503045018
24 18 4 21 78447 1.036134022482595
22 7 2 13 96857 0.9687193643640486
21 4 13 17 51514 0.9251277689940015
20 12 13 8 43550 0.959650624082017
1 0 4 9 51168 1.0062352698870118
27 5 27 29 78090 1.0414848323581318
4 23 11 13 57787 1.0868904993567556
24 4 18 21 62013 0.9104918571261047
12 10 17 3 33247 0.9920285139155288
21 13 1 20 93316 1.0661466389359877
25 14 9 16 76839 0.9323336399426845
10 16 24 13 64890 1.0310433515050295
5 3 6 24 90155 0.9759377697048971
13 16 2 3 61993 0.9842503745231173
15 0 0 17 105424 1.080204634017155
19 8 16 25 65235 0.9897856730172329
23 26 29 21 34242 1.03341442561309
28 1 20 3 34510 0.9616942400890699
5 19 15 4 72332 1.076323926330617
19 16 21 0 66800 0.9732013342503184
4 24 24 2 116670 0.9005854985826681
27 15 6 20 91493 1.0044959596569618
14 21 27 24 51574 0.9850097107487434
22 20 2 28 91352 0.9629879108380681
22 28 25 19 38209 0.9468082494658836
7 11 20 28 96835 0.9369172806322419
5 14 13 9 45880 0.9492566820884089
14 1 10 17 63590 0.9332222935429859
29 3 20 13 49833 0.9048473366049609
7 19 16 3 69969 0.9190938625248648
23 19 7 2 88604 0.9708183913126203
9 20 18 24 42032 1.0353140998323043
11 13 1 5 68498 1.0079589566638256
17 20 20 12 34860 1.0738126385436322
18 11 3 21 90917 1.0917067221597114
10 12 3 16 50034 1.078992155956249
16 11 7 2 52466 1.040989636596261
15 7 2 12 67470 0.9046853758842304
10 1 20 17 75505 0.9556433157499944
22 1 3 1 64829 1.0803299906174326
5 10 7 22 64190 0.9732371755547496
1 1 1 17 88063 1.0013421986663151
26 11 1 27 122563 0.912702031897561
10 2 11 29 90092 0.9238765677025733
15 1 21 19 64989 0.9316781656282661
17 5 15 16 46851 1.0329675968347034
0 16 13 26 89911 1.0846875870444417
29 12 2 20 123069 0.9066324644151946
21 11 0 2 82496 0.9680145050469904
7 13 15 7 46208 1.0863656157888384
29 2 1 12 113031 1.006591724596256
0 20 23 13 106143 1.0828026972496057
22 24 9 10 90017 1.0599546723255928
26 2 26 25 62288 0.9492984203494879
23 10 12 8 45465 0.936438961040539
21 28 10 5 92564 0.9307418070655551
11 4 2 28 113339 0.9785698162076825
24 23 13 27 57162 1.0433067228690576
9 6 7 20 57917 1.0878479019626304
15 17 11 1 55812 0.9891963800889616
3 9 21 21 100781 1.0114926435042417
3 26 24 29 77173 0.9474216286083872
6 28 0 5 126050 1.0950852127303756
17 26 0 24 74987 1.0984869115014835
3 18 24 0 108534 1.0114260070900805
25 21 16 2 74754 1.041242109360223
26 26 20 6 70622 0.9326096343614936
21 17 3 23 69848 0.9104153095159632
18 25 22 15 43635 1.0033707995310646
1 12 16 13 61878 0.9456747622364159
24 11 11 3 62667 0.9738731988318493
0 22 0 8 79549 0.9735697243950444
10 22 22 29 63518 1.0624499600739632
22 9 5 17 90655 1.0135438921011115
26 3 10 24 99291 0.9751599323612563
4 11 20 20 80605 0.93288727116369
9 9 16 16 48581 0.9610876933870179
16 14 3 28 91856 1.0374047636793557
2 15 4 7 49538 1.0902777612105712
4 14 27 26 112327 1.0287790219153368
7 26 7 15 49283 1.0218349409896705
2 2 14 23 90507 1.0304106510339917
10 18 18 23 37796 0.9739001152193532
17 22 27 27 50896 0.9836114774465147
5 23 23 10 85873 1.050679024982338
3 18 25 21 78471 0.9514725477529785
28 6 14 5 46612 0.9483849444047272
0 11 8 15 48524 1.0539761111281156
23 6 17 1 35555 1.0548953953288247
17 8 5 25 84350 0.9251044492581441
13 14 26 24 65619 1.0317621819800489
15 8 5 6 39282 1.075753600444242
14 29 15 10 72916 0.9849898664249256
3 28 9 17 63912 0.9457432821580682
12 24 5 10 79920 0.986113315756224
23 9 9 10 60603 0.9910894432772239
25 21 12 12 64604 0.9626363916828888
13 6 6 14 48124 1.042356284563633
13 1 7 14 55541 1.0796228001471986
6 22 14 24 39321 0.927764753948021
25 4 12 27 95547 0.9938895435436407
16 21 21 3 65922 0.9056006988331412
13 22 12 5 45509 1.0928538143100268
2 13 6 0 75621 1.0592125140446687
4 11 15 8 58066 1.0035556544759383
27 1 17 9 56710 0.9305183282104782
26 17 8 12 78409 0.9794189614445119
9 22 23 5 89415 1.0486596135708495
17 5 2 20 94654 1.0126916678902755
23 6 9 15 76345 1.0005536442313934
3 27 16 15 86035 1.024236688122273
21 0 22 21 69771 1.0754877164789949
11 8 23 11 51351 1.0002605526694437
25 6 6 24 110586 1.0711136001931143
26 1 1 17 121844 1.0540919392040322
6 4 23 9 71103 1.0014025488094922
2 2 27 14 100139 1.0033536252037107
7 8 1 17 69050 1.0906757359104933
10 5 6 29 96018 1.0788274019859903
24 16 27 6 36786 1.0883242155728918
5 27 12 12 75908 0.9750025044246503
21 0 7 28 125288 0.932047590618038
12 5 24 3 40539 1.0192354615037877
12 2 27 28 112059 0.9478764205635504
6 21 8 1 78572 0.9226554861985387
17 7 5 19 78145 1.0981770612505501
29 6 8 7 68295 1.0145745936466184
1 16 22 6 111378 0.9337155497975698
20 10 20 23 41746 1.0295917463840238
12 17 18 6 50336 1.0535618505547397
21 1 28 12 53652 0.9768257742915645
23 3 4 28 127211 0.9980565386957514
19 12 8 12 53434 1.0410881782132313
17 10 0 24 107794 1.09723473092353
4 28 6 2 114734 1.0587946965939663
0 0 6 18 87302 0.9859974109982236
9 12 3 8 39052 1.0770757876733632
0 22 28 27 113426 1.0980920598376422
2 29 13 1 107761 1.0304445499817638
16 13 7 27 75421 1.0923113003028957
28 24 8 11 99994 0.9986294939260452
13 16 6 11 40829 1.0497001759817672
16 10 8 21 63268 1.0331339612544883
16 28 7 18 68528 0.979302987658329
29 29 9 7 117241 0.9940780901175633
28 11 18 19 55463 1.052753106942571
11 27 0 28 53119 1.0580114204816469
29 5 23 0 26205 0.9033642049414448
0 10 12 0 81621 0.9194658279730344
2 16 27 17 104833 1.0207908979953504
25 10 22 17 35052 0.9243444572568283
5 26 17 7 94964 1.0919590280837093
19 17 6 0 91126 0.9680744849685343
24 15 10 6 71129 1.0821469320180286
8 5 16 21 63592 0.9529767766771812
5 22 18 28 66324 1.0430720746369495
1 19 15 23 72350 0.9999375364647587
3 3 10 29 107391 1.0882401682009157
28 22 15 3 83549 1.0405834640075016
25 3 22 26 77514 0.9101381294714325
7 13 26 27 101977 1.0394688321094399
23 13 16 24 52665 0.9607973631165112
18 23 15 15 40068 1.0424171257045673
23 22 12 10 65274 0.9448422630586748
18 11 10 1 53203 0.9714939705985224
0 7 7 25 100701 0.9317189203971539
13 10 4 3 41846 0.9025880734479772
8 20 14 6 54096 1.0233507374538526
19 18 12 10 49024 0.92244016369283
5 26 25 16 94431 0.9411391520243513
1 0 13 12 59335 0.9706012165945257
12 10 21 17 52014 0.9220676696083867
21 4 19 13 31202 1.0781330351854699
6 29 12 2 95987 0.9381645605662016
15 21 29 23 51723 1.0387599058662695
16 0 3 6 60412 0.9054041769817995
8 7 24 5 55595 1.0812419259094628
29 28 7 20 97629 1.0410458647472685
15 23 6 4 85874 0.9038561170420295
10 23 3 6 87455 0.9894787202087101
12 11 29 10 70682 1.0895065946440126
17 19 5 23 46743 1.044309957282672
23 3 1 18 106775 1.0316566155798037
8 13 16 15 35552 1.049273069067313
9 17 17 10 64590 1.0453618750110023
18 16 3 1 85538 1.034340281530544
14 29 16 13 68386 0.9946669737877085
1 1 25 0 74006 0.9330402202507272
12 6 28 15 78346 0.948088507592453
28 9 6 8 83750 0.9581019479907975
8 15 22 0 87434 1.020345513636751
29 22 7 7 108454 1.0258895209069188
17 29 7 6 92906 0.973562812476182
4 6 5 22 82373 1.0580531020333412
16 12 21 17 28689 0.9206574541804403
22 4 13 8 32659 0.9974755499624555
8 15 18 8 53609 0.947917595887942
17 6 26 18 65498 0.979914670234217
18 14 19 26 51070 1.0226705757949401
18 0 0 29 134370 1.0801269154409396
21 16 7 19 61714 0.9731106727732148
12 6 18 23 61034 1.0434728072874382
3 24 17 17 67817 0.9878537350926939
15 18 21 24 40407 0.9023142376108233
22 25 13 28 41480 0.988437111760093
15 25 17 17 33670 0.9825438650515343
28 27 3 22 102018 0.9200537137082858
17 4 8 3 25138 0.9719842375090663
4 14 9 9 38783 1.0828665667174515
29 8 0 5 104093 1.0060955366212943
9 29 24 27 49948 0.998698567101127
26 28 6 29 63147 0.9659462983610275
1 20 11 26 68556 1.0490688505498584
28 0 24 29 94798 1.0384283558215335
12 27 24 25 45419 0.9489787145871658
5 12 28 13 86879 0.9252177088991457
25 18 29 4 43959 1.0094207531919257
3 29 21 15 87816 0.9471233862791172
19 21 16 7 59619 1.0294403026596386
8 15 10 26 47239 0.9460040091919759
4 18 0 3 85616 0.9006130195356523
13 18 21 0 71663 1.0940453420238925
25 28 12 13 79274 1.0083790030642794
17 2 24 15 60218 0.9404423252320052
1 25 24 20 89033 0.9245883761922217
14 8 4 25 77467 1.0843296168791954
18 25 12 8 62256 0.9624136687076181
28 29 7 11 116263 0.9625628324673985
21 1 21 28 84704 1.0793220562552324
11 15 26 0 78596 1.0146172092142989
20 13 0 20 98327 1.0247298591281342
27 27 12 5 106671 0.928266504639369
26 18 19 6 55912 0.9980852147432627
8 8 17 25 72927 0.9875576132317738
24 5 25 24 62277 0.9586450162043628
22 23 27 11 48877 0.9981602305943117
13 1 10 19 59921 1.0575338201277975
13 23 5 7 75254 0.9521742750021607
13 13 12 3 28711 1.0890140939089124
12 29 29 16 83463 1.0837991531621094
5 3 18 29 104411 0.993722138475208
1 2 28 22 126175 0.9647404199968745
9 29 5 3 100201 0.9162331322283285
21 0 4 14 99454 1.0083550718915513
9 1 14 29 93478 1.0180673599705907
20 8 17 18 43216 1.0158499419598703
25 2 24 28 84392 1.0434507071838346
13 8 4 27 84719 1.0595661809962
12 27 29 18 79250 1.0564414183382458
2 7 12 21 83516 1.036667581291626
13 9 28 18 75813 0.9214172925557526
22 17 1 26 96245 0.9059990232145203
20 14 8 14 53276 1.0553806558005663
20 11 9 23 68995 1.0926213285503419
15 21 12 1 57909 1.0917335525875145
22 13 7 20 69291 1.0186078513640195
16 25 18 7 74592 1.0985008509553866
12 21 23 6 71858 1.093575080524631
6 28 18 9 100960 1.0108899314631128
25 26 4 9 122970 1.0529475447616208
13 3 5 20 75550 1.0770526832356562
1 0 28 1 89362 0.9053062816967784
14 27 21 14 62362 1.068680990512157
8 21 19 17 52282 0.9313620944577872
6 19 19 29 77589 1.0436710662032271
24 19 27 7 40625 1.0190645080207241
27 8 9 17 90991 1.0738306189299087
26 0 19 16 66811 1.006867852079961
19 5 27 8 37657 0.9259630328181377
21 8 27 12 33716 0.9833151923962067
21 22 23 1 60052 0.9166292369758414
12 19 20 6 63289 1.012138513168541
17 24 22 10 51578 0.9634908516212223
3 5 1 29 120296 1.0021679816772826
6 28 20 3 114203 0.9520974314133419
13 8 24 25 74468 1.0517638884796294
22 12 27 5 41308 1.01515930902982
27 2 6 3 64383 1.0123637384935118
17 7 25 13 45139 1.0331487195602291
27 2 3 12 103577 0.9885918437080283
6 13 13 29 75509 1.0726163184497801
26 15 8 2 80019 1.0124037653473468
16 26 21 11 57302 1.0563736705469786
10 21 27 28 77367 0.9098999811772871
20 27 10 3 94900 1.0717031722977501
15 9 6 3 42535 0.9154402407362435
13 8 20 0 43475 1.0205614438637662
18 24 4 25 56750 1.0074596317333426
21 3 1 28 134207 0.9685229173863794
18 18 10 0 75669 0.9517838479664731
23 2 26 19 49908 0.9968141280879194
2 9 19 5 77196 0.9180090708496692
9 27 22 1 116205 0.9303449208260859
15 8 24 0 47108 0.911161215372143
11 11 25 14 61751 0.9837005450945853
5 25 26 6 110808 0.9710775633668521
8 9 5 20 53099 0.9892607986051348
25 13 1 11 97058 0.9890203147215498
11 15 22 13 46827 1.0032537162292108
11 7 5 24 79370 0.9720758748984452
7 5 13 29 91791 0.9903629284605444
17 15 0 24 90209 0.9293247862127307
13 8 13 28 66372 1.057987995698243
0 4 15 17 90679 0.9860059017892283
20 24 2 13 99653 1.029728240754201
10 28 19 5 100400 0.9405191050401172
24 11 25 26 54198 1.01464922403285
10 2 28 23 105354 0.9294618339874513
24 14 3 4 95353 1.0803949732084133
22 6 2 19 106793 0.9609054589216957
6 28 29 3 132986 0.9953404856279039
16 1 25 16 73546 0.9051683274642534
6 1 13 21 68265 1.0972390457821684
29 15 11 5 83206 1.0682925193302664
8 13 0 18 48375 0.970188048805666
3 22 3 0 105658 0.9363204800107354
21 25 16 9 64374 0.9237436136050828
0 21 25 28 111988 0.9347884341528392
25 23 17 26 37247 0.9810048898679851
16 8 8 20 57368 0.9421466867631788
5 28 4 19 48886 1.0692636785891034
11 27 1 21 63610 1.0415172141712006
13 9 29 28 97912 0.9582412893381611
26 3 7 1 60928 0.9980008983647697
22 21 13 5 65193 0.9924293319369659
1 10 7 5 51182 1.0994854579973348
4 2 14 7 44535 0.9339981560936989
11 23 7 16 39069 1.0619404037105786
6 19 28 10 98791 1.0543746088006198
27 5 19 24 74504 0.9006119496566568
19 12 29 28 75417 0.9759700596130516
23 0 8 4 48487 1.0368333660951035
19 4 10 29 92095 0.9698180639534115
22 17 12 19 42232 1.0517987893671783
23 23 1 7 120791 1.0256509718497104
19 28 1 28 63018 0.9205830270019534
11 18 7 29 49190 0.9546811209044538
28 17 12 23 65840 0.9739519820295308
10 22 18 29 51347 0.9664887306220239
12 28 19 18 52726 1.067375814004753
21 23 8 4 83393 1.0079210390990339
24 15 7 25 81554 1.0454871512095627
3 20 24 19 85767 0.9412304591392907
26 22 7 0 105967 0.9142059008492048
15 8 23 19 54001 1.0983508428064441
21 28 14 20 39949 0.9255853373809968
9 4 28 16 84028 1.0271204905039435
3 14 24 25 101179 0.9297512668930228
21 21 21 8 31538 0.9006048000039827
27 1 9 8 71135 0.9825646665574946
14 22 4 24 45760 0.9844815905271509
8 0 1 18 88574 1.0777494125457423
7 19 20 6 82167 1.0879017872645287
25 9 17 4 42838 0.9616514467377497
28 27 5 22 93456 1.0533157377554359
25 21 20 3 64548 1.0456276161576412
8 9 26 6 69644 0.9406803388474293
19 24 8 7 86482 1.027199927092456
6 15 29 19 94629 0.96715817014064
22 5 3 21 109899 0.9504506966384245
10 15 9 4 48837 1.0373193836583423
14 4 14 28 80835 1.0281598272825312
10 23 6 12 51471 0.9212781064191742
19 6 1 28 125332 1.0493619334005782
21 18 28 24 36516 1.097812971901011
23 1 17 29 88295 1.026524357596109
22 29 11 0 106933 0.9865779955904195
23 13 13 23 52241 0.9409493868517435
14 11 11 18 30871 0.9674892102028382
16 17 6 19 45291 0.9314877850315266
3 3 29 6 76555 0.9813092560588536
14 12 17 27 60500 0.9986044134079476
24 6 21 13 32193 1.0793146746807654
6 17 14 22 46622 0.9370209813471807
24 3 18 8 34202 1.055676337428276
14 3 13 27 75669 1.0932677853658965
29 14 15 25 74584 0.9904809948746801
16 0 13 19 56948 1.0581770402195896
8 6 24 18 83882 1.0806191267724612
6 24 4 10 75463 0.955625434874257
21 14 16 22 36512 0.9070715363424314
27 29 9 24 71978 1.0514127180633575
3 22 14 6 82831 0.9263092771774404
5 18 0 27 61327 0.9504630975312038
3 14 20 2 92995 1.0396968847201478
15 20 27 14 53572 0.9908520390741249
14 26 28 28 58066 0.9536859423423125
0 28 3 18 59194 1.0642334230012476
15 7 15 22 56918 1.0536713174841006
18 7 16 25 74592 0.9204936983894257
21 28 15 0 93059 1.0887646109602838
9 29 11 5 83360 0.9326871788074973
2 24 7 6 90668 1.0815999848292919
17 22 19 2 75224 1.0085621826039448
2 4 9 0 33970 0.9027806906703258
21 0 25 25 83990 1.0764473589143648
17 28 4 0 112393 0.9138547507962441
2 11 17 18 78115 1.0592220793563787
4 12 26 2 94881 0.9404880201702426
17 14 29 18 59669 0.9902658649915681
17 12 26 26 66617 1.0325516109181492
6 21 27 24 83140 0.9198190632007964
0 3 21 0 72009 0.9294692115369948
22 24 18 5 71378 0.9089962478614757
16 26 7 8 87129 1.0218178967302116
15 28 7 15 78303 0.9523261795776259
14 2 28 10 61505 1.0345826512591128
9 19 18 14 53167 0.9251569973828193
29 18 14 12 73014 0.981673192183308
12 9 13 28 68390 1.0825076984037405
16 6 3 18 74064 0.9111905436762631
6 16 21 8 81274 1.0870185561678356
1 10 8 23 75146 0.9066785306530154
4 18 14 3 72078 0.9173512388388371
27 17 20 11 42361 0.9906489978106153
27 22 10 8 87387 0.977581058379057
0 26 6 8 103413 1.0502638155930046
24 11 0 20 116016 0.9853575602182413
5 4 14 28 108613 0.9302326188071948
11 20 9 8 50418 1.050637400501489
21 26 0 4 126649 1.005713300884845
4 27 5 8 95673 1.038355419351324
27 23 0 6 138065 1.0727641054541348
19 5 27 17 62520 0.904246850628066
14 14 7 3 44379 0.9837748794658076
0 15 8 2 80956 0.9045461527481701
26 14 0 0 100044 1.062495975217598
17 20 17 2 64685 0.9526244031047846
26 21 9 28 72021 1.003261690884054
26 7 3 11 105090 0.9528439069444006
26 8 3 14 101551 0.941361976984677
11 18 22 8 62659 0.9624824553629837
4 9 26 13 96835 1.0062145582890714
14 3 26 9 49059 1.0183167195553104
19 4 3 1 47616 0.9484410316035977
17 21 5 0 86032 0.9512087430013593
15 25 28 1 100257 1.0710584568443144
3 23 15 15 66057 1.0465508224917441
12 27 25 28 48466 0.9772809961992921
26 1 16 26 97577 1.0887883725381131
13 17 9 23 29186 0.9687653118746176
1 5 9 19 84607 0.9473506448774226
11 29 7 6 87835 1.0405356807100086
5 7 6 20 73479 0.9627540720008305
14 6 7 2 29818 0.9274465563567794
21 8 16 16 42853 1.0308800131217795
6 18 26 29 91253 0.9264302450149612
28 25 16 29 42281 1.0950869362462665
27 7 9 23 91984 0.9039970174714792
21 21 24 5 52612 1.071733434595215
12 27 15 14 51842 1.0039848581804216
4 12 21 29 102363 0.9507285465375903
24 7 11 26 97357 0.9681892159510364
28 7 9 14 84142 0.9051890749771573
27 25 28 8 54086 0.9872464661298652
21 17 29 21 33411 1.0908320852836078
5 0 17 29 113038 1.0862359960521824
13 19 5 1 64134 1.0454897576509556
26 6 17 29 79110 1.0880970693850838
3 24 27 26 91900 0.9895838166687011
0 18 12 9 73675 1.0530193810608082
18 10 1 21 102724 0.9988601064905958
29 14 6 9 103413 1.0834659197397936
18 15 26 10 39618 1.0076723298780579
25 17 28 2 49970 0.9256271433159392
20 29 23 18 37532 1.0110977978929638
23 20 20 3 56349 0.957460456767985
21 23 23 11 39504 1.0754731901917727
28 28 3 6 137067 0.9143912796467327
4 12 18 13 59623 1.0047271082835585
16 3 3 25 96770 0.9849499643099935
4 0 11 23 89348 1.0920349559468339
7 3 15 13 47288 1.0779071305234547
27 10 15 5 56250 0.9811197550629707
13 5 5 21 70260 0.9434445273611366
24 23 23 2 66382 1.0840590496487006
22 8 23 18 35715 0.9222538118800834
21 19 2 29 81731 0.9379559465885585
17 7 4 9 60261 1.051447066863444
28 13 9 12 73810 0.9271131777326256
5 1 21 23 98782 1.0206446640675457
3 29 21 9 102500 1.0162455725064912
15 24 5 12 74051 1.0305184485267838
2 3 23 9 77997 1.0058084475691327
23 3 29 12 44227 0.9214811184784425
13 29 23 25 38633 1.0650325680547468
25 3 28 19 53609 1.02227425346826
14 9 3 24 78286 1.0015780388887474
29 19 24 7 50897 0.9883827339239499
27 4 25 14 33015 1.0218127087046547
16 18 11 6 47992 1.082786512543086
29 1 15 2 51286 1.0889157349740262
23 29 0 11 129754 0.9616385666847329
9 10 29 11 86722 0.9159958142427053
20 10 15 20 47475 1.0490217097586099
7 6 13 26 81652 0.9336049043161221
18 16 3 1 85538 0.9881609133037408
22 27 1 18 95511 0.9747807997123634
7 19 11 4 65058 1.088704467723978
20 3 28 8 34862 1.022236941991787
2 1 9 28 112122 1.0365433499780299
16 11 6 4 57455 1.0470131125385145
23 19 10 11 69101 1.0861664185230775
19 12 2 24 101688 0.9581620529328257
26 29 29 20 39083 0.9647156805093164
26 1 2 27 144608 0.9573933874158833
24 29 7 13 96939 1.0339781614939498
24 0 23 23 74705 0.9328366675127224
24 16 9 29 75594 0.9954554213291277
1 5 22 22 117258 0.9497370728688471
25 5 9 3 48125 0.9524198682446698
18 2 27 10 48562 0.997737964276705
24 13 3 14 84354 0.9901598572940495
5 15 28 5 103047 1.0726093928570575
22 8 4 16 93688 0.9838679869291534
10 15 25 1 84746 1.061874992828896
1 20 23 11 107376 0.9121163919457617
26 6 8 5 56280 0.9527666455109098
15 1 4 17 88119 0.9758797692383193
3 7 28 12 104245 0.9206792742117959
16 11 17 23 45857 0.9582746660700409
25 24 27 0 70909 0.964542525762819
26 24 0 19 109135 1.0696784004891502
16 20 5 18 41995 0.9559169856211427
17 4 4 5 50704 1.0132650945575563
10 16 14 5 47502 1.0782254151079778
27 1 29 12 44906 1.003725223352966
0 29 15 24 66943 0.9418674487990258
15 14 6 20 55642 0.9846662889435982
5 18 28 10 98641 0.941713787387487
8 15 19 23 59597 0.9623088241424442
13 29 20 21 47837 0.9146445883176554
21 3 11 13 54347 0.9393277595132544
14 1 0 0 40729 0.9400140556854651
28 22 25 0 66576 1.038550896855007
9 26 13 17 42700 1.0656468027900328
16 5 16 19 50667 0.9242006186917262
9 23 25 28 70781 0.9723845036913031
10 0 20 7 55965 0.9892178897706766
10 19 28 15 77902 0.9448717214930894
24 26 1 11 120551 1.0125425146688056
28 5 2 19 119460 1.0550838155589248
4 11 24 18 96098 0.9433558565296647
24 29 19 11 66084 1.0448695518542244
9 15 1 3 68765 1.005394805248528
1 1 10 27 111051 1.0366398255053124
6 8 14 10 36970 1.0282432188633435
22 20 20 1 65932 1.0022625347302394
26 3 20 14 47464 0.9097005938507019
17 8 5 0 57682 0.9046716949698168
8 19 10 7 51950 0.9586227961736445
19 23 3 15 80489 0.9282811660133004
4 17 20 28 89227 0.9037753594623427
26 3 3 8 83136 1.049151215431861
13 9 20 0 45910 0.9181241620331156
24 1 11 14 67895 1.0428582102529362
11 3 25 6 48249 1.0953742867285998
17 29 19 13 55658 1.0322134987694143
25 8 13 15 59108 1.0801674911473234
24 3 11 6 43613 0.9777425734986921
29 16 18 9 62881 1.0991112719448421
23 6 4 27 120739 1.0603509404355111
19 6 4 11 78149 0.9763249180766588
11 24 29 2 107272 1.0597099004033614
14 11 0 0 64395 1.06383842201328
18 29 0 25 70839 0.9092071491742153
29 29 7 10 123050 0.9385123633899248
29 27 19 11 74464 1.0609272425619314
7 18 13 14 31557 1.0463288870160663
5 8 18 1 61045 1.030094403661634
20 25 8 29 48746 0.989740548165661
15 1 24 6 41193 0.9601962376744477
6 12 27 28 112953 1.0098579660800715
23 10 8 2 64620 0.9273916850929133
27 12 13 3 64420 1.050722633402158
18 22 12 11 46525 0.9809407902381677
15 0 21 17 64752 0.9340399829212693
6 21 3 13 45598 0.9799986566246358
27 11 11 15 70055 0.926673511952571
6 22 12 11 61795 0.9336942261801493
17 22 26 15 43647 1.0005424313735851
23 12 11 20 54607 0.9316924549035296
27 7 18 18 55732 0.9093406803415128
16 21 8 15 41995 1.0667574550846382
0 12 11 13 45138 0.9259300672760864
24 7 9 1 54970 0.9513359458442676
6 24 13 14 52767 0.9846699675328308
12 28 9 6 75716 0.9973330492559429
17 14 5 21 68100 1.0657746093348714
14 15 29 3 76070 0.9846633220737805
6 14 9 4 48678 0.9378443981682095
18 25 16 13 47508 1.0266569112559478
10 1 28 8 63206 0.9434157917334266
20 10 2 28 115824 1.0236625415896352
28 14 7 11 89480 1.0677045263795468
16 11 1 12 69373 0.9911258165932638
21 13 16 26 52798 1.0425226462910857
9 29 24 12 84833 0.952580392578817
16 16 8 20 43381 1.0845188789323035
28 14 15 5 68929 0.9707974240763216
13 28 1 22 67061 1.0524645810585025
12 11 1 4 63740 1.0001577743352892
16 5 23 13 46269 1.0273700692916077
2 1 17 21 86671 0.9597444020690018
27 3 2 4 79226 0.9902505192584159
20 26 29 20 43101 1.0592649773776877
29 13 12 25 84440 1.0591124490679633
13 22 19 14 45741 1.0990818173492545
13 14 4 9 53519 1.0716605440561413
3 27 7 12 76520 0.9243057292886118
29 15 2 8 117021 1.0571184658123693
20 16 5 24 74454 0.9077013810478075
26 22 13 11 65823 1.0646996619120925
29 0 13 4 54276 0.9739541796940435
3 9 2 29 100521 1.0393187541180362
14 18 17 27 38363 0.9376740602473345
21 26 15 21 34164 0.9571543565417502
4 2 2 22 103278 0.9056566024765753
16 5 11 28 82902 0.9824734488378261
21 22 0 28 87880 0.9636389405097885
25 11 2 20 114160 0.9246504949533382
22 5 14 27 91479 0.9122693529140066
27 6 0 15 127430 1.0000574827749922
19 29 21 7 63480 0.9283418817687829
16 26 3 10 104681 0.9781151863892993
22 22 12 17 44311 0.9956420139493272
25 7 20 23 59855 1.023068153481055
6 27 27 7 117543 1.0751110790348564
16 12 11 22 44631 0.9544059285584591
0 19 22 4 112444 1.084531630314528
0 26 23 23 94449 0.9269139755675465
16 14 26 28 75666 0.9633611295122162
13 16 19 9 45302 0.9661510203038545
17 29 29 1 100335 1.0650534237809914
8 14 21 13 52663 0.9486119102627704
10 22 28 0 107541 0.990563742695751
13 7 28 5 48376 1.0024364172598133
28 28 3 24 96058 0.9921386350770905
26 28 18 18 54819 1.0568359423363116
8 21 15 15 46617 1.0516684303442176
1 23 13 4 87898 0.9207413969222074
0 19 0 6 79268 0.9276422959402729
16 28 13 14 60245 1.0825742988778093
14 10 25 11 59549 0.9500197843675968
17 23 29 12 67419 1.0502006303200615
0 6 14 16 82483 1.0908117840660951
29 15 13 19 68232 0.9350325340990366
23 9 29 3 36409 1.0243526874475894
3 5 9 16 69776 1.0144877880682561
16 11 23 2 47138 0.9631847945189843
5 0 19 19 94688 1.014683559816482
28 0 23 22 71212 0.9955550371629016
6 19 27 13 91654 0.996275258562104
16 13 17 23 38362 0.9118375798715066
0 29 3 11 92614 1.0981149968712796
3 26 11 24 42847 1.0092650697552379
25 27 11 1 107141 0.9131973574373176
2 5 9 15 69321 0.9540439624726683
17 1 0 25 121044 1.015907918821765
0 9 3 21 67233 0.9080788609417559
5 15 12 26 67326 0.9669116168832942
13 21 3 7 74710 0.9693490098036369
9 10 28 22 95695 1.0206131910278198
16 18 1 18 55779 1.0917450231233718
25 3 21 22 60553 0.9856862532390565
18 27 21 7 69332 1.077465910543163
26 12 10 0 75664 0.9990467469320189
29 2 3 12 105351 0.9054461237201752
23 23 1 9 119223 0.9901272647489152
25 8 1 17 113704 1.0330171985276564
9 0 28 0 67886 0.9602570610905985
11 16 15 23 40608 1.0204035152736972
26 23 2 16 99636 1.0694040754379288
10 9 18 11 45003 0.9916673778546409
24 6 4 21 110731 0.9358286341156038
29 2 13 0 57369 1.0069117901844327
22 21 4 8 93870 1.0905545467382107
6 28 8 5 89188 1.0543208353484153
3 18 12 12 55196 0.9806455354906819
4 22 15 6 81574 0.9557935517431848
16 16 18 2 55598 0.9953168814575343
27 22 10 24 69116 1.0936558260917213
28 1 22 13 49584 0.9941411810572022
22 23 13 29 45016 1.0794432566162862
28 1 22 16 62062 0.9139181183963022
8 7 22 20 79227 0.9030688463099187
5 13 22 2 87852 0.9345536702322308
18 17 8 2 74883 0.9193680002883605
4 28 23 0 134575 0.9345660529118915
13 23 14 1 61318 0.9834871596735968
6 26 27 4 116524 0.972435299527815
0 7 26 21 127122 0.9801963299879368
13 28 15 19 47596 1.0155750484173627
25 18 11 2 83396 1.0042884841518902
22 11 25 28 61114 1.0703294178653013
28 22 25 7 47610 1.0643404611387368
27 0 3 6 87038 1.064673962462624
24 1 1 12 104741 0.9724210350338949
25 22 15 6 72894 1.0741354245358299
16 8 5 6 42415 0.9252330883263788
3 29 8 8 85823 0.9164795180151293
12 0 9 9 43345 0.9732375638420004
16 27 22 20 45172 0.9853514719180508
26 26 3 25 84096 1.0472209934628867
28 5 20 22 61927 0.9657136342416772
25 22 3 1 110187 0.9442418293010449
27 28 21 6 77536 0.91171063197569
25 18 25 7 34787 1.0917128118973307
1 10 27 17 121906 1.0650217514074338
2 6 27 0 92021 0.9252113154323767
6 10 21 2 77474 1.0711047162939153
29 13 17 0 72354 0.9762672869566658
15 5 7 1 33142 0.9686069485359976
4 19 1 9 59309 1.0531621239213917
1 10 14 9 64769 0.9420198470923571
28 22 14 12 72287 1.0307264313919409
1 9 13 29 112166 1.0971833989923185
21 18 13 26 51618 1.067392436956863
25 10 15 26 75967 1.0274310626623517
2 12 15 7 67470 0.9588596414544437
5 18 18 15 60249 1.0701022776722593
4 2 1 11 55134 0.9305471889679775
18 28 0 21 92202 0.9978266224648839
8 23 2 16 49082 0.9903473414449675
14 23 12 2 61890 0.9719239957643208
20 3 11 17 66773 1.076803014336209
6 14 6 24 52613 1.0873473479074656
17 6 2 27 111621 0.9266536138056151
22 28 26 0 88141 1.075872147925743
25 26 5 13 104131 1.0748089555165103
22 22 0 28 90701 0.980886851720239
19 1 3 16 101377 0.973977807853928
0 21 24 28 108269 1.0038779249658558
21 15 9 4 59471 1.0616242333267116
8 18 10 3 59252 0.9817449931954918
26 23 5 8 106326 1.030759328848115
16 26 29 19 60704 1.0893410969916777
16 26 15 9 74102 1.0607324741146766
17 1 27 19 77239 1.0601885742357298
25 3 0 14 111974 1.027989299637508
16 17 3 0 83637 0.9675274421195652
4 1 15 19 78435 1.0047459475941123
12 26 17 9 69632 1.0405018668938582
19 15 7 28 87807 0.9736260581598197
18 5 29 25 87851 1.0268794898060563
4 15 10 20 50449 0.9473777007283117
27 3 17 9 50380 0.964386611170911
25 10 6 9 78833 1.0121642605006815
18 11 22 20 36516 1.0110708746755965
16 23 25 25 37723 0.9008142745529271
17 4 20 24 66814 1.0162801708334457
17 3 16 18 58336 1.0143927054439659
20 27 13 5 77742 0.9548904744225897
23 19 3 22 78668 0.9784861168121275
3 7 22 9 76856 1.0005061707858534
6 17 16 19 46881 0.9162786340229173
6 23 27 25 74958 0.9751746020260619
24 23 20 12 38017 0.9584288672145651
16 1 19 15 65502 1.012568569958954
3 17 6 10 44819 0.9945726202307585
3 20 17 0 101992 1.0059421054358337
8 12 26 2 78967 0.9255958106399097
0 8 24 22 115374 0.9990853719305371
0 20 18 20 76344 0.9726753568450568
17 15 0 6 89888 1.0206152158637796
5 28 21 25 56870 0.9227280204904943
10 28 19 8 92466 0.903400203829435
23 8 0 21 120932 1.0487314671931132
3 27 4 13 70644 1.0023934079603427
19 3 3 15 90984 1.0217790625971768
8 2 1 15 75585 1.0818712974570297
12 21 3 12 64508 0.9554632186444189
1 9 12 7 49726 1.0274222961786763
3 24 8 15 47421 0.9472563803886245
11 4 2 11 61998 1.0013703359653772
7 19 16 22 46628 0.9628481872384144
21 3 3 29 123404 0.9052728508268143
11 1 7 18 67400 0.9708053406455297
18 26 8 28 43608 0.9986409572697484
28 17 6 22 88982 0.945954165356035
26 16 14 6 68193 1.0750547368031707
3 21 20 28 84655 1.075336005163049
28 18 14 28 71660 0.9257220539001438
22 27 0 17 105296 0.9042748468666283
13 10 24 19 61591 0.9270602391772012
19 6 0 18 98948 0.9505046339708464
22 6 27 11 36559 0.9480550429103544
21 29 0 14 114872 0.9572084872675276
28 28 23 6 77959 0.9552488889955815
21 1 23 19 68493 1.0891579271143068
14 24 7 1 81267 1.02756927075034
13 5 21 28 78728 0.9744149262875398
14 16 19 6 53430 1.0627431206742752
3 23 20 0 113221 0.9605625523803425
1 3 15 3 44000 0.9874561387821033
11 18 8 0 64096 0.9128185883170977
14 11 6 27 74972 1.0136670502582237
21 2 17 8 38731 1.0982925691763787
9 16 1 27 69569 0.9917844891081319
19 29 4 4 116622 1.0170348196018952
12 11 0 17 75021 0.9706019370700489
1 0 9 21 92905 0.9526028931539293
8 26 8 10 53202 1.0822452271208336
11 28 21 25 44075 0.9183295761237914
9 9 15 22 60770 0.982492992707854
9 9 6 25 65644 1.0688681792789443
7 24 28 28 85193 1.0259459222313283
18 6 6 9 54669 0.9463717318763613
21 21 16 5 57451 1.0751669178561247
7 17 17 23 48836 0.9280568447316104
29 4 23 0 23717 0.9010138962984091
8 10 21 1 70227 0.968617169075141
7 21 21 27 66832 1.0028004403278676
6 25 5 4 96161 1.0520459798297903
19 20 24 11 38329 1.0197940095877578
22 5 4 27 120646 1.0028561087485959
21 17 25 29 45095 1.0569843553775429
10 24 28 13 84923 0.9999373748878921
28 8 18 14 46860 0.9629839367610129
29 21 13 2 92328 0.9215156018340754
21 11 0 28 113934 1.0228798432500064
11 3 12 12 34809 1.0449196753255299
27 11 14 18 63604 0.967310468155267
21 12 16 3 38838 0.9007735198949982
4 11 24 15 89997 1.0673334825228604
19 0 17 22 85170 0.9609257280032251
20 24 5 18 67221 0.9816445334695133
0 21 3 7 80408 1.020238331276458
8 16 17 13 46096 0.9994078366037333
1 7 8 16 62891 1.0301019135121854
19 3 25 9 41879 1.0705051181719911
20 21 0 17 81602 0.9645388884291684
5 10 20 29 111251 1.0476337687110584
6 7 23 3 62730 1.0427608990231723
15 3 3 13 71674 1.0591686584496496
10 15 7 0 67600 0.9943661443372358
28 19 17 0 84740 0.9685015033624406
24 13 7 23 73843 0.9045757819899928
8 1 16 15 59339 1.0230379763223134
17 17 13 24 37768 1.0181683622375726
25 17 14 10 67143 0.9525410165294589
17 22 1 21 73567 0.9879784594947818
8 3 17 17 68328 1.0730975004777883
11 0 2 22 107069 1.0077199358097144
17 10 12 20 52368 1.069453679981936
1 9 27 4 93776 1.0543524972172469
16 20 26 11 50386 1.0877367198473107
9 6 29 10 77234 0.9018732953068549
25 10 5 5 85371 1.0710783324478463
1 10 21 0 101605 0.9543969019268286
29 21 2 13 116789 1.0238773846693887
10 26 23 22 60151 0.9556489964745595
28 22 8 29 75797 0.9642613693067341
17 27 26 29 31417 1.0484084616880975
9 16 24 0 88890 0.9171500185546865
12 8 24 28 91527 1.0850540025609237
12 11 20 28 74175 1.0415781596883367
22 7 15 18 56791 0.9477120530016521
23 7 12 6 46123 0.9142144265655551
14 23 6 3 73853 1.0923907867570621
25 0 27 19 55823 0.9291323720424032
3 9 5 17 48193 1.0932934629357294
7 29 18 8 92652 0.902086480475235
18 23 12 13 44141 0.9962435656291818
29 25 19 24 37931 0.9405812674538643
27 29 3 14 121248 1.080149772701884
16 0 19 23 86431 0.9672351074061483
13 11 18 23 45916 0.91364649990783
26 6 0 4 88257 1.0482885448809673
14 28 28 25 54346 0.9327422047273596
26 22 23 13 31528 0.9695965215105979
24 1 22 17 57097 1.0156417094598191
27 27 3 18 106101 0.9427484583157791
12 7 10 27 73118 1.0188504449450018
24 29 27 16 51465 0.9407687949318189
2 19 23 1 113133 0.9503974147786611
22 3 19 27 77336 1.0925537745388418
18 9 9 22 70653 0.9328144717384743
15 26 26 7 84442 0.9102003746872067
6 18 17 8 63187 0.983001142114222
26 19 1 12 109219 0.9864600592487269
8 26 22 14 73106 1.093404499965129
20 23 19 6 55262 1.074715305699195
7 2 8 15 50026 1.0640493942105986
29 18 11 16 76589 1.0132540620074852
16 14 9 10 42684 1.0879784616298025
1 17 8 1 89985 0.909781544994395
9 27 4 0 108095 1.0976333857743563
1 14 7 1 75887 0.968552167959885
0 1 24 9 86327 1.0269271509959705
3 5 28 19 119619 1.0192065847459857
4 20 12 5 79872 1.0004860594110598
14 12 5 6 47744 1.076213791358619
7 1 9 14 52223 1.0675742854234485
29 0 7 0 78727 0.9110458724020055
14 27 22 1 108101 0.986597427558272
29 4 12 29 106547 0.9887651960163251
24 11 26 26 52075 1.093587485521201
28 23 25 2 65491 0.9698874829076573
16 6 6 1 40864 0.9632412047332555
26 24 20 16 39942 0.964989565213287
22 10 17 19 41893 1.041544863103532
25 0 25 11 39039 0.9976071853760762
21 1 26 29 101510 1.0849732338809452
12 27 0 8 104913 1.0217770589105313
12 8 22 29 85476 0.9137667061172409
11 12 21 13 40021 1.0716695211774134
5 23 21 18 60874 0.9782823851538354
2 15 28 12 112843 1.004925823019314
27 9 8 28 104900 1.0553587599432626
24 3 17 29 86354 1.0628577427999752
6 6 24 5 58849 0.9284349511772347
11 4 23 4 32496 0.9077082283026523
10 27 13 4 74880 1.0934814239827733
27 7 25 24 51948 1.060268893572577
3 29 29 6 130321 0.9067253416199264
18 25 11 6 68127 0.9711352725621143
1 5 8 15 67836 0.9146896318910941
10 23 22 19 45105 1.0510814668124895
0 16 11 14 60445 1.028906652706948
13 20 12 5 40943 0.9437315452133334
28 21 8 10 92958 0.9866437057217147
1 5 11 25 107697 0.9228308094584032
15 18 14 28 49367 1.0475635151739064
11 14 13 4 30006 1.0143229360714276
21 22 11 15 54854 0.9877090132024637
29 26 3 18 104296 0.9559011534499795
10 27 17 0 98429 0.998837186249186
21 29 28 22 39612 0.9253730896631494
6 9 11 27 87852 0.9187163533592198
13 14 10 7 30169 0.9631516491599226
7 26 25 29 66875 1.0767209086484686
11 21 0 17 57031 1.0022303304658113
10 17 13 25 43779 0.93587950067943
2 19 19 0 109549 0.9279118879657278
14 23 25 1 95813 0.9611476039176345
14 25 14 9 56973 1.0924554894772103
17 4 25 12 51427 0.9911658193588414
2 18 23 27 94912 1.071731769940068
6 24 24 12 86312 0.9323313369162165
13 18 5 16 38708 0.9383634940758325
2 15 5 0 85493 0.9776670272032857
20 20 7 23 45484 1.0289368292894543
29 18 8 14 90234 1.0441055260999683
27 11 6 17 99135 0.9065085486422565
2 4 22 18 100490 0.9681041507737096
10 5 6 29 96018 1.095020643135554
26 21 17 18 36230 0.9642959666296439
21 0 6 5 64436 1.0764166110721018
4 23 20 5 98112 0.9501859084093353
0 14 26 20 106846 1.0074648882852189
22 4 14 19 66551 1.0513463908108678
24 4 21 16 39750 0.9941026803692994
23 6 2 26 124160 0.9894293199628805
18 24 12 9 58876 0.9495390601060241
6 15 7 6 47887 1.0184820196701128
9 25 4 14 60264 1.0802553305109148
1 27 25 28 82725 0.9500252562426583
24 6 18 16 54134 0.9459483734428427
1 3 15 15 73899 1.09840133226405
13 20 24 27 53021 1.0369017275955996
7 27 17 25 47876 0.9485084054419611
6 15 23 24 84798 1.0104298318488845
3 25 22 25 68642 1.0426956251349064
10 2 5 17 74645 1.010374951331415
15 21 28 22 45199 0.9289999398436919
18 5 9 25 83395 0.9037913295746479
1 14 4 7 45671 0.9725428988569252
5 5 17 6 47275 1.074504890896164
13 11 3 4 53076 1.078992315058557
25 24 9 8 92281 0.94374919118946
11 10 2 22 79316 0.9975109789330547
0 7 1 25 94060 1.0199315543172514
20 21 10 20 32345 0.9820822769933565
23 4 9 10 58216 1.0678691412036752
7 27 25 14 99141 0.9009825137860973
3 7 14 11 55891 0.9431663492372947
17 29 26 10 68388 0.9698508934400282
26 27 1 26 95604 0.9677397617747181
15 10 5 16 62945 0.9337745364080858
12 1 24 3 40006 0.9326373033327165
13 5 17 22 51040 1.0888546525512994
12 28 4 7 98035 1.0345792303838746
15 4 19 12 46614 0.9838019479967571
28 23 11 1 102630 1.08468793790905
4 24 18 19 60005 1.0856011518619768
6 26 27 21 84573 1.0477880172982887
4 13 4 2 60768 1.0346240586237714
19 7 29 19 69701 1.0044852366630392
13 29 6 11 81579 0.9212441107181035
26 21 17 9 62963 0.9124235191105761
4 19 0 28 62312 0.969367924766608
14 19 10 2 60151 1.0394025590645135
22 9 5 10 78900 1.0248199480169427
