3976 3938 3788 3996 4112 4218 3915 3701 4186 3950 3651 3974 3692 4168 3693 3773 3662 4175 3964 3774 3946 3741 3799 3823 3725 3850 4185 3746 3820
6157 5890 6068 5957 5970 5853 6104 6350 6018 6166 6099 5932 6000 5949 5861 5869 5807 6346 5968 6401 6064 5815 6083 6231 6216 6195 5824 5991 6128
3102 3249 3331 3093 3203 3141 3292 3225 3200 3013 3277 2792 3262 3218 3064 3050 2919 3062 3123 3186 3310 2930 3089 2995 2872 3103 2956 2719 3004
6803 6688 6591 6297 6415 6496 6649 6641 6335 6721 6607 6657 6482 6538 6881 6661 6511 6416 6882 6640 6671 6627 6792 6511 6362 6859 6776 6640 6456
5126 5314 5433 5408 5258 5116 5429 5158 5248 5169 5007 5224 5482 4908 5472 5067 5419 5509 4924 5129 5338 5327 5412 5082 5073 5468 4998 4924 5108
6089 5929 5888 6207 6136 6225 6030 6132 6258 6341 6037 5940 5881 6280 6220 5835 6212 6230 6004 6249 5999 6086 5978 6091 5971 6334 6369 6150 6263
4278 4455 4838 4837 4839 4735 4331 4623 4761 4650 4342 4266 4652 4763 4333 4442 4312 4618 4665 4344 4463 4416 4800 4495 4388 4312 4565 4790 4301
3962 3920 4162 3945 4276 4144 3855 4208 3972 4353 4409 4008 4313 4299 3882 3831 3795 4256 3901 4156 4290 4151 4158 3930 4236 4168 3829 4153 4127
3794 3822 3692 3493 3605 3394 3464 3315 3315 3356 3888 3414 3463 3641 3705 3319 3752 3576 3552 3756 3828 3469 3625 3906 3471 3585 3696 3429 3830
2780 3320 2753 3300 2771 2729 2992 3060 3279 3198 2828 3209 3046 3265 3022 2863 2765 3171 3198 3262 2727 2764 2775 3140 2831 3164 2957 2960 2763
8235 7887 8402 7826 7936 8012 8094 8349 8005 8185 8295 8379 7969 8015 8039 7818 8338 8113 7878 7800 8225 7980 8370 7907 8045 7813 8236 8074 7839
3989 3907 3550 3974 3730 4031 3816 3884 3944 3529 3616 4066 3864 4015 4041 3616 4025 3927 3868 3720 3990 3657 4007 3860 4116 3573 3712 4031 4017
3346 3529 3088 3015 3473 3351 3113 3145 3158 3497 3265 3041 3453 3344 3100 3529 3145 3105 3376 3491 3281 3455 3209 2928 3190 2944 3208 3292 3128
4284 4380 4413 4226 3979 4409 4063 4268 4115 4169 4050 4192 4185 4330 3900 4008 4088 3905 4025 3866 4190 4035 4115 4344 4305 4338 4255 4230 4064
6086 5812 5726 5717 6115 5563 5537 6087 5744 5887 6013 5880 5904 5690 5608 5824 5803 5643 5588 5773 5602 5704 5778 6080 6124 5727 6099 5598 5754
5917 6006 5982 6216 5930 5897 6137 5654 5731 6248 6046 6047 6272 6130 5702 5890 5744 5668 5858 5701 5866 5762 5740 5736 6125 6246 6070 6174 5847
5661 5399 5402 5403 5713 5714 5282 5749 5610 5655 5591 5356 5620 5264 5614 5746 5241 5246 5683 5673 5301 5788 5523 5316 5738 5355 5217 5744 5359
5194 5246 5374 5152 5090 5019 5098 5403 5525 5113 4948 5191 5308 5321 5144 5172 5013 5217 5220 4941 5075 5141 5464 5364 5213 5107 5435 5090 5414
7569 7848 7613 7537 7570 7572 7847 7692 7831 7450 7769 7758 7929 7635 7488 8023 7815 7455 7534 7449 7510 7631 7961 7410 7650 7645 7902 7642 7807
5548 5390 5678 5358 5776 5362 5653 5688 5239 5381 5339 5363 5690 5437 5244 5570 5844 5704 5649 5235 5305 5352 5410 5730 5444 5774 5781 5512 5793
6550 6456 6258 6416 6055 6288 6646 6156 6539 6399 6329 6215 6540 6148 6210 6307 6554 6126 6309 6098 6301 6046 6049 6072 6204 6565 6468 6468 6144
7425 7179 7306 7540 7161 7133 7167 7525 7390 7138 7552 7284 7113 7286 7166 7408 7676 7450 7426 7699 7207 7642 7555 7183 7155 7497 7453 7145 7123
7360 7336 7080 6854 6814 7078 7158 7341 6980 7263 7133 7253 6750 6849 6806 7301 7242 6959 7213 7021 6969 6963 7012 6833 7169 6953 6786 7277 6794
7018 7240 7609 7094 7598 7577 7231 7403 7180 7018 7281 7297 7577 7523 7316 7431 7475 7192 7554 7550 7004 7485 7481 7447 7095 7136 7537 7563 7198
2921 2733 2935 2686 2971 2802 2916 2936 2853 2969 3035 3035 2744 3009 2668 3049 2472 3033 2826 2791 2655 2974 2942 2925 2722 2632 2883 2507 2889
3102 3144 2818 3198 2863 2901 2875 3119 2944 3173 3274 2846 2980 2870 2928 3072 2843 2957 2871 2715 2803 3109 3079 2923 2774 3011 2906 3176 2998
7979 7889 8454 8141 8098 8019 8251 8183 7950 8454 8059 8187 8396 8368 8476 8416 7917 7901 8070 8332 8338 8323 8401 7920 8089 8029 7937 8465 8203
3502 3852 3519 3391 3468 3799 3629 3400 3883 3863 3769 3681 3995 3959 3983 3886 3853 3416 3576 3810 3874 3922 3395 3463 3421 3923 3592 3727 3812
4121 4003 4195 3808 3978 3824 3790 4045 4137 4302 3908 4274 4219 4259 3879 3975 3877 3810 3984 4084 4324 4256 3904 4160 4396 4022 4112 4109 4092
2067 1710 1876 1663 1858 1737 2111 1982 1534 2032 1848 1649 2040 1563 1515 1674 1638 2022 1770 1762 1980 1801 2065 1759 2028 1518 1880 1784 1896
5730 3231 7124 8486 3114 7332 4609 7514 5016 4869 2054 1289 1907 4944 8708 7347 5200 8532 3657 7484 5241 5383 7297 1475 6471 6046 3008 2769 6718 4799
5602 3090 6883 8138 2867 7055 4817 7605 4845 4736 2333 1795 2054 4775 8560 6883 5145 8463 3305 8029 5458 4902 6862 1630 6681 6024 3153 2853 6461 4758
5630 3500 6861 8157 3235 7140 4847 8040 4762 4942 2414 1707 1702 4715 8652 7081 5127 8370 3729 7553 5146 5235 6755 1852 6673 6059 3110 2671 6601 4330
5303 3509 7020 8393 2942 7471 4916 7740 5145 4670 2461 1353 1758 4672 8644 7134 5309 8195 3665 7850 5416 4809 7022 1491 6948 6370 3410 2838 6608 4664
5568 3009 7063 8628 2904 7029 5014 7598 4671 4953 2448 1473 2034 4792 8100 7133 5023 8396 3248 7728 5502 4831 7137 1719 6849 6346 3038 2999 6469 4377
5730 3424 6952 8657 2737 7510 5019 7513 4695 4630 1896 1895 1588 4814 8358 7441 4795 8244 3632 7706 5621 5094 7277 1821 6793 6153 3556 2655 6522 4860
5389 3499 7409 8437 3143 7199 4920 7974 4666 5012 2165 1579 1982 5054 8598 7356 5163 8676 3514 7713 5712 5404 7039 1763 6792 5880 3272 2910 6398 4427
5530 3134 7457 8429 3142 7424 4831 7721 4813 4968 2074 1332 2100 4649 8518 7239 5081 8310 3563 7722 5593 5190 6902 1556 6935 6038 3098 2691 6614 4579
5428 3109 6991 8120 2968 7371 4704 7794 4811 4989 2336 1345 1932 4912 8165 7084 5317 8273 3479 7779 5703 5103 7298 1763 6658 6019 3303 2703 6519 4343
5700 3460 7086 8584 2773 7168 4656 7460 5221 5061 2015 1388 2109 4836 8502 6881 5077 8551 3464 7974 5370 5369 6993 1718 6932 5969 3007 2874 6801 4328
5286 3293 7042 8170 2982 7385 5127 7966 4876 5029 2427 1548 1916 4559 8180 7160 5051 8686 3592 7831 5365 5178 6935 1716 6577 6463 3119 2679 6259 4634
5316 3390 6994 8317 3256 7323 5091 7739 5199 4894 1996 1805 1647 4969 8234 7315 5131 8272 3706 7844 5579 5227 7097 1472 6395 6394 3545 2619 6495 4276
5402 3334 6852 8636 2734 7263 5032 7707 5262 4698 1946 1738 1881 4572 8149 6880 5018 8563 3285 7616 5430 4989 6708 1745 6767 6082 3233 2639 6681 4535
5384 3534 7157 8349 2751 7199 4985 7990 4729 4827 1997 1702 2095 4717 8435 6906 4875 8602 3725 7658 5736 4991 6770 1519 6655 6392 3094 2969 6715 4761
5272 3379 7260 8143 2760 7135 4804 7441 4677 4855 2320 1651 1561 4566 8229 7332 4894 8323 3319 7883 5357 5149 6793 1671 6845 5870 3431 2593 6635 4700
5249 3010 7303 8287 2863 6907 4698 7702 5243 4669 2131 1493 1613 4500 8204 7207 5140 8405 3645 7632 5757 5064 7100 1857 6829 5964 3193 2779 6769 4495
5817 3467 7342 8380 3128 6985 5071 8000 4846 4974 2088 1857 1964 4876 8203 7425 4997 8373 3264 7649 5553 5370 7219 1666 6374 5900 3024 2825 6730 4659
5696 3306 7032 8148 2789 7400 4617 7753 4753 4751 2328 1358 1535 4540 8439 7414 4913 8564 3456 7505 5384 5183 6962 1325 6638 5900 3406 2597 6732 4435
5747 3112 7295 8492 3061 7307 4919 7592 4661 5111 1922 1526 1813 4966 8238 7087 4817 8240 3334 7703 5158 5161 6699 1788 6881 6200 3158 2746 6801 4552
5391 3089 7332 8624 2674 7352 5145 8001 5164 4624 2019 1861 1540 5006 8462 7104 4848 8447 3223 7905 5157 5285 6900 1846 6368 5884 3144 2677 6825 4290
5238 2920 7182 8381 3191 7044 4796 7465 4960 4960 2293 1788 2063 4605 8206 6826 5233 8379 3545 7700 5143 5310 7135 1844 6604 6415 3486 2806 6434 4544
5266 3042 7417 8363 2920 6902 4989 7526 4707 4600 2122 1855 2086 4611 8618 7326 4817 8415 3668 7459 5468 5432 6689 1670 6670 6050 3262 2472 6541 4311
5327 3354 7450 8456 3242 7110 4696 7697 5146 4936 2039 1818 1941 4521 8156 6983 4961 8592 3210 7648 5588 5359 6777 1770 6421 6315 3480 2426 6347 4834
5506 3164 6857 8637 2776 7066 5018 7502 4799 4698 2000 1611 1710 4745 8380 7286 5079 8747 3420 7907 5754 5196 6977 1876 6716 5891 3180 2716 6517 4286
5682 3424 6909 8604 2791 6961 4803 8041 4789 4832 2131 1652 1668 4502 8174 7121 4836 8391 3216 7957 5709 5377 7296 1628 6541 6005 3266 2845 6704 4395
5815 3149 7201 8610 2853 7054 4781 7519 5169 5196 2068 1755 1553 4589 8432 6881 5060 8287 3384 8015 5454 5022 7304 1349 6702 6364 3353 2852 6777 4592
5404 3010 6905 8562 2887 7006 4811 7762 4797 5142 2040 1301 1925 4864 8166 7239 4938 8523 3511 7892 5286 4999 6758 1823 6570 6205 3194 2396 6725 4749
5580 3278 6953 8680 2720 7384 4793 7596 4744 4678 2455 1649 2045 4723 8248 7317 4872 8206 3520 8021 5284 5064 7060 1595 6565 6329 3504 2840 6257 4513
5407 2933 7171 8279 2852 7459 4613 7854 4762 4748 1885 1668 2124 5044 8352 7159 5184 8324 3281 7441 5375 4815 6981 1843 6461 5884 3107 2426 6378 4721
14 9 0 24 72453 1.0966045086959877
26 25 9 22 41947 1.0883040247509084
0 21 13 23 29261 1.0723680767646997
28 2 11 3 61373 1.0870717372716654
23 11 5 13 39379 0.9816194771919887
16 18 27 8 63180 0.9633390454486365
11 14 22 18 53502 0.9968843592498055
29 23 7 10 61589 0.9061504905247043
7 29 26 19 72598 0.998089696824806
0 2 15 24 98444 1.0960225309074485
10 12 29 22 52445 0.922119810579005
14 4 25 13 56223 0.9469257861254743
19 15 10 24 66735 1.098023339059336
28 10 12 29 72717 1.0947384059236316
7 0 11 21 80410 0.9656754109090239
7 22 26 10 70905 0.951966039621144
19 22 3 11 66931 1.0615841775725872
3 20 28 29 75747 0.9108278083122914
1 22 21 24 47028 0.9535418914373822
17 2 27 6 46977 0.9045368239575329
18 11 16 21 57645 1.0695439512216018
8 2 11 20 66995 0.9088635616221749
12 11 27 8 36481 1.0829055728687347
27 15 28 4 33709 0.9777389620456396
9 21 0 0 83533 1.014307722880544
11 15 10 1 52612 0.945571773681732
0 7 22 12 55189 0.9016967254516215
21 10 3 19 68379 1.0346197453725396
13 2 5 8 50921 1.0828394459647877
7 5 16 15 59019 0.9549237195419196
3 7 24 16 70943 1.026743813783689
13 8 2 24 68920 1.044158477633445
19 8 8 22 71125 0.9983622700521206
0 17 7 5 58689 1.096443448958305
23 1 28 9 38177 0.9545454590308673
25 20 19 27 34878 0.9973925754977847
16 10 2 6 43091 1.004317487289254
28 5 26 22 53014 0.9810705866091791
26 15 6 27 77837 0.9953690740436731
19 17 27 14 48019 0.9248469903510109
5 5 1 18 61681 1.0248801564137369
9 5 23 14 60253 0.9835212798163712
29 10 6 1 74844 0.9304318138528112
7 22 11 5 69300 0.9573995383327197
27 6 11 11 45315 1.0944416856931416
25 2 26 25 68436 0.9039736575388158
10 28 26 9 90666 0.9358430916944351
14 5 5 29 106913 1.066371153675498
25 0 27 8 32298 0.9152756081556643
29 12 6 6 61636 1.0358335806845826
17 16 9 11 37841 0.9886814743925573
22 18 3 6 83177 0.9131024114799615
10 12 3 17 39088 1.0426535504030685
11 29 10 19 45195 0.9096895435187402
13 11 7 19 38763 1.0562060049448412
28 9 6 18 71463 1.052880782108183
25 23 10 2 94821 1.051708182890428
18 8 6 24 79165 1.089319749195458
25 27 3 21 61944 0.9206577550253515
26 21 0 24 57214 0.9470158235303419
26 17 2 26 73867 0.9285306663164838
28 23 13 13 55094 0.9557044379618765
2 0 11 18 74207 0.9072709553475631
15 4 5 7 47132 0.9052022474897882
26 16 3 17 83031 1.031146131882696
25 10 5 7 58761 1.052454962591403
19 19 13 9 61774 0.959917274175191
3 9 12 25 68904 1.0225845975486427
1 1 0 10 36224 1.0390534520713866
23 26 0 23 52012 0.9776712262682454
14 3 29 15 69093 1.054013001388471
17 18 0 0 97701 0.938954081181836
29 27 6 25 54871 0.9871806950738029
10 13 14 26 54943 0.9172597824881304
15 29 9 3 97622 0.9087816184727001
6 19 1 8 54641 1.0224182079505466
20 6 0 26 110703 0.9131229704553012
1 17 26 5 89013 1.0874062790238839
16 28 21 12 75071 1.091676314744908
28 4 26 24 50614 0.9979054340971409
15 26 9 4 80650 0.9937410622684975
8 24 0 7 69685 0.9123165170422688
14 3 2 26 95604 0.9413711321988304
23 8 6 6 65618 0.9017215120079826
5 13 9 3 40148 1.0536652309414225
23 11 17 16 36342 1.0281370170242967
6 18 8 6 49285 0.9041945885220231
9 29 18 7 95095 0.9362267722555142
1 26 24 27 60733 0.9169521977040308
9 6 7 24 58673 0.955298826392747
9 18 16 2 70997 0.9373888006384414
8 18 6 26 34744 1.0485453235875424
18 23 3 29 48633 0.9113344121676239
13 3 2 27 94318 0.9759719908061628
13 7 27 26 76542 0.9813505828370275
18 13 17 27 77367 1.0955919620158012
17 24 27 12 49720 0.9647350361506594
10 15 27 27 74379 1.0316510003847026
0 17 11 20 50611 0.9554083780944369
4 13 12 21 50614 1.0324756190161342
21 22 25 14 40876 0.9963077033178358
7 22 10 6 63557 0.9142888519584049
22 8 2 28 104416 0.9282326938782268
24 19 17 14 43118 1.0933672332246607
27 13 10 9 46048 0.9594595387700273
16 0 12 29 109771 1.026359239410527
9 19 12 28 31996 0.9646681981604195
4 10 9 29 66513 1.0465549929176685
20 17 16 27 62705 1.0493988020528389
20 11 4 8 40975 0.9175678046466279
22 11 29 5 22698 1.0439702881021566
11 7 27 20 71189 0.9730888789891361
14 19 7 8 55467 0.9104493607530941
18 0 18 24 107488 0.9926475106049042
9 18 22 5 77841 0.9544550470993169
15 2 16 28 111968 1.0298873508334805
2 7 26 4 74052 0.9212680913114628
11 0 8 14 52835 0.9961927146415532
8 27 11 8 64887 1.0048034787350892
4 10 19 13 38565 1.0121001257674824
8 1 20 15 74021 0.9867488264971902
16 19 5 3 86169 0.9523786225124821
24 24 27 5 54784 0.9898542456230679
16 13 0 5 57941 1.0426765458503846
15 11 1 8 34851 0.9249045157023343
22 3 28 9 40945 0.965537973901148
13 18 9 6 46100 0.9908916029803836
14 27 24 2 98100 0.9236042881900481
29 23 29 8 26893 0.9430531285845256
26 29 12 6 90679 1.0391825656607978
9 29 18 19 59305 0.9652019542815882
21 13 6 18 57538 1.0161746491071653
25 10 29 27 38311 0.9861957278269563
25 23 29 12 26440 0.9310767915070831
0 22 17 20 47913 0.9113495356468473
12 25 6 18 36306 0.9549859592771582
19 24 25 19 28070 1.0475673209527756
4 11 23 13 43075 0.9132221514413142
14 18 23 5 74562 0.9595905585682737
19 12 10 26 63134 1.0071055462202996
6 8 4 20 58419 0.9598146764565744
3 9 15 21 74548 1.0025599560178577
7 16 10 9 34097 0.9266612808514896
7 15 26 12 47221 0.9260847979662977
11 25 18 29 38648 0.967301598018169
20 9 5 24 78884 1.0256752236295972
23 20 0 25 62426 0.9493907705885404
7 15 28 7 66424 0.9739874888630148
7 8 0 18 49070 0.9649374473815592
28 9 9 29 81050 1.0349635831001014
24 25 20 4 72456 0.9472468498496841
27 4 8 2 62584 1.0319062786114612
17 4 12 13 43732 1.0765129259648056
9 14 3 26 50592 0.9416949070377443
1 28 15 17 70450 1.0791290693519064
19 12 18 26 68492 1.029659134673752
9 27 21 4 101193 1.0725253933628531
15 9 6 5 48624 1.0745175416623018
27 29 8 27 58752 0.9811594609709412
23 12 0 26 84824 1.0393710053626009
3 22 17 20 45949 1.0428022640147123
8 8 1 2 45188 0.9458136394050665
24 19 1 6 79343 1.032847836272777
15 25 11 11 58130 1.0321089058062196
3 10 18 3 64117 1.0107883611200663
13 9 21 1 59670 1.0091809451363942
26 14 1 21 84806 0.9744036769923745
1 15 27 25 80684 0.9859986199472975
8 0 21 19 99866 0.942460627622097
15 15 28 22 68430 0.9137451556457228
23 19 25 8 41613 0.9926429826164287
15 0 3 8 73501 1.0500688121808381
27 15 8 1 78251 1.0603803917831924
12 16 16 25 40908 1.0689763023358732
8 5 22 26 96144 0.9449395605562967
15 18 12 4 56048 0.9289860789333999
14 8 18 0 58700 0.9595623285956744
11 14 24 5 50336 1.012058730147404
26 3 10 19 91307 1.0533504282727746
15 9 1 25 80097 0.9064136763014413
6 19 4 27 41437 0.9413288828285047
28 21 25 5 47087 1.0135959118432298
2 21 16 22 35205 0.9869779348292594
24 4 22 19 54335 1.0316911428868123
21 5 13 15 70568 0.9297986829202948
0 8 23 23 85229 0.9219477248734169
1 3 22 7 88827 0.9971108741716899
2 12 21 5 73916 1.0924955302867976
19 0 15 24 105529 1.0101052440748142
21 13 18 29 82412 1.004090542018175
5 25 9 11 55032 1.0104330576284863
27 23 19 13 47613 1.0491716295741704
21 23 23 4 62772 0.9462273294627445
22 6 13 28 98337 0.9172590323893394
0 28 17 0 128276 0.9627175484405416
26 5 10 19 84504 0.9518350840843028
0 23 24 1 103587 1.0255966546074187
9 10 25 23 63653 1.025134626537324
21 26 29 17 37839 0.925804613777035
6 9 25 10 43173 1.0763957735841412
16 11 23 15 32416 1.0803345676099645
8 13 9 3 32379 0.916596441030733
8 25 6 13 52664 1.0891915681174502
5 20 12 5 70797 1.0099433912910891
20 3 19 17 79187 0.9196562522142666
14 19 0 11 53824 0.9969948447958809
25 12 6 8 47506 0.9725616707245373
2 16 25 26 69403 1.0276112259971124
23 27 7 5 100664 0.9069312317504058
22 20 4 28 73755 1.0887439781370891
7 27 4 2 100145 0.9206405826418752
29 29 13 27 46645 0.9169318348723
18 7 11 1 49831 1.023226986944013
13 3 26 7 55330 1.0921789710980756
17 25 25 4 76827 1.0361803209344569
6 9 0 2 46708 0.9938367369686322
26 3 25 16 46839 1.063827473616698
15 17 14 5 67341 1.0276219114526557
24 23 4 20 50182 1.0725150101381256
26 21 11 15 65224 1.071329311946223
23 18 16 24 36709 1.0984279191051403
28 1 25 10 27884 1.0054374538591346
17 18 8 16 38807 1.0478244536816121
15 10 0 26 76461 0.981303549795167
27 29 20 16 65812 1.024489499287227
29 27 15 12 52595 0.9249235632019878
17 0 19 27 114474 0.919929110718976
19 10 25 25 55031 0.90041526172677
29 14 1 28 82683 1.0667902494392876
11 27 13 18 34986 0.9616958962976908
16 7 9 28 84533 0.9720149843455086
18 0 10 23 102759 1.0371342655952092
20 7 17 22 82364 0.9424754850550389
12 15 22 8 50279 0.98567269585571
26 2 10 15 80044 1.0100136563747928
12 19 5 10 41328 1.0624457451818654
27 13 15 22 57177 0.9654694825386527
14 15 13 26 51074 1.021021424992055
5 13 27 0 77079 0.9151109276303989
25 4 9 4 46691 0.9655540289509685
0 20 9 0 79761 0.9017155738672574
2 7 9 18 44740 0.9142074041015752
10 0 3 8 56547 0.9639605036882339
0 13 10 8 35655 1.0624635975815462
8 23 28 9 64998 1.0381032516981383
0 21 7 15 48316 1.0667432556566554
10 0 2 2 34913 0.9369434162134709
28 24 10 27 48700 0.9733030209538093
23 5 18 10 33937 1.035303568061639
10 17 19 21 53542 1.0903494306456067
8 10 25 2 58980 1.052122353856167
10 29 28 11 79011 1.0898633032604756
20 14 22 23 55297 0.9595798551370212
8 28 12 16 46192 1.0779488359638136
0 14 20 0 95453 1.0020830382498946
11 29 10 9 72847 0.9124906584504472
1 26 16 13 75388 0.930508441962016
20 14 26 9 36645 1.0819295587586193
25 29 23 21 30528 1.061584384069836
22 28 24 18 37769 0.9888993711990945
22 15 3 26 86539 1.0353126062658635
14 28 29 24 51020 1.0363823547166084
4 13 9 28 63028 0.9220306727209082
18 6 28 26 78304 0.9993033766122397
14 6 5 9 44180 0.953852785082497
24 26 11 29 45795 1.0593180553904313
27 12 7 14 45264 1.0397602831430146
25 10 4 25 83211 0.9411860119699835
23 26 11 11 67720 0.9985487373911262
26 28 29 21 26769 1.0814238467807156
28 16 11 20 60163 1.0028750567987388
26 2 23 10 35223 1.0835957380479606
28 26 16 10 56769 1.0952627410949936
13 28 4 16 67135 0.9417859180931302
28 17 1 9 72236 1.0000844705899503
8 13 15 26 58450 0.940618331775392
25 13 12 8 37656 0.9240494962404664
2 22 1 13 32637 1.0836055549731654
0 8 4 17 46112 0.9336957100204448
26 23 18 1 79566 1.0594249046229283
25 6 14 29 99603 0.9667628860380078
25 5 8 24 85115 0.9480818443577443
17 5 10 9 45489 1.048038398083028
25 29 26 18 35749 0.9173149781371113
22 24 6 7 87369 0.9266341742932047
28 15 18 17 53148 1.0412094122206763
27 4 12 8 56502 0.9756707175041914
1 2 20 2 74994 0.9976243948519324
17 15 15 26 62511 1.05410384398821
4 5 13 10 45423 0.940648016855206
1 4 22 11 57472 0.9042192020185311
8 27 9 10 53690 1.099826111654838
6 29 10 12 64454 0.9570722908408152
2 14 29 17 63059 0.9859665931853966
13 3 1 10 50997 0.9392139362639673
0 4 28 0 96288 1.0996289254263336
1 2 29 4 92381 1.0403171686143873
28 26 8 17 63914 1.0055171396399893
19 27 21 13 66555 0.9124351283081605
11 19 2 26 39743 1.0344069648459615
16 24 1 14 65272 1.0274045715354498
23 8 16 24 66955 1.0452226218452612
21 10 12 16 37443 0.9743891830966216
28 15 18 3 66532 1.0680875246742467
29 13 4 21 70872 0.9826462582526194
18 2 13 10 53477 0.9043436042154844
8 23 15 14 56110 0.9157714683185897
21 7 3 13 68154 0.9098639966661751
22 25 16 17 56826 0.9767789442650928
28 20 0 0 107037 1.0038920946244045
1 24 7 11 52873 0.9551128749592389
8 29 4 10 70752 0.9895647747351732
25 12 20 27 54413 0.9847629633076619
5 27 12 12 61581 1.0608406021291363
26 3 4 25 103679 1.0545746725764165
16 5 25 18 69011 1.0216827962834651
3 8 24 6 64644 1.0655379192747634
20 23 21 11 46642 0.9762416743417621
23 12 10 2 61870 1.035242632724649
16 21 12 3 79075 0.9948563164150148
24 22 11 16 51712 1.0264451979876774
28 6 2 20 85504 1.0060629051874372
26 4 1 16 81868 1.0176799953393703
22 27 29 20 30388 1.0698123770744168
6 5 24 9 62701 1.0783885463359044
21 17 6 6 86861 0.9418384792341213
5 0 1 9 46577 1.0411110693606542
0 4 17 0 67613 0.9833625165175994
0 8 16 19 72670 1.0360846882224855
14 16 22 0 86477 1.0637929317724726
3 9 29 17 64916 1.0622960988634023
10 21 12 12 38360 0.9407022189073501
11 27 21 9 82532 1.050104598189814
28 26 28 10 33624 0.9815466333634222
24 11 27 1 32587 1.0147558842516011
8 24 24 24 34077 0.9180983575431391
7 14 17 13 32738 1.0325049050433377
3 7 28 8 74639 1.0559088540466748
23 5 9 10 52404 0.9667767882769623
8 7 29 19 62045 0.9379241197398781
15 29 11 0 112034 1.0257659223889481
27 6 5 29 108460 0.9272261045217624
22 13 1 24 82994 1.0342590688055346
22 21 26 2 74682 1.0459933158495878
18 3 2 22 96905 1.080524521627128
18 25 19 14 66161 0.9467362394175447
11 27 3 29 34207 0.912692750408055
14 2 10 9 43091 0.9983575104662143
2 21 13 0 86663 1.0704763039091536
27 27 5 14 88833 0.9411377041661718
1 0 1 25 89624 1.053023921876639
13 14 22 18 47080 0.9489016070229045
15 17 15 29 65301 1.0605935554200676
19 20 13 16 39620 1.0347100889432144
7 20 12 26 29886 0.94537997660401
9 8 12 22 50366 1.0290780257119954
28 27 22 22 28507 0.9625502725749698
14 4 23 3 33722 1.0058748190933993
11 27 25 9 77590 0.9370697435690407
20 28 7 14 83001 1.095925293507093
27 18 25 8 34666 0.9155861808694337
7 25 21 4 100586 0.943645605992345
26 13 25 0 43826 1.0355855167101726
2 27 16 24 40905 0.9811481422427575
8 19 22 28 65505 1.0862928831634926
12 26 21 21 39520 0.9165869179740967
11 23 27 5 73908 1.0868983724416534
20 28 29 0 78185 0.9752908551954038
25 11 9 25 67131 0.9391810945115533
21 18 2 11 65991 0.9708748738566221
16 28 14 12 69458 0.9233725633049304
15 3 2 21 83874 1.0104092012871777
6 28 16 25 42780 1.000115535531223
4 12 3 1 41776 1.0971182837015578
13 2 9 11 39116 0.9841339512324403
13 5 18 13 45963 1.0476431615487944
8 2 15 17 72609 1.047428510211361
17 18 2 0 90506 0.9077204387985748
24 28 27 8 57320 1.0079663884438304
23 23 11 22 24180 1.0895917497246992
1 29 9 15 57897 1.0204888061684376
8 23 21 0 107265 0.950854254721107
5 29 11 8 84439 1.085872070659599
4 12 8 26 54932 0.9954389932797713
18 17 6 25 63832 0.9722910324899745
13 1 17 12 48123 0.9791958247980674
4 12 24 27 79139 0.9063028658481567
19 1 28 23 73036 1.0486187624586092
26 16 13 12 38499 0.9880076192699303
16 3 19 13 58664 0.9219132411760314
13 17 19 13 36782 1.037835369576816
11 12 1 15 33548 1.0318288245237
21 26 28 0 73323 1.044165238759472
10 15 21 6 72334 0.9867303060914919
29 12 17 8 37077 0.9000452309046859
26 19 7 16 76651 0.9363911575876566
29 4 11 3 56222 1.0757357512163188
14 3 20 19 90481 0.9634814681303243
0 2 17 4 58083 1.079276873769311
28 14 2 11 54182 0.9269923966365331
4 22 11 9 60182 0.9926522418894699
23 24 11 3 94011 1.0746112137844663
13 18 2 22 40057 1.0165000665713133
22 28 12 20 54103 1.0676791365410174
11 0 14 29 107506 1.0130317730236715
0 28 10 2 102979 1.0654760380392805
9 9 24 7 42818 1.071412274228655
22 21 12 11 59095 1.0615910292533086
22 15 2 13 60586 0.9293556304679629
8 26 8 5 70513 1.0846202780487264
26 23 14 1 92728 0.9288259702069571
4 14 3 2 52278 0.9683099774847018
3 19 23 17 82316 1.0463298819906377
22 20 18 14 55270 0.9239830120113869
24 26 6 29 60695 0.9152924648825956
7 1 14 18 70941 1.0029285449062095
22 6 17 11 36240 1.054684778875615
24 3 2 21 89837 1.0788249418660598
27 26 19 21 35375 1.029125283158371
29 18 10 12 45132 0.976320302425152
0 8 24 17 67531 1.0764129145666892
3 4 5 15 52253 0.922947146759612
10 1 23 27 106765 1.0004806625767246
13 5 27 0 57573 0.9966279394101982
8 17 23 0 84901 1.0885648580201863
23 9 0 21 86398 0.9047063103955522
1 2 0 27 90211 0.9847844307061849
23 8 5 13 54646 0.9780612690735693
24 4 8 7 57331 0.9881929378294789
11 15 0 1 67951 0.9168144383220519
4 13 1 2 47392 1.023415704377762
5 16 24 18 73448 0.9788171128631783
10 16 7 1 56955 0.9452980841201982
0 25 13 27 42433 1.0710478040732885
15 21 23 25 38682 1.0154878260451896
17 17 15 6 64086 1.0739878765486925
0 11 22 25 85674 0.95675139172122
2 15 20 19 78183 0.9939917235249649
9 5 20 26 90722 1.0264697050033766
8 10 16 2 50424 0.9896142154236323
28 22 25 0 60218 1.0261559439270609
10 14 5 20 45509 1.0972123421810356
27 27 4 24 57677 1.0538898200461086
13 21 17 29 46474 0.9255838220418042
27 28 27 10 43845 0.9047453585671182
11 13 28 5 54779 1.0730441606371406
14 27 12 12 54366 1.0955900798042342
8 29 11 19 40862 1.069785442388331
28 2 27 26 57207 0.9442383216248994
18 12 18 25 68170 1.0170435120883565
26 9 8 23 72156 1.0786581017594807
7 19 24 24 48482 0.9903952946152452
25 0 29 18 45924 0.9792629151251487
2 25 27 20 59306 1.0792947184143944
6 23 13 28 29127 0.9987290817850834
19 26 4 3 110651 1.081417195970161
2 4 28 3 80030 0.9064634288172865
18 7 3 13 61597 0.9436478059063094
25 28 8 20 54586 0.9863919249804819
22 20 21 5 73514 0.9192950452840133
29 24 2 10 70223 1.084730279315779
2 12 26 6 60293 0.902611911993143
11 20 10 5 61239 0.9485008983847323
13 21 28 11 58367 1.0329260894244936
15 27 11 13 58475 0.9461830770216818
5 11 14 20 50521 1.0029604837296386
28 7 18 17 69021 0.9947512372133824
15 11 22 26 64304 0.9277201009056201
5 29 0 1 106370 1.0439116092339003
26 29 1 2 125584 1.0754873046353821
14 18 11 10 34988 1.016588161231094
12 20 0 14 57132 0.9427752764372377
0 20 9 21 32095 1.069790466575308
21 16 11 0 87494 1.0364293315855142
15 29 1 8 98484 0.9956207675912079
29 29 0 17 83055 1.013677576692877
15 1 21 10 58660 0.9665008013263455
29 5 25 18 37041 1.021602896258393
9 10 27 4 54526 0.9273616336886716
17 14 13 8 34388 0.9330802051870393
21 6 14 13 56177 1.0468468651842806
28 7 20 4 34972 1.0442138248157409
2 25 23 28 63501 0.9119604636366291
20 26 16 9 80393 1.0216633744177908
6 18 21 29 80754 0.9267045440700037
15 17 21 28 76158 1.012669055042529
27 13 22 8 30773 1.080185326591231
2 2 8 21 74120 0.9568251689091125
14 6 4 11 38560 0.9691583040553353
0 7 17 24 84051 0.92490861310754
5 16 9 0 64517 1.0310429389418247
8 9 17 26 73635 0.9354190485440939
28 25 12 26 44590 0.9620121083057129
12 19 25 17 50643 0.9699401946503715
6 12 5 24 51866 0.9350449774898121
15 2 9 26 93388 1.0506863397729393
29 27 25 15 37244 1.0854692385154658
1 18 27 3 90445 1.0568856567975624
23 11 3 23 69568 0.9490620879464634
0 25 18 4 103110 1.0929472475256838
26 10 4 17 70485 0.9572508085636074
15 29 9 10 76293 1.093502437911428
7 19 14 23 28244 0.9800048274062896
21 8 1 20 84063 0.9633199226156843
13 1 20 26 107160 1.0365928203291737
25 20 13 6 66919 0.9898082071637152
6 7 21 2 72966 0.9307890908358558
24 4 23 17 46206 0.9704816004726612
6 7 27 29 97125 0.9008823016660439
24 29 14 12 65547 1.0875247229225227
9 7 5 13 28356 1.0796288747000042
4 14 8 23 52796 1.0013386664523451
11 14 28 10 43090 0.9879397662138055
3 17 27 23 68031 1.083650991949434
7 18 1 4 61450 0.953645965997175
6 6 13 15 49041 0.9610262467813152
11 11 21 11 16779 1.0937989965511759
19 11 28 16 30583 0.968238580912096
28 2 4 9 74636 0.9842829126660559
14 2 15 20 84535 0.9373070155604667
15 29 5 13 83739 1.0791669078088542
25 7 1 11 51640 0.919201681603338
19 1 20 29 112797 1.0076226429449897
1 1 23 27 118873 0.9110001394704976
23 10 6 13 43052 1.0812938918508712
19 10 13 3 41429 1.0793517022946386
7 5 17 12 44485 1.0190816534700011
25 9 13 14 39326 0.9490205223611897
25 2 8 13 62038 0.9460468435243928
11 2 29 8 67460 0.9297758879367259
18 20 18 8 72250 0.926712170373271
10 24 3 11 54669 1.026652127177993
27 4 29 14 23926 1.099801051051996
2 27 12 22 32006 0.9741974409620285
7 21 0 11 51663 0.9151071462345414
10 6 6 16 46725 0.9946013752421221
1 16 9 4 52072 1.077609400446019
23 11 11 26 68993 1.015565796924451
15 4 20 26 102439 1.0904479739211321
29 7 14 5 55328 0.9367716696185502
14 15 0 11 42728 1.0650637043701043
16 18 0 24 54585 1.0831848902086936
1 0 28 21 106864 0.9354883820244059
28 14 18 1 65077 0.990996510647446
26 8 9 23 73931 0.9905299650960179
1 24 25 12 78140 0.9942331076466002
9 24 26 20 44696 0.9666419221016292
3 25 15 15 71631 1.0269284576255389
19 2 9 27 107024 1.06519529420933
2 23 10 13 46613 1.0244565649527868
14 26 25 3 92242 0.9748766491012175
29 2 28 21 39069 1.0675847568823398
26 28 24 0 81448 1.0297470887672953
22 7 5 24 98484 0.9456841197634036
1 29 21 14 103366 1.0474700112590691
1 7 26 1 91113 1.0045696458252573
4 14 29 11 55558 0.9783593401366877
26 5 1 11 64470 1.0179366923279964
27 7 13 11 38143 1.017175974496723
8 1 27 10 66815 0.9931206859470612
18 13 29 0 50387 1.0843715600880734
6 21 12 5 69639 1.027629628915029
5 19 13 24 41626 0.9937924457336013
8 15 27 21 66452 0.9629164737358145
2 19 25 10 65099 1.0324722290566104
24 12 1 4 63936 1.0406518123592492
12 22 7 3 71973 1.01314792391049
29 8 10 2 72434 0.9247431175179727
15 9 6 29 86071 0.9496352646303259
26 22 18 20 41609 0.971960825961297
22 13 12 23 58262 1.0606544043775739
25 7 3 6 70699 0.981360755289343
24 22 7 4 83222 0.9190456516708655
26 5 19 28 88636 0.9996287102104189
12 25 16 15 53137 1.0115106208618996
12 13 28 14 40924 1.0876132844728383
6 14 4 3 53225 0.9285116101241738
3 15 28 17 80627 1.042848973294606
29 26 22 21 30014 1.0353545170397502
9 12 16 24 49872 1.088299588765113
29 1 16 21 73164 0.9107411072021584
15 0 24 8 54360 1.0409041024443542
26 21 5 19 68952 0.9061659832339586
13 17 14 8 41766 0.9477510132684681
18 0 27 24 88775 0.9897302468466972
27 20 14 16 63027 1.0147083338882292
24 8 1 10 50150 0.9113691219604593
27 15 25 26 41335 1.069502199877771
27 26 23 18 33215 1.0992770249612025
8 8 15 29 85300 0.909927040970179
9 18 27 23 45009 0.9326265230891044
17 18 7 1 81169 0.9408911758828276
29 20 5 27 62618 1.0819069765968468
24 15 21 0 57277 1.085091974896009
5 23 26 11 66721 1.058944003623377
21 4 12 21 81818 1.0808627031780096
17 25 12 10 61829 1.069039877906108
29 16 24 7 28259 1.0734393888840936
12 13 29 1 53128 0.9154581898818503
13 26 10 13 51849 0.9570643806818555
4 8 1 0 41145 0.9231153204127388
0 2 16 29 122126 0.9766349484366058
0 19 10 19 46928 1.0433205686478886
22 19 28 3 61467 1.0387641742239255
25 1 8 7 69109 0.9790087123399919
11 21 1 21 33984 1.0333928866761872
7 10 13 4 33319 0.9153441282637681
27 3 13 24 74958 0.9420301074974915
7 28 22 1 116674 1.033229690623828
29 27 15 8 69652 1.0593301283846916
14 12 13 25 50858 1.0634455976623785
15 14 11 22 51570 1.0809329290801994
4 28 29 28 73664 1.0987942874554644
9 7 16 19 59480 0.9095412377108275
14 8 28 23 65809 1.09336928041335
5 14 13 7 44775 0.9880805298369235
11 17 10 6 46576 0.9938122377029672
6 2 17 18 84481 0.9844802477279284
27 23 7 23 33602 1.0189547743300362
3 21 3 3 68104 1.0466224762372418
2 19 17 10 53304 0.9123510905384294
26 27 9 10 72178 0.9085539538139762
9 22 24 12 57557 0.9181854626014114
26 15 14 17 58696 0.9706583811914603
0 15 24 2 80092 0.9665825790796212
18 11 5 3 53594 1.0172320243413797
20 4 12 18 68479 1.044568203477227
12 17 23 5 64447 0.9273577296070649
14 24 8 7 65467 1.0040378927161981
4 21 14 7 80766 1.01054759013621
3 21 17 28 59290 0.903876496831107
0 23 19 25 42721 0.9985391636247265
19 0 16 18 97083 1.0402305468276407
23 21 6 3 93424 0.9532080066356622
8 21 11 8 49656 0.9533474480603003
10 9 26 22 75027 0.9408419475510075
19 3 10 19 85700 0.9432954186049236
7 28 22 2 121730 0.970565913048252
23 1 3 22 108354 0.961644732393911
26 15 21 29 61947 0.9206194610095055
10 4 22 16 73174 0.9011279399521717
6 15 21 25 73159 1.0783257150307481
28 1 3 16 85505 0.9123987408473592
14 15 0 25 66303 1.036566624617864
25 3 2 9 67972 1.0823045317468043
12 29 13 17 42692 0.9739133334935597
12 2 11 11 30910 0.9892244710381652
3 27 22 24 55232 0.9489518654601392
18 1 1 7 76985 1.0013249761566336
23 9 20 0 46560 0.9115347747045882
25 5 3 29 113390 1.057583398689494
15 16 22 0 85884 1.0533514294415447
9 27 11 11 51095 1.0229478215910233
14 3 17 29 110312 1.0419763737149235
22 24 5 28 57871 0.9908370658461867
22 6 11 27 94087 1.079880943663421
25 13 6 8 50486 1.0399868702904405
29 26 10 25 50031 0.9966458257483329
18 0 21 23 94600 0.9507414002871585
23 5 7 21 90306 1.0232979909036874
24 25 10 23 29412 1.0867635991715199
25 2 7 12 60501 0.9590519419846707
26 19 3 23 56945 0.9360445726980047
22 15 9 3 70495 1.006986538654526
16 11 6 11 15581 0.9675630476867001
10 16 20 15 55134 1.0295275970081708
8 16 19 1 79404 0.9501816479908656
15 25 29 21 39607 0.9751745762480217
9 7 7 28 70071 1.0478034604466573
14 15 5 20 57915 1.0465099012244508
25 5 6 23 84528 0.971655042932029
20 20 1 18 67627 0.9345262059478195
4 25 2 6 66510 0.9547662840071637
26 15 7 8 60567 1.0869028172953559
16 0 2 2 55494 1.0975736486749417
13 8 18 17 57432 1.0269905978861444
12 4 12 29 81221 0.9329589728085687
3 7 19 7 69152 0.9873045878174139
9 2 3 7 42886 1.0029226919818115
23 23 9 10 62502 1.0766083882804691
25 7 2 25 91502 1.0509668623047248
2 10 27 14 54890 0.9626733855116507
9 27 17 10 66289 0.9187020160670103
5 24 16 25 35746 1.0061818962775557
1 21 25 21 56185 1.0915203164010778
11 23 26 3 81468 1.0279905429033682
6 26 17 21 42246 0.9665576881318377
19 1 13 17 81209 0.97140228945397
6 1 13 8 46470 1.0057180968388884
10 23 24 17 40986 1.0866124149965861
2 1 16 24 95789 0.9442157841034733
14 23 27 21 29430 1.0164855747233
8 25 24 25 40270 1.0818808967949038
14 21 5 15 61006 1.0203238091795126
5 8 24 6 62412 1.064063445286579
19 0 4 18 104842 1.0370709220177985
26 27 7 7 88969 0.9304466653961898
19 4 28 27 73098 1.0361179101040845
15 26 2 22 38780 0.9827649870884878
0 19 11 29 56023 1.0154538748937143
24 23 0 6 92368 1.0256158339169936
25 4 2 0 80537 1.0466593891992646
3 29 21 22 61666 0.9599405212903204
20 4 9 26 95705 0.9407955877197728
28 22 17 23 22418 1.0761890383222301
9 26 4 11 52826 0.901723117604493
6 5 2 22 67786 1.0894262144550606
2 10 27 27 80915 0.9694282901435965
25 6 27 25 53559 1.0660694385396525
19 4 0 12 65266 0.9836540206220907
8 1 10 9 32374 0.9052174752494504
4 17 18 8 72013 0.9756444417636267
10 25 14 6 78943 0.936181332609198
15 17 19 5 74052 0.9671866402287794
23 12 27 18 27923 0.9349705104258369
10 19 1 27 46246 0.9317743156674341
7 24 27 4 81123 0.9131830940086644
14 4 18 12 42177 1.0622673645585345
24 22 28 8 42835 0.9026933095531968
19 24 11 28 36221 1.0246435774755536
1 28 9 12 65593 1.0080505013318253
7 0 18 10 56855 0.9433398873344827
6 16 29 11 59736 1.0357896504334838
10 17 20 15 61649 1.0816899579937482
9 1 14 12 41988 1.0948854688302225
23 29 22 8 73844 0.9928912686556989
1 4 24 15 72357 1.064236905935865
28 13 4 26 80800 0.9207395981627992
4 8 10 18 47853 1.0154586134551231
28 29 27 10 43253 0.9274499942680836
6 3 23 29 114988 0.942338547768571
24 8 22 18 35497 1.0116532632491162
28 14 4 29 94382 1.0276174148855661
28 0 9 26 89740 0.954835276125607
12 25 11 15 37927 1.0888065521128298
9 15 2 3 48670 0.9353230229304976
9 8 23 16 53888 0.9050837920859599
22 22 0 5 102305 1.0931086440347515
15 12 2 15 33849 1.0595001769236432
16 1 9 28 101751 0.9118175155836568
27 16 1 12 63593 1.04535869520667
2 9 11 0 56951 0.9565051683112464
24 5 5 22 90073 0.9951919332664892
25 3 20 21 75405 0.9868294300073049
19 9 6 15 49056 1.0289718217595203
29 20 29 8 21047 0.9437759170545813
5 28 23 23 52808 1.0504394876295375
11 22 9 3 67665 0.9016446589877561
29 5 20 15 48829 1.053904381729517
21 23 8 29 42221 1.0982294558577397
16 11 14 25 61581 1.0528851337832683
7 15 15 27 59027 0.9109225542510976
8 4 16 22 77113 0.9773079552440722
25 16 25 4 35845 0.970064251702142
24 6 2 26 95325 0.9316385373995009
28 26 6 6 89878 0.9439880428069987
14 5 25 11 51385 1.033129214010511
2 23 29 11 67165 0.9774045058897924
17 25 22 12 57510 0.9499466294525665
29 15 22 28 46531 1.0629121607232954
4 10 27 9 49970 0.9159791159396403
10 23 16 17 39220 1.0126765774330584
20 19 7 0 101453 0.9029164748226935
13 7 27 8 49796 0.9675874007616283
5 8 24 26 90180 0.9351959022259986
26 27 18 18 50682 0.9213780185173138
10 13 28 8 51570 1.0718379808089145
11 26 13 3 82098 0.9809251754161459
21 14 2 12 49232 1.0507730180965877
8 26 3 5 84457 0.9119909181247715
18 14 28 3 57366 1.0235440463717105
24 2 25 18 48251 0.969941869663957
23 28 23 11 55995 0.9883855354018721
9 0 29 16 74475 1.053375852095469
19 14 16 25 65146 0.981161687884199
17 16 11 11 34905 1.0409842109457053
28 9 5 10 50060 1.098941656008809
21 5 28 28 78503 1.0038194519205514
7 16 18 28 71039 1.0247135870409265
8 3 17 23 76749 0.9785210598435277
21 20 21 9 58771 1.0758456161568297
10 5 3 18 61034 1.006561571600382
27 16 1 14 75525 1.0718143440735952
11 28 13 8 71944 1.0383068859685347
3 18 18 22 53982 1.0255795408536468
4 0 21 2 67774 1.0324685465272636
18 17 21 10 49587 0.9257424855055743
9 0 18 4 38189 0.9097857545840614
13 27 8 11 57227 0.9310836318718582
22 20 15 27 55119 0.9375967607924084
5 14 3 0 61203 1.0563369210939664
6 18 29 9 68801 1.0181249079622465
17 21 0 15 69873 1.014289209893378
1 20 20 6 92329 1.0232063004936265
25 2 1 18 89172 1.0694143546077997
4 16 18 22 65740 1.0651578981895458
13 11 27 20 52833 1.0359514948182682
11 1 25 14 66630 0.9149606409422532
23 18 14 26 52521 1.0624248628581097
23 16 9 20 58521 0.962444886529362
13 3 3 25 93756 0.9855387913879298
20 15 14 29 88696 1.0033501058618404
24 27 27 8 54813 1.0036334025768936
14 1 4 13 61869 1.0005149283169241
1 14 18 22 70908 1.0711353416500566
13 6 16 24 72847 0.9571934419259722
7 1 10 16 56955 1.0091829126019076
22 29 2 3 121003 0.9099554681584541
20 5 3 12 68701 1.0971107352707807
28 10 21 19 47826 0.9299806672761404
9 19 2 24 26488 1.0585438293544513
29 29 15 4 86193 1.0143883669803813
25 13 2 16 57812 0.9684254884056035
5 26 29 17 66954 1.0485372359748935
13 23 20 10 59957 0.9851824178569168
21 3 13 20 90386 1.0689316839736343
19 24 20 12 53699 1.0457626592651972
17 11 12 24 50898 1.021834107814085
19 10 19 0 55073 0.9074824666770255
7 7 24 22 75874 1.088344817212874
13 15 16 3 56850 0.9891866673869586
25 15 7 28 72199 1.0507959207450104
29 26 2 29 68640 0.9217913585956413
0 16 4 1 61112 1.0635585289123908
10 25 3 19 43973 0.9279140549637908
15 22 28 9 59134 1.073021334668986
25 16 22 6 40771 1.0216755340363182
20 13 14 5 54066 0.9316459601110275
12 19 9 3 54991 1.0526128352727575
19 5 10 28 106648 0.9481133708381221
22 11 29 5 22698 0.9733962235058078
4 16 17 4 75052 1.0681169726644004
20 6 5 27 107629 0.9224519326125024
16 20 1 26 52398 0.9438136280496873
8 18 12 8 39481 1.0642003924355217
29 6 22 16 41904 0.978887651449254
0 8 1 21 50759 1.08573472994891
12 7 3 6 47391 1.0981037957986353
19 8 3 16 63222 0.9761696658890406
26 11 8 2 59416 1.0012011042571298
11 22 4 2 90100 1.067851359918412
17 1 17 13 62467 0.9505129128915958
0 6 5 28 86076 1.0178058812964028
25 24 18 29 40490 1.0133048188900078
22 3 26 13 45421 1.0127372896945133
23 11 5 17 61107 1.0364906605594202
5 17 24 0 94475 1.0302247955708315
10 10 6 17 35867 1.0486546736441644
1 5 9 11 36887 1.0864401757060382
17 4 4 21 93693 0.9631936775864395
16 29 23 18 61138 1.0580027162667387
24 1 27 20 60433 0.9586831567961478
19 12 28 17 34508 0.9449187336936814
11 17 23 1 76507 1.0199346369701223
23 9 6 14 53638 1.0572901568530135
5 17 0 8 51928 0.9401964166921136
14 8 10 28 80885 0.9182532646223923
12 6 23 14 53604 1.000399848316031
11 16 13 0 60476 1.0255169466610874
27 16 4 27 81902 1.0082203162687366
8 17 10 8 37165 0.9434159994223341
3 9 6 27 71326 0.9719292022271392
15 15 4 15 54811 0.9574258601002352
25 3 24 24 60254 1.0233680068972277
22 4 26 15 46657 1.0418721674277633
12 26 21 16 64189 1.0286285391152896
24 29 23 16 41330 0.9903001227136613
18 13 19 4 53543 0.994309889689071
7 24 19 29 54878 1.0418908826477906
24 10 9 3 52191 1.0699771131563955
1 2 13 1 45641 1.0776847567488874
18 16 29 13 47453 0.9743081803298801
26 17 9 15 61455 0.9203913314825061
22 1 22 18 61994 1.0071738119625766
15 9 26 25 73263 1.0838293741497613
21 19 25 27 45154 1.006694747946613
18 22 12 16 40806 1.0085062386171606
1 10 19 24 74568 0.9894246891862788
16 12 19 24 60551 1.0749728413826314
12 4 12 25 68649 0.9823859499942225
28 10 19 14 33594 0.9826718410272429
13 14 23 3 61579 1.055158799305324
24 21 11 24 31825 1.058747281607102
6 26 17 10 72474 1.0724291958636583
3 16 12 10 39203 1.0683508841342622
23 1 0 6 89572 1.024694077286649
11 28 10 17 47979 0.9043659514875261
13 19 5 15 48188 0.9571154810573806
15 19 13 4 64640 1.08988596770587
12 8 27 11 34886 1.0620497342632094
12 22 16 12 40429 1.0400442065020798
9 5 1 8 41548 0.9383528995859212
21 4 10 28 109374 1.0170350750026187
18 17 6 26 68144 0.9107303066730325
25 18 16 22 35513 1.0717624581566991
10 4 23 11 47018 1.0409554785131125
13 11 6 23 47628 0.9849987739494914
1 12 26 1 75639 1.0626871200242642
13 6 4 20 74781 1.0819913370582883
27 18 25 27 33086 0.9974021814385208
27 13 16 28 73966 1.0730675789986341
15 1 28 7 59661 0.9764767666106311
28 11 7 5 58945 1.0086834540226275
6 2 14 29 108722 1.0482909182364943
29 23 15 4 75328 0.9031652501454938
19 15 28 0 62003 0.9178401405770062
3 4 9 21 66798 0.9727158913837384
20 25 5 2 111608 1.0931854695260441
4 20 10 5 74084 0.9394037945580145
15 12 19 18 40414 1.082479475450586
25 14 19 19 37731 0.946682728969792
13 7 3 23 68684 1.0716675255912465
22 14 16 20 60154 0.9723764058862921
18 3 16 23 93866 0.9070029309683225
24 3 21 20 65605 0.989078266013615
0 9 16 13 41921 1.0273552680954992
12 29 24 12 70430 0.9825495550430307
5 12 7 1 46583 0.9876013175657895
6 26 21 13 79985 0.9342013325263354
4 18 8 28 50274 0.927095944444585
13 3 24 23 84418 0.9485184233343391
17 11 22 16 36362 1.0977004435617532
8 19 27 28 64141 1.0858761490657782
4 27 10 5 87371 0.9763547762819496
17 15 29 25 61393 1.0859464843487177
13 21 2 22 29855 1.0357683255501307
28 11 23 19 36927 0.9719474004279721
22 5 8 17 79139 1.0114577257527657
26 2 4 16 94090 0.920573767494161
24 19 9 22 39620 0.9847126158156264
13 25 23 4 84937 0.9800689144682129
14 11 11 21 41441 1.0049886808117567
13 8 3 28 87162 0.9582209324108838
14 17 1 18 51550 1.0695563285219867
20 6 3 27 110797 1.0941473916671614
18 26 0 4 107537 1.0057784393395197
4 15 19 7 65719 0.9472348912621011
20 27 17 2 107441 1.032301441585311
29 25 10 27 50170 1.00626874085839
16 20 24 14 49698 0.9947968877922262
20 4 17 23 78928 0.9063341149493869
2 24 28 28 62401 0.9232726750575653
21 1 27 13 50367 1.0677851089478865
28 11 1 9 53066 0.9654270387079968
6 28 24 12 81832 1.0418864011351514
8 4 22 11 45395 1.0806835505955796
14 14 3 5 60324 0.9211283975441509
12 29 29 14 63732 1.0872565985565883
29 15 21 23 28266 1.0508142457628153
23 1 21 26 84399 1.0047861474436024
7 28 1 23 30592 1.0945687652100582
26 24 2 21 54364 1.043541073648451
23 24 21 7 74555 1.0155801207711344
5 13 15 11 25823 0.9829041345415805
7 7 14 1 43896 1.013457821068935
14 8 29 2 58265 1.0291512485972205
24 0 7 24 98687 1.0053404046481333
9 10 19 17 50857 1.0429877854443683
17 23 25 26 22455 0.9665407258707485
16 24 5 27 40065 0.955544255619212
25 14 13 25 55486 0.9418502018855214
25 17 18 4 57537 1.0132416619342757
1 14 23 29 94585 0.9337300080844442
27 1 14 7 64556 0.9123220041744751
22 28 12 22 47367 1.0556097699625142
18 12 21 24 54815 0.947101284497948
28 22 13 26 42118 1.0862470342158337
17 25 29 25 34721 1.078163225918814
13 3 24 3 39067 1.0670466301034738
2 26 19 13 77617 0.937258018529581
28 3 22 24 59958 1.0607183956700985
7 12 0 0 54177 0.9348920378740005
20 6 24 17 51185 0.9748022895963345
22 11 4 23 66259 1.0383809096249357
13 16 17 2 69109 1.0484363524327711
12 18 24 20 45960 0.9282492189529872
0 17 21 24 65819 1.0152889872578474
23 5 10 2 57533 1.071230652327386
3 18 18 14 67285 1.072434615473611
2 17 8 3 55474 0.9432791493728617
24 20 9 21 39593 0.9427381395078737
6 11 10 4 27886 1.010232844090551
22 14 10 21 70110 0.9813986255374785
17 15 6 21 67430 1.029906299019846
10 4 5 29 94044 1.0216616983989009
20 8 28 16 46077 1.0483199945376196
10 6 3 27 82299 1.091268502895819
18 12 7 17 40473 1.008193143400357
14 12 24 18 34801 0.9692971636974819
5 15 20 17 74255 1.0996219549789088
13 6 21 4 31605 1.0701994396694485
14 10 15 0 49476 0.9449092409921157
21 7 20 25 84668 1.0229686903536086
22 2 1 28 132826 1.0103706459830724
26 11 29 2 21259 0.9826291505322884
24 25 1 21 54016 1.0392371483032183
3 19 12 17 41850 0.9211313602716867
8 12 26 17 54054 0.9812422271620919
13 17 0 23 43978 1.0492086115057868
17 6 28 27 77019 0.9777146270042241
