7530 7985 7261 7111 7099 7374 7349 8014 7886 7797 7415 7644 7538 7286 7066 8012 7793 7621 7756 7363 7561 7802 7123 7090 7981 7476 7481 8025 7472
3246 3566 3390 4044 3862 3410 3985 3776 3574 3483 3718 3225 3934 3970 4198 3546 3867 3970 4045 3587 3789 3271 3468 4163 3523 3335 4089 3416 3482
3123 3021 3884 3060 3804 3042 3832 3579 3683 3394 3760 3490 3189 3618 3947 3329 3724 3725 3808 3759 3649 3063 2975 3820 3247 3775 3350 3029 3544
3872 4047 4262 4310 3629 4180 3941 3878 4030 4004 3783 3831 3836 3925 4481 3725 4225 4199 3794 3806 4074 3803 3970 3808 4427 4333 4022 4222 4184
4986 4991 4523 4553 4319 4475 4246 4427 4651 4806 4197 4732 4221 4779 4663 4645 4801 4372 4696 4383 4254 4817 4982 4284 4813 4097 4518 4799 4499
6442 6298 5566 5585 5827 5666 6219 5850 6049 5915 5514 5494 5755 6121 5957 6468 5858 6199 6338 6096 5756 6464 6132 6186 6075 6401 6161 5991 5509
8483 8529 7783 7918 7815 8117 7725 7562 8412 8187 7928 8121 8034 8320 7852 7690 7787 7576 8011 8253 7933 7564 8456 7668 8181 7814 8533 8483 8127
6248 7034 6701 6778 6880 6688 6397 6968 6666 6702 6739 7065 6656 6591 7224 6495 6906 6303 6804 6376 6430 7112 6623 6617 6714 6647 7087 6870 6310
5428 5785 5841 5346 5364 5471 5836 5928 5575 6110 6167 5437 5827 5529 5533 5795 6198 5790 6074 5964 5904 5326 5942 5680 6104 5634 6062 5543 5575
5279 5570 5426 4696 5257 4678 5326 5461 4778 5279 4946 4903 5434 4779 5477 5142 5487 4827 5101 5402 4969 5193 4835 5018 4970 5515 4799 5444 5095
2704 2391 2368 2701 2413 2014 2597 2817 2331 2482 2772 2566 2629 2475 1877 1923 2141 2668 2158 2496 1890 2478 1905 1971 2185 2403 2665 2630 1942
3560 3139 3518 2952 3205 3393 3169 3249 3736 3759 3621 3103 2920 3175 3732 3554 3361 3222 3791 3069 2871 3130 3289 3125 3751 3316 3574 3317 3746
2089 2555 1759 1849 1997 1819 2543 2285 2687 1779 2564 2036 2577 2294 2402 1753 2454 2589 1757 1950 1884 2675 2456 2456 2534 2559 2184 2455 2636
6726 7174 7052 6668 6802 7357 6516 7223 6592 7272 6827 7358 6590 6608 6576 6885 6531 6751 6744 6894 6952 6619 6504 7235 6388 6927 7042 6623 7019
6650 6645 7039 6827 6535 6846 7170 6492 6601 6536 6945 6414 6492 6546 7099 6925 7312 7087 6602 6360 7074 6377 6857 7106 6873 6882 6918 7116 7127
6576 7367 7483 7269 6710 6779 7028 7248 7456 6953 7088 7086 7142 7326 7240 7442 7320 6959 6920 7382 6698 6779 7190 7467 6673 6865 7121 6901 7439
6095 6218 5604 6032 6028 5671 6419 5685 5809 6137 5899 5660 5555 5765 5872 6162 6226 5510 6419 6338 6291 6027 5985 5643 5875 6226 5689 6192 6391
7205 7085 7484 7006 7388 6724 6961 7285 7447 7008 7259 6772 7325 7551 7160 6705 6988 6975 7318 7266 7512 7169 7019 7278 7001 7179 7485 7390 6965
6198 5672 6511 5790 6098 6526 5823 6448 6286 5985 6032 5761 5956 6248 5745 5971 6515 6088 5716 6020 6554 6232 6269 5655 5940 6104 6152 5691 6200
5757 5334 5551 5683 5583 5955 6132 5582 6202 5411 5633 5404 6203 6002 5338 6299 5338 5963 5838 5952 5871 5913 5558 6054 5701 6202 5373 5541 6267
5089 5494 4983 4842 4921 5441 5388 5526 5332 5683 5081 5702 5516 5232 5176 4867 5700 5686 5255 4859 5640 5049 5765 5074 5321 4968 5394 5385 5534
3570 3159 3136 2936 3561 3303 3804 3637 3755 3781 3444 3665 3609 3264 3000 2885 3028 2830 3206 3164 3169 3592 3536 3169 3617 2830 3007 3791 2944
6900 7178 7254 7342 6628 6843 7459 7092 6659 6910 6592 6953 7020 7410 7148 7039 7307 7273 6836 7343 7041 7323 6648 7017 6691 7482 6695 7256 6916
4570 4558 5187 5005 5241 4836 4591 5089 5334 4663 5038 4799 5409 5259 5441 5401 5317 5363 5436 5270 5098 4580 4711 4500 5326 4562 5457 5411 4877
3842 3961 3388 3113 4025 3647 3326 3061 3932 3604 3084 3670 3745 3084 3895 3758 3631 3631 3357 3370 3556 3713 3904 3594 3170 3072 3165 3362 4026
3285 3122 3894 4023 3875 3770 3622 3439 3562 3152 3416 3248 3301 3851 3581 3924 3470 3346 3501 3757 3440 3350 3322 3791 3733 3690 3304 3663 3898
2846 2343 2776 2108 2659 2332 2002 2607 2625 2981 2280 2523 2734 2612 2929 2776 2080 2697 2838 2524 2045 2807 2350 2919 2631 2840 2279 2206 2135
5919 6178 6005 5652 5595 6166 5634 6366 5941 5977 6252 6374 6136 5757 6259 5709 5706 5628 6149 6052 6009 6381 5996 6359 5945 6297 5736 6135 5897
5787 5684 6535 6103 6503 5911 5715 6416 5802 6523 5624 6118 6281 5803 5882 5989 6134 6472 5651 5902 6411 6381 6140 5728 5932 5650 6373 6417 5820
6307 6177 6253 6823 6579 6181 5927 6717 6790 5900 5949 6796 6761 6082 6535 6088 6279 6216 6285 6000 6218 6037 5966 6878 6293 6855 6651 6789 6198
4846 3123 7341 8474 6616 6382 6732 7991 6959 7189 2858 5176 3681 2079 5504 5685 5432 7956 2135 2326 5182 2370 7876 7141 5300 1794 4694 5718 4865 2774
5331 2463 7166 8379 6774 6510 7091 7202 7125 7484 2407 5223 4075 2277 4989 5677 5676 7959 2365 2088 5887 2203 8219 6856 5412 1761 4685 5517 4913 2249
5264 2850 6919 8592 6415 6822 7319 7582 7788 7558 2697 4780 4265 2818 5302 5471 6095 7448 2231 1725 5613 1845 8528 6869 5445 2104 3785 5817 4884 2839
5213 3212 6841 7959 7006 6856 7209 7559 7796 6701 2549 4664 3955 2894 5065 5301 5254 7140 2790 1960 5688 1828 7856 6508 5525 1689 4462 6131 4920 2636
4966 2975 7755 7870 6523 6114 7544 8025 7597 6806 2034 4666 3974 2206 5373 5184 5209 7409 2191 2288 6048 2506 8473 6902 5006 1766 3814 6288 5207 2895
4929 2692 7416 8330 6523 6680 6666 7773 7556 7555 2754 5089 4553 2108 5074 5219 6063 7325 2692 1665 5681 1952 8514 6271 4911 2292 4269 5802 4870 2494
5465 2822 7713 8647 6894 6355 7272 7575 7178 7160 2314 5231 4307 2245 5183 5503 5119 7334 2315 2098 5275 2179 8512 6844 5513 1683 3775 5720 5790 2849
5179 3098 7180 8628 6971 6886 6993 7451 7905 7273 2451 4812 4612 2008 5482 5570 5259 7414 2430 1437 5755 2312 7665 6562 5624 1695 4343 5920 5011 2823
5385 3112 6938 7896 6804 6835 6868 7287 6983 7349 2135 4294 4438 2559 4879 5398 5887 7347 2831 1593 5893 2602 7936 6531 5293 2144 4127 5949 5061 2819
5212 3188 7514 7801 6576 6791 7523 7844 7142 6744 2829 5083 4168 2138 5298 5360 5945 7581 2803 1587 5459 1818 8365 6954 5263 2488 3986 6211 5335 2805
5451 2779 7241 8232 7079 6880 6717 7580 7753 7596 2183 4818 4011 2865 4710 5282 5702 7129 2385 1904 6047 1739 7872 7183 4783 2229 4317 5888 5510 2318
4827 2672 7514 8411 6416 6277 7470 7236 7124 7604 2443 4330 3794 2763 5100 5944 5336 7218 2266 2287 6108 2498 7884 6403 4776 1649 4640 5911 5541 2913
4835 2824 6939 7998 6845 6071 7210 7954 7446 7424 2852 4843 4291 2607 5020 5473 5958 7750 2789 1497 6009 2535 8007 6756 5210 1558 4360 5870 5126 2593
5033 2518 6848 8539 6927 6839 7511 7356 7037 6897 2381 4800 4374 2740 5220 5223 5160 7680 2503 1714 5975 2350 8223 6454 5480 2089 4010 5665 5627 2312
5128 2647 6932 7858 7030 6916 6687 7519 7173 6752 2862 5047 3812 2715 5009 5891 5505 7832 3009 1705 5505 2376 8369 6743 4820 2388 4291 5982 5721 3108
4982 2459 7374 8632 6793 6743 7087 7970 7727 6757 2842 4300 3921 2638 4950 5988 5731 8035 2876 2162 5209 2174 7890 7195 5050 2015 4070 5503 5758 2453
5174 3155 7273 8189 7110 6388 6781 7604 7577 6743 2563 5092 3748 2990 5571 5899 5576 7410 2479 1764 5445 2419 8092 6879 5082 2503 3903 6235 5498 3196
5026 2670 7472 8536 6682 6090 7514 8111 7894 6757 2669 5114 4451 2839 4800 5452 5848 7917 2939 2337 6071 2381 7903 7077 4927 1752 3918 5859 5066 2742
5663 3229 7600 8689 7031 6606 7361 7877 7238 7569 2813 4277 4122 2514 5020 5312 6037 7637 2696 1717 5264 2195 7666 6994 5029 2187 4169 6293 4896 3078
5386 3233 7671 8372 6338 6858 7137 8057 6970 6758 2279 4610 4219 2530 5005 5884 5295 7726 2559 2145 5791 1848 8059 6623 4715 2421 3859 5788 5005 3099
4939 3045 6986 8431 6989 6647 6693 7681 7200 7136 2121 4661 4596 2238 5616 5234 5546 7128 2555 1596 6141 1709 8438 7017 5701 2090 4392 5458 5693 3068
5190 2472 7025 8303 7056 6258 6687 8056 7554 7456 2754 4520 4482 2500 5479 5325 6046 7675 2779 1961 5320 1848 8374 6596 5681 1776 4592 5591 5409 2905
5591 2427 7775 8151 6561 6180 7169 7877 7628 7247 2281 4726 3688 2668 5302 6112 5636 7546 3021 1837 6132 2021 8506 6738 5216 1810 4239 5469 5177 2705
5130 3069 7374 8558 6366 6724 6787 7581 7062 7378 2374 5153 3635 2050 5516 5328 5425 7393 2456 2313 6086 2514 8305 6646 5139 1658 4594 6185 4901 3052
5595 2310 6982 8130 6923 6687 7058 8098 7819 7595 2488 4795 4084 2406 5348 5678 5467 7853 2153 1489 6033 1803 7912 6808 4726 1560 3902 6118 5013 2811
5130 2962 7353 8526 6801 6700 6910 7830 7883 7065 2514 5025 3935 2416 5470 5399 5160 8029 2057 1771 5640 2323 7913 7052 5499 2380 4337 5964 5801 2275
4984 2837 7582 8560 6686 6489 7305 7303 7627 7381 2998 4807 3852 2624 5314 5142 5485 7178 2344 2179 5481 2333 7980 6549 5552 2278 4149 5569 5323 2942
5345 2771 6903 7989 7162 6649 6880 8049 7538 6737 2455 4870 4561 2098 4975 5257 5692 7155 2972 1630 5202 2322 8400 7201 4775 1844 4309 5861 5647 2830
5415 2372 7629 8491 6306 6921 6759 7913 7163 7155 2586 4846 4214 2554 4875 5997 5408 7908 2532 1981 5724 2096 8399 6359 5155 1980 3735 5676 4994 2687
4 12 13 22 47906 0.922106840613036
4 7 27 27 105288 0.9613938487229776
3 11 19 7 61652 1.0057871263281462
0 24 8 17 48703 1.0554092916632367
17 12 14 0 55976 0.9283051255524124
19 5 8 26 95566 0.9802114588170623
11 28 24 5 94598 1.0956233833272286
6 4 19 24 100104 0.9705614284328014
10 3 0 15 60428 1.0678908617176694
15 24 20 15 56773 0.9943693187325207
13 4 27 28 94313 0.9431618856792898
17 26 17 15 67768 0.9354509223794202
24 17 16 0 83827 1.0029424017759767
12 14 3 5 51196 0.983674092258793
15 1 4 9 51211 1.0825953796914705
8 1 18 22 75751 0.9121922739557633
14 9 23 23 68325 1.0728128059743007
24 13 9 9 50940 0.9189263160812986
7 9 15 19 44085 0.9101872867333052
22 21 4 20 43695 0.9633144442999123
0 22 15 17 54505 1.0155306674633655
25 17 14 0 82740 0.9935157667861862
4 24 2 1 89053 0.9219073245327133
13 12 27 24 64322 0.9486275321737525
6 6 13 25 78453 0.9353728274742298
4 22 5 8 66871 1.0066741844345721
17 6 6 21 79176 1.0174436419545956
0 23 24 15 78321 0.9389083857649608
26 24 17 18 35971 0.9184471232162327
2 3 27 24 113414 0.9417782367227422
9 10 7 23 48891 1.0879056738471666
28 6 18 16 69223 1.0991132192841573
4 6 15 25 76694 1.0543611957186145
19 24 18 12 58497 1.0531727491780831
20 8 1 2 86978 1.0546138856204712
21 28 3 16 70280 0.9758667661468134
2 8 5 18 43071 0.989703288738484
9 24 22 2 94817 0.9289225424435422
1 17 25 26 70756 0.9303206250946159
9 8 2 5 44521 1.0844005338066174
8 3 12 25 71064 1.0469035135376095
0 23 23 12 86623 0.9435761233713624
27 24 6 29 61184 1.0946095338681
29 4 21 13 54937 0.9885057501918842
24 17 6 3 103418 1.0695234319692406
9 7 9 19 38270 1.0767086397241488
27 15 29 6 49379 0.9713573367704693
12 11 14 28 49768 1.0028364309603992
6 29 26 21 63708 0.9171824303998427
23 26 6 17 64067 0.9417133684885832
22 12 22 26 53973 0.9281400906664778
29 23 18 14 63284 0.9224753946700233
24 2 3 15 94139 1.0962688125352984
27 11 15 12 44691 0.9284776726232618
17 14 19 25 60148 0.9008303693239597
17 7 5 29 95706 1.0309264319821396
14 0 0 25 87682 0.9193629601955251
22 9 16 16 51292 0.9894188167204245
12 29 22 0 98028 1.0377609106276524
0 15 14 2 78204 1.0738085752665505
18 1 0 15 83245 0.9309167657360053
10 6 6 16 46679 1.0331648208917033
11 18 15 26 30878 1.0747648604690725
13 15 8 7 44549 1.000429444953788
2 24 26 22 59073 1.0327700925728782
25 27 17 0 103174 1.0018154669717771
1 12 15 6 64441 0.9418976581434217
5 12 9 28 56013 1.0438970847272917
25 15 8 7 75247 1.0003593580227232
7 14 12 3 40848 0.993419022862081
29 22 8 3 101469 0.9245006886215756
20 12 7 16 56083 1.02214129873103
16 20 13 7 48547 1.0886527998026907
23 6 10 15 65039 1.0483823170089066
4 7 6 20 64578 0.9929080938425617
10 14 19 24 47763 0.9234867657941376
19 23 2 29 59684 0.9244642197731935
17 4 5 5 78817 0.9023941797482751
4 20 19 27 56107 0.9924995132448226
17 12 2 9 52529 0.9632403616046804
20 19 5 10 52576 0.9728899627776137
17 9 4 15 55807 0.9558979797265192
26 4 26 22 46051 0.9490800812421097
2 21 18 23 48015 0.9704721764619479
26 25 4 6 98846 1.075794313705144
13 28 6 0 92132 1.0659518607037708
2 23 9 4 69905 0.9970944437443304
27 20 9 3 84221 1.0990340186180914
27 7 1 6 92923 1.0585269967012478
25 23 5 14 72440 0.9264318690844314
24 2 12 27 96106 1.0994360715122646
25 29 10 26 46203 0.9032239340610789
1 6 22 20 87161 1.0858772681148146
9 8 2 26 65725 0.9982240465424799
7 26 16 28 41781 0.9746389397160221
14 15 26 0 76965 1.0895274578985126
3 17 24 10 75898 0.932315971745513
16 20 7 17 34132 0.9550055870671019
15 29 13 17 43099 1.0178663001277202
3 24 12 27 26805 0.9151796908445259
24 3 5 19 88496 0.9037274382871495
1 22 1 2 74644 1.0693989832193187
0 19 23 21 49797 0.9042296479173909
25 27 27 7 63635 0.9092896590955963
15 23 11 13 41076 1.0702025364791588
7 2 0 16 82746 0.9417351630834575
21 9 15 16 51140 0.9148573338695029
11 26 29 23 52425 0.9012503025807523
17 8 26 28 82818 0.9929676759482837
29 15 21 28 60875 0.9356213866911847
18 23 11 17 37815 0.9911203049321896
2 11 9 18 39542 1.0988865884510801
29 6 29 28 93193 0.9219565061831342
25 9 12 16 50057 1.026034150299982
12 7 2 13 38320 0.9692901142316519
8 21 8 1 58429 1.0282851629361494
5 5 28 15 105776 1.0201351252233313
9 2 17 27 90466 1.0534316397198489
21 25 11 25 20652 1.0095512119448686
0 7 16 8 68503 1.0565031433339613
16 8 9 13 37614 0.9305718855655482
26 27 5 11 85658 0.9897437875118096
15 26 4 15 58885 0.9106087644616364
24 21 15 12 53516 1.0835979189665044
29 14 23 18 32312 0.9613581035141436
15 6 2 27 90724 0.937436933708263
16 17 22 12 41836 1.0212742586062364
15 27 22 7 95361 0.9295319238133305
20 16 24 5 49982 0.9336847842104569
6 23 19 21 45598 0.9772745344587006
26 14 10 18 45677 1.0643750229892475
17 23 2 27 51696 1.0995311147940179
29 16 20 18 35364 1.0691207498913373
27 9 16 24 73732 0.9477440047366403
25 0 26 13 36217 1.013942802998355
18 1 22 16 66492 0.9026447877013778
27 15 9 24 61229 1.0804092400462775
24 4 14 26 96764 1.0196656229158627
23 11 29 6 43573 0.9719563599001655
1 12 12 21 46454 1.0438051691802153
1 22 29 11 92307 1.025464110286613
23 19 14 11 47940 0.904944358247301
0 9 29 21 95205 1.0269456448852736
13 2 28 27 101512 0.9763557884093684
9 27 6 20 36571 0.9400379681912062
10 17 17 6 62777 0.9404943211112469
22 11 4 7 64373 1.0830947220828508
12 13 25 4 61876 1.031767672700534
8 27 20 7 91166 0.9574752970362068
28 26 12 23 42949 0.9740160853535671
6 23 11 29 35817 1.0156623533739697
20 10 12 5 32374 1.0145647450185846
8 11 28 17 72639 1.0673890382014424
16 8 26 11 39082 1.0149892771422775
12 0 9 19 47566 0.9257647846459248
14 27 7 4 89295 1.0059771892091907
2 26 15 13 57557 1.0292693697562831
4 2 20 3 61541 0.9380552787567391
14 16 3 18 38531 1.0215874297763285
2 29 19 11 90068 0.9736468485061859
21 10 14 29 72502 1.0655852099151741
9 20 19 18 29914 1.0036414310774469
8 21 18 26 35246 0.955367039347054
21 24 3 3 103357 1.081615909478456
11 19 13 10 25565 1.0695378039899197
19 16 12 5 54972 0.9254760069616391
6 4 29 25 114200 1.0218861406413995
9 29 19 25 30815 1.024372476184386
29 15 2 8 94387 1.088330739429389
0 28 10 12 62123 0.9148098512281473
16 20 17 7 69082 1.05353902297606
6 6 25 1 82052 1.0625977496061212
14 10 28 8 48338 1.0419526523798868
6 26 24 23 50713 0.9656798937325936
7 1 22 25 89282 1.031549478863078
13 19 16 4 62628 1.009273462671244
15 4 26 17 85332 1.0715564289501265
27 12 7 10 56489 1.073283928960709
22 29 16 7 94731 0.9007217852143298
2 4 24 4 83575 1.07831136259946
17 23 7 24 41751 0.9588423868145068
10 12 9 2 32575 1.047724541731582
29 13 21 7 38397 1.0296390522288816
28 26 12 3 86441 0.9811073676158091
22 17 6 28 75400 1.014435708143078
10 0 24 13 65634 1.0319756985978794
16 10 0 20 60764 0.9387854474016708
1 2 19 16 98561 0.9327855984469112
28 23 27 12 44263 0.9320044050692093
11 27 12 6 52214 0.9285164319632861
26 20 11 9 55160 0.907255885738767
28 0 20 25 83847 1.0899449775762473
20 29 11 2 91028 0.9946178951590479
2 1 27 10 87464 1.0538529701593355
7 16 25 26 69731 0.9235500255107522
17 21 28 16 42003 1.0600095856929166
17 28 5 21 53741 1.0479024841661158
21 23 10 8 59963 0.9073864821031224
26 25 12 19 41284 0.9268593659010468
16 6 0 27 102787 1.0141107896024932
20 16 19 25 39368 0.9798855779224291
7 25 0 13 55826 1.0140356718024102
23 1 29 11 44762 0.9138289946283694
23 0 4 26 107723 1.0730503154274822
1 15 3 23 34542 0.9936702607281085
28 21 14 6 79673 0.9679518904485367
18 25 18 14 57535 0.9892321230810462
25 26 12 0 85240 1.0095345047406408
10 7 22 12 47229 1.0397413957733574
22 25 8 14 58526 1.0119399972258039
6 0 24 11 79302 0.9420793485447235
22 27 10 20 44738 1.0940495856896943
2 8 12 8 35932 1.0761317088299602
21 10 14 3 54878 1.0631018634060176
3 28 24 0 120233 1.0339008432468493
29 29 20 16 57176 1.0314553590243456
25 18 2 23 58889 1.0531796832303395
0 25 8 27 26480 0.90075079016673
15 10 21 0 49929 0.9571813111785983
16 20 29 7 76183 1.0139877742839227
29 10 6 4 90357 1.085195402382089
24 22 14 27 45068 0.9197541083172
26 11 8 29 79071 0.9202845355157212
2 22 15 14 54380 1.0369737287968002
2 6 2 27 74716 1.045181031488521
23 1 2 29 116547 1.0386628343292017
17 28 0 26 59990 0.9508529138361862
21 9 9 22 62671 0.9476662658376398
26 5 29 28 74581 0.9596318434800373
28 16 1 1 113658 0.9162867223306113
9 12 1 22 46941 0.9111648503899233
3 19 5 11 40698 0.9740621118675603
8 13 2 23 45405 0.9698099703240046
8 28 16 9 72204 0.9396747929949623
25 28 0 3 131254 0.9861826805931467
13 6 9 23 56338 1.022532726301678
16 5 2 5 77499 0.9481358585363621
23 9 5 20 72173 1.0278437473769306
12 12 23 29 66966 0.9753703685798518
4 20 24 26 57359 0.9159360784334221
18 19 3 4 76959 0.9569102259247476
3 24 22 1 102745 1.0982148566533385
5 19 22 5 80917 0.9338761456384103
19 4 28 9 59555 1.019338888459394
18 20 8 6 66869 0.9575403185263067
12 5 21 17 54212 0.9899685882034421
26 23 4 26 53780 1.0145222660086703
6 24 20 22 52294 0.98652361245737
24 21 20 0 75971 1.0755376203494198
27 11 9 16 63763 0.9006916511892736
28 25 6 25 44197 1.0942550072661115
6 27 13 1 83490 0.931950714475331
21 8 13 19 51607 0.9561526719595305
8 11 25 0 74373 0.9849195139423839
5 14 29 21 71940 1.0356794200875379
22 19 6 5 82758 0.9672475661345059
22 7 5 6 83753 0.9602743301891515
14 25 2 0 89824 1.0318544197759276
3 7 28 1 95547 1.0670035128879745
7 19 10 8 30639 0.9203755076095133
2 13 11 24 47741 1.0688131597180093
2 0 12 1 32523 0.9481043896251307
13 26 26 16 54497 1.0043669147047325
7 26 22 18 52206 1.0587165846453657
2 28 28 13 89287 1.0326055442865256
25 1 20 25 75414 1.0945076836157153
19 5 18 29 102780 0.96073482444386
26 21 1 9 81282 0.9606998056018564
22 2 2 13 86272 1.0746106018825636
17 4 7 23 96779 0.9705245198367587
0 8 19 26 94892 0.9716282385575813
25 23 2 14 74905 0.9173749640025242
14 10 25 24 67278 0.9592366485811803
19 17 28 16 39497 0.9111484784649696
9 21 11 12 25231 1.0809557215879875
0 9 21 10 60833 1.0520196702728124
10 21 11 3 50280 0.9347148392481401
22 8 9 3 68254 1.0416588733280272
20 27 10 26 33556 1.004115041051463
11 0 15 15 53965 1.0479382212573534
21 25 22 7 68407 1.011733966329585
12 9 1 27 63861 0.9060741334504689
20 14 16 27 63680 1.0499535700867537
16 12 27 21 53152 1.0421184550856646
0 10 15 24 75748 0.9260662439647694
20 0 12 6 37803 1.0712576822633022
25 1 9 19 80650 1.065162978027763
22 15 0 16 71857 0.9685690808545698
20 29 16 15 69763 0.9587552677526695
4 4 16 26 93729 1.0435839075663804
9 22 23 9 68588 0.9835851820600261
10 18 16 29 39261 0.9862789769436109
4 15 25 2 93752 1.0796249122137092
24 14 4 26 73795 0.910875162078466
29 11 8 2 86590 1.023034521580717
2 28 20 12 82963 1.0138040177739027
9 9 13 3 35691 0.9539688334181231
2 18 29 8 92558 0.9037263091865764
20 10 28 3 48395 0.9566846911069585
22 14 18 28 65320 0.9417540756341132
24 23 18 15 48712 0.95228542328195
19 25 0 9 85329 1.0893427395390598
3 21 22 16 55015 0.9887301986411821
17 9 9 24 60622 0.9101817215883429
2 4 24 10 76514 0.9616091523597776
22 28 24 13 59647 0.9048365737461168
16 18 9 1 57758 0.9697071179459255
5 17 29 1 104998 1.0599234418927983
6 11 14 3 53779 1.0350273371026146
5 27 21 13 74324 1.0962009359064455
15 7 14 22 65102 1.0773860866350797
27 24 0 7 110251 1.0790983908673546
12 6 22 25 64454 1.0329791208635686
0 2 4 23 92742 0.9015100565704031
16 14 12 8 28108 0.9312151537540426
18 19 6 23 44181 1.041062857116363
21 1 8 20 78814 1.023342638586874
4 16 26 3 93051 1.0463097371921088
19 16 0 6 92205 1.0689593715335486
17 3 27 21 92790 0.9323940637208878
9 29 13 15 43081 1.0521110166279328
2 14 28 1 99021 0.9542045876591371
19 28 12 12 61389 1.0594684062489488
25 27 14 2 97687 0.9560600412410803
4 17 21 2 91166 0.9624378107026308
8 0 24 5 65414 1.0928332435152963
13 6 13 22 49918 1.0032229756424895
28 9 8 27 94391 1.0143206085267065
20 26 17 14 62695 0.9135757779947136
17 20 27 16 37532 0.9310617783880974
20 0 24 18 68648 1.0459990583866439
5 3 13 23 87647 0.9557640136270532
29 14 12 17 58112 1.0500492682055032
2 29 22 1 114120 0.9190831868421891
19 24 25 10 60655 1.0328619025539365
0 25 22 17 65921 1.0241304525317405
22 16 14 14 40205 0.9391181389596437
25 19 10 2 69012 0.9082315892433447
6 14 26 8 71262 1.0861228133187917
9 26 20 24 32501 1.0707077633308506
10 26 1 21 30187 1.0928508875155087
15 5 22 12 60500 1.048584795367562
1 23 21 29 60761 1.0857825598040851
10 0 2 25 74813 1.0406390706703905
29 15 21 24 52162 1.056702921039482
17 23 10 2 74651 0.9651588131418611
27 27 21 9 65625 1.0241978135767031
28 21 18 6 76859 1.004185905658361
3 14 7 27 65476 0.9760712957772336
28 5 19 17 69859 1.0360128694857158
14 3 14 21 60641 1.0477635207636953
3 19 12 15 25372 0.9313765403779855
17 9 27 27 78734 0.9345834696014931
2 5 22 11 73265 0.9837284213124285
27 26 16 13 62960 1.0973562441442002
27 29 4 7 107002 0.9326111648762317
0 7 5 17 62536 1.0569277557350794
21 17 15 23 39064 0.9129137340366684
17 26 21 4 86648 0.950022525923051
18 19 25 16 23375 1.0728710853632388
9 28 13 5 67253 1.0365671586323004
10 7 26 17 64225 0.9918504077015797
29 15 15 2 88261 1.0430113901926834
16 22 26 2 75216 1.0487547559830634
13 6 19 16 60363 0.9449151862115116
7 8 1 25 72539 0.9569842673982931
23 6 6 6 91603 0.957786116256847
6 23 1 15 49075 0.9723703739353867
24 29 21 13 57329 1.0760840268396525
27 18 2 25 63661 1.0256709009888196
2 17 19 18 44811 1.0004145387396255
7 23 28 6 102415 0.9207640370928328
18 14 2 10 54343 0.9224706284546244
17 19 13 4 49223 1.0236753698164365
20 25 3 3 99963 0.9710235463042054
28 22 23 14 42653 0.9969287349379493
2 18 11 26 36631 0.900914525417468
2 24 13 17 46268 0.980750101659774
16 1 19 23 81882 1.0887792442335265
23 4 22 27 92320 1.0618056339325321
27 20 4 14 69489 1.0738406775022928
3 18 15 23 45677 1.0322377141301455
4 20 12 12 35068 0.9384226054606678
7 15 18 7 68001 1.0693636463942962
18 19 24 10 41388 1.001322651774123
15 8 23 18 61221 1.053078861619111
1 3 3 19 62856 0.9917503484039965
28 10 7 29 89627 0.9988979908088603
12 9 15 25 42195 0.9788697839257211
6 25 16 9 62120 1.0355386468748689
17 4 27 17 86404 1.0170630914583716
29 7 5 7 98162 1.0494642892860304
9 8 1 3 55532 0.9636348081435167
0 19 16 19 30036 0.9086819681094216
4 10 12 25 52529 1.094156081491042
2 13 2 0 44861 1.0416710136423593
28 8 23 13 32187 1.0784639926815127
21 7 20 28 75672 1.0315241549507477
15 17 0 21 46703 0.9703882304622498
3 0 16 5 64752 0.9423245631917261
18 13 1 24 67533 0.9886617383110774
8 3 23 0 58626 1.0818916777556506
12 18 18 5 65906 1.0457018086565464
14 0 19 26 86305 0.9484845026261237
2 23 25 0 109308 1.087465529344366
17 27 14 20 47297 0.9582350734958776
2 26 18 8 85112 0.9830850448457915
15 22 18 12 53608 0.9145018750259443
14 2 29 14 83651 1.0486930064867446
10 22 20 25 26852 1.0457735127767445
7 10 26 21 63044 1.0751180573278407
12 11 4 8 31164 1.0585621348456842
14 6 29 28 109014 0.9770201674772896
19 6 25 26 84953 0.9953927432812807
16 17 9 20 29624 1.061312987736874
10 23 4 8 53952 1.0732643576526701
26 3 10 5 59463 0.9724297515926583
16 16 29 9 64426 0.9392830930342956
5 6 7 28 93755 1.0764535528724897
5 28 14 4 92773 0.9037417949122266
28 0 3 3 85274 1.0513255964818145
21 15 3 5 78977 0.9504602807704438
27 12 11 5 61838 1.009627397112568
22 13 25 0 45757 1.0372932227905431
19 17 0 10 73577 0.9687287351477137
3 10 1 20 40962 1.046186018531668
6 19 11 25 21869 1.0114402098833375
5 8 16 21 62768 0.9246706870428377
21 3 29 8 57917 1.021620132845966
12 25 4 5 75134 0.9488351411558208
12 15 16 7 40441 1.0120053225561656
6 25 14 2 75551 1.064340309169559
0 18 17 27 64641 0.9948421395062352
29 2 13 27 110635 1.0391934499023499
15 4 21 28 96924 1.0304256214897518
9 25 29 3 110758 1.0760286151397351
28 24 13 2 93063 0.937153476189149
20 9 12 22 53879 0.9330638863732676
0 26 0 4 93009 0.9575892026286251
18 7 1 6 76502 0.9943823710115716
11 9 27 12 50650 1.059165448450744
7 26 4 18 41263 0.9050972164004587
8 14 26 26 68774 0.913270367216704
17 7 25 17 66310 0.9711261291721802
23 11 10 1 58179 1.0853687824315683
3 2 16 26 98527 0.9775051334948909
26 1 8 28 106614 0.9979804839010497
21 0 24 21 71407 0.9307040252502815
5 0 18 20 83703 1.0888478658373932
0 11 8 14 34420 0.9554338771418406
11 1 13 19 43868 0.9913548275088947
14 9 21 29 77725 1.0863959054676735
12 4 9 22 48618 0.9353427535113747
18 29 19 5 102780 0.9596853105579394
28 23 0 23 80296 1.0744720781084163
29 7 5 23 108453 0.9026236319428528
21 3 13 9 52579 1.0487911431395254
4 10 19 10 38125 0.9280427009956832
27 8 26 17 31167 0.9404533961851878
10 3 9 14 32239 0.9481843011949951
17 25 4 2 92536 1.0807972862498691
27 8 17 24 76613 0.9897852070798019
29 16 10 8 77369 1.032195087179629
20 14 11 7 47169 0.9411500661809366
11 24 27 5 84389 0.9835929443381121
21 10 5 29 83848 0.9349111896343827
14 14 20 19 36236 1.0275980475988113
7 7 11 18 49187 1.0410847494596343
1 19 18 25 45549 0.9611543461507835
24 23 14 25 27364 1.0953034734396385
2 14 8 19 29706 1.038046471319043
27 9 3 4 90122 1.0277905684088064
15 26 27 18 49475 1.070767278913064
27 29 20 3 96766 1.0000582009801076
24 1 28 21 60398 1.0615400977666485
8 15 22 8 66175 1.0671966981743994
25 2 24 25 70128 1.0679687658540227
19 29 15 8 86201 1.0600091521471882
9 17 20 26 48472 0.9153340117537241
24 1 11 17 75344 1.0233114465993278
2 14 21 1 80240 1.085666094063971
7 4 18 0 55733 0.9022019380139545
24 22 23 1 66651 1.0333698584343187
27 25 17 25 19912 1.0707748727688955
11 23 2 2 81794 0.9454382125449737
9 10 12 17 23535 1.0878069242412964
8 4 12 20 55036 0.9725693607199732
8 6 21 8 60162 1.0907508836225202
2 2 15 1 40410 1.083745171319174
17 7 15 23 80730 1.009069194056842
3 20 13 8 52963 1.0830689404844684
11 18 0 18 27164 1.0546645984030856
11 3 11 22 52366 1.0996211594961744
18 20 3 27 55677 0.9197478296935854
11 28 14 0 77467 1.0550634240677674
26 24 14 17 49131 0.998594030884968
7 24 1 19 38849 1.030644707255456
15 3 16 21 73049 1.0706283930699583
1 26 6 10 64820 1.056992288954198
10 25 23 26 31029 1.0451947856595951
7 27 18 8 85537 1.0780978935184786
10 4 2 7 45073 0.9618758844665742
16 10 9 19 37141 1.0847283114400708
11 0 2 8 54510 0.9378869107432801
14 8 20 2 57519 0.9943350483665571
18 3 0 20 97556 1.090568470718755
26 5 29 15 39977 0.9391865032684799
9 21 22 7 72926 1.0981374129615187
3 13 11 22 38655 1.0158115035003317
6 28 17 15 81586 1.0239622405553064
23 7 13 19 64192 1.0213282471511635
1 22 14 17 44723 0.9711382706843095
1 12 4 27 61283 0.9490726266538919
23 21 15 15 50066 0.9107383098575352
12 4 3 5 48961 0.9605421624573278
19 10 8 9 34682 1.00704273350873
29 23 29 5 79398 0.987542374688016
19 0 14 6 49959 0.918557211876378
1 28 20 27 59615 1.0642960533263013
17 8 27 6 54268 0.9889213877909901
11 16 12 3 33921 1.0278859974748302
13 19 17 0 62004 0.9305466466297853
2 11 15 17 56650 0.9503141050541435
25 25 13 18 44308 1.0265891159481553
12 26 10 4 55225 0.9494735637608194
5 0 28 3 83652 1.079841501230747
4 17 23 16 60250 0.9938298356779934
6 23 17 12 66254 0.9473050213106378
27 12 15 23 64291 1.093841675028024
24 9 5 0 80473 0.9942671085253075
17 10 15 21 45021 0.9061327394569496
21 1 7 14 70942 1.0318410813757652
17 2 13 17 63791 1.0939517546552
26 14 8 12 54615 0.9027713379161778
2 2 3 17 57891 0.9969924371012194
5 0 18 25 92764 0.9663577832690934
24 25 21 18 28697 0.9222047458985547
6 11 5 0 61125 1.0065102132220967
17 2 10 6 38026 0.9665765005025588
18 0 24 18 76219 0.9417828884673147
28 7 26 22 54410 1.012865452704824
1 12 7 0 61448 0.9706100313771168
6 21 15 6 68110 1.057980380835799
8 1 7 29 80635 0.9039301334915847
13 28 6 17 49240 0.9931524942196672
2 28 25 8 101330 1.075204593652817
26 8 14 13 43647 1.0682369327314216
9 18 5 8 46301 1.0699316316413092
23 1 7 5 66515 1.0620314190169775
4 29 4 7 88860 0.9645093275791219
6 17 19 23 56039 1.0220383824734798
22 10 2 5 68055 1.0817221049394465
25 14 0 20 71460 1.0636623198524024
13 6 28 12 65513 0.934542659874342
26 15 22 23 37592 1.0108507259097543
10 14 29 12 57991 1.0320897233396866
0 0 2 8 34777 1.0939713616421516
20 2 19 19 67571 0.9462223697011033
28 16 8 21 57291 1.0805039307037572
5 9 24 9 57419 0.9625265233800007
20 21 1 20 45549 0.9071397496034002
17 20 3 19 32927 0.9078926523104349
27 5 2 27 108109 0.9457543347295668
9 23 16 2 75773 1.0078080526785707
8 11 10 29 50379 1.0913654324103608
3 1 15 24 92912 0.9819272279675022
25 22 21 15 29818 0.9661689943632704
20 21 28 9 52232 1.0157457091074764
4 14 15 13 31733 1.0013629570851674
20 23 26 17 33136 1.039872253321264
19 6 24 1 37893 0.9763342082107547
0 28 25 19 74174 0.9435305773705156
23 4 13 13 66711 1.028234220363799
0 13 11 28 61935 1.0091274413071403
13 27 22 1 92519 1.072811921792702
28 8 9 14 73081 1.0924845101048033
14 24 4 8 71137 0.973017598317864
29 0 7 0 74404 0.9891000363442198
14 25 2 2 89700 0.9805393105128541
9 28 16 18 42577 0.9051976400812571
17 21 7 24 37671 1.0368624940045084
8 12 27 20 61970 0.9169108986727683
15 14 25 29 77670 0.957734724269016
6 15 23 24 75439 1.0070397585925146
10 18 24 20 32467 1.0953404034813257
11 18 0 25 36884 1.0962318664598099
6 7 10 17 50273 0.9518873200267547
8 0 22 6 65741 1.0249388138321414
0 6 19 27 107799 1.0831937252625368
17 18 5 26 48726 1.0780046602499946
5 19 22 27 55614 0.9038742607446831
26 17 15 29 60203 1.0306721311865337
25 12 3 18 68270 0.9944046265205724
28 7 10 26 92055 0.9481293522762559
4 14 22 22 67617 1.0396995098287436
13 4 9 24 60069 0.910435495982199
21 9 24 19 38823 0.9095413303850938
2 17 27 13 70641 1.0331714809020716
25 17 7 17 51800 1.071729667838539
10 6 29 26 89383 0.9374558845537266
28 1 11 19 79805 0.9762266401305751
10 13 0 5 54747 1.046181635259753
28 29 28 1 82018 0.966874576018963
1 27 29 0 127853 1.0177067014173078
20 3 15 29 104713 0.9240671811636755
8 11 10 2 30854 1.0017224095154609
20 2 9 24 87616 0.9245911130204455
11 13 24 9 44335 1.0919776352351154
6 24 19 21 45397 0.9163033513641828
13 23 26 13 57661 1.0433251022979166
27 27 23 19 31537 1.0195706742403645
5 14 4 25 55414 1.085899559747119
23 20 13 29 51502 0.9644565941527015
24 1 4 6 79947 0.9588677009211451
1 17 18 7 83961 0.9993523858513249
23 3 27 29 89115 0.9037104096102395
17 8 10 26 67394 1.0779577611362414
10 8 28 11 56309 1.021333012232985
16 14 28 14 41441 1.0112482921856343
2 26 19 8 87267 1.0807311817929817
7 4 11 18 56441 1.0310692271182051
24 29 4 7 104285 0.9774770123290353
24 8 4 22 85010 1.0392213779217903
11 13 7 2 49378 0.9729671394124826
7 24 17 7 85317 1.095084465497245
5 15 22 1 83254 1.0384332383612827
23 13 15 3 75510 1.0417564764559712
17 1 13 28 79581 0.9892019635886375
4 20 14 18 26291 1.0782713902273022
9 14 16 27 52833 0.994535119709854
19 26 15 4 88987 1.0754774726859135
16 28 10 7 71799 1.0746758457419543
15 22 3 15 50636 0.9579498814212895
9 24 16 21 25289 0.9243192910336071
23 25 14 17 50680 0.9120841823953302
1 6 22 10 67750 0.9934424037057006
2 11 5 19 34803 1.0258696780095071
8 6 2 14 52305 0.9224371182928539
18 5 28 2 57435 1.0991072488207405
9 17 2 8 50804 0.9221193749765423
4 3 14 21 79765 1.0935232128269332
27 9 16 16 59462 1.0903548136603745
20 23 11 0 78857 1.0659476546031952
17 15 13 26 56955 1.0006809843740048
23 3 18 16 75758 1.0206168022020203
22 28 6 26 53742 0.9961846831865748
26 9 16 4 63586 1.066578672282522
7 15 13 26 48940 0.9657680694470625
0 20 9 0 76449 0.9270598819439549
9 14 11 25 31219 0.996062543019265
1 22 14 0 82243 0.9215038856126221
13 10 1 20 47497 0.935687519567354
20 8 4 4 78343 1.003812194715714
15 9 28 19 61929 0.9700111603277873
27 17 12 0 78606 1.0239977910273477
4 19 20 12 55197 0.9409724113545307
25 29 6 29 53649 0.9919800798210056
17 3 16 21 81140 0.9471034344657674
6 17 26 19 50312 1.0858713956970854
19 9 8 16 55093 1.058092835664534
12 2 9 22 52226 1.0370531382627342
5 15 14 17 48626 1.0178129847308488
23 7 18 16 56085 1.0262058088509676
19 10 8 23 63167 1.0251998134520457
14 4 15 24 73971 0.9690067858222478
23 5 22 14 46921 0.9822391106824391
0 8 14 10 46045 0.9073949911278538
17 24 13 6 68439 1.012418047993863
9 20 11 12 26016 0.9658244628556514
16 28 11 23 34682 1.0599821177287672
23 28 15 16 72183 0.9170704737017894
3 17 27 13 69376 0.9911207427380478
14 16 3 8 54470 1.0210132457849124
8 29 20 16 63121 1.047520456028777
17 11 24 22 58755 0.9748816523015525
13 0 29 10 70029 0.9199859002127393
16 17 28 20 40570 1.0950337862488282
21 3 16 9 43359 1.0780986418524974
4 28 0 0 112164 0.9094651155681638
5 29 18 13 69818 1.0611072528228314
11 5 27 11 60270 1.0326350300933116
11 19 23 9 55793 1.0562089854961108
11 12 4 16 33136 1.0267912711168323
2 11 3 28 64024 1.009870660435909
26 15 11 16 47005 0.986406797982916
2 10 12 20 46765 0.9071012788828546
15 12 7 19 37111 0.9757637174601916
21 28 10 18 47592 1.0039595318334258
8 22 24 21 40353 0.903967685392831
24 16 0 29 84559 0.9018360727478858
27 23 23 2 75076 0.9863306768309834
19 27 26 10 64015 0.9568801438733824
9 19 5 12 31642 0.9524664404483287
6 28 21 4 111154 1.0640691669985187
19 3 9 14 69170 0.9701825418395219
21 5 2 20 84391 0.9489893540168428
21 20 13 6 56731 1.0052607415763677
13 17 2 5 65749 1.0349476741317205
23 3 23 29 94311 0.9098562517493225
17 15 13 6 51917 0.9860273501914658
11 2 23 17 75664 1.0005159861409754
9 10 0 0 58788 1.0703313242122645
29 14 16 19 47414 1.0173248252756983
1 15 25 22 70566 0.9703677309207004
0 20 25 18 57139 0.922140196219489
27 18 20 5 60313 1.010123933095781
18 26 25 5 79978 1.0664393494338071
25 9 9 26 78142 0.9725617857658791
1 28 12 6 74792 0.9549322948817508
19 27 15 18 50080 1.066358777843445
7 14 26 10 61682 0.9532195161624426
25 1 2 28 117497 1.060706356513875
26 1 18 8 54328 1.0255338318541571
20 23 13 26 32677 1.0368200256395477
18 13 8 3 61384 1.0761061155843163
25 6 10 18 70374 0.9671680468976835
4 0 5 18 77109 0.9716379311894092
21 5 21 28 77086 1.0706573471227991
3 29 23 5 118927 0.9092736757622738
10 28 20 19 39349 0.9499734612479583
21 16 6 9 62679 1.085888347366116
10 17 27 6 74322 1.0502123392318379
3 8 19 10 48708 1.0848678220747416
23 18 2 24 60614 0.9405790643999186
14 10 22 2 53087 1.0576031031629687
10 27 7 9 53319 0.9211633517448666
24 14 12 6 50584 1.0792385349182556
1 14 21 24 73525 0.9873747719490362
25 24 3 11 82877 1.034843570209744
3 0 4 16 68259 1.0753662691361217
6 5 24 20 90278 0.9622201781662313
15 16 0 12 57568 1.060688199427482
28 19 19 8 55702 1.0227880399489127
24 1 7 5 69584 0.9585562959849093
16 24 4 13 57234 0.9595880325156796
0 18 17 15 62893 0.9030950428270029
14 24 27 0 100421 0.9099068603990123
22 18 12 6 52342 0.9551678706745715
28 18 0 9 92039 0.9528215088486456
12 8 12 28 46045 0.902529071134673
4 7 14 21 62172 0.9708143063832142
29 9 0 26 105677 0.9431024695775274
2 4 19 11 70338 0.9168231913010877
19 7 11 0 59972 0.924037208579204
12 24 2 7 66892 1.033706144629521
24 21 25 9 37830 1.011524180578898
24 23 28 17 30938 0.9584335990214666
4 26 22 23 52428 0.9828504330469585
5 11 9 21 41753 1.0303564119889557
8 13 15 7 46870 0.9565389736234883
10 17 16 6 55996 0.9239629634643187
29 13 8 18 61199 1.086421401769359
27 2 20 16 61944 0.9207539390562334
19 3 3 14 82336 0.9430792624616045
21 20 12 0 61589 0.9281417612136852
17 14 29 18 50654 0.9826968614543511
10 6 28 15 73821 0.9434176096579884
23 23 10 21 37384 0.9864662433176593
12 0 21 15 58614 1.0464903559632515
5 5 24 9 81203 1.0837963974167795
24 17 7 29 64433 0.987042984996478
18 29 17 13 67132 0.9718130436830781
10 21 3 10 42661 1.0993183276063165
25 14 26 5 26351 0.9570632118869775
8 1 19 8 61619 0.9874022679467892
1 9 27 28 104500 0.9992454371262027
13 8 0 26 74599 1.0658452978689812
2 9 8 2 51339 1.0683141140240773
19 24 9 15 51246 0.9161763093542669
16 13 9 8 34458 0.9448613311247541
4 29 8 8 77108 1.0282367148940113
19 8 12 28 72174 1.021866629633796
1 12 1 23 41645 0.9478509551544521
22 7 4 12 70683 1.0591176899257202
12 27 0 4 93631 1.042333097523149
12 6 5 0 36784 1.0853012812536418
10 4 8 26 59054 0.99526050884683
0 18 1 2 62087 0.9123471291068734
11 12 2 21 40455 0.9418615695456418
26 3 25 21 47675 0.9951256986314577
2 25 3 0 91124 1.061901655185868
13 18 22 24 43494 0.9488075930481777
13 7 24 0 58066 0.9696879966911757
24 15 5 26 70438 0.9540787570564643
8 8 8 27 67111 0.9096768758583205
22 4 29 25 84371 0.9473316495803672
10 1 29 6 77633 1.0328520667769148
28 11 3 15 80977 1.075993663469515
20 26 22 8 71326 1.0311707455689065
7 7 6 28 90780 0.9700082903005768
3 26 25 7 96844 1.0873143727244574
8 20 18 18 30230 0.9780976032538
11 1 11 20 47727 1.06570410972554
16 7 2 7 63613 0.9719522031964047
18 10 10 26 55608 0.9480398524805063
29 29 13 24 50936 1.0604422905968875
7 12 13 23 46515 1.0092243609209803
23 3 1 24 117878 0.9857065067875888
14 7 3 12 51367 0.9113287924038226
5 14 9 1 50448 0.966482165416695
20 4 4 10 71355 1.0883225532743277
6 15 21 6 76074 1.0798762675942792
5 4 14 18 76551 0.9763036359303996
10 20 19 10 46095 0.9246615362551811
22 26 5 26 47006 1.0233270476219727
13 26 24 27 35853 1.0840272153817032
16 19 8 22 24895 1.0424646602673218
6 12 9 26 49540 1.0719287116700664
18 4 29 0 55007 1.0889104508188725
29 21 29 7 62235 1.0049899714480677
4 5 1 24 80807 1.0820674634183651
15 23 25 29 48027 0.9155642834576294
9 27 15 18 37856 0.979171861439821
27 12 4 1 87059 1.0657088876571854
13 28 1 5 90734 0.9983124768812709
26 15 29 0 49798 0.9780337859087496
16 6 10 12 44951 1.0325078719630705
21 15 13 6 53756 1.0383372784135743
16 4 27 27 110038 0.9879444274421846
3 7 15 16 63853 1.0401200293455761
4 25 17 23 40778 0.9948664421791138
18 16 6 17 51804 1.017234558164509
9 2 11 28 73807 1.0258693914335892
15 27 21 15 59150 1.003483750680424
23 7 1 20 88148 1.003304171957582
9 21 12 11 27751 0.946748759223406
10 0 27 12 71876 0.9491938060963659
1 17 22 4 101352 0.9955277241294767
10 14 2 24 42053 1.0608509958769379
26 0 18 14 58386 1.0416711777146161
23 2 12 25 88891 0.9619309367489974
11 13 12 27 34710 0.9417458508711776
2 15 4 2 59250 0.9852152335857429
26 17 15 8 60041 0.9046112349431962
1 21 4 0 84401 1.0424796448566873
28 0 9 2 64624 1.011138125732196
22 23 12 29 42219 0.9326542524083803
15 26 0 10 75940 0.9779058999267828
17 9 8 28 75638 1.0312520901212352
22 6 22 19 52556 1.0166253793849696
27 27 21 15 47284 1.02416190804303
25 9 3 16 77313 1.0739899325269804
24 12 3 25 76180 0.9907988856162431
10 22 2 15 35803 0.9545554448182609
25 1 22 9 41962 0.9820743707132312
0 22 15 8 80418 1.0290173053353515
8 29 22 3 108762 1.098539143996264
29 19 19 3 82095 0.997572063045737
14 27 0 0 109887 1.0681816906525263
14 22 0 2 97565 1.0887469625136939
20 28 1 9 96325 1.0156416332460187
13 3 14 14 42027 0.9971825976974305
2 9 22 17 78104 1.0468640923454673
16 16 25 26 58431 0.9210762460444095
9 24 22 9 73160 0.908992448515374
14 5 2 27 84045 1.0293305992131971
17 12 3 20 53877 1.055737230192078
23 21 14 9 59034 1.0173917972698598
3 15 4 24 39734 1.0093044393695303
10 1 4 19 53991 0.9205212446873082
3 0 12 2 32977 1.0379920521419854
26 5 18 14 45654 0.9419120239794248
9 27 24 26 42385 1.0407722348589392
12 10 0 4 55502 1.042320379020682
23 29 28 14 56483 1.0129850717085842
8 8 21 10 44657 0.9898498331544856
22 0 7 2 56423 1.0788549984630218
2 4 16 12 66721 1.0827032989932268
20 5 0 20 98136 0.9203150898578308
18 17 26 13 39458 1.0779207897504226
13 4 26 10 55748 1.0151049897772082
29 29 11 7 92816 0.9601494916973982
15 4 10 10 38538 0.9947520933203327
0 1 16 23 99966 0.970706620414518
14 7 2 11 50210 0.9949455804433338
11 9 24 29 78455 1.0161502460982765
15 14 21 21 47621 1.025541888354318
9 26 20 15 56819 0.9388258689198025
7 23 24 16 61905 0.970408904011292
25 0 4 26 110932 0.9721334026603571
22 3 4 1 63716 1.0365394722932504
27 0 23 22 69521 1.0015463224700123
4 10 13 29 64956 1.0696380200022062
22 6 19 18 52503 0.906072658248746
12 17 19 5 64344 1.0330197910453096
15 18 15 3 66324 0.9528744450831035
9 14 27 19 48443 0.975961488812452
12 5 20 11 37455 1.0680931602614598
0 28 10 6 77688 0.986752058104758
9 20 4 25 27394 0.916458077571035
21 15 26 21 25889 0.9631814144413838
1 2 23 19 95563 1.099007698259944
17 11 11 15 36445 0.955950617194185
28 24 16 29 46993 1.0638746103667496
15 26 12 12 42681 1.0432814674641233
9 10 29 22 71246 0.9664269737479834
17 22 2 11 65945 0.9495277015222227
15 23 17 6 87258 0.9987437211233136
18 20 24 10 47408 0.9095674535410573
20 21 11 4 62064 0.9393203030481462
18 27 5 11 76913 1.0830982710493702
5 24 29 17 75897 0.9004971885667238
13 8 21 15 49164 0.9320048526639045
17 24 6 20 46815 0.9629798177910367
23 28 20 19 40859 1.0396797585091495
14 13 6 6 56033 0.999098269565886
27 22 11 6 76073 0.9462979298550958
0 10 12 15 41527 1.0855581171375401
0 8 18 4 94147 0.9683749029030773
2 21 27 28 70294 1.0459273406296645
12 1 24 12 56818 0.9976529932465159
1 24 12 22 32469 0.9551377579000024
2 20 18 7 77617 0.9943039027057107
24 28 22 8 75510 1.0564601580641386
4 9 27 2 87414 0.9413452682407853
9 13 13 20 27530 1.0288682227294998
26 9 26 20 28974 1.0772891273947636
29 21 22 2 75168 0.939371091013379
23 12 13 8 49266 1.064695686042709
10 13 22 6 57639 1.0969197345649202
11 13 23 25 52556 0.9765962689764415
5 21 14 12 43425 0.9485754525843588
28 14 0 10 83207 0.905223140830383
24 27 15 20 44819 1.088152094441287
22 21 1 13 63504 1.0213856502500787
10 24 1 4 76209 0.9821148122335432
20 19 4 14 50517 1.0325774317930965
22 27 19 8 76619 0.9638743811375903
28 5 6 4 102200 1.0114723218949748
13 8 19 12 41031 1.017508236020686
1 2 24 8 93029 0.9127476863933361
0 13 20 5 84234 1.0754983525333919
3 22 17 25 40393 0.932394345716862
19 10 26 4 32017 1.0572687135931973
11 29 18 24 30992 1.0412190161848498
2 26 1 1 90640 0.9142949241468448
10 4 28 20 75425 1.0806818627621804
28 16 3 18 65413 1.0550274175777046
13 8 0 11 47602 0.9181594395462117
8 17 17 3 82189 1.074356456204323
23 26 2 28 57044 1.0790107164018157
18 12 22 27 63126 0.957014143193041
6 27 20 28 60693 0.9128648565705041
14 7 7 21 57290 0.9973154857979944
19 16 11 11 45468 1.0919099176245715
5 20 13 26 35955 0.9812979958760467
25 21 8 22 42156 1.0911844339035246
18 2 9 23 81052 1.0083035162616125
3 17 26 17 56355 1.0566213597465606
13 29 16 11 61546 1.0250103160363044
9 4 0 5 60160 0.9026265688729748
16 11 27 24 70107 1.0317997981293132
7 13 0 2 61982 0.972923924650555
21 27 27 15 45830 1.0385466601308482
16 18 9 10 37301 0.9233828987924205
4 7 5 20 62576 0.9390856703949136
6 19 26 4 75589 0.9589175358037703
22 17 13 22 42883 1.0450213746331871
1 18 3 28 41327 0.9460892165677919
24 10 9 28 80860 1.0556331651124728
28 19 29 10 35317 1.0256865059640548
17 1 20 23 86228 0.9403971408135842
18 22 12 15 32854 1.0266526722636007
6 19 15 11 43458 0.9473762644895453
12 15 3 9 37569 0.9544268328263126
6 4 5 20 77584 0.9283207816918547
9 8 22 13 50069 1.0947032303492041
15 0 17 26 85951 1.0826155843561112
2 10 13 18 45847 0.9533466828836643
14 16 29 23 67121 0.9483672991865955
24 17 12 23 38701 0.9642800202431432
4 15 1 7 38833 0.9768957303562851
27 27 1 29 74561 0.9590948528111752
19 24 8 4 86239 0.9871714414889929
23 7 7 26 93513 1.0174527538503646
24 26 15 28 42171 1.0309112786593129
15 8 8 15 50207 1.0070591466713785
17 15 21 8 42981 0.9904911828658243
14 10 1 25 59891 0.9721417767119375
8 20 6 3 80170 1.0639191686515692
26 12 11 4 60122 0.9899632485425589
26 14 15 10 37847 0.9313544666882716
6 9 20 25 72841 0.9275088836099322
11 29 17 0 87209 0.9885446903525609
0 26 18 12 77995 1.0401280482817215
13 8 7 14 37801 0.9249732575415244
12 27 15 16 42121 1.0663201253999577
14 7 1 0 62941 1.0964100377087758
18 0 28 20 84558 0.9928296250432346
15 2 4 3 48208 1.0634154979193595
3 17 12 3 60066 1.0958457709782325
7 10 23 13 48197 0.9962617718864387
25 28 3 21 64078 1.0941333511561184
8 10 19 16 53449 1.0179664081477908
25 9 0 13 72356 1.0593488260007182
28 24 17 6 97435 1.0889343409052834
17 15 28 7 67869 0.9866902074909165
10 17 15 6 51711 0.9843719695062582
2 25 1 6 70328 0.9888177224428404
3 21 25 24 57154 1.0096374825593544
