5824 2728 4528 4735 5542 5305 5282 4036 4655 2929 3232 4089 3975 2776 5609 2554 3724 5650 4299 4806 3165 3663 3428 5070 4190 3046 3094 6233 5961
6028 6079 6611 4027 6162 6920 5747 7479 6315 4899 6787 7162 4905 4791 4727 5982 7894 6025 6725 7688 7921 7429 5209 4835 6394 6094 4904 6499 4713
4694 4905 5655 5740 6214 7897 7161 5531 5611 5858 4538 5672 6542 6426 6195 7785 6410 7239 5088 5033 6196 5482 5725 5569 7837 8048 5307 5786 8019
6003 7663 7203 4487 3739 3895 1486 1466 2281 4303 1704 2895 2619 2996 3914 3416 2384 1589 1634 2242 1489 4402 3861 3034 3243 4019 4206 2616 1509
5744 5015 5805 6550 7094 4934 7178 6641 6368 5105 4958 3944 6755 4141 7334 5792 6678 4364 6100 6420 4918 6788 5046 7050 8127 5518 7557 7980 7098
6004 6550 7083 7060 7168 5705 6643 5985 7218 5888 7395 7029 4767 4512 4926 6409 4286 6885 5789 3993 4324 3956 5830 5210 6177 6354 8044 5465 5000
4862 4582 4770 3170 3850 4889 8390 5526 7903 6207 5244 5768 6402 6857 7235 5145 8085 5135 8143 5295 5756 7964 6939 7212 7152 5445 5021 7965 8016
4302 3428 4190 5081 3730 3002 3413 2373 3729 2990 4216 5357 2557 2821 3174 2529 2885 3497 3666 4277 7214 6521 5208 6776 6223 4730 5701 7234 6652
7346 4577 4728 6526 5700 6378 6994 5529 6181 4578 5900 6282 7324 5531 5926 5474 5432 5342 7297 6841 7287 6392 6583 5062 5743 7358 7846 7047 5412
4127 4691 3962 2074 4425 4101 3920 2715 3282 4583 3461 3141 2552 3254 1432 3481 4336 3403 1879 5156 2624 2135 3290 4469 2049 4598 4988 3795 2444
4365 6388 3820 4522 6542 6856 5250 5689 4556 5641 3722 5085 5763 4309 5092 3883 4269 6948 6977 4378 3747 3845 5679 4858 5332 4031 2439 2074 5465
6743 5763 5228 7868 4838 4984 7401 7319 6448 7852 5078 5038 5874 7051 7535 7115 4472 7754 7773 6961 5642 5888 5069 3891 3788 3152 3508 3448 4084
1578 2028 3248 5080 4928 4917 5212 6544 5184 5262 5006 6220 4684 5719 5907 5392 7692 5241 7198 5983 6788 5200 7377 5382 5875 5747 5772 5494 4678
6178 5576 6279 6421 5729 4312 4550 4954 4508 4834 5132 3516 3919 6363 3989 5471 3762 5222 6332 6433 6163 3496 6203 6674 7613 4969 5519 7397 6642
8411 8203 5701 6136 5881 7557 7082 6597 5307 5655 5897 6058 5343 8272 8621 7862 5646 7401 6534 5350 7405 8106 6086 8033 5988 5976 7296 4523 3661
4020 5973 3234 3752 5689 4548 5480 3315 5108 5056 6022 3329 6007 3606 5252 2999 4286 2681 4905 4919 4367 5302 4032 4910 3573 2644 4898 4974 3271
6387 6311 5220 5341 5045 4358 6819 5921 6052 6799 6360 5517 3807 3613 2754 1314 3249 1499 3572 3062 1981 2817 3069 2556 2122 1356 2516 2004 3117
6276 5455 7360 6418 5302 5334 4081 4488 6015 5424 5801 6019 4202 4173 6978 7107 6287 7218 6109 6939 5278 6536 7307 6282 6332 4313 7362 5369 3601
4172 3615 4748 4173 4907 5105 3754 5019 5533 4482 4522 3793 4621 4914 5181 6019 3028 3154 4587 4649 4740 5533 5764 4009 4818 6184 6160 4359 2934
3952 1389 1232 1862 1310 4102 4391 4326 4476 3396 4586 4399 1229 3384 1598 5072 2278 1785 2403 1970 4662 3054 1925 4156 4699 1805 4577 4734 2381
8469 7140 5839 7850 8287 5611 8743 5770 7982 6058 8608 8338 7128 7414 8180 7772 6576 7328 7571 7413 8806 6364 7601 7771 5764 8076 7088 5177 8196
1707 4863 4786 2598 2450 1623 2668 2638 3733 4896 2585 3246 4320 4341 6734 5870 6320 6722 5797 3901 6940 5996 6176 6333 3904 5911 7280 5152 7170
6823 4659 4659 5288 7045 7583 6092 7371 4700 7654 5435 4619 7576 6926 6831 4651 7171 6342 4572 5278 5076 4333 2753 4898 1694 4370 2926 3988 4227
4428 4893 4894 5321 6926 5549 4716 5209 5751 4623 4342 5826 5572 4962 5569 5818 5104 6728 5971 7292 6788 7043 2454 3361 4445 4978 2860 4770 3149
7847 8224 5046 5043 5303 8088 6940 7026 5549 7805 7020 8255 5739 6738 5365 5568 6177 7900 6931 7268 6347 8270 7876 8476 7149 8356 8003 7789 6025
6404 5790 5988 6157 6861 6525 7091 7547 5689 6495 4924 7015 7087 6813 8353 6352 8351 8223 6614 7872 5531 8278 8376 6398 7583 8269 8600 5783 6643
4076 5046 3297 3688 8894 7988 6501 5784 7738 6400 6665 6254 6205 5963 6438 5630 8510 5423 5885 8021 5524 5787 7811 6097 8813 7783 7833 8179 6135
4979 5725 8031 7576 4876 6997 6829 6947 6238 8128 7428 4779 6204 3970 2855 1818 1982 1370 3304 3989 2049 2478 3534 1572 3595 3346 1493 4549 1197
2709 2520 3420 4219 2741 1629 4380 3550 3631 2324 2818 4033 4106 1544 2405 1669 4143 1459 2919 1996 4390 2062 4626 2922 3201 2543 4710 2047 4679
3197 2275 4367 4692 3442 5488 5018 4170 4652 2601 4270 5739 5142 4561 3106 5746 3591 5728 5321 4545 3732 2736 4982 4791 3701 4298 2798 2860 4631
3804 5057 6406 5027 7055 7835 3748 5526 4625 5889 6832 4638 5777 4149 5956 4114 3789 5280 2642 5916 7580 6618 6769 4405 2939 7350 6668 4940 5526 5798
2628 4934 5670 6788 7564 7375 4516 6258 6922 4597 6046 4618 6895 2703 5517 6958 2144 8069 1892 6053 5211 7013 5466 5442 5657 6497 6169 4605 4990 8028
2552 4790 4883 7217 6172 7656 5540 4451 4984 3731 7824 4656 7194 1362 3307 4987 4283 8400 4674 4472 5709 5333 8681 4954 5032 7416 5956 5021 7665 5966
2640 4887 4176 6507 7213 5536 3292 4130 5571 5599 6340 7407 5442 4025 6081 3503 4315 6698 3356 4940 7451 8189 6553 5206 5205 6234 6522 5395 7384 7278
3882 5042 4032 6430 5868 2591 3948 4064 6254 2722 7656 6936 5548 5141 5613 4429 3726 8105 7136 7749 7911 8218 5266 7360 2381 6953 8791 6051 5476 8315
4175 4048 4122 4766 6927 3635 3688 4888 5952 3784 5782 6514 5287 2840 5281 5261 2738 6464 6989 5875 5815 6277 6636 4870 3271 6706 5666 7425 7208 7282
3984 4290 5486 6013 7364 3538 4975 6520 4560 3090 7732 7149 5997 3371 3070 3694 3511 5400 6553 4578 5176 6504 7203 6401 5741 6146 8323 4148 5671 6939
1918 2863 2321 7397 6831 3882 4562 5706 5654 4503 7934 6423 6646 3319 2456 6020 3722 5363 7089 4914 8175 5293 5816 5186 3077 5065 5565 7166 4894 6528
2015 3361 2694 5557 6688 2121 3574 4671 4395 2759 8006 4424 4862 3234 2433 4277 2266 6248 7762 6913 8074 7793 7546 4484 4994 6269 8629 5114 4861 7868
3962 3641 3690 5401 5449 2021 5384 3386 4345 4168 6500 5547 6349 4059 2569 6201 4868 3921 5914 5967 7244 8582 5686 5393 4532 7139 7393 7096 4274 7158
3929 3495 3824 6318 6522 3357 3143 6041 6744 1118 7330 6629 6406 5416 2468 5741 3950 5608 6936 6646 8532 6776 6720 7051 3049 5791 8223 4694 6079 6483
3935 4301 5158 7865 6495 1800 2830 6443 6524 3176 7764 5255 4856 3547 2927 4943 3229 5669 7464 5104 8539 6373 5595 5100 4319 4579 7959 4171 3817 6663
3285 5280 3230 7359 6741 4844 4740 5034 5851 1725 7351 5555 7469 3769 2935 6499 3320 4886 6747 6826 6244 5794 5707 6828 5236 5637 7974 3835 4303 8296
1638 2733 4692 7271 6948 1853 5319 4597 6431 2882 5957 5515 6306 5169 5230 3789 3763 4145 8034 5759 6605 8507 4475 6475 4264 5353 6076 3345 5525 7106
2666 2186 2229 7555 5536 4145 2458 6605 5453 3684 6608 5815 5976 2560 2316 4973 2403 6387 6020 5311 7033 7942 6790 5355 3741 6926 7130 4523 3869 5535
3959 3425 4694 6619 7562 2176 3862 3335 5051 2772 6064 5831 7199 2874 3892 3794 2145 3888 6245 5534 7085 5199 5672 6534 3139 4758 8241 3965 3509 5063
4008 4363 4033 6493 5873 4784 3912 3830 5617 1142 5534 8246 5650 3276 3801 6037 4258 5921 6504 5468 5322 3781 5599 4219 3185 5608 6371 3954 4278 5901
4136 3703 3692 5326 7712 2769 3615 3137 4690 2291 7046 6576 5334 3062 5410 6474 1602 4711 8589 4848 2773 3545 5505 5810 3957 6353 8723 3344 5304 7104
3246 5352 4122 7445 5536 2241 3063 5235 4207 4389 6632 8137 7574 5586 4970 4176 4652 4700 7563 5380 3540 3959 6210 5372 5280 4781 5395 5200 6199 5290
2254 4975 2955 5122 7289 4021 4920 4930 6407 3291 5612 6952 4587 2826 2821 4641 4261 3604 5496 7609 1566 2360 7647 4502 5594 7687 6821 3256 4447 5427
2645 4553 2533 7331 5883 4354 5583 6114 5393 3727 5170 8257 5876 4938 2936 6744 3112 6469 5607 4284 3400 1847 6353 6123 3953 5216 8411 3805 6092 5700
1640 2450 3708 5250 8349 5017 3022 4194 4970 3663 4381 6586 7570 2458 4471 4702 4511 3515 5655 4348 2660 3623 5415 2905 6630 7350 6145 2302 5905 6203
3744 5232 2866 5282 7807 2172 4321 4982 4634 4490 6214 4913 5203 5098 2866 4276 3806 6168 5949 7591 3986 3010 4591 5287 5679 5080 5516 5431 5292 8238
4542 4681 4221 5855 7003 2034 5068 4977 6631 2648 4016 6061 4886 4250 5184 2683 4635 3702 5456 7707 3785 2096 6169 4578 3934 6054 7043 2904 5593 6217
4586 3508 4789 7530 5372 2192 3611 4172 6364 2473 5907 5615 7969 5161 3991 1967 5645 6075 7211 7619 2451 3502 4944 4306 3559 7120 6759 4572 3197 6513
2368 3917 4114 7040 5395 4071 2617 5509 4635 4264 4302 6010 7595 3010 3960 3675 5679 6387 6730 5997 3099 3725 6810 5359 3712 6885 8567 5382 4845 7628
2519 4480 3767 5613 5049 5214 3226 7062 5665 1420 3777 8226 7632 3247 3171 3397 4212 4067 5375 7345 2977 3680 7678 3528 5679 6539 8647 3526 5603 5126
5022 4911 2064 4907 6601 2159 3619 7209 4009 1791 6499 5412 7190 4612 2363 3206 5066 5461 7562 6577 3628 2436 7649 3389 5082 5036 7574 2989 5688 6455
4496 2598 1896 6192 6945 4275 5223 7057 5096 1128 5508 7133 8297 5775 4462 5140 5419 3793 8690 5903 2829 5077 5491 3169 6124 6448 6797 3471 4064 5285
25 19 4 2 128301 1.0496449267085701
4 3 14 24 110706 0.9369232406279316
9 17 13 7 45889 1.0666036840276667
4 3 29 26 151540 0.9619034545840874
17 15 20 4 55136 0.9085374798840173
27 20 24 7 55029 0.9444880661858216
25 2 21 10 40976 0.9169840165092714
16 0 15 10 50134 0.9022594638008988
14 26 14 11 62807 0.9775852871223609
13 28 9 21 39491 0.9961086378336768
26 27 3 13 113957 0.9504831825624523
26 4 12 1 60602 0.9024250826239416
26 5 16 23 84768 1.0938398383483536
10 12 6 1 54746 0.9103771699606443
8 20 17 9 65419 1.0613330627590005
20 4 16 23 77496 0.974014187057049
1 19 12 3 84391 0.9310916888469397
18 10 2 0 81897 1.0966999782620026
26 8 5 27 142546 1.0973704596371838
4 12 3 25 42265 1.0520777205227063
17 1 13 21 99507 1.0098668696271476
26 6 24 20 59439 1.0206876082757763
24 15 24 25 51234 0.9549302777405821
25 7 10 13 75104 0.9781556956317479
12 0 12 14 63013 1.0992710362669278
10 15 24 18 65431 0.9052492773288225
19 1 19 14 40082 1.070192934858677
3 1 27 22 139087 1.0359913053444276
25 15 23 23 44084 1.0292068634506892
3 8 22 13 75917 0.9489353025821328
5 10 22 17 85841 1.0784625478523586
16 24 9 27 37623 1.05270961005874
29 8 16 14 62694 1.0152129164215293
27 5 25 16 47101 1.0837304021616512
1 23 11 10 78425 0.9389372242750069
24 0 21 26 107124 0.9693444091099531
29 17 26 1 61282 1.007124505547076
7 4 26 10 81812 1.0542679978133718
10 1 20 27 118160 1.0839868132708808
2 26 25 10 129860 0.9257278051391341
27 6 4 23 129949 1.0015005783118223
0 3 29 6 115908 0.962560829250598
19 13 0 3 98033 1.089243237965996
8 0 27 23 126744 0.9257429662757929
15 16 4 4 78651 1.0272284904287226
8 6 25 29 131117 0.9669304809717337
16 5 3 17 73653 0.943194980622979
0 11 10 23 72494 1.0159035209154053
7 3 18 13 68966 0.9637206584211319
23 0 22 22 86248 1.009425941827978
25 15 10 23 84561 0.9548839061466663
7 24 1 1 98359 0.9349010637494602
25 23 16 1 101360 0.9955375884515718
15 0 6 22 106451 0.9386634096550047
27 18 17 21 40689 0.992745912635749
9 23 29 2 124889 1.0700132573516397
0 7 6 29 100559 1.014139439841626
28 19 0 2 144138 0.9215389426638043
17 8 11 28 88147 1.0108911339873972
2 13 14 26 89145 1.0801748428374502
19 6 22 17 52723 0.9186709253200173
14 3 12 19 86505 0.9034763322067153
8 7 18 6 43186 1.016423556810638
29 18 7 17 91746 0.9202871273778126
19 9 0 17 83160 1.0756171522303755
9 14 2 5 51392 0.9614435060379474
10 5 7 24 73306 1.0187185987616467
12 5 18 13 52916 1.0508003948623137
7 9 23 16 73963 0.9937941634591583
9 5 19 0 39735 0.9324173947956323
18 17 8 4 74123 0.9439975702373665
24 26 26 16 52945 1.0851822167869012
3 13 29 0 113526 0.9842253995814791
26 21 29 3 63834 0.9739696040426615
15 28 24 16 62326 1.0868894765436368
19 15 2 7 76594 0.9052979880051824
17 11 10 21 66307 1.0280585293676852
24 26 22 11 82455 0.9588700516019109
23 4 5 3 73807 0.931308102716476
23 6 14 27 92040 1.0059444791625167
12 3 9 23 75931 0.903190463798994
22 18 27 11 51970 0.9128560691338142
28 16 15 7 65683 0.9594576190740616
14 19 27 28 71583 1.0740908175993151
12 19 15 6 73427 1.0345342641101918
28 27 2 27 118614 0.9519641479811649
6 1 12 24 98308 1.063126783023343
4 6 8 18 57418 0.9352838395918427
26 23 12 8 91682 1.0240755874725107
16 7 24 23 80343 0.9139933136470649
21 14 4 25 97007 0.9531776035501545
19 23 7 21 67783 1.012164108568377
10 0 22 8 60821 1.0385182665562778
27 8 13 8 53882 0.9885755402804333
18 27 7 24 49643 0.975373672673296
10 3 13 21 90475 1.0582032946580398
0 28 1 12 70122 1.0764518350969112
17 3 9 25 101963 1.0151417369360243
26 22 5 14 89205 0.9255107073424632
23 2 9 3 52955 0.9681158612350363
11 25 1 0 117650 1.0188764704699746
1 1 3 14 53796 1.0371527420998685
14 9 0 19 72422 0.9969334472466503
7 14 23 9 64398 0.9287182283093723
2 14 13 26 82495 1.0261967232046687
29 7 6 29 148296 0.9972982590233868
7 22 24 18 98297 1.0144187903595205
27 2 0 20 136706 0.9342037313884217
16 6 10 23 84638 0.9545025434443203
2 1 17 28 129439 0.9505802331728395
10 19 13 10 50327 1.050919869151959
9 5 16 27 85213 0.9090318890995587
20 3 22 15 53731 0.9454020581422911
24 20 8 20 79857 0.9521288384421693
13 20 11 11 54322 1.073851910652091
16 20 0 15 68108 0.9115737793916682
8 26 7 5 82828 1.0433537274037092
13 10 6 23 73636 0.9609405616090566
23 8 18 1 36053 0.9367954552262753
25 16 18 13 38635 1.0338604464328207
21 19 10 29 68991 1.0905192591843056
5 1 23 5 72796 0.9707209125500011
1 23 10 21 55389 1.0317288559882147
3 28 29 6 146674 1.0398775638859292
20 2 25 12 54737 0.9854313744969672
21 17 1 1 123155 1.0600197968625438
3 26 23 19 101173 1.0391060160704924
12 4 19 24 90712 1.007518868902671
17 16 5 23 70686 1.056029294313512
5 20 25 6 111503 1.071541097877054
16 23 15 10 45162 0.9141066915856357
0 3 14 25 128370 1.012985994925673
27 20 7 1 116293 0.9750210293635005
2 26 0 11 60457 1.0472789979623833
15 25 8 17 57918 0.9320007478858332
15 6 16 28 74675 0.9371963873196703
22 13 13 28 70621 1.0158288303330028
20 4 16 11 46662 1.0856323048046277
28 12 6 0 101387 1.0131947249319955
16 24 24 21 32663 0.9078956390110234
8 19 9 28 40017 1.072517954148501
13 10 6 21 65678 1.035267173192417
18 21 5 23 66341 1.0240421792322372
19 4 21 27 82644 1.0314557192016809
15 0 10 16 72419 0.9802534568418317
26 7 29 0 32723 0.9226894787253511
20 25 1 13 97660 0.9224888269170572
24 28 20 9 83730 0.9997731572077816
3 26 16 6 103524 1.0627054692357136
29 28 6 4 137705 0.9339190836597138
3 23 26 13 107073 0.9959283615875153
18 17 8 8 59961 0.9140726958159815
21 12 21 29 72644 1.0835371187798737
11 27 6 13 61315 1.0419822532419114
14 13 21 26 65222 0.914739218750333
29 2 3 12 105435 0.9721757764225825
18 21 11 1 94811 0.9338772662859944
20 24 21 0 83430 1.085966386453442
11 0 23 19 104917 0.9320437317741597
12 10 6 4 40891 0.9797141250605994
27 22 0 23 116832 0.9983319473845862
22 6 29 9 33721 1.0999995415958719
14 16 7 0 78258 1.0351446817974237
8 29 7 7 86840 1.0276389633681333
7 21 13 12 53312 0.9872695363747521
28 14 6 16 81440 0.9082923077037633
13 13 19 22 44948 1.0295072121223157
19 11 10 22 72609 0.9465499582297263
16 8 28 12 50816 0.9808101301257928
24 24 8 29 81618 0.9884127358898555
26 25 10 25 83376 1.035519353518503
23 26 1 27 106706 0.9308543662085838
15 24 16 6 73678 1.040354152529555
15 29 1 23 79142 0.9628398766302981
28 15 24 8 32727 1.080872972682132
25 2 12 13 80888 0.9653468231152051
4 0 10 20 91132 0.9462899922531612
7 14 16 25 55221 1.05963211729536
18 2 18 16 54137 1.0634973575801654
20 20 0 12 82195 0.9006475868077919
2 3 12 4 48852 1.0899287982698262
27 15 15 29 72860 1.0486887904218976
28 29 8 29 94545 1.0637918388897245
14 17 0 7 82404 1.088563315153715
20 21 6 15 61859 1.0645072249484504
19 6 15 16 48553 0.9723322865729107
29 2 22 15 61507 1.0428599828425085
17 23 23 29 47059 0.9388799940759797
6 17 16 7 64379 0.9283893624803177
10 4 7 22 77380 0.9522640174260812
10 9 18 13 36208 1.0765741068288754
28 0 24 18 73328 0.9355306079248531
29 19 8 8 96114 0.922952478635467
27 0 12 22 122515 1.0384265949145082
3 2 8 8 42100 1.0726272045227576
1 26 12 15 77739 0.9151066680563894
6 2 16 21 90443 1.0671276739033468
26 10 12 5 65787 1.0235923161855252
26 18 15 20 53573 1.0911167144466245
13 12 7 1 56591 0.9017438460478916
20 25 28 7 83193 0.908537109669045
22 0 1 21 119031 1.0255763409730052
10 16 3 27 57249 0.9529729881626741
16 3 17 19 75770 1.0414342271110386
11 24 0 17 63770 0.9022195332057472
26 17 17 7 72085 0.9754750281233755
8 24 4 0 101649 0.9150835467238131
18 10 23 17 47694 1.0518320044441003
3 18 11 3 73130 1.0620049572677397
17 8 3 21 77893 0.9563214149849117
7 16 0 12 36090 0.9760640318273625
15 9 17 18 42221 0.9307466747149564
24 22 26 12 49966 0.9397509283587097
22 18 27 12 47191 0.9936413455315302
8 3 3 18 65151 1.0991888440356272
12 20 1 28 85532 0.9947220078418262
23 6 20 15 46633 1.0462533335259259
26 23 16 15 55775 1.0412422768671337
11 22 14 8 72219 1.0648243347207227
9 24 11 9 54482 1.0039073241215548
11 18 21 9 67319 0.9935807924531329
15 5 26 8 52892 0.9675913901675175
14 27 14 12 54745 1.0587749724737958
24 22 0 6 124866 1.0233999602715256
15 11 3 25 80147 1.0532905021506103
3 3 27 22 125766 0.9015540191536809
27 29 19 0 105850 0.9876216167363439
25 23 2 20 109216 1.012813509290966
0 24 15 1 117997 0.947161456604898
7 15 11 27 53838 0.903050106570408
7 18 11 10 42520 0.9502129516583321
6 18 2 9 47032 1.0821632208321679
25 23 16 19 44420 1.0626255750220532
15 12 28 3 72500 1.0308856739265995
4 5 9 29 95190 1.0458822788107225
22 14 4 4 91206 0.9241449390959426
0 20 29 14 118967 0.976463968028036
19 6 0 11 82703 0.9854796495390301
4 26 16 23 63945 0.9596223196251322
9 1 20 2 42823 1.0217209767348052
6 14 3 0 68607 1.0650538830307121
10 2 27 20 111540 0.9508532325025767
8 3 18 18 81512 0.9244875175934347
16 27 29 25 57232 1.0795888184077376
14 20 21 4 77860 1.0908378398226928
3 12 17 14 51844 1.0323677424065631
11 22 22 16 64992 0.9211835905079738
11 12 26 3 84485 0.9989519331543102
8 3 26 19 114489 0.9546019073928832
24 15 17 12 37580 1.0090660381254486
12 18 8 7 56772 1.01503210245585
6 18 27 27 103540 0.9294741427466453
6 2 23 5 66516 0.9267140608167795
8 27 4 21 53468 1.0142582407314968
2 8 20 4 70518 0.9579855248229615
13 18 3 5 73000 1.096956418346025
0 1 6 13 65402 1.0774428357503132
7 4 11 21 74476 0.943215228154972
18 15 24 28 66023 1.0114792072143353
8 7 3 0 47533 0.9721176658522563
25 5 9 8 59724 1.0919415332901454
21 27 6 13 84844 0.9644067467169316
12 16 24 24 61744 1.0158814188953893
8 22 11 3 81085 1.0569398073754865
18 4 29 10 50361 1.0594749571840278
11 13 7 29 76130 1.0633293447392487
1 4 28 18 128675 0.9130642181320516
2 14 14 10 59005 1.0873753223865632
23 6 17 21 67091 0.9438797665828795
27 10 14 9 48382 0.9909716402949154
28 21 14 24 52886 0.9955244571969664
10 4 27 8 78744 1.0823757020407099
12 12 4 9 41808 1.0113137636203506
20 20 2 4 100566 0.9947494779364905
5 22 27 7 126865 1.0207207941465999
12 24 21 15 60117 1.0268425481274956
5 24 2 10 53255 0.9512905263478837
11 11 24 11 64605 0.9622406460480936
19 22 20 11 38786 1.0340139385899012
15 12 12 29 68249 0.9631936993100644
29 8 1 26 142789 0.9793450967070413
18 6 15 21 64305 0.9118799495129494
6 22 9 3 81321 0.9256742863988329
1 6 15 13 71948 1.052066154854594
18 11 24 27 72887 1.0972123861778407
27 0 11 22 128110 0.9399766750769392
16 1 24 13 65101 1.0121344264728644
15 0 26 24 112698 1.0157747300585074
0 16 9 29 73394 1.044294115184218
28 20 12 6 93008 0.99998540418405
15 25 9 10 67330 0.9066805242328294
19 25 12 10 73724 1.0785477085855817
0 6 10 17 66815 1.0648321077779923
29 12 18 18 60344 0.9288747209382315
0 18 5 12 37116 1.0864632172385544
2 11 28 29 130316 1.0184557776823207
5 5 27 24 119956 1.0238691697868565
7 27 17 28 50191 0.9815444241954683
7 7 18 10 40804 0.9237424057708203
14 12 28 21 65815 1.019053627918407
24 18 1 19 102826 1.0805586190294167
9 18 7 5 47999 0.9266832168752323
15 17 23 11 52473 0.93432495127894
19 28 0 22 97438 1.0865455985617236
11 15 4 19 45317 1.01462821186391
8 17 18 11 52288 1.022372750106166
8 23 5 8 69142 1.0854045826738907
25 18 11 16 64166 1.0118895538493253
0 21 16 9 86849 1.07424777787528
17 27 24 1 107441 0.9533232881878207
29 20 7 0 120473 1.0703153188315604
20 29 29 9 92150 1.033448075090583
16 8 24 3 49540 0.9562981475621444
29 1 12 19 117703 0.9283914838032518
14 10 25 1 66563 1.0312262840253479
9 1 3 24 86860 0.9212268934533073
1 24 23 27 96924 0.9851992758999284
8 4 26 20 102233 1.0508775340155798
1 6 9 11 45790 1.079722630160048
14 17 24 9 61228 1.0313782298243
23 12 2 18 91270 0.9072914757797169
19 8 23 23 60446 0.9736268884836663
6 5 4 18 48861 0.9596420896602988
5 12 13 28 80490 1.0864144644766938
16 9 10 22 66648 1.0267047797707212
0 9 6 26 76854 1.0038142762694573
13 2 10 22 84805 0.938658666080785
3 9 18 19 77642 1.0475191943363866
17 18 8 19 50447 1.0721794650719965
21 10 2 17 89947 1.0325223751445813
5 20 14 18 61157 1.0022124802137458
29 22 13 4 102196 0.9246025945113233
23 29 13 7 104617 1.0033694874657018
28 5 0 23 142161 1.0468720201974668
26 27 7 23 88563 1.028956494855436
2 11 20 19 84249 1.0709400338067698
0 11 8 19 55141 1.0717321184590127
1 29 19 2 135689 0.9232205786081239
17 4 0 11 79427 0.9799744873843317
4 25 27 20 101490 1.0132549771934631
21 16 0 23 94243 1.0758715889792392
1 13 20 2 82161 1.016427291284888
5 17 27 22 87600 1.0120203421486171
10 13 1 12 34959 0.9875092725235189
28 18 5 13 91301 0.9891679750763488
7 28 0 15 73228 1.0098424909554224
17 8 6 15 55430 1.0189204653028539
3 15 7 22 42814 1.026957208208907
28 15 29 0 48168 1.0138601223010555
27 9 10 8 53711 0.9054443442328372
20 7 4 11 68000 0.9584853871057464
5 15 14 25 71702 0.9521454373460234
26 7 14 2 58312 1.0623365281847268
13 1 15 14 66038 0.9398628934912157
12 8 29 25 102927 1.0802926495994074
3 29 21 2 127183 1.0171420999484726
14 25 8 2 103307 1.0900554121897124
22 26 21 7 76029 0.9437871646349442
20 26 2 1 141428 1.0279194857606626
0 6 27 16 118038 0.9649064409003092
29 20 7 3 115949 1.0493256242579379
29 2 18 12 70001 1.0867973908712367
22 25 24 12 68185 0.9331880529854223
8 19 0 0 95519 0.9303720235103851
7 13 13 18 36974 0.947116903067195
3 13 24 11 91522 1.0237321764031293
26 13 28 26 42374 0.9028277561469812
29 12 3 13 102830 1.0511301930487698
7 21 26 0 124654 1.0668206045093018
2 9 13 16 58619 1.0723966238858633
29 12 19 0 63269 1.0466589745194894
15 8 4 9 38719 1.071186100588607
17 8 19 21 49457 1.0562318741092267
7 25 1 16 49883 1.0700225073941985
27 18 2 16 96454 1.0368186155169172
15 22 23 11 66263 1.0010674709472236
22 22 11 22 54504 0.9791945434149882
0 14 11 14 39114 1.0657529860043944
19 7 12 28 88164 0.9944618729583935
20 4 29 24 88198 0.9872656693526697
3 20 1 29 42373 1.041041662183653
3 8 17 1 67394 0.99409985278533
23 24 12 7 89944 0.9252499366624551
29 16 21 21 39071 0.9542545943071974
0 10 18 28 108387 1.064687929140679
3 17 21 26 98447 0.9302114980279663
4 4 10 17 65375 0.9623151340222176
25 24 29 14 41167 1.0854487738042673
10 20 10 5 57906 0.9598378231694733
12 1 18 14 71842 0.9121215139659737
7 23 26 5 114910 1.0224030523959227
22 1 28 15 65788 1.0396338977960125
18 15 24 11 40887 0.9326213988834077
14 16 9 0 74331 0.930567227721594
19 1 26 29 107024 1.034313697022846
17 12 22 0 55886 0.9313820282701367
12 29 19 25 42768 0.9053854415908967
20 1 20 17 57609 0.9275627044004789
17 19 15 0 82747 1.097742781932097
25 19 13 19 57021 0.9089694496340746
11 21 27 9 105289 1.0631110202769656
26 8 12 26 112208 0.9675103172567614
23 21 7 5 94728 0.9639926027628124
10 29 24 21 70729 0.9714609048420497
10 9 13 22 69313 0.9715748557109699
11 20 17 13 52420 0.9585975318278748
6 3 20 11 72618 1.0210143254740567
26 10 0 17 114116 0.9474746645215666
21 5 14 13 48648 0.995412755307645
22 24 12 21 58541 1.0745895435841062
7 15 29 15 83312 0.9894994734022489
27 20 17 22 39932 1.0531968621106083
5 24 22 9 104307 0.9371673777699367
15 5 22 18 73530 0.9583683413582863
24 2 3 20 109599 1.0860551022124727
8 16 13 0 65513 0.948261387304729
19 18 29 21 37859 0.9729109096812182
11 6 12 23 80047 1.080481828787037
15 29 14 3 102165 1.0992312214696425
20 19 6 14 58951 1.0861099473286808
4 23 19 1 109663 0.9768248359140485
3 12 28 7 93654 1.0911428594288461
9 17 16 23 46249 0.9697872761610483
9 14 2 0 71448 0.9002774877860685
16 15 21 2 59088 1.0938652689882145
11 20 12 3 81603 0.9753699387833615
17 27 17 8 69074 0.9337751193944117
19 2 16 29 86972 1.01310790841557
8 28 18 22 58465 0.9164459163411682
24 14 26 25 46207 0.9238859233002834
25 0 5 27 153768 1.0245808128897793
6 14 23 2 85424 0.9448203293519684
14 16 26 7 74163 0.9059013253544563
24 9 9 12 56351 0.9583212575722808
18 13 5 29 100333 1.0218187521655526
23 1 26 11 62566 1.0921977979673043
14 14 21 23 49490 1.0102913414578092
29 20 18 26 53383 0.91423814694829
25 2 5 13 95317 1.0097028837827435
1 27 26 11 143660 0.9212927467389815
25 24 10 18 83699 0.9212957569053227
5 19 0 26 48581 1.0508365699254623
18 29 2 0 140172 0.915060516080416
23 0 6 26 138206 0.9034981403163324
2 6 19 20 90734 0.9288432925942305
11 5 26 13 78673 1.0741752362505987
14 8 16 17 43209 1.0116518863488206
9 18 4 2 71481 0.9995914323660129
12 29 13 14 67193 1.0323803056577086
23 5 1 17 108410 1.0289583201781702
3 0 22 4 77040 0.9107862700720408
13 29 22 21 53700 1.0377351622867146
22 4 20 23 74722 0.9378067391177898
28 14 20 4 54569 1.0022874780571394
21 25 19 14 42354 1.098545578957823
12 13 3 17 40949 0.9730940098789732
0 16 25 6 111515 1.0282268118044735
13 13 7 23 54668 1.0426393250110135
10 3 20 21 92387 0.9631041068677085
0 10 19 22 95666 0.9713630669795041
14 1 2 28 123932 1.042361365753652
12 28 3 23 52997 1.030342788508702
20 18 6 12 62740 1.0467577415778258
14 6 16 26 72613 0.9318456412877056
18 11 29 5 58207 1.0751524708586748
5 18 11 22 50390 0.9389724150242721
23 25 10 13 78343 0.9971538196317995
25 26 13 28 58275 0.9017583429434275
25 28 17 9 90316 0.9633364761905459
12 28 1 16 77025 1.005227737671689
18 3 18 29 97295 0.9015848324292076
22 0 2 28 139731 1.0513105947684407
12 29 21 21 53816 1.0867884773470944
12 20 26 11 95097 0.9017743562404752
28 23 21 16 48796 0.9398598330293557
0 3 26 15 128405 0.9266429460562376
29 5 19 28 100813 0.9212613264961893
24 9 9 17 71406 0.999149317473867
1 11 9 19 52406 0.902819737257223
5 12 7 0 57095 1.0467314056364958
23 2 27 11 53079 0.922342701613588
15 6 23 2 32984 1.0949672728559647
27 11 29 22 38983 1.0293895908293447
19 15 4 29 103046 0.9333420790866593
21 5 16 13 43214 0.9952669374841634
11 12 22 7 57029 1.0703642491987218
23 24 7 21 85538 1.0967997257857518
9 4 1 12 54142 0.9037385379284262
14 20 28 21 53663 1.0718111783117379
24 26 1 5 145269 1.0876308241187185
22 0 27 10 55792 0.9934567515440473
13 0 21 4 37866 0.9926218373669322
1 0 7 21 98292 1.0050969484960983
14 20 11 27 46974 1.002588789068106
22 27 12 25 48407 1.0375466003849794
1 6 27 1 101984 1.0663875731795682
14 29 6 6 104567 1.0445940494728279
27 14 13 23 76745 0.9988453750157107
12 24 22 4 99017 0.921074122999454
18 12 9 5 49773 1.0123826928440511
20 27 14 5 93424 1.0659602022800265
17 0 11 10 64122 1.0164937022557992
10 28 23 6 110159 1.0136807470908122
28 16 3 16 91876 1.0119809493679544
15 2 16 15 60781 1.0807678067494713
20 9 1 12 73586 1.0958100794246899
25 20 17 6 69819 1.0777715290611238
24 9 19 24 63716 1.0470735428742706
11 6 28 5 60830 0.9941771401961615
12 26 12 1 107371 0.9629946859196858
9 3 19 22 87680 1.0192594658941827
17 8 25 12 51421 0.9043519638852818
26 19 3 0 138771 0.9990524012838137
16 15 18 4 54441 0.9764879725700903
12 26 26 10 109667 0.929634818791906
28 13 29 27 43752 1.016717945950608
24 25 6 20 103650 1.0285101842671769
13 18 2 20 58187 0.9316382505676376
25 13 5 27 125705 0.9019504813251855
13 8 12 28 87202 0.9441220713331906
18 9 12 28 78446 1.0005008924035117
26 1 26 24 82265 0.9749311301886991
18 14 24 1 65299 0.9546465033094786
13 25 29 10 99530 1.059881145522743
5 15 27 3 112008 0.9718515638206685
3 27 10 19 59778 1.0516190840848159
1 5 18 22 109444 1.0073229856466381
17 15 9 12 36934 1.0682012310521936
14 14 15 28 43588 0.905597935359392
27 4 1 11 108341 1.0228540516166258
9 21 27 27 87844 0.9377230699893191
13 23 23 26 53964 0.9253462640181582
26 2 15 7 50811 1.0504656721480885
7 26 14 13 72749 0.984780724252266
22 24 21 9 63594 0.9405898540626059
11 10 26 25 104229 0.9487777682397908
10 14 2 17 38144 1.0583453934119114
1 11 14 11 62359 0.9444291332229034
14 8 4 19 70796 1.015226169692164
28 3 5 23 140514 0.9267423059702059
0 10 27 10 101054 0.9141488331966414
21 8 19 16 34415 1.0501646361316963
27 13 2 13 92286 0.9400487380864689
6 28 9 6 89969 1.0021069598992314
22 1 6 0 51737 0.9767248331697863
12 18 25 16 58682 0.9324311764401569
7 1 13 21 97479 1.013147143751484
2 28 2 13 54072 1.0118652292716879
17 5 23 18 72739 1.0879866228882153
8 17 10 27 44862 1.0048376985611174
9 22 26 23 85622 0.9483861022772628
28 5 16 7 48769 0.9374049918291225
24 25 27 7 76628 1.014137433865502
21 13 0 23 101897 0.9879678345499482
17 5 26 9 41585 0.9517001116859705
0 10 18 25 102767 0.938842130506108
28 10 17 6 49293 0.9643625123046521
24 12 4 8 85421 0.9002211231613353
10 5 25 17 97621 0.955986733932263
13 13 19 8 39037 0.9066054365180621
13 9 6 19 52396 1.0312610538987574
12 18 7 1 79026 0.9520038129161094
22 21 12 24 43937 0.9793230059449151
2 28 18 18 98382 0.9761317265180496
28 22 25 11 46194 1.0301763703684608
23 23 0 21 112225 0.9306041366342441
27 19 12 7 86466 1.0438149214684649
24 15 17 3 69957 1.0028863338600318
27 13 4 6 101333 0.9929552013942435
21 23 6 2 114693 1.0510559542602234
8 11 14 27 74956 1.065864490710285
16 10 1 3 79411 0.9652477159920856
5 0 8 29 120282 1.0707957741075378
24 2 8 9 67454 0.9901640306133377
1 11 24 2 95184 1.0219774802487724
15 4 19 20 66834 0.9112934477534403
29 27 1 10 137645 0.9968283693205819
29 13 9 4 92437 1.0288894720240278
10 24 27 3 126930 0.9851635780250823
11 28 28 28 71739 0.9781703195167265
29 16 17 10 64189 0.938878399632096
19 11 12 0 57960 0.9904161789151413
1 10 10 26 89265 1.088601990904356
23 22 6 23 85301 1.0216658158741239
25 29 24 14 63007 0.9015998334997039
2 4 3 20 48735 1.0353855964517549
28 18 13 5 82255 0.9457137280212974
11 22 29 25 86969 0.9732598549532813
8 29 4 10 91046 1.0188432468936404
3 12 15 20 68943 0.9692658716869215
20 17 2 22 80503 1.0792111808611102
1 1 14 15 92564 0.9145245559036297
14 13 8 6 46248 0.9180087837498235
23 20 19 6 56905 0.9458510238127051
14 2 12 17 79767 0.9787019090900739
9 6 22 29 111045 0.935112395983045
22 21 2 8 99718 0.9882809265428595
5 25 10 19 46901 0.9820744235653748
10 8 9 24 56823 1.0615689349056152
2 26 10 18 63354 0.9108621597905523
28 2 6 4 78802 0.9602496369221536
27 7 2 2 106857 0.9204567453536262
4 10 10 14 35707 0.9157863893668657
7 29 28 7 138588 1.0892887968542408
10 21 7 9 51453 0.914849429762041
27 29 18 12 75030 1.0631519172775166
26 27 22 10 77138 1.0644602351260914
11 6 21 21 79624 1.0114344509427637
6 6 25 10 75886 0.9825451710847843
7 16 29 1 110020 1.048899972093951
5 20 27 18 102375 0.9064665125671267
14 10 14 22 59055 1.0312571230514724
13 21 25 11 91098 0.9752686482383861
22 7 9 10 49513 0.9379226720423719
19 17 25 22 35536 1.0545517067731667
6 23 18 8 89289 1.068358329908401
9 14 26 9 68894 0.9740934881655408
9 23 27 22 78797 0.9212598213348345
3 24 17 22 64173 0.9422616447118038
20 26 15 7 78239 0.9608228238972601
11 8 25 7 60223 0.965338870982088
16 13 8 24 62124 0.9240820836755292
12 27 7 18 55367 0.9926783333065121
4 17 22 0 104528 1.0623796088200899
10 22 25 3 116583 0.9176823154444413
26 4 9 7 70057 1.0237259847998759
3 1 1 27 95796 0.9010240216574636
20 24 19 11 43509 1.0217949034125275
1 25 9 10 75008 0.9108072330687852
1 10 5 22 56639 1.0104456724600488
16 0 1 20 105430 0.9726013403704283
17 6 2 9 61423 1.0182358465376393
12 18 6 8 60232 1.0638033427856908
29 10 0 2 120447 1.0380617213481158
3 25 8 15 46717 1.0506372018772185
11 17 26 7 88947 0.9288106664518896
13 3 1 4 62950 0.9421069972775619
14 26 4 16 75885 1.0472564270587061
14 22 9 4 88063 1.0862538508228465
13 9 27 15 64539 0.9953227073724258
15 23 21 27 33602 0.9942470709362826
14 7 6 15 52994 0.9351503730556192
4 19 27 27 115442 0.9608006015304955
0 19 22 29 119188 1.0435036465125704
2 24 24 20 95436 1.057752322184672
20 29 7 13 86954 0.9983049724592177
13 9 21 29 92380 1.0668818236786013
1 29 25 29 128452 0.9860060413751619
27 24 28 2 65709 1.00699208522811
15 20 13 7 63240 1.0721394290729154
5 5 11 16 56251 1.0707619591547906
26 14 12 21 82393 1.0053377199459046
5 10 14 26 97754 1.0178568154417567
10 16 20 24 57149 1.0855073332099747
12 2 0 9 63877 0.9525600833131868
14 25 12 16 46304 1.0351057242491584
22 11 15 27 71373 0.9204803484748346
21 21 3 20 79622 1.0351786233136961
16 26 19 4 76241 1.061357649917205
2 5 27 6 90812 0.9489364069255005
2 19 10 15 39108 1.0309404170201637
2 20 14 11 68652 0.9312548482653293
20 20 26 7 70066 0.9678043819669115
20 3 1 24 120681 0.9440228532408883
29 23 1 11 121494 0.973410356662482
24 4 16 14 61353 0.9357145140117756
2 7 11 14 47843 0.9006428905148135
22 25 7 20 87340 0.9477535301549316
14 7 12 27 89464 0.9523741264207113
19 13 22 2 44505 1.0407103011882928
27 1 29 16 55319 0.9818133370002454
4 11 8 3 48284 1.0621217117149937
5 1 7 16 60119 1.0030092617176825
19 9 9 14 44338 1.0784003979385959
15 1 1 25 121452 0.9698975087326821
3 22 27 6 120882 0.9403892337213553
22 10 2 1 98683 0.9590742792610008
11 15 0 11 51937 1.0589366761015606
16 7 7 3 46187 1.0186175997301636
25 19 7 16 74334 0.9093634100681726
0 10 11 22 79449 1.0634029455677585
25 27 27 5 74830 1.0858280114830499
14 28 1 7 112650 0.9831905368047951
11 9 8 17 34888 1.0150978960515016
28 19 7 9 89796 1.0471991091199464
7 0 29 11 96227 0.9828595161669271
3 26 23 29 100495 1.0604957318963393
27 13 6 26 118161 1.0364489321831678
4 6 27 12 99835 0.9647841597371205
28 7 8 7 72963 1.0375656365000439
3 3 24 26 140414 0.9582302723518723
27 17 21 22 36344 1.0698339916429187
29 4 11 7 75948 1.065277131266247
15 17 5 29 86953 1.0216734544580537
28 4 17 26 103291 0.9288717770946215
5 12 18 9 54067 1.0269165442720607
5 29 12 17 81218 0.9619246623450878
19 23 25 18 41199 1.0829951208907183
23 24 12 21 61296 0.937973938691119
12 27 19 18 48093 1.0905819675127983
12 29 0 3 131404 0.9501790578623723
22 1 24 14 59718 1.0775913584829617
7 2 29 3 81659 1.085237643423243
25 6 14 8 51664 1.0615137726724264
13 4 5 19 79853 1.0781808089431253
6 26 26 7 137917 1.0643062534621368
1 3 21 2 82687 0.9009227612050115
1 17 11 28 75399 1.0936824916672019
22 24 25 11 69693 1.0681689745054228
5 0 2 29 107415 1.0151844003929869
8 5 29 6 70197 1.0122570111635434
23 24 16 9 67153 1.0428167154115662
7 12 20 9 50463 1.0757848387147846
22 11 7 15 66436 1.0599615009179306
25 2 4 18 113868 0.9505949330325942
26 5 3 26 130283 1.0796276246855858
13 9 0 11 52563 0.9408691090865982
5 23 16 28 58571 1.0223809256714351
20 13 27 8 45181 0.9857878553157765
16 0 26 20 91477 0.9957014209108797
0 25 18 19 93934 0.9115987941076045
25 5 17 13 51353 1.0287380711512961
26 5 10 26 120290 1.0454571933694783
28 0 4 0 80058 0.9825119124087405
29 12 15 3 74935 1.089862069861001
3 2 14 22 111794 1.0880880908044852
10 16 19 17 31600 0.9042249969957085
13 1 23 3 40107 1.0389211890236258
19 23 3 1 120277 0.9078272387227031
5 11 28 27 116050 1.082662888332256
19 1 22 16 58636 0.9854699134785302
12 14 8 25 48487 0.9722931927472482
18 29 6 12 84988 0.949069099430952
7 17 10 27 50225 1.0624366129897211
25 22 22 1 95978 0.9008403841871837
1 4 21 4 79593 0.9233811341731983
3 24 24 15 98597 0.9978626805106368
6 19 23 10 89350 0.9473779001589763
1 19 6 12 44866 0.9537431864796705
19 16 5 11 62634 1.090959881946284
10 26 11 7 77839 1.0245024242635807
1 5 10 14 59386 1.0315468969697132
12 4 0 25 101632 0.9020033118898289
24 0 18 12 58838 0.908442423666627
6 18 10 3 66436 0.9393558233890407
26 24 21 3 84277 1.0334307517843044
0 7 27 11 108107 0.9156843022931463
28 10 18 7 43793 1.0505871347941178
29 25 14 10 96119 1.0213288428878669
8 25 29 25 99824 0.9303413561643307
7 20 21 17 66854 0.904321605881084
4 3 26 25 144671 0.949276154471146
9 28 25 2 133804 0.9322004129026621
28 28 10 23 83312 1.0059895704816868
27 26 2 18 112049 1.0447921382106213
1 0 25 24 151256 1.0693205673126034
18 25 22 15 48248 1.0344079196437928
23 28 6 25 84944 1.0929536831024123
22 22 3 29 100432 0.9766065424974976
29 2 20 18 86038 0.9683512610477851
13 24 28 14 74444 1.0711996122730123
3 19 18 23 78841 0.99539374107139
11 12 28 27 95402 1.0641533774220058
0 10 12 22 85044 1.0871166953740024
12 5 2 14 54228 0.994878414718047
25 2 0 28 157365 0.9837476644488433
25 19 16 7 77615 0.9487802030355583
17 11 23 23 61229 0.9149306154526594
6 11 20 5 66886 0.9298963383484247
14 20 9 12 52511 0.9666111739876191
22 18 6 27 93585 1.0056322244466758
0 14 23 11 96451 0.9009033213356183
19 17 29 0 84229 0.939853089280902
25 22 21 5 79158 1.0059311563163436
29 16 0 22 126409 1.0796096368634363
16 26 6 10 78964 1.0631996493797256
21 14 8 23 72910 0.9922928616006748
29 6 1 4 106854 0.9761148668338987
21 13 17 3 50027 0.926103093203296
4 8 7 17 42493 0.984169881890522
22 25 6 24 72385 0.9815946357337001
27 22 11 28 75069 1.0827450527867923
11 23 3 29 51734 0.9743119991876616
9 11 2 14 33926 0.9678866847095179
27 26 26 3 78042 0.9444294539203553
29 9 21 22 61315 0.996130954108946
11 1 0 14 74025 1.0751733440729805
1 2 15 21 114685 0.9083074545674444
22 2 4 18 101992 1.066486710663629
26 14 2 0 124572 0.9260137691665352
21 5 0 13 87219 0.9262388653299679
27 15 11 5 84441 1.0529219790064612
0 13 11 12 45451 0.9985789013695388
19 12 3 12 63784 1.0514150586511182
24 9 16 13 43353 1.024361640308411
20 21 8 3 92543 0.9569656642448884
11 9 23 16 61415 0.9747651902784122
16 3 8 27 110545 0.9374696117355691
29 0 15 28 120570 1.0906764691385014
7 24 23 14 86609 0.9132462526174144
21 0 3 29 131935 0.9613076207390736
1 23 18 23 77530 0.9626848732744615
2 2 19 6 72267 1.0333260013569312
28 21 5 27 107482 1.0867212027649242
17 16 0 13 61964 1.0894022702654718
10 24 3 13 59824 1.091232787227819
9 8 4 2 39852 0.9001884206775951
14 17 27 14 56094 0.95170150754293
29 23 16 5 93243 1.0048783591085355
24 9 10 18 80723 0.9036537813368978
16 22 11 0 95830 0.9416070469803146
4 27 14 8 97747 0.9844631555228631
11 0 25 6 62638 0.9277289117095703
12 25 22 29 56622 1.036740505278922
23 20 23 0 81035 0.9610182678826806
7 25 21 24 63632 1.0295668696400584
22 8 29 0 52077 0.9843737967848681
13 9 11 28 80860 1.0867087752765565
2 2 17 29 128135 1.0231935022387575
24 1 2 16 111386 1.065747586390275
4 28 18 28 69068 0.9108037785894492
10 9 27 5 61559 0.9792243808914352
24 7 13 26 104262 0.9217230364495294
8 4 4 26 89071 0.9863763954047176
2 24 16 12 79281 0.9657474490270316
29 7 25 14 34269 1.0528754735414383
12 6 12 29 99774 1.0103785499704445
25 6 11 27 112070 1.039540173815869
3 17 11 24 50501 0.9738169852286285
5 5 0 17 50448 0.9032355806732232
21 9 4 3 75898 0.9490415206127543
22 13 3 20 79802 1.0260078362022482
0 17 29 16 111235 0.9574000652667644
3 10 15 15 53955 1.0557735657603466
3 9 29 22 115923 0.9859508672162636
21 28 16 9 77013 0.9234740869459037
13 15 12 3 60929 1.0287073145446008
18 18 12 7 61180 0.911062453064959
11 20 27 14 86383 1.018202200480932
5 1 1 7 45752 0.9443682395268758
2 23 17 17 75681 1.0880151350649776
18 3 8 9 53606 1.0005096906067545
14 2 19 15 59061 0.9737525583114093
1 18 2 6 43159 1.0791794415247922
14 27 24 16 65301 1.049882517651303
21 24 14 18 50847 1.0186845157725373
27 3 11 24 123881 1.0662612447981883
24 28 12 8 104508 1.0991366967828207
1 15 28 20 102865 1.0232445712910099
3 19 21 12 79030 1.0812157557461177
27 17 22 23 33811 0.9352444220297617
22 3 10 23 105445 1.0660739787549276
17 28 0 20 93316 0.9544630639041815
15 3 22 21 83078 1.099192000380079
5 28 7 13 70393 1.018946854983055
16 21 1 27 82485 1.0371725290108278
19 19 7 12 53650 1.0043862094047116
21 9 13 25 79397 0.9667033425735836
21 21 25 9 61261 1.023801813132995
8 10 2 29 85072 0.9066856008945244
29 22 17 28 65835 0.9949304075263752
10 13 20 12 41075 0.9067408713158459
13 24 4 22 48696 1.0150780914740596
8 10 12 22 61718 1.073315675846738
5 18 0 13 33005 1.097545036667249
3 5 16 6 45857 1.0627768899456207
22 18 17 12 43725 0.9071642854244916
29 13 7 17 88133 1.0650032405564172
23 14 5 5 84387 1.0888410901178698
6 3 1 8 36330 1.0880726050148253
1 7 20 15 87493 0.925647726616209
24 15 17 6 58211 0.9109462254571442
25 15 6 14 67790 1.0513828621042491
22 0 22 12 47003 0.9475467589699317
7 27 0 10 83094 1.0461061063685522
15 28 14 10 63725 0.9896559794929498
5 25 23 10 119548 0.9090054909279515
3 16 26 4 110571 1.0395561484865268
25 26 16 18 65096 0.9284722278934904
3 11 28 20 101506 1.0635298211917255
24 27 26 4 89327 0.9132889784226679
25 5 24 25 86872 1.01614336744785
26 24 13 20 67763 1.060216832380695
15 7 6 11 46793 0.9942553857013108
6 10 15 22 75533 0.9969869897587342
14 22 13 6 78339 0.9480531580351264
25 21 6 11 88485 0.9425821770373841
9 19 16 11 48780 0.9503316194567931
22 18 2 26 105701 0.934287654589721
27 18 2 15 100574 0.9359729696844952
23 8 11 8 48524 1.0506940191631708
27 23 10 18 80960 0.9444045790869107
22 3 20 26 87200 1.0231846888191842
3 16 16 14 47219 0.9255385746643783
19 14 2 0 98798 0.9953937216891957
1 20 9 2 80303 1.0096164838968866
19 23 17 15 31438 0.9701215599738464
8 14 19 20 47786 1.0839495324050668
7 16 0 20 36576 1.0623468145353137
29 11 26 2 37400 1.0868486106568807
13 13 14 4 43459 1.0580276878725983
0 0 26 6 100744 0.9180474603075598
22 22 27 4 75126 1.061574522002278
17 22 6 4 90919 1.0574448665961977
23 29 5 25 91824 1.0391230022017934
6 19 3 7 49765 1.0965462336337464
19 24 13 7 72519 1.0888737467245515
8 17 5 9 38766 1.0137397532997205
25 13 7 21 93711 1.075751858291475
8 21 27 14 93755 1.0601020246079687
29 15 4 28 131413 0.9744260721943437
5 0 24 23 133278 1.0295722944637211
23 14 16 8 43962 0.9563229942848646
12 28 20 8 90245 0.9529352509502295
26 21 2 19 97808 1.0879882304885016
14 18 10 8 59107 1.0609361719850325
23 18 4 16 76923 1.0543878103010444
25 3 16 13 67647 1.0068284123061335
25 27 23 8 77828 0.9632156679089174
7 9 16 10 33586 1.0737160183942556
25 24 5 15 94822 1.0267084074215527
4 26 14 10 95016 1.0541012171863615
26 29 26 9 64656 1.0653125169392326
4 14 22 18 76591 0.9600095664679089
7 11 18 29 84348 1.0896853819827699
21 19 4 19 82318 1.0038810088423848
1 6 6 1 40880 0.9137482866239501
7 1 22 11 81354 0.9843631380769323
10 29 25 0 138675 0.9290584377190764
15 4 10 22 84850 0.9298758969371266
19 5 0 7 71704 1.0559838798212142
14 28 5 11 89303 1.0307323399030126
13 2 4 23 97544 0.9282597262828386
27 15 8 21 90900 0.9577380566438194
25 18 17 3 93047 0.9100679530790765
27 4 10 5 61920 0.9512071679550003
7 24 28 23 89045 0.9875865731264691
21 8 26 22 68504 0.933860629139927
18 27 24 6 90646 0.9342979024309347
5 19 4 3 64004 0.9278620666390304
1 3 12 27 119643 1.0367573080194534
27 15 4 22 107294 1.0618446260197996
4 5 19 15 75482 1.023641681626
8 21 20 15 68080 1.0987305883035126
17 9 0 7 63106 0.9105952837112649
8 0 5 28 115298 0.909890328335188
11 5 10 27 84250 1.0660381591768866
7 16 27 6 92852 0.9106347006274373
11 27 17 3 110582 1.0590044097140714
14 3 4 21 94492 0.9884591279708022
15 8 25 21 68902 1.0912322783037218
28 26 18 27 44077 0.9874838729009522
14 11 8 24 67411 1.0839977197179125
3 12 25 2 93594 1.0411175304269407
19 2 6 19 90621 0.9981080193549174
1 13 18 0 87793 1.0263468793345014
25 3 12 18 97528 1.0457653763197499
21 18 13 12 47881 0.921437322380134
17 11 29 29 93081 0.9937053608499749
19 6 26 25 88984 1.0460990520587647
28 5 15 3 52645 1.035879280341176
16 12 14 28 48669 1.0090848092517941
9 8 29 22 97109 1.0438657360318389
1 28 10 26 56936 1.0737617926546212
10 0 5 17 75294 1.0679458604653203
18 20 19 4 54245 1.0161746443413695
10 8 29 1 82825 1.0576507420157966
15 13 7 16 32643 1.0211795240226376
10 12 7 19 32795 1.0459739888089699
18 24 21 8 61873 1.0013870527649247
22 26 12 8 86709 1.0909183898003416
24 4 0 2 101805 1.0812240513246456
3 13 17 29 87174 1.0616935718998262
12 11 3 25 73347 0.9005821292868739
9 9 21 12 45092 0.9427715880154208
28 28 20 13 68343 0.9154330838633687
0 18 11 18 54048 0.982045856446586
2 7 11 28 96488 1.0130473165443055
13 1 20 5 31576 1.0722655088112343
9 13 21 11 54256 1.0718868737096265
20 15 12 3 73128 1.0097672325072506
20 20 29 9 55992 0.9184960369440107
22 12 15 15 39883 0.9666212720866155
15 3 5 13 67312 0.9587036711095646
29 29 22 13 71344 1.0797287437381622
3 15 8 28 68768 0.92462667518835
29 15 14 22 73265 0.9169493098088414
28 25 1 24 122455 1.0387576306491142
18 5 2 10 66564 1.0674352817116461
25 3 21 21 83082 0.9570115258514946
7 7 15 28 88649 0.9293232464006639
4 1 7 19 74706 0.9014463200057921
0 6 12 21 95417 0.910248175160482
27 26 19 10 69202 1.0142151149189047
6 15 11 1 65054 1.080500041154934
2 22 2 12 38383 1.0398504618841018
5 13 26 6 88544 0.915282791462024
4 18 24 20 85028 0.9562091646750737
15 2 18 18 72036 1.011131730320667
10 2 16 20 82947 1.0624944750351621
