1344 1298 1626 2031 1814 2046 2006 1598 1545 1708 1722 1710 1754 1762 1187 1209 1633 1225 1736 1954 1378 1336 1941 1352 1205 1335 1531 1541 1366
4739 4594 4050 4401 4378 4143 4667 4786 4045 4272 4224 4470 4038 4315 4181 4234 4731 4106 4139 4276 4143 4642 4092 4784 4769 4589 4039 4365 4540
5671 5691 5434 5724 5243 5371 5602 5769 5573 5354 5671 5455 5439 5227 5667 5466 5395 5419 5085 5086 5532 5507 5019 5745 4952 5612 5751 4968 5604
4329 4636 4277 4299 4028 4593 4409 4245 4498 4241 4530 4474 3797 4445 4172 4473 4561 4148 4454 4212 4275 4450 4010 3861 4218 4101 4073 4613 3847
6035 5967 5476 5496 6147 5456 5426 5444 5581 5806 5603 5717 5816 5746 5442 5674 6102 5441 5715 5730 5920 5431 5769 5653 5773 6072 6158 5754 5981
2402 2675 2293 2576 2295 2999 2987 2566 2209 2284 2596 3041 2341 2898 2568 2983 2779 2288 2460 2376 2215 2679 2487 2821 2590 2207 2618 2852 2796
8302 8650 8612 8659 8534 8209 8333 8250 8404 8230 8681 8549 8510 8212 8260 8357 8830 8867 8453 8391 8034 8627 8693 8709 8242 8127 8282 8672 8053
3033 3020 3177 2945 3224 3390 3421 3156 3648 3618 2975 3163 3530 3358 3513 3482 3615 3301 2990 3632 3100 3280 3063 3306 2923 3082 3290 3423 3284
5767 5944 6596 5864 6148 6530 6590 5969 5860 5979 6095 5878 5788 5928 5930 6422 6082 5765 6504 6567 6565 6189 6168 6455 5906 6289 6106 6499 5795
2663 2705 2687 2541 2364 2347 2243 2486 2214 2252 2774 2284 2160 2846 2023 2767 2313 2804 2510 2517 2094 2405 2221 2374 2179 2750 2353 2159 2490
3692 3154 3212 3556 3444 3426 3139 3732 3169 3834 3914 3641 3213 3678 3561 3402 3946 3638 3280 3425 3425 3865 3779 3455 3915 3858 3180 3528 3539
5809 5763 6375 6501 6168 6245 6369 6119 5953 6350 6409 6238 5797 6202 6585 6067 5955 5950 5900 6243 5998 6418 5966 6510 5977 6333 6511 6207 6177
7657 7921 8054 7622 7570 7599 7372 7770 7397 8079 7377 7634 7488 7818 7585 7560 7893 8213 7961 7567 8082 8158 8028 7814 8112 7414 8137 7658 8080
6847 6730 6684 6376 6428 6351 5987 6275 6613 6491 6721 6403 6578 6648 6420 6496 6664 6207 5991 6261 6119 6665 6052 6326 6667 6247 6251 6342 6499
6996 6994 6406 6652 6976 6456 7134 6880 7044 6646 6375 6458 7063 6851 6998 6574 6290 6300 7014 6766 6588 6886 6636 7086 6911 6276 6888 6969 6359
3164 2714 2886 2829 3262 2659 2563 3302 2594 2838 3240 2839 3156 2882 2573 2965 2965 2864 2516 3223 3165 2488 3042 2955 2875 3275 2850 2840 2871
2763 2452 2476 2713 2510 2576 2594 2247 2669 2435 2217 2129 2014 2289 2682 2513 2480 2530 2616 2815 2580 2758 2532 2360 2026 2010 2746 2463 2220
4039 3518 3545 4001 4039 3350 4033 3843 3346 3427 3997 3537 3273 3496 3171 3917 3564 3646 3565 3631 3654 3191 3385 3402 3764 3751 3819 3246 3612
6996 7266 6849 7044 7573 7020 6844 7239 6871 6881 7577 7117 7044 7002 7265 6963 7224 7383 7485 7208 7497 7416 7194 6819 7501 7197 7107 6893 7386
8097 8731 8084 8283 8023 8150 7876 8173 7903 7986 8755 8021 8287 7891 8095 8113 8502 7993 8717 8623 8596 8637 8489 8672 8175 7968 8351 8055 8526
7540 7612 7082 7134 7502 7467 7279 7494 6866 6892 7645 7467 7292 7502 7653 7001 7687 7575 7602 7106 7312 7159 7405 7011 7200 7521 7313 6991 7574
3664 3189 3133 3092 3048 3085 3057 3383 2988 3619 3221 3025 3154 3022 3314 3066 3445 3351 3239 3303 3459 3137 3809 3131 3436 2990 3157 3212 3546
1786 2113 1449 1490 2135 1467 1692 1739 2049 2010 2201 2095 2218 2160 1944 2087 1787 1726 1462 2064 1357 2068 1932 1883 1616 2165 2099 2120 1863
5392 5042 5051 5034 4790 4652 5012 4895 5194 4791 4626 5152 5014 5035 4587 4581 5166 5211 5173 4961 5289 4921 4615 4793 4604 4572 5457 5194 5339
2436 2149 2333 2196 2307 2093 2339 2375 2742 2627 2236 2686 2169 2041 2717 2695 2576 2260 1993 2149 2492 2264 2218 2496 2723 1964 2701 2709 2389
5888 5509 6036 5999 6026 6165 5631 6053 5944 5798 5661 6124 6180 6106 6097 5391 5581 5830 5718 5867 6220 5588 5838 6168 6173 5376 6140 6241 5763
4087 4011 4424 4585 4211 4638 4311 4614 4756 4272 4358 4496 4208 3992 4434 4276 4009 4685 4039 4297 4140 4534 4492 4027 4704 4070 4526 4459 4132
2198 1953 2299 2471 2124 2145 2483 2409 2198 2380 1733 2036 1712 1920 1890 2154 2103 2107 1987 1758 1900 1713 2021 2494 2083 1912 2268 1812 2356
7267 7685 7165 7255 7642 7761 7219 7380 7515 7616 7749 7362 7528 7315 7596 7911 7813 8006 7898 7184 7379 7246 7527 7768 7339 7175 7212 7786 7639
8017 8038 8184 8563 8704 8457 8258 8032 8019 8711 8300 8205 8500 8318 8219 8092 8379 8240 8397 8322 8391 7961 7940 8460 8432 8661 8600 8528 8202
7548 7754 1729 5339 6015 3169 4519 5022 5957 4513 1404 3531 7919 8670 3064 4790 5138 7178 4368 4884 6889 4914 2788 4178 3568 3003 2297 5347 6268 6569
7479 8636 1656 4865 5271 2741 4290 5150 6226 4490 1318 3104 8409 8750 3376 4925 5262 7114 3767 4596 6860 5349 3205 4312 3985 3000 2227 5034 6201 6391
8248 7814 1891 4867 5838 2781 3882 5320 6169 4204 1737 3505 8015 8668 2731 4305 4797 7026 4121 4709 7122 4898 2855 4141 3458 2426 2467 4775 5715 6508
7801 8594 1831 4918 5257 3365 3702 5326 5838 4451 1642 2906 8311 8793 3234 5047 5265 7278 3774 4394 6932 5367 3104 4043 3831 2258 1921 4799 6293 6397
7633 8300 1609 5525 5308 3250 3822 5393 6054 3793 2075 3487 8413 8094 3166 4503 5104 6702 4093 4434 7043 5291 2648 4192 3457 2285 2319 5011 6090 5784
7456 8320 1207 4882 5317 3034 4204 5016 6581 4314 1620 2789 8561 8178 3305 5089 5046 7339 4209 5040 6479 4983 3108 4246 3499 2521 2559 5359 6169 6330
7755 8439 1564 5251 5479 3341 4226 5576 6347 4079 1308 2698 7977 8122 3271 4999 4995 7388 3869 5132 6819 4855 2902 4375 3279 2660 2388 4803 6076 5841
8176 8230 1771 4891 5894 2711 3701 5146 5717 4619 1788 2986 8671 8586 3386 4553 4790 6804 4017 5098 7114 5378 2921 4304 4111 2342 2253 5334 6117 6393
8074 8470 1514 5266 5493 3194 3943 5019 6580 4167 1554 3503 8464 8666 2812 4671 4956 7122 4042 4550 6727 5472 2864 3958 3284 2808 2489 4696 6205 6516
8252 7860 1410 5015 5304 2805 4473 5679 5932 3833 1873 3130 8113 8393 2731 4274 4899 6505 3991 4581 6323 5471 2710 4551 3715 2277 1864 5216 5894 5959
7834 8567 1515 4791 5408 2710 3820 5526 6407 4251 1733 2760 8337 8265 2596 4887 4937 7198 3797 4347 6706 5513 3343 4545 3298 3039 2358 4916 6393 6010
7582 8145 1618 5520 5349 2907 4067 5533 6452 3755 1812 3086 7899 8953 3190 4971 5512 6664 3839 4842 6510 5418 3063 4689 3940 2289 2429 5257 6399 6625
8148 7898 1768 5337 5684 2979 3790 5425 6143 4455 1435 3380 8463 8778 3444 4485 4769 6528 4506 4862 6991 4815 3224 4123 4127 2514 2039 4743 5570 6270
7706 8468 1838 5338 5958 3340 4075 5601 6021 4119 1765 2862 8116 8658 3087 4650 5104 6758 4128 4869 6863 5407 2930 4053 3472 2636 2056 5292 5565 6042
7542 8468 1133 5309 6092 3119 3944 5882 6259 4405 1908 2994 8651 8524 3092 4458 5161 6788 3931 5147 6556 5304 3158 4441 3827 3002 2619 5374 5906 5990
8150 8167 1945 5353 6127 3340 3726 5622 6241 4101 1385 2725 8135 8693 2804 4387 4983 6842 4043 4820 6549 4900 3308 4323 3696 3032 1957 4741 5525 6127
7887 8608 1322 4753 5266 2918 3967 5871 6201 4050 1830 3236 8606 8837 3382 4966 4796 6533 3925 4769 7016 5167 2937 4468 3311 2856 2124 5329 5559 6498
8243 8309 1372 4713 5907 3210 3960 5367 6490 4255 1412 2806 8015 8406 2773 4747 5461 6882 3923 5115 6771 5135 2686 3916 3539 2347 1899 5171 5938 6281
8050 8031 1812 5311 5605 2568 3945 5540 6241 4327 1330 3211 8226 8155 2821 4377 4825 6877 4115 4703 6571 5505 2732 4185 3490 3022 1926 4778 5736 6363
7731 8455 1451 5199 5546 2737 4507 5203 6241 4591 1301 3053 8046 8693 3266 5000 5446 6904 4168 4299 6587 4979 3054 4127 3641 2671 2624 5396 6092 6546
7837 7864 1953 4834 5461 2648 3754 5743 6523 4111 1887 2762 8292 8337 3306 4260 5532 6853 4492 4295 6692 4903 3026 4390 3811 2756 2040 5434 5527 6400
7700 8505 1714 5402 6027 2901 3682 5562 6034 3882 1764 3355 8357 8948 3235 4507 4892 6770 3846 4651 6995 5598 2662 4155 3503 2249 2030 4903 5967 6074
8058 8367 1498 4831 5446 3241 4078 5305 6542 3999 1361 2757 7956 8198 3373 4784 5175 6841 4049 4636 6498 5229 2841 3989 3357 2923 1897 5407 6209 6610
8219 7841 1311 4708 5830 2687 3968 5052 5776 4063 1689 3409 7995 8845 3413 4794 4788 7108 4422 5057 7179 5676 3325 4665 3644 2385 2540 4615 5782 5766
8201 8207 1111 5466 6090 2822 3956 5741 5784 4116 1754 3315 8366 8551 3315 4805 5515 6800 3986 4702 6758 4978 3078 4595 3527 2362 2260 4764 5829 6159
8260 8321 1853 5003 5375 3126 4414 5140 6600 4602 1491 3071 8027 8881 2589 4976 5207 6733 4340 5015 6389 5154 3039 4080 3547 2617 2610 4592 6292 6177
7794 8464 1702 5003 5656 3033 4475 5422 6408 4087 1446 2985 7995 8477 3321 4758 4989 6592 4448 4412 6384 5011 2991 3999 3628 2747 1866 5430 5936 6447
7930 8563 1609 5265 5935 2619 4160 5828 6451 4200 2099 2944 8466 8861 2689 4747 4905 6590 3719 4569 6995 4888 3031 4512 3770 2180 2497 4900 6073 6185
8016 8142 1153 4754 6009 2708 3876 5871 6434 4199 1342 3115 8314 8243 2789 4994 4948 7120 4507 4557 6369 5619 2855 4339 3848 2175 2641 5046 6031 6386
11 25 18 15 48396 1.0226634149451783
11 26 26 13 62516 1.097684781600111
28 10 15 22 52295 1.0000545674713928
1 6 3 27 46879 1.0908833060634864
14 15 7 9 36634 0.9687231385882364
9 12 0 10 19504 0.9248232932227912
28 29 11 19 77227 0.968617227195725
5 9 27 10 37730 0.9179810134505527
1 6 23 20 73499 1.0709762881828628
29 28 9 3 93017 0.9507051900711989
19 23 23 12 41433 0.9068724831829764
9 21 23 9 54536 0.9088920031737379
28 7 15 26 65921 0.9252924654946807
27 9 9 16 46410 0.9513767812565577
27 17 17 14 37559 1.0850027297868314
15 21 17 0 60823 1.0352191777774715
3 0 10 9 39176 1.0880548389523297
13 21 20 18 39753 0.9237054538631887
22 18 24 7 27012 1.0559717226202436
22 17 5 15 55641 0.9795260537448254
27 21 25 4 45100 1.0254182734900734
15 9 5 20 45964 0.9996757395289553
25 7 1 0 63045 0.9072903945312093
18 21 5 1 76943 0.9026436152515723
11 5 3 13 39845 1.0039761710105881
15 20 27 0 63740 0.9837619524226928
19 29 11 10 72301 1.0362443101655452
25 27 16 29 31974 1.0790983655968116
12 6 3 15 49273 0.9902464825377836
16 29 22 1 66981 0.9334081918594832
12 8 24 2 48333 0.9802107783801705
15 29 24 10 56976 0.9752099024462313
10 17 6 5 44460 1.083824400793561
6 17 22 4 65342 1.0408450952335668
1 28 25 8 83863 0.9169127193139938
9 17 1 2 47716 1.026955728632535
13 21 19 8 62896 1.0696951611852532
1 8 18 17 62356 0.9508505844096836
5 25 27 3 90632 1.0180309799979037
0 10 6 26 38229 1.0904809136869027
28 10 16 22 48987 0.9059433089450505
29 15 8 15 64966 1.0780141598025677
15 23 23 11 47172 1.0094817665716984
2 27 7 21 31853 0.9386753768870347
15 19 8 15 38717 1.0746602457582886
3 13 25 22 76636 0.920658171996157
11 27 24 28 40101 1.0188652732817798
8 14 13 3 45005 1.0676230923729069
29 28 14 20 64445 1.0053539784914673
3 22 21 25 54471 0.9632708996823928
23 3 15 12 34401 0.9227635787706023
10 7 25 27 72964 0.9021265592824281
7 17 0 4 45457 1.0069294303648884
6 13 9 26 46635 0.9894470691327025
21 27 11 24 35230 0.9370282607416547
29 9 3 18 75586 0.9883148772324157
9 28 3 7 66504 0.9506560837424604
12 6 29 7 60442 1.0462541870165731
19 21 5 1 80194 1.0864522666289174
8 28 18 27 37153 0.9321643280116695
10 3 7 18 49377 1.0496446497664202
2 3 19 18 78683 1.0022568889052945
26 13 23 4 35895 1.075405320035839
28 28 1 6 96674 0.9793851460814357
7 0 26 29 96367 1.0628245354625074
14 5 19 0 35375 1.0169985203582879
9 4 29 29 93612 1.0828732977472455
8 28 5 10 56008 0.9272605750823085
18 19 4 3 72976 1.0645181985938135
7 11 3 20 39885 0.9601227876004831
25 18 1 27 77273 0.9391889353062243
4 8 19 6 50545 0.9179462645533544
16 10 2 17 51496 1.059882355265479
24 0 25 17 47517 0.9622543779727729
15 14 4 12 40713 1.098197954179976
10 5 16 11 28475 1.0421285315014701
11 1 23 14 49767 1.0238037244216596
6 5 16 5 30446 0.9688612717868879
26 18 18 2 48805 1.0112357062000554
7 24 15 28 29802 1.0738715325858632
8 24 19 12 68778 1.0964361290390532
5 7 16 16 39084 1.0748737291227954
0 10 14 18 52387 0.9155714388620279
25 20 26 0 60354 1.0426686904538685
3 27 21 24 50363 1.044898158399554
22 27 24 12 35186 0.9375451939718862
9 17 17 27 43119 0.9803300166498319
1 11 18 3 55169 1.0015499273700454
6 14 25 16 64077 0.9290852840815117
26 7 12 29 92165 0.9626878919497486
15 19 8 16 36781 0.9161782033701827
17 25 4 27 37506 0.9123265472817927
20 20 28 15 46300 0.998300157362752
22 7 13 9 26871 1.0152931335890458
9 12 6 23 37662 0.9463554752269241
14 4 19 27 77546 0.972218727216348
16 19 6 1 66014 0.9586031664873951
3 10 6 20 36526 1.0783780543327683
9 11 13 0 41796 1.0559963395842575
5 6 11 11 24863 1.0562319517656826
2 14 15 4 54021 0.9629144126295028
16 29 3 23 47269 1.086308622721658
13 4 4 8 44715 0.9433476708240411
3 17 11 12 49706 1.0446557415012256
8 23 15 18 35999 1.0353953302163574
29 23 8 22 66866 1.0000579214726932
7 1 20 21 72789 0.9747927575893112
25 27 23 4 59205 0.9294579411894033
8 2 24 5 32010 0.9680425276889926
23 29 17 12 56953 0.9313483232363948
8 23 23 0 83074 1.0606521582099993
9 2 16 23 63200 1.0079322248292704
15 20 17 6 42471 1.003905602162229
8 25 5 16 30218 1.0113256851396502
9 10 22 1 37579 0.9145356953578206
13 14 28 17 55035 1.03138092510023
20 18 2 11 63386 1.0851340482739487
16 23 6 17 52542 1.0629342350981972
0 1 3 15 35963 1.0753524197083504
11 13 14 3 50720 1.0418917999460662
4 7 24 4 52788 1.0908961574629497
14 3 22 9 31129 1.013246732857323
15 20 29 10 49265 0.9933246048802779
17 9 0 27 57584 1.0178407469576531
26 10 14 13 34963 0.9964821840769791
9 27 2 15 49292 1.0191229651557994
28 6 16 27 67525 1.0823911116567524
29 0 0 24 98103 1.0607525752473175
22 21 16 17 31882 1.0545633866958142
14 4 21 22 60050 0.9154535822927811
22 28 27 0 60641 0.9307945507430453
28 23 2 11 76117 1.007909507547285
15 0 11 18 62053 1.0072096078940953
27 10 19 25 44017 0.9258088765400861
27 15 21 7 28392 1.0869582109601874
26 17 12 29 77134 0.9609636447428567
1 26 23 1 83188 0.9224899121443054
0 22 25 17 81457 1.0672179398668844
9 3 4 23 60620 0.9463317590165454
6 11 12 0 48270 0.9876463994868556
22 20 16 6 39213 0.9724421289422256
10 19 2 24 39446 0.9903604722414932
15 25 1 13 62430 0.9291184785554046
13 19 24 12 52848 0.9705748097182523
1 10 4 26 34755 1.0147290260300905
5 11 18 1 49187 1.0676794198546251
4 23 28 1 96408 0.9641524150270515
5 16 22 3 56714 1.0240039314198714
24 14 7 23 68962 0.9158967999516858
6 6 5 26 55579 1.0946115918314911
24 23 5 20 63906 1.0019969516572396
2 3 22 23 76804 0.9333983250787846
15 20 6 16 49789 1.019768500487395
1 1 11 27 76016 0.9875257640102573
24 29 24 0 64426 0.957699397923096
3 16 29 18 85248 1.0731200965731502
0 13 28 14 58898 0.9206129078914668
5 12 26 12 48491 1.032329774111452
6 19 29 4 90086 1.0062182776368334
14 16 28 17 59555 0.9760090511318362
27 6 29 24 44616 1.0767194961246533
28 10 0 17 56698 0.9445985033116697
26 18 12 12 58863 0.9510350482471016
16 8 7 12 26495 1.0458917181832432
6 12 18 14 44172 1.0706027901990123
9 21 18 15 49272 1.0449541599975314
15 29 3 9 75175 1.0634093540581588
13 5 28 23 68611 0.9497204021029767
8 28 0 25 30343 1.0930894542174951
13 10 0 24 43198 0.9520602166945045
17 1 5 15 54915 0.9121552243075344
29 4 8 6 58922 0.9235837096289478
4 14 16 10 32223 1.0723405740307004
9 0 9 29 70525 1.0627913961006208
28 5 7 0 47177 1.059992402968955
13 12 26 18 54252 1.079577687851851
26 2 15 15 43354 0.9700729779919756
6 21 13 2 65243 1.0750637337377087
0 19 16 26 46743 0.9521137955215317
18 1 10 26 81206 0.9024580598759374
27 6 5 14 55792 1.0600364087909637
15 8 5 13 30206 1.031878135917521
27 5 1 4 56714 0.9390764425777848
25 12 23 21 35134 0.9255123906134524
14 2 21 28 65897 1.0205744806392958
24 14 28 23 31370 1.050786709573511
17 14 3 15 47672 1.0974843809886068
3 4 26 13 70750 0.9213137197749109
4 4 29 19 82862 0.9852284083998828
6 23 20 29 60678 1.0047909088873213
4 2 15 10 37325 0.9450936935311767
11 21 0 23 40424 1.0599778701467208
18 3 6 9 49065 0.9217704926016387
16 20 2 23 52495 0.902846189517275
10 1 15 19 58527 1.0455716607648597
0 3 19 2 32131 0.9867756785936932
27 10 11 7 43564 1.0154612914005594
21 12 6 17 58732 0.9640405911307206
27 9 17 27 55224 1.065971086572632
9 7 29 0 59325 0.9428844186500976
4 10 28 24 68819 1.0492571247563132
4 13 9 2 41476 1.0273779312489548
20 28 8 28 48548 0.9958203288391296
10 26 1 15 43878 0.9240643086085892
20 3 16 26 66226 1.0338137374881802
26 28 22 8 53116 0.9483795133701219
17 3 9 15 46495 0.9713592201896224
7 25 23 9 68865 1.0760347592286432
14 9 26 12 33301 0.9197548391726919
25 4 23 12 31370 1.0208400232283332
3 11 17 3 48925 0.9452223956545673
29 25 6 3 88302 0.9252432998694043
23 4 25 13 35230 0.9174076933155962
22 7 9 11 30007 1.0807357847679346
6 24 28 23 64165 0.9533208303268172
4 17 15 14 45946 1.0298244143527402
22 15 0 23 67046 1.054314258872593
7 21 12 8 58646 0.9200466403284489
22 3 13 25 65753 1.067719728690787
28 19 4 2 72499 0.9774088885619538
0 14 1 5 19020 0.9634837959338037
6 25 27 4 86996 0.9293075158739605
10 18 15 13 32838 0.9583511330465304
20 28 9 19 54371 0.9010580774954945
13 17 12 28 60314 0.9827200149096813
27 1 16 28 72076 0.9587625406403041
27 25 8 1 79692 1.062157031933527
5 16 8 3 44410 0.9051137205156002
3 23 3 0 60079 0.9817507352918204
10 22 1 13 48142 1.0073038954549238
21 21 10 27 42676 1.0327414109100201
0 9 19 16 56991 0.9803109545108047
26 1 16 8 34524 0.9527111963548534
17 5 29 25 64728 0.9800170276649897
12 27 20 4 80583 1.0668826278757364
20 11 17 27 49019 1.0114924386200372
13 17 8 26 43879 0.9113611572925718
12 12 25 22 63432 1.0820121903026516
26 20 22 10 33525 0.986972868606084
2 21 4 8 45021 1.0285845383429149
29 16 2 29 101788 1.014338857210059
8 27 25 14 67206 1.0511907112732966
6 9 17 5 38389 1.0629038132845943
18 5 11 17 60988 0.9705954971555892
15 25 12 7 66600 1.071955691374736
22 9 7 18 51475 0.961083375232062
6 28 14 2 83835 1.0292279865506575
10 12 8 29 52097 0.946833096730108
21 3 19 27 63794 0.9111747724457264
14 4 9 15 45346 1.0126174200229308
18 12 0 9 43441 1.024964313030741
17 25 25 4 64927 1.076443603087153
10 9 16 24 48387 1.048044860633373
5 4 27 5 46145 0.9541203395765244
18 10 16 24 37757 1.0441113694913748
28 0 1 19 88290 1.0565038916255995
20 29 11 17 72910 0.9662949949697682
27 28 22 2 57375 0.9465410055396059
28 16 9 26 64121 0.9164042684384213
19 1 24 27 65783 1.0391320081732132
17 11 5 27 67199 1.0692226302021808
11 22 24 19 45851 0.9226612737634233
25 5 18 24 59136 1.0429241704935062
19 8 7 9 39332 0.9250453742767865
6 4 10 11 31937 0.9492684550240333
14 23 3 4 81361 0.9325282641359283
24 13 21 25 31002 1.0757951895963518
27 11 21 18 29538 1.0084171764079
25 14 16 4 40052 0.988129176448975
0 28 5 4 51027 1.0101262360590517
25 28 10 15 74849 1.0041819923622113
23 22 1 12 69181 0.9376569105553696
18 23 18 7 57674 1.0471978272829174
1 2 7 24 60283 1.0359049657680683
16 22 2 13 68237 1.0139785362094274
9 21 19 13 54839 1.0333759659430566
5 14 22 9 40591 0.9456108661541691
3 18 0 8 27711 0.9644913578340994
16 18 21 1 47312 1.0030235691369134
15 20 19 26 23838 0.9528506302354521
13 5 29 2 37242 0.9543598589393975
28 28 13 16 73691 1.0705930880169148
25 20 19 8 54171 1.0144595738579485
20 24 11 9 58477 0.9475063401209951
23 6 4 9 45350 0.9623830999307581
27 2 4 27 96896 1.0514237488867548
0 17 26 23 82458 0.9015957297731645
4 21 23 22 61439 0.9529506737599365
24 10 19 21 39631 0.9942768557443165
14 14 3 16 42867 1.0896978867789209
5 27 18 28 42756 1.0510455235848837
25 23 1 18 81705 1.0004734106282183
11 23 28 20 64628 0.903350112001431
25 0 14 23 79286 0.9881569928699561
14 22 0 25 45347 0.9151050568341256
2 11 22 2 52861 0.9169148389885493
25 18 7 16 71108 0.9704351184599131
16 1 27 29 71807 1.0175665123820263
17 2 16 24 56057 1.0539181638242507
20 5 26 15 36296 1.0290062500529542
15 10 5 7 23855 0.9302980633182406
29 22 15 11 50789 0.9362810909392645
23 8 29 28 63543 1.081714170871975
12 15 22 28 62062 0.968892252946632
1 23 22 27 59054 1.045093692683569
20 21 8 28 53535 0.9129165671058627
13 5 19 26 66300 1.0840771494203965
12 18 24 20 53690 0.9479115625406116
10 0 24 3 31429 0.980071908782527
20 8 24 29 57895 1.0387461188746865
10 24 29 21 65777 1.0951879080367826
20 20 10 9 55722 1.074612704788877
0 28 27 15 80424 0.9511503194342019
12 10 19 6 28310 0.9980104264635115
13 6 2 3 42165 0.9939923081854074
12 23 10 14 37887 0.916483785660036
27 0 0 4 50906 0.9334847015461962
1 27 14 20 60383 0.9785608454201717
15 19 24 12 42832 0.9160413103109533
11 17 7 0 59117 1.087696185301766
18 27 7 16 60349 0.9428635459778534
19 16 22 9 30585 1.084883989099552
4 15 22 15 56270 0.9731485480908448
15 6 3 22 63723 0.9894143601697866
9 24 27 21 54290 0.9708749450334643
11 27 22 26 30254 0.9792606972319362
18 2 1 23 67792 1.034704880825063
18 8 13 15 38227 0.978799029250798
0 28 12 26 30643 1.0387576900774098
3 23 13 24 39739 0.9123496158132484
12 21 8 14 36242 0.9289826195670119
3 12 13 22 59125 1.0671737991253192
4 5 21 24 74487 1.0370435256347599
21 1 10 9 42330 1.0217206180947969
18 20 26 0 70738 1.034746348680371
17 26 29 25 27959 0.9538690891543784
15 6 0 29 65146 0.992908439968687
20 0 26 22 64180 0.9587681010251213
28 12 8 3 62615 1.0066731052546898
9 26 15 16 42733 0.9783796345051343
22 20 23 4 36282 0.9569185378652698
29 6 3 9 60910 0.9619899383651868
26 22 13 7 64871 0.9550787866461725
9 11 25 16 47318 1.0536432317526125
18 15 12 19 38673 1.0393496379435179
24 3 29 29 71900 1.0691759558594152
25 28 13 22 46643 1.0917230942514367
13 8 3 27 69906 0.9146891157817765
17 29 28 29 44990 1.0851961912062908
6 21 14 1 74075 0.9386136928139803
26 9 21 15 25692 1.0604836740907886
26 12 21 3 33133 1.0130996985424883
23 6 0 15 55584 1.0221257352793403
11 23 14 2 67814 0.9540420519260971
20 26 5 28 39054 1.0575885187434018
15 25 21 8 53940 1.06398844411836
4 11 26 29 85935 1.0491958468225955
2 17 28 21 94949 1.0333301707148332
16 23 3 11 58583 1.0710539402719064
0 4 14 3 32984 1.0939546944319551
25 23 16 18 40845 0.9608410628497766
9 1 3 23 63315 0.9881422078497526
8 12 4 23 48705 0.9669708117179465
14 27 5 28 32793 0.9351515842119772
9 3 11 13 37029 0.9684976481632954
29 12 12 21 80512 0.9047090542243307
20 15 1 1 71904 1.0706186472813313
0 21 29 6 78398 1.078993690336538
2 27 13 4 78531 1.0602417701582971
29 16 3 23 93587 0.9894616173375773
28 0 20 23 67233 0.9944241788191945
11 6 25 2 40819 1.0746264094764992
14 5 13 21 60174 1.086587017171364
7 14 12 4 43796 1.0529914604570803
26 4 6 3 47346 1.0514075775469622
7 13 21 11 35902 1.0973313993311404
15 22 18 12 42448 0.9837840397330959
17 20 1 5 68299 1.0153358702762159
11 11 18 23 52691 1.0518708947742705
21 27 10 20 48616 1.02370075290561
23 23 28 16 32464 1.0016576855702812
21 4 8 15 53099 1.0597925210368413
14 19 6 16 45869 0.9651664840962428
15 22 24 14 41686 0.9603949667381577
15 22 29 15 59142 0.9064353777398081
12 21 14 0 82835 0.9787981024078852
2 5 15 9 42075 1.0385342540852989
8 2 5 26 63302 1.0802901672604763
1 25 7 18 35675 0.9689803979323002
7 11 6 0 38645 0.9082705814097402
8 25 25 13 71821 1.0018345568134654
25 8 5 3 51436 0.9002162946462385
9 1 8 28 71577 0.9583915821996271
26 24 23 7 48643 0.9768824788164381
14 15 8 20 42905 1.033522903940644
5 11 9 5 20408 0.9389850306194276
4 8 20 17 65588 1.0459501962626199
0 24 14 28 48063 1.090188543336337
22 17 12 16 47977 0.9108005203113654
19 29 9 22 50291 1.0138546823139452
8 15 25 3 62180 1.0807823431837398
22 19 24 27 20223 1.0037127267619477
5 2 7 16 43158 1.0754644924556391
5 26 11 17 42477 0.9773527291024053
23 29 23 17 35806 1.0846644810521255
1 6 18 17 66819 0.9453966338186743
24 26 1 27 55064 0.9016563913758696
20 11 14 27 57505 0.951380789807692
25 29 15 22 43274 1.0341071344574444
4 8 12 26 62489 1.0693548239433397
22 0 5 2 30806 1.0712734184255537
5 18 10 0 55154 0.9240399651822194
28 29 2 20 91199 0.9072440442221291
9 6 22 12 34926 0.9347052544743885
6 16 16 18 48093 1.0260088654886912
17 18 7 6 51529 1.0922169236341965
12 20 16 27 40534 0.9270482889764354
16 1 26 13 45464 0.9962374429285273
28 0 7 26 97059 1.0484469106889902
28 18 19 26 37454 1.0343872480808352
8 17 13 3 56418 0.9491346557916361
25 11 12 24 67560 0.9384076635768038
23 14 9 4 47388 1.0466153001970302
24 21 27 0 53365 1.0366384132099065
4 21 29 23 82242 1.0177758485887078
14 20 26 14 57939 0.9743226558720428
29 13 1 11 67639 0.912953650391922
25 20 28 6 45803 0.9571290229559839
5 19 10 10 32097 1.0181152351759422
0 22 23 12 64597 1.0448801062428532
6 7 11 24 59450 0.9844222863769961
13 16 0 15 54409 0.9293087460402972
10 12 2 1 45640 1.038243599643577
18 19 16 4 46385 1.0341676060033933
5 28 6 11 46992 0.9802023297798088
12 28 21 1 86808 0.910369830841657
18 27 12 17 55520 0.9071827865602039
18 19 18 8 46447 1.022692068111379
14 4 21 13 41855 0.963517154729663
14 5 1 22 62123 0.92615986333917
12 6 27 17 55304 0.9826600822854042
19 20 16 3 60956 1.0437906305192084
9 14 26 20 65024 0.9852650340861199
15 27 7 12 58258 1.0918969421976628
4 5 21 21 70699 0.9888459848350801
14 24 26 20 50469 1.0424426134849978
1 27 22 26 50627 0.9879783803610767
29 11 3 29 95377 0.9992996505044272
28 18 6 21 79104 0.9925513088246988
29 20 0 25 86880 0.9231158526800439
7 6 9 25 53110 1.0158769795293383
21 22 6 20 55155 0.9189074544106847
21 10 11 12 28712 1.086571191215386
18 21 5 3 73264 1.0480690987731016
15 18 22 22 31797 0.9840930093371093
27 27 18 16 52196 1.0883007883232605
11 28 26 23 56572 1.0076777350552883
12 18 0 29 56035 1.099723216669195
17 9 20 17 38457 1.0102776924718095
26 1 25 25 59197 1.0560224429937788
17 17 19 25 33483 1.0098939563560814
21 27 13 24 28801 0.9864910791194376
26 14 7 8 50129 0.9774000736760112
28 1 23 19 53116 0.9417556211505687
15 9 19 19 40280 0.9716115976562183
26 19 10 26 55567 0.968493726361397
27 12 12 21 68284 1.0809056360854152
20 26 13 21 33562 1.0038933519261495
14 13 21 21 49555 1.0105409691141567
6 11 24 17 50620 1.0378718614568974
8 20 25 6 70249 1.0654107825335766
12 10 27 25 53369 1.0692422908378438
7 14 6 1 46020 1.0850012324274374
23 18 27 29 35893 0.9629705252432137
25 26 15 23 30027 1.0935382231487432
0 27 20 16 78900 1.0156530155275723
18 7 29 2 39510 1.0852809215185801
29 11 12 9 39629 0.9402911429588422
1 18 13 18 48025 1.0286822215094504
13 5 3 8 41669 0.9015543998958128
18 3 27 0 25405 1.061821716389753
24 3 7 13 53618 0.9829005695565612
0 9 26 10 43884 0.929019964306177
29 3 10 0 44708 1.0524691952389569
12 26 29 3 84531 0.9706147027837188
1 0 29 18 88880 1.0640839895277423
23 4 15 11 30687 0.9921577905461876
12 17 20 8 59549 0.9618368497790101
28 6 19 28 72154 1.0489401541433647
2 9 10 18 41040 1.0947956410191064
11 18 19 10 43796 1.0585992341479733
27 12 15 4 39637 1.0908308641357725
19 15 11 0 64420 0.9137209863564132
25 18 25 2 43489 0.9446147760935009
24 21 15 6 51270 0.9179017402773341
0 12 12 3 45175 1.0727501778633202
11 24 2 25 26492 0.9546948792579357
28 22 12 28 59823 0.9268877491731479
28 15 1 14 67672 1.0283510407236445
29 29 10 3 94955 0.9080688148689187
4 7 24 15 55056 0.9770644060088756
12 6 28 17 61894 0.9357084361433151
17 3 11 13 49246 1.0780506798970202
28 8 19 7 41076 0.907102985209221
14 4 8 24 70635 0.9102684344730552
12 3 8 24 69034 1.0906926551244467
29 28 27 11 45974 1.0623210172585864
4 15 10 4 42008 0.9611064522843179
2 22 18 24 53880 0.9339521558521706
18 28 24 3 72558 1.0543596713663472
12 13 4 20 51606 1.0055980288149262
3 25 13 9 59323 1.0194107683522697
29 29 8 24 66358 0.93069049687261
9 26 22 27 30064 1.0629756082796786
16 27 24 15 45114 1.0093701852472903
7 17 18 21 53885 1.0859040028820393
19 29 2 5 100939 0.9174528057609159
23 14 1 0 69305 1.0013383388656711
11 26 29 16 64847 0.9398201343435129
16 21 6 5 59564 1.0704602683129114
25 5 24 15 26847 1.0543504813026265
28 16 3 19 84578 1.016149894743105
28 25 11 9 63711 1.0053809504570133
23 19 3 18 78350 1.0569958887335313
21 11 15 7 21100 0.9917542332425812
29 0 4 22 101900 1.0434627513066606
8 2 20 0 33850 0.9922422620129467
3 5 16 13 44201 1.0609287102947131
25 1 16 10 32984 0.9505792555078652
28 9 16 24 58360 1.071411080663662
3 15 13 15 41727 1.0973076384782554
15 1 4 5 28466 1.049428989692949
28 6 13 5 47679 0.930233257616573
2 11 3 24 37823 0.9711985125516548
10 11 29 18 55098 1.000743249720997
22 6 6 11 37940 1.000990346713028
19 28 29 27 43405 0.9858713972126535
1 29 6 0 71069 1.0724777754592167
10 17 25 29 73039 1.0129244077747128
8 15 27 22 68947 0.9306212233516293
29 13 2 7 78664 0.9824080562177268
23 14 5 13 47730 0.9953582082572904
4 0 2 10 36205 1.0874517084532662
11 6 20 29 86366 0.9580228340070884
6 14 15 6 41356 1.0087549884665437
11 15 22 20 52055 0.9121777412826072
5 17 9 4 39382 0.9818720545284647
9 28 2 8 63520 1.081029027918775
13 10 25 20 47912 0.9684516863550622
21 24 16 12 44357 1.088693818755711
7 3 22 3 28762 1.0164892161936885
15 1 13 26 70062 1.0121633218822326
6 25 28 29 62243 0.921479193722596
5 6 18 23 68088 1.0501525696553986
3 23 27 6 84556 0.970317460695402
8 16 16 10 31721 0.9011492889491644
11 20 0 25 46783 0.9198209633688385
11 3 7 17 53010 1.0980348812730376
21 2 20 25 49350 1.041201780916296
6 10 17 23 52506 0.9515695886331372
27 5 13 10 33938 1.0025856250327316
11 14 22 0 51720 1.0259352466827985
29 11 10 24 74775 0.9253746686093369
7 19 17 8 51534 0.9394154369657484
8 9 24 25 61762 0.9881112790173444
14 6 26 23 62924 0.962887246287739
12 22 24 8 60186 1.0102756428788795
16 9 6 1 42511 0.9218058220714781
4 16 27 3 73041 1.000053678651298
18 27 0 28 50428 1.057091499595216
12 5 22 28 69287 0.9349758321638932
23 19 11 25 44930 1.0883746708160906
14 2 2 1 25227 0.9018717851453982
22 6 13 27 63781 1.0878605812907596
29 5 2 28 100246 1.095849874966904
9 27 26 10 67378 1.0007450808531915
7 29 13 14 55657 0.9997006211167285
26 21 9 13 62705 0.9659839097337952
11 9 23 12 34289 0.9010669497164537
29 2 21 26 57063 1.0457171351630379
20 24 19 0 70275 1.0939202368170622
14 11 23 6 28711 1.0883209402381544
7 21 0 14 35548 0.9179696982244014
19 26 21 9 42842 1.0458487206191696
22 12 7 15 45506 1.009849356001044
23 20 5 26 55173 1.0566432395732166
4 23 1 13 35938 1.0058852282447037
28 29 11 13 86487 0.9513758263876413
11 12 23 8 41077 0.9073922032901597
19 25 28 6 57647 1.0414450640020847
11 29 25 21 63362 0.9725732236999287
8 28 0 9 55155 0.9418554968140327
3 17 10 24 41850 1.0806163828184052
21 5 0 6 50699 0.9714939725716735
25 15 19 21 40346 1.0733361068789562
29 12 3 25 91152 0.9610631463996053
25 14 0 2 65151 1.0609897652541904
10 3 8 17 45636 1.0748054441530754
14 3 19 20 69953 1.0523123980814222
16 7 29 17 51874 0.9804840451264575
20 18 19 0 60533 0.9748982650553825
2 12 2 25 39265 1.0196682007409752
19 3 8 14 55827 1.0706102260595494
12 25 25 28 41513 1.043955044083989
6 12 21 19 61223 0.9433945920882161
1 28 6 0 69402 1.0977998643990492
19 15 13 0 63039 1.004083782834463
20 9 9 1 43570 1.0275773393207124
27 10 17 3 33619 0.9070166015998984
22 23 17 13 35324 1.0050325608296524
20 19 26 7 46563 0.9855592329745223
29 17 23 22 35608 1.045550588508719
29 25 8 28 56122 1.0959343284315388
24 27 16 16 44488 0.982736805906356
25 29 4 1 97674 1.0548979120188546
5 6 9 15 28403 0.9263062845836988
11 26 4 18 37839 0.9541345457938479
29 1 7 16 76998 1.0688873657830553
3 29 19 3 96926 0.9531875646192586
26 7 29 25 46375 1.0751184505053715
23 14 12 16 45532 0.9567214313402438
11 12 8 2 35433 1.018608150383842
11 26 9 7 50195 1.0652805197123776
28 0 11 24 96127 1.015228300841471
13 15 29 25 70583 1.062338454373295
20 17 10 15 54000 0.9027428476709622
20 13 11 11 40211 0.9961274159070972
6 29 18 14 71959 0.9287633819746641
6 13 4 29 55579 1.0475041687069473
15 23 2 24 43839 0.9435035082339791
19 24 22 17 23447 1.0660634238363516
13 26 2 25 27555 1.0412118604550957
26 0 16 23 69581 1.0163469400311675
14 11 0 22 48045 0.9064671906923244
11 0 27 1 38926 0.9432306366488838
25 12 3 15 63878 1.057817529389651
27 27 16 3 67663 1.085243537591793
14 18 22 16 35956 0.9945292588656424
9 16 15 27 40382 0.9243064469062324
19 17 15 5 51304 0.9459125008438855
24 14 5 20 66217 1.0751554343011989
11 24 29 0 102863 1.0423981407625187
11 29 8 13 55818 0.9404514603540097
13 19 6 8 58068 1.0857229088560003
10 1 29 3 41016 0.9893585273468248
15 3 18 16 45533 1.0770599343030627
26 13 14 23 59065 1.0191744086558894
27 8 19 22 44230 1.0189170122952618
1 23 25 18 83601 1.0673388297805984
0 27 12 13 63702 0.913852536009393
6 5 25 26 79685 1.0359997669472938
22 29 28 23 28256 1.0443629650125228
23 13 11 9 38891 1.060510555601969
29 12 1 14 69631 1.0424493153013135
5 24 5 1 59416 1.0657182079728102
16 12 23 25 45393 1.0293732091411933
25 23 18 16 44138 0.9746762184598863
0 17 22 5 55815 1.0059479705699934
26 0 19 27 73712 0.9304990917530427
26 2 22 18 36022 0.9556373682043984
13 8 19 28 77576 1.0424369918072052
17 3 21 12 33888 0.916185104897715
24 16 12 17 62250 1.0225463879576282
12 21 8 15 36078 1.0264167541327327
11 22 9 5 47092 1.0902768299093009
21 3 9 2 22270 1.0937482504717482
17 1 26 21 59903 1.0632343221224931
28 11 7 7 47617 0.997638638692162
23 14 14 26 42683 0.9955476032574215
10 7 19 20 63985 1.0497800192680724
4 6 24 18 64003 0.92663028391211
25 27 10 10 62229 1.085345973678356
26 10 29 28 49153 0.9446369231208878
29 29 13 27 55706 0.9118049741499465
20 4 0 1 46893 0.9023216182618468
6 9 27 4 53954 1.0646765238466736
6 15 23 9 52218 1.0533132937930267
10 14 13 29 59470 0.9273260258416612
9 0 2 10 36226 0.9556236566257672
1 25 15 11 54319 1.0444994084117525
27 18 15 13 43540 0.9382544999817917
5 23 23 22 55709 1.03724735126669
0 7 1 24 30318 0.9956836924123736
16 13 6 18 45068 0.9948545201308474
8 22 0 20 26245 1.0635077708170841
17 10 7 10 17083 0.97452920472459
16 4 23 29 68012 0.9056602176997417
23 1 7 13 55016 1.0482108862961772
8 4 1 11 36665 1.074929918830044
7 24 16 27 28815 0.9550032483246459
17 26 3 0 90181 1.0877344206155437
29 1 3 5 58961 0.9256650908822006
3 8 22 0 57147 1.0289706711745854
29 17 6 5 77222 1.0935651096416295
27 14 28 25 24390 1.0725428449581738
22 17 3 1 63506 1.0912428887372814
8 21 3 26 29013 0.9319278282014459
21 22 11 1 63551 1.0468059511047465
17 4 20 13 44975 0.9372416608368479
24 12 21 28 41486 1.0736582098127294
5 16 23 13 58844 0.9607572313483002
8 5 28 14 54002 0.9882858494069439
29 22 2 7 86366 1.028715964308538
4 19 17 12 55559 0.9933655137809295
9 9 8 27 48322 0.9283448070643232
25 14 9 28 64669 0.9440841197675649
22 20 6 19 63187 1.099584537323353
23 19 15 9 36063 1.0084037101738799
22 24 10 6 60420 1.024472488207531
20 18 10 13 48227 1.05889683779058
29 17 0 13 76066 0.9544523757817561
26 21 13 25 46819 0.9497802568577371
29 5 5 13 60366 0.9061986397687531
4 11 14 9 27617 0.9652111242335792
23 12 10 20 62032 1.0160196304500257
1 14 21 26 67410 1.0295237535700688
8 4 15 12 36004 1.0433688490634028
9 5 29 18 64599 0.9130159013732091
19 10 3 2 45113 0.9979017638855383
18 3 27 18 51206 1.0546228347327091
28 11 10 3 49102 0.9767268657415511
3 22 17 16 59858 0.9193375462167963
17 12 3 22 62801 1.0200744016995034
8 2 20 9 42379 0.9565746518044335
1 21 28 22 83682 1.0810102823890073
11 27 16 9 58597 0.9014680690242411
13 25 6 20 35877 0.9498567373458647
14 20 5 19 47809 0.9417318744992231
8 17 17 11 41653 0.9620401655964359
21 18 29 14 32879 1.0881188128996437
3 3 8 17 57196 0.9423653350558991
17 10 23 21 34024 1.0508067399056755
29 27 14 19 62289 0.9418592218659899
15 6 6 3 32631 0.921720260265524
13 15 4 26 57559 1.067459298624443
28 29 26 6 58089 0.9949646551510241
29 10 5 14 49763 1.0040400006232115
10 29 7 18 39220 0.9409524758549471
8 29 6 18 44496 1.0557031395709258
8 16 21 3 59229 0.9722748684961716
15 24 2 12 72972 0.9972649888952508
27 7 15 13 34872 0.9573568636795833
8 15 28 1 68993 0.9567086081489313
15 3 5 0 23301 0.9853215118865811
26 2 6 7 50846 1.0721780826069303
22 20 2 18 75771 0.9759845528556402
14 9 3 9 29492 1.0968987462544317
16 19 27 21 42237 1.0605421603054799
29 20 8 4 81339 1.040198378876403
12 27 25 12 70904 0.9135619660208186
28 12 22 8 23839 1.0533027328868638
0 5 2 25 38010 0.9864374892878702
25 4 25 28 69491 1.0961768692734903
6 21 22 1 77377 1.018618093943851
22 27 13 26 21374 0.9523853147814245
11 13 4 18 39014 0.9599833571489982
12 4 2 17 67119 0.9233499323988941
14 15 27 1 51467 1.0599502177318003
22 0 15 6 27104 1.0282205061604448
18 29 15 3 79065 1.011594192887018
27 27 16 16 50791 0.9419667027229817
23 18 7 22 55618 1.0975123629578274
11 22 29 21 60274 0.919464355144328
6 21 23 3 78646 1.0698090130085247
12 1 8 17 55887 0.9688753447915992
8 2 10 20 51135 1.0103269479110693
10 9 11 21 43783 1.0939044941590899
20 19 9 26 49996 0.9956383151211569
28 3 9 23 82223 0.9986109496776523
12 4 29 20 82378 0.9412697357561437
27 11 5 15 50623 1.0208553555633268
10 8 21 16 43603 0.9972157981834818
15 4 29 29 86398 0.9694695777891273
7 9 14 27 63615 1.08590604930817
17 26 14 7 56676 0.9516263257453745
14 11 12 26 50724 0.9258531350648932
3 9 20 6 50589 0.9408967721755064
29 5 26 12 26156 0.9274857101516281
3 22 21 13 70971 1.0840993916144483
0 0 23 15 67698 1.0968439157844991
2 2 11 9 36353 1.003265412038335
23 14 17 29 46660 1.099644118932121
20 18 13 29 58078 0.9211671684645159
8 2 28 9 50169 0.954497714501682
27 16 18 10 25468 1.0330136006223034
15 25 19 4 68813 1.0726671440057542
15 6 22 3 24654 0.9867831677594902
6 8 5 19 35028 1.0282783942842082
13 25 18 4 70596 1.0695638975769788
11 15 3 17 43559 1.0438194658114537
1 12 29 5 67854 1.085937216497394
14 5 27 3 33439 1.0172342227586026
11 8 17 20 50478 0.9797254198802425
25 18 8 19 69449 0.9464512666117236
27 28 27 6 45073 0.9489444588073724
17 23 12 9 50517 0.9369035313622345
22 23 13 13 50841 1.0191272457710505
9 18 12 10 25389 0.9924236998067666
9 11 22 20 43953 0.9242866654210307
9 11 2 5 31485 0.9909479512516004
14 4 13 26 69878 0.9234869630193179
8 20 7 9 38685 1.0288990233739541
8 28 0 15 45312 1.0291089314779425
12 17 18 4 65303 0.9159946489577424
26 27 10 22 54032 0.9301246144562546
23 28 3 12 81619 1.0308488284242125
4 22 11 13 45405 0.9660091174785641
5 26 27 0 94076 1.0422345516491995
29 26 8 22 56664 0.916256728863886
29 1 9 17 70908 1.0899399472397138
20 1 20 17 53205 1.0025903502824862
18 17 15 24 33810 1.0566573550164686
21 9 21 28 44547 0.9504695982260356
8 14 7 25 34169 1.093033884403362
16 6 27 6 36413 1.094988710055585
27 11 13 23 63465 0.9633929480574546
1 3 17 11 49897 0.941533535195011
24 25 4 20 66097 1.0280575326474715
4 4 11 20 64111 1.0251287908829743
23 10 4 4 49714 1.0326843099496024
22 16 8 17 57983 1.0329945168626797
17 19 27 9 45884 1.0243017798053435
20 8 27 24 50163 1.094228288424341
7 0 21 10 45984 0.9806324426513661
10 13 20 0 60765 1.0824964217304882
11 4 5 12 35106 1.0257935604296287
15 23 5 10 54154 1.0508688994777264
6 22 14 6 63951 0.9454258181298957
6 23 19 7 77984 1.0686432851899825
28 14 15 27 55434 0.9652409018940018
18 17 2 25 68229 0.9619503090804825
24 2 24 13 26103 0.9409820833323055
2 17 11 24 50540 0.9789398978492192
18 1 6 2 26036 1.0975142723252511
1 25 7 29 27120 0.9185579675923363
9 25 7 11 39986 0.9413819776371042
0 0 11 26 66597 1.0333567417080896
12 12 23 11 35977 1.054545895830338
23 24 12 18 51534 0.9554980776834785
24 3 16 24 63212 1.0245970137282492
18 10 4 27 69108 0.9615706268759314
15 14 19 3 43974 1.0049996668853323
4 26 9 17 33862 1.0520889998293312
5 6 23 29 81208 0.9804559574290864
29 8 1 4 76636 0.9208560405375591
11 1 22 20 57464 0.9293324692119656
1 16 13 24 58987 0.935325501663416
0 13 26 19 70862 1.0571100610019666
4 14 22 0 59677 1.0713038850146752
18 5 1 28 78785 0.9185548301752534
10 0 10 29 78522 0.9543622768848905
0 5 9 12 28407 0.9242281396532415
3 15 17 17 57845 0.9199462165470199
10 16 13 26 37756 0.9632848408377963
4 9 0 22 30513 1.0294888321995301
28 1 21 16 48397 1.0084170770739764
9 6 20 25 64235 0.9426079992601848
15 24 20 18 35488 1.0021953673284305
14 4 23 10 35580 0.9515970187579974
6 11 21 28 69614 0.9664677256413828
29 18 15 3 60108 0.90384729876617
5 29 18 1 94269 0.9400830328275288
28 22 19 5 51028 0.9366239915943226
20 19 6 2 66357 1.0961632783096096
9 27 7 2 63793 1.0528636960194464
21 23 8 24 43705 1.0713875675953108
6 1 25 20 81711 1.0512795688595793
8 4 2 23 62882 0.9017602769481032
12 7 27 0 54012 1.0084023031876252
11 2 20 28 76648 0.9919148681585845
4 7 18 25 72377 0.9228594440774897
4 5 16 18 53330 0.9112175349383475
16 24 1 27 42020 1.093066965049754
17 5 3 21 72823 0.945008825755652
29 24 7 26 55493 1.0558595185217952
28 13 20 0 52518 1.076665483604655
7 2 25 8 46372 1.0178445108602092
7 5 17 5 30023 1.0318318322200188
11 0 23 19 65845 0.9255907300223559
21 3 9 2 22270 1.0079899868702415
16 18 4 25 49092 0.9199123845727631
16 3 12 16 49769 1.011486020769104
13 26 18 2 68097 1.0783006008857299
23 1 10 6 39619 1.002379676208703
19 2 28 4 23298 1.0057145917747004
26 1 17 25 65460 1.079015150550029
0 9 24 10 40639 1.0101630882195474
13 27 22 14 47617 1.0774732360948849
16 15 7 23 48876 0.998923445190581
10 13 0 13 32273 1.090389946317193
6 29 28 12 95938 0.9441097465264756
25 24 13 21 47501 1.0449145922948533
27 1 0 29 88217 1.0394522677742295
2 14 24 11 52998 0.9875928540806781
10 29 5 16 46702 0.9407067125145532
27 15 15 0 48510 1.0801910822380627
29 20 15 28 56950 1.016726967175027
20 13 2 26 80495 1.075482266969623
8 20 19 7 66989 0.9275060389790069
0 10 26 6 57384 0.9339445971114368
2 10 24 8 41578 0.9348964667173074
0 0 25 0 53582 1.0304487893536165
24 1 7 17 67296 0.9988463607669094
0 2 6 22 50688 1.0943966288693272
15 21 10 16 36689 1.002906925359616
18 23 9 10 51772 1.0690026409714153
20 9 13 27 64199 1.0850146778428547
17 12 11 0 49084 1.0796757033883688
11 24 5 12 48990 1.0534617303802833
9 19 13 8 42438 0.9099642830090227
18 14 12 8 36773 1.0630749405685327
2 4 17 13 58128 0.9109215544166681
11 1 21 4 28200 1.0987482773720747
12 7 26 24 75448 0.9235895593819821
1 8 6 16 36562 0.9813456616703691
2 10 6 29 52988 1.0490536339499519
5 27 16 10 62128 1.0585280347023642
7 9 11 20 44153 1.0480511180028393
10 22 27 15 65119 0.9227783941811903
22 2 11 20 72659 1.0592802856358874
14 23 22 4 61030 0.9722305458126874
1 5 1 27 42847 1.0720976370920798
25 19 12 16 64541 0.9831894908577941
15 6 21 0 28344 1.0537097484402953
17 1 29 10 37033 0.9279949497838113
19 22 12 7 65005 1.0571443936045917
5 27 14 21 43987 0.9500125424231899
1 5 12 9 40015 1.0816393408639173
4 25 2 8 47440 1.092442418421188
29 29 28 17 43572 1.0009525755871298
15 9 18 24 45588 0.9890465209363539
17 2 16 18 40396 0.9791635064909562
8 29 15 24 33033 0.911497170792579
12 20 5 3 67889 0.9029652938850482
4 14 24 16 59341 0.9596508139517093
28 3 27 13 26956 1.0018239127000643
0 10 20 19 62507 1.0594721766808943
16 23 10 29 30101 0.9455848063126773
22 20 0 5 64528 0.9056927097893562
0 19 15 13 48145 1.0741526671701607
28 5 4 16 71211 0.9983103594482019
9 16 21 29 60017 0.9910061562545833
9 20 14 25 24028 0.9933843460304217
14 24 17 10 43868 1.0504856485103657
11 0 5 26 79313 0.9685450852770143
5 28 29 20 79784 0.9624108343785767
10 0 16 11 39100 0.916632609920741
22 5 2 12 53242 1.07726230205474
10 6 9 26 52689 1.0449424467143675
15 16 1 16 57109 1.0406118082638252
10 18 5 24 30620 0.9689019757321449
5 20 17 21 44553 1.016365152903961
8 23 21 18 55488 1.0068191155041866
11 16 29 26 78279 1.0026961397814282
29 13 24 29 52453 0.9266894023622463
3 13 12 28 72351 1.0174585894640034
1 6 6 14 33733 0.9747083774477907
28 10 16 7 26715 1.0163797410656996
18 29 20 0 88677 1.0370898276382736
1 8 6 19 44083 0.9221197586931968
8 10 17 17 35669 1.0168123925624137
20 17 24 1 46884 1.0645911519262823
18 29 8 29 47922 0.9128232474638077
23 28 8 4 82027 0.9476376114559137
10 24 23 25 38962 0.9032663251287056
28 7 10 7 50853 1.0431238042863789
28 0 9 0 45775 1.0266102118447733
25 0 4 17 82961 1.070937897348881
9 20 16 29 36774 1.0728052485417046
7 15 2 8 35848 1.0910518984055961
14 17 4 2 64733 1.0438278874496587
22 27 11 20 51769 0.9584833543969575
5 13 21 16 52721 1.077374949436196
15 28 7 18 46164 0.9934354889928865
17 19 3 22 52205 0.940072595990284
8 15 21 25 60530 1.0434010538266787
1 8 27 19 68177 0.9783811766652808
7 1 3 28 68997 1.0847952892520452
0 19 14 10 37002 0.9062552244567647
5 5 12 23 64535 1.0432283581400732
9 19 28 18 71031 0.9904089027455796
10 27 0 7 55254 1.0458406818550852
5 21 26 4 81294 0.9704534749326149
26 9 6 18 63901 0.9853727753571946
4 9 4 29 61456 0.9786432286110929
4 28 26 24 65298 1.0978786051110156
8 8 14 29 77983 0.9982688712559618
29 15 24 10 23723 0.9647188207154203
15 4 0 4 33426 0.9145939888368916
4 22 0 1 46230 1.0155281086549666
11 0 2 6 42122 1.0878112361871237
11 10 17 23 44250 0.9220819358585073
18 5 8 11 36837 0.9745171657928668
0 10 12 20 58149 0.938541586316621
5 9 7 21 40667 0.9944381593653413
12 2 6 21 63475 0.986191167063932
6 26 29 0 106183 1.0152293326796444
7 21 21 6 70359 0.9010108602189837
9 29 5 9 54577 0.9044074517612974
9 7 16 29 64843 1.0557989942357993
