5558 5689 5582 5318 5908 5775 7335 7297 5245 6649 4939 4829 7192 5058 6798 5697 4754 5919 6276 6225 4836 7142 5793 4742 6397 5825 5936 7102 5776
5617 5317 5905 6547 6482 6427 7171 6702 6034 5875 6599 5394 6516 6772 7176 5179 5956 7149 7401 5283 6045 7053 5892 7343 6429 6025 5694 6619 6778
6661 7084 7747 6367 5814 5885 6832 7442 5585 5141 6326 4997 5785 6876 7445 5606 6159 6324 6035 6364 6070 7297 6338 7515 7327 6215 5923 5494 5528
3719 3569 3795 2691 4748 4458 4248 3110 2781 3749 4732 4819 4488 5812 5469 5186 5026 5951 3918 3982 5703 5033 4327 5746 5029 5532 4033 4975 5861
3250 2702 3705 3178 2636 1569 3274 3054 4933 6911 6224 5915 6911 4904 6458 5191 4743 4597 6539 6513 6867 5461 4752 4673 4598 6106 5849 6887 5619
1793 7700 6957 7236 8412 6161 7120 6801 5998 7522 7505 8279 7570 7934 8523 7020 6561 6315 6604 7357 8295 8317 8073 7860 8035 6830 7770 6874 6052
6862 6310 7769 7345 6240 6635 6616 7867 5893 7593 5967 6407 7477 7101 7578 8166 6697 6073 7036 7126 6861 1614 3041 1859 2862 3200 1862 3935 3937
3981 3609 2996 3888 3278 3592 3050 4060 1702 4169 4125 3763 3225 3148 3009 3872 3704 2882 3587 1805 5085 6077 6794 6223 6225 6090 6231 6509 5483
5445 7364 6731 6506 6626 7675 7871 7402 7753 7985 6698 6336 7389 7502 7872 6934 6715 6409 8891 7855 8567 7308 7688 8581 6846 8967 7018 8354 8871
8298 6700 7376 7050 6273 6915 7187 6746 6556 7137 7220 5897 5805 6899 6210 7151 7289 7026 7016 7835 5788 7079 6522 4939 4586 2986 3460 2388 3386
6243 6927 8494 6079 7892 7534 7981 8425 6519 6073 8559 5978 6119 8137 6246 6434 8147 6531 6675 8378 6795 5231 6829 6376 7247 6012 5905 5478 5835
1544 1520 1885 2582 3707 3615 4360 2356 3040 2886 3146 4932 4909 3221 4883 3277 4354 2721 3767 4580 3631 3100 3499 2819 2858 2495 2431 2582 4479
4331 5415 5944 5899 6195 5083 5889 5455 4385 5957 4299 5692 4755 5315 4686 5499 6634 6520 4202 4041 6177 5521 6538 5987 4046 4666 3444 3813 3018
5017 4948 6772 5249 5642 6003 5339 4851 5316 6918 6577 6656 6111 3912 5949 5518 5470 4321 5068 3919 4133 5428 4245 4335 5234 3767 3985 5252 4702
8202 6384 8062 8140 5637 6468 6529 6752 6207 8102 7040 7633 6852 7080 6054 6822 6563 7276 8428 8878 6418 7674 7830 6501 8159 6760 7425 6780 7598
5993 5772 6417 6175 5102 4694 5265 7025 5557 4568 5252 5518 6734 5616 5301 6705 6405 6508 4981 5640 6146 6937 4687 3358 3190 2655 4512 3132 3941
6217 5334 6576 4607 5099 4757 6862 5820 6420 7095 5681 5943 6178 6810 7069 5853 1431 3672 1328 1588 1884 3530 2639 2645 2717 1690 1490 2190 3098
5427 6398 7663 5411 6464 5784 6615 5547 5909 7327 6589 5236 5613 7393 7821 6285 5874 5448 5525 4294 4462 5028 3963 5026 5573 4256 5668 4310 4427
1279 1263 6069 5367 5990 6494 6297 6324 6585 5413 5464 5948 4834 4860 5099 7023 6922 5373 5569 5042 5875 5324 5164 5310 4831 6590 6402 7250 5296
5079 4922 6251 5239 6801 5881 4734 5596 5895 5938 4517 6323 6533 5376 6237 4599 5645 4288 6250 5603 6058 6838 6141 4896 8627 7901 6769 8444 8319
3382 5243 5096 4856 5790 4849 5333 3403 4828 5847 3762 4866 4901 4528 4402 3822 3581 4720 4682 4363 5103 7567 5617 5862 7447 6368 7327 5662 6280
5353 4548 6368 6360 5889 5215 6169 4404 5045 6180 5883 4402 6326 6965 4460 6037 6033 6263 6118 5036 4526 5192 6334 5338 6716 4774 5574 5336 4095
3463 4107 4777 3278 4874 3845 3739 5193 3553 5175 3766 4972 5715 5516 4802 4801 4263 3824 4312 4376 4687 3645 4876 3269 3767 3714 5661 4727 4691
6989 6798 5556 7160 5805 6588 5871 5228 5504 6076 4989 7438 5968 5106 6844 5101 4844 5192 7396 4860 7224 7218 5720 7158 5843 5487 5005 5482 6985
4540 3089 3063 5041 3590 3792 3156 3369 3839 3209 3179 5350 4662 4478 5644 3836 3803 5003 5234 5170 4955 5074 5400 5322 4076 4360 5808 3887 4470
6234 8654 7699 6583 6619 6052 7845 6650 6041 7192 8548 7826 6571 7734 7925 7559 8035 7719 6468 6522 6073 4369 4566 5528 5076 6000 3931 4157 5207
7117 7233 6748 7100 7081 6403 7611 3511 4509 4463 3339 5204 2612 3552 2774 3519 3022 4830 2629 4649 3837 2933 4167 5224 3921 4499 3803 3851 2734
5065 6867 6353 4733 5209 6305 6694 5827 6032 6427 4160 3581 2760 4299 3035 3126 4358 3053 3976 2863 3533 2354 2409 4023 4270 2722 3918 3325 2975
6728 6181 7445 6007 7690 5768 5696 7870 7355 6214 5269 6479 7272 5637 6139 5787 6893 8700 8500 8099 7396 7337 6568 7447 6750 7873 8840 7273 7437
7574 7894 7412 6530 5490 6318 6795 6962 6635 7265 5850 6783 5429 4969 6042 7135 4933 4857 6244 5480 4830 7237 5305 4675 6623 7043 5675 5873 5024
8510 7609 7165 3638 5382 6377 3039 6416 1470 1597 6516 5526 6214 5050 4780 2154 4481 4095 5769 4899 6454 4348 5552 6189 2760 4110 8216 4636 5767 5411
6658 6816 8454 2809 4377 4325 3594 7253 2957 3874 7669 4833 5579 5357 2819 3636 5717 3942 6868 4000 7088 3158 4234 5545 2982 4830 7473 4299 6328 4654
8739 6835 7474 4663 2853 4911 2456 7650 3957 3145 7978 6139 6218 5761 2291 2210 5839 2833 6635 5975 4764 3140 5467 6575 2500 5632 6918 4837 7308 4182
8021 6522 7508 5226 4344 4438 2568 7734 6317 3395 8132 6465 6373 5435 3629 1972 4546 1744 5351 3873 5021 3070 3078 6490 1149 5531 7005 4029 7228 3743
8510 6132 8146 4759 3279 4057 2536 6305 7342 2699 7670 4224 6357 5412 4643 1375 6741 3962 6456 3914 5348 2790 4239 6645 3617 4658 6093 3574 6104 3973
7557 6226 6326 4907 7683 3784 2670 7120 6494 2924 8766 5818 6503 6144 3790 1376 3189 2466 7418 4405 6000 4559 5441 6109 1859 5402 7466 4178 7010 2676
8706 6984 6679 2747 6932 4535 2245 7308 6239 2856 8283 5519 5243 4266 3609 2681 3992 4241 5261 6004 7081 4060 4138 5582 1302 4106 6866 3413 5173 3976
8863 6974 5447 4881 6766 4634 2908 6148 7645 2917 6504 5127 5360 4073 4272 3126 3719 1779 6163 5042 6661 4095 4723 6059 3286 6109 6311 5031 5660 3122
6661 7448 4854 3603 6969 5656 2388 8000 6437 3720 8364 4995 4810 6433 3676 3939 4091 2540 5214 4042 5640 3305 4747 5676 3460 5972 7678 5740 6470 4350
7729 7295 5101 4945 7734 5597 2277 7941 7392 2854 8197 6303 5236 4851 2876 3956 3571 3130 6211 4392 5513 2624 5461 5179 2230 6161 7746 5762 6528 1879
7304 6670 5132 3217 8232 5409 2251 7684 5354 2656 7328 4793 4872 4033 2964 3171 1877 2476 6225 5444 6922 4843 3589 5252 3005 4678 6728 3895 7244 2666
7226 5310 4943 3745 6841 5647 3206 8061 6882 3438 7274 4715 6048 5605 4689 3819 1827 4415 7230 4474 6423 4597 3303 5915 3452 6365 7341 4214 7589 2860
6481 1750 3702 4173 6233 4223 2432 6223 6758 3768 6356 5810 5350 5242 2830 2617 3056 4205 7155 4859 4543 2791 4805 4723 2185 4062 7726 4309 7480 2153
5992 3619 5218 4574 7500 4664 3575 7718 5849 4014 6611 5766 5141 4708 3807 3184 4072 3111 6515 5075 7095 5051 4377 5535 2264 6095 7422 2136 6853 3310
7907 3099 4525 4609 8101 4852 2222 5751 6980 3692 6502 5985 6715 6098 4486 3470 1521 3142 5036 4093 5860 3132 5385 5934 2185 5520 7346 1384 2195 3467
7340 2457 3824 3333 6394 6213 2593 7531 6925 2291 6543 4381 6341 4908 2843 3921 1584 3435 5472 5789 5739 2791 3635 6284 2242 5940 7673 2097 3826 1928
7128 1695 3898 4192 6518 5438 2747 6600 5497 2308 8686 4009 5941 5192 4424 4315 4073 3092 5942 3985 6954 2836 3850 4587 2300 5336 6052 3586 2443 4262
7383 2710 3236 3190 7443 5451 2721 8210 6307 3809 6280 3425 5495 4840 3459 3710 3529 1762 5634 3609 4917 5028 4049 6177 1276 4009 7906 1396 3388 4126
7501 3964 3049 3631 7257 5495 3249 7995 7553 2701 7435 4332 6145 4182 6311 3102 3769 2874 7189 3780 4777 4681 4944 6640 2119 4621 5953 3358 4096 2357
7687 2488 5410 6047 8606 5025 2045 7782 7616 3300 8321 5023 7380 4832 6287 3171 3417 2535 5348 3952 6084 3322 3374 6401 1989 3948 7212 2386 2890 3013
7104 3002 3709 6337 7857 5078 1897 6482 6586 3122 8596 3814 6404 5488 7875 3574 1775 2207 6826 5517 5331 3697 3774 5874 1728 5166 7016 2285 2568 3981
7414 2280 5412 7432 7529 5786 2890 5411 5849 3440 7868 4093 7034 2714 5533 3707 3644 2020 7002 5966 7057 1774 3841 2789 1139 4708 6475 1108 4548 2833
6920 2374 4632 5085 8748 6139 2952 4002 7077 2365 7763 2731 5234 2496 6472 2286 2349 1605 6766 7292 4965 3411 3891 2110 3123 4016 6398 2400 2132 3264
6698 1489 4313 6299 6400 6178 3123 5029 7948 1991 8290 2790 5412 2476 6663 4571 3287 2278 5517 5220 6132 2030 3743 1927 1068 3381 7872 3282 2258 2380
6001 3472 4880 7335 8745 6225 3789 6374 6243 2212 7364 4688 6813 2746 6610 3772 3711 1703 6805 5410 4758 2633 4438 3043 2666 2926 7878 3372 2836 3711
5711 1957 3612 6199 7765 4467 4848 4967 6051 2514 6836 4059 5612 3291 5579 3277 3592 1526 6830 7015 6188 3704 4176 2014 3299 4706 7357 2461 2931 2803
7765 2012 4487 6603 6139 4375 4092 4134 6846 3070 7291 4147 7352 1587 5343 2445 1910 1550 4685 4670 5891 2863 5079 2763 3600 4316 7389 2856 2270 4407
7958 2767 5295 6725 7800 5447 2508 6373 6409 2713 6531 4940 5520 2216 6487 2582 2683 1845 5499 6167 8108 2171 3997 1510 2452 3993 6210 2961 2665 2068
5584 2590 5027 6172 8016 5377 3615 5484 5580 2015 7876 4441 7264 2958 6716 3813 2274 1830 6213 6715 6258 2898 5126 1790 1194 3862 7424 3245 3183 2923
26 12 18 28 68285 1.0677089635203747
0 1 13 16 92789 0.998389547963998
0 7 20 1 76668 0.9134094984007789
17 27 14 18 33605 0.9753280858288111
5 14 29 23 85669 1.0074914765909289
26 10 0 20 115097 1.078531847334888
17 9 19 25 77622 0.9491950439573544
5 17 0 28 70767 0.9395860752434253
22 9 20 17 42271 1.005427643515253
25 12 14 6 55354 1.0066481835369174
13 26 17 0 116785 1.0536655989606416
2 21 28 24 72443 1.0606002894570539
3 26 29 12 106742 1.0103153257538062
5 16 29 28 94234 0.9074738495381433
24 4 20 29 112019 0.9903638549916307
13 8 25 17 72953 1.0011568017323913
17 19 4 23 52031 1.0499740863699278
28 26 19 12 76000 0.9962257371690859
9 16 21 1 85861 1.0903419211666308
12 12 19 24 54480 0.9127355544345642
2 18 8 5 64744 0.9194482526715816
15 26 28 10 77979 1.046515696754427
11 13 11 23 37033 1.0888371498513263
0 21 10 5 91418 1.0192452285948663
12 11 27 20 70235 0.9461810500717672
13 21 23 25 38122 0.9670314351967445
2 17 6 0 80244 0.9883350038688248
17 2 23 27 127788 1.077941702191124
23 4 24 18 63310 1.0021928125529687
13 23 18 10 69826 1.0522183343055298
20 29 11 23 39600 1.0014285288728368
18 23 18 8 78577 0.9242341558129105
28 26 1 18 105080 1.094184780999151
25 12 4 12 97019 0.9894568750026012
4 2 24 18 102240 1.0600683094959253
24 21 5 17 69728 0.9370014679395686
14 22 13 5 83164 1.0459249059778102
24 4 21 29 108460 0.9185717359160968
12 9 2 9 30604 0.969514219403232
4 21 15 11 78583 0.9111621091441143
9 28 11 14 55286 0.9386563213702689
1 7 21 13 93890 1.0613295461073324
23 2 1 6 76876 0.971352984473247
7 6 24 26 100789 1.0423021199888098
3 5 22 27 111085 1.0685987913163548
2 4 19 13 87594 1.0330964559752966
10 26 7 14 56708 0.9532150487551722
24 7 1 6 64701 0.9114459717098675
15 9 23 3 49842 1.0149007353847594
19 18 29 24 45569 1.0326738015139005
20 20 12 3 88178 0.9591793666545969
14 26 22 9 85253 0.9283161643603258
5 29 20 20 73356 1.0254543542459689
13 3 12 25 90801 1.0282422276597845
5 18 4 9 50516 0.9100383214704708
22 21 6 10 85062 0.9504657616591542
7 24 27 3 126777 0.9171141913085403
23 12 11 18 62902 0.9600315809817376
27 4 29 21 78891 0.9199106126777201
15 27 19 13 54294 1.0769073436780363
3 20 24 4 114070 1.0384729629353446
3 27 28 15 94844 1.053342264294191
20 13 6 5 75681 1.0221877202058933
13 14 25 24 54769 0.9602643876622159
7 7 20 13 66606 1.047669083326474
13 17 23 7 74459 1.0592071731615325
17 12 12 27 64892 1.0583145736137398
5 8 9 18 52138 0.9604609187944807
20 0 9 23 116876 1.0799500547288885
6 22 23 19 67364 0.9079424631641615
13 4 27 5 60342 1.0971872643709049
2 28 21 0 150376 0.9100793681835889
16 18 4 1 85238 1.0842852527929456
19 8 28 4 51932 1.0696045197107134
12 26 19 3 114376 0.9966394619054024
7 2 1 8 38045 0.9204565199327691
28 12 24 19 36200 1.0971164098709643
18 28 17 8 84421 1.064355364518678
28 13 13 7 67347 0.9953083758536847
9 16 0 2 77316 0.937581914771842
5 0 19 27 121014 0.9347091737036343
25 11 3 25 100895 0.9207307733930609
6 5 27 3 82228 0.9430228603497449
14 20 5 17 43273 1.0865175569280205
5 23 18 25 41986 1.0619669810382406
7 6 6 22 56860 1.0284452737954024
0 20 3 2 91771 1.0648960135025258
23 2 7 21 111993 1.09048394579101
6 14 17 4 69698 0.98149148564845
16 19 28 21 41622 0.9984804753783592
23 1 19 18 79522 0.9042565973417909
8 13 17 26 66414 1.0717557879613964
24 8 10 6 44428 1.0972312588784454
0 14 4 29 76156 1.0334166487045848
6 20 3 13 41616 0.9934697082419208
8 4 22 3 62791 1.0482482339685986
26 14 23 26 54422 0.9662455774700965
0 4 5 11 49781 1.0022206137806273
21 18 6 9 73649 1.0621588803320516
17 12 15 4 51089 1.084061463282009
18 6 5 6 34235 1.0422606734114808
29 29 26 8 78956 1.0460748682418821
12 4 4 6 31438 0.9189825751177071
21 26 5 9 96028 0.9416981270629106
17 18 6 0 98915 1.0981859503970344
19 29 14 14 56138 0.9761143581907588
4 15 26 23 76253 0.9515301384691168
2 3 20 18 98662 0.9018081600749855
13 2 25 27 117291 1.03665479768241
29 26 9 22 69315 0.9648890827709358
5 5 8 18 57091 1.0174820868247425
14 17 0 11 68513 0.9173448344336573
19 25 7 10 78205 1.0462523076009438
0 21 21 29 80757 1.0841121410630667
5 9 26 13 78510 1.0938803986292163
27 17 16 16 24583 0.9962126050629858
9 18 16 11 60428 0.9751655641324655
3 6 11 17 57771 0.9515217021331155
23 7 6 1 71489 1.0454722620722434
18 19 0 11 82496 1.0799323155858682
1 14 9 19 41112 0.925197176179381
9 14 3 10 42001 1.0575843275021792
15 0 7 10 55885 1.0189040691058666
27 3 27 17 65130 0.9192306805922646
21 24 3 24 41648 1.0465738227382773
26 15 22 28 56964 0.9391724037083915
20 8 4 23 103846 0.9860765344519216
17 24 14 15 30944 1.0334435431835018
9 22 17 3 100896 0.9158431785498016
2 5 21 19 103536 1.0474116324222482
7 4 14 28 97802 0.9126194002703484
6 18 23 7 93112 0.9329735159121435
2 5 13 5 39825 1.0702382338300274
7 0 0 12 66535 1.0602731515923187
9 15 24 10 73220 0.9931607550521031
9 5 8 14 43725 0.9110931272109128
4 27 6 7 81694 1.0959321787816743
5 14 9 3 53883 1.0483194008474774
28 6 8 14 89255 1.0407495948092316
29 23 20 27 34961 0.9702476333633961
6 29 9 15 54370 1.0049627391130795
2 29 25 26 76677 0.9748136177902924
19 5 28 22 83689 0.9853913956916788
6 14 11 25 51094 0.9942840775189575
13 29 27 12 75992 1.0677676546987536
19 0 25 15 75598 1.094831519916357
3 25 18 1 117187 0.9628498068228666
12 29 13 16 47937 0.9287829007634292
4 14 10 2 66029 1.0923099658692275
1 14 15 22 64241 0.9789099027912603
20 24 12 4 89634 1.095426403888317
6 8 16 24 77287 0.9013107361612048
0 27 19 2 142870 0.9121718986633621
12 0 10 29 105071 1.0934205842054059
3 21 28 16 84825 1.04655828043042
19 3 3 7 63595 0.9639470034229435
8 5 22 14 81797 0.9152416242820175
9 24 6 4 83610 1.0300884155559122
29 28 5 13 107492 0.9950248325117105
15 18 17 27 28569 0.9847389689023396
9 12 20 0 74611 1.0704994185083085
19 8 14 2 47785 0.9280059725084749
15 7 26 21 87065 1.0089921480018789
8 5 28 9 71116 1.04651648739245
14 17 18 27 34742 0.9812566759719317
8 10 23 23 87611 1.0192303109265413
5 8 22 5 62082 0.9990613250397409
11 20 27 0 114484 0.9968141226204361
19 21 29 14 53599 1.0769359135531482
20 1 13 17 87764 1.0599078850494361
15 21 10 14 35878 0.9803408200855126
7 22 0 18 44154 1.0749271541594565
17 19 9 1 86760 0.9184600591146697
15 29 14 20 34268 0.9356874575958734
20 1 1 15 93726 1.050558357801171
26 29 1 8 128549 0.9484308428875626
13 19 22 18 37391 1.0566356079084152
2 14 23 7 92346 1.0366146113626151
5 13 17 16 49830 0.9009334737600995
15 5 27 29 113457 0.9334833491090954
9 18 23 29 78858 0.9515860787843047
2 22 18 0 120137 0.9040726278794541
2 23 25 14 96033 1.0474675077410684
9 27 28 1 137562 0.9081847330433841
11 26 15 2 101011 1.0563986457101433
1 5 20 25 115238 1.0928003790164287
17 17 13 6 59231 1.0002056854027987
1 12 27 24 103485 1.0583661918353666
22 20 26 28 42707 1.0513285541467383
22 21 2 27 72494 0.9558252372398062
29 4 2 19 138689 0.9803959944935277
29 29 19 13 78466 1.0553757302913607
14 12 0 1 87582 0.9997475716151931
12 0 8 12 57717 0.9670282326213961
11 25 26 8 87068 1.0772711610848154
14 8 29 26 109510 0.9764005763410635
7 2 14 10 52656 0.9653247388083062
26 24 24 8 64411 0.9986725412245409
1 1 23 28 141871 1.072863767630743
9 4 9 19 71864 0.9092457576040899
12 2 14 14 56908 1.0429043171132595
13 9 22 4 48164 0.9475854068900555
5 19 12 9 61478 0.9463612959887502
7 15 7 27 42846 1.0089808342929076
9 23 14 12 65859 1.055478503116789
2 29 23 21 81222 1.0835916336989466
0 8 20 21 99438 1.0444315717821329
12 14 23 16 42368 0.9695207474842343
7 12 18 28 71207 1.0699910973413784
0 1 0 29 143267 1.059831883752046
27 5 28 27 91270 1.0896950721901226
9 24 2 4 88661 0.9417630899031892
4 21 16 5 91204 0.9933386221479682
25 3 23 17 66561 0.9092581686470786
2 17 13 0 85404 0.9949106083421829
23 1 1 13 106945 1.026318516286908
25 26 0 29 86742 1.0731187049024877
28 29 13 15 73625 0.9627464171553684
2 22 26 12 102109 0.9775867491246176
2 27 26 28 83602 1.06496590565122
1 21 4 7 76515 1.0324109251502267
27 16 17 14 38505 0.9034555980161305
2 1 12 7 51809 1.0768609062785595
19 15 6 12 56955 1.0379550460530382
29 3 9 19 127565 1.026581102010447
10 8 14 28 79746 0.9290414160340554
11 10 9 24 58074 1.0216116892144067
22 15 1 27 95292 0.9106545482145466
11 9 25 18 68540 1.0382707972737422
26 11 0 11 96992 0.9603203639286273
18 27 16 14 42518 0.9854332059737444
11 20 22 8 82112 0.9316745064306384
12 2 21 0 35552 1.055080640679151
2 2 5 13 61940 1.0551328452655413
7 18 26 17 52254 0.9341304056207101
23 19 3 28 87144 0.9993065973360611
8 3 23 28 116331 0.9944631583113246
1 7 20 12 84214 0.9287821996714848
26 24 2 8 108665 1.0822363479251802
6 25 23 17 61854 0.9067873687957136
0 9 3 16 42871 1.0680314107659117
11 13 21 9 48316 1.0249857009626595
20 13 9 29 73330 0.9089232591767018
14 18 21 4 86390 1.0835645004604553
13 0 24 26 116351 1.0298869730469589
0 12 19 19 81447 0.9181743526058792
29 13 21 17 28760 1.0593904713718023
7 26 29 23 65601 0.9193408851751738
3 18 9 5 65523 0.936481638618965
21 4 14 10 52044 0.9990020360145085
16 11 22 0 67007 1.0307646058894777
26 27 1 0 152144 1.0373629888930997
11 6 8 20 62586 0.9456743608710544
27 16 23 22 35800 1.0340640660819844
27 1 26 27 107118 1.0576212337699702
15 24 0 8 94627 1.0820232399039833
20 27 12 17 47802 1.0567244611471471
0 22 16 20 61711 1.001517916421491
18 29 25 24 36491 1.093375819311404
26 14 15 15 40637 1.0155512867485688
7 28 26 1 143591 1.0031958811191524
21 0 20 13 66241 0.9075715212165423
6 10 24 6 64737 1.0517720293263872
17 4 13 21 92474 0.9396925195457323
17 27 6 24 35094 0.9586933790192202
0 24 15 26 44081 0.9825909176249779
14 17 7 5 63075 0.960314810836862
24 16 3 9 86110 1.060217134983003
10 13 29 27 86784 0.9232888289513735
24 8 6 13 75773 0.9151173388219308
9 28 25 15 78053 0.9682083909322117
3 5 11 20 72278 0.9716716602629202
3 4 8 11 38233 1.0477107347619552
16 4 21 17 72098 1.0181159299315443
23 22 4 21 61124 1.0650571079695426
20 14 14 20 40255 1.0757982538665032
13 20 24 28 53054 0.9848036497086475
24 2 11 6 51138 1.0857241445387151
17 22 19 10 60751 0.9267609134241027
6 3 2 27 99807 0.9067028077457495
17 7 20 15 49572 1.030686011856977
28 27 9 7 114191 1.0284671064384456
2 16 16 26 67534 0.9118277091931454
7 1 20 12 80016 0.9700735544212586
2 21 27 6 127010 0.9297857436172918
25 14 7 15 67117 0.96949267452561
3 8 7 20 51944 0.9243043198186567
8 9 23 21 83196 0.9801866271837898
11 25 29 17 59299 0.951372235859816
12 7 1 0 61921 1.081501961640853
10 16 21 6 65574 0.9845083021862815
0 21 28 0 152617 0.991389779367034
12 23 24 15 58161 0.9709118546190584
9 17 4 5 51166 1.078859679926769
9 1 11 11 43062 0.9330672655987816
11 19 27 4 104782 0.90932247911729
2 26 21 28 71750 1.0986295254957086
29 9 22 2 45737 1.076146274142851
7 26 25 26 64368 1.0291227174820008
28 14 15 15 48101 1.0919271835904003
8 25 8 4 86830 1.0806766296985262
24 16 16 28 47549 0.9717744678608187
29 0 18 29 138214 1.0756969044192326
11 21 27 20 55719 0.9669859012025405
6 1 25 6 73612 1.0486598694099676
6 10 16 18 58924 1.0114402145988017
7 17 26 17 49372 0.9575270304390102
15 8 27 17 65645 0.9290320604645885
0 10 11 11 45318 0.9305004879690061
27 18 27 8 40831 1.020400710313867
15 26 0 17 73256 1.0266948446295456
9 6 23 26 96136 0.9525335636987726
19 9 4 28 113679 1.0559291023599566
13 9 2 3 50140 1.05242818279311
20 13 26 1 63942 1.0060401701897583
26 27 24 17 40756 0.9078364340158409
10 5 26 6 53313 1.078679253634262
0 1 19 0 89491 1.0609884957910503
20 27 21 8 88048 0.9227357041857469
10 16 21 6 65574 0.9666175222126231
8 0 7 25 98510 1.0426259893449403
6 4 0 26 102651 0.9014866038874166
10 1 8 15 63180 1.0528839631848623
20 5 8 21 94744 0.9261601485545117
12 25 28 12 74544 1.0720025453096258
8 15 13 1 63570 0.9184193072268244
8 22 22 24 42994 0.9960021020832122
10 1 25 0 52613 0.9267002049471208
14 18 2 8 76559 0.9623663878603903
0 29 7 20 56094 1.0987184906926364
22 17 14 12 45834 1.0020028663941922
29 6 10 10 72989 1.069970757013611
13 28 27 0 128031 1.0877851243589596
29 5 24 29 109288 0.9042642898133365
9 27 8 10 74363 0.9210632569999645
19 14 15 22 39275 1.0973091280123743
24 7 20 27 90776 0.9520176622794913
27 9 15 1 59194 0.9188759004831883
21 12 4 10 74683 0.9463404010071965
3 15 22 7 80795 1.0170159173240498
29 6 5 25 126219 0.9259033686345451
8 28 27 21 67893 0.970536089860979
13 21 2 0 108352 0.9037167087506621
22 26 17 20 34144 1.0396868846143978
28 8 10 28 109748 1.067556253100964
25 9 22 25 69630 0.9964656706929669
13 28 29 17 60879 0.9209245785334467
9 28 1 17 64589 0.9493880428575234
8 15 3 8 39220 1.0737979924771321
0 8 17 28 102915 1.0169095486736957
6 17 16 18 35683 0.9826992498729135
23 5 24 28 99319 1.0015817612336675
26 15 5 13 75331 0.9866429700774982
22 5 12 15 70974 1.0113073222212827
12 19 10 2 69247 1.043949866919332
9 26 1 22 40962 0.9270863355516543
20 19 3 17 59848 0.9218218625146172
5 2 13 18 86062 1.0481028852832808
8 6 4 0 27399 0.9154052886364197
9 21 14 28 42039 1.0529260147905692
21 14 22 23 42951 0.9771611855872253
12 3 0 4 52085 1.070080600234046
12 25 10 4 88533 0.9073155326224637
1 23 9 18 51878 1.044470080706299
21 5 9 16 74360 1.0407164157342068
8 12 10 25 63776 0.9447231689241897
26 23 14 10 84843 0.9229718274373375
28 24 15 26 34846 0.9135118136993314
27 5 5 12 96774 0.9927350931543786
9 21 11 1 76839 0.9576589980611034
9 26 16 2 112289 1.0805994931859844
5 28 27 24 68787 1.0889071567963011
26 27 0 4 137754 0.9462976418768199
7 29 4 11 79987 1.0080356525667082
15 29 2 18 75895 1.0873063911343486
0 21 19 19 73200 0.905358137536154
13 10 1 23 94254 0.9677444414248171
20 10 6 2 74458 0.958374801232975
18 23 26 29 41249 0.9116135181878753
10 23 3 3 91961 1.0264467237966035
6 9 25 3 76902 0.9081808974349622
25 28 10 15 69194 0.9713531108509346
24 9 20 23 71600 0.9479942034038054
28 7 8 15 96448 0.9978161335057063
15 2 29 7 71484 1.0205404911359497
21 29 9 23 50069 1.0059099126062425
5 3 29 25 130599 0.9506671427635277
2 19 3 3 76509 1.0379631125184696
9 27 29 21 64104 0.9542533497004982
14 28 22 22 32017 0.968366979612052
6 24 1 12 62780 1.014565590629185
10 1 7 24 92865 1.094336504535587
21 6 15 25 84151 0.9417592580199885
13 29 19 11 77558 0.92183856123109
27 19 9 26 61971 0.9752259437297496
1 14 16 4 81731 0.968312457934321
20 4 23 15 60143 0.9896839320820309
18 5 4 25 107648 1.0992830116815455
9 1 22 20 104777 1.0148522239764761
16 21 6 14 45711 1.0356939279384754
13 14 20 28 58265 1.0462649108047728
26 6 18 1 42809 1.046906315493166
25 24 19 16 47071 0.9956564223665344
17 19 23 23 32201 1.080066634031851
7 19 27 13 70295 1.0814195599949354
26 11 12 29 81614 0.9498260835197133
8 0 5 15 64090 0.9041130515614281
26 12 0 1 114644 0.9398068350882669
6 12 2 27 70676 0.9073606091426593
15 28 26 2 115288 0.9586667524605922
5 1 6 21 82619 0.9362596430142807
29 18 19 0 88944 1.0034063528670951
20 18 19 5 61919 1.0353347475848906
5 7 11 12 41690 1.067714236865487
13 17 26 7 67795 0.9515343526354588
19 13 2 1 101631 0.9910749875470577
2 11 10 3 57715 0.978807752142835
19 25 29 27 41026 0.9438200189354851
12 27 15 4 98710 0.9340430877815813
14 26 15 15 42439 1.038190704905269
3 11 15 14 60390 0.9564559873895448
15 5 28 28 113147 1.0362202714143225
4 10 14 22 82715 1.0334928213355703
3 9 24 17 82307 0.9321131458601731
23 16 2 22 85967 1.0004096838739096
21 8 12 28 91061 0.9594128723047177
27 15 18 2 74914 1.0124076768848864
29 13 15 12 56660 0.9255557513675899
10 18 16 11 56742 1.0871310159537464
16 11 3 16 66947 1.0434527071354753
23 22 14 0 119225 0.949375238679042
16 23 18 3 97322 0.9051934211900857
24 24 20 17 37407 0.9185607455307717
25 13 21 26 63651 1.048779704026678
29 26 9 15 82800 0.9592129344362976
13 3 11 27 91087 0.9246271117583204
25 2 16 14 82051 1.0542757659066702
29 8 10 21 96024 0.9851627579927625
2 0 9 24 108321 0.9763272097277358
22 7 1 8 67431 1.0073564286405632
5 20 23 27 67395 1.0210551152951366
22 25 5 21 51002 1.056954631943396
8 13 17 18 47209 1.005102551878092
6 27 18 7 105301 1.0479807535239232
3 11 11 16 45122 1.0284426685340793
29 11 5 14 92807 0.9636712949549096
14 14 7 23 58928 0.9910457330569443
17 19 5 17 43462 1.0947821867048586
13 6 29 19 89915 0.9882426388855472
20 21 3 14 67833 1.087777957482481
5 2 15 5 51322 1.0354358831641173
6 28 21 13 86840 0.9591737375531081
2 28 6 3 105301 0.9007450165532195
24 29 1 3 137377 1.0853221880680446
4 14 16 20 49099 1.0700783502063846
18 19 8 10 66989 0.9013292655357589
11 22 15 6 70598 0.9917703721442729
21 27 0 19 83159 0.9131042318012401
14 7 1 5 48062 1.0426323368252515
9 5 19 14 73142 1.0006062316717639
20 14 8 7 77045 0.938488600632732
21 18 7 26 72643 0.9572131770240887
6 7 0 2 39754 0.9133740132158166
9 8 28 28 109932 1.029971846119202
7 16 11 26 43099 0.903486130854651
20 2 5 4 65303 1.0863713250422349
4 15 29 13 77283 1.013185068083294
23 28 27 11 67900 0.9664350191155409
20 14 27 5 63149 0.9621777192886712
1 4 29 25 135417 0.9238970012012492
28 23 1 12 104742 0.9040597476318276
27 19 5 15 64859 1.0608084415700914
2 8 24 9 70998 1.0937623720257783
14 4 1 11 70745 0.9928999380108907
25 7 10 1 65161 1.0404889151907004
6 19 6 0 80350 1.0645780298499874
7 9 22 17 66550 0.9895769981158298
21 27 2 14 81979 1.0360554124526562
23 20 20 4 81616 0.9554231821457868
3 1 14 15 79232 0.9549190555816984
29 29 0 23 90356 0.9849653475764999
23 5 7 19 93237 0.9747815249163538
14 25 8 13 66907 0.916089472685602
2 24 5 13 57201 1.0443199212482288
8 9 13 26 79593 0.9393511316069741
25 16 17 23 45115 0.9014274505238263
8 23 5 2 95043 1.0148941163148137
4 7 28 22 111454 0.9506754014386791
12 29 4 15 64755 1.065275086671798
17 28 25 15 57600 1.0299684000485962
10 4 9 13 50067 0.9700231570750784
4 11 27 28 113783 1.0128555579348548
19 7 6 3 50808 0.963253966867202
15 22 1 15 59508 0.9627390078027848
10 1 20 0 37144 0.9312092053616461
6 8 1 24 72996 0.9642528905527691
20 25 6 20 54117 0.907613487617347
23 12 9 29 89070 1.0982674965670967
0 24 19 12 93311 0.9342515969729699
21 26 14 6 97902 1.058026357808454
13 10 7 19 57340 0.9625957086173783
12 8 3 18 64470 0.9343194259559808
3 2 20 5 61949 1.0144971947368118
28 27 5 13 101822 0.9784100023523472
18 29 0 6 115802 0.9307966878260641
4 24 4 4 78892 1.0103638221214188
28 15 9 0 107599 1.0326540493111862
24 27 0 10 117825 0.9702401899445217
12 8 23 3 54797 0.9306542809132106
7 29 24 21 64702 0.9169023419775564
9 4 13 12 49261 1.072437321522022
23 6 15 29 96420 1.0349722900430134
4 3 15 6 36093 1.0830695369993306
3 13 27 9 89844 0.9718967998574647
12 18 2 14 42616 0.9550720952930178
16 1 24 24 112073 1.088180973490027
4 3 8 25 88028 1.0404685788982249
18 14 10 28 67104 1.039830751063001
26 21 3 7 107372 1.080433362762105
23 22 27 5 84737 0.9477134936261556
9 22 0 6 84773 1.0508143591583758
6 12 8 21 39655 1.0787618721529753
0 0 8 27 124758 1.0404167965005802
8 9 13 27 78775 0.9613057848672529
1 24 3 5 87325 0.9604573430010627
12 19 10 0 74483 1.0657246622276826
23 15 5 29 86698 1.0393336385819478
4 9 1 22 75581 1.0392032271400617
14 1 21 21 102525 0.993243935416717
6 25 7 9 55810 1.05192442017824
7 7 25 29 112284 0.9848253657385625
4 8 1 29 101384 1.0296169846554903
19 18 14 9 58417 0.9986668555616603
10 26 23 19 61262 0.9056393788757456
19 28 5 8 99138 1.0876370930163044
7 10 29 17 74718 1.010122121733232
23 18 12 7 75310 1.0718925172709257
19 11 26 28 82728 1.0266476809205376
29 26 5 17 93382 0.9959132530817477
13 26 29 25 50075 1.081645185859985
4 4 21 17 84451 1.029200109625066
26 26 10 25 48991 1.008744398717511
0 9 14 23 95117 0.985193705784867
20 0 29 1 25325 0.9886152240135953
28 1 21 11 55149 1.0504023634595372
26 15 6 1 106857 1.0847272553609149
15 20 9 1 90102 1.0610955552003958
6 14 6 26 44189 1.0412628690637895
5 8 8 18 48981 0.9791782498098219
21 13 8 14 55416 0.9951024148599257
5 22 12 0 94204 0.921534663511345
22 21 0 14 82633 0.9720120560894491
2 1 10 22 99331 0.9436821086333826
27 10 25 26 64888 1.0405791360791308
14 9 9 25 76766 0.9997417176141223
28 28 4 22 80026 1.0647186298688431
7 15 20 12 59332 1.0753259003291729
5 19 6 29 40702 0.9784961756854026
7 10 24 12 68293 1.0788409998070791
29 0 7 2 78663 1.0090780113412587
23 16 22 3 61578 1.0760554990604965
7 4 2 29 99000 0.969657505574646
22 19 0 15 68651 1.02633925538256
19 15 17 25 42560 1.0286322909595322
13 29 28 19 62893 0.9926479992964998
10 14 21 7 63950 0.9881938611250827
26 26 2 7 123888 1.0851054051601354
23 24 0 13 88841 1.0838512384551806
9 24 0 26 35137 0.9823664664932623
22 17 17 6 61515 0.9741571816669197
27 18 19 13 37107 1.068917395536103
15 12 8 22 69968 0.9663085488957076
19 0 15 10 62965 0.98207620765823
1 29 8 4 110420 0.9280382825955693
20 5 10 27 105603 0.9092772811026386
21 14 3 20 79247 0.9553632264724552
23 28 0 4 133098 0.9299524466986647
17 29 23 22 36607 0.9112161704364324
7 9 25 29 106522 0.9361394276974184
18 2 25 17 80536 1.0867701652016224
17 20 21 26 37014 1.0344421323100306
2 7 1 18 66740 1.0312467795397153
0 12 11 29 90915 1.0249963954729027
10 14 6 29 61138 1.043927765053641
7 9 20 17 62323 1.0087142821197501
11 17 27 10 64402 0.985105167022388
0 6 24 14 95826 0.9286652224019447
16 13 11 27 58486 0.9434282666970097
11 20 23 11 75427 0.9528957981497832
12 4 28 9 64597 1.0603197071770403
25 8 18 3 46775 1.0905073305279027
10 1 2 19 92356 0.962569374952523
24 6 13 15 73741 1.0887460984258857
9 20 21 9 87554 0.948288801355472
6 22 1 27 33741 1.0247840219709996
2 18 10 27 62013 0.9713877399117054
8 20 10 12 47299 0.9758131648661574
1 9 16 16 69522 1.0135758346594166
6 5 22 23 99558 1.083535723308529
13 4 16 25 87787 1.0695812683265387
2 25 14 3 110432 0.9917413942288229
21 10 11 21 72894 0.9486293601793804
28 26 27 16 39771 1.060110293128739
1 8 3 20 62827 1.0221924326887288
9 25 1 22 37976 1.0607830372782756
28 26 25 0 108819 1.053282031498361
6 16 2 5 56475 1.078008868844338
28 2 11 9 75691 1.0622254031552256
14 26 18 17 37573 0.9328035496514437
21 4 8 14 76157 1.0755571079016313
23 20 15 8 77379 0.9959118537744127
15 0 27 18 95205 1.0157417770279724
7 14 6 23 32659 1.0375143033407788
9 25 20 22 41312 1.0520101711257535
8 24 29 6 113367 0.9640655151570681
20 5 1 17 93599 1.0043895005989019
9 21 20 29 53666 1.0533876274052703
28 1 20 10 55912 0.9342809828540289
1 24 18 7 109484 0.9126175741095087
9 14 21 3 78841 0.9104327296337
0 12 13 6 60653 1.0464458053229628
28 28 14 7 115850 0.9168172944168881
4 29 4 19 49688 1.0783714627712149
15 28 25 21 40961 1.0498208224153998
16 7 27 12 55532 1.0250032009910381
15 2 2 20 105977 1.0819252674037936
4 18 21 10 88609 0.9259475637602038
26 29 3 8 121635 0.9317280157847826
20 1 8 16 86950 1.0517380445599698
23 6 26 16 43676 0.994009745539769
6 26 19 29 50190 1.0956884417556203
11 11 17 6 32563 1.0157264278432878
27 18 15 24 43054 1.055248723237833
8 14 1 4 54744 0.950829359021644
26 22 13 23 38107 0.9962423049966295
10 27 18 25 30560 1.0270374278446652
8 21 12 4 79268 1.0051116060377732
27 28 28 1 110354 1.0384934894884807
26 0 6 21 127162 0.9854628023500205
17 9 0 26 111695 0.9383571580570769
26 3 29 24 92107 1.0922094638219673
8 20 22 18 61019 1.0697931809698265
13 16 16 8 53872 1.0891615321065125
16 17 0 19 63248 1.0888117250104308
19 4 10 22 98179 1.0778343792049272
10 18 13 7 57927 0.9399038725030834
28 13 5 15 72950 0.9769376312035092
13 21 2 4 88692 0.9840588033176054
22 1 18 10 50646 1.0297991020599577
6 11 11 0 47302 1.015684811983506
21 15 14 12 44090 0.9782825905809013
3 19 28 12 94388 0.9352843983329392
25 17 23 7 46974 1.0506833840987406
23 14 8 17 58675 0.9361692748034862
20 10 13 15 47332 1.0963099384848336
3 5 10 13 52909 1.054848870042891
18 23 29 13 65591 0.9273866523430605
21 8 6 8 57576 1.029547578893182
3 11 26 22 99093 1.0397472135625128
3 10 5 0 38171 1.0000626294537702
20 12 28 9 35191 0.9200814858908298
15 13 20 7 44712 1.0001519165549464
9 11 25 19 79478 0.9416761950639146
10 18 3 4 67807 1.0142787306026035
21 22 12 13 58737 1.0831604934028218
11 22 5 7 75318 0.9271256638031381
14 23 0 8 97666 1.0421127185939065
23 10 3 11 76826 1.096019696652941
12 17 9 2 67493 1.0793620614824573
17 3 10 19 85979 1.007236425460113
8 27 9 2 102183 0.9845780850231725
21 17 0 13 70351 0.9955438114671612
16 0 1 9 72762 1.034988542852634
12 29 12 6 86392 1.0421619312540438
23 9 14 27 81189 1.0364774543183881
2 7 15 13 74546 0.9762134530577088
2 1 18 3 76300 1.0962280037611285
2 16 13 3 73117 1.0387915601279918
14 13 15 3 61988 0.9031576081141544
14 17 29 6 81635 0.9651813905546213
5 15 25 9 80094 0.9339242550439838
19 25 20 10 70439 1.0801031683506088
19 1 28 10 57295 0.9386637208686524
29 1 8 23 139735 1.007333648090816
18 28 6 14 68443 0.9543242581998168
18 17 9 13 38610 0.9959920233902954
0 7 0 17 58458 0.9532337191914311
16 0 10 8 47831 1.0646719375745646
29 22 14 25 45234 0.93268346349148
11 21 7 27 34038 1.024465105538119
17 2 22 22 106630 1.043567853342859
6 29 15 4 108611 0.9634305588552541
18 11 2 3 77131 0.964421203217384
23 19 9 12 68244 0.9726610871709858
12 19 2 9 64921 0.9003658096292201
7 14 29 19 71558 1.058157661782752
12 0 23 12 80813 0.998201311495549
27 19 4 28 85010 0.9175923393499764
8 23 23 3 125428 0.9435292677230509
10 0 26 23 112858 1.002911661588856
0 13 8 5 60609 1.0920912768006705
22 24 17 7 86601 0.9355092203582243
7 14 2 23 51158 1.031758866103952
19 14 7 4 78393 1.0786291120646319
2 12 20 21 82785 1.084797799974815
1 0 2 13 69896 0.9698177399643126
15 8 6 2 53982 0.9123041530980114
25 1 21 23 98964 0.9300393590544321
4 19 0 1 96528 0.9719922709728366
6 12 25 16 71133 1.061621469895427
22 14 6 10 82215 1.0443978173243245
9 6 24 24 87057 0.953150786651835
2 3 13 9 50140 0.9563243539703294
18 6 18 17 59976 0.9530665737360656
26 7 17 26 85852 0.9663303820345629
21 16 28 8 55011 0.9159125044333575
22 19 13 28 48170 0.9751707940112009
4 28 29 11 117238 1.09037344585759
13 17 24 27 52672 0.9682455131806916
24 20 10 5 93305 1.0644065822887465
7 21 22 2 107361 0.959935651546554
10 4 21 5 47456 1.0805661583834096
4 22 28 11 103820 1.0070688414297
14 15 26 20 45068 1.0554081974929435
5 29 16 10 99823 0.9725045140841515
6 19 20 26 67611 1.0296147444094066
5 0 9 23 101353 1.0238425916685543
7 16 26 26 73162 0.9133489244532259
15 0 1 23 124114 0.97514214966848
6 20 23 14 75809 0.9918448601020563
25 0 18 18 91698 0.9273589897782425
2 14 23 20 77752 0.9651452150330879
21 13 2 29 104840 1.0164559111128644
17 4 5 20 98029 1.0628955594605998
8 15 25 0 102453 0.9905957648856678
24 19 5 2 114304 0.9435428472766806
22 10 14 26 80755 0.9849988205661702
1 23 6 14 57577 0.9073452179115161
23 5 10 17 82957 1.001306286103091
2 26 20 18 80547 0.9412634436339956
26 23 21 13 49091 1.039598964950028
15 15 7 10 44552 1.0804670582285893
22 4 5 11 76563 0.9309949265058479
26 4 25 18 66845 1.0808584132302252
8 27 18 18 59525 0.9886047478510226
2 20 27 25 80331 1.0994084193579452
19 11 4 7 65089 0.9000488187735382
1 26 9 2 110376 1.0788470119451856
17 29 26 20 48808 0.9287260970137781
29 9 21 16 49671 0.9376179420490312
21 22 16 7 87824 1.0665913586930795
23 14 4 8 88672 1.07984338963257
22 2 4 1 75352 0.9221768597552278
5 16 22 10 81479 1.0877123469095935
4 11 8 0 60208 1.0874139009524335
15 21 1 9 82216 0.9565952890716416
6 24 11 19 30912 1.0668402798895935
16 25 24 16 42179 1.0564656542301072
20 1 0 15 95880 0.9762666622179149
4 15 14 1 69495 1.0259778170808103
20 23 16 0 117094 0.9597595120125564
25 9 4 24 100974 0.9640006607770502
27 23 17 27 35160 1.0264418465687262
14 19 11 11 46039 1.0224171130217246
18 16 2 27 76472 1.0134788695690122
1 21 16 0 117548 0.9864588457316865
3 0 25 28 139354 1.078790018424482
7 10 8 21 42300 0.9105711002787432
22 5 28 11 41899 1.0285793880328336
27 7 12 15 78984 1.0357179396615481
0 7 14 1 60255 1.0794355653631316
20 10 9 7 53980 0.9525794991582133
11 4 8 18 63161 1.087286300300908
21 21 10 15 47975 1.006785518069954
7 25 18 4 110532 0.9673925560284331
2 18 17 11 83026 0.9655638384937208
29 27 25 11 65619 1.0745163516772642
24 14 2 0 115231 0.9474850029328079
9 18 21 21 58513 1.0165252719340148
27 29 23 15 56391 1.0854703430857608
28 9 2 7 85656 0.9500737352635115
28 10 17 13 51202 0.9386222832045752
26 21 5 18 78339 1.0534826755741549
3 12 3 2 39131 1.0058198622650847
27 20 18 2 90452 1.0221441154117767
18 10 24 21 66748 1.03916516665453
1 29 20 28 64854 0.9620233801615901
16 5 9 27 100533 0.9112553266793372
24 12 9 6 62282 0.957867024684375
22 23 3 4 107431 1.0062320448025923
15 22 2 14 61422 1.0848628465061696
23 27 16 11 72986 1.0697761468189513
21 25 8 29 49926 1.0564743274784223
27 8 20 18 53473 1.0256764802284988
21 26 29 4 112757 1.0281659577194138
9 21 19 17 42029 0.9630659243667544
12 9 29 9 49325 0.9523586543945017
2 13 5 25 61813 0.9709603352491831
4 24 8 10 60759 1.0486489608718423
7 19 13 4 71403 0.906319165077431
20 22 11 2 90509 1.0428243657848912
21 8 5 24 98895 0.9695121411093376
26 2 19 26 122759 0.9615989370453278
6 14 16 22 49241 1.0266845025828013
25 2 22 20 81286 1.0848236426872193
5 16 22 21 63740 0.9218021212982456
1 11 19 16 77226 1.0455259574873512
20 20 23 7 68273 0.9742756931640772
4 13 19 8 75167 0.9275304267753508
14 11 28 20 80026 1.095765345958026
1 19 20 25 75301 0.9802857411008724
6 7 22 10 65922 1.0104040202329592
23 11 28 26 68669 1.0009758408994076
17 10 8 25 88763 1.0655224317012577
15 2 22 22 109319 1.0339673595051757
25 16 28 0 79656 0.9377644351120752
14 17 6 3 72988 1.054321369093821
15 2 15 29 111077 0.92265611887066
5 22 25 22 61418 1.0113229735709428
4 27 14 14 72307 1.004815546626845
22 12 6 16 70328 1.066331251157073
11 17 29 16 49336 1.0176425642244036
19 29 22 2 119823 1.0425277549084562
14 24 9 17 37624 0.957686161025182
1 19 29 7 130684 0.9471577874148358
12 0 17 6 38854 1.0753779098484975
7 22 25 1 120105 0.959040764522028
1 21 7 11 54857 1.0807376071135004
21 6 18 29 97802 0.9102719438243205
29 25 24 1 96180 0.9150154316154818
23 24 8 12 75331 1.0080235716778794
23 24 8 15 58794 0.9571036845856933
5 27 20 1 124087 0.9587399790902442
5 14 25 10 87619 1.0255687132674194
7 21 10 1 80989 0.9713153691792101
28 11 7 28 107026 0.9308686578128041
10 8 6 19 57498 1.0540697052017731
27 18 4 28 88986 0.9060036107689723
17 7 25 23 89910 0.931107045651755
0 2 21 26 133896 0.9490662513479624
15 2 24 1 27818 0.9380389800566749
20 13 28 3 74640 0.9411528723662949
19 0 1 15 96054 0.9859037301111462
29 8 4 4 86655 1.0977415234226866
4 5 10 19 66792 0.9684533572698691
14 22 7 28 48909 1.0841403959648754
27 18 26 8 37597 1.0372787713347105
23 28 5 19 77392 0.9289762691554218
16 12 5 11 64973 1.0785197019362356
12 23 26 14 63066 0.9973617248859553
21 22 5 12 83742 0.9827304215222635
20 17 27 14 22432 0.9011901286443136
29 26 10 14 83520 1.0465023591319096
9 2 19 19 88897 0.9347037159772376
21 20 17 8 70524 1.015744975576244
16 26 4 21 43881 0.99239313184725
10 5 0 28 116994 0.9953086781166238
15 24 29 29 47378 1.0242313281633866
21 0 28 8 58299 1.0539929577418514
19 16 6 16 40681 0.9377288183447781
11 10 25 24 72553 1.013239686203418
19 11 18 29 76751 0.936031708487098
27 21 29 10 49815 0.9779278663527612
29 24 11 24 40281 0.9977753413742185
26 11 7 7 70676 1.0642873260433234
23 10 2 21 110251 1.0568844354060318
9 12 0 16 40653 0.9793610277678795
6 8 16 18 63673 0.9799760215887556
6 28 24 4 125036 0.9153834092391127
15 2 24 21 110724 1.0870994630526096
7 13 17 6 50693 0.9509337105576325
15 18 4 19 52098 1.0408325818643016
5 24 18 17 49610 1.0727617665766362
14 8 11 0 36530 1.0496843380272982
1 22 1 7 88583 1.0047072763327571
14 17 22 26 41895 1.0045729983618596
13 9 22 3 51442 0.9854469998926288
1 15 15 10 66316 0.955800283091689
14 19 23 20 44344 1.0441846570147562
4 20 4 6 70717 0.9379811711955264
24 24 6 14 69267 0.9770939264040785
16 2 29 10 72722 1.0123964617697503
16 9 27 18 60850 0.9778298161802612
27 28 21 19 48998 1.090972348061858
3 16 29 19 81139 1.0649866801373495
29 8 1 12 108258 1.0213091563807333
28 16 16 17 29217 1.0397992079929792
10 0 20 28 110848 1.0405259400196403
12 2 22 20 94235 0.9905820698771505
24 12 3 2 90064 1.0221797966022743
25 26 7 5 108947 1.0791549348765146
9 9 23 1 63323 1.087515382849756
8 17 24 1 98976 1.0479399083941934
29 24 2 25 70016 0.9755925424567028
3 6 26 4 76884 1.0270809065707582
16 15 20 29 49023 0.9700967392325544
22 18 26 25 39242 1.0259252283583558
2 14 24 14 77441 1.0834014449071199
0 2 23 26 136815 0.9167248944832445
29 28 16 4 118899 1.0351585951474906
3 18 5 9 50280 1.0773554911598289
21 9 26 24 68368 1.0765013720454226
7 9 21 20 81419 0.9690497815559758
13 23 6 4 91706 0.9267145608829316
23 28 18 15 59470 1.0801849365657397
29 3 7 8 89776 1.0378686485660735
0 22 28 14 106680 1.0747339496130788
12 23 7 1 92328 0.9689113802499815
26 1 19 8 47241 1.04807593825615
23 25 9 13 69376 1.0769856935903164
10 9 15 17 46516 0.9244140100748552
7 9 25 25 91090 1.0434390010845231
11 25 18 7 92308 0.9634423725421024
11 2 26 4 63186 1.0886955085026715
28 27 21 8 83684 1.0910366969829277
1 26 12 23 46578 1.06147250186912
29 5 2 11 105416 1.0984885394586874
27 26 4 13 96000 0.9253616458880701
24 19 17 28 48437 1.0482947477421027
26 18 4 14 68943 0.9007002926913391
25 25 24 5 82486 0.9414817942598693
2 21 8 6 71713 1.024766281147232
20 4 1 27 135854 1.0405421699809325
27 3 10 2 63550 1.0886726093811334
29 26 3 7 128730 0.9527604823203432
1 19 3 29 58162 0.9379573100760332
14 29 27 3 119048 0.9365129694199261
8 19 17 5 81721 1.05193001536235
20 15 28 18 28844 0.9113367501343417
19 25 3 3 109330 1.0918955028005908
7 11 16 9 37644 1.0903651894764894
22 9 7 23 100352 0.9842023742766467
11 11 5 28 78303 0.9946434105893205
2 1 24 2 91215 1.0141055268987762
7 25 13 19 43064 0.9424151934324514
10 24 20 11 68982 1.0858073618057482
13 26 9 17 44361 1.0083460601328504
5 13 28 2 110263 0.9815754780022774
14 27 21 4 99201 1.0210149778915445
5 8 1 25 83262 1.0383856197268138
23 29 0 21 85888 0.9003290675398242
15 10 15 20 50468 0.9078146881271209
10 9 1 26 87000 0.946136702496563
6 4 19 12 76181 1.0607533499572315
19 19 27 23 38293 1.009427184273927
6 29 25 16 84069 0.9302733371299141
27 3 20 13 68563 0.9085325006172035
16 0 27 18 92972 0.9600915686764724
27 9 17 22 68836 0.9040787615570229
15 6 5 20 80441 1.0242909812800436
25 0 1 1 102327 1.0504611947074838
17 16 28 28 62625 1.0757384446760425
1 0 1 25 123298 0.9560924251515934
4 3 27 5 78993 0.9312718308121353
10 22 28 20 62242 1.031301024062404
27 7 7 11 77560 0.9970844047694751
19 28 19 5 102762 0.9438436637988568
3 20 17 21 56247 1.0434300704823793
2 29 3 13 80564 1.0806804681803637
4 10 5 27 78541 1.026419582017628
8 14 22 23 62273 0.939213944838841
19 27 3 24 46473 1.0028283030292326
25 19 1 7 114351 0.9015779658855901
24 4 7 8 59968 1.0901906073894498
5 3 21 8 65496 1.0130625230651504
25 10 8 17 78451 0.9793840917993109
6 12 21 3 80087 0.9812570653439932
1 17 10 9 54815 0.9450338262910067
25 21 5 29 73407 0.9729930508127792
0 19 9 12 57602 0.9281980261068189
11 21 1 5 84947 1.0039140036214942
15 8 22 14 51672 0.9780993167506072
16 18 10 3 67294 0.9177472020428844
17 1 26 4 43736 1.0444021635276601
21 6 16 27 84616 0.9628614771750461
23 1 18 21 99145 1.0388737697413133
1 28 16 15 85641 1.0249023642142252
17 0 4 7 57215 1.041226925385252
17 24 13 6 75725 1.0010780395168553
23 7 3 21 112807 0.9442853475112865
19 7 12 0 49558 1.0409648024595826
25 8 12 18 79055 0.9981128987572502
24 8 22 29 92164 0.9932941697810923
17 8 28 24 86061 0.9346478628160066
29 26 25 17 42599 0.9962278115232489
2 24 19 20 60542 1.0294333838053962
12 16 13 26 44449 1.0104919526484362
9 23 16 29 33687 0.9592112975456945
23 16 10 17 41260 1.0129783900371152
20 10 18 23 65190 0.945449451706756
11 23 28 23 42334 0.9350678042886456
9 8 26 29 107731 1.022031174169604
14 25 9 20 38733 0.9040608403281312
23 16 17 23 40167 0.9763042761699161
11 27 10 10 67951 1.0397449097212557
13 27 8 1 112513 0.9758922671617352
11 15 11 25 34606 1.0369203424149342
6 16 29 26 89646 1.0980580905200894
16 13 3 2 83300 0.9278797440047246
15 2 27 23 109150 1.0965372023225912
