7887 7589 7494 7618 7643 7699 7617 7412 7570 7376 7561 7537 7902 7536 7833 7843 7958 7985 7753 7990 7994 7839 7785 7466 7435 7711 7727 7833 7829
7360 7483 7522 7066 7207 7034 7248 7322 7516 7327 7186 7106 7272 7626 7429 7615 7508 7627 7566 7033 7104 7064 7062 7289 7084 7148 7275 7650 7250
2543 2097 2243 2430 2213 2322 2555 2267 2263 2643 2365 2527 2378 2414 2479 2233 2207 2601 2192 2494 2023 2068 2090 2430 2506 2473 2299 2202 2416
2785 2944 3000 2820 2770 3160 3160 3024 2635 3129 2767 3195 2923 2820 2687 2850 2921 2841 3172 3141 2622 3019 2913 2954 2871 2719 2918 2794 2613
4440 4619 4892 4778 4427 4735 4741 4929 4893 4611 4556 4417 4981 4973 4805 4679 4625 4477 4722 4502 4712 4876 5003 4530 4653 4942 4615 4549 4662
1384 1416 1561 1436 1324 1559 1726 1348 1667 1348 1745 1441 1686 1520 1152 1473 1554 1540 1169 1656 1544 1230 1401 1650 1528 1656 1671 1195 1567
5837 5380 5789 5578 5341 5721 5440 5469 5716 5387 5297 5238 5615 5392 5341 5384 5824 5464 5581 5709 5823 5583 5643 5395 5707 5440 5688 5469 5686
6083 5994 6117 6275 6129 6444 6125 6207 6395 6236 5953 6001 6081 6472 6447 6001 6213 6473 6284 6125 5950 5943 6089 6146 6091 6083 6397 6496 6351
5461 5396 5855 5673 5436 5572 5713 5378 5333 5824 5593 5442 5885 5439 5824 5810 5592 5710 5273 5522 5425 5832 5342 5668 5298 5338 5428 5360 5853
1605 1657 1760 1963 1789 1797 1672 1460 1737 1857 1760 2007 1979 1740 1467 1939 1701 1402 1623 1439 1811 1803 1386 1693 1484 1981 1511 1921 1782
6967 7379 7539 7284 7252 7337 7307 7252 7386 6975 7589 7597 7326 7165 7157 7592 7420 7484 7181 6977 7172 7256 7016 7447 7456 7131 7300 7136 7109
7298 7315 6899 7357 7189 7245 7275 7417 7069 7085 7310 7131 7083 6875 7147 7045 6960 7124 7070 7011 6972 7144 7260 7498 7197 7479 7139 7318 6973
6671 7075 7201 6957 7177 7038 7065 6692 6894 6614 6757 7192 6735 6639 6995 7078 6872 7084 6752 6678 6897 7118 6875 6788 6643 7121 7079 6578 7133
4774 4599 4789 4806 4926 5018 5005 4824 4779 4475 4578 5020 4457 4724 4624 4810 4676 4705 5003 4773 5001 4549 4573 4950 4764 4663 4670 4843 4554
6477 6602 6465 6349 6105 6418 6331 6447 6508 6576 6479 6543 6590 6717 6401 6365 6373 6692 6222 6409 6515 6102 6339 6323 6459 6129 6611 6684 6449
5287 5305 4934 5472 5294 5300 5246 4914 5175 5475 5546 5058 5548 5357 5221 5487 5070 5059 5195 5091 4915 5236 4944 4993 5037 5202 5520 5132 5309
5597 5564 5626 5640 5459 5736 5728 5892 5494 5574 5327 5661 5334 5820 5412 5456 5593 5532 5440 5511 5731 5732 5937 5734 5559 5444 5813 5521 5539
6205 6622 6449 6601 6692 6478 6548 6274 6754 6729 6366 6450 6171 6137 6239 6491 6738 6442 6256 6607 6694 6144 6385 6579 6317 6515 6543 6192 6314
6257 6792 6279 6457 6341 6359 6165 6454 6596 6479 6622 6489 6426 6524 6210 6331 6393 6518 6227 6540 6448 6281 6299 6578 6172 6185 6379 6520 6284
5865 5831 5895 5704 6140 5788 5698 6093 5594 5884 5601 6167 6084 6176 6131 6130 6074 6078 5832 6081 5708 5881 5934 6039 6143 5902 5643 5967 5937
5918 5422 5969 5545 5529 5475 5594 5553 5894 6004 5965 5884 5460 5569 5540 5532 5886 5880 5978 5910 5654 5885 5853 5744 5508 5397 5983 5758 5759
1895 1767 1876 2181 2179 1628 2023 1832 2078 1799 2175 2118 2061 1831 1953 1822 1942 2048 1888 2069 2136 2003 2119 1910 1607 1685 1881 1885 2071
3259 3317 3107 3286 3317 3036 2947 3286 2977 3035 3239 3173 3011 3297 3333 2879 3066 3462 3295 3251 3027 3389 3217 3431 3003 3452 3117 3131 3263
1690 1673 1914 1549 1301 1583 1753 1687 1731 1782 1853 1355 1482 1462 1670 1376 1789 1622 1633 1586 1659 1513 1855 1873 1740 1540 1398 1422 1869
1717 1878 1427 1425 1406 1790 1610 1651 1735 1815 1821 1702 1699 1561 1508 1532 1611 1652 1613 1848 1668 1838 1603 1764 1624 1524 1664 1548 1745
2314 2792 2242 2263 2539 2333 2571 2688 2513 2297 2268 2701 2576 2738 2665 2348 2721 2694 2683 2288 2677 2412 2172 2201 2383 2534 2351 2614 2328
6413 6603 6845 6517 6535 7015 6633 6677 6734 7043 6949 6621 6579 6612 6640 6525 7024 7014 6546 6473 6812 6457 6439 6794 6907 6644 7045 6897 6456
3361 3510 3405 3738 3561 3694 3627 3202 3645 3598 3762 3320 3606 3702 3417 3513 3722 3396 3557 3467 3676 3752 3306 3289 3174 3197 3527 3667 3260
8732 8409 8420 8369 8490 8361 8456 8541 8536 8768 8265 8720 8343 8654 8661 8843 8247 8839 8576 8493 8377 8456 8382 8273 8530 8421 8593 8287 8437
2269 1779 1954 1852 1971 2242 2235 2080 1908 1777 2345 2048 2221 1811 1796 2097 1803 2070 1859 2177 1847 2011 2307 1737 2268 2225 1736 2264 1774
6071 2785 4224 7067 8912 5201 2479 4709 2756 6573 6832 8104 7486 5132 2655 6116 5476 6931 6651 8386 7200 8403 4197 7221 2556 6512 7170 3609 7709 3691
6598 3083 4164 7309 8594 5086 2933 5005 2374 6517 6940 8168 7720 5074 2691 6608 5261 7077 6446 8389 6843 8009 4220 7273 2979 6581 6763 4049 7764 3862
6137 3122 4132 7187 8838 4758 2872 4492 2692 6948 7149 8281 7364 5227 2577 6188 5203 7303 6297 8541 6987 7972 4523 7546 3067 6616 6906 3980 7981 3907
6437 3266 4449 7161 8358 4868 2413 4572 2584 6929 6845 8367 7587 5203 2587 6268 5539 7142 6633 8685 6607 7850 4536 7371 2895 6934 6576 4017 7779 3726
6040 2819 4452 6982 8962 4599 2715 4435 2354 7046 7279 7956 7291 5191 3001 6382 5199 7222 6174 8676 7082 8481 4288 7197 3179 6667 6601 4222 7908 3458
6646 3003 4134 7543 8596 4762 2788 4571 2481 6890 7254 8466 7734 5134 3009 6581 5531 6945 6738 8623 7168 7997 4495 7588 3063 6749 6824 4076 8160 3544
6613 2988 4514 7222 8775 5197 2470 4857 2266 6638 7286 8103 7255 5096 2865 6196 5123 7238 6477 8797 6625 8402 4281 7457 2559 6482 6820 3794 8185 3820
6456 2918 4180 7439 8610 5096 2984 4407 2489 7030 7114 8477 7720 5192 3174 6153 5401 7219 6190 8455 6892 8393 4433 7572 2779 6601 7030 3857 7804 3883
6320 2972 4111 7236 8679 5044 2710 4868 2826 6845 7051 8311 7284 5127 3135 6529 5398 7093 6470 8710 6770 8038 4648 7262 3119 6864 7062 4221 8227 3809
6081 2853 4652 7014 8362 4926 2456 4872 2541 6982 7030 8052 7360 5620 2861 6205 5588 7264 6537 8168 7169 8328 4155 7484 3060 7026 7024 3645 7857 3909
6125 2819 4600 7040 8455 4595 2989 4485 2521 6781 7239 8192 7402 5387 3108 6254 5234 6883 6478 8540 7064 8082 4444 7572 2592 7051 7048 3786 8024 3854
6530 2892 4262 7219 8860 4890 2921 4538 2575 7096 7212 8503 7358 5369 2770 6247 5176 7215 6638 8443 7055 7933 4630 7142 2696 6744 6761 4136 8284 3923
6298 3046 4079 6988 8554 4586 2905 4636 2370 7141 7217 8297 7287 5116 2587 6162 5342 7172 6334 8257 7139 7863 4484 7140 2679 6490 6894 3691 7816 3914
6454 2962 4316 7511 8755 4758 2836 4600 2584 6874 6923 8109 7334 5223 2655 6322 5497 6850 6191 8499 7241 8411 4364 7554 3060 6805 6764 3923 7904 3817
6411 3026 4143 7135 8685 4605 2995 4493 2360 6748 7040 8512 7183 5485 3111 6257 5402 7064 6675 8614 6729 7932 4210 7066 3116 7033 6662 3763 7704 4006
6354 2936 4221 7361 8676 4862 2934 4831 2817 6628 6893 8056 7588 5629 3004 6257 5282 7104 6248 8549 7073 8357 4632 7392 2737 6562 6982 4193 8139 3598
6459 3160 4457 7512 8835 4683 2791 4574 2672 7027 6879 8578 7394 5039 3116 6642 5228 7318 6193 8632 7106 8466 4301 7265 3019 6881 6962 3661 7812 4067
6366 2973 4205 6949 8900 4670 2755 4399 2252 6818 7316 8477 7652 5300 2670 6493 5535 7151 6590 8593 6711 8137 4215 7619 3155 7019 6966 3903 8034 3792
6355 2945 4197 7205 8985 4693 2464 4776 2783 6783 7276 8490 7257 5636 2916 6657 5162 7442 6646 8353 7051 8130 4464 7657 3161 6809 6590 4000 8232 3749
6495 2958 4356 7390 8761 4735 2531 4845 2252 7147 6962 8082 7391 5386 2796 6273 5174 6821 6684 8766 7151 8018 4682 7072 3045 7021 6712 3612 7687 3715
6544 2988 4230 7549 8711 4610 2579 4590 2723 6934 7359 8427 7782 5558 3061 6600 5308 6862 6495 8678 6828 8379 4220 7272 3017 7052 7069 4098 8080 3470
6488 2837 4476 7019 8511 5021 2830 4960 2691 6950 7284 8371 7177 5324 3123 6614 5075 7268 6683 8598 7070 8233 4491 7301 2730 6891 6656 3839 8136 3647
6285 3078 4376 7224 8775 4722 2816 4818 2356 6748 6910 8144 7412 5105 3010 6258 5466 6900 6651 8246 6730 8429 4323 7631 3043 6672 6854 3717 7806 3768
6082 2993 4584 7131 8801 4614 2843 4927 2460 6644 6978 8046 7347 5193 3193 6615 5541 7167 6677 8175 6832 8105 4614 7104 2876 6844 6805 3814 8155 3465
6463 2917 4456 7490 8474 4726 2906 4655 2211 7048 6984 7971 7454 5494 2977 6724 5549 7032 6128 8639 6770 8440 4488 7557 3147 6787 6695 4138 7964 3636
6315 2807 4618 7077 8676 4846 2699 4862 2197 6749 7428 8219 7206 5300 3021 6652 5342 6890 6165 8751 6665 8332 4673 7579 2875 6847 7039 4220 7727 3993
6456 3100 4462 7402 8437 4613 2470 4524 2732 7111 7073 8341 7393 5468 2909 6297 5575 7055 6259 8223 7121 8084 4744 7301 2828 6479 6879 3961 8193 3925
6598 2698 4138 6979 8515 4821 2732 5015 2452 6549 7104 8276 7762 5497 2920 6161 5177 7118 6255 8218 6801 8440 4466 7166 3061 6876 7010 3955 7775 3553
6315 3107 4336 7196 8460 4927 2392 4685 2643 6797 6990 7979 7683 5302 2671 6550 5462 7065 6152 8684 6978 8149 4756 7574 2572 6706 7137 3656 7889 3581
20 10 15 18 53944 0.9641996122013111
18 16 3 6 67767 0.9890460077173191
1 18 2 28 29223 0.9201248046413965
8 21 18 15 51512 0.9729516127887347
11 22 29 23 67816 0.9895496066052292
4 14 10 2 37563 1.06393360230482
5 27 20 13 68570 1.0798237470783534
4 26 28 6 95648 1.0962435046598455
21 29 10 21 57676 1.007799082114885
11 21 2 20 48094 0.9625509296501454
1 2 18 4 70606 1.0203400524956192
27 1 22 14 35146 0.9834105843940761
17 7 1 14 57039 1.042945926811635
29 20 8 19 83213 1.0498371035881178
23 19 8 18 61857 0.9886440291282478
6 18 16 20 68195 0.9556182972050555
1 6 13 21 70596 0.900611509922355
28 4 29 16 32991 1.0948373421711879
12 24 3 9 51217 1.056427425129144
24 21 8 1 74792 1.0678837572723587
4 5 18 14 56256 1.0257469899507008
27 11 17 27 65607 1.0965377905035236
10 26 2 2 66067 1.062766734518722
19 19 11 4 84838 0.9125920615077397
6 25 17 25 43440 0.9292413984451321
5 27 17 12 66927 0.9134905988356409
17 19 14 0 93447 0.9837289099746289
8 26 17 2 80285 1.0401516857534205
13 0 19 16 68527 0.972453328511395
20 20 29 18 50066 1.0157928417029836
10 13 27 15 60609 1.0365086235104592
5 28 0 14 33930 0.9123505014785909
29 4 1 18 102230 1.0743786555046053
3 23 12 7 56853 0.9112044352841537
22 27 10 25 48745 0.906999093794015
24 1 16 24 61058 1.0882267339655478
27 11 28 27 45808 0.9326758544187479
12 25 10 0 62119 0.953993981351017
21 24 19 10 42396 1.0086762006782333
29 11 24 26 40363 1.0843260007593392
27 18 27 5 44882 0.9113302570685448
5 0 13 5 35921 1.0698951484530972
22 28 24 16 27999 0.936978168064404
3 8 18 29 83793 0.9038449524942311
25 9 1 17 84311 1.076271026957802
16 14 5 29 54265 0.97247275957695
20 21 29 15 47857 1.062283497029976
15 4 9 8 30828 1.0966188963509576
6 6 20 9 44917 1.0820463846168822
0 6 2 19 36536 1.031295699494538
11 21 18 4 80286 1.0304865737856523
7 8 19 5 42281 0.9744480571999761
7 17 23 16 63253 0.9801599273694119
9 21 18 10 58229 0.9456450485205345
16 17 0 18 79522 1.0733097018309008
21 17 11 13 41278 1.0232938749448137
5 27 26 5 89996 0.9280610329556207
22 19 5 13 66101 1.0661230685690617
14 7 9 23 44689 1.0202292085350266
12 27 10 17 34964 0.9247358454836833
11 12 2 3 50224 0.9190522241948272
29 9 9 10 55694 1.001548518108595
21 7 27 19 46184 1.080132517371865
23 15 4 28 81162 0.970227309773696
6 4 19 0 60367 0.9657580823465397
5 27 17 29 48906 0.9500538628346431
28 22 18 23 44361 1.0941138818203977
29 28 23 2 61880 1.0165538203725326
16 11 10 19 53211 1.0531983261609095
22 3 19 22 53149 1.0894818896820881
22 12 15 16 37702 1.0742046274630286
4 20 1 29 35477 1.0838137021186909
17 9 1 16 64801 1.0554687452063412
10 13 23 2 60244 1.0903095160585263
9 26 22 18 57610 0.9352870380042904
17 18 24 22 47939 1.0329878518531492
25 12 9 18 58781 1.0022249640951364
11 3 14 16 60072 0.9846568039615786
3 25 21 18 67927 1.007363836017978
9 28 5 15 31634 0.9477028889782733
2 0 13 28 82493 1.0534889277384325
17 0 4 6 51791 1.079217708586091
24 4 28 21 52600 1.0076555486173666
22 29 23 16 25267 0.9681935202076979
4 22 28 11 99276 1.0848590615231521
19 14 22 5 27640 0.9186413062156341
7 8 12 1 25977 0.9586922753047706
20 20 22 4 43650 0.9847004918188695
29 13 0 2 99223 1.0462804406016295
9 4 1 26 61439 0.9620972494531703
9 10 20 0 54180 0.9720151332793193
28 4 25 20 53973 1.0664065339305215
29 15 11 15 61453 0.909115108266452
18 16 25 0 54095 1.0022099915243043
20 16 2 1 81234 0.9961031399772137
12 12 19 28 78030 0.9144577487910471
1 25 28 22 93645 1.0635515932510473
16 29 17 17 70371 0.9490321350338341
0 25 19 29 80939 0.9879898643507289
16 12 20 23 50965 0.906880782313997
18 27 21 8 48835 1.049746878541896
21 26 24 10 35361 0.9703937452196353
19 1 7 10 59469 1.0605129631905954
19 10 27 1 43971 0.9715417614902598
29 22 2 29 92741 1.0127146834143381
25 13 3 14 67467 0.9218059918472289
28 10 10 19 86824 1.0160107482354617
14 27 29 10 80612 0.9688528210057534
9 2 19 20 78654 1.0757513481510217
28 6 5 4 66287 1.0170440296258316
15 16 4 1 62131 1.0869664640153862
12 3 5 23 62142 1.0513963107929278
0 21 18 27 81114 0.9642956970085271
28 22 7 23 75941 1.0804260251130189
23 12 0 7 71891 0.9885576153197586
10 28 8 17 33004 0.9913186013170571
9 9 0 14 34717 1.0305454170194306
23 7 18 0 30836 0.9308878917005393
29 11 18 18 57494 1.007653469397422
27 14 20 2 42696 1.0261134326382892
23 17 24 8 16960 1.0560911116049192
4 26 14 18 63238 1.0681618464746334
19 13 10 9 51299 0.9840858070068677
3 12 3 23 31909 0.9775637151966641
25 16 3 13 72562 1.0482691892600768
26 7 24 25 38355 0.9624516347618464
29 18 6 4 92426 0.9799655003681441
10 15 0 22 52937 0.9847172412914463
3 8 19 0 62575 0.9594383980396386
24 13 17 22 43997 1.0889653378183162
10 16 8 7 26402 0.960399911332849
14 11 3 1 58465 1.0568034490888811
28 0 20 16 57311 0.9834128022225207
7 22 20 7 66626 0.990183602719676
16 22 21 1 63291 0.9289723888873967
21 18 23 1 35023 0.9829480103299633
24 11 18 6 24307 0.9506705159673186
23 15 7 6 55658 0.9208361042959979
19 9 17 17 53542 0.9835253490363063
5 23 23 8 67685 0.9342982743720882
29 23 4 22 79065 0.9281476963433285
22 1 15 19 71980 1.0835479173689038
11 22 4 25 31030 1.0678067950944472
6 11 14 27 63159 1.0342282583521023
3 14 7 6 23327 1.0853222043603723
1 9 10 14 40413 0.9924364613271011
11 23 26 29 61566 1.070557082672491
14 23 29 23 52442 0.9369064053791349
9 7 11 23 41584 1.01159067551288
4 3 24 8 62394 1.066189262130685
13 17 3 19 57678 1.0294818391513685
9 24 5 10 32281 0.9554236022131071
0 15 10 15 41199 0.9210843206945449
23 27 8 17 64038 0.9756332161406907
15 9 10 22 48546 1.023479277043936
6 4 22 6 55212 0.9596616581023205
11 9 4 4 35852 0.9195345785604416
12 5 26 2 55100 0.946766857160377
3 19 22 29 80290 1.0308469458935208
22 27 10 19 60649 0.934802469589386
14 19 7 16 52302 1.08356816836934
18 0 29 21 72977 0.9890803876126562
12 22 0 12 66760 1.0197331084670818
5 9 26 9 60828 0.9861237334681479
3 22 18 4 81025 0.9932867732553086
18 10 5 19 62124 0.9791721412439225
7 22 26 27 69316 1.056362841659447
16 26 20 13 53679 1.0173795547771431
27 10 3 9 69975 0.9300584584255188
26 10 8 10 63051 1.0246064709407152
11 20 14 9 53983 0.9744913579368054
5 9 16 10 40565 1.0910959487729406
14 8 16 18 59516 0.9578097359503388
14 16 26 12 58263 1.078608862889727
19 6 12 22 68672 0.9694226181824124
16 9 26 7 35444 1.0543356980553011
12 29 22 28 41038 1.0543867104783418
6 11 23 27 84790 0.9366231144911079
25 29 6 27 72575 1.054414668341037
27 13 20 4 46071 0.9847493075343139
26 10 9 4 59124 0.9256441059961682
6 12 15 3 60297 0.9866504176054992
3 22 19 5 76577 1.0693564066624792
16 0 21 19 55822 1.0091993278070088
19 0 20 14 40420 0.9455944376917463
3 14 8 2 36777 1.0851407589714273
0 10 25 15 90302 1.006794909057482
6 14 25 6 64378 1.089406160765515
23 3 14 23 67460 1.094789055552753
15 27 29 29 56467 1.0989279757191508
19 6 29 27 63841 0.9135541896141389
15 15 28 6 55110 0.986754234831649
1 3 28 11 99611 1.0929421968822963
9 29 7 9 47733 0.9335987770720118
7 10 15 29 70017 1.0110660500760782
27 19 1 26 102729 0.9855440314443947
15 13 15 25 60953 0.9151028845282208
8 22 9 8 28913 0.9101181124513954
0 0 21 5 75994 0.9307720764605146
8 22 22 28 55207 0.9885279602833676
0 28 21 17 92940 1.02549070896058
15 29 19 1 82904 1.0473453094165985
15 5 9 17 41721 0.9508720561833576
15 16 18 1 62710 0.9735960497258844
16 9 21 17 35955 1.0488013760906112
29 23 22 29 30833 0.9287390262704801
0 0 25 14 94661 0.9274670983226917
13 23 28 26 60140 0.9237620532786786
16 24 25 9 54595 0.9069407725559444
8 21 9 1 42598 0.9685532051262618
29 4 24 28 54003 1.0443206218837384
4 27 0 11 55202 0.987959905651217
10 26 18 13 59159 1.030489831586453
18 7 24 24 48376 1.0094994884597055
29 0 16 23 83690 0.9794957075812842
22 19 14 22 44882 0.9297586857927806
17 14 7 12 41352 1.0962719983168971
21 17 0 12 80718 1.0602767775949942
0 13 27 0 101403 0.9844113140480018
11 0 6 12 49065 0.9931423860299115
26 3 27 13 42331 0.9170511567038818
6 10 1 18 37777 0.99218363354557
19 16 8 26 67850 1.06030800986937
20 20 9 6 64194 1.0151282769084684
13 17 18 7 61282 1.0904727741497138
3 25 3 13 31722 0.9494082546429545
11 13 25 27 70096 0.9656093729924359
21 3 21 13 20074 1.0736705320971986
10 7 13 22 48310 1.0923485937291126
3 7 26 14 72312 0.9408172422992391
17 22 24 14 42436 1.0523314394418952
6 3 15 10 50599 0.9801679219458239
11 7 3 29 59456 1.0545976967153452
12 24 8 18 24573 0.9784220510642823
24 21 28 27 26291 1.010200261504548
25 17 24 2 30353 1.0213902362668348
28 1 23 28 57510 1.0859510336984874
16 14 6 11 45392 0.9196645429417952
16 2 3 9 55831 1.0902570113273444
3 3 1 20 52083 0.9755732154632246
20 24 23 0 48181 1.078290532631267
17 18 29 19 67629 1.0935509257847293
22 28 26 13 42054 1.0753432127902647
13 22 3 9 59613 0.9175884165993898
24 25 19 14 33066 0.9118863676879186
15 21 2 2 86132 1.0835429222904827
29 7 0 28 118020 1.0839935172252486
24 23 18 12 45922 1.0803835775434858
25 10 11 17 72424 1.0301900619513473
24 24 20 9 42503 0.907731248254723
0 6 11 0 45559 1.0341801326585742
20 20 1 3 96472 0.9948052213831852
16 1 11 13 52979 1.0984713913404005
5 14 7 3 31565 1.037598027069875
13 7 25 24 62578 1.0863496065250675
21 19 7 21 63677 0.9429625724201119
25 19 6 27 75731 0.9335386610454359
29 17 14 11 70044 1.0979911131051503
14 3 7 17 66610 0.9536359163636955
6 4 29 9 74458 1.035507602463051
20 29 1 13 89478 0.9479799021424536
29 22 4 25 81865 1.0533694874177195
6 27 6 12 34240 1.0595399435709305
7 23 13 2 67422 1.062070628591881
29 16 23 22 34432 1.092480086478743
29 15 0 4 105486 1.0395509935551863
23 29 19 12 48795 0.9463334893238241
24 5 24 15 16892 0.9493039757338803
3 23 23 24 61658 1.0020183355127692
29 20 5 21 82172 0.9848928065732457
4 17 0 2 49478 1.0959071014103838
14 16 26 5 65044 1.0200275460671633
13 19 24 2 74714 0.9367712928300147
18 12 29 2 62586 1.0340166734909144
21 15 26 4 39926 0.920899462390832
6 25 15 10 67109 0.9127560076234146
11 23 18 28 52686 1.069079577304236
20 21 4 2 88217 1.08996567314578
2 19 19 12 73118 1.0064383744557248
20 1 4 4 57826 1.073434104568871
12 5 22 11 47286 1.0533086017288769
19 16 13 8 46762 0.9009253678467762
11 1 20 29 87923 0.9129917336432795
1 21 12 23 50394 1.0140158387614926
28 17 23 27 43110 1.0982083434465644
5 22 20 14 55095 0.9879446459311639
21 6 14 20 71332 1.038498370165776
3 13 7 22 28502 1.0000764502634167
25 1 25 12 26094 1.0465891311366644
1 5 20 27 98386 0.9516846945087056
23 4 5 19 68178 1.0982539371046316
18 10 5 5 50462 0.9996091112297326
11 27 8 18 28632 0.9776373836385209
18 28 18 15 58276 1.046459332238919
29 14 9 15 59946 1.0677069612612153
17 25 5 4 70529 0.9345153177261053
5 21 15 9 49683 0.9265631928207947
28 25 29 2 53122 0.950100799693415
7 17 28 8 78048 0.975476274975148
5 25 0 16 39511 1.0809180724852698
26 13 17 22 53451 1.0762024042332212
7 19 23 17 70920 1.0687381030594678
23 22 15 10 53709 0.9477198995637229
7 26 28 3 112166 1.0939453059832174
27 29 6 8 91854 0.9746537841916352
13 8 12 26 59463 0.9338910988267024
21 23 11 1 73414 0.9618677259143991
22 10 4 14 61623 0.9596785534310206
19 21 6 28 69446 1.0961743853284638
2 3 16 20 92221 1.0351292465412554
27 24 19 18 42803 1.0068145649265023
21 27 10 21 53720 1.0854273607727618
12 18 2 5 60700 0.9540927511711323
1 5 0 26 68549 0.9095310164885545
14 20 18 9 79182 0.9824462015851843
14 8 29 9 39509 0.9906000980326336
18 11 8 18 58300 1.072859533801294
17 25 25 21 37276 1.0372993405353959
4 2 25 25 93612 1.046894780918291
2 9 21 1 63891 0.9258034842097388
1 10 24 6 70756 1.0977277749657826
8 0 20 2 45917 0.9636980547971086
2 4 21 12 64291 0.9087454425175813
17 3 1 29 102138 0.9235447875348878
17 26 14 8 75021 0.9736754878190276
25 24 28 8 39709 0.9308328590097419
28 27 1 8 105766 1.0460434766835003
6 4 20 27 94031 1.0235365828038843
17 22 11 7 70302 0.9316832963502392
26 5 3 10 72067 1.0803154948878313
5 15 29 24 83206 1.0919579143289877
29 4 13 6 47786 0.9056186592663877
14 6 17 25 73551 0.9707096893431885
9 26 25 12 72001 0.9140060508950891
6 12 21 23 72816 1.0302065644698344
25 7 17 25 58068 0.9309936734209725
21 19 0 18 87273 1.0292908188716363
14 28 25 23 53084 0.9492439133421327
22 12 5 6 58701 1.0749309239468703
6 10 16 11 52847 0.964648107857044
20 3 14 9 41759 1.0019231798753898
2 6 16 27 78483 1.0527033895713134
6 23 20 28 64218 1.0525690611685974
19 29 4 22 66167 0.9501234745977265
28 11 19 26 70170 0.9587482836226919
8 4 23 7 52581 1.0074946149122757
9 16 27 15 59711 1.0699772278421018
8 16 27 23 74381 0.9724175416293089
26 15 15 6 50043 0.9410576840806659
27 10 25 19 33431 1.0321755393572096
19 20 16 5 60474 0.9937261104547812
3 19 13 18 62383 1.0539785442059988
15 24 4 19 44880 0.9259096050377748
6 28 25 2 99770 1.0203296993713673
12 14 1 20 50136 1.071215436987826
2 10 27 18 93843 0.9960334390271898
18 12 5 2 67894 1.0736259199828988
27 29 27 15 46113 0.982942518443923
13 17 6 20 52468 0.9813002284285378
10 7 12 20 48271 0.9481451803938059
15 16 5 25 55880 1.0494062871738967
1 8 26 3 78402 0.9641704213494418
24 17 11 17 63815 0.9656908422410401
25 8 17 4 37072 1.055484789656095
24 14 29 22 30158 1.0826198329359957
21 25 24 11 31855 1.0470050215775872
8 13 14 9 33566 0.9932828878462373
21 15 22 29 30713 1.0163621466747808
13 22 14 8 54569 0.9803926731406464
12 6 2 8 29190 0.983177308464459
14 22 17 11 70362 1.0511964286733613
23 8 10 28 77595 0.9524532918091644
8 28 23 5 82421 1.029801948089879
18 28 28 2 84860 0.9100998614365148
22 7 28 22 50076 1.0322424496598452
3 2 14 2 41435 1.023203403815176
25 9 10 21 73471 1.0230476225042993
12 27 23 20 52690 0.9536348166412758
29 0 11 4 75458 0.9339133427678671
22 18 5 27 70520 0.9285222773717268
4 26 21 29 65771 0.9548739423677789
16 29 5 6 74070 1.0432273678580257
0 13 22 19 85366 0.9249084269154558
7 28 28 21 91173 1.0905687316492216
26 5 4 4 73267 0.9422008237404759
8 10 23 18 61782 0.9350884321196083
22 0 13 28 90980 1.0859712045943968
1 12 22 16 76365 0.9094141490090516
21 13 6 26 72354 0.9458412930949656
2 21 19 27 70926 0.9719406924771444
24 0 28 12 40900 1.0437907511772804
29 24 16 12 65781 1.099334971980202
21 19 26 3 48290 0.9665944109484744
17 26 25 6 65851 0.9232388985600165
9 13 22 5 49511 0.982202877372524
23 14 16 29 50271 0.9147178736413994
11 5 19 22 75636 1.045875210218194
3 28 13 8 59733 0.9062602814747782
3 20 14 21 60052 1.0245530048407518
12 16 0 18 62369 0.9533895962246461
26 24 14 23 42244 0.9391851658270838
2 9 0 28 57913 1.0299011353856993
22 8 6 6 44437 1.063724076338367
19 22 3 15 75412 0.9970989958408759
27 16 18 23 54513 0.963072052215352
4 18 13 16 44836 1.0104394082167905
13 21 27 27 64162 0.9072596105343613
25 2 12 13 64578 1.049183280200497
28 20 29 1 45003 0.9438675699872043
6 24 8 8 34075 0.9528727492644533
12 7 5 18 39517 0.965826099592673
7 25 23 6 78270 1.0089451582051399
2 4 10 2 34167 0.9196913402699785
10 12 29 15 71354 0.9784898696939944
16 23 14 3 89129 1.0964408392495553
25 0 2 28 106834 1.0543266325333287
29 17 21 28 44198 0.923417707691877
7 7 1 0 36798 1.0911854206238916
15 18 6 7 62059 1.0360512219473188
25 5 23 14 20625 1.0160046522883883
9 15 18 22 51153 0.9679598490223911
22 14 11 14 31809 1.057388742799382
14 21 9 4 59162 1.079082830303216
24 28 6 11 89348 0.924093946029749
6 3 14 5 43339 1.0317348394255657
2 1 16 25 80372 0.9634678949899518
5 24 28 16 90746 1.0736976341819746
23 19 0 3 95729 1.01042076702857
18 26 29 17 58720 1.091542314322143
5 17 4 27 19267 0.9513615083976462
17 4 13 12 52851 0.9902387087844473
1 25 12 7 66395 0.9421215237813002
14 16 23 19 47663 0.9237707628357239
12 13 3 5 47140 0.9195683225572547
7 15 11 9 35862 1.000245007419399
2 20 28 14 90362 0.9780396424011046
5 20 7 6 26283 1.0620224704714198
13 0 17 13 68911 0.9704533140277262
15 19 7 7 64939 0.995786430387454
28 25 2 29 93114 1.0754602825525592
5 26 0 20 34979 0.9535151213803004
20 27 7 4 92871 0.9649418892576358
11 12 19 2 69664 1.052674091093766
12 2 28 27 100204 0.9273446450892933
25 1 27 25 53098 0.9430994388597421
15 27 17 18 58574 1.0514343962473125
24 16 4 28 82729 0.9551867897168067
12 3 5 28 69842 1.0571975190430452
5 20 3 2 35806 1.0549805812602397
12 4 5 8 35775 0.9907721977469027
0 7 16 2 65544 1.023403738240254
13 16 22 28 64796 1.002511776026049
2 24 21 12 74240 0.9070768909500062
26 9 14 8 36508 0.9383606086189169
6 22 18 22 52797 0.9077955185401343
10 9 17 22 64730 1.0027272371483167
28 11 21 1 46079 1.0499877183005917
27 25 10 6 80743 0.9396302866790238
24 29 27 5 50105 1.0071599835337428
23 23 25 0 43246 0.9512007902114161
22 0 19 12 42925 0.9290033989331692
18 28 7 2 92273 0.9780219592377705
22 11 18 2 36444 0.9967436164320176
8 27 14 19 52569 0.9177020388077514
10 14 10 25 27635 1.060480341801623
27 5 0 27 110902 1.0812804172106423
23 19 14 23 41832 0.9130671258145323
28 7 11 12 75437 1.033084282711988
16 12 27 14 43946 0.9102805204134081
15 7 5 0 41681 1.0397804156615829
4 3 3 15 32057 1.0194027565580148
4 13 25 11 70386 1.0140408389734379
7 19 15 12 53294 1.035876366707386
12 14 5 23 33641 1.076297324651455
12 26 21 4 80245 1.0142279269439987
25 25 7 24 55414 0.9148275031211232
2 28 11 9 64590 0.9369741326927171
8 29 15 7 59697 0.9599768502765972
29 16 20 8 38468 0.9732622696255969
17 20 27 21 61504 0.9392411908788929
4 14 13 22 46082 1.0260419596869657
29 19 1 28 106453 0.951784845650701
0 5 15 5 53963 0.963466885160535
17 24 4 13 55559 1.0138777887072639
8 26 24 23 56277 0.9134486577462363
14 27 23 20 45076 1.001235839034404
6 19 16 28 65258 1.0152922932104853
13 1 17 19 89326 0.9491256079589746
17 10 5 12 50186 0.9880086821609685
28 14 23 29 39309 1.0978587179078905
10 11 20 1 58074 0.9309563870367416
7 16 21 18 56625 1.0256342480993175
24 8 16 13 38637 0.9363781715348319
11 24 14 10 58671 1.095125753732759
19 27 28 28 42841 1.0750642753470208
13 0 24 15 60398 1.0292552556960959
8 11 24 17 62669 0.9012163615749589
10 6 29 2 60407 1.057700103925814
3 2 7 24 47253 0.9531776760432389
1 6 7 28 57004 1.0670291378754897
22 2 29 12 36936 1.0619083598880967
23 13 11 0 62762 0.9500093622056796
14 18 23 23 62829 0.9164295153940925
9 15 22 2 59192 1.0512468596100437
29 4 5 9 70359 0.9387090248081089
26 3 18 23 70654 1.0478002207254977
22 13 8 11 55112 1.0334331439591016
15 2 29 23 85412 0.9287237648881292
11 14 2 23 44092 0.922482908095708
28 7 5 10 66391 1.0088967790451386
29 13 29 23 19778 1.053777364591138
12 24 12 0 63025 1.0818589460603627
21 25 3 2 90095 0.9700091179590228
24 21 15 12 49226 1.0747216067645917
14 0 6 15 58742 0.961803390935975
19 16 26 7 42276 0.9829860478585225
16 25 28 27 50691 0.905776721620177
4 28 11 17 50450 1.061261439676422
7 9 25 8 51878 1.0066762319436122
11 14 6 20 33864 1.041762419917769
27 29 28 4 66203 1.0610942967454453
24 26 27 13 32394 0.9825308255482664
6 27 20 16 73608 1.0806168231767739
4 19 12 25 42668 0.9467246066108179
1 28 10 2 75316 0.9915764145828239
29 0 8 23 98955 1.049035545437741
25 8 11 20 75052 0.9720981513871181
29 3 25 19 47122 0.9944193240108444
21 19 0 21 87011 0.9017849499072652
8 15 21 16 46426 0.9725509968798203
2 24 20 7 76259 1.0932797097087157
3 17 14 13 46927 0.9284273616987768
7 7 18 5 42888 1.0389714328845445
14 19 10 27 51993 1.0898819670413913
22 25 15 0 72909 0.9212385804692084
25 1 21 11 27663 1.018856287001644
18 19 10 1 83592 0.9196612989039317
5 2 16 25 69749 0.9557951880241545
16 27 5 1 77779 1.0149887995943039
16 17 3 26 74773 0.983493226287702
0 28 25 22 94936 0.9177007625681551
4 18 17 28 68310 1.0304407586798527
4 5 6 20 34351 1.0614326532241116
18 29 2 20 72831 1.0978062227005592
0 25 22 22 77488 0.9348114105941971
0 1 8 19 63429 1.0660238846867953
15 22 23 3 65714 0.9278991281208018
7 1 8 20 45409 0.9609451371043738
6 6 3 16 26394 0.9284599573515325
29 2 22 5 29913 0.9118136245037873
9 15 20 4 57260 0.9662446779005833
16 6 8 24 53631 0.967579905400561
26 10 18 13 45311 0.9270375561645493
5 3 4 20 32426 0.9372197033309515
21 17 29 19 39166 0.903042638310975
14 2 8 7 35758 1.0927492009816993
15 26 3 0 81978 0.9732113966231493
29 3 20 9 38649 1.008628562868239
7 4 18 27 88219 1.0180938381630384
18 17 28 25 62847 1.0111312344759524
14 29 19 9 78047 0.9293030427687377
9 9 10 22 26683 1.0068813157239052
26 12 19 29 57097 0.9870331310457634
7 15 17 24 50438 0.9489766980557469
24 16 9 22 60206 1.0747381753596474
1 6 13 0 46494 1.0318845583607792
20 4 16 10 39372 0.9332045227877146
26 14 27 2 39176 0.9484387805060815
3 24 24 1 89056 1.037442128963349
7 22 23 9 70574 1.040233767184516
15 5 11 14 42583 0.9366422293971275
2 10 3 24 35568 1.046059231630238
2 18 11 19 54708 1.0596442036150524
23 21 9 10 59609 0.9918486410959396
7 7 2 16 33060 1.0577025977343497
22 6 15 19 62342 0.9772422809864627
3 13 9 18 27100 1.0944384455749474
17 25 10 19 45576 0.9301346530200278
3 5 21 15 65889 1.0490827157842262
17 0 12 22 79491 0.9326506345763789
9 11 17 18 54008 1.0080505126165706
24 29 10 27 57078 0.9475246752944834
27 28 19 24 35509 0.9222714527360399
8 24 25 26 55169 0.9632194253043357
20 17 0 22 89970 0.9503423558397154
21 27 0 22 74108 1.0475204509588247
8 20 14 29 41559 0.9968357727921654
5 2 15 8 33967 0.9376071204405255
20 1 9 17 60855 1.019297862218132
3 23 14 14 49219 1.0743970160512462
17 12 10 6 52188 1.0760834328744635
13 23 20 12 60824 1.0626918929754416
13 27 4 9 60909 1.043472333213914
9 0 26 1 51795 0.921100811709209
26 18 17 24 43654 1.0428727819681143
3 21 23 12 79076 0.9450654536982831
13 20 20 24 40366 0.958356412777421
17 18 4 22 76071 0.9266309506155753
15 27 26 0 85847 1.0883649071018056
5 15 7 6 18891 0.9039563339471303
21 3 11 13 57466 0.9118719970331327
27 9 10 22 77162 0.9957406309485684
18 19 6 3 93639 1.0370548866277487
21 9 9 14 43608 1.0720453732516118
29 21 12 10 81822 0.9021621498993694
29 22 29 2 40104 0.974368498297553
10 16 27 24 71282 0.9899415810819632
16 15 21 27 45034 1.002732892441949
5 24 2 17 25039 1.0281559218107101
8 21 6 13 33986 0.9272586638875754
27 12 22 27 44123 1.0174567081279169
4 17 14 18 59916 1.0221563997195282
23 16 9 15 45301 0.9590480278537332
5 21 7 0 41939 1.0178348163615727
13 28 18 18 72400 0.9031662931672855
29 10 10 12 68598 0.968849423133091
27 14 10 13 57192 0.9923507062387786
0 6 7 10 33864 0.9094607841423527
16 23 13 4 77365 1.0852070165440175
14 5 4 3 42778 1.0096916931909534
13 2 24 18 65018 1.039874356756307
6 21 17 5 69991 1.0472667528561717
26 1 21 12 32588 1.0434883697948805
13 23 4 18 42321 1.0863146237487522
16 15 9 5 41517 1.0923101427770034
23 11 1 18 81401 1.0633768987289116
10 15 2 20 42226 0.9882908962084586
22 19 29 10 42452 1.0811898455049826
20 19 17 10 53886 0.9714090748657734
1 3 14 19 89044 1.0974547456715993
4 26 26 0 104313 1.053617231945084
1 3 29 0 94101 1.0950896690460337
1 28 24 18 92225 1.0907326439458527
19 21 16 6 59292 1.072076726912572
10 6 15 13 39117 1.0093112589675428
23 12 7 18 62901 1.0417327760881503
16 2 0 26 100087 1.058902400422497
26 8 23 27 37787 0.9272647087544676
28 13 24 24 34743 0.9843081725897154
26 17 25 3 41236 0.9062245317049726
13 21 22 6 74245 0.935969034305366
21 3 9 14 51373 0.967116351443771
19 1 19 27 64267 0.94075624492965
23 28 4 0 95529 1.0149220163178188
3 25 6 3 47657 0.9708536586771959
28 22 3 19 96074 1.0459562067192507
11 28 23 10 79972 1.080605485336543
1 6 23 26 89087 0.9992019478598244
24 22 6 20 71866 1.0916593035996045
11 26 24 18 63344 0.9931141312469606
4 11 25 29 94219 0.9058296633111395
21 15 25 28 38150 0.9080733599039785
27 22 23 14 30368 0.9503786897617941
16 24 13 2 75318 1.0738647320705959
9 18 3 7 35613 1.0802320640215806
17 21 26 10 69268 1.081565535200292
17 16 29 18 55763 0.9424261480255421
5 27 27 17 92643 1.065204716618149
1 7 7 13 33019 0.9867408632691281
7 28 22 13 76889 0.9797687392824248
2 13 1 24 28210 0.9097210252570155
6 4 8 26 57366 0.9444110116612006
9 24 15 15 38577 0.9013760277821976
12 22 1 23 46672 1.089170052014355
0 27 21 25 72541 0.9005785082038817
11 22 18 18 56332 1.037034709576142
14 14 25 2 52697 1.0635173759537313
11 28 20 12 78612 1.060247799281692
23 28 20 1 52704 0.9129345856424048
24 17 4 5 72235 0.9119420552659321
13 6 22 18 52250 1.0324441297358102
7 11 0 0 54661 0.9970145174899251
17 27 14 2 93632 1.0598123388871794
20 21 24 1 51682 1.0897820945253813
27 28 4 17 93716 1.0840764044124305
24 3 7 4 64332 1.0649390222373212
25 24 16 28 41764 1.063766798342079
5 2 20 29 92186 1.055277533555629
3 1 26 4 81322 0.9621342798297455
17 13 22 23 41149 1.0904004056462537
14 22 2 1 75981 0.9993101619627665
6 17 18 15 55399 1.0298234682487526
9 25 29 7 81100 0.9785874109675554
26 25 7 7 87726 0.9153840851374473
26 22 15 6 60180 0.9283568561138767
9 16 17 13 32755 1.0486512270575434
10 7 13 25 49467 0.9779535728658447
4 1 26 20 94740 1.042128433297494
13 9 24 19 50978 1.0530027913672904
0 22 2 5 48448 1.0187469568643457
24 15 12 6 47993 0.9665022144618882
5 27 10 3 54388 1.0515354308196792
1 6 7 12 35197 0.9309449546346072
22 8 14 14 35427 0.9029454204250537
15 21 10 15 49446 1.034491511071966
16 27 26 7 68682 1.0705485177251615
10 22 24 9 68112 1.0523478065838723
10 3 1 27 70001 0.9531260003621891
27 6 2 23 94702 0.9471382098462987
18 14 20 2 36784 0.9984884174775024
26 25 4 22 75222 0.9830978599997638
6 3 15 23 72428 1.079971697577294
4 25 28 20 92701 0.9879669734502732
6 27 12 3 72723 0.9791528772890453
19 24 2 6 75645 0.9036984038982888
15 29 27 10 80103 1.0391100120336279
13 20 24 7 71829 0.9755568642055261
25 17 7 13 66751 0.9547815870021046
27 5 19 10 38990 0.9688660728299142
16 13 10 27 50801 1.0660407775717837
1 8 13 4 44413 0.9934411016438208
7 7 21 4 47910 1.0111974018315264
4 16 0 6 33717 1.0271986077940947
12 28 12 8 58102 0.9246622436673337
10 17 26 4 81123 1.0584225812233088
22 9 24 23 32748 0.9037245611850837
1 28 0 17 47150 1.0790846194999408
15 4 5 5 40207 1.0586446911955425
8 23 22 6 70048 0.978909821612779
3 2 1 11 33601 1.0274867920863744
15 29 19 23 43621 1.0265345794737997
1 25 27 20 96607 0.9644808566880054
14 12 6 5 53210 1.0194549065149643
21 10 3 2 62244 1.0738478736087824
18 6 29 24 60076 1.0408722989185475
2 5 19 20 91671 1.0733682327727694
2 21 16 5 72767 1.0898081427629465
23 13 14 0 53041 1.0491913650691624
8 26 20 25 48355 0.974368240791729
21 29 27 2 66448 1.0125768260373385
5 15 19 15 48264 1.0770452303635547
1 5 8 12 43189 0.963718217984445
11 29 25 16 74975 0.9469675505809516
14 0 0 0 55892 1.0294215780763876
7 6 22 28 82090 1.033573119010961
22 29 1 18 88517 0.9739168337530315
25 9 9 18 60270 0.9561515737959693
13 1 26 2 43183 0.9862110573667122
21 4 21 15 21677 1.0988191565770762
22 19 28 29 42820 1.0612927619453731
15 14 28 6 49889 1.070963815375228
7 21 29 14 86292 1.0908424190070962
20 0 11 8 47313 1.0182650777967117
11 3 21 8 53185 1.0462441352516862
11 28 1 10 70403 0.9604461125563255
13 20 1 29 64190 0.9554801018451571
5 2 1 14 29217 0.9654734047587868
12 22 6 11 51710 1.0988396988231985
11 3 28 25 106249 1.0237316065444872
17 23 28 23 46911 0.962055223208776
13 0 7 11 50624 0.9074504174494206
1 3 16 7 58990 1.0925376133964888
18 10 6 9 49064 0.9942079419503959
19 20 24 28 37156 1.0924772481406566
29 28 15 10 83289 1.0913544205291659
12 0 3 13 55210 0.9619118714938601
11 4 1 25 73705 1.014997442230883
17 23 3 16 63540 1.0830958676483735
27 18 26 28 41803 1.0971175633614374
25 28 10 21 68760 0.9397600907693493
21 3 4 12 63847 0.9298289029325546
2 7 24 20 78013 0.9826701045024053
24 4 4 5 61951 1.0133393001345834
0 17 24 15 86764 1.0131145526318914
8 11 2 18 43499 0.9090008656596172
12 24 25 8 63674 0.978264308350291
17 24 27 0 70224 1.03116942798793
15 12 28 15 56279 0.9268617225039884
14 14 27 17 49559 0.9204014284596009
25 27 0 10 109934 1.0905475009656564
17 25 17 5 71309 1.0843889676602403
9 9 8 24 28726 0.9655807669978311
20 9 11 2 53314 0.9821939871612543
2 24 12 8 50616 1.0662590947382173
19 27 21 10 40958 0.9377547997457212
5 6 20 23 76434 0.921502057261161
21 5 8 2 46204 0.9222408185969716
17 27 27 21 48632 0.9389218608885245
9 28 15 2 69242 0.9404418777693321
10 29 23 1 86889 0.9895284191905345
12 18 14 7 56280 0.9047912437096058
13 1 1 14 54033 0.9295600830896561
14 23 18 12 69186 1.024133646598749
3 21 12 14 44083 0.9339752899019524
17 3 6 15 71325 0.9781354117507983
15 22 24 1 71488 1.0093145947456574
18 2 0 11 86792 0.9411722788714433
28 6 27 29 55922 0.9205999293764873
12 18 27 8 73876 1.0818041292050369
28 21 13 20 79669 0.9413998712377144
9 13 29 5 65999 0.9764540921795397
28 14 13 9 54889 0.9509571359647537
6 9 4 24 32178 0.945462017454902
1 20 14 15 61779 0.9426368548719324
29 15 24 4 32598 1.0817326416562172
6 17 15 13 45756 0.9610837212257664
5 27 26 28 79652 0.9596743538871597
25 8 2 10 62766 1.031816965968415
5 14 27 27 87006 0.9793727514010603
25 10 23 18 22910 0.9322753513243417
26 21 14 10 76326 1.034841236648273
8 7 20 22 68921 0.9700709713322482
0 11 18 9 70523 0.9009308988157849
6 24 26 24 58465 0.9151156803278923
7 17 16 11 56330 0.989922545613906
17 19 1 18 90852 0.9777126757165996
20 21 14 2 75193 1.0595869663664703
3 14 2 26 30373 1.0739600042330304
4 1 24 22 84811 0.9181476698812212
12 6 20 29 73196 0.9878132846501353
12 28 25 15 76738 0.9318029071545726
25 27 29 6 52380 1.0484215697138712
2 15 26 14 72806 1.0369211783957808
20 1 7 26 89569 0.9885549472075834
13 21 16 28 45322 1.0565420992756998
21 20 6 11 71673 1.046230557833253
3 4 19 11 66748 1.0325658395206834
24 1 9 12 56505 0.9297375505810459
24 0 15 25 70549 1.0768235306955107
11 9 9 27 44346 0.9782935476242508
6 18 2 11 27941 1.0632742768867793
5 15 9 22 26520 1.014042040612058
23 12 21 27 30466 0.9558442851349498
14 14 6 0 51874 0.9741407444418266
1 16 3 3 41007 1.0307106407323392
17 27 26 26 40511 0.9062622178984695
16 6 16 19 71029 1.077528510433148
23 28 23 15 21006 0.9216019537178933
23 8 2 13 65365 1.028010837282878
13 21 26 27 60201 0.9255871720899765
1 13 28 18 100233 1.041138929900325
16 8 24 26 49994 1.0862449882095744
5 8 17 25 64572 0.9335121027204191
27 20 9 20 73552 0.9894008872194716
5 28 27 28 82354 0.9308547149002648
7 1 17 26 81123 0.9648236825987302
2 27 29 15 103246 1.0012504251019176
24 10 29 29 48170 1.0752795775622062
16 4 24 20 55774 1.0938833684908302
17 27 27 4 73851 0.9454179318441764
16 22 24 11 51699 1.0732274741055172
28 25 25 1 59974 1.0943154424891282
8 15 1 12 35549 1.0825324752324632
4 17 20 18 72499 1.010445253502904
8 29 18 9 69120 1.069350340187595
21 18 13 27 48451 0.9613479086620182
27 24 6 2 96614 0.9551313334095922
1 10 21 4 67650 0.9303040214856826
26 25 21 13 39793 0.9946888812801009
3 2 27 21 107134 1.0123158871789368
24 21 9 8 59722 1.0905299748617139
0 13 15 18 70897 0.9951409588951976
9 6 19 5 33834 0.9143778922861201
27 16 25 1 40274 0.9392552219154613
17 16 16 4 64405 1.0698054342840113
24 5 22 22 34347 1.0915855948466824
28 0 7 1 69139 1.0419394561018847
15 25 23 11 49819 1.024421974993534
19 29 0 23 80970 1.042923617366579
29 0 15 16 74614 0.9417207693565168
12 1 13 29 72285 0.9711212233130371
2 25 6 13 32670 1.0057829125482458
5 9 3 18 24627 1.0228426932366612
13 11 11 28 61516 1.0610680300105075
28 27 14 22 62016 1.0701739769159457
3 8 23 2 60284 1.0710231893900257
23 0 22 21 42248 1.078649345178599
14 3 8 13 50578 0.9394719664467243
11 10 26 5 60395 1.0149886474831946
29 24 5 5 93792 1.034984313897746
20 28 8 26 56644 1.0293997851456371
4 20 22 6 72230 1.035771894119711
17 9 1 25 79260 0.9449777175094097
12 10 15 18 52599 1.0041306827433394
4 13 24 25 78210 0.9446123933150241
9 20 8 2 35203 1.0455969087387542
28 22 13 3 89971 1.0080832725840017
20 9 10 6 39209 1.0300621655599378
5 20 17 6 53972 1.000899234667663
10 18 21 28 58687 0.9787709211485434
2 27 26 14 92950 1.0457094477764612
1 10 9 16 40378 1.0118521764157309
1 11 9 21 47217 0.9850353863968825
6 8 17 26 70716 1.0265019195145566
7 23 27 5 92375 1.0377534568628641
27 19 3 1 101319 1.0743687151242303
21 9 4 2 55996 0.9748430720093134
24 2 3 22 86877 1.081342546263107
28 0 13 18 90372 0.9722145090956419
27 11 11 20 87320 0.9091705171864239
22 26 16 11 60449 1.0617518029645205
10 1 29 16 80778 0.9287272379166319
13 28 28 10 96368 0.901502457843831
18 27 15 0 85568 1.0775244357203997
2 24 28 7 96293 0.9701483008706469
23 12 25 2 22946 0.9187352042832273
1 13 9 9 36679 1.0090275424077668
10 17 6 28 40738 1.0608650745615855
9 25 28 27 66556 1.014623641692633
2 27 19 8 75732 0.9217762618268873
5 25 23 15 69064 1.0426991513421173
11 4 24 20 73604 1.0631470874147568
17 0 25 3 34928 1.0857913920322428
28 12 18 14 42076 1.0645515273676418
0 19 11 16 63063 0.9237736131657428
23 29 11 8 64645 1.0594695178371862
20 5 29 25 61008 0.9960840522782295
16 24 21 2 59068 0.9828320976537275
23 2 27 15 34904 0.9742455515263935
8 12 9 25 28751 0.9373754931589605
13 21 3 11 62156 1.0435620460143176
6 4 29 6 74070 1.082081597005684
21 15 0 8 67287 0.9170326277493664
29 20 1 21 101629 1.0909605439872332
24 8 13 11 41782 1.0994666316446786
27 14 13 9 51969 0.9967001165497915
27 18 11 10 80337 1.066117660658409
25 18 29 4 42587 1.0087970928782692
0 14 16 26 70343 1.0510648618831464
17 7 26 11 41299 0.9897228675134615
20 6 25 19 39388 1.0437891183193009
25 6 22 26 44366 1.0529499397294675
0 22 22 29 81711 1.0464771772969295
11 26 7 15 45016 0.9667166835056366
26 25 10 24 53303 1.060422867087131
16 21 24 16 51272 1.004475720849775
29 3 10 14 72577 0.9176059506686203
28 3 8 8 70091 1.0327928233612553
1 14 13 13 39089 1.0440537998906456
3 15 0 7 31835 1.0081464111843377
22 4 28 10 36556 1.03612472662944
1 22 26 13 96064 1.062330172650452
10 28 28 19 91986 1.0976373704102618
8 17 21 23 55497 0.9059446420840952
13 19 5 8 56286 0.9580053242947931
27 2 3 9 78437 1.0312357542821353
24 25 16 23 31404 1.0996783200964877
18 11 29 1 60778 1.0263293584651882
11 11 13 22 52868 0.9897616845246118
4 16 19 10 64246 1.0207484066538295
24 24 4 16 72449 0.9516391112150125
23 18 8 16 56049 0.9412141114602194
8 25 18 27 45057 1.0813383346253076
25 1 14 6 38381 1.0511684982442857
1 17 19 27 87313 1.006692554790784
25 3 9 11 56613 1.033978805804242
14 19 26 29 75690 0.9313297777500327
15 27 6 3 78152 1.023033005577673
15 28 26 13 70073 0.9504601719864791
29 28 14 18 86808 1.0420427192753297
8 23 27 11 85349 0.9141020355598081
6 11 28 4 88351 0.9029958446259443
8 21 12 27 29463 0.9163427641426577
17 10 7 18 64172 0.9129123337587483
23 6 7 10 56696 1.0912298694895868
21 2 1 3 70062 1.0788122062238712
1 21 17 18 92868 0.9587249618218419
10 6 1 27 59894 0.9628636626037955
22 23 25 1 46617 0.9537619813525087
4 2 0 28 69092 1.017873988968259
24 17 4 18 72708 0.9288985370587652
10 28 15 0 77081 1.0897896005092722
28 16 25 7 34177 1.0809387472474516
27 26 22 19 34829 0.9960603670135079
13 29 2 26 47936 0.936848398719672
1 6 29 5 78971 0.9997743369926396
14 20 16 8 71626 1.0133127110546627
25 19 13 7 58221 0.9796276145781186
28 22 1 17 107533 1.0827671586416798
6 1 20 12 67378 0.9385453422229372
9 12 27 3 67647 1.0760541010620006
14 28 21 2 82758 0.9969886794455335
22 7 6 26 80273 0.9606538405421051
28 26 14 27 61456 0.9540008451284856
10 0 15 5 39054 0.980796216892071
4 3 2 16 36659 1.0397122252366648
23 20 11 16 58687 0.9708539383329731
14 23 1 3 81054 1.0144089889572374
20 20 26 16 41208 0.907422032303945
20 20 6 22 66774 1.054711410293795
3 27 28 1 107598 0.983476173602124
10 8 4 22 37616 0.978701782826582
24 9 29 0 29820 1.0909924702187028
23 6 17 23 54411 0.903857554400724
5 26 5 7 28308 0.9474531194091127
19 5 9 18 54555 0.9083683216073285
21 25 6 7 77059 0.9569600720395056
23 13 9 15 43717 0.995803944855516
21 27 13 25 34247 1.0129564396131667
13 19 0 1 81731 1.0857746380237492
10 25 18 27 45219 0.9168019171387102
17 10 19 20 61256 0.9331422671035329
20 29 0 14 87336 0.9603107021988343
11 1 4 8 30186 1.0620964345045523
11 29 27 5 96684 0.932570063167179
1 11 24 27 98339 0.9930440928924205
27 19 11 13 71399 1.0857544313687078
7 26 4 17 34240 0.9071750342588197
26 2 17 21 75895 1.062778253528016
3 19 14 11 65878 1.074496496129942
