5133 6496 6700 5509 5364 5357 6778 6676 5246 5191 6146 6430 6172 6357 5529 6670 6328 6754 6165 5740 5809 5408 6725 6068 5330 5280 6037 5155 5351
4172 3265 3676 3763 4706 3650 4427 3384 3910 4748 3855 3658 4167 3741 3540 4083 4119 4583 4175 3541 3642 4724 4331 3384 4664 3928 3901 4862 3845
5039 4418 3696 4299 3685 4133 4188 3651 4193 4581 3706 3744 4997 4923 4765 4060 4473 3603 4633 3715 3677 4439 4248 4484 4312 4494 4842 3971 4955
5882 6816 6347 7019 6497 7075 6556 6002 7047 6107 6488 6838 6301 5716 6547 6171 6912 6986 6208 5583 7142 5891 6856 6121 5943 6448 6938 6986 6102
2706 3127 2225 1851 2073 1679 3026 2834 2439 1565 2618 3059 2400 2922 1464 2907 1619 1920 1829 2674 1698 2962 2722 1784 2094 1725 3046 1572 2160
2426 3464 2894 3546 3269 2617 3367 2330 3032 3256 2391 2583 2528 3046 3245 2412 2322 3363 3030 3089 2981 3594 2574 3357 3021 3117 3864 2545 3745
4258 4735 3689 3721 4318 4713 4905 3751 3732 3299 4541 3339 4254 3542 4209 3701 4580 5011 4792 4442 4738 4810 3791 4248 4497 4782 4813 4628 4561
6482 6434 5850 6340 5678 5957 6539 5943 5873 7191 6045 6433 7068 7038 6737 5598 6006 6422 5950 6580 6165 5892 5503 6261 6228 6400 6441 5747 5808
7339 7906 7919 7781 7462 8253 7569 8196 8606 7447 7963 7462 7720 8427 7319 7172 7788 7125 7103 8585 7977 8115 7409 7199 7466 7365 8266 8028 7950
5317 6492 6503 4984 6392 6525 5128 4908 6362 5649 5923 5470 6281 5300 5990 6152 5941 5601 4771 4766 5035 6063 5563 5739 5811 4879 5610 4984 5619
4054 5265 4323 5646 5054 4479 4951 5538 4314 5351 4888 4817 4596 5218 4240 4697 4878 5065 5297 5464 5387 4926 5529 5474 4175 5705 4526 4172 4123
3569 3744 4292 3407 3910 4061 4188 3609 3121 4117 3663 2823 2631 3151 3554 3814 2574 4194 4060 2733 3963 3306 2834 2859 3562 2587 3029 2643 2636
7648 7485 6945 7754 6744 7438 7620 6178 6614 6054 6637 7700 7802 7124 7077 6079 6820 7150 6383 6826 6856 7789 6365 7384 6938 7061 6738 6914 6748
2428 2666 3340 1728 2060 2695 2154 3136 2273 3082 2101 3065 2119 2270 2399 1828 3363 2319 3199 2515 2753 2705 3102 2592 1859 2214 2823 2199 2701
6013 5726 6266 4858 5952 5867 6002 5296 5372 5858 5832 5799 5091 5307 5959 6463 6403 4860 6353 5841 4945 6163 5475 4733 5519 6363 6017 5204 6477
5437 7038 5669 6753 6899 6883 6562 6530 6565 6948 5971 5266 6493 5646 6430 6171 6239 5313 6728 6255 6340 5915 6574 5907 6199 5544 6270 5935 5449
6656 7896 7283 7431 6963 6445 6898 7116 8018 7139 7013 7836 7295 6525 6952 6400 7920 7975 7551 7791 7202 7793 6733 7675 7996 6669 6895 6478 6793
5643 5924 5749 6664 6165 5794 5320 5599 5186 5588 6047 5985 5569 6426 6311 6071 5318 6579 6797 5483 6179 6247 6496 5972 6135 6189 5148 5875 6181
4067 3318 4159 4041 4305 4497 4601 4186 3480 4793 3267 4734 4429 4368 3325 4224 3292 3946 4145 4608 3971 4108 3844 3327 3666 4348 3349 4512 4824
1700 2044 3198 1940 2883 2023 3019 2782 2898 1792 3036 3095 2009 2819 1705 2564 2977 2866 2649 2291 2984 3434 1822 3258 1783 1761 3402 2193 2651
2100 2201 1795 2739 1965 1744 2617 1568 2847 2903 1833 2934 1651 2325 1746 3003 2413 3303 2123 2401 1703 2673 2789 2735 2117 3209 1714 1911 2663
3026 3533 2029 2893 3175 2736 2801 2896 2836 1835 2850 3016 2772 1964 2301 3544 2181 2625 2183 1921 2692 3332 2862 2966 2254 3480 2328 2891 2994
6165 5464 5064 6541 6344 6247 6078 6504 5920 5164 5310 6398 5920 6428 5919 5831 5032 6646 5929 5831 5233 6013 5054 5815 5138 6311 6051 6125 6178
2703 2102 2512 2685 2134 2261 2075 2612 2743 1906 2606 2166 2687 3415 2348 2102 2607 2198 3588 3390 2971 2030 3430 2342 2235 2844 2394 3223 2644
2495 3659 3353 2671 2562 3246 3675 3472 2988 4145 3568 3110 3349 3518 3552 3581 3077 3813 2890 3546 3747 4056 4149 3275 3521 2692 3214 4119 2703
2016 1477 2164 2077 2094 1443 2392 1888 2683 2303 2759 2082 1798 1888 2079 2933 2727 2577 2579 1710 1908 2156 2816 1523 1547 2640 1400 2540 1412
7484 6685 7541 6899 6798 8201 7513 7996 8212 8170 6701 8345 6975 8015 6970 7346 7333 7500 7486 7146 7291 6972 6741 8065 6947 8274 6682 7592 6945
7807 7502 6749 6875 7308 6897 7512 6997 6912 7133 6645 7131 7753 7149 7993 6452 7777 6959 6636 7436 7169 7488 7803 7893 6987 7609 7352 6678 7960
7423 7613 6802 7235 6972 7782 7768 6667 6980 7204 7700 7592 6668 6740 7443 6322 6708 6688 6275 7864 7678 6658 6597 7649 6643 6851 6428 6538 7531
7299 6449 7476 7389 6745 6656 7702 7559 7305 6417 7604 6270 6935 7756 7562 7639 7593 6290 7120 7887 6340 6269 7123 7385 8008 8009 6322 7002 7351
6362 2939 6934 3424 3553 3582 7031 7413 3382 4890 5132 3465 1150 7900 7362 2732 6612 4931 4053 6455 6738 6712 4077 6399 5056 4499 6739 3397 6327 4307
5613 3126 7283 4759 3218 3155 6802 7804 3698 4203 5286 3801 2792 8078 7485 2759 6629 4089 4727 6344 8115 7108 4602 6327 3350 5096 7353 4222 6884 3996
5657 3664 7064 5065 4169 2156 7330 7361 3367 4237 5642 2709 1940 7037 7323 2466 6947 4738 4361 6125 6862 6356 3984 5472 4480 5010 7504 3998 6378 3631
5489 4004 8367 4280 4352 3241 6106 6945 2914 4097 5193 3536 2253 7887 8317 2151 6215 4396 5124 5498 7473 7159 4067 6708 4486 6030 6873 4477 7818 4751
4708 2630 6987 4209 3356 2764 6264 7688 4343 5282 5711 3626 1781 7300 7989 3804 5634 3742 4424 5545 6477 7235 4216 6650 3418 5397 8313 3916 6761 4803
5476 3387 7283 3307 4383 2832 6442 7313 2881 4831 6836 3377 1293 6675 8340 3292 6339 4178 5233 5910 7541 6377 3940 5881 3882 5502 6811 4939 6420 4870
5617 3481 7484 3697 4132 3111 6331 7911 3663 5233 6763 3746 1736 6759 8034 2735 6657 3822 3660 5253 8053 6495 4814 6693 4346 4547 7899 4912 6536 4048
4877 2419 7120 3440 4284 2642 6281 7447 3058 4856 5837 2792 1612 7405 7931 2475 6313 5212 4690 5283 7440 6832 3860 6260 3332 5726 7588 4033 6610 4007
6226 3480 8557 3930 4277 2122 6264 7728 4476 4321 5099 3421 1340 7741 8492 3354 7030 3935 4857 5390 7360 6929 4278 5998 4833 4328 7619 3880 6312 4004
4822 3638 8117 3758 3008 2505 6145 8152 3241 3873 6538 3681 1459 7744 8709 3528 7074 5125 5207 5962 6788 6365 5317 6653 3524 5248 7846 3409 7370 4647
5701 2744 7902 3898 3146 1926 6775 8203 2892 5100 5893 2908 2555 6674 7945 3065 6778 4670 4555 5912 6929 6444 4678 5864 4355 4411 7984 4198 6309 4907
5424 2562 8024 4139 3840 3413 5648 6751 3211 4183 5807 3451 2655 7140 7785 2975 6773 4349 5067 5517 7550 6672 5011 6502 4067 5409 6659 3430 7262 4106
5726 3636 7801 3964 3644 2767 5834 7750 4208 4823 6168 2715 2513 8041 8071 3815 6957 4470 5144 4967 7407 7165 4119 6419 3634 5910 7174 4047 6171 3369
5328 3149 7083 4542 4067 3442 6907 6993 3253 4557 5884 3823 1460 6718 7874 3570 6926 3958 4004 5680 7885 6417 3911 6373 3475 5608 6668 3679 7686 3439
5923 2286 7567 4966 3131 1958 6653 7000 4208 4718 6623 3742 2558 7645 8326 2695 6143 3609 3992 4874 7295 6368 3973 6780 3340 5638 7665 4791 6847 4276
4982 2399 8580 3891 2697 2657 7109 8363 4450 4137 6420 3473 2133 7785 8255 2166 5975 4616 4865 5957 8019 7163 3687 6831 3600 5489 7686 4326 7707 3842
6008 3737 7294 3889 2903 2392 6033 8073 4039 5133 6786 3956 2688 6765 7178 2650 6863 4885 4381 5356 6868 6666 3672 6073 4948 5688 6635 4116 7849 4613
5893 3097 7021 3478 3915 3488 5733 6974 2789 4774 6684 3799 2643 7795 8430 3249 6585 5061 5021 5405 6418 7199 5233 5924 4758 5703 7469 3357 6542 3995
5049 2472 8240 3920 2990 1964 5614 6810 3345 4062 6294 4075 2159 6466 7744 3626 5691 3948 3698 5238 7056 5736 5210 6627 4061 5524 6994 3834 7033 3742
5703 3920 8479 4276 4078 3503 7221 8249 3218 5515 6111 2755 2113 7006 8892 2875 5678 4825 3801 5307 7990 6107 4931 5309 4049 5647 6659 4258 6816 4372
4731 2363 8276 3911 3942 2301 5790 7961 3472 3845 6183 2755 1783 7775 8441 3458 6281 4653 4870 6189 7400 5930 5121 6591 4640 5554 8157 3663 6849 3397
5286 3098 7161 5066 2989 3186 6814 8213 3860 5168 5779 3939 2753 7316 8412 2515 6328 3584 4663 5496 7620 6240 3664 6687 4191 4841 6713 3341 7092 4513
4634 2865 7530 3901 2682 1995 6203 6811 3352 3834 5710 4208 1237 6322 7278 2490 6206 5110 3700 5215 7160 7390 4627 6185 3828 4513 7929 3756 7470 4294
5692 2483 7272 4255 3628 3457 6930 7395 4376 5114 6745 3021 2481 7684 7430 3581 7029 5174 4456 5103 6620 7053 4008 5941 4594 5751 7946 4327 7139 4306
6002 2585 6892 3994 2824 3313 7135 7224 3442 4852 6639 3753 2353 6690 7785 2362 6717 4275 4095 6143 7839 7158 4345 5451 4605 5770 7548 4083 6721 3414
5948 3773 7845 3736 4184 3280 7057 7332 3783 4700 5135 4117 1776 8061 7633 2700 6031 4825 4890 5312 7276 6421 4944 6455 4046 4350 6679 3748 6768 4834
4843 2959 7013 4108 3409 2758 5607 8369 4011 4454 5201 4012 1651 7027 8075 3741 7005 3759 4869 4986 7568 7363 4094 5249 4252 5555 8257 4745 6978 4753
5160 2666 6964 4555 3263 2582 6778 7333 3268 4675 5812 3476 1854 7574 7246 3816 5786 4674 4215 6379 7522 7113 5338 5553 4460 4967 7834 3694 6825 4637
5343 3840 7097 4906 3227 2914 6751 7487 3444 5108 6067 3164 2211 7930 8046 2180 6929 4240 4953 5186 6610 5708 5269 6688 3341 5109 7429 3900 6317 3760
11 26 16 9 66674 0.9414881074690302
0 14 4 6 36205 0.9502936031119907
12 20 21 14 47221 1.0354866837252055
1 23 26 16 97413 1.082515963967884
2 14 27 7 82036 0.930358991119392
10 18 22 19 57077 1.0694505073031937
24 4 5 27 98284 0.9431184210986201
0 18 26 21 100925 0.9946946692689513
20 10 6 6 54282 0.965677343195025
29 29 24 7 70958 1.0147334936632906
2 2 9 8 42121 0.9453651090109914
5 1 2 15 40529 0.9732023470692159
25 10 16 18 45552 1.0220011488140721
7 15 19 14 38873 1.0231874822547555
3 18 7 5 44283 1.0057163580443502
14 22 12 10 40715 0.9635484298441541
3 21 23 4 83566 1.067831299067697
6 20 16 25 64089 0.9778782483240622
28 2 9 19 103976 0.9551774584026119
9 12 13 6 24993 0.9068878661032801
27 20 19 26 52698 0.9327244831477012
18 27 8 27 39233 1.0813350614617863
7 27 18 21 60171 1.062517176166437
29 9 16 19 72296 0.9953579570081899
25 18 6 16 69122 1.0996269220281094
16 20 15 2 79270 0.9355215558128896
22 21 14 23 46874 0.9586028411949413
26 15 13 26 66386 0.9289754954403351
24 15 14 21 55269 0.9963960243503567
12 19 9 9 47208 0.9214556015062327
14 23 27 3 88782 1.0900204067146382
21 3 1 28 108838 1.06719835150614
15 10 25 8 43407 1.0589247569270779
28 13 25 4 29593 1.0813282574327858
18 18 19 28 29275 0.9426597403370065
10 6 2 3 33724 1.047148788367558
27 5 27 29 67408 1.0123393694953629
9 6 26 17 76720 0.9829842683937559
11 0 24 7 56825 1.0919587432319307
9 28 3 10 71300 1.0935969648631743
14 20 2 12 49034 0.9442032573028455
25 17 14 29 69440 1.0873405261333358
20 6 2 0 67213 0.9744637980145493
29 13 16 27 76201 1.0622625008348447
4 20 19 28 77749 1.032150598716354
9 16 5 3 53218 1.0721833456734422
17 7 18 27 64712 0.9903576213099851
13 28 25 5 82170 0.9141718349730931
21 25 4 11 71137 0.9515141831041104
23 8 3 17 63600 0.9373869084250794
15 11 3 18 44584 1.036851944364846
19 28 2 17 91038 1.056677025059313
24 5 10 29 96695 1.0481421242366944
26 5 12 24 79989 0.9696933012496984
18 6 9 28 94005 1.0896628935978776
29 2 25 24 69743 1.0110670510420943
4 8 3 23 41506 1.0556524618815226
13 21 12 8 37494 0.9749995173579361
19 27 2 25 76678 1.0211969902448756
29 26 13 2 106685 1.0988718184294655
19 16 7 9 53020 0.9576704759547221
21 27 14 22 41607 0.9142995375740688
12 16 7 29 65318 0.9446781383545847
15 15 25 9 38039 0.9038448970008566
7 5 25 2 55088 1.0845360851978307
28 20 18 20 64236 0.9552368667597565
0 7 12 23 81653 1.0714932431289725
15 10 3 27 70442 0.957318682320232
25 3 0 9 87162 0.9438377012788473
3 21 15 13 54047 1.0103503634791193
11 8 1 29 75376 1.0614103406417725
25 18 7 15 62686 0.9741247316541879
15 23 27 23 62408 1.0852232354944547
5 27 18 25 60814 0.9651123930638293
22 25 25 6 56748 1.0879971272238025
7 4 21 15 64133 1.0577511432053255
11 26 20 24 42081 1.099375797995717
28 29 5 9 100211 0.9877646807614967
26 5 13 27 83251 1.025911819649155
17 6 10 3 32032 0.9345176947587078
2 25 17 16 79444 1.0137178727564815
14 16 27 17 52374 1.0185909698090903
16 18 0 11 58211 0.9584129190932557
22 7 8 14 65107 0.9366403005679402
29 10 24 1 43321 1.0692855160523247
19 9 1 5 59257 0.9917800664890933
1 3 20 11 68915 1.0963432779848967
15 24 23 9 62732 0.9349818689734007
29 3 16 26 105189 1.041876745089979
28 27 22 18 42717 1.043255903596038
10 12 15 18 30017 0.9352285528388581
11 11 27 3 61917 0.9393933143639323
19 27 29 4 82194 1.011900768622729
2 2 9 6 36961 1.0762723138166692
28 8 16 22 73883 1.0380684147571722
15 12 1 14 35855 0.9649937509812416
4 20 19 12 48320 1.0329972509262642
24 16 14 18 47970 1.0200999251409177
7 22 19 7 79553 1.0775031440923528
25 18 15 25 62165 0.9815368300427425
20 8 16 27 61684 1.09136057376266
12 26 23 12 63938 1.0630158601933206
1 22 1 4 64568 1.0220971275203699
20 16 10 0 65775 0.9433848174206791
2 11 1 29 57813 0.981301235149446
11 9 20 22 54866 1.0253610881588733
9 9 25 7 62820 0.9016423280006243
29 5 6 20 98906 0.9336942142142248
8 22 10 13 51440 1.0574437699142116
17 8 0 15 60309 0.9259933771736456
2 12 16 9 42797 0.9249394994831308
29 13 10 0 82084 1.081677397315413
25 12 26 26 37560 0.9572477617454287
26 20 11 14 62878 1.003041403887927
22 6 23 17 33470 1.035249952358904
27 14 10 6 75781 0.9917850347658467
21 17 3 3 72667 0.9249908936016201
21 22 9 9 67796 0.9083650476274401
24 10 15 6 46711 0.9097379705870392
20 26 5 22 71461 0.9356065594911251
23 13 11 17 44180 1.0125116137336132
15 21 10 3 69845 0.9349725304803247
1 14 27 20 91333 1.00088742685343
0 21 18 10 80960 0.983375442003711
6 12 19 17 39585 0.9883066352015375
0 15 20 7 61677 0.922661819517499
28 19 15 13 62094 1.0437514559032057
0 21 23 24 102925 0.9142556582836646
23 18 9 3 74539 0.9287273373856137
0 15 24 8 69162 0.9480548616697789
26 4 24 19 42815 1.0120561772670935
7 0 11 24 92126 1.0602869643020363
13 9 27 12 38036 1.027640160670652
8 18 20 12 54533 1.0760930832190903
26 4 3 13 73687 0.9749563678619334
26 24 13 21 62534 0.9089042838201743
5 2 2 14 42360 1.003921077515074
29 26 4 27 106704 0.9098105552808845
29 10 11 3 78124 1.0399087626808927
17 13 27 15 35297 0.9304354678179
18 23 6 22 56397 0.9467422442078731
3 8 26 5 71471 0.9633312648225869
23 15 9 12 38761 0.9354544276751346
4 9 18 5 47997 1.0969287934422687
3 13 18 4 62246 0.9970923550767432
20 16 26 29 52711 0.9136650400485314
7 25 12 3 86447 1.0925926558552406
23 7 10 13 45879 0.9483260435049072
0 8 18 2 71424 1.0301478522422014
7 7 16 14 57521 1.0253014821116493
6 10 3 22 37416 1.091182154003218
23 6 6 8 61002 1.0715691977627197
3 1 15 22 80798 1.0920450284205114
8 19 29 12 77936 0.9620661938894111
1 2 3 26 74552 0.9490393273179798
18 5 26 27 68549 1.0537709978376621
1 24 23 4 96191 1.072609841563936
29 22 0 8 108347 0.9056403412759454
3 14 25 15 62709 0.9664637297411927
24 5 27 19 45742 1.0519585846134138
22 5 8 24 89264 1.0055540093279538
17 24 10 13 58846 1.0033283195684548
6 7 0 11 31108 1.0900129387535853
21 28 15 4 77453 0.9835378559581536
0 29 12 22 65676 1.0661938699248172
8 13 20 24 62861 1.014113808705603
2 25 28 18 111316 0.9217459234107259
20 12 1 8 52358 0.9455714326022107
24 11 17 19 41212 1.0388265208893637
16 23 9 8 67847 1.0977520187410434
9 3 29 7 79095 0.9123030922128771
3 26 1 16 42266 1.0399660726500146
0 7 21 1 78591 1.0052014269163982
9 10 23 6 56138 1.0631390622817718
4 3 6 25 59842 0.9826777186890336
24 18 11 8 58882 0.9601861262522333
28 11 21 27 60661 1.0255666937939196
0 22 27 6 109201 1.0070111366395829
9 20 9 2 86274 0.9633510085309297
15 1 9 23 83686 0.9659685242934047
27 19 1 20 104847 0.980649687807741
26 29 23 11 48067 0.9784131218479031
20 2 27 27 74326 1.0783124971924898
0 17 2 8 43257 1.0926611464000706
26 15 13 25 64172 1.0093241309852976
13 27 8 5 69299 0.9251037262148131
26 18 11 14 56203 1.047805217551402
4 2 27 12 70101 0.9329830622546105
3 19 23 1 84832 1.0515533775762833
13 20 23 23 52917 1.093825415686113
17 11 9 9 37913 0.9608198396587107
21 1 1 4 66849 0.9907119998881286
22 24 20 14 33701 0.9066571306977201
17 22 16 5 63230 1.0880069277452198
11 9 19 15 35945 0.9351795226189739
0 22 15 2 93540 1.0203727290217146
22 0 8 4 57384 0.9601345987015573
3 29 12 0 95647 1.0385078517351474
19 17 8 6 65207 1.038736562453431
20 6 9 3 40695 0.9329267471389238
14 17 7 3 61360 1.0278696607658846
10 7 4 18 47162 1.0917257655784818
12 22 28 15 68295 1.0370893542435837
9 2 17 8 49985 0.9643759895335402
7 12 28 19 71753 0.9038020132239178
1 3 29 5 85335 0.9299516383080332
17 3 8 13 57824 0.9263812820063413
18 7 26 13 39823 0.9270307873085938
18 15 12 8 35847 1.0590218490494527
10 5 9 22 71207 1.0159836807133718
14 19 23 20 52322 1.052222864922535
11 2 3 4 35936 0.9603593051393361
18 21 27 14 53782 1.0889861702393104
1 6 1 18 48215 1.051330117054862
14 4 8 26 88412 0.9353247667881588
23 3 12 29 89044 1.0845801720150652
6 27 0 23 37819 0.9311032332077129
13 22 9 0 71588 0.9893120213867821
10 4 26 15 66022 1.0633414799127547
28 2 7 26 131872 1.025429565545759
28 17 22 12 30754 0.9050165620045182
11 15 7 5 44113 0.9410761176899152
4 1 10 27 85351 1.039206576505143
2 26 19 26 77586 1.0687126465553192
20 26 0 11 80997 0.9945107926000814
9 24 29 2 116154 1.0100543057853009
1 5 6 16 43355 0.9861018054325875
26 20 0 3 105579 1.0634874685075295
19 11 8 15 40261 0.9922042343552601
0 15 22 2 83597 0.9764929453829163
9 14 25 9 54268 1.070126216009321
23 5 17 29 74583 0.977357545571353
21 14 21 28 37560 1.0052029461355962
12 19 18 2 67412 1.0888409280679205
3 24 27 17 94701 0.9039822044729947
26 23 26 7 50673 1.0596023172687992
1 14 29 5 85282 1.016754417561825
10 22 20 26 51629 1.0108714131098193
2 9 15 20 66826 0.9504025813483385
13 14 17 20 39431 1.024662868771869
2 10 24 1 78399 1.0081959396223947
12 7 28 1 63187 1.0201620406425578
8 17 0 23 51420 0.9323194908692265
18 26 6 20 73813 1.0911683711524331
12 8 2 0 54954 1.0037791689608062
23 21 8 16 70059 0.9276922610936538
25 4 6 12 57875 0.922553567496503
10 20 0 8 68458 0.9559430168972332
3 25 18 27 67834 0.9441808764751212
3 18 18 10 54783 0.9280638647668468
1 7 17 8 61286 0.9465101601739012
22 18 9 29 80732 1.0461314768829109
17 29 6 19 78086 0.925345557623857
28 15 10 9 63254 0.999793106474137
15 12 16 29 58535 0.9925272849295355
3 17 29 21 105817 0.9807134702113899
26 15 21 26 43688 1.020923622845529
29 29 1 17 119886 1.0856248999152833
13 20 3 15 44418 0.9183003487757962
12 16 9 9 37966 1.0158673356449257
22 8 22 26 58187 1.0673409126955358
3 10 22 25 83789 0.961792013678701
18 4 9 23 86699 0.94053372089856
25 19 19 3 51617 1.061536095190373
2 8 19 29 89715 1.0852721007303787
16 8 18 21 49594 0.9551213691697158
6 28 18 7 95533 0.9253315693540511
21 25 7 14 76798 1.0983681817283562
15 19 22 29 59088 1.062699783270346
21 10 20 24 36514 1.0178373859979732
10 19 10 8 46386 1.0257527349914066
9 26 21 25 58526 1.0461472365612285
7 25 28 29 98513 1.0548097031493096
2 19 18 19 78878 0.9368819170681563
10 10 29 12 49640 0.9743728653686126
18 28 5 9 83704 0.9717431486415989
15 5 19 26 64068 0.979325793068679
25 24 17 11 50106 1.035428233985443
26 12 8 14 54806 0.9180510890938083
15 21 3 21 63990 0.9799367139342268
4 7 15 9 46355 0.9582072919834452
0 23 20 18 92917 0.9226437895625106
15 11 29 9 53690 1.008724947476613
9 14 5 2 46847 1.077501366915916
18 0 16 19 68793 0.9454626018617525
4 2 12 27 82420 1.0216636329153492
8 1 15 9 45387 0.9218264001566746
17 17 27 11 43965 0.9532769597141639
3 3 19 24 87387 1.0678909027844181
11 18 18 0 71195 0.9606714732623565
8 4 18 5 33912 1.0255607826770627
17 22 3 24 60814 1.0666368977462297
21 8 24 0 28025 1.0722260271018373
20 16 26 4 41160 0.9521293536963865
18 26 13 3 77851 1.0852913503576451
9 0 4 11 44151 1.0782212936828106
26 29 0 4 117445 0.9424352452587854
27 17 13 7 60027 1.083018133831679
14 13 25 13 31790 1.0245583326570251
4 20 8 2 61451 1.0436171505184435
8 19 15 10 59338 0.9757379914682904
19 23 14 0 76834 1.0814645827220053
22 9 6 11 47615 0.953333274348747
1 3 8 13 47425 1.0935799819197851
26 2 17 9 48621 0.9806162136353499
21 16 5 2 72566 0.9395577244197547
0 17 14 25 76601 0.9493707953298068
29 13 5 10 60925 0.9096956130597449
14 20 17 28 48720 1.033830341342616
0 5 2 21 62302 1.0348163171815488
29 0 1 0 97934 1.026446710137701
5 7 2 29 61253 0.9075605886975279
1 9 25 0 87929 1.0724096495117983
7 2 27 27 118408 1.020008768305889
15 3 7 26 98391 1.0301824149919403
3 14 7 27 49445 0.917701942271121
16 25 29 8 86552 1.0188150326236884
23 11 1 12 47622 1.0288149165203262
3 14 10 24 52148 0.9330015918670902
28 17 2 1 102152 0.9351574604331929
11 4 28 23 96839 1.078488247080297
28 22 8 0 114791 0.9469118302788008
19 18 3 17 61233 0.9654841748018788
22 1 15 23 83255 0.9514672584499217
20 2 2 21 88591 1.0513587237535753
29 19 18 16 57810 1.0488868078664642
6 9 6 25 52951 1.031313478130001
2 10 15 21 64137 0.9944199687065485
24 24 12 25 53253 0.9405426214328144
5 15 7 27 44551 1.082145780646367
13 3 0 7 51912 0.9542852045409658
15 20 13 8 44827 0.9982832738093307
27 12 14 18 48090 1.064880028754469
1 21 8 25 43953 0.963326930030268
16 18 6 16 46019 0.9899644653558067
5 16 6 28 41399 1.0122984275059734
0 18 24 0 100251 0.9100197372047371
7 22 4 12 35365 0.9153236423195719
29 29 24 14 54366 0.9915978781949978
8 20 25 17 84928 0.9654042492784344
3 2 25 23 100212 0.9633524436177182
9 12 15 16 28406 0.9548778372742012
2 17 20 29 93113 0.9545996681630401
11 1 21 1 29621 0.9215809819876323
12 8 3 0 50442 0.9053617524958084
28 12 9 8 55715 0.9168467785842536
0 27 27 4 118402 0.9458342925155818
16 3 20 17 46854 1.0404064778642579
26 26 0 13 95172 0.9391405412318594
3 10 15 3 54114 0.9630126458574114
5 25 27 11 86856 1.0443111879129114
11 27 2 26 42604 0.9112442542571746
6 1 4 14 37835 1.015477003797816
13 17 4 22 49843 0.9477650409840338
2 13 10 3 52675 0.9491185874752799
25 5 2 4 66820 1.087149092850474
20 26 26 22 35754 1.0547053912844806
4 27 18 3 91499 0.9764755884650467
29 14 20 1 57936 0.946674653890802
24 21 10 29 77304 1.039682289443844
27 4 24 18 43334 1.0310566259692049
20 6 0 29 101583 1.0225158245828794
16 4 1 4 48337 1.0068819357790963
7 21 20 4 88216 1.082152628373026
16 16 20 5 40968 1.0090344350144225
11 2 1 15 60893 0.964873027746821
6 20 14 25 53145 0.9128278732465726
5 22 13 7 57212 0.9228939091027383
0 19 11 19 61116 0.9418645914173848
8 3 26 10 72977 1.0405273298998317
10 26 14 7 71613 1.0633054698063962
11 14 15 20 37862 1.048273133969233
21 28 7 5 92094 0.9772209567304992
23 12 3 10 49341 1.0592868629517154
17 13 9 16 40731 1.032980582844468
3 3 12 17 57273 0.9611750283756242
12 6 13 27 59705 1.009351636160904
17 27 5 17 77769 0.9267067860791272
0 14 27 18 87730 1.0364931516425933
4 10 20 13 40026 0.9725317966463676
21 22 14 6 65573 1.078424921684068
4 10 25 23 74153 1.0377743145661342
3 9 17 15 46152 1.044027198894691
6 7 12 0 46052 0.9243090241814887
8 13 24 0 70549 0.9279426407588386
24 8 21 26 54864 0.9795145468174108
24 0 6 10 74057 1.0094996693651785
23 8 24 17 27754 1.0399890680605313
11 7 14 15 31907 1.0363264753928063
4 22 6 0 59166 1.0858473262109072
15 1 23 4 31250 0.9427746108576807
11 1 26 19 82752 0.9742493064470963
25 20 23 6 37233 1.0417716473661343
3 5 25 4 62795 1.0684833584085902
6 25 27 8 99624 1.0935055401020644
15 21 29 23 77174 0.9678719273833829
1 16 1 28 49854 1.0360210117742323
23 28 24 11 48991 1.0906267804611942
14 9 6 12 26675 1.0716288893178185
8 16 20 20 57983 1.0109262963906376
4 17 14 17 42718 1.0031390530095428
15 26 16 16 57372 1.0081019156643543
21 16 16 9 36369 1.0561103583420974
22 3 27 9 32692 0.969922311289913
27 16 20 2 52210 0.9217810303522739
16 7 3 3 53686 1.0850015369774748
24 27 10 8 83557 1.0689504667531615
4 13 17 26 78195 1.0268980913912982
13 16 12 5 29889 1.0774117768870102
22 1 24 23 61917 1.082045316259042
5 19 15 0 74281 1.0876892496619268
27 5 2 25 104928 0.9257277578706821
22 27 7 19 88204 0.9996356009967214
26 0 19 27 81793 1.0410677511221325
13 19 22 21 50867 1.0879420085111007
23 23 28 8 54913 1.0598489065640706
10 23 8 5 74537 0.9438965800278926
14 12 13 25 34483 1.026033249769241
28 7 26 19 49449 1.0674534852633801
27 28 14 10 83984 0.9196573718923027
25 8 2 6 72991 0.9562901109636386
1 21 6 29 42153 0.9783758471928569
12 14 21 12 29997 0.9372975994680735
8 5 0 24 72842 0.972175990518684
20 16 2 25 81458 1.013547787515244
11 7 16 15 36768 0.909266131962595
27 27 18 14 59241 1.080844339457115
22 1 8 8 59578 1.0448488869833001
25 20 21 29 34469 1.041062260781831
6 2 29 16 100752 1.0211368913075012
25 27 28 8 53170 0.9633183147325585
0 15 0 29 57505 1.0410483994850386
28 29 9 12 86000 1.025481610954306
12 27 5 8 68532 1.0485187766512953
14 10 28 1 69292 0.981632894581902
29 3 13 0 57828 1.0344393723226266
9 28 18 22 53134 1.0269724992667524
25 12 1 27 89768 0.9896299584708427
28 6 25 19 48533 1.0070760226328705
3 3 24 23 98990 1.0972099540839597
21 0 2 23 97927 0.9949576268053733
15 28 13 10 57631 0.9778398414028869
24 15 23 25 30474 1.037925924611504
2 28 23 21 103394 1.0088952861297902
1 23 12 19 63606 0.9028542421787773
17 2 5 7 54127 1.049010221356348
16 26 4 20 69637 0.9444230490426844
2 22 25 1 97113 0.9358831273653871
3 29 24 26 91909 0.980462333642877
3 12 15 7 43709 0.9587792609850961
9 0 29 6 78274 0.9279527949943004
2 24 11 15 51334 1.0785204297336777
20 10 15 1 36004 0.908899396851731
29 24 20 11 56334 0.9122070150875743
29 6 18 1 45788 1.0442140210480688
20 2 26 13 42303 1.0350543815464213
25 28 12 24 60601 0.9639737089889511
23 15 23 26 29737 0.9784429699375703
9 14 21 6 54534 0.9347196699719091
12 19 9 9 47208 1.087635542279543
14 9 17 17 41852 0.9362364841814387
16 26 27 28 56801 1.0021733215580089
13 26 2 15 62109 1.0055584799101875
24 16 11 22 64268 1.0371575652004927
25 11 1 1 82677 1.0612648101923257
12 9 4 18 39794 1.0746894970310985
21 25 9 11 65714 1.0248147966587926
23 8 17 24 56927 1.0991202049751914
5 1 27 10 87608 1.0141171896050905
3 23 16 13 62215 1.0661256880957268
13 7 0 7 52973 1.0297086163356264
14 10 8 17 44746 0.9142240205037525
29 17 13 12 55284 1.097648069297348
20 6 27 23 62184 1.0458695011222754
22 0 12 19 74039 0.9892504007516385
14 10 9 5 29835 1.0618351080350734
12 24 4 18 45426 0.9224886145877269
29 22 6 18 105673 1.0239939117173718
23 16 14 3 58517 1.0080509743063788
25 19 2 2 94071 0.9858635517025578
11 21 28 22 79194 0.9649426189731336
18 9 5 24 71539 1.0109486830740881
12 21 8 29 43686 0.9799212628227801
29 10 17 10 50825 0.9072934587405986
26 26 8 8 92470 1.0672954659934368
25 22 22 29 25892 0.97131518555564
7 27 27 1 117512 0.9184769508501401
8 15 27 1 79980 1.0581593672809415
17 16 13 7 37597 0.9459307225638102
16 9 26 7 47393 0.9539030416110476
11 3 0 17 69734 0.9205414019603563
0 3 19 29 110460 1.003050648618683
2 24 28 21 119819 0.9303226134691784
13 10 22 2 50303 0.9517144557088241
18 0 7 10 68983 0.9816355220949787
27 9 20 18 41346 0.9689282041808795
14 20 1 8 64501 0.964108916064853
20 2 27 17 53561 1.091072490491976
5 26 26 10 89738 0.9670800930579624
2 0 18 19 92571 0.9352840643681181
29 0 1 16 105449 1.0867002637558079
24 9 12 29 79648 1.0157323822124227
21 11 9 8 44626 0.9689737994176392
10 1 26 19 85496 1.005027883781581
22 6 13 28 80844 0.9447137096609592
2 4 7 14 45206 1.0799940181952477
3 16 22 9 62458 1.0983785961795884
17 9 7 23 84271 1.0714272907237494
5 5 28 2 78068 0.9370697804163071
23 25 22 0 68482 1.0932263456186462
12 8 17 14 35563 1.0631567949033602
8 2 21 17 80201 0.9912234343754126
25 2 5 7 67015 0.9519759664250971
9 28 5 21 42275 1.0398548111067276
10 1 0 2 39264 1.096920953351499
18 15 23 21 31820 0.9881020738271991
19 20 3 2 82201 0.9599227144168572
19 5 19 29 61813 1.0124430311969894
11 22 22 14 60535 1.0401619461565283
25 6 23 24 50000 1.001717896354135
19 11 10 21 57857 0.9884158307048296
3 1 2 25 70535 1.088373769695007
29 3 27 11 43073 1.0016428156914643
23 17 13 16 35831 0.9932822742217791
6 11 22 3 62844 1.076403879774784
7 10 2 15 27607 1.0458211289723691
12 13 20 5 42360 1.0106007245352353
12 10 27 23 74570 1.02658683895765
24 0 5 13 69998 0.9334555312034493
17 26 24 14 60795 0.914509673274457
3 11 17 15 41408 0.9841169876427672
10 17 7 3 63784 0.9184830093717168
25 8 26 20 35394 1.062133332822602
12 23 15 3 66793 1.0499798377145568
28 12 7 9 61924 0.9883444798068637
4 5 28 7 81190 0.964289244837952
2 0 1 11 46190 1.0941581230000963
13 12 7 26 66589 1.0362459280081509
28 1 6 12 72991 0.9634350271783443
16 11 5 2 57205 1.0330313784926748
19 4 21 16 34853 0.909878708546991
19 24 13 17 43367 0.9380800288105162
18 8 8 18 66535 0.926538717534564
27 14 3 2 93370 0.9187799387431081
27 26 9 7 101097 1.0956805658266302
23 17 25 7 28132 1.0828625203258486
20 11 29 9 39622 1.040772714827531
26 28 7 2 119223 1.0591455300175159
4 20 19 8 59141 0.9764325477205142
1 9 23 21 82625 1.0693565469954716
26 5 12 25 84124 0.9497857764906961
11 14 29 24 80104 0.9192839812757146
0 16 3 2 55300 0.9100985926860111
0 17 21 8 72313 0.9100637399918576
19 15 21 24 30639 0.9257814924181139
8 24 2 10 53522 0.9110657075149442
0 22 5 12 40906 1.0485736504725656
3 5 25 27 96047 1.0637956190014457
8 8 25 9 62054 1.0010872639678075
26 29 5 23 98543 1.023301267868278
29 10 12 13 57887 0.9684524907608011
21 18 24 6 40321 0.9712996379927599
23 26 20 17 35465 0.9380866364427425
3 25 10 22 39055 1.0771075740483471
24 13 8 23 83306 0.9983372948028126
11 12 23 1 52497 0.9112549565944347
11 13 5 0 45959 0.9277957303956346
12 9 3 17 42270 1.0568261715715477
15 6 6 8 43599 1.0493692001657489
25 8 19 1 30849 1.0876777213985989
29 20 17 9 75810 0.9834757840839594
2 25 22 25 88491 0.993810105354359
10 26 28 1 111664 1.0899380654891542
0 7 28 8 93912 1.064907142563111
10 21 16 17 41325 0.9120426319352842
15 6 2 10 57958 1.0656994908721977
19 12 26 20 38287 1.0582947986943703
6 22 21 25 71255 0.9930897844263572
25 15 17 7 41039 0.9923578001215092
26 24 0 24 106898 1.0489212624374313
29 12 20 13 19750 0.9862443983460467
14 9 20 19 45123 1.032110526488131
3 10 20 14 47544 0.9058899654078499
26 25 16 0 88226 1.0625705964491643
2 29 4 4 65173 1.0339454293711492
27 16 7 16 72940 1.0192608586086545
25 17 14 5 54440 1.018575793843349
18 12 24 27 51243 0.9551885435157235
10 28 14 10 64957 0.9304040919127572
23 10 22 20 34267 0.9665272427048374
28 16 14 2 81422 1.0247448650431403
23 6 0 23 98357 1.0076277879138773
4 1 25 15 75566 1.0645800678691835
8 19 15 15 43560 1.028738782207527
28 5 25 17 35595 0.9490371435304115
18 21 5 3 83795 1.0788641355681268
26 19 2 1 99362 0.936446120292159
8 21 25 24 85871 0.9570893233651124
22 10 17 16 34971 0.9167307681860861
0 11 28 12 62694 1.0504213781466123
27 8 26 24 48361 1.0211149294442627
22 18 26 28 39838 1.0035624429757573
25 22 9 1 89596 1.0781797738185623
23 5 12 29 84225 1.0746724829061645
18 7 3 7 58767 0.9812220661961919
0 23 29 29 133853 1.049547107579916
27 18 6 16 78881 1.071268849086036
14 19 0 6 74623 1.0219063295267259
12 9 7 3 40375 0.9910407374014807
26 29 19 10 59918 1.0772511752836427
29 15 9 21 88372 1.0640895369716081
27 11 29 3 43073 0.9313078072542479
29 3 19 23 77727 0.994411580284238
27 26 18 17 64152 1.0578777942802
19 7 11 3 32834 1.072331640982526
5 4 12 25 76941 0.9940113877559987
28 0 5 25 116828 0.9557209700000956
4 13 13 21 42109 1.0499330743621602
16 27 20 16 42442 0.9135215217376651
6 19 29 7 99272 0.9734392740626115
13 11 28 13 41375 0.9889872940367472
29 24 21 27 37193 1.0779220964482663
7 28 2 3 83672 1.0075983704794087
11 7 5 29 71410 1.0811819828688856
7 26 19 26 56943 0.9484464158994875
26 29 5 7 96183 1.059577516353205
1 11 24 1 77399 1.0304011754457645
1 21 14 14 67107 0.9603367228604324
16 6 0 2 64771 1.0345277843558347
12 17 21 28 64569 1.0457349903307738
28 26 26 14 53869 1.0073723872354545
12 23 20 16 52037 1.0673808921625216
8 14 24 19 67603 0.9601547587155806
8 29 2 15 53057 1.0299920327419851
5 5 0 12 28119 1.0836636190443238
12 12 0 13 28738 0.974383718155288
28 7 10 1 74660 1.0387256137426633
22 22 28 10 55794 0.9003576759954302
23 22 6 11 65674 0.9432623555059443
15 7 19 1 34011 1.0064823240574845
19 6 29 26 84032 0.9836927465038892
26 23 9 28 81164 1.0287104342078726
22 6 28 19 58403 1.0810954374867947
29 4 7 17 94804 0.9288143717244177
20 7 11 27 73376 1.0460933128120324
26 1 7 11 72063 1.0246934767273297
15 25 2 4 87424 1.0389009800533386
1 12 6 7 26660 1.0076023091106288
10 4 10 24 74416 0.9337667518054972
24 17 0 2 99813 0.9577211507472317
21 16 18 6 36713 1.0669204068795946
3 9 6 20 42297 1.0880802166504158
28 7 15 16 64622 1.0130506261703298
22 22 11 13 54515 0.9660130997286979
22 13 29 24 54784 1.025722986547171
15 5 7 9 40344 1.0273145246147308
24 24 18 5 63819 0.9275930388595441
28 27 20 2 78020 0.9815600236434348
19 13 29 19 53173 0.9573236744599711
0 28 22 24 100567 1.073211962095744
16 20 8 11 59783 0.9127540744040342
21 15 28 28 56189 0.9258005281851214
6 8 23 8 59729 0.9423789007385401
16 20 4 6 74284 1.03257743535493
6 17 12 2 66097 1.065887466873913
22 4 12 26 83076 1.0435425234561615
2 4 15 14 59403 1.049165085679748
28 26 4 25 107681 0.9007740516766907
20 4 3 4 51876 1.0174402334613124
20 0 18 29 75692 1.0661976840642422
23 21 13 27 54396 1.0753272485876777
28 28 8 20 114892 0.9182786954138268
0 29 29 8 121821 0.9065483605369521
18 17 5 17 51819 1.072308674410271
24 22 0 6 103919 0.994494460030606
8 3 17 22 82696 0.9435176822259004
16 15 29 13 43156 0.9727405782074087
25 17 15 15 34632 0.9784704796175223
19 26 4 13 67907 0.9436077893452719
23 12 18 0 41378 1.0900860507148447
12 28 8 13 64672 1.0016628594025043
13 25 10 0 74319 0.9094686631959814
1 1 26 19 102488 0.9459596867910676
2 19 3 4 50329 1.033544703616224
15 14 7 26 73405 1.0011825211791279
22 7 5 27 93064 0.9575140647428982
3 9 17 19 66620 1.0694635230890197
2 12 8 22 43418 0.9131189447896059
2 3 10 29 94366 1.0882268582528154
7 20 3 1 68849 1.0511949917053236
1 3 10 19 74829 1.0557430098020302
11 29 20 25 45251 0.9205772005644496
20 13 7 17 54121 1.0299246589105644
16 24 5 12 56742 1.0970362530654556
14 8 15 25 57952 1.058111799940553
6 10 26 19 70004 0.9835308155635719
3 13 7 25 48732 1.054509385707598
2 16 29 4 90495 1.0651185800605139
15 8 24 16 48544 1.0203225808817538
26 24 1 29 110038 0.9764415697100111
19 12 5 6 45763 1.0152695139217394
2 29 19 27 72981 0.9527064523909411
9 1 24 25 101252 1.0157505856783529
6 23 21 14 73559 0.9454177317632348
27 25 29 14 52380 0.923001212253869
0 21 11 16 63814 1.0146316082321865
22 26 27 17 46060 0.9672740478441199
22 5 5 13 55378 1.0143220970404045
19 20 6 2 82071 0.9389367527764151
0 2 16 17 84513 0.9219891663894871
9 0 3 11 47687 1.0710167990908406
13 6 4 15 39541 1.064188336703038
18 5 20 17 33051 0.9070921899268796
26 7 17 21 67517 0.9965530455689101
25 2 16 27 83659 0.9696645947936459
28 11 4 27 89944 1.0954913682149248
15 1 16 27 84591 1.0349052840134436
27 29 4 15 95911 0.9729217339685114
15 11 7 16 40882 1.0601876765883087
28 23 3 26 114952 0.9240605914364014
2 14 14 2 63774 0.9000141279785024
2 6 9 28 84231 0.9691344118852091
6 18 21 12 54849 0.9798187541397817
7 8 29 18 90897 1.09596261466586
26 0 7 29 125687 1.0916229751087603
7 23 16 21 52130 1.0067057510759094
14 19 1 24 67054 0.9967527994766177
10 29 23 23 65810 1.0609964061153616
4 29 12 17 61219 1.03268196953006
4 5 26 18 79417 0.973369315433908
4 22 8 12 28817 0.9416369284000196
4 24 19 21 68087 1.0507240293938902
17 12 6 8 37620 0.942535575769398
8 29 28 4 118854 1.0880553986787493
13 12 2 4 43246 0.9684063975472211
4 16 21 15 51211 0.9507386906651056
15 6 6 26 89583 0.9351367552911756
27 23 1 14 95073 0.9311046132006771
8 4 23 16 70162 0.9072868314898046
21 26 9 7 83595 0.97928327301907
18 25 15 8 64129 0.987343508637826
18 9 3 18 59576 1.0288915074048097
12 21 27 13 67471 1.0289814581837828
10 24 7 14 53851 0.9396783849626758
8 7 15 1 43784 0.9601082983038519
28 14 20 5 45742 0.9226900039620033
0 20 21 14 80618 1.0614125497822673
3 23 5 11 36189 0.9279274837082229
19 21 11 29 51686 0.9188036213907601
24 17 5 2 83910 0.901229265902707
24 29 26 14 43552 1.0866455051333455
14 24 5 10 54776 1.078386035991168
7 8 23 8 57072 1.0942726674420817
0 11 8 20 59745 0.9881466887797759
16 1 5 27 90760 1.055679029923293
27 23 22 17 38732 1.0317136674250063
20 25 9 9 71480 0.9198406958393065
21 12 10 1 54779 0.9529873772738944
16 16 3 10 49433 1.0606225504577929
9 17 0 27 59437 1.03290287905515
20 14 21 26 35244 1.0475274150449565
29 18 11 17 75579 0.9604947776037773
18 13 16 0 51260 1.0237989082130514
9 8 13 28 64332 0.9104145629893623
5 23 13 18 49763 1.0546033391622296
13 22 21 25 40819 1.0926252460281407
5 8 11 0 42374 0.9649758219265698
14 24 22 19 48665 1.0073245337410366
24 20 24 10 33564 1.01358450873515
24 7 17 23 65687 1.0476871817270246
16 23 16 12 49925 0.9366712472632857
16 17 7 7 61712 0.9327534344286362
2 14 4 1 40609 1.020207733057965
28 24 20 9 57729 0.9787649641139926
19 1 10 29 97693 0.9273068128733832
19 9 21 24 43162 1.037685211298054
29 21 27 8 64425 1.0544875705331453
11 1 6 7 37277 1.0458340866350724
18 4 0 24 97965 1.050441550690344
7 28 12 4 91014 1.089636301417446
24 5 15 4 29487 1.015357310699707
25 1 2 13 75857 0.90731712821082
16 13 28 20 68162 0.9332556286329851
7 29 25 4 112005 0.9497586010792548
0 26 10 28 51392 0.9600289416730398
3 23 10 20 46168 1.0540878766575819
12 26 10 4 73607 1.0601465959356533
4 12 17 0 62458 1.0756283798237471
29 3 24 15 45153 1.0514797305712251
27 21 13 2 85978 1.0728498390493129
27 1 27 17 50103 1.0211740210027962
16 6 28 20 85502 1.0652808307006907
16 18 9 11 41739 1.0671700639470991
7 27 21 18 77389 0.9397893503376359
6 9 25 5 66960 0.9161999971779432
0 9 13 12 41080 1.0180118896931991
10 11 20 8 37170 0.9361734190995192
16 12 7 15 32151 1.0784832948124445
21 12 5 6 49659 0.939454247498844
10 29 23 11 79035 1.0380428504866313
19 0 25 18 55375 1.0740108450562564
3 21 26 8 83507 1.0158812771577532
1 22 14 22 56797 0.966628030846845
9 23 15 17 45539 0.9166107673492144
0 28 27 0 134489 1.0686138229670104
29 10 4 18 77903 0.9485889555273399
13 8 5 10 30658 0.9649502480818479
14 8 12 26 56185 1.0149116916131755
2 9 27 1 88975 0.9276885301288101
12 21 28 6 88243 1.0241278086789782
26 0 6 3 72802 1.063977531650585
28 3 27 18 55881 1.0733401234894762
29 18 19 22 53976 1.042810463265762
18 29 2 5 100112 1.0375041049727332
0 29 14 18 83543 1.099526661740297
11 11 7 26 64244 1.01572029065911
7 11 15 5 39809 1.0245187848748594
12 10 5 6 38953 0.946216568864523
1 27 3 14 48375 1.0166312773880748
9 22 24 22 67162 1.0390843973324193
18 6 4 9 52494 0.9133200434779818
23 24 29 18 40818 0.9509098341884327
11 12 21 18 38092 0.9010268051207597
17 22 27 20 56047 1.0879459496279673
23 10 13 11 29364 0.9526599726277358
1 21 15 7 79761 0.9981282904019141
25 17 19 28 46477 1.0488165109074785
11 4 4 9 31790 1.0386935355545923
19 16 2 26 84211 1.0965915565254
16 27 2 20 75756 0.905832922114329
2 4 18 17 71880 0.9922184365929284
15 28 26 14 79782 1.010269142577767
17 21 26 17 53846 0.9539231271998004
15 25 0 22 69641 0.953684229641385
19 25 25 21 34185 0.9413687213932015
18 28 19 5 65315 1.0768623248921547
18 12 26 1 42014 0.9472243703551225
17 25 9 3 90715 1.0637643286653937
28 11 10 6 70325 1.0940977987155684
20 12 0 11 46806 1.011605442403443
4 18 27 17 76546 1.0091692203265987
4 23 12 27 41366 0.9333630385968296
13 10 15 23 45094 1.057402201527842
18 6 12 11 36590 1.0746662264931923
13 1 12 16 43873 0.9205643183111125
22 10 9 13 44645 0.9509186933750753
21 0 28 17 62102 1.0113792429983202
2 3 22 4 65220 1.0881647907220318
21 13 11 8 38249 1.0329729155337999
3 7 27 1 83654 0.9919905709550924
23 9 9 17 57966 0.9023118659780703
21 7 1 1 71394 0.9832519970130242
8 12 16 22 47563 0.9136698395084083
4 16 20 5 58837 0.9079743126727947
3 19 19 29 88432 0.9665440362926296
13 23 29 17 80179 1.0783018616633067
22 27 16 3 78625 0.9934474755153869
20 13 29 0 56157 0.9097951675460767
11 11 6 16 27231 0.9021398257237655
24 10 10 20 67925 1.0619936347904062
13 21 25 12 49126 1.0816773008633336
5 17 0 3 51761 1.0950590983932473
14 19 3 24 59224 1.0005463171936788
29 19 20 5 65497 0.9881287526479882
11 0 28 18 92404 0.9784143250914519
29 6 19 22 72619 0.9399171026489574
4 22 29 21 112504 0.9372635184560333
14 28 13 17 34964 0.909142696887458
4 21 3 0 54124 0.9871964109249742
6 14 13 25 52391 1.0287792356846315
27 10 21 28 65856 0.9148316798350317
2 0 7 8 39605 0.975841439064141
14 21 20 25 39184 0.9572956313255889
24 3 5 16 72723 0.9642397681427145
16 15 13 23 30215 0.9103107584227275
28 25 29 12 50605 0.9193417809384794
6 12 25 7 51946 0.9801918622035024
14 15 9 28 54910 0.9375150928739328
3 3 23 4 61306 0.9025078806230744
26 27 12 24 61809 0.9887689694653626
22 26 0 2 121678 0.9039453651468418
15 16 21 29 58891 1.049385081075051
24 16 0 27 103545 1.0616251120023226
14 16 23 11 37385 0.9251291793220623
6 0 15 25 97893 1.003350924875721
17 2 12 7 39424 1.0538819852937475
0 10 2 23 54324 0.9368626282891701
5 26 15 5 77307 0.9277699187699893
4 25 25 21 92499 1.0441363631179623
18 4 12 0 32601 0.986416417643485
0 11 14 26 72957 0.9329151880618451
0 5 4 19 44415 0.9638499812948753
28 0 27 16 58841 0.9098519413598575
10 18 2 10 47892 0.9312621667128229
18 14 18 3 38344 0.9836412055939745
3 22 6 8 42386 0.9673318629457494
9 5 28 0 68622 0.9729324405768507
15 19 14 28 40000 1.0308401900178221
22 25 9 1 96855 1.037241639982565
29 29 21 25 43251 1.0829795821414627
4 6 12 4 27331 0.9431217633765819
17 18 6 1 80997 1.0526107217117477
10 22 5 1 77946 0.9706648966301497
9 13 8 27 65609 1.0414386475010307
4 25 8 11 41946 1.09324463254894
22 8 1 19 80000 1.0021698943945203
15 7 8 19 68595 1.096559495534377
10 5 11 25 69039 0.9228410040539886
26 14 0 19 91789 0.9090214438595144
23 18 18 13 29235 1.0668580316426823
28 9 18 24 68555 0.9753203456434778
26 12 22 19 29194 1.0996154643380927
23 25 4 7 85931 0.9240991073157704
1 23 29 24 117279 0.9295106276014565
15 27 0 20 83020 0.9360130073794597
29 29 20 28 40571 1.0947455632787737
17 27 0 18 91133 0.9057380201678282
15 12 29 5 49427 0.9571711946099781
7 3 23 2 60623 0.9283053905112261
13 20 1 9 56202 0.9456872821728435
29 8 16 19 70548 1.003139095257453
19 4 25 22 55451 0.9295850667035099
20 10 11 11 28512 0.9109950183594936
2 18 12 9 49279 0.9264687742461143
19 29 29 25 52137 0.9476001284885864
28 27 18 19 61200 0.9873256096355344
2 21 21 17 80191 0.9078196249397584
1 1 2 20 67689 0.9180127812249247
4 11 11 7 32168 0.9059683899184746
0 15 4 29 40820 1.060409920308456
24 8 0 15 69162 0.9929542538958536
29 20 16 27 76915 1.0913000161685384
22 5 14 8 33465 0.9462131195722361
9 2 21 15 69130 0.9979798179044567
29 14 24 9 34179 1.0781437449139915
24 13 2 10 55944 0.9304285573151801
23 18 27 3 46180 1.043508046635489
28 22 29 6 70471 1.0760171050876006
2 20 0 12 35841 1.094424075811775
1 11 23 16 59268 1.0826112663423912
7 14 14 29 65560 1.0352882892403188
10 19 24 14 63532 1.0388336308178427
2 3 10 13 44306 0.9139159901194892
21 22 14 17 42807 1.080923947057895
10 4 18 19 67620 0.9206386398433118
29 26 13 17 89353 1.044166667317417
13 28 8 5 71498 1.0538139857503568
27 7 13 14 55368 0.9318240658069169
8 4 14 19 61658 1.0546446332916277
1 14 10 13 28710 0.9575630597590908
24 2 8 23 105631 1.0834183104650734
14 0 13 12 36056 1.0702033196609886
16 17 24 27 57112 1.0481834128037872
22 8 28 22 54338 0.9107505860250589
0 25 29 18 124614 0.9002265985289891
23 6 8 2 60543 1.0448971812685235
3 27 4 2 61612 1.0541109270662459
1 12 10 7 40915 0.9855855603350772
27 29 2 8 105087 0.9799874988287727
22 11 22 27 49701 0.9913664024183784
4 6 25 5 59417 0.9666994956134278
26 10 24 23 40598 1.0884466188172717
29 4 13 16 66704 0.926857832859257
23 18 26 8 32225 0.9608667871829648
23 20 1 27 106616 0.9203383487249464
16 25 22 6 76443 1.0967265844364609
28 5 10 7 59812 1.0522928915557763
22 7 14 9 41257 0.9165248417472028
15 22 28 23 64571 0.9021896363174847
19 28 5 9 77551 1.0788875679679275
25 29 15 18 65781 0.9497865985045336
15 17 23 2 62121 1.0108817203690688
27 4 18 21 66508 0.9219968748592229
5 9 9 27 65457 0.9110567987490482
1 14 0 2 54133 0.9674685934263171
14 28 25 8 83131 1.0568469491805996
10 8 21 2 48098 1.0772525343792196
20 3 9 8 45645 0.985044905276943
23 28 6 29 72215 1.0095961073427213
21 1 23 10 26993 0.910271582827814
7 13 4 27 45644 1.0878110928183693
7 9 3 19 40045 0.9446966403378172
5 22 3 1 57111 1.057803198278024
0 19 20 14 73839 1.0427019955814556
13 8 10 25 57359 1.0219568050032293
29 14 14 0 81860 1.0090591090476935
22 27 25 7 56162 0.9844377933127879
24 23 2 19 100250 0.9834048982352549
14 19 0 21 76024 1.0470942022076917
20 29 22 14 46649 0.9611888322583241
6 26 22 15 87301 0.960966440715065
10 3 2 7 39983 0.9794655571264259
17 22 18 6 58977 1.0676334103089398
8 26 16 21 57673 1.0919804702890326
17 12 5 12 24002 0.9109417202589791
29 11 10 17 64759 1.0583657933209503
19 20 14 9 46326 0.9049722777967707
7 15 18 4 62748 0.9325498627539668
16 2 26 5 44085 0.9689804780669805
13 12 25 6 40468 1.0189262535225807
