8256 6784 7356 8504 7785 8041 7931 6946 7856 8074 8592 7793 8342 8457 7441 7871 6843 7997 7074 7723 8080 6863 8148 6727 7988 7009 6985 7494 7165
1764 2671 1577 3295 1698 2944 2318 1763 1718 2357 2666 3041 2655 2163 2043 1657 2128 3263 2157 2497 3081 2387 1959 2083 2439 1567 2002 2849 3220
5891 6677 6432 5169 6385 5190 6129 5234 5656 6156 6089 6809 5864 6390 5576 6560 5703 6232 6050 5574 5531 5119 5177 5925 4996 6558 6641 6123 5682
5984 6410 7564 7513 6337 7876 6872 6285 5981 7516 6664 6463 7439 6692 6768 7359 6814 7818 6707 5930 6988 6642 6362 7216 5976 7322 6806 7614 6457
2031 2135 2538 2479 3204 2842 2464 1589 3478 2139 1681 2673 1668 2534 3315 3232 2347 3110 2721 3286 2458 3368 2898 3498 1783 2850 1536 1716 1710
7128 7123 8049 7749 7601 7306 6480 6620 7922 7801 7464 7960 7228 6967 7016 7003 7164 7325 7970 7588 6764 7103 6228 6889 7463 7312 6297 7243 6648
1913 1667 1124 2494 1678 2500 2286 2492 2113 1719 2392 2240 2842 2920 2511 1757 1115 2605 2861 2074 2711 1944 2862 2659 2623 2382 2681 1763 2454
4371 4566 4945 4012 4415 4618 5573 4334 4891 4647 4247 4500 4134 5555 4346 4660 5244 4859 4884 4749 4546 5328 4429 5367 5903 4542 5300 5075 4889
4309 4300 4967 5882 4849 4640 4635 4933 4223 5617 5858 4017 5344 4712 5889 4858 5140 4031 5159 3991 4055 5751 5859 4024 5442 4959 5764 5529 4358
7833 6802 7280 6119 6720 6889 6813 6732 7382 6082 5847 6358 6347 7811 6383 7433 7803 7792 6563 7806 7152 7683 7101 6219 6783 7286 6715 6094 7304
6664 7212 7266 6391 7259 6739 6937 6511 7875 6846 6649 6563 7647 6636 7333 6663 7880 7393 7434 7321 6559 7296 6815 6626 6752 6687 6995 7911 7580
5376 6624 5149 4952 5904 4992 6546 5470 6518 6384 6812 5100 5036 6468 5991 5659 5796 5249 5633 5850 4992 6243 5060 5110 5079 6354 4957 5869 5791
6732 6881 6986 6364 5621 5875 6524 7130 5697 6299 6443 7263 7246 7294 5419 7328 5747 6918 7172 7352 5611 7086 5451 5981 6244 5422 6946 6420 5816
2540 2543 2946 3227 3352 3363 3751 4401 4005 4168 4206 3043 3384 2675 3166 4028 2818 2643 3320 3399 2504 2930 4242 4435 4291 3316 4101 3897 3390
6789 6817 6570 6150 7382 6781 7047 6779 7706 6640 6821 6617 6993 6936 6831 8024 6329 6225 6899 6717 7267 7990 7871 7664 6465 6560 6529 6891 7679
5280 5177 5328 4151 3925 4058 3878 4232 4814 3911 5411 5534 4833 4815 5400 4568 5314 4940 5139 3697 4949 4923 4745 3786 4092 4805 5262 5264 3634
5462 6185 7247 5578 5869 6659 6944 7163 7237 5761 5796 5665 5882 6426 5837 5260 5454 5389 5776 6797 5949 5651 6251 6922 6996 6996 5782 5514 5807
7057 6483 6497 6618 8200 7067 6996 8306 7167 7890 6820 8388 8417 8055 7159 7990 7204 7298 6911 7405 8037 7724 7814 8375 6918 7146 8399 7179 8387
3666 3095 3039 4471 3933 3675 3239 3417 3488 3844 3414 3903 4013 4808 4829 3275 3705 4002 2929 3137 4866 4227 3972 3328 4517 2995 3870 3919 3478
5852 6558 5103 5740 5914 6425 6506 6061 5985 6426 6984 5634 5901 6271 6250 6399 5868 6408 6334 6025 5604 5438 5779 6234 5277 5643 6998 5527 6231
2305 2817 2500 2391 3342 2076 3409 2592 3516 3733 2968 2852 3280 2799 2830 3333 2567 3938 2499 2870 2116 3749 3311 2988 4074 3192 3547 2776 3158
3114 4331 4363 3723 3366 3544 2737 4277 3194 2961 3875 3143 3846 4587 3582 3793 4650 4262 4120 3068 4559 3397 3043 4268 2673 4366 2785 2936 4238
4314 5712 5160 4860 5644 4355 5691 4894 4624 5633 5169 5218 5549 4245 4947 4294 4846 5189 5122 5915 5681 6009 5877 5651 4240 6052 5023 5370 5206
2724 3030 2659 2697 3157 4064 3044 4316 4042 2635 3609 4199 3766 2849 3709 3980 2996 4278 3068 4147 2722 3760 4199 3588 3250 3257 2835 2568 3616
6157 5244 6665 5748 6251 5202 5565 6530 5683 6448 6300 5489 5365 5805 4890 5558 5593 6032 6722 5751 4953 5594 5819 4870 5633 5122 4890 5848 6809
6769 6125 5965 7185 7233 7086 6725 5322 5836 5881 6890 7040 5962 7086 5509 5911 6648 6757 6669 5483 6995 5836 7241 5489 5787 6371 5508 6741 5484
3913 4486 4420 4384 3847 4295 3965 4434 4491 3039 3154 3112 3716 2561 4182 2860 4383 4390 4505 2936 4520 4251 3307 2951 3600 2932 3629 2686 4522
2314 1471 2698 3109 2410 1336 3182 2692 2951 2633 2906 1552 2042 2136 2434 1864 3287 2855 3165 1517 2786 1382 1358 2536 1907 2001 1646 1729 3121
2972 2020 2688 2489 1827 3052 2105 2230 1930 3301 2762 2888 2429 2891 3566 1675 3642 2878 1764 3178 2909 2057 3013 2269 3076 3517 2849 2617 3410
3983 4664 4628 4037 3602 3989 3934 3744 3806 5024 5019 4135 3916 3463 3451 3607 3774 3959 4686 3780 4183 3267 4524 4746 4003 3584 5073 5126 3326
3627 6170 4735 7064 4851 3716 8391 5375 2916 6183 7042 6343 4282 4764 4837 2508 3176 6156 5223 2966 5728 2908 7429 6732 4313 5787 2945 2513 3856 3103
3162 5752 5278 7227 4647 4129 8735 4272 2332 6791 7788 5380 5610 3504 5724 3433 2460 5372 5983 1573 7085 2409 6140 5013 5936 4414 4155 1265 3580 3777
4685 7252 5371 7369 3632 3867 8298 4142 3021 6383 7603 5436 5151 3526 5392 3332 3522 6606 6463 3061 6455 3445 5548 6452 4327 5614 3955 1964 3840 2854
4976 6904 4865 8673 4650 5461 7641 4943 2926 6516 7494 6750 5670 4348 4927 3417 3488 6646 5705 2508 5976 3025 6457 6799 5661 4808 3064 2996 2359 3808
3470 6989 4574 7981 4281 3695 8167 4251 3571 4952 6803 7057 5670 4211 4898 2006 2828 7055 5963 1485 7092 2157 5736 5953 5956 4670 2907 1929 3748 3431
3776 6330 3613 8417 3785 4972 7551 4181 3193 5475 6787 6566 5612 4674 4692 2442 2621 7061 5268 1470 5950 2944 7280 5809 5054 5799 4144 2266 3177 2241
3184 5968 3990 7007 4139 5111 7412 5242 2035 5630 7810 7146 4903 3195 5964 2042 4315 6412 5724 1467 7356 3467 6960 6160 4332 5855 4441 1149 2101 3606
5079 5992 5359 7419 4825 5061 7439 4425 3308 5676 8004 6565 5261 3027 4340 1810 2518 6272 7012 2204 7426 2079 5786 5997 4391 5803 2802 2649 3707 2529
3181 5932 3814 8075 4499 3890 7842 4867 3431 5970 6874 6094 6094 3556 6105 3169 3030 5464 6729 1964 6797 3449 5572 4847 5543 6010 4584 1892 2699 3612
4772 7715 4302 8654 3857 5435 8647 5153 2560 5397 8092 7062 5304 3980 5075 1730 3283 6337 6353 3283 7305 3696 5570 5478 5739 4936 4625 1363 2373 3582
3168 7406 4478 7997 3877 4240 8346 3382 3220 6123 8546 6340 5256 3475 4555 2763 2527 5134 5599 2592 6271 3428 7399 5665 4930 5573 4636 2404 3053 2542
4529 6305 3798 8003 4933 4838 8258 3380 1715 4835 7713 6205 4863 2969 5245 2032 4367 6294 6699 2174 6312 2389 6306 6238 4527 4259 4221 3094 2353 2591
4271 6409 3708 7695 3566 3853 7365 4680 2319 6155 7627 7208 5373 3719 5272 2226 3746 5639 6882 1545 5679 2624 6159 5978 5683 5996 3566 2107 1987 2145
5036 7603 4712 8763 3416 3852 8117 4324 1771 6537 7683 6648 4467 3110 6101 3491 2668 5835 6567 3374 5761 3697 6450 5021 4145 5958 3027 2785 2804 3606
4671 7017 4955 7600 4368 5454 8685 3537 2215 4923 8314 6421 5171 3518 5480 2027 2526 5408 6595 1992 6380 3285 7401 5607 4524 4168 4332 2516 2655 3588
3752 6266 4979 7711 4419 3894 6902 4262 2312 6530 7932 5262 5841 3641 4964 2388 3929 6944 5814 2312 6433 2838 6901 5497 4887 5957 3713 1164 2613 2916
3956 6466 3768 7720 4346 4824 8142 5339 2372 5438 7097 6559 5632 3317 5684 1617 3381 6005 6805 2326 7364 2526 7075 5430 5384 4619 3413 3008 2339 3157
4852 7132 5013 7271 3625 4087 8164 3842 2987 5620 8243 6072 5116 4231 6291 2619 2943 5840 5177 1788 7247 2999 6228 4956 5012 4540 4634 2582 1941 3356
3554 6187 4093 7161 3583 4921 8701 3675 3479 4894 8050 6184 5910 4224 6135 2459 4346 5967 6979 2664 6322 1846 7356 5005 4375 4296 3068 2347 2533 2711
4174 6245 3668 8109 3316 5208 8695 4360 3478 6220 7818 5256 6032 3560 5698 2020 2974 6745 5457 3087 5851 1890 6581 6603 4545 4782 3057 2141 3271 3382
4582 7319 4918 7912 4224 4195 8233 3899 2282 6148 8545 6456 4868 3859 5104 3610 3470 6991 5352 1593 6991 2895 6556 6518 5263 4387 3109 2352 3234 3668
3603 7650 3705 7392 5040 4390 7406 4726 1922 6152 7518 5836 5096 3531 5040 2456 4115 5534 6231 3434 6301 2103 7155 5460 4366 4664 2829 2303 2755 3765
3574 5896 3714 8518 3383 4486 7335 3520 2538 6246 7061 5987 5013 3043 5030 2546 4331 6560 5779 1753 5830 2137 5676 6524 5084 5598 2942 3086 2508 2785
4756 6390 5371 7466 4900 4190 8508 5388 2905 4886 7182 6889 5770 3234 4390 2502 3193 5927 6762 1978 6028 2076 7078 5320 5463 5627 3410 2236 3182 2791
4727 7230 5338 8186 3188 3753 7500 4557 2652 6709 7512 5614 4817 4797 5981 2842 3436 6852 6235 2822 7031 2220 6697 4853 4789 5143 4053 2302 1960 3963
3492 6039 5198 8269 4747 5275 8502 4557 2408 4849 7225 5730 4963 3996 4839 3303 2959 6542 5209 3419 5555 3628 5534 6789 5014 4626 4546 1779 2262 2893
3126 6353 4474 7833 3610 4162 7741 4141 2957 5299 7181 5721 5201 4688 5257 2474 3440 6338 6646 2846 6847 2516 6211 6187 4900 4334 3924 2723 2226 3084
4085 7455 3906 7661 3730 3996 8713 3848 3365 6034 7449 6409 5509 3152 4903 3203 3874 6985 6597 1690 6769 2148 6955 6056 5954 5525 3443 2784 2507 3135
4998 6389 3697 7192 3807 4807 7737 4571 3153 5030 7890 6872 4571 3562 4410 3014 3794 5734 5103 3009 6463 2248 5848 6552 4234 5138 4566 1381 2561 3982
3 5 17 11 66183 1.0975220703762953
13 27 24 18 57870 0.9565034503126433
16 3 24 16 69630 1.0704154718566647
29 13 27 5 26008 0.9623671181810021
13 17 4 16 29824 1.0417402297907126
18 24 9 21 39009 1.0365577028933508
4 4 12 16 52909 1.075850886508684
8 25 1 15 45717 0.9573849689193437
24 25 22 10 66808 1.034113170174348
1 17 0 28 30140 0.9057907476068972
10 18 27 24 58712 1.0753625981886596
13 17 26 22 47802 0.9560328408407349
21 9 7 21 72296 0.9883294430467456
16 3 27 2 55347 1.0224504103181395
22 1 11 15 73502 0.9399400332470464
29 19 20 14 37711 1.0765813236960118
21 14 4 1 78772 0.9964474888559766
17 5 8 4 41159 1.0846924630286507
27 8 5 7 61539 0.9737847065449493
26 13 0 20 83055 1.0157238092141057
16 26 4 11 69817 0.9895703224530197
23 26 11 20 54275 0.9162370466340012
25 23 13 15 58452 0.9247026018636308
22 29 3 25 57839 0.9924181608747731
1 21 15 7 67556 1.0304662430451614
17 11 24 17 48779 0.9999431012511175
9 19 3 23 27399 0.9403199222059961
0 3 28 0 111739 1.0012070226570227
28 4 22 19 53222 1.0728721067699232
8 7 15 27 75246 0.9269357424019453
0 25 26 22 81454 0.9347829150230098
18 23 24 0 88425 0.9782600223471719
18 29 4 14 70147 1.004851054657759
23 20 21 12 35447 0.9431713698694577
14 23 23 26 45055 1.0703135247257731
26 10 24 20 43048 0.9258932763658668
10 12 4 8 36790 1.0555698176267765
27 5 1 26 110438 0.9047502557879191
0 1 19 14 89274 0.9589318016492916
28 8 0 19 93546 1.05748608910141
23 3 9 20 92828 0.995703966895272
24 24 10 17 66409 1.0847591920422865
18 23 27 27 35979 1.0974900766295135
9 25 12 11 74850 1.005260408741616
23 1 23 29 91822 0.930712642414722
26 8 29 23 47272 1.0393377572077138
10 9 22 3 59281 1.0774191654297698
13 20 22 1 85452 0.9296167150943304
4 27 2 18 31863 1.0275455139396232
29 14 15 15 40504 0.9485097337197697
7 27 27 6 95665 1.0935766532027302
28 9 5 6 72490 0.9133061629434511
23 20 29 7 53203 0.9327705590008298
10 27 5 11 52406 1.0869451090056677
11 24 22 4 99415 0.9810815206585591
10 11 26 0 87240 0.9673857282107372
22 23 8 23 61072 1.0079357405361868
9 7 11 15 43394 0.9031850743646207
20 6 23 16 40571 0.9481762121142533
26 13 4 9 74853 1.0357365293484297
12 27 8 20 37303 1.0477567988414325
10 23 7 6 68604 0.967991817537485
26 13 12 23 72485 0.9826051368188121
22 14 1 3 85639 0.9043997288452269
27 7 23 27 54690 0.9647535941821991
1 14 12 12 47043 0.9598752944496689
6 16 12 4 53580 1.0939284784637788
16 5 18 27 90849 0.9710359984138632
18 8 11 18 57266 1.0649897584443755
18 6 1 20 74570 0.9091231621050949
3 24 23 18 66744 0.985634019991074
8 24 21 3 102611 1.0409425106571977
27 25 23 8 50233 0.9050302574994625
27 14 12 2 75246 0.9677946073924493
25 8 23 25 62730 0.9743651296188007
16 25 14 15 52528 1.091549419149411
24 21 28 14 27882 1.0489545692952593
19 10 5 4 57794 1.0391500146070125
10 23 24 4 105515 0.9869947516503763
4 7 28 5 73971 1.040354533306954
16 29 20 17 50682 1.0005333891975954
4 14 10 25 53462 0.906463554691039
4 26 17 8 75429 1.0696222284541868
22 5 16 29 95222 0.9316007563379922
5 18 22 1 95329 1.0849403318329458
23 20 12 16 40997 1.0287748233114427
3 22 14 29 48768 0.9696388216640095
20 18 13 3 68524 1.0061456794446868
15 25 24 29 38025 0.9665188832998431
20 25 6 16 58461 1.0837078464366772
2 5 10 13 48051 1.087256166301832
14 25 14 13 49519 1.0645157960943454
5 28 4 0 73351 0.937603329591801
12 12 7 5 50827 0.931533167817115
8 3 5 23 64277 1.0820893511006306
5 7 1 27 57982 1.0192548882297854
12 27 9 3 86100 1.0596885622725964
26 25 18 18 42345 0.9846538741243223
8 5 11 29 82549 1.0641003691839828
11 22 27 10 74456 0.9070207892512686
27 27 5 23 64136 0.9454127783471462
1 11 4 4 25119 1.06092628106942
27 11 0 16 79753 0.9061603833208567
20 28 14 2 105724 1.0319531860958038
10 8 4 28 62256 0.9036734569298557
18 8 6 17 49854 0.9980382413535359
18 11 11 7 31907 1.0146178568436621
0 25 21 10 91413 0.9461208071391762
0 7 26 6 82489 0.9941139865910896
17 2 17 26 95794 0.9212378658111904
7 4 24 16 78010 1.0118914702801458
24 18 2 28 80298 0.9456193287097875
28 25 15 3 97214 1.0185951776897149
16 14 10 28 67060 1.0316204965922617
3 25 15 3 92947 1.0941097411231957
5 14 11 5 49933 0.9410070542926112
26 11 12 17 59936 1.0942947278504986
16 23 25 11 73358 0.9483301524808658
26 26 14 7 85297 1.022257098147314
0 4 10 19 58437 1.0126185043047453
20 23 3 12 70791 1.0139077341843388
26 26 29 5 60795 1.0256058446835306
23 24 12 8 78916 1.0637092219203688
28 0 5 3 97481 1.0869027090369068
4 26 13 24 32097 1.0282307879966615
16 4 29 22 83744 0.9812402559765392
29 16 11 27 67426 0.9817513108784323
20 2 14 14 58249 0.9069748657750211
18 15 11 10 41619 0.9625525042512978
23 9 29 23 59279 1.0943210966478694
0 14 17 20 58820 1.0378026410509211
20 26 27 6 69155 0.9260870294028172
5 13 29 27 88358 1.0641602132065267
3 6 29 20 101064 1.049436443053266
21 28 25 17 50038 1.0874543575014897
15 13 24 14 36645 1.0793534406214544
26 9 19 6 32656 0.9482919192578845
23 24 12 20 45946 1.019174231716386
10 3 1 27 85854 1.0837604827197638
2 12 7 4 40651 1.0485405432844408
19 29 23 15 56112 0.9073442649100736
29 11 21 16 38773 1.030060079237255
26 16 28 26 29677 0.9731692955151856
17 29 14 0 116896 0.9362837463471909
24 8 11 24 88384 1.0578290196241065
2 16 18 28 68711 0.9548656707632329
17 0 7 15 80532 1.0804372034094505
23 28 27 9 51366 1.0338899962231596
5 26 8 1 72675 1.035251289756886
9 15 25 3 83946 0.9146665171790022
5 25 21 13 70891 0.9974208879609638
5 6 10 21 54880 1.0483191370722573
27 25 16 12 68511 1.0868008395799755
19 20 12 7 67018 1.0848587391520235
15 28 3 7 80756 1.0006350717440726
28 25 19 23 43245 1.0753731276100897
25 18 15 10 67682 0.957582266461138
18 4 28 14 54109 0.9053998029983722
25 8 16 5 38498 0.9913533828090465
20 25 4 19 54835 1.086759853378849
11 12 22 21 56507 1.0782132340903385
3 19 14 15 33064 1.0049633065153207
2 16 28 22 77268 1.0944739060626145
27 5 8 19 81981 0.9009877561408471
14 10 29 8 55187 0.9536591614204026
29 2 14 5 70364 0.9236155309163498
12 13 4 4 48371 1.0621208393678145
3 27 23 9 97237 0.9060457480660141
1 15 14 13 39353 1.022185652267035
6 4 12 11 43664 0.9240786411465621
19 13 0 18 67397 1.060588186885908
10 5 19 24 96954 1.0088436361020454
18 0 4 11 72842 1.0667781060169335
23 9 15 22 63724 1.0481574293026445
21 2 11 9 50394 0.9289995417919339
8 9 13 29 76149 0.9199436492746347
24 29 18 2 99483 0.9192993248809062
13 22 25 27 49207 1.0205139640699046
5 14 26 20 66248 1.0136036353862619
4 6 10 28 66906 1.0402634740027512
28 17 3 4 97331 1.0531566634326215
14 13 25 27 74653 0.9877394840723271
19 26 23 10 64438 1.0377860711850482
13 24 19 29 33871 0.9961968920489597
7 3 20 26 96866 0.9658754658234029
29 10 5 10 80833 0.9286330927331541
22 19 3 8 70999 0.9680800959064882
7 19 8 3 50344 1.0501873039390752
11 0 1 13 63018 1.05898443134784
21 10 9 4 58151 0.9489183951022022
7 1 15 13 62064 0.97234198204041
13 12 29 0 79446 0.9730347957948746
27 4 3 0 92862 0.9512042662406114
23 22 11 24 51402 1.0638442570888562
20 19 14 2 77101 1.0557073131709644
26 6 0 2 93681 0.9915271928603688
14 29 25 11 85222 1.0861612309286621
24 28 11 0 122336 1.032967536880694
11 18 20 21 31881 0.9889878581862814
26 4 13 11 61887 1.0779701916031568
4 2 2 17 48549 1.0568153999685972
29 22 17 9 73520 1.0672335278675817
3 28 28 24 67760 0.9846973320923238
14 5 2 1 64996 1.0161517639675441
4 28 8 22 31864 0.9220235978275643
6 15 10 5 43512 1.0336134575817524
11 11 26 28 88556 1.0557050197964506
10 4 4 8 33040 1.0816393348282092
4 24 21 20 55896 1.0787667722884762
29 16 1 11 85330 1.0457076472689213
11 9 13 23 57516 1.0055803325353307
25 3 5 5 86048 1.001873935812299
2 4 13 14 59255 0.9947361002723409
4 27 24 21 64596 1.0919492123107966
27 24 12 20 50115 0.9064422647725936
12 6 26 22 90690 0.9433415312296363
29 11 1 26 104778 0.9635674540461265
26 24 6 9 86288 1.0158350214092062
11 27 28 14 68873 1.028680043504583
1 20 29 1 115829 1.0066699467642781
2 1 9 4 41559 1.0419821587941474
11 23 19 27 41103 0.9709295821158541
19 6 26 11 38849 1.0578742804752292
28 16 26 7 28365 0.9819541765554554
3 28 12 14 55509 1.0169595662402438
5 26 15 17 52073 1.0916980512709598
19 15 14 0 70389 0.938642978780578
28 17 23 8 36096 1.0893222779499045
24 9 1 24 97100 1.041716260104346
3 25 12 13 58724 1.068831609150887
19 15 25 11 36892 1.0441209361282011
19 26 0 22 61550 1.0248236735195537
9 7 22 6 49949 0.9615432123247636
1 0 9 12 57795 0.9413035509383778
0 12 12 14 44738 0.9087756951834709
23 29 2 27 54281 0.9131588711646518
6 23 4 1 57116 1.0390594240983853
17 2 8 6 54808 1.0893539735999824
10 8 2 14 42590 0.9484021375769364
13 14 1 3 61171 1.0471833244073916
15 20 9 6 69878 0.9133989846128886
5 20 10 15 25113 1.062380740246592
22 8 13 6 30970 1.0473304673038135
22 4 26 20 62493 1.0920795612795848
14 8 17 17 50154 0.9958833468169295
2 6 14 9 51632 1.0155613680259703
19 24 26 18 39083 1.0939460969043473
16 10 21 23 64962 0.9554790634696663
3 0 13 27 88045 0.939825588539841
25 1 18 11 61032 1.0296952048081958
6 22 19 2 87916 0.9424224218807502
18 11 25 15 35285 0.9132882560098148
12 24 26 4 99304 1.0291667271893985
8 14 15 24 56797 0.9466833938874262
18 0 12 14 66945 0.9611332228508318
7 17 23 27 70088 0.910448731427666
18 16 23 10 34498 0.9191091497179186
10 21 4 26 32189 1.0272835902629756
29 24 1 4 113309 1.011648996573771
10 17 17 25 60114 1.0575253571052305
7 24 11 9 62729 1.0527069482170395
16 27 22 7 79338 0.9687886548729503
13 25 25 28 39411 1.0222990294202234
25 9 28 1 30977 1.0528381757301215
4 11 24 21 69945 0.9212311047138633
5 12 7 29 49982 1.065709337061
15 26 3 15 61360 1.0059366033572366
19 15 5 27 60913 1.0061705739719442
1 25 10 11 66280 0.9902016168753149
16 0 20 8 37968 1.0824177844194158
5 2 23 12 74616 0.9031598997094292
14 4 26 23 93795 1.042275516443764
17 8 29 5 43167 1.0677487570084645
12 5 3 25 84085 0.9018395704334663
10 18 2 2 71170 0.9375383999172844
1 0 11 2 45592 1.0837464076294958
24 16 14 4 72839 0.9124507974548756
16 14 27 28 61596 1.0409502896192762
5 29 2 10 60658 0.917982794413804
8 24 18 2 98067 0.9989704226170721
29 14 22 1 62046 0.9652423148537645
10 0 11 9 48643 0.9334164142435344
0 23 6 5 59106 0.9984874227743271
26 26 16 24 43953 0.9765890013273056
28 8 10 14 70727 1.0745131433629984
16 27 24 3 96730 0.9216711857525913
20 19 16 9 51982 0.9607728614008825
1 18 1 3 35709 0.979495765138501
5 2 5 18 43669 1.0476064753889478
8 13 13 6 44268 0.9893777442856475
23 3 0 19 99360 0.9702082115029745
25 1 0 22 131052 1.0290481181426672
6 21 23 20 48484 0.9240457773889837
7 18 25 16 59940 1.0826125766870311
11 24 14 10 64295 1.0159866941207767
20 2 11 29 105038 0.9429118481909926
24 22 16 12 58971 1.076496906600476
5 28 0 12 50052 0.9920314107228451
16 3 18 11 38559 0.9618055877158304
13 4 8 27 82264 0.9441021424134515
22 0 16 18 76413 1.089249795566108
17 20 18 7 54820 1.0536314621462393
22 28 17 12 68764 0.9920835919700429
0 15 15 23 59592 1.0980160692422833
1 23 4 1 61302 1.0762168409284318
21 12 12 27 70168 1.0092915207395745
10 29 24 19 65713 0.9307042129056597
28 24 17 1 93577 0.9297070018713816
24 4 14 6 52996 1.058001214703136
7 23 10 4 67102 1.0673534962434708
3 0 2 17 51677 0.9810455451791428
14 2 23 28 112679 0.9368824525096471
27 25 14 22 48132 1.0988020558197793
11 5 24 19 81893 0.9681756799284441
5 24 16 22 49122 0.9482100824628157
9 21 15 1 90231 1.0372046214796138
18 22 22 6 62053 0.9400132729374714
3 21 27 2 104269 0.9814798018405703
6 15 10 9 35946 1.0172852174215121
1 18 11 3 72434 1.032506516630808
15 26 6 9 68119 0.9199854247172801
20 8 23 1 29709 0.9968027140126214
2 20 7 0 58511 0.95056415403661
12 22 29 19 54747 0.9710127929701551
22 10 26 22 58555 0.925502149186856
23 22 28 12 39038 0.9796448374866075
7 23 25 16 72274 1.0052077481087203
11 16 7 2 50474 1.0708262271032376
0 5 22 3 88524 1.0003812865897737
24 1 8 23 118721 1.0843507820788352
8 13 28 25 86190 0.9903601964927016
15 1 0 8 71282 1.0347181132471484
15 22 22 17 37346 1.0013180690549952
11 1 22 11 71932 1.0191902549742644
11 20 28 23 53879 0.9226587153212926
24 0 29 21 67081 0.910781025895884
7 23 28 29 72133 1.0558843989917657
23 9 22 27 65933 0.9083931164053634
17 10 29 13 58994 1.0182639870178554
23 6 5 19 77849 1.0615653387291981
9 29 19 18 68155 0.9089883337568894
4 8 20 27 81411 0.9624778881579071
29 16 1 6 95094 0.9155366019977876
8 2 29 19 102314 1.0634776497008107
18 18 3 13 52933 0.9007129630096021
18 25 15 2 96912 1.0188711264469352
6 4 12 16 46567 0.9276329402486487
15 3 18 19 70125 1.0781679741870156
4 8 13 24 63013 1.0679322000256128
27 14 5 22 76907 0.9117108483001672
20 27 6 2 88786 1.0471831804335938
7 16 8 6 37720 0.9634082779234334
7 22 23 4 97180 1.0297355279328253
0 21 5 16 26634 1.0415504281612262
19 21 10 19 27952 1.0974597652476652
25 29 0 13 98490 1.0346495092747676
0 4 17 7 64181 0.9443039086324112
13 18 16 28 44507 0.9418193596923559
24 15 12 15 29961 0.9140774775173087
28 14 16 21 46354 0.9193634161518048
29 2 7 0 94243 0.92980513010072
28 24 28 6 47487 0.9165951308982692
24 23 28 10 50265 0.9602710327047701
2 5 6 12 31451 0.989591524997763
15 21 21 16 29559 1.0975746763340335
5 23 8 15 27590 1.005832370277576
29 26 25 17 39779 1.017721552002727
18 27 5 22 47200 0.9480648531525553
9 20 20 28 61923 0.9854067304271531
13 7 28 29 91283 0.9476630570520232
26 6 4 26 107469 1.010962897596544
11 20 22 23 43881 1.0324262890198492
8 0 11 19 61002 0.9292027441261175
25 13 0 12 81367 0.9775700358775907
11 15 3 28 48058 1.0753219449156302
17 12 22 2 51655 0.9959304810692446
21 27 28 11 52985 0.9573836195930081
20 0 24 17 64788 0.9256316648821438
28 20 8 11 83553 0.9821452325779594
23 14 15 4 58550 1.0430890254506158
21 8 14 3 43508 1.004938633641408
3 4 19 22 87331 0.9495086469040839
7 4 15 27 78065 1.001955519562817
6 18 17 4 69646 1.0122887711806103
16 19 7 15 33287 1.0045179324726234
15 14 2 0 76488 0.9389276716554013
23 0 11 21 94757 0.9671828870894666
3 17 13 23 43736 1.0086506261809658
5 11 25 22 80442 1.0183386453433325
15 26 19 16 51414 0.9589621605659907
10 3 16 29 108242 0.9663550150863027
14 29 16 7 90047 0.9534927248959658
25 13 4 16 62800 0.9728181432728689
9 13 17 27 67614 0.9017519504620889
12 5 8 14 56196 0.9872171785081967
2 4 9 10 46763 0.9630954909103446
17 8 16 27 80184 0.9950470628190481
0 29 0 0 74692 1.0089156119904916
8 5 3 22 60891 1.0270651795206853
7 10 12 17 47336 1.057698221024222
9 17 22 2 87062 1.0071071444180437
28 13 9 9 68710 0.9024412263323173
15 20 0 29 61576 1.096036016109142
18 19 14 11 43517 0.9859958403708284
19 13 25 26 59164 0.9984466344877221
10 2 4 24 73577 1.0048751160842253
1 16 26 0 107405 0.9365322812616249
21 15 16 23 42096 1.042779342536237
7 6 14 13 48376 0.9083572420578545
13 20 6 23 28219 0.9028723073800652
12 1 21 27 111115 0.9918418579291586
23 24 13 24 45334 0.9438024273701832
21 7 16 23 66955 1.0230826507306927
10 27 13 5 82167 0.9973341685811024
3 17 19 8 66660 1.0812333896948085
15 5 28 2 61213 1.0962268701262154
21 7 14 25 79605 1.0820099723569294
27 16 3 1 100081 0.9393846041243012
25 5 5 20 96410 0.9043211258212059
2 25 6 12 45568 0.9127469290845477
23 20 16 12 50107 1.0535142799197528
21 2 23 19 62323 0.9844796325484176
0 27 22 18 73546 0.9868849632575173
29 9 18 15 48344 0.9272939618489573
28 13 9 21 71202 1.0498680150110415
14 28 5 2 82557 0.9036887099444066
7 3 29 3 92396 1.0220627008095138
13 28 22 1 111247 1.0815193669202527
25 1 26 22 68185 1.0372520478537008
28 12 16 6 58333 1.0490932317529074
18 0 22 11 47308 0.9773046415965964
28 1 27 26 61088 1.06341906201482
23 11 9 17 63286 1.0656829779508754
2 11 16 9 58371 1.0145895851193794
3 28 21 9 92250 1.014963016030841
26 20 25 10 41217 0.9792435702534981
9 12 1 21 45569 1.0554487551865082
20 15 13 4 55459 0.9882037124000358
9 4 10 14 54119 0.9475859080960276
22 13 13 4 56313 0.953196085557616
12 18 6 14 31705 0.9687402588956944
2 27 9 10 70384 1.0828806709706873
23 24 2 5 102937 0.9300094964976958
6 9 27 29 93562 1.028352621247554
8 2 16 10 59807 1.0649874223872855
22 11 21 27 62844 0.9650562600575718
0 23 15 3 94646 1.0177607308175474
13 23 1 4 72972 0.9280926031963502
8 18 25 9 82683 0.9960889864070469
6 29 7 13 41117 0.9814993980578611
24 10 2 27 103748 0.9486009762347088
24 5 8 7 59148 0.9347603687272453
26 11 5 28 93111 1.0625659941506989
19 19 13 6 60064 0.9378486701996454
23 1 4 25 112232 1.0110724144884882
27 14 22 24 44979 0.9437417538804023
17 6 10 13 52941 0.931731851348735
13 29 0 0 97885 0.9514508065583613
18 9 16 23 64152 1.0640042194207189
14 25 2 15 62523 0.9233108944099769
3 5 29 6 88086 0.9261772698141366
9 16 5 29 42838 1.0458677939416574
3 26 24 27 49973 1.0655355696386226
10 29 29 13 84599 1.0363314580628322
0 18 21 4 95392 1.0155041501541597
16 10 29 5 58537 0.9376468791299752
0 28 22 6 111883 0.9139678146920489
25 25 13 10 83120 0.9369871646826484
24 23 8 14 72167 0.901522148344737
11 2 5 13 50497 1.0096869339848926
27 13 5 18 67441 1.047019842517148
3 22 12 5 77397 0.9461678195749882
11 6 24 10 55265 1.0509820934776521
27 12 18 1 54872 0.9001610812624982
8 5 16 3 43362 0.903456695346415
22 29 14 7 95803 1.0048646085003212
18 13 17 2 45449 1.0170279933799256
2 28 16 0 114918 0.9082859845030642
10 12 10 22 57270 0.9103111670849078
17 6 27 3 51605 1.0503769791865143
26 26 14 23 52481 1.0771645444120972
13 20 19 16 30173 0.9753608289059249
17 11 8 23 78239 1.000476034093507
26 16 16 2 72474 1.0155649225690628
21 22 23 4 66916 0.9277979022751383
6 18 23 19 42413 1.0151940513823279
15 6 4 14 51621 0.9250725642509715
1 4 25 16 90552 0.9278074539152782
4 2 8 15 40904 0.979928161917396
17 18 26 7 61757 1.0233549323904527
4 16 23 15 48211 0.9401576091758658
0 5 4 26 62365 0.9305596929478673
16 28 13 19 41187 1.0040627250773175
27 2 12 2 67614 0.9898239202465569
21 28 11 28 25730 1.0650403610946497
0 21 24 26 70952 1.0196599472243242
9 5 22 24 102142 1.0533149079131143
9 28 4 16 41339 1.0046887492903294
18 3 11 23 90067 1.0717151382904067
10 28 28 11 83170 0.9841011955264598
5 0 7 11 33300 1.0227716086215886
8 27 27 16 68624 1.0813747767269146
10 2 23 14 79480 1.0548208154376446
29 16 15 24 61199 0.92448897213673
6 1 14 13 52578 1.097414899644282
8 25 12 10 74626 0.9372847943587379
21 26 12 20 47687 0.9133549350231797
16 5 12 16 52469 0.9451538968354551
27 17 11 10 70982 0.9905963415391053
0 23 23 23 77115 1.097997089347452
13 12 14 25 49793 1.0018882939216656
13 6 15 16 42021 1.0647678099442626
24 2 25 24 77755 1.0804086803176105
29 15 14 6 69979 1.0887953069058425
25 17 18 6 61460 1.0905673507430351
4 16 9 21 24913 0.9317975100931621
26 22 2 3 110892 0.911240368329507
14 13 24 13 36158 0.9559691068723846
5 3 26 10 79306 0.9760083342661701
2 23 24 2 119361 1.0537200193887037
19 15 13 26 52527 1.0925472708549007
19 20 1 18 47964 1.0919132509197766
9 26 6 5 61435 0.916988334480073
23 13 27 19 28850 1.059330455100223
22 3 23 14 43924 0.9415812793986251
15 12 15 23 52664 1.042381817140163
27 12 3 20 78469 1.0052481847066446
0 0 5 20 63720 0.9902904566811639
24 24 20 3 77256 1.0782535829156488
22 2 15 6 40786 1.08755579683629
25 5 2 4 88456 1.0594407014559926
11 0 0 13 67782 1.010025912242186
2 14 25 17 75035 1.0343030595736424
15 0 4 0 45137 0.9773276455876673
2 6 27 19 97694 0.9752864938516693
29 7 19 5 41115 0.9975177507988093
13 20 29 4 82998 0.9675887284368954
12 25 23 1 108914 0.9694402828057349
23 1 13 25 102918 1.0152819317024115
4 26 16 11 74863 1.0983451059640337
16 10 27 5 50188 1.05804590282932
1 24 17 16 58618 0.9736754523711443
22 5 27 20 56174 1.0546942968864728
19 9 6 1 52868 1.040728196365797
22 21 9 24 56174 0.9377944561009659
10 11 1 9 49465 1.0536188193109939
28 4 0 8 85404 1.016137423439013
10 5 25 10 67076 1.0167084008339087
7 14 2 26 44841 0.9699387038214515
26 9 24 29 60096 1.013831842758353
21 2 13 26 97753 0.9407925331758878
26 18 21 8 46113 1.01053053112298
1 20 28 21 69662 1.0957357075353218
26 27 2 10 103255 0.9554490711417429
24 21 24 1 76173 1.0013589836092867
5 15 11 25 51484 1.0369820822411828
11 27 1 28 22726 0.9203273207960323
0 0 20 27 107141 0.9958011289437005
0 9 18 7 56606 1.0860759774570798
29 2 11 3 82220 0.9313747759172357
23 6 3 19 81842 1.069223913878238
29 16 0 21 82968 1.0501801410440144
20 0 9 11 69171 0.9743630571606859
22 24 20 11 47053 0.9196512017974067
19 27 10 9 93280 1.0805810415950965
28 14 13 13 48964 0.9127692737639339
12 17 17 7 54108 1.0253931084944363
8 13 10 1 54779 0.9781297577878338
27 28 1 26 62133 1.0691112857835463
20 9 5 4 53459 0.938737210702574
11 1 22 2 53941 0.9276515672684523
4 3 13 12 53352 1.0449326709407945
0 7 14 10 56625 1.078915795809651
25 29 3 7 108622 0.9751784072641463
20 5 11 18 67638 1.0520903401800983
1 16 21 5 82498 0.9488464520058688
23 17 20 2 53876 1.032152962329379
28 26 3 19 73010 0.9262359891901333
4 4 23 6 68167 0.9211316843530489
15 18 28 4 74891 0.9413931294895351
7 3 2 9 35474 1.0821285200088793
23 17 29 5 50101 0.9731114764107328
14 15 20 8 35108 0.9462662695111126
14 20 7 8 51499 0.9839063463156011
4 29 27 5 105771 1.0092990004245959
12 0 15 25 98121 1.0305550910852974
17 8 29 29 80689 0.9223287423249573
22 11 5 9 62938 0.973987480902453
26 7 6 23 91009 0.946513593862268
12 16 1 0 69119 0.9363443739274506
23 16 15 9 53599 1.0218782937496647
8 8 20 7 34451 0.905474241278423
20 1 14 19 67611 0.9345432212486104
21 27 21 1 88068 0.9243879674448305
23 4 19 24 75217 0.9685045031971129
24 20 18 11 48175 0.9577552670767621
26 9 8 21 85165 0.9903675907232548
14 5 28 10 58510 0.9692274420779186
5 7 16 12 54310 0.9920388245265899
26 28 10 12 88712 1.0793268367190103
14 27 5 13 55822 1.0825114167746583
1 11 20 27 78743 1.029702324424989
25 5 19 22 72738 0.9687289939192081
15 28 29 10 81289 1.0505255292391105
4 8 24 1 80065 0.9393565923295627
26 19 14 23 47359 1.0022558976817169
9 20 29 16 66556 0.9149729923618669
25 20 28 13 29443 1.0976099773736265
16 28 5 3 91505 0.9976193833208047
7 9 11 18 45735 1.0395110703315213
0 13 19 26 80261 0.9055121349815036
12 26 5 19 40041 0.9236240615896872
18 29 12 16 61197 0.9891045942466667
4 27 3 6 62269 1.0254393437504508
6 11 23 2 70105 0.977959123719478
2 24 16 11 79807 0.969216207259476
19 25 8 23 54265 0.9083329150087641
13 11 26 11 56384 0.9464162557255598
1 15 13 26 56399 0.9023752303526607
16 10 28 9 48273 1.0944330221306688
8 0 16 5 46780 1.0556359631050118
11 4 18 28 105796 1.065724347348473
23 2 9 14 80412 1.091653906311659
8 13 19 13 39740 1.0657793614149027
8 13 12 0 57595 0.9512801884775828
11 12 9 21 48414 1.0467546435944828
21 5 19 25 70477 0.9283079964595129
29 29 28 0 75829 0.9621552494023675
23 17 13 22 40502 0.9430247747755908
16 10 29 11 61208 1.0636091150725995
12 18 23 6 69072 0.9101355697339962
5 11 27 0 86868 1.0749259032759664
2 15 13 22 43597 0.9648893218811782
8 1 7 15 44980 0.9881665832203251
26 5 29 21 47896 0.9975254634657043
0 3 29 0 116737 1.0190922111988863
3 23 7 8 48874 0.9089194509944388
21 4 26 17 55647 0.9643878702006177
21 1 15 5 37354 1.0653990830558857
8 0 18 20 79650 1.0028084092946454
24 21 28 7 46087 1.0562598638481382
27 9 8 4 71531 0.9228118378267992
26 24 4 26 61151 1.0421265304304865
23 21 28 26 23067 0.995068458272671
7 8 22 20 70824 0.9738736837425588
0 17 14 20 46062 1.0177383913336955
28 17 18 16 36007 0.969512353850551
9 3 15 16 70269 0.9596799481336331
1 25 14 20 48932 1.084069652370892
4 16 16 16 36129 1.0774449857617487
20 9 14 16 36659 0.983936126459676
10 7 0 17 59153 1.0042550675123656
14 25 0 22 55932 1.0156679038660719
22 13 8 21 62053 1.00182892298591
27 28 25 18 29422 0.9381434883530946
11 6 2 20 65743 1.031718994752865
17 20 13 13 36059 0.9205581551018883
25 7 23 19 49577 1.0718124412619754
20 7 7 9 42650 1.0032171545362984
13 10 5 20 48608 1.0622766341776244
7 4 12 27 70657 0.9544355803017821
22 20 1 17 59231 1.0035931530967552
11 26 14 10 69870 0.9945208794165966
23 5 0 16 91568 0.9078378181349075
24 10 5 24 91961 0.9840248170060818
29 25 15 16 66426 1.0681028065301925
29 16 14 4 78066 0.9629269012017351
24 16 25 7 39040 1.0442488231803846
26 25 1 23 70331 0.9888658412537559
24 6 8 9 57824 0.9849966767205514
0 19 7 10 42116 0.9548503307838415
18 3 21 17 56220 1.0685187932962767
12 10 26 20 70994 1.016473680801924
26 1 29 11 40986 0.9665169084136902
5 16 19 24 60128 1.0880620865759798
22 10 15 5 41257 0.9409531423407601
2 9 26 15 81009 0.9493972408221831
15 21 4 20 34355 1.095084534944575
6 13 12 5 45262 0.9335435053534277
3 8 14 20 57589 1.0947877701406914
19 13 25 26 59164 1.025666530614307
28 0 18 1 43339 1.0397199786641482
9 8 24 23 88143 1.051229399131604
26 24 11 24 62353 1.0805155015802952
7 26 19 21 55234 1.010681632425048
18 18 21 28 39810 1.0920164222904156
2 0 5 14 48014 1.061472592626459
24 9 11 20 73264 0.9641104146387349
17 4 28 7 45202 1.0379589678565397
22 7 13 22 69339 0.9153631515733435
8 26 15 22 44615 0.9581474489111392
4 6 5 26 55726 1.003578897651216
20 25 29 14 54114 0.9019743139124087
25 3 10 20 101636 1.0057794460617067
5 22 25 28 67139 0.9955153718724922
14 11 26 4 66079 0.9080427512821071
3 1 23 20 98128 1.0571604947434101
19 12 9 25 86936 1.077902843181982
4 21 8 1 59975 1.036279405088977
4 19 5 28 27141 1.059916054051412
20 10 0 19 68523 0.9913579261178203
14 24 3 9 70196 0.9618497802933719
16 21 18 5 65850 0.9059191728547082
1 5 12 25 85365 0.972512717569518
21 22 8 8 74468 1.0555065653875537
16 17 4 0 74514 0.9948080957611573
13 11 28 15 51825 1.0871350197276017
0 10 14 13 58963 1.0085614325625976
0 10 15 9 53548 0.9284707505566653
12 17 24 4 77307 1.0600085894058386
28 11 15 18 58584 1.0324490460976359
24 14 18 19 34092 1.0843781334902842
26 12 17 1 62801 0.902034177330786
11 14 6 21 30628 1.0977583344023971
16 14 5 21 45582 0.9656426993817364
27 10 17 29 69396 0.9560475975455276
23 26 10 14 73487 0.9328130257903318
9 27 1 3 71991 1.0187519750514549
26 27 5 2 106457 0.920898575992519
17 6 12 25 89225 1.0101432794004528
6 2 18 12 57468 1.0261950054093922
27 24 25 3 62566 0.9653479163956613
29 2 25 15 43884 0.9923893493663896
0 20 23 2 107278 0.940239883084204
10 16 14 24 41076 1.0632965251712483
12 4 8 16 59858 1.0221742023664446
24 28 3 11 94354 0.995751289379127
16 4 17 14 51996 0.927724766714591
17 2 6 14 71119 1.0540617484172503
9 24 0 9 66926 1.0807799818082002
1 14 5 7 28719 1.0981757442086415
0 10 27 22 95214 1.0157800849863954
1 18 2 6 35855 0.9544235791934949
11 26 26 2 106341 1.0354620031210853
11 0 20 9 57053 0.9931036477438577
14 24 26 28 46669 0.9820341788895706
15 25 27 8 79348 0.9705861549783362
28 3 14 22 88145 1.0061053843856531
7 17 28 7 82237 0.9893739370196859
0 25 1 6 50162 1.0738177162861773
25 7 19 14 42467 1.0632935538101367
0 28 23 20 78172 1.0867071148303142
25 21 13 1 92929 0.9775885627706722
16 5 8 27 87445 1.0192662332975115
3 25 26 16 84536 1.0661472612847251
22 23 3 6 94521 0.9039183365133944
3 3 14 25 94513 1.0496564811634057
23 14 4 5 73545 0.9379414820575261
11 18 0 4 66662 1.0140303482917823
27 26 27 10 35728 0.9267220384769678
8 15 10 0 52959 1.0066826814930918
5 5 8 22 53407 0.9397998978239346
12 10 4 12 45000 0.9796338257496683
11 7 22 4 48796 0.9587157042707501
20 1 9 1 56873 1.0190798471478086
10 8 26 22 82427 0.9851309360398319
10 7 29 14 71425 1.0776154514118235
14 2 3 20 80808 0.9197463536159247
15 29 18 13 68906 1.0717972316386715
21 22 24 13 38620 0.9130548883776946
29 18 26 1 56310 1.0821417120037236
3 15 16 13 39747 1.011537001683273
15 1 3 6 68739 1.090895944948545
4 5 15 18 62903 0.9677036068834172
26 6 21 25 70987 0.9551360837654574
9 7 14 12 36435 1.0695770791534676
21 5 13 24 81190 0.9895758406674684
7 4 23 17 77813 0.9344803129665222
8 11 26 0 87559 0.9534745811110393
7 23 26 26 65393 0.9237841649244783
5 18 24 23 66301 1.0752030305644484
11 8 25 14 60861 0.9094914589023756
15 24 21 20 33007 0.9382249156385666
19 25 1 29 54363 1.0079133728446732
17 27 14 20 41053 0.9603153027199682
26 5 17 27 78181 1.054609261316839
3 19 25 2 105128 1.042086701758024
23 27 13 0 112062 0.9832728499828651
9 25 21 12 85329 1.069392146410245
15 4 7 16 61476 0.9997116084403226
24 14 0 3 97694 0.9790038087062195
25 4 25 27 65437 1.0440942975408094
8 6 8 17 45378 0.9405521056646323
11 25 11 8 73546 1.0747346250234184
10 16 3 13 29548 1.0896179766467873
27 3 6 22 96576 0.9828265314967526
21 11 17 22 47991 1.085709442296699
5 8 29 0 85805 1.0595871039834306
18 8 13 21 55016 0.9643842006672125
16 8 28 24 71595 0.985711029921286
9 11 13 2 50165 1.02866462941681
17 23 3 26 55174 0.9388293404981896
2 24 5 8 55641 0.9148967266325361
5 26 29 1 123882 1.0147457339359574
11 4 15 10 36077 1.0867390788399414
22 0 20 15 51595 1.0133162464338605
16 25 0 19 64520 1.0573240432050957
4 24 10 28 23007 0.9409680813880372
14 25 0 12 73433 1.0010682389191803
24 22 0 3 107590 1.0500586173609805
14 11 15 25 61996 1.0768851664126609
5 3 29 7 84899 0.9970489474831155
9 12 3 1 54522 0.9518843168657845
19 2 5 12 70188 0.9240133125564521
4 28 29 25 66715 0.9746532353101698
26 20 19 15 32292 1.0903667346014738
8 5 1 18 54779 0.987406776767473
4 12 21 29 80966 0.9028009175919997
27 12 9 0 89183 0.9112451608541633
28 11 14 14 52733 0.9658222054481602
13 15 7 27 45195 1.0142974185447324
22 13 5 24 71054 1.0169320598008167
12 18 2 20 34954 0.9573548711708582
27 5 10 1 83724 1.0770479225578418
17 21 20 29 33530 0.9016921722975009
23 25 4 8 89964 1.0856016872446184
23 5 20 14 37314 1.041889253433905
26 5 23 21 53940 1.042722351407753
20 14 7 3 69067 0.9422492371624825
28 17 6 8 77383 1.0033527707585026
19 0 23 29 99115 1.0491962790853018
9 13 4 18 27872 0.9279872165671393
9 27 26 21 55638 1.0312964777432962
2 25 5 6 65207 0.9705027511782065
15 2 1 22 91283 0.9229628217355224
9 22 22 24 56870 1.0951538970259964
16 9 6 0 48277 1.023454134609121
27 22 18 17 36212 1.0177451115821585
27 21 0 21 73503 0.9547005014606913
18 22 8 15 48751 1.0517026388351667
6 9 9 23 49557 0.9599183948931136
7 18 1 22 24413 1.0070086114542123
15 3 27 26 93835 0.9815596993888659
19 2 27 10 43226 1.0366343757785268
18 7 10 26 90070 0.961650317719398
22 11 12 14 46579 1.0329558995520698
6 29 7 1 69437 0.9580856502348662
0 4 29 25 122140 1.0838070231983854
4 9 0 1 34193 1.043586480907557
3 13 1 25 34887 0.994366881179487
21 2 20 16 46539 0.9740984995878567
9 17 5 6 48260 1.090113150888256
27 14 5 16 58938 0.9620916305096162
13 12 22 16 36206 1.0188791899482892
12 25 6 1 82342 1.0667297691702562
28 13 14 6 62344 1.0966971534744054
19 29 1 24 53249 1.0792101482585224
1 23 18 9 78829 1.0114524179529365
1 23 20 4 93717 0.9566427581993215
20 29 23 1 95805 0.9664245866362533
14 29 13 15 52920 0.9941158583010664
10 12 12 2 55662 1.0154944059017335
13 22 20 15 38263 0.9007752054168611
10 17 24 3 90409 0.9193150764440133
28 13 20 24 50032 0.9353551373242415
11 16 18 10 43026 0.9543326855292076
10 5 25 28 109899 0.956887978810694
25 24 4 3 109544 1.0878384269031727
18 20 10 27 47435 1.0755934991543659
0 2 22 24 110002 0.9543694876211659
20 29 12 2 109458 0.9620129674438396
9 21 17 28 49760 0.9744755135253548
26 1 10 7 72415 0.9623143720898645
10 25 2 9 77056 0.9550376080744135
15 15 25 28 62635 1.0211378579152974
16 4 25 0 46125 1.0511810500666496
4 18 15 29 53260 0.9559993304164606
29 14 21 2 59653 1.0135679610589778
17 14 1 5 69694 1.0974782863299155
26 7 11 0 72678 1.065128378541631
21 18 22 0 66785 1.012730427976432
17 20 5 23 48038 1.096247896404921
26 14 2 16 68050 1.028514004960071
22 3 9 26 116897 1.0188039947736864
16 6 13 25 78255 0.900396330529896
19 9 19 28 68913 1.0256744508075224
23 14 21 3 43207 0.9408941627233003
7 18 12 26 44922 1.0977618602376265
9 21 4 14 29881 0.976563250490282
4 28 0 13 44131 1.015101927686798
23 7 7 1 68469 1.0813206944270828
23 2 26 10 35432 0.9068267507420551
6 8 28 24 89482 1.0392288635383002
28 4 28 26 57334 0.9797494051347824
16 20 9 3 83317 0.9354161662350962
28 20 15 22 39654 1.085952965977779
25 13 15 6 55762 0.9488975748469946
26 18 18 22 32453 1.0890913701345157
20 11 11 16 38299 0.9806334638093235
0 15 13 2 73503 0.9831716045659957
18 13 21 3 43494 1.0748939352414573
14 4 0 0 64006 1.0219002243886561
19 11 29 4 49523 0.9481008497216562
14 2 4 12 61075 1.0451914927037858
2 2 23 16 92273 0.95284562777528
7 16 9 6 44765 0.9400476319305697
0 12 20 3 80119 0.9614562671296292
3 10 18 11 60866 1.0508021368202507
11 23 29 4 101486 1.0083794142876987
12 29 29 26 51994 1.0405608020239303
0 0 2 14 41981 0.9613747786847451
3 16 19 28 67722 1.0738989145374789
16 14 24 4 62753 1.0939656994448421
22 12 19 24 50346 1.0503562620252844
10 26 0 19 45449 1.035401299490873
26 14 22 6 41161 1.075651835076604
14 23 19 28 36758 0.9961841008372894
4 24 18 25 43942 0.957009132112293
24 12 9 15 49141 0.9829642451556561
13 3 14 13 40010 1.0210498187622776
27 26 17 27 25497 0.9530246898549781
23 16 7 21 56348 0.957126843474163
6 12 26 9 64864 1.0711522695166409
19 24 28 14 51686 1.039977351822302
25 8 17 14 47531 0.9863982371832506
1 12 16 21 57115 0.9138711647071647
2 1 5 29 78963 1.017756529778595
25 5 23 28 70964 1.0704920418953274
18 3 19 21 63980 1.0146735497354646
28 11 6 29 90755 1.0485098015949839
13 25 13 2 80297 1.0483987616160229
21 26 26 16 45094 1.0886808998590742
25 10 13 15 57830 0.9394569979313808
10 11 15 2 58182 1.0419932627376467
3 29 7 11 56963 0.9936594666870885
26 15 19 25 53460 0.9440188712428815
23 22 6 21 51108 0.9896456112392483
4 9 6 22 33525 0.9705676662042073
2 29 20 8 96496 0.9221360141791697
3 15 20 23 61021 1.0247398924521045
24 28 10 6 107236 1.089742074770336
19 22 27 15 40377 1.0058726777303306
24 23 10 2 111353 0.9128329748935208
20 16 25 0 65550 1.051839027544464
17 26 25 7 83418 0.9118059342831698
9 2 23 4 62179 0.9525275551193548
3 0 22 17 92712 1.0502389873242302
11 8 0 5 40338 1.0968319148870849
17 18 9 16 39619 1.0962961485320555
0 5 17 12 75794 1.004707143709582
13 13 21 10 40324 0.9496151226859538
9 13 19 23 65651 0.9280248981630284
29 22 11 22 55575 1.0037974115434607
8 29 11 16 52542 0.921460702561801
6 25 26 5 103363 1.0802387915063136
27 2 1 21 108220 0.9109468853525865
13 20 4 8 48902 0.9944691179212086
20 5 5 16 66394 0.9968346516450148
2 26 19 27 41810 1.08745702381548
14 27 9 17 55704 1.078149686455299
13 24 16 0 94548 0.9298106593796551
23 19 1 0 93527 1.0935324935319828
26 20 8 4 93702 0.9234001987153532
1 7 7 2 33370 1.0414150644806823
3 8 24 17 78633 1.0341830178237228
17 2 1 23 101989 0.9995132217500988
18 17 24 29 54667 1.0342744378089952
26 6 10 11 70344 0.942386350227167
22 3 14 11 60723 1.002607326384732
17 20 21 9 50594 1.0129054615505546
9 20 7 3 55623 1.013975258109871
23 0 2 4 93484 0.9993984578095454
21 2 23 13 44721 1.0900204599909342
27 8 24 25 53414 1.0974888320928828
27 21 7 1 100204 1.0190177876212485
10 6 3 17 57718 0.9552379840366939
23 13 25 26 50807 1.0838839300151148
5 23 15 11 62346 1.0992578094889427
3 7 7 27 57891 0.9149990134120436
25 5 17 14 61341 0.9344236552712109
20 2 26 28 80887 0.9240940953832816
4 10 19 29 81414 0.9690497534661816
7 18 24 18 51669 0.9962168478555827
2 5 21 17 82005 0.9749244467663852
0 12 25 8 78608 0.9892840976313704
10 27 5 14 42530 1.0301611313817218
13 13 11 22 35809 1.0983014143144758
29 14 3 11 83182 0.9426920590110928
22 23 17 10 65104 0.9040276431937885
5 28 9 19 30511 0.9655010579602948
12 7 5 29 74868 0.9769520055513551
26 18 29 7 40897 0.9163792065305126
14 16 2 22 46966 0.9742226194714536
29 6 18 6 45377 0.9634959354232205
28 4 21 16 49149 0.9898404414696148
8 9 26 4 66976 0.9069194315042699
16 23 19 14 46756 0.9909667786272683
24 21 22 2 71727 1.0758079967144378
13 9 15 1 38740 1.009552057568943
26 18 1 22 70338 0.9572348591456075
27 5 20 9 28390 1.0210546842145958
19 12 11 23 66590 0.9416282639470381
22 25 7 26 49370 1.0964056245548837
22 16 11 4 74318 1.0507356872702882
8 3 24 20 96158 1.06257475825582
18 11 28 10 43963 1.0456170334329398
8 21 26 22 53977 1.0321537845059419
18 5 22 14 44365 0.9121023096952509
21 22 26 1 73456 1.0079451383093336
3 12 12 22 56194 1.046203769598129
