5574 5900 6477 8241 8058 5398 6202 8043 6275 6009 8081 8256 6757 6885 6869 4752 4166 4828 5072 6507 5683 6227 5387 3252 6655 4183 3611 3750 3951
4092 4217 3330 6156 3052 6142 6045 5598 3733 3396 5743 3997 5324 6040 2739 4253 3003 3822 5152 6163 3038 4573 5176 5685 4070 1208 1964 4567 3454
3593 4982 5867 4513 3117 3560 5379 4526 2971 2373 4109 3297 3440 4044 3035 5132 5385 5789 7574 5821 6157 4708 5301 5171 4070 4342 7777 5590 4506
2716 4555 5264 4782 4472 4514 2523 2520 5438 5147 4432 1971 2285 5375 3632 4634 5576 3143 4097 5759 5641 2972 3447 4100 4958 2560 2212 2643 6878
6854 3358 4781 3867 4279 2287 1912 4886 5424 5287 4777 5142 3816 3716 3799 3151 3412 2466 5365 4255 4645 2491 2664 2544 2326 4061 5491 4083 3824
1930 4554 4593 3343 8291 5416 6958 7061 8489 5553 7371 6036 8212 8178 6688 5187 5750 7543 8653 6901 8112 7082 5977 5260 6508 8142 5688 8634 6343
1726 1625 4178 2211 5259 3422 3913 2571 4694 3416 2395 5216 3598 2528 3888 2118 4209 5606 5300 3514 5891 3284 4109 3806 3710 5435 3681 5318 3580
5856 5610 3888 4702 5682 6253 4451 6516 4335 7560 5933 4683 4023 5858 3939 5906 4138 5866 6893 7122 4858 7111 7153 3821 6523 4515 7143 4756 5168
3365 5211 2805 5424 3035 3081 3432 4396 6516 5798 3965 5984 3357 5594 4976 4941 4471 6447 3373 4203 6709 5194 4011 4904 6329 4800 4648 6714 6562
3735 3546 3181 4156 2969 6033 4689 3802 5936 3508 4799 5832 5125 5897 3310 5538 3084 4610 4676 3740 3436 4931 3963 5871 5424 8179 7260 7615 6658
2980 2499 1749 2068 2579 2877 4693 3161 4696 3515 5018 3728 3303 4451 4329 3988 4809 4747 3936 2574 1923 4062 4558 2088 4961 1549 2642 5005 4088
5219 5237 5303 7108 3853 6815 6316 5806 4874 4111 4325 5185 6511 7261 7403 6752 5356 4531 6105 6989 5982 7497 6386 6787 4069 4280 5420 4727 4921
7322 6018 5916 7384 2457 2561 3516 4904 3542 3353 3095 2518 5162 2947 4420 4089 2101 2734 2100 1442 2297 2887 3451 2839 3479 2763 2393 4989 3895
4040 4605 2498 3116 5500 4560 1935 4622 3590 5323 4775 3787 4966 3768 4178 4848 2369 5440 2517 2278 5229 5027 4653 2336 2033 3406 4964 6628 6346
7483 7439 7561 7972 8320 5093 7552 6035 4627 5253 5798 5616 6956 8377 6725 5997 8038 5290 7516 5737 7468 8147 7298 6918 4897 6605 7232 7443 7335
2410 1399 3493 4803 3023 4882 4968 4452 1983 2603 3324 1443 5069 3242 4796 3806 5078 5074 4901 3033 3598 3009 4727 1870 5194 4040 4016 4174 7174
7338 6746 7086 6308 4246 7543 6449 4519 7585 4436 4660 6548 7081 4184 6581 5810 5414 6630 4830 7461 7277 5634 7177 4839 6866 3430 4072 5406 5785
6572 6065 6491 3961 6291 3786 3966 6276 4788 4928 3815 6062 4833 6194 2711 3902 4764 6207 4713 5779 5755 3902 5106 6303 3882 4424 4054 3959 3661
6086 2616 6032 2832 5898 3700 5073 5150 2717 4641 5392 3277 6176 4037 4875 4594 4865 2907 3748 5202 3589 6171 6070 5955 2978 3874 3052 5468 3794
2688 2727 3371 1523 4380 4663 4803 3027 4659 2349 2025 4663 3150 2174 2404 2176 4123 2121 1670 2092 4192 2884 4611 6088 5504 6044 8679 8448 6570
3045 5563 3504 2271 4986 5744 2225 4233 2875 5636 4566 3009 3392 2791 2174 3917 2688 3244 5408 2227 3411 4413 2595 3391 2368 3968 2050 3618 3988
5000 6058 4106 3616 5133 5199 6210 2968 5677 5653 4266 3446 4724 4331 4773 5081 5551 2532 4887 4502 4590 3931 5443 5765 2532 4542 3696 3707 4237
5464 3394 3789 3386 4003 2616 3370 5721 5581 3021 3371 2537 3461 6491 4658 5859 3205 3371 3085 6168 4284 5258 6076 5209 3742 5889 6619 5898 6279
3874 6015 3671 6241 4016 4552 5026 6112 4931 3686 3330 3828 3916 4653 6151 4254 3092 3507 4664 5433 3364 5631 3604 4447 5676 6831 4271 6814 6195
2877 5805 3053 4038 5080 2893 4108 5043 4740 6129 3767 5033 3006 4530 5775 3952 5098 5668 4884 5617 6821 7160 6695 5999 4720 4627 4820 6907 5206
4591 4699 4973 3290 4121 5054 3445 4611 5830 3853 3342 5596 4028 4681 3213 5807 2458 2929 4608 3190 4452 4637 4757 5231 5126 6293 4698 3964 4112
4388 5047 4589 5411 3220 2970 3039 4040 2780 3421 6467 4737 4164 5309 4641 2790 5177 3215 3325 2989 4530 3419 2912 2929 4839 3954 5749 3652 5506
5701 6476 4732 1964 3765 2244 3844 2973 2231 2453 2152 1747 2820 1539 2824 2172 3123 1867 4528 1863 2222 4494 1927 3618 3695 2661 4744 3899 1587
3975 3352 6263 7013 4696 4138 4508 4567 6732 4011 7022 4207 3586 5773 3346 4102 6962 6601 3651 6703 5019 6239 4145 6849 6626 7125 5321 6017 5853
2625 4297 3222 3950 5220 5121 5858 3175 4896 3910 2487 3578 5574 5253 3402 3915 4261 4938 2606 3215 5686 3723 3905 4769 7686 7480 5629 5513 5497
1042 7564 4632 5339 4927 3822 4102 6256 5543 7265 2738 3345 2184 4855 6035 3303 1977 5029 6651 5794 4740 5131 4925 6863 3919 4319 4936 2454 7455 4656
1606 6494 6571 6215 3650 5427 4872 7478 5146 8181 2021 4645 5125 7272 3083 3699 1645 5890 5048 7256 4330 4021 6347 5175 1560 5826 6316 2980 4487 6621
3669 8163 4896 2755 3435 5046 5328 8660 7395 6958 1954 4663 2468 3691 4639 3252 2769 8044 4787 5864 7075 3162 5364 8160 4119 3729 6916 4818 5163 5214
1222 6474 4800 6801 4811 4800 5284 5523 4432 5097 2350 2831 3628 6450 5902 1143 1799 5193 6722 4661 3497 3412 4598 2262 3783 3301 5161 4167 4751 7397
3820 6091 6045 7254 6337 5024 6398 6225 5962 8363 3016 4057 2584 5979 4834 1802 4775 8431 6441 8145 6694 3198 3122 2130 5096 3481 6595 3717 5059 6431
3423 7282 7086 5119 3563 6681 5624 5283 4315 7075 4142 2347 3936 7040 3764 4792 1342 7834 7280 6951 4545 5502 3571 4948 4312 4188 5122 5012 4507 4200
4355 8503 4870 7145 3619 5250 5576 8556 6268 6938 1984 4742 3095 4957 5314 4646 3231 6226 4887 4563 5815 3666 3784 3811 1485 5941 7690 4420 8194 7283
1982 5790 7583 5284 4734 4674 4347 7677 3674 7809 4457 3658 5841 5593 4168 4915 2458 7065 4377 5084 2912 6167 5603 2327 1590 4802 4771 5797 4712 5543
4169 5161 5705 4947 6660 6729 3900 6096 4636 4650 5671 4246 3737 4544 5574 1961 2381 5813 5861 4605 5299 2708 3512 3013 3139 5003 4868 4896 6349 3707
3605 7311 6438 4096 4606 5862 6407 8288 2320 7511 5665 5796 5741 6785 4171 1977 1423 7372 7498 5712 4960 6262 4080 2173 2249 4167 6187 5910 4746 7020
2504 6087 5691 6396 6334 4590 3721 4622 4547 7966 3265 2809 4342 7110 3111 2689 3496 6644 6557 7780 5361 4787 5310 4591 4965 5566 8252 5917 6715 4726
3630 7820 7384 5710 4177 5332 7534 5600 1865 4584 5849 4734 5577 6997 2839 1783 3767 8125 6444 7758 3083 3354 5673 1987 3424 5668 7398 6633 5092 5086
4832 8374 7978 5344 6450 5510 6843 4386 3866 4609 3528 5523 2385 7059 5221 4561 3001 8322 4812 4830 4218 5244 4804 5174 1483 6863 4491 7150 4807 6823
2802 5488 4279 6162 5272 4915 6543 4042 2822 7318 5751 3956 4927 3896 2415 4781 2421 3942 7450 6438 3296 4084 6007 2301 4194 4585 7087 5920 5828 5710
1624 8482 5094 4169 4379 4996 5134 4254 2421 4922 6492 3097 4837 6750 4626 2637 3011 3260 7018 5769 3794 4128 5751 4422 6910 3336 5155 6645 4642 6803
3964 5731 6588 7329 7593 4494 3911 4369 1676 4755 5344 3161 2993 3638 2853 5003 3788 5084 6147 4485 4585 5196 6293 4491 6804 5903 6188 4016 5509 6871
3471 5424 4987 6629 4940 6422 5560 2857 4459 5271 4373 5940 2778 6122 2826 5120 1767 2660 7728 6652 3251 5813 3375 2687 6986 3636 5483 7655 7205 6084
4166 5146 7509 6020 8086 6155 6166 5400 3899 6993 3694 4298 7988 4940 1992 4293 2986 4966 5571 7313 4308 5991 3378 3893 7659 5054 6324 5937 6470 5054
6634 5348 7650 6216 7506 4802 6439 5806 1632 6406 3297 3382 6444 4842 3068 4576 3529 3280 6369 4616 3143 5744 3520 5176 6555 6381 4935 6228 7121 4070
3876 6199 7108 4176 5276 7208 4129 3161 2824 4875 4152 5485 7781 6637 5490 1861 4724 3407 5143 6132 4661 5353 3247 3742 6119 6316 7145 4404 5527 4640
5128 6143 4351 3802 7453 6089 4188 5357 3799 4646 3666 5052 4968 5767 2264 3251 2993 4189 5173 4414 6188 6188 3010 2809 5022 4588 5117 5261 4669 6929
5481 7519 4816 4422 5021 5815 2659 4895 3712 7666 5712 3210 4653 4931 1992 4473 2625 3975 7880 4747 5210 5089 2684 5490 5120 3369 5090 5105 2482 6429
5255 6684 4709 5249 5382 6600 4702 2665 1472 5247 4303 5475 7734 6830 2443 2625 3574 5083 7155 5734 4168 5016 4390 3587 4234 4858 4882 4193 6080 5972
5478 2702 6244 7299 7724 5811 3304 3110 3865 7485 4145 5227 6815 6106 5487 4702 4731 6185 5782 8170 5783 4768 4976 2567 7370 5702 6815 6432 4790 7579
6166 5651 6903 5598 5810 2393 3484 5388 1402 7436 4791 3973 4670 7484 3526 4597 5137 4486 8017 7840 5648 4682 5383 2474 5327 2461 3765 7599 2969 6537
3672 5344 7664 6530 7276 1506 1586 3671 4180 8067 4722 5457 7542 7498 4107 2918 4027 4132 7296 6903 5967 5027 3895 2673 6841 4034 5296 4692 4953 4242
6286 3863 4293 6007 5215 2664 1497 4411 4182 4820 6240 6376 5259 4758 3093 2772 5726 5124 4429 5635 5356 6377 1985 2082 7573 4751 4307 7611 5464 3855
6709 5303 4632 5612 5305 1539 2906 3155 3427 5884 5738 5579 6082 7417 4906 5458 7283 4596 5992 6550 5510 6322 5472 3908 7208 3022 5169 7481 4077 7270
6496 3752 6791 5064 5766 1816 1939 6035 4699 6703 3375 3868 4834 4030 5207 2026 4317 3223 7675 5514 3129 3346 5413 4379 6588 4921 4933 7291 2359 7103
25 3 7 20 110058 1.0243473021483411
5 1 9 20 82291 0.9528704073388014
6 24 1 14 49387 1.0511291571579022
14 4 11 14 48616 1.0591743882929299
11 24 0 20 47840 0.9487751518831333
1 8 21 18 89665 0.9791326072714845
14 10 26 20 72749 0.9043694254005424
16 4 16 17 58510 1.0572281872324178
27 13 10 4 77336 1.0199625720078473
27 23 18 26 43407 1.0351749308858635
17 14 26 28 72494 1.0571866300600805
8 28 3 0 122508 0.9800509172694285
13 5 6 28 96394 1.0459588529898909
16 6 12 19 54278 0.9767335576969534
19 25 22 6 72145 0.9946129818737671
20 6 0 8 85291 0.9809341319243257
25 7 22 27 83744 1.057841007530416
3 22 18 5 105284 0.9770689423902602
28 22 9 25 75674 1.0910096415062789
24 13 27 4 40862 0.9950024294827878
26 2 9 23 112146 1.0267264730832937
7 2 14 23 93618 0.9060536313807477
29 5 7 21 108865 0.9562611975356067
4 23 8 3 87215 0.9361434283034281
23 9 2 10 79263 1.0404170129296535
11 24 8 10 59650 1.0631863159787904
22 13 20 26 49609 0.9212570405596073
23 1 9 3 68565 1.0554409462902314
27 27 24 20 37176 0.9192180068783102
12 15 25 1 90745 1.0714540131139243
29 7 26 17 37486 1.031037883609973
10 2 15 29 103357 1.062335408526811
27 2 1 10 105464 1.0842362779239902
6 9 23 7 65930 1.0568918956068156
29 3 16 15 74893 0.9895066749079864
20 22 1 5 110947 0.9121929365145298
8 19 3 25 36451 0.9601981086563641
16 8 13 24 57709 1.0848691572940061
27 13 0 26 114390 1.078571060552684
19 15 6 22 61702 1.046484380374019
18 29 17 3 104428 0.9612685922882435
15 1 9 28 106300 1.0643271075609022
16 0 5 6 57512 1.0752144372167736
17 22 1 15 69141 1.0329469090235044
18 14 26 8 43342 1.0741746759619604
7 21 27 23 80088 1.053354821184223
1 14 21 9 84565 0.9524949192886324
10 20 5 25 28992 1.0865898291745202
25 27 8 4 129621 1.0747106942015512
11 21 7 14 35381 0.9932526841679266
23 3 17 28 105822 1.0403776535561355
18 26 15 2 98083 1.0355604254178412
16 7 23 22 68522 0.9555275584058761
7 7 5 24 77785 1.078546386917326
26 28 15 28 57775 1.0729452880557142
11 15 16 21 34351 0.9387113558204642
22 10 3 5 86100 1.0963987476311785
12 12 25 14 50101 0.9457169336980515
3 9 15 1 73512 0.9039946070312288
28 21 13 25 65506 0.9575357619641671
6 20 17 8 76161 1.0276462095133443
7 22 6 12 43720 1.046004334040143
14 10 25 12 58439 1.017609558592125
3 24 26 16 95646 1.0152171672381787
7 10 28 0 101956 0.9951527461874632
27 14 16 28 84938 0.9711537078829533
24 8 8 25 97170 1.013210543497328
13 29 23 20 73944 0.9982340563799019
5 22 11 26 33263 0.9532800613337779
12 11 17 1 57274 1.0950380043773114
18 15 20 1 56481 0.9468957869697705
25 18 12 3 90963 0.909461228653854
16 19 18 28 50695 0.9542633641035123
11 3 25 27 127105 0.9599263791728286
16 16 29 20 59849 0.9833335906288645
22 20 6 21 71824 1.0331702671986938
10 2 23 5 68790 0.9607695027792965
8 16 25 6 80300 0.9486361560134727
5 24 17 17 57205 1.0367974587679032
0 10 12 4 59947 0.9054049859851491
14 1 22 8 57503 0.9136917393802348
13 28 10 3 89198 0.9842015407619309
6 22 20 22 56337 0.9063065308176061
24 3 4 14 107234 0.9466556812797642
13 21 6 29 50435 0.9040392467182251
11 24 22 12 64197 1.075750590932729
7 25 16 16 51400 0.9443104395112228
0 3 24 28 159793 1.0207940576289734
14 27 20 17 57313 0.9724977039157034
21 22 21 8 53562 1.0345529049326028
1 7 0 18 50421 0.905915167057511
4 11 26 10 87317 1.0114483242946495
22 21 23 8 56564 0.9559659707639618
21 25 24 14 51668 0.9482514357506718
25 24 5 23 76894 0.9055299102490906
14 25 29 19 72568 0.9911789624563989
17 6 26 2 51599 0.9206564342509898
26 26 1 28 109384 1.0792695774471497
24 21 12 7 84345 0.9648796001365659
18 22 7 13 66549 0.9317024296059698
28 18 15 17 59677 0.990717205031827
14 10 26 28 96822 0.9958829075464626
23 25 6 20 81646 0.9589935120783587
15 9 21 17 41479 1.0815264432770286
13 29 20 22 54865 1.0387456504583183
2 0 24 5 99653 1.0162229415295196
9 1 5 27 113718 0.9011289019046663
3 18 18 29 92677 1.0367573151594578
19 17 8 11 57036 1.050649396771635
12 22 9 2 71754 0.9968415009837803
8 29 6 10 86905 1.0094575127892675
28 12 5 5 100773 1.0717697276459188
29 10 13 21 81829 1.0733268683131747
25 3 29 9 32158 1.062986194112885
11 11 21 21 64997 0.929467253948633
20 0 28 12 66396 1.0617199782234388
7 5 26 15 93221 1.0407145345422015
4 16 16 14 42703 0.953250168071012
18 3 14 29 115420 1.0339188842900375
0 14 20 0 114792 1.0932597355500986
9 23 17 21 36834 1.0865167129891662
29 16 3 3 128431 1.0082062710368345
17 4 0 13 92627 0.9030136117280253
25 25 14 15 67928 1.0129092547263596
15 13 9 7 36065 0.980196553932621
26 29 5 21 107422 0.9968555815728906
2 2 16 13 90001 1.0378456504252618
10 22 11 5 68245 1.0596151973081827
25 19 4 20 92653 0.989846532883506
0 25 22 23 82941 1.0423713358556927
15 4 3 19 89454 0.9739419850025565
4 8 17 3 69752 0.9865850425344009
14 12 23 17 44353 1.0574139727354357
29 2 9 22 114262 1.0722523458143995
6 11 4 26 57694 1.0600525734224697
24 5 11 23 89261 1.0893140871568745
18 10 3 24 87724 0.9139258625583999
1 7 12 26 86720 0.9101196287155654
17 13 0 13 73290 1.0939699481008074
13 11 27 9 54296 0.9436033793672328
16 10 28 20 71744 1.0136315469727317
13 16 26 23 59233 1.0139276324279085
15 15 26 24 60536 0.90649808328601
6 10 11 29 78955 0.9261027196597723
17 18 13 5 57287 0.9221833690762268
15 16 13 28 46715 0.9133538774514928
21 3 0 21 124714 1.0830470655851767
18 4 29 15 70109 1.0970317769232334
10 3 25 26 119474 1.0510118759718774
13 8 25 26 93818 0.977478294716248
17 2 1 21 118452 1.0639037940433609
9 12 29 7 84514 1.046127118795414
23 29 12 14 85302 0.961134374003254
5 10 29 14 100380 1.0746493972446385
12 11 17 5 35903 1.0817162013704298
24 13 29 1 57141 0.9094404637655633
24 19 7 5 101029 0.93974531827891
8 16 3 3 62254 1.0947085126455642
29 9 4 25 116427 1.0404357778699362
16 20 17 5 63867 1.0869685048211664
15 4 11 20 63484 1.086927752666216
17 2 7 7 64633 1.0388258767120804
13 5 9 23 69872 0.9448141443622011
11 10 26 17 74193 1.0011612753609
26 21 4 3 133488 1.040411910600974
16 22 1 1 117743 0.9986005133061584
15 29 27 24 71402 0.9920921985274946
6 24 13 7 71755 0.9337348204735672
22 24 0 10 107573 0.97614275537986
18 3 17 18 63766 0.9537484058300957
25 29 13 22 71862 1.0042448958287218
18 25 6 18 68786 1.0721056101525728
12 20 29 0 102675 0.9935247014544423
9 27 22 22 61825 1.091446410558625
7 18 24 12 69965 1.0846732868679934
27 27 23 9 71240 1.0785383118579106
22 24 15 27 44604 1.0032434172899007
23 5 4 14 96433 1.0928284742240966
19 13 4 28 86412 0.9613512066055012
2 6 21 10 83991 1.0891990055942302
8 18 20 14 48699 1.0334590541368414
9 26 18 24 48363 1.017394546924332
16 26 2 8 91844 0.9789713066533625
23 11 4 12 81218 1.092209196039042
22 21 7 7 94983 1.0684813725564652
9 19 23 10 70196 1.0593763236480156
11 18 0 1 95990 1.0802821321511233
6 0 20 15 84906 0.9212406561592883
0 18 14 24 65585 1.0293811818500167
7 12 29 22 107742 1.0381525232499662
22 24 17 2 96334 0.9835977672597942
3 12 14 6 60855 0.990159820796886
2 24 22 13 88912 1.0546874223441807
21 9 23 17 39041 1.0711624975262155
6 21 0 27 34343 1.007307139052242
13 21 27 12 68817 0.9535440036671762
27 17 20 0 72792 1.0848194201936585
22 12 26 27 72060 1.0161383757434894
19 14 28 23 52301 0.9205692310807857
13 13 21 19 44026 1.0556299366652302
2 28 21 27 91679 0.9628960444047877
29 13 0 8 123184 1.043862759214926
29 26 16 6 104432 0.9078751133796296
22 28 12 10 84562 0.9179076406485012
7 9 14 2 51158 1.0102557790472426
27 23 2 8 115539 0.9196514913261774
29 8 29 19 44550 1.0398342783990733
17 4 25 1 50817 1.0334207623383334
1 23 23 5 126168 0.9458019653565966
17 22 2 4 103765 1.0967385952256206
14 18 2 8 65825 0.9791262060278757
28 22 21 29 49169 1.0666215397653342
7 17 6 29 58381 0.9018240911394174
3 19 19 4 98464 1.0139829378525376
5 26 2 17 48915 1.0733989063122786
15 11 6 2 59000 0.9190813363019265
4 28 0 17 56159 0.9848559418980669
25 10 6 4 83124 0.9558109517342652
0 26 17 4 121019 1.0813781827097193
8 13 29 4 93903 0.9402524077191703
11 29 20 3 107973 0.9934905540127128
1 13 13 21 57558 0.937763332880799
2 10 21 20 87237 0.984250495779946
23 3 27 17 52312 1.0283593474806296
1 19 24 13 84493 1.0504945495011997
22 25 9 7 91266 0.9775279103792722
2 26 13 23 43422 1.0783389955682667
11 9 7 22 65518 1.0599023556594052
23 8 28 29 79065 1.099631177721408
9 27 1 24 42140 1.0311881202215505
4 6 16 10 58340 1.0797586474365855
3 2 15 0 45239 1.0277329346698405
10 23 18 2 95935 1.0779508481594353
13 21 26 10 77630 1.098560169856784
17 6 10 28 87552 0.9778605313996754
4 0 26 12 109806 1.0290073718494708
28 2 17 7 55349 1.034883962538794
5 9 4 19 44151 0.9864476441103892
22 17 17 0 74007 0.9577427315037386
10 24 28 2 112400 0.9820031561350384
5 28 15 20 59723 1.0112765879945933
22 14 2 28 92369 0.9846026608411068
14 11 26 18 60637 0.9223998741509751
21 2 13 21 88204 1.0002916335443899
21 8 26 14 34848 1.0232341995016596
25 15 25 3 41657 0.9721773002821539
11 12 28 5 70374 1.073000566790802
5 3 1 29 108608 1.0755598227462015
28 12 1 20 107293 0.9549107370848011
9 9 1 21 68871 0.9903224927198616
17 17 2 11 62039 0.9119747194735297
21 20 22 8 53607 1.058233650437336
7 24 27 8 95224 0.9026629690360644
15 8 26 29 99123 1.0474596518263501
20 23 19 3 64920 0.9065627647701583
13 11 6 1 58804 0.9295674009958615
9 23 18 29 53718 1.0194143337763022
22 22 19 10 42615 1.040652722390135
2 4 21 14 96783 1.013901549792959
27 4 18 23 81388 0.9081085459136783
13 16 19 12 27406 1.0877048846804434
17 10 7 25 78162 0.9224107517050877
24 22 9 23 58137 1.0957689581284586
4 25 11 8 76511 1.0747920852559438
21 24 16 17 38120 1.052447936387584
4 22 27 8 107224 1.06425320209323
7 13 2 19 40087 0.9699292634763195
7 15 29 21 92735 1.0658620207722123
11 15 23 21 59972 1.0483650591594502
24 24 19 13 49337 1.0461327358129022
13 25 15 15 35606 1.0392060281965438
19 29 19 8 70547 1.0304606889726982
10 6 29 25 113695 1.0084780209615944
18 29 26 15 74743 0.9519865407324927
7 14 23 21 75453 1.0823978555496458
29 28 13 16 86368 1.0290141404889377
19 24 2 8 99507 0.9376991026152209
1 21 15 15 62503 0.956202344200066
15 11 2 3 74859 0.9712772208582034
20 5 10 8 41344 1.0918876847045773
21 1 25 12 58802 1.0756703766602096
9 16 24 6 76055 1.0257896473322905
15 26 6 17 56293 0.9691358525993734
19 25 4 20 69947 0.9503584875637638
18 1 25 19 86099 0.9831891321434235
22 23 29 29 43933 0.9447993810213753
11 3 0 25 115249 0.9175722915476117
18 4 14 12 42972 0.9907918098444937
15 22 8 10 62667 0.9489534794658757
18 22 20 2 69120 1.0482024373014316
21 0 20 25 88469 0.9261837529436532
15 14 3 13 50495 1.0355563982469984
16 24 1 19 70502 1.0589779345403971
23 12 14 0 70302 1.0868776472852846
17 23 8 15 48586 0.922981520023569
29 28 5 20 114352 0.9340692416836339
21 20 2 25 79763 1.0327442003929292
9 13 15 3 62586 1.0701215636054362
4 7 16 25 95879 0.9854700355659505
18 6 5 15 75391 1.0402642133474784
20 26 26 17 49717 1.051640770324752
28 18 9 28 99921 1.0459546364315644
28 19 10 27 86519 0.9203043997656185
4 7 10 27 89274 1.0571838153172082
23 24 4 8 113335 1.0494933676546059
4 15 22 13 62548 1.045975443527317
19 5 27 17 58090 1.040906173267672
12 27 0 2 114059 1.0046206848132464
5 12 8 20 40251 0.9380278987487393
0 14 10 0 79153 0.9943413777385939
1 28 25 21 104383 1.0459288941509826
7 18 23 28 95582 1.0826762037175564
14 18 22 0 87210 1.0091120712712738
25 25 0 12 117217 1.0171330792074804
3 17 21 20 71606 1.083117495445142
14 4 1 7 77592 0.9444881344775587
27 5 17 8 35988 0.9739133386913418
22 20 2 7 102317 0.9864509741103354
27 25 11 20 70798 0.9526316146391147
28 7 22 29 90384 0.9377834016767107
1 12 2 25 60377 0.9173215551514705
9 6 22 7 52484 0.9160046392396473
27 22 20 15 45607 1.0713595511048692
13 14 2 20 58879 0.9337853553346857
20 23 1 20 75654 1.0413502830928874
13 25 17 17 42119 1.0028954503678653
27 9 17 5 47226 1.0871851594702042
11 2 12 26 84449 0.9930304220171251
26 21 6 4 119721 1.0820641684563992
19 18 22 3 55109 1.0252857680325915
1 11 29 10 109522 0.9180829056805168
13 4 6 27 95981 1.0762460977518098
17 21 27 20 46174 1.0831652028873906
23 29 15 23 54786 1.0147544377756974
9 20 26 7 91178 0.9411451082475942
17 27 21 17 51222 0.9587508366417119
23 8 24 29 86429 0.9300418089598134
6 16 19 16 37259 1.0097452919170153
25 24 23 14 49972 1.0799026547454982
16 3 1 4 75669 0.9571536285252448
18 29 24 11 81551 0.9690856506181816
27 18 10 24 75636 0.9083296857614954
29 19 13 4 95386 1.084877509509292
26 23 2 21 88195 0.9684184858187401
22 15 27 24 43428 0.997013093451379
0 14 24 6 107000 1.0363716358665922
4 11 17 5 65000 0.9440039322847682
21 1 25 23 88698 0.9968683359721895
24 0 4 8 99073 1.089184308575066
21 14 12 2 71609 0.9973957579466611
22 4 9 21 90988 0.9530223342242201
5 18 29 10 98388 0.9729523438963276
13 18 20 2 73829 0.9760851447560993
16 15 26 21 58525 0.9471404101073436
11 2 29 27 139108 1.0374934786524896
20 29 0 19 106284 0.9032438627377951
14 8 23 1 53219 1.0692146629393968
17 15 26 22 55060 0.9798379304368772
29 0 5 16 112396 0.9255235542782351
6 23 27 27 86188 1.0848914465590458
10 1 7 26 98858 1.0441741417282993
11 24 13 8 56267 0.901439147406683
4 27 13 17 60442 1.0479075480962479
21 15 24 23 42869 1.0525980249324514
4 5 16 15 77795 0.9809961288154705
26 9 0 12 98475 0.997835109776249
13 27 16 9 69208 0.9143028138299636
1 22 26 3 137257 0.9513170787951105
5 10 22 24 97576 0.9336241267406818
27 18 11 16 60807 0.9788228361175506
11 20 14 28 38816 0.931475079063441
3 20 11 29 55615 1.0486223181730765
28 29 21 3 101253 0.9863401701203858
12 16 15 29 50692 1.0362715401461005
23 8 13 17 55278 1.0719778316157
1 0 9 17 77652 0.9945378875655474
9 12 19 21 59571 1.0457707450603846
27 3 7 20 107350 1.0330638807502026
6 3 21 25 113166 1.0259335013337054
15 5 8 21 76715 0.9085571321527296
11 24 4 19 38367 1.0544702682999372
17 8 9 27 81574 1.0931200297190327
18 4 11 8 39756 0.997074358068868
20 21 17 9 46589 0.9112209110286952
22 23 28 17 34880 0.9228762730971506
14 2 28 24 116536 0.9485296599657688
2 20 28 14 103475 1.0476531676978387
26 7 11 17 78520 1.0050313700776567
12 21 6 14 33436 0.972493351807944
14 7 6 20 74149 1.0532144673161836
13 21 22 9 64683 0.9576073870901156
9 2 3 28 110929 1.091106212466187
11 21 25 11 69038 1.0927849763333608
5 10 24 15 80232 1.0871863005979407
18 3 27 23 87110 0.9987035896129205
11 8 4 2 51271 1.0852058749556925
9 0 7 22 93713 1.0722530277274065
14 10 21 13 41473 1.0375495352734936
0 6 10 9 55648 1.042946514424823
17 17 9 12 43622 0.9905333534730711
8 25 17 26 45506 1.0614444453220775
8 6 9 22 73639 1.0154761285242127
7 13 24 11 78248 1.0585791325935174
19 26 12 4 94859 0.9557970201702246
2 15 27 9 89819 0.9225981905318732
6 22 26 6 109842 0.9707015058824283
20 14 21 24 37548 1.0068244648827696
28 12 10 5 78019 0.9042635466688512
14 11 29 22 82359 1.0725952919729054
28 7 6 16 85452 1.0586335862326894
15 16 4 11 48941 1.0889538195947597
5 4 5 23 80126 0.9734822807327088
17 4 26 10 53305 0.9414941352602622
24 2 5 19 121255 0.9347908134886792
28 12 2 13 96628 0.9458061380994978
16 14 5 2 76717 1.0218802995355514
0 26 19 10 100320 0.9443020244961741
25 21 15 28 65604 1.0252201345749719
12 15 26 20 64495 0.911436505199892
13 19 2 28 59294 1.0887692730189376
18 27 9 11 82975 1.0218198669576337
17 6 26 10 43228 0.9635166832256962
26 26 12 9 95898 1.0691862623648847
17 22 26 19 45397 1.0628139867572288
1 18 8 3 74955 0.909895185412552
4 14 20 2 96875 0.9520423598240051
2 13 27 17 91734 0.9727666524312599
27 17 5 24 90278 0.9302333009138373
27 20 0 16 94494 1.0792979551497979
26 0 2 26 152710 0.9603963612641626
19 11 6 2 71789 1.0820772160365775
3 8 11 20 65970 0.9549395263658796
14 12 0 6 73506 0.9591700896187288
28 11 14 25 87472 0.9696041822163817
16 23 13 13 48313 1.0557435122766878
1 23 11 13 71439 0.9149326439685628
25 16 0 17 79516 1.0437441498361706
12 29 25 23 64977 1.0889829656906727
18 13 12 19 33565 1.0148499593042493
5 25 28 27 97427 1.0807607547702254
19 24 28 5 79754 1.0321961267911786
12 16 24 4 75342 1.0399433393405852
18 29 29 3 109323 1.095655443511156
15 28 9 20 47587 0.9643370203723275
27 9 2 26 117229 1.0019256487950077
27 13 21 4 44433 1.0093961564203437
29 11 3 0 114088 0.9445386079136577
6 7 23 15 78007 0.9571612919754393
22 23 27 12 42762 0.9498650657335366
28 26 25 1 82978 1.0151560761510783
16 9 1 7 72005 1.0740853452327386
3 27 9 11 72172 1.0435796188836002
29 7 4 7 94901 1.0492930890036114
17 3 10 13 60729 1.0815899210772661
14 6 2 9 61089 1.0969280267051262
10 9 24 23 88305 0.9831542376608448
17 14 6 7 58333 0.9811990959168436
11 13 2 11 44740 0.9741160626840296
23 15 21 2 59369 0.9165764330946334
23 26 29 9 73051 1.0703046614316065
10 1 17 18 76074 1.0447218601898536
22 4 5 7 73818 0.9404360555996164
9 1 1 12 68450 1.0765042244256764
25 8 27 27 61042 0.9969183354569372
7 2 9 16 62347 1.0941103383732758
27 15 5 26 98286 0.967549557012271
20 2 25 28 107827 0.9934584542972364
23 15 20 25 43069 0.9400343835287894
1 28 27 1 153386 0.9969069289732635
21 19 5 7 91154 0.9504990014820459
1 13 25 12 92746 0.9948828167994868
21 28 28 21 50276 0.9932266146445081
5 22 6 6 65712 1.0715736128853943
9 8 29 24 105961 0.9819584838414719
14 21 0 9 76649 1.0530857350070444
12 8 0 5 60683 1.096234061120348
1 9 16 22 83881 0.9613127491622022
26 21 9 1 116742 0.9396721356595893
25 5 26 26 64556 1.0899501924716588
19 22 25 10 54655 0.9221510193368383
14 16 0 28 71879 0.9899289358272227
24 22 0 23 90924 1.0693372107104766
15 15 4 5 73157 1.093175728384758
26 16 8 8 80501 1.0759528838928463
26 10 18 24 74922 0.9260456970442555
1 9 26 28 134653 0.965945024913883
21 18 9 3 80989 1.0350425115876705
5 24 13 20 34294 0.9325591890523222
23 19 16 7 62166 1.032312004421001
10 11 11 27 59491 1.0192800824620996
17 20 0 15 63336 1.0233219567680114
15 26 13 8 68320 0.9242001130083995
17 13 23 8 38435 0.9669813764508401
3 23 20 2 113275 1.0663730464195889
27 22 1 15 99424 1.0682528378778162
22 9 16 20 50056 1.0428511347692557
1 25 27 14 106707 0.9212274063533875
16 3 13 21 78881 1.0384752211865498
13 14 15 28 55545 1.0901953557603468
23 0 10 28 126944 1.0961695803853166
6 25 15 0 101980 0.982406994634408
13 7 23 2 55294 0.973792699183353
14 19 18 26 44014 1.0116203058092326
28 3 5 5 102470 1.093154207272245
19 1 20 14 48204 1.0794025499608415
8 6 4 26 84606 0.9650386428085379
22 26 24 15 56290 0.9449267444676341
15 12 0 21 80683 1.0967925369730065
16 25 4 17 63476 0.9547982079172224
28 20 20 17 46942 0.9895012493225988
28 10 9 13 81417 0.9177702237272222
28 26 16 11 87143 1.0968926863480881
12 14 1 7 64090 1.085516940805267
16 5 17 27 97330 0.9476250044210489
6 13 15 20 44975 0.9965952868759569
7 17 1 29 65368 1.0808255221393699
16 6 15 24 70200 0.945629006749789
0 4 17 22 112342 0.9746347623365901
7 10 13 0 55464 0.9554068788065699
28 24 23 10 63933 0.9419476842849664
23 17 23 0 75928 0.9635075463132349
13 8 4 27 88064 0.984086959433237
26 18 16 4 83020 0.988057741680569
3 18 14 17 42703 0.9179478437276296
10 7 9 19 49982 1.0593136097116256
0 22 3 29 36210 1.0514956119307275
23 16 28 23 41756 1.0931114336961965
14 20 26 6 79403 1.0547387300858506
4 21 25 19 95984 1.0952140852352639
28 20 21 3 70646 1.073078392370969
1 12 17 20 72636 1.0222087915563847
15 11 3 20 68599 0.9886486245796356
19 6 12 11 38595 1.0538653993649167
3 11 11 25 66837 0.9817039596350263
0 16 25 1 120801 1.055451613286034
23 27 27 12 60400 0.9461155370210226
1 14 21 0 113885 1.0493786529568574
24 16 15 14 32844 0.9437817521979298
10 7 16 11 29753 1.0582334487823664
27 13 11 11 66092 1.062535853208171
2 20 26 8 114300 0.9742037767241879
6 8 15 29 95301 1.0505588073311696
17 5 7 6 51383 0.9234962392608573
20 4 2 29 129151 1.0087813749019776
9 22 4 14 44677 1.0299818847164275
25 15 6 16 60944 1.0562315879995448
10 26 3 18 48670 0.9881304741047438
27 16 8 12 77958 0.9006683751366582
24 5 13 18 75070 0.9431273011093029
10 28 11 17 44386 1.0432131434754912
6 22 11 28 36174 1.0399190906501319
27 10 11 22 77118 1.0422357063413359
7 7 1 16 51310 0.919687848792662
11 29 0 15 78271 1.0396618553341972
1 22 24 3 134217 1.0348215460202155
6 10 20 12 65842 1.0975411900436067
12 28 27 4 108869 1.0901459802422004
26 22 27 4 50846 1.0428079408033721
22 16 18 25 43195 0.9628555829996714
27 17 10 24 77503 0.9508107694232177
4 4 12 6 44581 0.9358951792950715
12 29 18 8 82103 0.9325475876562547
6 6 29 21 117214 1.068215404952134
29 1 8 21 119387 0.949556515598044
18 17 0 21 77234 1.0454729171380739
16 17 7 24 50291 0.9968265003145768
25 5 10 0 75801 0.9078745074945281
3 6 10 24 80987 1.0220323169230054
11 28 24 11 89604 1.0275133491749104
7 8 28 26 116358 0.9256205265077314
29 7 8 2 91150 1.0369204901859619
15 19 18 9 51653 1.087664810098723
20 23 6 14 66189 0.9823484883640652
2 6 7 15 47281 1.021858129866915
19 2 8 27 111506 1.023352556580455
17 17 29 14 50515 1.0425556555371034
24 1 3 24 133269 0.9746488111784637
20 9 4 22 88975 1.0154845682750924
28 26 10 28 89611 0.9312721873069495
14 15 10 4 52308 0.9810337613641384
13 18 2 22 53042 1.008210116729147
15 10 19 22 45479 1.0067771700230816
29 5 26 26 64182 1.0080430648175693
24 4 22 16 57440 1.0583602751643615
0 14 2 27 59861 1.0586730345933861
5 16 9 4 58378 1.028991074504245
6 26 19 19 63596 0.9580329556886379
15 5 1 17 81032 1.0547169274526185
5 1 7 25 101838 0.992544621106791
29 25 13 14 81429 1.05543171866961
3 22 21 15 75492 0.9844524870466678
22 18 7 17 55084 1.0462014605377796
22 4 23 19 62972 1.078500291336791
3 27 1 16 44454 1.0228544791611358
24 20 12 20 52605 0.9653598657811715
14 19 29 3 96543 0.9450798382067327
28 15 15 27 84445 1.020909013756921
24 19 23 29 58233 0.9291110992395746
3 29 6 11 71227 0.9365297782677128
7 2 23 10 81204 0.9560275811290352
10 20 5 9 54997 0.9357959115987275
24 13 18 28 70926 1.0717488078390123
29 28 16 2 129464 1.0894478314718479
6 9 22 23 91641 1.0056445328417936
14 12 25 23 67525 0.9508690148867416
17 9 11 4 37647 1.0432499468621337
19 23 21 13 34499 0.91719971337575
4 19 15 9 66774 0.9127699218806793
12 11 6 23 54050 1.0586898786230357
12 29 18 22 43723 1.055990893489024
28 17 5 22 100647 1.0241982690744864
26 26 25 13 49584 1.096015812379793
21 4 29 28 96045 1.0534620840782942
23 22 7 29 85668 0.9314053651847586
26 18 15 23 56764 0.9317398854215063
17 4 17 28 101158 1.0415688997704333
15 5 13 17 48369 1.0247989142670755
10 26 0 15 63759 0.919885934550701
4 7 24 14 92577 0.9080796605109428
27 19 6 17 82533 0.9050726146045945
2 20 9 23 34115 1.0549631775927228
28 14 15 19 61152 1.0079496743428675
28 2 4 5 107913 1.0729417185634382
11 23 24 20 61175 0.9965490195515097
15 7 22 23 68658 1.0006588687643423
2 19 3 8 51594 1.0679147690588549
29 16 19 12 46326 1.0489683606114393
21 1 0 25 140830 0.9479829573592575
21 29 4 6 128328 0.9166749838304321
12 24 5 2 91124 1.0974629879114413
12 4 4 27 97636 1.0479425516216618
1 4 22 26 134487 0.9978836008017047
16 2 6 20 102235 0.91537535084399
18 6 17 27 83204 0.9008823911721526
0 17 15 27 74573 1.0225923224198197
7 28 6 16 57721 1.0861390322031612
21 27 1 4 131920 1.078010116971405
11 25 4 20 38181 0.912836884247297
2 13 12 20 44938 0.9537079874949843
18 4 24 29 106599 0.9940608958054195
9 11 17 4 55179 0.9054990653656038
6 17 22 25 78108 0.9953150328463958
7 17 6 26 45802 1.0357836913937821
23 5 7 0 77353 0.9223967320020073
13 1 16 25 96424 0.9140474476911354
0 19 18 19 73623 1.0842506599977808
13 1 28 7 75309 0.9240554959929163
8 3 6 24 91519 0.9670930164990804
7 5 18 1 61350 0.9828493630383384
15 24 3 3 104100 0.9177581006475629
14 26 12 12 50478 0.9414704724975798
29 27 1 26 118918 1.0238203491248026
4 17 23 17 63796 1.0746693881951122
3 16 14 26 58532 0.9525552600638515
29 2 16 1 73132 1.0045263062166905
0 9 24 19 108331 1.082111884465265
9 13 2 18 43220 1.0580353735293366
10 8 2 19 69117 1.0088491216303153
17 6 28 18 70129 0.9187402544827961
27 4 1 28 140214 1.0515763619693665
3 18 18 1 107336 1.0709190804894766
25 28 28 13 61738 1.0746970167792402
12 1 16 26 102503 1.0253623865565775
8 12 22 25 83569 1.0912177258476914
23 11 1 2 109707 1.0307913194532943
24 6 16 8 33256 0.9307042159990899
13 26 6 16 43529 1.0462599848151184
5 12 15 13 49487 0.926823869817527
13 21 18 15 36400 1.0373770887194786
8 23 23 16 63195 0.9169849983268963
26 17 12 19 57812 1.0750127870985502
0 3 11 24 106225 1.017085691845467
10 28 14 6 85927 0.916675598184951
9 13 21 0 88310 0.9454073528387532
22 5 23 24 76211 1.0721531936202588
11 16 9 8 38844 0.9088205677667885
4 16 1 26 42582 1.023288231149453
2 5 26 3 110526 1.0794962012354534
15 11 4 24 70338 0.9253895553335746
21 8 12 23 67738 1.0210881022448053
26 15 11 11 62982 1.0691350631919365
29 13 10 22 85418 0.9978780831916009
28 11 4 18 90062 1.0421743222400903
25 21 19 1 88393 1.0539329433388946
28 15 4 5 108993 0.921671104277622
18 23 25 27 46284 0.9163998749909735
7 11 28 28 122927 0.9021717987921647
10 13 2 2 71247 0.9294483724499774
16 13 12 27 52401 1.0159796742485905
22 21 6 8 94467 0.9008397489053327
18 17 11 6 60903 1.0711058914234644
14 11 22 4 44552 1.0697645261735413
18 11 0 26 99308 0.9965266124186701
21 16 2 3 100538 1.0602027238738463
8 27 21 24 67000 0.9112774664136151
4 18 25 10 86827 1.0203686147968836
2 23 23 14 85827 1.0105827239903835
9 16 12 29 46056 0.9108896172888984
15 13 6 27 67244 0.9300966992052685
4 10 15 29 94349 1.0669586922771046
22 19 12 4 74411 1.0336757231839853
17 20 14 2 81155 1.0403229604352437
1 28 24 20 105364 1.0131580650664092
9 20 29 8 92475 0.9345412849061835
6 22 9 12 52609 1.0277999916590963
21 24 6 28 73940 1.002790635925012
9 18 19 23 57508 0.9790451024970687
3 4 9 25 94423 0.9644480018888671
0 6 0 28 98916 1.0257458318730337
14 16 8 25 42817 0.9835830730210127
1 20 3 5 64449 1.089702911320308
25 9 22 25 70312 1.0428939038730178
16 22 7 26 47967 1.0861569613335493
26 26 2 5 138644 0.9854791560064112
16 13 20 26 49301 1.0538852774303864
12 3 29 3 84579 1.0008042428567434
20 8 5 12 64665 0.9480664628918196
18 27 15 19 41297 1.0551741134895403
13 28 25 8 99459 1.0625299075970545
1 12 21 14 74093 0.9998093145270949
19 16 11 18 31782 1.0142282663597255
18 7 29 16 59353 1.0622408439470798
19 29 9 21 66682 0.9190691323607563
10 3 12 27 79402 1.0830039810361227
17 9 12 0 49611 0.9147472783864442
27 4 4 15 100481 1.0309919143746513
15 17 24 10 49930 1.0440010833567892
26 19 21 1 76663 0.9459560538428631
15 27 7 7 92028 0.9547981606388548
21 25 1 14 89374 0.9048573507138683
26 18 16 12 55912 1.0923614902867353
3 13 24 20 91756 0.9587136221308239
7 25 25 6 108412 0.9831927994394077
15 0 11 16 67896 0.9157042147323854
11 23 0 11 70276 0.9514018604740614
24 8 12 29 97145 0.9675387480478365
14 25 16 1 95402 1.073715375669697
2 14 19 15 55196 1.0506009958960483
27 21 3 29 104459 1.0809969362272378
12 28 23 19 71107 0.9268962918929198
20 10 11 4 49550 0.9968467263331829
25 5 19 1 39486 1.0557805734749692
1 1 19 24 130834 0.9219975788865362
20 26 2 25 75519 1.0763100883669015
9 1 26 28 137559 1.0080034429882614
9 14 25 19 68130 1.017765763682208
9 21 21 0 105295 1.0587145171190482
27 9 23 27 66752 1.0274596151354447
27 27 29 2 77488 1.0887776016908344
28 0 3 24 141381 1.0614650219622894
26 3 15 28 117475 0.9012200277717028
17 18 8 11 57369 1.0421003370452784
29 21 6 20 100669 1.0237042555940994
24 10 8 9 64662 0.9931741023205496
24 9 4 20 97785 0.9698615592366269
15 3 20 25 83794 1.0195602722601054
19 28 0 21 94162 0.988133986303308
1 24 21 25 76600 0.9070818440515884
13 6 14 16 41077 1.0797424091401775
10 22 29 22 76896 0.9592527990638469
10 4 1 25 103322 0.9613045494582058
28 16 16 8 60647 1.0961116152716897
22 5 9 27 102719 1.035146017717627
10 11 18 1 66904 1.0815062295321465
6 15 14 22 43246 1.0843215124669525
7 20 9 9 56779 1.078452404448719
28 10 27 23 39016 0.9643667641700431
12 21 6 26 32612 0.9740103179268808
2 25 22 1 129101 0.9251416460751198
5 5 11 18 67316 0.9156464922355378
21 14 8 5 69470 0.9318782622861722
5 19 27 12 92807 0.9394178664946704
11 28 20 14 65281 1.0745107105407081
1 28 23 6 128885 1.0055300341385904
2 13 25 0 120798 1.0203121124987695
29 18 7 5 108907 1.0902129552245114
0 1 7 12 64077 0.9524215716440871
6 6 8 24 73131 0.9500463721283406
4 22 8 2 87356 0.9887624169268678
11 23 12 8 48125 1.0570455110677774
21 20 21 9 47966 1.0003063432595853
24 22 27 4 60124 0.9210796424638119
12 26 27 22 60382 0.9632639738953794
24 29 17 23 51433 1.0226869845610398
12 4 4 20 78043 0.970027129339887
28 18 8 1 112905 0.9172574918849966
3 12 19 4 81537 1.0397717159783175
9 4 18 15 63647 0.9396922024700332
14 6 0 11 69825 1.0820781962023651
24 1 27 21 64700 0.9488689502813005
4 13 24 15 72193 1.016738952080364
7 27 0 7 96320 1.0471697611766713
3 20 29 5 116852 0.9768112383921475
8 14 9 28 60502 1.05962461425597
6 29 25 1 145603 0.9186253998419611
0 8 13 26 87345 1.0984898218552597
7 28 1 11 82125 0.9598997247041248
11 2 11 15 54547 1.0949127970952064
27 0 23 13 60979 1.0527242911127588
0 3 15 17 95522 0.94398798940018
26 13 6 8 85682 0.9033714118767165
3 8 14 22 78882 1.040160977761705
13 14 8 2 57265 1.0807637207574492
8 4 18 17 74155 0.9585324501335251
25 4 0 16 107839 1.0158678065993132
20 18 11 5 67939 1.0599285321922198
9 1 5 12 58034 1.0326523113655077
13 28 8 17 53820 0.9766266129606804
7 25 18 19 59456 1.0210226413861208
20 29 2 19 99956 0.9296537650941571
8 13 15 9 41906 0.9011090425669429
28 26 6 6 129110 0.98662571476338
11 16 28 26 83226 1.0007098601415965
18 23 28 25 40935 1.016621006690692
23 26 9 19 80730 1.0520729259378832
0 1 13 13 83344 1.0880354980362927
12 6 0 6 63093 0.9192332542414349
2 18 15 10 68233 0.9933945740934138
20 20 21 3 63483 1.0035100897911762
18 16 29 21 58347 1.0323566800822803
5 21 22 27 84826 1.042948345401296
27 15 23 21 36629 1.0748337731549584
14 4 18 21 71425 1.0691018805536292
12 17 0 16 33164 0.9561775762121938
8 2 3 24 96347 1.0936551368822802
15 18 16 5 55214 1.0053621922318918
10 8 21 11 46279 0.9315163123624657
17 1 16 18 78914 0.9894412080056131
29 8 19 11 42595 0.91629143782785
23 13 2 1 111129 1.0680032600473628
28 12 5 19 98889 1.040057778395599
25 6 6 24 103374 0.9233377347332853
13 4 26 19 89644 1.0126005056310756
0 22 16 3 123753 1.0834483624039022
11 23 23 7 80253 1.0192423891497948
18 14 5 7 65608 0.929646133611543
15 2 23 7 54438 1.073044438348031
26 7 1 6 99331 1.0829340291909557
8 16 27 26 85357 0.935388253071915
5 16 22 8 72536 0.9638704973311818
16 3 11 15 64577 0.961445691491922
17 25 16 1 103283 1.000452601053979
25 13 16 2 81012 1.01963812409512
26 10 9 8 56962 1.0616422973549675
1 23 10 4 99088 1.0727738853244473
2 15 13 29 73675 0.9512952808477233
4 0 23 13 102645 1.0976807415473666
10 20 25 14 59247 0.9158518269458705
23 28 28 8 76910 0.955698446579158
10 12 24 29 102693 1.0098333049124004
11 14 20 7 49937 1.0027497819905427
15 2 19 24 86385 0.9122421806958603
23 4 16 17 64557 1.0956718793240834
12 10 1 28 87051 0.9499106659247827
21 4 29 19 69454 0.9571201896313882
29 4 13 1 81620 0.9897793020451864
27 25 7 5 120364 1.0735898482658972
22 25 14 29 55103 1.0616858018676258
21 1 12 29 116800 0.9666584385832189
11 2 22 3 62765 1.0982659591332449
23 7 16 18 61077 1.0406712684392665
17 5 27 9 47226 0.9382976120884874
24 13 18 18 33237 0.9517012609999669
25 22 17 0 102354 0.9405353174785885
14 7 29 27 109225 1.066263751589016
19 10 24 24 59175 1.099290648481788
12 6 8 13 42516 0.9842695092718431
7 6 14 21 74598 1.0372228214194448
18 22 8 27 54260 1.0191139425199922
29 12 3 15 91131 0.9223691968862127
5 7 10 27 83049 0.9669408449967043
26 6 14 13 59528 1.0143173064412325
10 21 7 9 56769 0.9250450034439569
5 18 6 9 37794 1.0491569778730374
13 0 11 29 105729 0.9595490956477339
20 20 5 27 74858 1.0753266040347875
1 20 22 23 83953 0.9929493615436831
17 24 26 12 70892 1.0972588298015469
4 18 0 26 41640 1.0018397465887592
16 16 1 5 82336 0.9931119010184698
4 5 6 22 73462 0.9995903183135197
4 14 24 19 80570 1.095644108890894
3 18 25 18 83065 0.9208113459124133
6 0 20 4 62971 0.9298224220000348
4 16 24 28 99716 0.9765701699088655
14 28 14 15 55529 0.9381132811562908
14 1 23 21 101066 0.9796595369085335
0 2 3 18 72696 1.0933283893216363
28 16 29 3 46807 0.9542103464288498
20 17 4 16 50788 0.9820287434977764
2 14 1 1 54169 1.0458489724572189
7 11 12 29 73287 1.0979586080473667
18 9 27 11 36621 1.0960320843669633
29 20 19 13 53969 1.0937253501846624
13 23 25 22 48396 0.9577509074931639
21 25 3 4 122313 1.0600396129733012
19 11 1 22 89907 0.9938173602477894
2 19 8 27 53443 0.9771708934545165
2 8 29 8 99751 1.0584997822005828
5 16 1 1 67060 0.9544308898045459
8 8 9 23 68257 0.9709179369659963
29 0 27 19 59186 0.9483129335359619
24 23 1 11 105019 0.9019747626542963
6 18 0 14 34694 1.090923548728011
27 21 25 12 33387 1.0622305177901692
5 27 23 25 83795 1.035808307786947
22 29 17 0 113331 0.9118155334269152
21 28 10 2 108619 1.0151869256313455
29 24 22 19 45787 1.0133374936138688
8 22 15 5 79399 1.0054273002817358
16 6 23 15 54592 0.963569786736217
17 4 3 25 106615 0.9677187320502105
5 2 9 16 62587 1.0159414617044626
26 13 28 25 41652 1.0210479408220308
22 22 4 25 66896 1.0640474558616198
29 29 16 9 106755 1.0067275022099154
1 6 25 1 119140 1.051488793335452
19 3 1 20 109725 1.086781357038425
2 27 22 2 131568 1.0741113171047338
26 9 13 16 62156 1.0816724272068536
21 8 17 18 46104 0.9655531806462914
17 2 28 26 114567 0.9412976344458317
14 5 4 21 89148 1.0057191890096202
24 18 1 19 87863 1.0643449101655051
14 2 1 12 81263 1.0949847691657317
12 19 28 27 82308 1.0271144109275097
29 14 16 16 47518 1.0913947055831446
5 1 1 22 96192 1.0518263488070303
20 22 14 29 53700 1.0708119193934564
6 23 22 10 81744 1.0555092202176288
13 2 16 22 84726 0.940445203164175
21 29 4 5 130615 1.0468311042201581
19 20 26 11 49970 1.0026961812492903
21 10 13 8 31735 1.0434290274725413
25 14 18 4 60875 1.0994706545045185
29 25 16 10 87025 0.9973739580157209
23 16 5 25 76458 0.9871126146900837
2 14 7 9 33097 1.083963427174741
14 4 8 13 59256 1.059389276028318
24 26 24 10 70003 0.936046715537812
29 8 10 17 82766 0.9442631656569751
6 21 15 25 39488 0.9231583048768432
20 11 6 28 88191 0.9120093819884768
1 13 22 3 102846 1.0678469462384252
18 16 12 12 33438 0.9380728281434974
21 25 9 24 51516 0.958025779367541
6 9 1 17 38492 1.0832489747266916
18 11 9 18 52463 0.9175717643500741
11 24 23 14 56688 1.0386399208571868
2 14 10 16 25254 1.0574298587952435
16 12 9 28 72920 0.928233593671068
24 5 23 18 56518 0.944009301634733
21 29 2 20 99053 0.9792327407605604
21 25 5 8 102698 1.0357809158514333
27 20 18 4 76208 0.9431439571941926
18 8 21 22 48571 1.0465652257701177
25 14 22 0 64184 1.0665028103554428
3 6 8 29 104457 1.0486373040698662
16 14 1 2 94804 0.985460589056777
18 3 5 19 105077 0.9599251879473598
23 27 17 11 71507 1.0717459693134208
11 25 7 18 41720 1.0785633112190107
16 1 13 8 37994 1.0983181105769204
1 27 23 25 92069 1.039090236854443
3 12 12 4 57327 1.0333254859528171
5 27 11 14 63327 0.974887711783119
20 15 4 5 83365 1.0324690455564163
11 2 15 25 89644 0.9838344476152846
4 6 24 15 96129 1.0821391461681293
6 7 28 14 89940 1.0927322365972718
3 22 24 22 80075 0.9107397946789654
18 10 25 3 44953 1.0441502760402568
27 4 17 0 60909 1.0181889754253117
23 4 16 16 59143 0.9064294532572814
20 2 29 3 49411 0.9013930010241964
24 29 0 7 148932 0.9800055180241203
19 22 28 8 62574 0.9880900160451791
10 5 27 29 121520 0.9500095476885666
20 15 11 24 47815 1.0016080524127562
14 16 1 17 37511 1.0741308692166367
13 19 27 21 64883 0.9251182999947046
15 13 17 25 57832 0.9789443897281307
4 5 9 12 46515 1.04174084185359
26 22 18 25 40363 1.010577889699571
24 4 5 17 99190 0.9488706161601965
9 11 12 29 67538 1.0038774217926025
1 6 26 1 121990 0.9591934795291488
12 24 3 23 29998 1.016240043806796
15 18 9 8 54259 0.9418315591634726
22 18 11 11 56527 1.0423120774926495
8 6 29 10 81131 0.9992079684568967
16 29 13 21 45233 1.0753145738126952
25 12 12 12 58781 1.0432184083130736
19 21 28 22 37014 1.0409464248723244
6 2 19 19 91987 1.0767192398432088
13 10 28 10 61680 1.0635551680170499
13 12 6 29 74868 0.9480828926677418
5 2 29 29 161814 1.02067177469499
1 23 25 12 108695 1.0207288251151883
15 5 2 25 101551 1.041310974842343
