4032 6237 5776 5469 6150 5678 5713 4669 5866 4814 4963 6110 6020 5373 4947 5004 5527 4768 6111 5183 4546 5375 4642 5726 6125 4669 5115 5500 5356
5996 6149 6087 4558 5500 6341 5595 5108 4824 5839 6162 4912 5412 4911 6135 5951 5015 5825 5855 6294 5911 5078 6315 5189 6067 5206 6506 5166 5148
8125 7707 7925 7581 7773 6524 6534 6511 6670 7526 7350 7449 7839 6343 5205 6054 6335 5632 6004 6118 6594 5080 6068 5946 5964 5731 6300 5083 5892
4583 4984 6011 5385 5869 5320 5591 4536 4441 4664 5075 4998 4782 4913 5883 5141 2582 2467 2674 3863 2356 3063 2695 3730 2850 2847 3078 3533 2587
2980 2518 2559 2167 3455 3682 3130 2436 3551 2992 2263 3086 2875 3110 2288 2404 3795 3658 3842 3175 3843 2455 3639 3576 5594 6088 4997 5598 5593
3502 3630 4032 4071 4545 3498 4358 3650 4315 4548 4374 4214 4073 3438 4288 3050 3548 2773 3234 2709 2922 3628 2121 2341 2199 2696 3597 2330 2691
7025 6569 7118 7284 6437 7589 5912 6757 6059 7097 6262 6670 7396 7115 7606 6576 6023 7083 6729 7173 6315 6807 6762 7086 6649 6551 7652 8138 7545
7899 7197 8350 8581 8242 7170 8955 7943 8605 8843 7339 7903 7482 7593 8978 8796 8951 8479 8322 8403 7344 7269 8486 7197 8078 3402 4091 4872 4170
4479 3897 3476 4754 3619 4914 4598 3623 5004 4645 3617 4255 3637 4663 3668 4301 5068 3572 4595 4630 4313 4783 4495 4878 4875 4211 4887 4537 4005
7155 6284 7199 6991 7032 6442 6872 7124 6503 7634 7476 6716 5946 6573 6209 6701 6042 7597 7057 6451 6363 7292 6674 7245 5919 6226 7385 3337 2957
5902 5988 5767 6702 5592 6701 5356 1220 2160 2910 2433 2423 2199 2454 2468 1499 1487 1414 1932 2170 2167 2681 3021 2102 2206 2613 2053 2746 2006
7360 6611 7739 6827 6925 6949 7940 7591 7086 6737 6975 6410 7906 7368 7900 6798 7339 7137 7652 7639 6280 6303 6434 7349 6391 7068 7892 7764 7640
4151 4207 4796 3954 4161 4147 4687 4108 4693 4086 4100 3421 3514 3530 4730 5151 4561 4475 4402 3904 4592 4286 3705 4768 5182 2315 2469 2117 1959
4766 6228 5546 5362 5470 7454 6379 7441 7172 6600 5823 5893 6906 6621 6396 7234 7184 7008 6693 5996 5927 6192 6324 5899 6086 6920 6292 7214 6514
4159 4774 3223 3898 3327 4055 4479 4811 4150 3776 4944 3799 4103 4760 3898 4641 4789 3459 3548 3570 4922 5052 4842 5127 5402 5755 4889 6084 6437
6027 6041 5813 6464 5314 5013 5562 6286 5834 5295 5822 4812 5308 5235 5354 5733 6169 5515 4449 4299 5582 5838 5112 4167 5955 4526 5004 4468 4565
3294 4168 3660 6152 6104 5552 5500 7167 6790 6791 6167 7120 6705 6961 6559 7125 6087 5563 6890 5848 5780 6346 6260 5710 5598 6862 7002 6596 6793
5831 5555 6833 6211 6167 5921 6640 5447 6509 6606 6043 5433 5434 6781 6402 6275 6213 6433 6435 5153 6635 6327 6696 6351 5467 6573 6045 6624 5596
2971 3105 3192 4170 4156 4007 2992 2921 3839 4385 2921 4371 4395 3027 2898 4090 5085 5078 4940 4833 5847 4142 4904 4810 4774 5336 4581 4384 4887
5205 4879 5969 4630 5683 4850 5405 5119 5211 4563 4384 4339 4490 5083 4467 4215 5581 5114 4618 5757 5613 5030 4380 5231 6562 6850 7755 6943 7353
4890 5850 4804 4916 6098 6117 6242 5769 4502 5416 5186 6205 5541 5010 5037 5023 5616 6368 7120 5727 5847 6325 6179 7244 7113 6215 6661 7189 5923
6149 6475 7281 7440 6763 6415 7406 6828 7554 6290 6659 6224 6536 7416 7001 7154 7417 7525 7761 6126 6493 7699 7064 7936 6601 7884 7113 6623 7864
6077 6562 7274 7137 7291 6700 6913 7373 6000 7660 6489 7425 6245 4519 5965 4482 6022 5430 4445 4324 4499 5960 5352 4438 6041 5875 5515 5626 4847
6782 6820 5363 5837 6603 5155 6807 6729 6850 6679 5651 5919 5452 6162 6015 6065 6428 5220 6151 5420 5130 5875 6293 5992 7062 7365 7408 7697 6782
6049 6533 6495 5171 6290 5338 6323 6280 5436 6318 6070 6039 6191 5528 3497 2369 2305 3662 2960 3306 2733 2676 2666 3129 2908 3326 2092 2855 2951
6131 7507 7043 6760 6495 7302 6100 6988 7121 6102 6531 6424 6617 7316 7550 6473 6498 7339 6698 4676 4307 3714 3950 3876 4684 3775 4415 4629 5398
5447 6587 6072 6396 5288 6933 5497 6312 6128 5686 5680 6396 5760 6794 6300 6516 6304 5765 6980 6883 6696 6099 6735 4160 3890 4515 4329 4750 4222
3048 2649 3110 3062 1398 1805 2645 1853 2361 2322 2952 4138 4093 3002 3920 3129 3324 4379 4232 3675 4372 4726 4391 3752 4385 4225 4578 3981 4735
6009 5622 6187 4826 6375 4815 6276 6415 6087 5878 6160 6507 4775 6452 4927 5361 4876 5112 5951 6510 5525 6266 6939 7154 6586 6818 6074 6559 6201
3063 4123 4036 3292 2790 2802 3775 3686 3328 3730 4182 3522 4247 3624 2897 2829 4395 4305 7846 7191 6860 6176 6470 6440 6742 7470 6608 6432 6866
6011 4258 3093 5339 8043 7458 3166 4759 6278 5986 6546 4356 4678 6423 4378 4222 6065 5924 3267 2419 5812 5359 4182 5268 2165 7776 4039 2770 7075 2107
4757 5408 3040 5105 7529 6489 2299 3637 5858 6915 5902 3738 3469 6899 5028 5653 5894 6065 2814 3495 5188 5420 3721 5811 3453 7115 4581 2196 8664 2171
5675 5040 2988 5318 7416 7062 6598 4724 7486 7803 5764 3372 5031 7378 5187 4332 6678 6165 3262 3014 5184 4816 4167 4619 2689 7874 5325 3003 8337 1910
6429 5058 4042 4833 8398 7865 7996 3439 5998 7498 6463 4035 4064 6923 3612 4822 6129 5147 2749 2700 5565 5801 4482 5676 3161 7596 5277 1418 7961 2769
4734 4184 4128 5060 6918 6792 6899 3605 6231 6665 6696 3207 4242 7474 4365 4800 7422 5961 3968 2748 6002 5930 5187 6120 2408 6754 4979 1513 7149 1983
5954 5450 3509 4621 8081 7050 7708 4439 6390 7875 6254 3240 4467 7888 3960 4998 7370 5144 2576 3384 6679 6112 4096 5726 3752 6246 3846 2479 8477 1990
5548 5570 4242 4781 7349 6811 8347 4565 6165 6400 7140 3482 4657 7669 4774 4585 6922 5546 2755 3317 5477 6546 4245 5070 2875 7004 4988 3376 8134 2481
5938 4031 6019 5129 8266 7247 7831 4588 6919 7235 6959 4460 4162 7486 5180 4667 7399 5796 3858 4485 5136 5795 5049 5652 2688 6519 5227 4260 7166 1486
5160 5635 6222 4260 7446 7037 7841 3674 6540 6802 5768 3368 4836 7467 4423 4558 6273 4824 2839 4894 6668 5716 4590 5124 3300 6693 4844 2842 8065 2196
5016 4336 6385 4514 7138 6645 7824 4762 5865 6859 6393 3612 4910 7650 4040 4307 7408 5050 3093 5268 6284 3288 4189 5606 3603 6786 4543 4137 7870 2896
5620 4052 5532 5169 7819 6291 7372 4894 7417 6147 5566 4699 3665 7591 4057 4973 5766 5918 3128 5532 5490 3539 3936 4471 2708 7639 4227 3705 7419 2183
5528 5449 6510 4868 8267 6887 6540 3852 6746 6803 7107 3360 4689 6626 3799 4324 7551 6293 3968 5305 5395 3348 5031 4398 2931 6605 4438 3508 7076 1767
5963 4272 7179 5705 8166 5895 6738 4649 6237 6321 6677 4145 3409 7493 3959 4718 7001 5798 2777 4282 6594 4021 5074 4607 2158 6769 4875 2740 6727 3230
5278 4903 6154 5161 7989 6458 6693 4426 6299 6707 7060 3523 3288 7417 4176 5326 7198 5279 4307 5471 5897 3189 5197 5476 2787 6011 5372 2739 7447 1538
5660 4401 5635 5168 8016 5752 7486 3891 6568 7381 7298 4786 6799 7745 5358 5223 6514 5116 2818 4876 5618 2804 5188 4739 3263 6040 8080 4424 6246 2858
6971 5725 6260 5068 7905 5546 7270 3686 6129 7526 2663 3824 6518 6448 4146 4483 6121 5764 4435 4211 6298 2708 3754 6050 3523 7273 6690 3115 6805 3303
7955 4110 5877 4419 6602 6655 7355 4553 6700 6817 2933 4027 7201 7526 4522 5700 6749 5384 3369 4379 6645 3293 5192 5825 2297 7564 7508 3745 6942 1967
8201 5108 6285 4862 6728 6734 7408 4221 7157 7315 2647 3384 5879 7744 4578 5882 7236 5078 3453 4875 6886 3266 3687 6125 3721 7489 6452 3792 6454 4053
7084 5227 6119 5522 8092 6075 7873 3586 6531 7301 4056 3341 6698 6748 4665 4703 5880 5119 4063 5615 6900 3144 4423 5657 3379 6986 7945 3851 6675 5121
7103 3709 6861 4851 7014 6908 8196 4061 7194 7152 2442 3979 6428 6521 3852 2999 7237 5093 4476 4369 6001 3798 4188 5824 3239 6792 6475 4467 7633 5275
7617 4196 6875 5422 7870 7088 7287 4487 6495 7173 3519 4703 5771 6502 4037 4026 7445 1729 4088 5090 6885 2258 3798 5137 3503 6328 7142 3601 7707 5257
8456 3761 5691 4444 7880 6681 8058 3472 7203 7412 3729 4373 6743 7177 4649 3418 8674 2130 3626 4138 5568 3016 5287 4407 2708 7188 6988 3535 6883 4406
8163 4446 6089 1457 7970 6985 7474 3534 7038 6986 4038 3377 7243 7642 4524 4293 8774 1622 3054 4540 5605 2324 4741 4811 7782 7490 8013 4255 7308 4418
7399 4685 5909 2239 8045 6790 6610 3956 6571 6215 3733 4468 5809 7914 3385 3175 7992 2853 3251 4548 6336 3008 4116 4662 7761 7425 6627 3283 7212 3957
8576 3710 5877 1444 8212 7174 8226 4117 6608 7152 2982 4270 6775 7953 3400 3160 8314 3161 2907 4090 6625 2390 5395 4347 7494 6963 7873 2692 7105 4751
8422 3409 6642 2176 7824 6107 7937 5168 5706 6382 3082 4013 6396 7706 4300 3908 7529 1800 3274 5506 5730 3316 3815 4663 6524 6489 7221 3457 5938 4361
8192 4924 6890 2344 7336 6057 8332 5287 6950 6646 2917 3369 7309 6681 4674 2958 7281 2597 3186 5619 5264 3241 4642 4944 7481 6563 8247 3021 6191 5094
6942 4857 6218 1712 7734 5716 7179 5114 6123 7661 2370 4658 5842 6129 4620 4291 7134 3383 3838 5562 5848 3625 4850 5930 7997 7217 6994 4337 7103 4947
7187 4359 6495 1491 6939 6959 7885 6554 6524 6691 3314 4202 6586 5658 3458 2994 7807 2816 3522 4130 5400 3002 3716 5722 6896 7064 7490 3012 6858 3879
23 10 4 22 96882 0.9204041400112999
9 29 10 1 87366 1.0033580196711005
18 21 7 3 86554 0.9620569834924604
21 6 19 15 52785 1.0272712833923097
13 18 7 4 62373 1.0775851175846973
28 15 2 22 106413 0.980676862642253
18 9 4 5 73377 0.994716917672431
18 27 7 2 107196 1.0061556517798353
27 28 7 23 87571 0.9851687543812029
16 15 13 0 77140 0.9199442794937269
27 26 7 19 93126 1.0676981647073442
13 3 21 26 116134 1.0137910006284354
4 21 20 21 65602 1.0308094862252255
6 10 6 28 70950 1.0740446125206091
8 10 5 22 52155 1.0480867109064915
11 26 0 14 72558 0.9569941237914917
11 2 19 18 90635 1.0717731320853436
20 0 1 7 107053 0.9013951089782801
25 8 2 0 126601 1.076677574097576
7 11 15 3 58911 1.0268685413583738
6 6 19 3 78520 1.0823250154397022
5 6 13 12 49295 1.0023753476733352
28 14 1 23 119620 0.9608852379377869
9 19 10 3 54218 1.0424452637147859
28 20 28 1 68754 0.9130323158768134
12 3 29 17 106485 1.0154441044356932
9 3 27 21 110464 1.039807203075859
18 5 5 20 84902 0.9651017106480397
15 17 0 4 101058 0.9604055382395946
10 26 8 15 32157 0.9625285636156975
29 18 23 12 41232 1.0583219762790108
9 11 22 26 79762 0.9866739345762968
22 16 14 6 69215 1.050639947836085
1 0 20 10 110895 0.9773052079907424
14 20 1 11 67756 0.9011177675596734
27 1 6 26 138719 0.9398275401757071
26 14 27 2 37415 0.9779824577245716
6 7 23 4 89466 1.0320227944282543
12 26 7 9 63630 0.9319408844222827
20 6 9 15 70635 0.9741343201477679
17 23 1 13 90063 1.0691237443230257
29 3 25 21 65816 1.0140327635748796
24 21 14 28 60949 0.9221745955665457
13 27 0 7 94012 1.0185681178492083
12 14 16 7 42798 1.0286068755562423
13 5 9 17 49778 0.9965040269161788
25 26 12 8 106891 0.9750249535107562
21 13 0 14 99512 0.9201646974802586
10 11 16 25 50985 1.0886859453430717
16 6 10 20 57667 0.9465517905162077
8 6 14 26 71515 0.9349876847455592
2 19 16 23 61481 0.9334531698990918
21 24 27 17 42180 0.9097399570656207
11 29 27 8 111583 1.027594297894892
0 15 11 26 69354 0.971508232261364
15 18 27 2 84533 0.9278906849582009
9 25 6 14 48350 0.9725165171462112
18 10 16 2 39411 1.0693394293536604
24 12 14 18 56569 1.0225322813001863
26 13 17 28 85531 1.036674757283551
12 22 17 1 95863 0.9297792162160469
6 18 24 20 65263 1.049607464255504
1 27 12 8 81051 1.0137504188603488
11 4 16 28 95309 0.9550651459139495
10 17 21 28 68669 1.0348217536700128
24 4 0 14 132587 1.0557915253974264
23 7 24 28 86302 0.9303096501123598
17 29 0 24 52929 1.022193845437298
11 13 1 12 49232 1.095985190694333
15 24 2 9 83789 0.9657830875289647
7 16 24 7 96100 0.9322377421890643
14 4 22 2 50928 1.0353625702929126
10 20 11 5 45117 1.0152706936903872
0 29 29 19 111819 1.0891597687999377
0 9 19 26 114843 0.9401645920609812
13 12 4 20 47562 1.032144169368446
27 19 22 10 49921 0.9043807834651713
14 1 20 16 81589 1.0013930876245853
15 23 2 18 57187 1.0471928826779373
15 25 28 7 103327 1.0858524055647323
27 14 17 3 64392 0.9912410140493589
13 22 27 20 52319 1.091896799696888
26 2 18 13 66047 0.9342080676800378
19 13 29 23 72403 0.9034943236456675
13 11 18 3 48844 1.0128547277052267
8 22 19 27 52393 1.0064106312730494
10 6 15 24 55943 0.9610544616754617
19 20 3 6 96779 0.9621804520229115
3 2 18 15 96215 0.9739144920278698
0 22 21 21 81957 0.9893015458077989
6 11 26 15 89173 1.0426160254679682
24 15 25 2 55140 1.0916572510726665
15 24 9 4 75374 1.074269502149947
28 11 19 0 62150 1.062792693029611
21 20 15 25 45045 0.9050903811556911
22 15 14 23 63383 0.9816278010151753
6 23 9 3 84478 0.9128397546319845
29 28 22 10 91187 0.9006253824288067
27 13 7 23 98917 1.0700310555443333
28 5 14 25 111089 1.0244629557991207
8 19 16 4 75748 1.0319986861732422
3 12 20 3 97112 1.0549248262466853
27 27 17 27 35954 0.9440673071814546
2 28 17 2 125076 1.007952094836412
14 8 21 0 62065 0.961708061533361
26 21 20 28 44366 0.9962784530750387
12 2 4 26 93323 0.9513312149119876
1 14 18 26 92632 1.083429414776506
15 18 18 6 57259 1.029690268354949
1 21 19 26 81357 0.9023597764165713
14 25 6 19 46091 0.9216761587006108
5 29 20 2 124087 1.0052526428162203
18 3 11 16 75029 0.9341723693030719
3 3 19 8 85777 0.9895348327447532
5 0 9 22 84891 0.9672913496761868
2 6 4 21 58015 1.0512135323930303
2 15 16 21 62238 0.9484911377619855
18 27 24 8 96203 1.0051174004986134
1 5 22 5 112361 1.0008191712510555
3 17 15 6 74246 1.029405127056662
23 21 17 13 56013 1.0966208305457703
4 1 19 14 96458 0.9176791093999922
27 22 18 12 63329 0.9425972422133971
17 9 4 27 92033 0.9671765165236993
11 5 3 14 61123 0.9243116192032464
2 22 6 11 46535 1.047635318132738
21 23 10 22 46568 0.9437685967350355
11 8 21 4 68998 1.0452565309482766
7 6 7 19 58544 1.0025662203313706
1 6 19 19 100487 1.0132406198405894
19 28 21 10 96843 1.0804588854993267
19 17 17 2 67853 1.097143195774499
19 24 25 13 60251 1.0842603514747562
3 23 6 16 34350 1.0301080803050662
2 22 11 17 44584 0.9718261080102701
7 3 11 22 67003 0.9423419360739054
9 23 7 11 42961 1.0721312200170385
17 8 3 21 88087 0.9626704091181539
26 26 15 5 118045 1.005742453983379
2 29 21 4 132965 0.9250092749835273
2 15 13 0 94341 1.0517735023274597
4 12 25 0 124837 0.932510689419684
1 10 9 21 62177 1.0944907897390372
6 25 12 14 47912 1.0193722071168334
28 5 27 28 87956 1.0401743293073227
14 25 22 1 125413 1.0777865406845684
3 4 21 16 114727 0.9293724576070397
19 19 9 11 54492 1.0317749807781817
4 23 25 7 118267 0.9361521773390351
10 22 20 7 73436 1.0097513686031532
10 14 9 29 35461 0.9016952838492026
11 16 8 5 43480 0.9161654986771695
26 3 9 9 87291 1.055564061837719
27 1 13 24 112977 1.0233453292612065
10 28 29 28 76457 1.080554563894835
6 13 23 3 107366 1.0733919337173634
13 9 5 5 52535 1.0200722634204336
9 29 13 7 64655 0.9463994042701304
19 13 1 20 87817 0.9745024292073877
28 29 14 1 147830 0.9177395049896911
11 19 24 17 53470 1.088228811787885
14 4 29 12 82148 0.9544705400016823
27 9 23 25 65903 1.0380367718334367
21 25 20 6 103097 0.9986858105605496
18 26 27 1 107496 1.0500312810682055
19 28 25 9 96625 1.0727085587445528
18 10 9 17 52158 0.9243951664534005
5 24 18 21 50190 0.9679298575111825
15 8 3 14 69217 0.9783727514207029
14 26 29 5 123147 1.0562486068650354
8 12 22 5 83349 0.9408486080290639
25 24 6 3 122448 1.0724431653374198
25 28 12 17 77336 0.9940420329331328
4 9 28 21 103125 0.9694401647094659
8 26 8 12 49546 1.020170088061759
20 2 12 23 108181 0.9280241365192652
4 13 14 3 69633 0.9973651771381136
27 8 15 19 75109 1.0886485066209168
7 23 29 14 101862 0.9739171574386162
2 18 20 5 101921 1.0636514990092716
16 14 24 3 74219 1.0082901599490355
23 16 20 25 54519 0.9706194158050724
20 29 2 21 73375 1.0836043603089982
25 9 28 19 50827 0.9572288297600036
15 4 26 15 86788 1.0845195195845097
22 20 10 24 50687 0.9755749708691244
28 8 11 20 99418 1.0570322106386423
1 24 23 28 86076 1.0833440263246212
27 12 8 1 106723 0.958220838114616
21 9 21 25 90020 1.0262297514600978
24 24 9 22 59057 0.9391136201697617
6 15 0 28 56216 1.0824846846619378
13 11 22 18 61865 0.9029058890456259
18 6 1 28 110558 0.9466247304756548
15 21 0 0 108150 0.9668327884824266
25 19 22 9 57150 1.025537876879496
13 7 20 27 93093 1.082865403718189
22 28 27 3 90184 0.9923094065353453
12 3 15 13 55902 0.9572965526018162
27 5 10 11 76062 1.0746886079745406
20 0 14 11 65444 1.0718842010629581
16 12 18 27 81820 1.0006852238488646
27 6 6 28 130502 0.9717229873079548
4 5 1 24 66542 1.0731568974933392
2 14 28 18 104051 1.0013328860693398
9 11 22 2 89345 0.9427435872426816
27 26 5 0 152163 0.9412161211793985
27 24 22 29 36539 0.9826112044576581
24 27 9 12 83213 1.0544034031132
12 29 15 15 58611 0.9367309606327452
9 28 9 7 55848 1.087822620555918
22 21 4 6 94338 1.0062357459066182
28 4 22 8 43017 1.0085829929193428
7 27 10 2 84969 0.9315240695884859
13 7 25 0 78264 1.0217368638317268
19 16 9 21 52570 1.0197393671143649
27 26 4 4 137233 1.088274811394129
2 0 23 14 128604 1.041832107341337
24 22 27 13 36270 1.0450367986171583
5 6 9 16 53560 0.9369439555997363
13 23 19 11 73770 1.070628295755523
15 10 29 25 105673 1.0895339330168503
14 27 10 5 68361 1.0635289515520552
6 24 18 28 49876 0.9508042601692446
29 21 0 26 107075 1.0911478789582345
9 24 28 12 98652 1.0416526552295653
0 17 11 13 52862 1.043409337670787
1 9 28 16 125135 1.0732089263151139
18 29 18 7 96448 0.922100086253648
2 9 26 25 128256 0.9704867649312181
14 2 2 29 102878 0.9941949799440701
11 24 1 26 40098 1.0348252997424674
4 19 25 6 111255 1.0184703777162707
12 28 2 23 42034 1.040313728611935
11 1 9 25 85879 1.0411146373177744
28 0 24 6 38512 1.042974693696447
9 3 11 23 67974 1.0846899499822296
7 29 20 6 103003 1.0403245118322848
10 3 23 18 94580 0.9000782694239758
14 21 25 27 49108 0.9209972098077965
1 26 12 20 56673 0.9839408145266593
17 15 17 0 67200 0.948685627617259
20 21 19 5 78646 0.9698558125943307
25 25 5 2 133433 1.0185600837473188
16 23 20 13 65463 1.07967118200657
1 12 0 24 60131 1.0926105389190974
19 28 14 4 110507 1.02650153839111
27 4 9 24 109080 1.0823634418550026
26 8 5 0 120453 1.0049958931557903
14 8 0 15 80354 0.9649175752309223
13 15 5 27 56454 1.0833155956114469
15 15 11 25 52136 0.9249810048610038
21 6 9 7 58474 0.9075286191037254
14 28 13 2 99334 0.9120713108741202
26 10 21 24 69655 0.9552890480949722
15 14 9 23 45794 0.9303565710409856
24 23 11 24 47420 0.9521594664477399
18 21 9 8 59749 1.0648248036213073
22 23 21 4 96582 1.0569813716419905
14 20 2 17 51768 1.011695419965711
17 24 2 20 58482 1.008811997105739
7 29 24 2 134869 1.0877723386117784
4 19 13 15 39518 0.9519704664673097
13 11 24 0 87214 0.9517439632995814
25 19 28 12 40847 0.903716771892933
17 8 29 14 67138 1.0275608227823325
13 9 0 5 74124 1.0796013364093362
17 9 25 18 60109 0.985785959495854
26 3 0 29 144496 1.0135236058903645
16 2 19 21 90040 0.9657857603009914
3 4 24 21 115205 1.0686950318971196
2 23 28 12 122126 1.0116822341861085
6 19 0 27 36497 1.0879499411203344
18 7 6 15 70556 1.0401929682666267
10 20 15 29 33171 1.02286181774334
1 22 10 8 62420 0.9416736084552694
8 19 16 17 37523 1.0082506357229084
23 7 18 24 91626 1.0132505465547346
4 5 27 28 133300 1.0158533910402316
2 3 0 23 86460 1.0603700829340865
22 8 13 15 68143 0.9723128927610803
29 11 17 28 98137 0.92934653961235
28 2 8 25 128216 0.9917425304758658
21 13 26 3 56665 0.9019781976304145
1 4 22 20 124544 1.0947254086836047
21 24 5 3 108749 0.9540755138254702
8 9 10 1 43856 0.962717383020985
7 12 21 4 91010 0.9767314599769297
21 23 8 21 58253 0.9411803439674237
19 19 0 20 74850 0.9011333051926892
7 16 11 7 43726 0.9528610687615251
2 5 23 26 137995 0.9303743397000769
27 16 16 18 40308 1.0643917850806999
16 1 13 26 106395 1.0525088895693706
15 19 5 29 57259 0.9786016872398844
12 19 20 26 58950 0.9795986720301082
17 20 17 5 71711 1.0727262991373516
5 27 12 15 51736 1.0247595720146025
18 8 7 6 57958 0.9463940709566262
20 10 10 18 55020 0.9481958826171236
17 16 5 27 75487 0.9688368789389249
27 15 15 10 56846 1.0802851033867533
28 1 15 15 89874 1.0338897038013632
22 11 1 3 108445 1.0311493636068612
10 23 2 13 58347 0.999863282237671
4 13 28 23 108323 0.9253228515892877
13 26 18 6 91915 0.9637007169598254
18 1 27 9 49320 0.9801008528574097
11 24 12 11 38784 0.9810741393789929
27 23 7 12 93478 0.9047763064067423
28 17 0 25 111341 1.0197208597982614
0 19 15 13 66183 0.9160745643637936
11 24 23 1 116581 1.0939653738725923
19 18 23 1 86489 1.057157253585746
19 5 0 11 92839 0.9276629797118999
12 3 23 9 75094 1.0739973051093379
24 21 12 26 56650 1.0886439911926884
18 7 29 9 51057 0.963996188126945
1 12 15 28 91621 0.9152665977079794
2 8 10 4 57956 1.0509420308208761
18 2 22 23 99484 0.9637727481135774
2 1 8 22 89306 0.9661839952243215
13 24 19 5 91783 1.0757753988337766
19 10 14 20 57114 1.0237545484129347
0 8 19 19 103393 1.0454839961989055
18 27 8 25 43419 1.0089483685120861
0 6 27 8 119488 1.0577447767102963
6 23 22 16 85352 1.015762419644659
20 27 26 8 87881 1.0293220523948206
20 10 20 28 97273 0.9051372764641098
3 28 8 9 73271 1.03963036031653
1 16 27 7 124310 0.9917575568944506
7 3 24 24 112573 1.074155940201825
17 4 27 2 43907 0.9167867611374407
2 29 14 9 81799 1.0997925902160441
6 17 11 23 36070 1.073856559570648
21 2 10 21 100485 1.0179067125696029
10 8 6 26 59941 1.0941116665066157
10 21 19 25 41133 1.0583927768969106
26 9 15 8 52639 0.9528997835591461
23 0 10 12 95061 1.0899756043149966
26 10 25 21 50084 0.9586032449803361
15 20 23 18 39312 1.0652684427109038
23 22 22 6 83889 0.9513841774530675
7 3 0 11 53639 0.9546825900514906
16 0 26 9 68478 1.0440962551740371
21 9 28 2 50116 0.9304371815608103
6 2 19 1 67376 0.9582521503108724
16 6 10 0 56546 1.017527325196338
10 5 27 8 85750 0.9568579152249592
7 5 17 16 82564 0.9432444057557722
4 2 6 27 78733 0.9303879648060174
26 14 13 19 61569 1.0010360296447334
1 12 24 13 105238 0.9291085096429231
20 0 10 19 94219 0.9086631403191173
7 11 21 25 79567 0.9244818635150821
17 14 1 24 78887 0.9679177896498935
3 17 13 4 75917 1.0524743869485715
8 17 17 3 79362 1.023446532402663
28 14 9 2 116283 1.0426281402682394
28 23 5 8 119322 1.0997688435204251
21 5 29 8 47855 1.0886959653294979
7 23 19 15 75087 0.9456695835067725
18 23 17 1 94406 1.0691249663195674
22 14 4 6 94615 0.9668787442028756
4 26 14 22 46645 1.0883644199189169
28 22 4 22 92276 1.000545612931097
9 14 12 28 41183 0.9372321809208717
2 19 9 16 35323 0.9788149597308744
0 29 20 11 100698 1.0370148913716004
3 27 12 15 54667 1.094946256327981
17 8 25 19 70380 1.0848018266186663
10 5 19 4 61828 1.0122895035720227
1 20 6 13 45811 0.9304593815784824
5 15 15 0 92778 0.9209673159789531
13 6 3 26 83998 0.974067006083167
4 27 22 26 67133 0.909968117770141
10 13 11 2 48995 0.968297410920435
16 23 3 3 100975 1.0254645125615256
27 2 27 23 68889 0.933555157184851
25 6 0 27 139091 0.9597190967134845
15 15 29 14 58887 0.995238730029133
22 0 6 4 95528 1.0997825760312663
5 29 18 29 31948 1.0325560826958629
12 13 11 27 42904 0.9304862254456784
15 11 6 1 72531 1.0440975042185388
22 9 8 5 81099 1.0193867749481926
29 19 3 26 105690 1.0085951345782227
14 9 25 4 72422 1.0255242268181033
5 18 10 2 67906 1.0892506062571303
24 24 3 21 83035 1.0839738483927406
13 8 13 27 72017 1.026363624687946
10 27 0 24 36966 0.9448263680587964
4 10 22 11 71776 0.9114415260182779
14 11 5 22 57285 1.068914600633315
19 14 23 28 65964 1.0149284801148
29 22 10 18 71735 0.9531668522982606
1 24 18 0 123434 0.926905125958374
20 20 8 19 53456 1.0043889496905305
28 26 16 14 87712 1.0580754859963568
16 22 8 14 47555 0.973430999764321
10 8 24 6 64811 0.9014939748190951
25 6 2 9 113337 0.982040282998955
15 12 26 19 69580 1.0807571499899493
22 15 4 4 102593 0.901232388386538
8 20 22 10 77425 1.0816894041510754
23 3 16 20 97929 0.9011035225237434
24 24 19 29 37445 1.080557459382683
5 26 22 14 93852 0.9811048133283756
23 2 6 0 92115 1.0740713649444484
20 19 2 1 115469 0.9069429594010745
1 10 16 26 96523 1.0461759174511023
11 4 23 9 79407 1.084107964392891
26 14 1 25 114048 1.018569248604902
12 27 26 25 58540 0.9744723779295099
27 4 14 27 112026 0.9076494156999452
9 11 12 4 34076 1.0240868772712624
4 22 19 19 67512 0.9490196823107582
26 16 20 24 49390 0.9445816330148743
18 8 24 26 79877 0.9906741932660973
28 0 10 26 129107 0.9388454774561407
25 1 10 9 88908 1.0861471576213206
5 27 18 3 110203 1.046218380662612
10 22 5 7 53645 1.0296725772709696
25 15 25 0 60640 1.018345208001907
28 19 18 0 93339 0.99152097941738
10 2 11 20 62377 0.9299872269605944
19 27 9 17 59028 1.0157431652839919
16 8 9 12 48621 0.9148742320519747
23 13 10 7 71615 0.9674632139542463
23 22 19 1 100904 0.9710139034055245
8 19 16 10 53469 1.0757017989330209
15 21 1 25 58701 0.9526775832170693
20 27 16 3 120101 0.998241650400946
5 16 20 28 84357 1.0520691272601226
21 6 1 19 106691 0.9496786071370183
7 6 18 1 76482 0.9327424321320198
9 17 24 21 56449 1.0392744075045206
6 10 1 21 55803 0.9173856360022247
11 12 28 25 98589 1.090553704233585
1 29 27 28 84606 1.082844419085378
1 6 17 27 108472 1.0915556075136026
8 11 12 26 48133 0.9262761389343515
3 11 10 23 51319 1.0159773642212961
7 2 19 6 77940 1.07739084401844
3 19 7 2 64753 1.098871236914471
27 2 17 12 60792 1.0407877173029
16 25 6 20 54702 0.9332927572941211
25 10 2 18 98121 1.084710007400806
28 24 1 18 107712 0.9951033496756572
27 14 26 29 62307 1.0309351845737396
28 9 4 23 121483 0.9111792655007962
24 12 11 25 91026 0.9287035114986892
18 10 27 25 83149 0.9105297554420945
22 19 0 3 128537 1.0029273329608832
20 3 14 27 116174 1.084894224638756
3 11 15 0 85523 0.9338044944004347
19 27 11 25 35795 0.9284758212605275
15 25 0 26 59544 1.0204176729822492
3 15 21 17 76282 1.0785594343848581
7 16 14 6 61132 0.9264741700760116
27 11 4 6 103382 0.9231775660667698
21 17 10 4 84570 0.9566409086168834
28 14 19 28 78093 0.9810046806118451
13 15 18 4 63037 0.9824578613020964
17 23 17 13 58067 1.0250432760627364
0 11 9 9 44954 0.9423069040235315
17 26 5 11 77886 0.9964020173212259
1 2 29 11 132616 1.0346424410480062
8 28 7 12 57890 1.0775882719835248
0 14 19 13 89290 1.055470408569203
5 6 11 25 72225 1.0680086028531248
21 17 13 3 86098 0.9905288520956868
9 16 25 5 101961 0.9613533835985384
14 18 5 22 41794 0.9095184309975225
28 20 3 21 98104 1.0535220097716351
6 6 22 23 100896 1.066615601200756
20 23 29 1 94695 0.9112385015638029
17 21 21 4 94614 0.9136699382518724
8 27 13 4 79536 0.9710616164951116
13 25 9 9 54102 0.9634504650139334
16 22 22 27 48133 1.0204099789297414
24 4 19 13 64742 0.9376723316101366
15 13 29 0 84554 0.9668522910670254
18 1 0 29 126147 0.927265295285261
5 7 24 26 109385 1.0490693463167173
21 24 17 13 67519 1.0380387632067116
14 17 2 1 91803 0.965844462226776
18 23 17 4 85559 1.0568583380848504
1 5 1 19 67727 1.09497632728637
0 24 12 18 51263 1.0235647950713875
16 17 14 0 82466 1.0200296268136038
15 3 8 11 54451 1.0603019080809803
24 15 15 25 64235 1.0525425984253298
9 28 19 17 65851 1.0410073976198697
26 21 5 18 70812 1.0303835516113162
12 9 23 13 63019 1.045191995965332
11 15 7 29 41648 1.0029214122726382
27 12 8 5 98450 1.0072856970603177
14 9 9 3 49536 0.9049082961182916
27 9 5 14 96851 1.0476061223301631
26 6 4 4 107950 0.9168497610172385
0 26 13 8 95173 1.0053078248219784
16 9 8 29 80522 1.0692216489138595
19 1 12 26 110897 1.0290804379029252
21 11 14 5 50974 1.00672710762986
18 14 29 19 55429 0.997448063335884
14 13 26 8 66148 0.9432062207979364
26 21 24 2 72362 1.0878787482888443
22 2 11 29 127557 1.0369793847780353
12 20 7 8 55758 1.0089149054150643
8 27 12 1 85289 0.997628459597697
11 0 1 6 70784 1.0189143412391888
18 10 3 6 76219 0.9941051445816803
3 1 18 14 96851 0.941374098907673
6 20 7 29 35675 0.9055813495892431
13 8 5 14 56628 1.084937041566366
22 23 4 9 95296 0.9034472342454332
21 0 13 19 107007 1.0714065490252194
15 23 23 16 59181 1.062582452967809
11 22 12 9 43075 1.005747290656926
28 12 0 17 117676 0.9290252411083602
0 7 12 14 64102 0.9695195924743056
14 11 26 11 48545 0.9400664241642027
10 14 28 14 76701 0.958939917910948
5 21 28 17 85786 1.0898536661521545
26 24 7 14 89008 1.0714226257638946
26 28 12 0 139197 0.9059067711637695
6 17 25 12 95991 0.9577516209782305
4 21 8 10 50082 1.0674146311556816
21 22 15 26 40998 1.0160049014562538
19 21 5 29 59789 1.0158232548656452
10 28 5 12 58244 1.0510147607402482
8 21 17 29 45278 1.0514055040972665
24 4 7 9 99495 0.9752716506290491
17 15 7 25 70889 1.0787257602844822
26 26 11 9 102336 1.0208636510935465
10 27 18 13 65435 1.0436262109418704
29 25 15 25 73771 0.9093676533302262
29 2 28 27 94295 0.9831980618141665
17 13 11 6 59386 1.0364551614537516
18 2 19 29 120086 1.0035731652501725
7 28 18 21 56344 1.0661172617564623
2 15 3 3 49022 1.0759046414087883
2 17 1 29 45989 1.0861426200160114
7 4 7 27 84684 1.0529605044553962
29 18 3 6 123125 1.0163900113524924
21 18 26 27 41876 0.9187632056543292
24 26 20 14 51376 0.9286332424828666
26 2 25 18 59259 0.9467403612067136
13 8 17 23 81210 0.9157090851232049
8 23 1 6 83188 1.0906989883681113
26 21 18 26 47220 0.9107557904891262
1 29 9 1 107575 0.9690981444322199
22 18 2 26 91390 0.98952053742023
7 27 0 11 71375 0.9129703996741793
0 4 17 16 113247 1.0972450318466982
10 26 3 9 66958 1.0614416226996781
28 11 17 12 49368 1.034901027418837
5 24 1 14 46283 1.043751637238447
25 16 17 4 78887 0.9787664068258262
2 0 8 16 78547 0.9401460584839422
21 1 28 19 81429 1.0128478865787087
6 27 28 11 119490 0.9858786111489224
23 26 5 28 69438 1.0861828455934521
21 17 7 7 79945 1.0572963740721875
11 28 22 20 67479 1.0597899683046141
22 6 13 23 104805 1.0765899549814004
19 3 6 13 91192 1.0581218389124
22 20 1 18 77066 1.020308988104316
13 12 25 27 90086 0.9052713686224924
23 2 20 11 58198 1.0534952706151637
24 1 29 16 60233 1.053651646892038
4 29 27 2 136305 1.0024111603815657
17 13 2 0 104437 0.9439920787245955
20 10 11 29 82900 1.0324716714746318
13 23 23 18 55979 0.998988696727965
14 16 6 6 63830 1.0830216619714592
2 5 17 1 87744 0.947597524739844
26 6 1 20 131323 0.9513890261023699
2 8 26 21 113294 0.9220826176509964
12 28 19 6 96105 0.9968630198075735
5 19 8 3 67343 0.9440511473224668
19 9 17 18 43937 1.029281889927612
26 18 14 4 93487 1.020183628572615
4 7 27 14 111485 1.087160532105254
17 29 8 20 49591 1.0945149384351929
7 29 27 4 123679 0.9044091566786957
13 26 29 1 131586 0.9678430884773906
29 0 27 21 71087 0.9120143846058807
8 3 4 11 43267 1.0510504633782722
4 7 11 23 62997 0.9594280519966809
7 18 2 13 36586 0.9710711391329948
26 2 8 26 131161 0.9911330321950096
16 6 6 6 54399 1.0199588183522783
11 27 12 9 54839 1.057877875163769
7 2 9 14 55655 1.0079702394905676
15 21 21 13 62008 0.9827793717802817
21 14 0 1 121229 0.9670160160806482
23 23 16 8 86113 0.9527452123957251
27 5 10 21 96275 1.0112019781339274
29 16 11 6 104406 1.0902572036123677
14 28 14 5 88743 0.9392893764797394
24 13 24 2 54739 1.004224518400019
28 5 9 9 92245 1.0749193753172164
26 24 28 15 45623 1.086982099341533
14 23 21 16 59425 0.9909241843637181
15 0 0 7 91771 1.0083423794870545
23 19 8 15 66758 0.9939531410960749
27 24 19 1 103420 0.9914685426791269
9 3 22 18 96040 0.9454998505780698
0 10 6 28 81100 1.077279307001904
23 29 5 18 86194 0.9200315039643289
4 13 11 10 35329 0.9493601950580355
9 8 19 7 44843 0.9686162965300089
11 20 4 7 56147 1.0663154194341333
7 18 1 3 69447 0.9343006801521617
19 28 5 18 73279 0.9578494014943821
1 21 25 5 137712 0.9351521268342253
23 8 15 24 101875 0.915347235329316
20 23 19 3 97855 0.9252215954624834
1 17 0 2 74102 1.0199963611032121
13 7 17 27 80983 1.0584682526834057
17 8 1 19 88377 1.0555809332339496
11 27 15 12 58021 0.9147190917074759
29 4 1 5 130493 1.0786921155118505
7 13 9 3 54412 1.0551766429461857
20 3 10 11 68593 0.9916114735640962
23 27 24 10 64740 0.9803902369061238
4 24 24 22 71420 1.07265395364701
8 26 1 0 108378 0.9426856877701113
3 28 13 22 49176 1.0810157301925363
3 3 29 12 128342 1.0663768312940092
25 0 26 11 41990 1.0046182305818574
8 10 6 20 50043 1.023795784096657
22 12 6 7 81881 1.0598025365882362
6 14 10 23 37256 0.9663344647482739
9 11 2 6 43696 0.9958258818622525
21 24 3 17 71887 1.0371056906056981
8 0 22 16 111093 1.098038383435619
5 24 19 27 54709 0.9322558730640733
7 18 14 22 35208 1.0991711455238757
28 11 27 29 77695 1.0289877323643197
12 28 9 12 46706 0.990083342038429
23 18 2 24 86111 0.9076118680796532
11 23 10 13 25764 1.0751572853037064
20 29 11 5 98007 1.0554046045922034
7 18 12 3 58152 0.9698918943477529
19 13 14 2 61569 1.0734231723209358
9 28 17 19 56840 0.9348322370566686
9 27 28 14 97741 0.9997812628131963
28 25 14 14 91864 1.0788631610468762
15 6 28 16 87422 1.085662581813438
14 18 28 24 71472 0.9098522445935131
18 25 7 21 50765 0.9278546561544456
4 14 24 4 114382 1.0662609069077194
20 3 8 8 71929 1.0395597931011415
9 18 14 25 33152 0.9850744541659001
6 22 3 11 45196 0.9719646750437179
19 8 15 14 41790 0.905323422745291
20 0 25 10 56515 1.0954930705858072
13 2 29 3 61996 1.0328196593427266
17 4 21 14 56296 0.9827946848807343
2 1 4 11 38851 0.9633539752079563
3 23 20 24 55523 1.0508263064319625
4 4 15 26 95223 0.9069918902787554
22 0 3 7 107836 0.9945917526362946
24 29 16 18 60982 1.09439351835155
15 0 5 28 113500 0.9269902510594364
3 9 14 28 87787 0.9238639720365148
12 18 24 22 51419 0.9782313821024399
7 10 20 22 76299 1.0150713240451157
13 17 29 13 72669 0.9097595524724114
15 0 23 13 86315 1.0730231485489703
5 20 27 11 101087 1.0131791711729872
5 18 19 0 103637 1.0223938706215323
11 1 7 27 94998 0.9527758498646689
15 11 28 2 67908 1.0670948848016468
15 19 1 29 66092 1.0448407113402058
12 9 20 5 54209 0.9361866993745447
7 29 24 21 69722 1.0435412938758328
25 13 2 7 114074 1.0295920270816206
29 13 3 4 133987 0.942307261198551
2 4 22 5 115105 0.9774293618702639
26 9 12 21 90209 1.0616166060891847
27 23 1 28 100736 1.084350398997857
20 21 27 4 67767 1.0167467202380296
29 2 18 27 107251 1.094518409300801
20 2 13 8 57963 1.0813530140639545
10 24 10 9 33360 1.0654506371301415
23 0 27 15 60719 1.042895496643825
5 26 26 9 116975 0.9862105183787367
19 4 2 10 97511 0.9533078371748002
1 21 27 16 101999 0.9423488906143026
24 26 8 24 64897 0.9281539132028434
20 4 5 8 85621 1.0668036557192786
21 5 25 25 105726 0.92056643657812
2 0 14 13 86783 0.9770081315148077
0 28 26 1 158191 1.0062906151863016
13 14 23 6 72781 0.9190466791428727
19 14 4 18 65217 0.9254861592790716
3 28 15 13 77537 1.0374086355308714
1 6 13 23 88998 0.9166167024226127
2 28 26 2 151938 1.0181155211787856
20 19 13 2 97547 0.9224597373346709
8 10 6 19 42870 1.0491629604776578
28 10 13 23 92136 0.9416644461896336
8 29 22 7 103234 1.0037675094034437
3 16 24 28 96524 0.9072204461613687
7 7 11 22 48577 1.041936813009292
0 16 5 28 52055 1.067367150491755
20 11 14 22 67431 0.9875630187610922
21 16 0 20 89585 0.9764827237198513
28 12 2 25 125489 1.0162467315185164
1 4 15 24 103312 0.9009519174167286
15 13 24 16 46362 1.093035374324504
4 9 25 1 117148 1.0741049350728362
27 11 21 4 39942 1.0864194379775156
21 20 27 27 40808 1.0169410549667837
16 12 12 3 57334 1.012237051849485
21 13 6 7 82843 1.0175908848898088
6 15 3 26 42590 1.087598289021359
21 14 0 19 86748 0.9839322049891772
26 23 5 1 132587 0.98582106483591
19 17 6 15 59949 0.9514327747405564
3 21 23 27 85554 0.9224606438773332
0 22 8 12 62433 1.046237433653273
28 2 0 5 138768 0.948511890665626
24 18 11 6 86208 0.9832144023046673
17 1 28 2 49203 1.0613271585016775
19 26 4 25 64399 0.939336940551281
16 2 6 17 89771 0.9633247702424119
12 10 27 18 81092 1.0949439295222003
20 1 3 22 120482 1.082866367369264
9 28 16 12 68308 1.0325565684635845
13 16 24 28 76757 0.9013266199438319
13 1 25 6 76480 1.0719794018319977
8 6 24 26 100391 0.9564746035433566
21 19 14 1 101257 1.082605966422978
17 15 5 14 57672 0.9992991484996774
15 3 3 13 80772 0.9474512470712908
5 21 28 19 93729 1.0507633741064686
5 13 10 24 46291 1.0327977328129456
23 0 17 16 89826 1.0932332298609413
6 1 18 18 94217 0.9132172306998434
6 8 25 4 105628 0.9237959884722965
0 5 21 0 119583 1.0269864668676094
24 0 25 18 74694 1.0606598076882574
9 16 1 6 68058 0.907561648969402
14 20 28 18 56745 1.0949079505668367
24 6 18 24 100421 0.9575918983911268
27 18 14 6 88199 1.0809919311831977
22 8 29 14 51671 0.941750293011848
28 10 1 19 111702 0.9161288698921598
29 27 17 22 58693 0.9874990154968147
2 22 21 21 74054 0.9465528507904412
10 21 5 14 35049 0.9740731269307769
9 29 29 22 87790 1.01014690868097
22 11 12 11 40085 0.9154817878180956
4 2 19 10 86238 1.072773618982274
19 7 27 19 73787 1.0062954741170627
2 7 6 22 60566 1.039080249923122
25 24 5 29 78188 1.063081795662323
28 1 15 21 97654 1.0088191965392574
8 13 14 9 39319 0.9803313912077354
2 0 7 28 104583 0.9798234903374818
20 29 24 15 57976 0.9466994564466121
23 13 9 16 73859 1.0866229507670262
3 20 20 15 77876 0.9439075919590502
21 23 0 8 121975 1.0013193294759668
21 25 0 22 80392 0.9670078355201914
29 19 18 26 68200 0.9692942471524878
29 25 6 27 95972 1.058482696983048
21 10 6 28 100840 1.0727428375932706
25 13 20 23 54658 1.0084346425262531
26 23 25 12 52517 1.0521207668887995
4 12 27 29 121887 1.0169297851147792
23 7 14 9 44452 1.0022814636771262
5 8 13 10 49426 0.9752092932892309
1 0 28 25 167166 1.0460955008987702
9 11 14 6 34635 0.9175563811526055
3 29 14 13 69117 0.9242026852440678
1 24 25 4 145951 0.9019254163104257
20 27 8 11 77955 1.025355877015624
18 18 0 5 100650 0.9676331363788339
13 0 7 16 82568 0.9262287501548174
19 13 23 21 47191 0.9213549671149768
2 21 27 7 120394 1.0641375818018797
19 13 9 7 57403 1.0186272061030968
4 23 26 25 89390 1.0641619536022902
25 4 2 12 123555 1.0675063744158955
10 3 2 16 78608 0.9441548140693063
27 7 16 21 75420 1.0762716564205568
27 24 24 4 80666 1.0707478368121162
27 21 13 3 111239 0.9243051772327686
8 8 25 3 86935 1.0987540156653868
8 26 21 0 126021 0.9637509448055848
29 9 5 27 126473 0.963364040841039
21 1 12 20 106580 1.0711458163858851
16 6 9 27 78647 0.9297772693648699
22 24 4 8 94409 0.9162663836590981
5 17 15 18 34892 0.9558818418551438
7 20 25 10 93314 1.0955841326603923
15 28 28 24 68467 1.0716021515173604
20 15 18 23 46087 0.9489993259471506
22 20 1 2 120770 0.9377736130540234
7 29 21 21 61374 0.9359919188949356
8 8 25 28 107955 0.9579888734915493
3 15 5 3 44917 0.9619859696269035
12 8 0 18 66063 1.0048214698439293
26 27 14 6 111869 1.0403156297687195
5 9 10 25 57307 1.0479715785482944
19 10 29 0 56313 0.970862977138089
7 24 4 4 69663 0.9455478743029103
9 18 2 27 43409 0.9990619468294197
18 22 17 2 87574 1.0271588074719307
10 0 11 17 69179 1.0257113296848883
28 28 20 5 123522 1.0571120694345364
29 16 11 8 97875 1.0841322746326367
5 20 25 0 135390 0.9701984692913834
24 28 11 12 84823 1.0897923783703138
14 14 26 28 86142 1.0968967245481005
29 19 4 24 96832 0.9815115248185602
22 5 14 26 121872 1.0525596977897125
27 29 29 6 96192 0.9193727864878641
6 18 6 7 47046 0.9947376873393348
15 7 9 27 69461 1.0801711217379102
9 0 19 13 95833 0.927309651737865
23 8 13 3 63140 0.9353366226225517
17 10 4 12 56386 0.9682987915126526
22 23 29 14 51354 0.9155296928805674
4 23 12 11 56218 1.0248188217365566
18 26 27 20 54833 0.9304206960302452
18 26 21 4 115314 0.9232882194905802
4 21 1 6 60314 1.0322224158553541
27 19 0 27 103380 1.0358547428199318
3 25 13 19 51897 1.0828942641630792
15 12 7 4 62829 1.073206114824099
13 8 28 7 70243 0.9682440694495654
29 17 22 20 32431 1.0508040261721545
24 28 27 8 69112 1.0131594750110016
1 25 25 10 121090 1.078973548505508
2 25 15 12 77884 1.079653087364491
28 7 8 3 93117 0.9061736963720289
14 12 22 7 49401 0.983365048651902
26 0 18 15 79686 1.0956895143337173
26 10 10 22 85053 0.93447502478498
20 15 15 21 46308 0.9315738377880701
13 2 18 25 101848 0.9309533830751457
15 19 2 17 51917 0.9943690980163519
22 11 4 5 87567 0.9611720452901026
0 6 6 19 62594 1.0154086316696276
20 12 28 0 66586 1.0483682248613162
23 27 1 28 73320 0.9692037423490322
15 19 9 28 48932 0.9339296575912125
16 24 0 14 80882 0.9361771935721497
16 17 21 24 51982 1.0314397946557397
21 26 3 5 122972 0.9756818793198885
8 8 18 22 70431 1.0420086686043222
24 3 17 14 69697 0.9547538965128473
21 12 15 22 72715 0.9566307454643035
18 1 17 22 88081 0.969725012233966
27 17 2 22 95669 1.0316234915777904
1 6 17 17 94786 0.9482747850096419
15 24 10 4 68236 1.019107163405134
15 8 25 20 79047 0.908382316112239
20 15 1 4 113719 0.9106598014420905
2 13 28 26 132739 0.9532520682157698
7 13 19 24 68320 1.0786615988980006
26 24 20 28 40746 0.923821315641657
7 29 11 20 33663 0.9877682774654429
28 28 21 6 117645 1.0983738404767922
13 15 3 22 51500 1.0921906050475927
20 6 13 27 101626 1.034382386145081
25 14 4 2 117787 1.0104984314125447
15 18 22 15 39890 1.0682692525497854
20 21 10 27 47786 1.073329605181885
17 28 27 14 80797 0.9102731116466853
3 3 25 2 106040 1.051317898571192
15 19 9 25 43578 0.9094084136949572
14 14 8 19 33386 0.9103814424387393
19 23 18 5 78183 0.916886826758185
29 0 25 25 92897 0.9830452884762447
9 19 27 25 79522 0.9742100950902182
27 7 18 10 37034 1.0627195827038645
16 7 1 14 78388 1.0016845513418213
20 11 26 24 71939 0.9423598082186688
28 24 11 10 101741 1.095561694412481
26 4 4 26 138905 0.9195447893353114
29 9 23 27 74271 0.994337331322008
27 2 12 16 95326 1.0759150903899237
28 14 14 7 76799 1.0068683997699281
20 27 4 27 54482 0.9790911442878567
12 26 2 6 88461 1.0437445816644846
4 22 25 6 120728 0.9010159153308229
24 14 12 26 77482 0.9133748334026822
19 1 11 13 77481 1.0806278536026468
20 22 23 14 41148 0.9577866797401958
2 10 14 28 89524 1.0441476842147477
0 10 26 28 133458 0.9104824777480758
14 11 1 27 75840 1.0169943315969032
19 15 7 6 78860 1.0796667742360377
6 7 16 8 50154 0.9393196391413817
3 10 10 28 67730 0.9201985423194844
13 11 27 9 55194 1.0129074120513486
13 0 25 1 58515 1.030234063852761
23 13 29 21 45953 1.0381501242393159
29 16 18 4 76500 0.912947328207073
22 14 0 7 108044 1.0445022212927955
23 22 23 8 67722 0.9412420561996112
13 10 6 13 45477 1.092815127687512
7 10 25 8 89856 1.028824183171399
19 6 28 25 110502 1.0329147060795958
27 5 23 20 59366 1.0009767632717335
6 25 0 5 87054 0.9463808187589096
20 6 13 13 57878 0.9755627190008932
3 16 5 28 37466 1.01248557082662
17 1 20 22 97722 1.018357220315345
9 9 23 14 75600 1.03249441689662
26 13 1 0 146247 0.9868550328682818
14 23 14 6 73543 0.9486794155778653
0 25 18 25 64381 0.9334496714638578
6 20 24 29 90249 0.9390895931577917
2 11 7 24 55561 1.0234160086191864
13 28 26 22 71352 1.053448303179194
26 23 28 0 86472 1.0812319186710442
16 23 18 14 51936 0.9629887187119622
19 22 7 7 76302 0.9504368428625956
4 4 5 26 67931 1.063694829670764
6 1 18 28 117445 0.9564466211293783
12 5 20 28 103162 1.015847188582305
1 6 18 21 95988 1.0601223690135977
29 20 12 29 85629 0.9217476682986848
20 27 5 26 56566 1.0506707686630112
5 28 18 11 85129 0.9941673107019222
28 26 25 12 74543 1.0346607442163358
17 28 29 8 107724 1.004213511380113
27 17 14 0 99703 1.089835141096622
9 20 0 26 56236 0.9262363601192344
7 1 18 5 66645 1.033261842389427
6 14 1 3 56328 1.0094964443432206
7 25 23 7 107721 0.9571901820496225
15 11 0 10 62346 1.0005429718989032
14 13 29 14 68928 1.0610290360947097
14 2 0 1 72420 0.9049973328351388
23 18 13 24 57985 0.9476753239681386
18 0 11 19 88896 1.0968873585849994
12 0 5 16 82958 0.9510449777156238
1 6 8 17 66183 0.9359238766581601
25 14 13 15 56125 0.9198274418267733
24 10 1 16 108793 0.9172136005268212
29 8 15 19 83168 1.0558372038046098
3 3 9 8 44627 1.049405318589076
3 16 18 3 99051 0.9034570267283696
5 2 11 20 74791 1.0596670555855274
17 26 3 18 67618 1.080481079112637
4 24 5 8 56783 0.9858308114438701
8 20 28 12 96884 0.9817273495659061
6 28 19 17 79733 1.0783604551001444
9 0 22 1 65727 1.010258215124487
27 7 10 6 77196 0.992912610358091
23 22 1 0 136615 0.925766652778404
3 23 20 11 88792 0.95575508848903
9 25 23 8 102900 0.9518079549500837
4 25 12 6 74393 1.0213948291399553
2 23 5 10 50816 1.025628128601471
2 28 18 3 121220 1.0108581618181782
7 13 25 1 116609 1.0866393742307845
23 2 11 16 102088 0.9327100306089732
5 1 27 14 128869 1.0806131712495188
9 13 28 10 79718 0.9954268191032805
9 12 16 18 37864 0.9911438196846468
20 2 14 16 81699 0.9278673617667849
28 22 11 16 77175 0.9028388916348783
2 26 20 17 89407 0.9809348924146588
3 15 11 26 55147 0.9810077659042301
13 17 6 6 62763 0.9670569903351667
21 26 12 22 50828 0.9364901254471434
29 19 19 16 44864 1.0691522772989392
9 10 1 25 70839 0.9253960679020435
26 24 6 18 81042 1.0719681899612823
14 24 21 5 107451 0.9947591081763649
16 17 6 0 99322 0.912157417314309
15 23 11 16 40754 1.089118713012168
17 14 5 22 64499 0.9549991207511384
3 20 13 23 47327 0.9101387527864151
10 17 19 16 44427 1.0906521168425694
5 1 24 9 115146 0.9660720254545718
5 7 20 28 107610 1.0332917023726753
28 18 9 6 98319 1.0834958392847567
14 9 5 22 66005 1.0379254910489715
14 21 27 21 38566 0.9998651204669377
15 20 1 17 59485 1.0393872053850284
27 13 14 25 83204 0.9725466064531112
26 24 20 28 40746 0.9443617476982922
3 6 25 2 116582 0.9191940042999927
9 20 19 4 85982 0.932181939382764
10 14 24 28 76505 1.0534006957049105
2 5 21 7 93160 0.9813848589318153
10 27 7 0 87723 0.9504583982305013
