5320 6489 5541 6538 5965 5492 5257 6535 5756 6220 5471 6670 5898 6490 6268 6227 6312 6022 6249 5943 5595 5787 6885 6466 6667 7604 6520 7479 6294
8458 7672 7947 7043 7387 7688 7181 7419 8578 8139 8405 7220 8521 8159 7600 8095 8090 8367 7996 7219 7524 7286 7551 7064 6422 6400 7037 7591 6763
5634 6145 6062 5819 5723 5937 5059 5856 4800 5004 5352 4808 6460 6375 6096 6423 5163 5479 4160 3821 4796 4184 3473 3890 3172 3127 3789 4154 4540
4927 4020 4300 3726 4183 3889 4399 4289 5258 4116 4841 3976 4088 4565 5269 4450 3536 4452 3674 4106 3840 4383 4167 3717 3521 3709 3302 3414 3758
3998 2909 2771 2580 2706 2537 3849 6645 5718 5333 5306 5425 5383 5924 6084 6619 6502 6382 5773 6502 6487 5187 5689 5894 5667 5231 5798 5546 5367
2641 2961 2133 2958 2981 1621 2747 2917 1898 1816 2590 3245 2729 1693 2113 2198 3031 2162 2213 2606 2963 2148 2705 2908 2593 1645 3042 1851 1500
2712 3191 4375 2827 3083 2880 4068 4385 3336 4129 3595 3709 3321 3773 3499 3274 8982 8408 7731 7460 8736 8899 8577 7479 8884 8494 7608 7281 7738
7374 6098 7322 6375 7051 5911 6106 6028 6240 7253 7289 6433 6790 4524 4331 5701 5365 5048 5874 5813 5925 4929 4667 4820 5461 4685 4320 5482 5277
5601 4594 5415 5639 6175 5589 5702 5692 5850 5947 6148 6950 8065 6852 6841 6947 7340 7762 6608 7347 7483 7101 7311 6985 7401 7825 6642 7310 7698
4521 4887 3871 4904 3986 5050 3642 3588 4137 4230 2984 3460 3291 2894 2591 4181 3612 3290 3680 2874 3743 3595 3726 2661 3376 3394 4155 2606 3804
8489 8458 7737 8492 7338 7134 8456 7244 2738 3268 2615 2224 2808 3062 2488 3054 3491 1911 3168 2775 3139 2663 2228 2755 2043 2883 2362 3484 3043
3548 2973 2986 3242 3405 2571 3984 2877 2429 3571 2927 3366 3798 3630 2976 6356 5593 6514 7202 6969 6726 6504 5570 7031 6599 5627 6869 6979 6260
4493 5325 5135 4760 4558 4148 4700 5142 4982 5313 5401 5238 5106 4880 6370 5912 4741 6211 5081 4886 5597 6224 5806 5286 5272 6303 5046 5518 5210
3338 2885 4136 3723 5973 6170 6195 6160 6119 5484 6727 5480 6011 5885 5736 5788 6055 5733 5674 5125 5899 5452 6522 5169 6349 6375 6529 6575 5409
7335 7152 7882 8485 8786 8671 7185 7242 8493 8588 7224 7436 8397 8092 8116 8066 7296 7617 8794 7095 8503 7936 7876 7590 7711 7755 7459 8074 5111
3939 3625 3326 2850 4103 2983 3359 2611 2901 2821 3123 3175 3650 2622 2574 2616 3975 2992 2550 2612 3858 3717 6434 6727 6600 5379 6737 5541 5281
6025 5403 5880 6030 6115 5060 5877 5052 5629 5197 5529 5831 5437 5587 5236 5942 6251 5749 4810 6101 5304 4666 5738 5718 5970 6205 8176 6936 6768
5914 5391 6170 6427 5561 6407 6838 3698 4492 3709 4788 4626 5158 4172 4436 3824 4466 4058 4118 5012 4579 3819 4111 3776 4974 3823 4296 4555 4846
6801 6999 7861 7094 6527 7916 7611 6439 7263 7691 6955 7011 7507 6413 6808 5698 5267 4503 4382 4234 4689 5828 4333 5729 4512 4962 4390 5601 5683
6463 6317 6184 6790 6798 6499 6368 6957 6437 6840 6814 6837 7455 6427 7113 6074 6219 6809 5893 7019 6920 3812 4574 4484 4041 4453 3651 4794 3691
6092 5716 5932 5824 6121 6020 7026 6190 6897 6106 6820 6171 5912 6589 6168 5205 6319 5790 5832 5283 6052 6011 5862 5615 5718 5652 5659 4955 6147
4407 4644 4356 4746 3986 5597 4751 4721 5305 4217 4154 4801 4653 4573 5095 5068 2390 3084 4021 3921 2983 3238 2979 2870 2938 2933 3454 3385 2604
7519 7486 8109 7189 7534 7923 6952 8573 8407 7607 7583 7668 8098 8248 6979 7335 8167 7561 7597 8258 7601 8503 8588 7545 7446 7175 8300 2233 3348
2567 2628 2253 2103 1010 2323 2655 2216 2322 2664 2288 1725 2234 6838 7842 8246 7155 7488 8325 7689 6744 8385 6925 7135 6702 6727 8240 7322 8207
8618 7002 7149 8180 7291 8608 7231 8259 8257 7099 7372 7577 7264 8468 8357 8437 7993 5456 6450 5673 6905 5497 5854 6405 5649 5396 6380 5615 5994
5504 4372 4526 5432 5507 4557 5543 5571 5509 5887 4581 5181 5275 5073 4295 4749 4707 3725 4759 3670 4865 4790 5043 4876 4985 3962 4287 4833 4889
2444 3344 2371 2757 1931 2487 2740 2162 1840 2282 3238 2602 1848 2898 2489 2154 2223 2467 2629 1923 3285 3101 7371 7316 7128 6503 7679 7896 7918
5054 4799 3957 5006 3862 5143 5284 4675 5000 5305 4698 5655 4678 4650 4819 5139 4649 5247 4853 4689 4418 4707 5524 6003 5982 5258 4590 5414 5364
3706 4106 3932 5286 4034 4260 3961 3936 3864 5124 3887 3939 4950 4209 4461 2800 3557 4215 2706 4327 3369 4068 3404 4064 3940 3329 3607 3427 2672
5043 4397 4239 5025 5445 5074 5888 5363 4924 5301 4936 4395 4512 5697 4736 4635 4658 4768 4244 5651 4397 5363 4811 5336 4591 4412 8046 7342 7451
5834 4513 8234 7068 7184 5304 7929 8083 5984 7282 7489 3585 5621 5958 5155 2997 2975 3334 6214 8544 8407 2583 6226 3734 6747 1243 5526 3097 6995 5615
6741 3217 6990 6643 8202 3909 8353 7888 5381 6546 7699 4321 5848 5517 5062 3659 3534 3019 6038 8101 7546 1690 5731 4509 6099 2709 5493 2592 6592 6103
5691 3564 3589 6939 8096 4280 6993 7267 5354 7957 7026 3218 5366 4910 4448 2627 2521 3334 5847 7330 7637 2464 5833 4240 5871 2589 5132 2928 6281 5152
6514 3889 2582 7120 8100 4633 7825 7585 6381 6756 6740 3422 5133 5093 5457 2375 2458 2899 7326 6865 7916 2398 5759 4814 6383 2407 5198 1978 6638 6302
5564 3943 1999 7258 7865 4592 8184 7537 6282 7620 6487 4273 6390 5520 2454 2936 3471 4192 6475 7670 7923 2674 6708 3748 5960 1733 5771 2372 6077 5598
6211 3808 3606 7318 7155 4205 8476 8588 6539 7081 7023 3608 5440 5101 1264 3215 2328 4067 5670 6979 7946 2407 6796 3967 7053 2574 5772 3413 7059 5117
6805 3856 2073 6475 7969 4223 5510 8676 6690 7848 7192 3348 5742 6205 2704 3294 3100 3360 5783 7765 7914 2548 6165 4974 5972 2282 5951 2752 7004 5334
5582 2773 3501 7107 7247 5354 5411 7951 6275 7327 7836 3937 6395 4969 1747 3720 2324 4248 6600 8368 8241 1520 6682 5035 6220 2550 5100 1822 6862 6278
6463 3132 3581 7152 7540 5149 5747 7736 5560 6868 8021 4011 6135 4934 2412 2304 3376 2886 7155 6922 8125 1380 6689 4596 7718 1599 5791 2820 7143 4798
6217 3012 1950 6435 7361 4390 5773 7375 5271 7517 6769 3903 5258 5826 1396 2682 2913 2902 6355 7643 8203 2115 7075 3663 8616 2490 5627 3049 6408 5914
6181 2529 1995 6294 5394 4563 5763 7807 6477 7376 6493 3158 5910 6077 2522 2922 2650 3354 7093 6886 8647 2231 6241 4585 7817 1992 5674 3134 6466 4844
6733 2641 1969 5631 6011 4611 6394 7152 6204 7625 7105 3650 5260 5507 1796 3357 3418 3847 5820 8362 7332 2115 6679 4138 8094 2118 6275 3173 5097 5491
5441 2912 1964 5932 5233 4029 5663 7538 5228 8420 7652 2871 6283 6146 2582 2824 3898 3287 6966 7570 7000 2006 6033 4498 7652 8527 5679 2493 5648 4752
5865 2545 2319 5722 5852 3838 5056 8141 6142 7427 7304 3408 5720 6261 2200 2357 2766 3209 6133 8101 7860 2357 6660 3718 7244 7627 6058 1746 6590 5386
6041 2823 2895 6418 6169 3968 5156 8548 5767 7504 6454 3836 5596 5591 2374 2951 2510 3528 6932 7178 8596 2642 5598 4679 7644 8319 6927 2653 6780 6123
5942 1615 2906 5672 6383 5150 5494 7716 5240 7575 7788 3644 5882 5472 1273 2535 3321 3521 6237 4338 8621 1881 6235 5350 8185 7200 5546 3274 5564 4617
6295 2810 3336 6422 6008 3690 5838 8676 5490 7832 7415 3120 5756 5983 1153 2374 3683 3708 5778 3132 7118 1191 6090 4555 7978 8635 6232 2062 6707 5989
5447 2430 2263 6553 5313 6114 6058 7897 5848 7231 6944 4275 6485 5071 1400 2283 8591 3841 6284 3536 7338 2712 6049 4608 7939 7122 5280 2671 5712 5225
6275 2991 3228 6129 5186 6631 5767 7777 6238 6969 7278 3434 4460 5500 1452 3333 8331 3275 6267 3767 8294 1390 5963 4651 7547 7408 6705 2850 5796 4750
5869 1607 1951 6040 5253 6577 4872 8649 5747 7392 6845 4438 3926 5259 2702 2258 8208 3054 5623 4051 8141 2713 8514 4851 7575 7018 5718 2565 6709 5802
5296 2063 2633 7025 6632 7062 5955 7553 6393 7133 7811 7118 4325 5409 1144 2184 7731 3203 6570 4809 7848 2534 7133 4790 8788 8583 6903 3299 6252 6145
6741 1768 3245 5698 6014 6653 5615 8454 5518 8416 4560 8335 3367 4712 1933 2771 7305 3467 6204 4257 7811 1190 7367 4045 8109 7285 5533 3100 6067 4780
5851 3043 2212 6938 5535 6798 4806 7344 6232 8057 3626 8475 4397 4851 1566 3122 7678 4057 5488 4035 8205 2621 8307 4316 7978 7113 6723 1902 6115 4961
5154 2082 3352 6062 5417 6163 6258 7435 5480 7834 5101 7975 4178 5644 2740 7075 7155 3225 4684 3875 7301 2429 8574 3881 7778 7433 5850 3313 5697 5729
6372 2880 3652 7056 5997 6166 5018 7191 5831 7971 4484 6853 3290 6254 1255 6906 7354 3870 4293 4282 8401 1262 7927 5187 8448 6971 6470 2226 5261 4613
6594 2467 3276 7116 6603 6133 5078 7696 6352 7896 3662 7907 2830 4822 2711 5661 7917 3302 4965 3844 8327 1284 8531 5343 7189 7763 6651 2402 6155 4755
7052 2000 2989 6590 6473 6133 4877 7181 5714 7143 4391 7832 3303 4678 1667 6377 8139 2903 4799 4490 7893 1962 8573 6885 8482 7403 5657 2150 5865 3547
6918 1815 3363 7287 6697 7160 5672 8472 1889 7701 4503 8285 3334 6050 2299 5665 7950 2733 5392 4706 8317 1516 7351 5462 7169 7235 5952 1346 6420 3614
6329 1680 3536 7122 6452 6890 5095 8609 1957 7643 4080 7264 4241 5895 1987 6782 7594 3540 3838 4690 5984 5769 8480 6139 7945 8588 5896 2035 5851 4042
5 9 11 25 51010 1.0917971413853353
10 9 24 24 81771 1.0349763379025445
26 16 14 7 53423 0.9070693167096749
4 6 12 20 65018 1.0288317570566157
11 5 24 13 61936 0.9510542771390217
22 26 18 19 36051 1.0436887668715524
5 5 29 2 72612 1.0826310043964937
23 29 14 11 78935 1.028104714950056
5 19 23 14 45337 1.0165220868475158
22 8 6 22 84153 1.052489492439212
13 25 16 1 92432 1.084525814140925
27 14 9 16 40638 0.9467010552465195
2 17 24 4 82422 1.0408975578524586
1 12 12 8 58665 1.075817530739668
9 23 9 7 54154 0.9256589862480995
8 29 27 22 68418 0.9941258748374572
1 14 25 16 64080 1.0330244224911262
28 21 4 29 69996 1.021425722050085
19 21 10 9 52528 1.0837186846838742
17 25 11 1 90573 1.0730680809280218
15 8 15 26 68326 1.0613422432725195
2 10 27 22 88097 1.0846179312802968
14 5 4 5 44954 0.982436640288666
8 1 13 29 105700 0.9221247665343862
7 9 1 23 63835 1.0399930300082687
13 3 5 26 83388 0.9903852776043905
0 24 17 8 95007 0.9631104887537012
12 10 7 3 50519 1.0216365304010333
13 26 16 5 88438 1.0814384089864686
14 11 11 19 42179 0.9967405869415493
29 1 23 27 87365 0.9806999077802224
17 17 14 26 55025 0.939209368133249
8 19 22 16 61471 0.9089147925243265
6 7 2 25 59264 0.9082681709876584
14 25 14 14 53682 1.020615422889348
28 12 21 20 40322 0.9040829126177434
13 0 0 22 91072 1.004903960933899
0 5 21 1 70590 0.9116284308975403
16 27 25 25 32237 0.935310243007453
9 11 8 28 58799 1.0632807521866476
8 17 26 2 74625 0.9269466867596124
15 2 17 19 59701 0.9005029581529376
23 8 14 15 36219 1.0472660184667002
0 13 0 24 68244 1.0593128277410084
18 5 23 17 71400 1.0812323921879763
24 6 3 18 81048 0.9898381640125846
18 5 14 19 64084 1.0572250846445423
28 20 7 11 73542 0.9558311666355395
12 5 13 16 48709 0.9892392986399636
29 1 7 29 121107 1.092267277389389
16 26 26 24 52587 0.9041321933629145
9 29 18 18 54833 1.0051173877675343
5 20 29 9 83239 1.0080314662657022
10 29 24 28 50377 0.9676655091446833
18 21 19 12 46121 1.0627387453167443
20 1 2 11 72919 1.0595965672599412
20 27 9 20 47413 0.9468386719355828
11 22 16 16 34932 1.0653023111102253
1 10 18 11 70408 1.0746022817374372
24 26 12 1 114355 0.9514290073940347
16 8 12 1 35483 1.0866574495558547
10 26 3 23 25756 1.0863078180702994
0 22 18 9 87818 1.0746083917116447
20 27 24 14 51633 0.9197940948443514
23 25 4 14 79905 1.0785287875283653
25 18 23 3 48243 0.9732368306042385
27 19 25 28 43758 1.074672833414676
3 23 18 13 61937 1.0788000615075521
25 26 11 0 114137 1.0682737879750497
4 2 26 21 88823 0.9312522218634549
19 3 21 14 50355 1.0567070220359425
3 1 3 29 81778 0.9240824547704193
22 0 10 29 107261 0.999852848801136
13 3 1 4 52693 0.948386244882846
16 4 27 13 63377 0.990108304350164
24 21 9 29 54405 0.994965874504947
4 14 21 7 64999 1.0093636758397238
0 8 17 6 94432 0.9602516671709459
4 17 8 0 59861 0.9007430867627118
17 4 9 26 88719 0.9584340182940413
5 25 18 17 54757 0.9984459120026927
9 21 4 2 56468 1.0015251687642885
6 15 18 0 76639 1.0575150308414611
11 21 0 16 40135 1.0740228786895003
17 24 20 10 69427 0.9306646216894465
29 18 0 29 102027 0.9465574299287808
0 7 26 18 99547 1.0448361346251906
11 22 28 9 78334 0.9797423570853687
2 7 11 18 65404 0.9942834005690281
9 28 21 12 70439 1.0502825545341734
17 21 7 2 76686 1.0341774972446884
17 17 18 0 69957 0.9242818739932316
23 28 8 8 101204 1.0515701258403098
7 24 0 1 85123 0.986405442780676
28 9 11 11 63408 0.9640318066067601
26 7 17 9 56226 1.0424970490524055
19 26 1 24 60307 1.0023171522693786
10 6 6 20 64207 0.9529336429781536
8 8 15 19 53727 0.9597798860756716
2 3 15 27 98949 0.9194849732402525
1 12 12 26 74517 1.0759783295680851
5 2 23 4 51983 1.0112185321704015
25 11 15 16 37276 1.0962735156741905
13 18 28 28 72221 0.9248565722670761
3 11 5 0 34958 1.0560702274176965
20 5 21 16 59000 1.0208398613589424
12 26 15 12 57874 0.9109647836371264
7 24 17 4 92577 0.9796335833677373
16 6 10 10 39847 0.900753964767956
9 21 24 22 37624 1.071989520120248
14 0 0 19 97789 1.0777634721994591
8 24 11 2 78203 0.9935997189774877
19 5 3 22 96568 1.0932791874619197
14 2 13 14 44993 1.007959514482051
24 1 23 23 72795 0.9500088974057735
16 28 14 8 82105 0.9672657197560374
27 2 28 28 78632 0.974182160466138
4 12 22 7 72063 0.9076689226194432
6 20 7 0 67883 1.0351454380848284
23 4 21 23 62553 0.9007148059012461
21 11 12 19 53548 1.0251966968411717
8 19 13 10 50172 0.9024249649848334
23 24 12 19 51622 1.0515746517865003
19 22 13 10 55581 1.0338949080851518
28 3 14 15 64294 1.0900967089369464
17 27 21 4 97682 0.9382219935613323
19 18 29 9 64414 0.9807410113218169
21 0 8 17 81240 1.0513099568170485
19 26 3 20 58771 0.999337591871761
5 26 26 18 62364 1.0523505656250185
19 6 2 11 84615 1.039412174982186
6 25 13 19 35986 0.9154116978820053
28 18 14 3 76662 0.9831007147882806
17 26 27 2 87953 1.0489894274459841
6 2 18 16 68774 1.0966041379396558
4 24 19 28 52990 1.075748837294021
20 26 19 2 92594 0.9207450263172396
1 6 25 19 102490 1.0177584141696951
23 10 14 28 89006 1.0959531303529675
22 14 28 26 47725 0.9479857884404993
29 15 24 6 40395 0.9076377516751729
23 0 28 27 84858 0.9773947532054209
4 24 18 27 45346 0.9745396756570824
28 17 9 20 54356 0.9548262808252858
29 14 22 28 55654 0.9663727543955968
2 19 10 3 78525 1.0194503489797448
25 28 28 5 85649 1.043358421986865
13 25 13 9 72336 0.9876514789587625
1 11 23 22 86125 0.9201305202273122
28 17 18 1 63205 1.0433014067389172
21 19 1 6 96137 0.933698503317992
1 23 7 17 37073 1.0903759167487896
12 15 4 20 40536 0.9071100337837849
12 17 26 11 45782 1.0408410457059543
27 18 16 0 76100 1.0320528870431338
26 24 2 18 80629 0.9846477810715505
2 7 15 4 61994 1.0506428440752622
26 2 25 12 27240 1.0271427099722434
9 0 7 19 76070 1.091904098665995
20 3 29 23 84884 1.029942471335685
5 0 9 15 45648 0.9930246514978868
28 0 8 11 84527 1.030288819201036
1 26 24 7 104331 0.971851220024528
20 26 25 19 37898 1.092719255512494
4 28 3 7 71168 0.9816661702840732
14 16 21 20 33901 1.0933209067776277
5 17 2 0 54469 1.0873136464305055
1 20 21 21 50492 0.9703192089597518
27 17 7 18 64534 0.9665466031355255
21 21 25 8 47016 0.9777693456598451
16 22 27 0 80716 0.9722000457756167
27 0 0 20 114570 0.9109662601706766
23 3 1 1 65262 1.020700130450245
29 22 18 5 93308 0.96701542725264
23 17 15 24 50832 0.976095395997745
12 1 20 9 65703 0.9549640807449717
7 23 2 3 74640 0.9461592351324295
27 25 4 28 76635 1.0406781083147325
16 14 13 22 32901 1.073853929816638
3 26 27 13 82132 1.086042728238442
29 18 8 16 62902 0.9108151328220434
14 25 23 21 46363 1.0307091080880424
20 12 7 18 55917 1.0098573288426669
23 1 27 29 92004 1.040287174489524
18 26 2 17 70545 1.065511257324721
6 24 2 0 79227 0.9979098864939574
26 8 0 2 95749 0.9590300992031402
4 18 27 2 88450 0.9745241231427553
29 17 22 1 58316 1.0827276218181079
15 26 29 29 50038 0.9986366276473889
10 15 1 24 52690 1.0763830442416302
23 20 27 13 35206 1.0403189662565346
13 18 4 1 69013 0.9927658149372384
6 16 8 28 45641 1.018304223895734
8 1 21 21 91915 1.0205601133268858
24 16 28 28 54786 0.9709786062623538
4 28 16 9 84208 0.9198625803736181
15 27 24 29 36092 1.0947207670122596
3 26 6 14 36753 0.9321742145906601
25 27 10 29 46988 1.0621563487442285
1 10 28 6 101791 0.9488278790259859
7 29 5 8 60100 0.9621610997107527
9 4 4 21 64133 1.0213492571053588
25 25 6 26 66672 1.0536020167277693
7 15 11 21 28475 1.0787539872716483
0 7 16 10 87124 0.9289359401481024
27 14 19 27 51899 1.008545682586489
22 16 18 1 60611 0.9917586705574533
12 2 25 28 112086 0.979702555747908
6 8 20 11 62093 1.0428945248884176
14 14 23 16 30732 1.0445823723080885
15 29 16 18 58363 1.0255824141470502
9 26 23 28 48572 1.0147872442237487
9 27 24 0 103086 1.0748151415826994
21 17 12 9 51953 0.9117914203665166
29 7 22 13 42268 0.9260065984483729
8 11 15 23 56580 0.9187270837480969
8 11 8 27 55881 0.9119319714661176
7 15 27 17 50458 0.9732183732281355
27 22 24 4 60467 1.001611841644432
2 23 6 13 37516 1.0454174747929035
19 9 0 27 103865 1.0996102949477413
16 25 29 7 88219 0.9314900701672282
22 2 15 22 70360 1.073328276264895
16 8 25 18 56754 0.9621273887809464
0 5 29 6 111279 1.0609819019551532
22 22 7 11 72480 0.924178744291794
22 19 28 7 54245 1.023414744044776
6 4 21 18 74302 0.9089915566382647
16 8 27 6 67348 0.9146156638342223
9 29 22 8 92819 0.9174820256775689
20 21 0 11 74980 1.0939278076352181
11 6 20 25 87814 0.9366073896319419
23 21 3 24 54685 0.9702148848629455
0 4 2 15 59990 1.014307154914099
25 14 7 14 33647 1.009553549895394
10 2 29 27 113090 1.0245128305479436
9 7 5 20 47034 0.9318686358428075
7 16 4 24 32124 1.0477556872051106
2 22 14 9 72898 0.9754049036195145
2 14 9 29 61465 0.9903230467924297
10 15 5 25 37862 1.0194308552847748
9 16 26 19 50933 0.979716495052659
26 11 10 12 44021 1.0316735446734426
22 28 1 8 112142 0.9848776778370578
15 8 11 23 59268 1.0033370993296729
14 0 4 29 103331 1.0237455597747513
14 19 0 10 74839 0.9147659019937836
12 4 16 25 88788 1.0560993414507165
22 5 2 23 98162 0.9800231105075187
24 14 1 25 73438 1.004862469777706
6 16 14 1 62036 0.9800825199985115
14 3 24 23 91012 0.9213159220183731
19 11 26 20 48250 0.9013018856294509
26 8 10 6 73616 1.077888589893933
27 11 19 19 52427 0.9349369879281805
29 11 16 25 78607 1.0342334180849826
20 28 3 15 76964 1.0372680411994661
27 12 3 19 70277 0.975774245797606
24 0 8 26 106467 1.0123952792879702
8 4 25 12 78528 0.9137938992411156
10 17 28 3 79276 1.0408362157440973
5 12 18 28 73419 1.027152945916698
19 28 25 16 56169 1.022669467657281
3 3 12 2 27556 1.0975088457065876
25 27 7 6 113125 0.9953121294885333
20 3 21 15 53247 1.0515102801299019
12 3 2 0 41609 0.9805482611190612
17 21 20 0 82943 0.9910400595645373
15 9 12 21 43573 1.0887111519099306
22 7 1 22 95049 1.0651076216795663
15 26 2 9 91062 1.0768630201996003
7 3 29 16 93496 1.0123164035787509
0 5 1 20 78010 1.0460738958373041
8 8 26 1 72488 0.9140564402939367
0 21 25 15 71005 1.0925089794890759
14 2 10 23 70413 1.062680018787986
27 9 8 15 57105 1.008292861803306
29 0 16 2 39463 1.014192143702035
29 4 4 6 86397 0.918129952987525
13 4 19 18 70101 1.0558388010327637
2 20 27 25 79038 1.0422529697859475
14 22 20 13 45061 0.9551640131649948
5 0 14 9 61092 1.0982561963612598
24 4 0 23 106034 0.9029879198990941
25 19 0 1 105355 1.0805469894886919
11 0 4 10 48785 1.0148240940033806
27 16 25 2 44057 1.0247306932991855
12 1 8 28 92616 1.0314356743711142
24 4 28 26 76081 0.9570450181279746
3 29 5 10 54106 1.0468248431111504
21 2 14 12 53165 0.9895895945855115
21 25 14 9 68518 1.0336449291666714
25 21 2 1 100023 0.9400014915213739
10 2 13 18 66493 0.9013341213424366
27 0 14 12 70751 1.019467671950367
7 8 15 5 49461 1.0354019572997457
28 9 17 15 45672 1.0604451373953152
3 15 20 3 82221 1.098546896780967
9 17 29 18 63138 1.0273912378430403
6 15 15 8 41524 0.93439670487023
22 25 27 6 69753 0.9890299838626347
6 10 24 1 74778 1.0592623487490074
13 19 27 11 60342 1.0430813515775577
26 8 7 14 51066 1.0894103162662316
16 3 28 25 95323 1.048553767537896
24 16 28 8 41420 0.9651910898632242
0 13 9 18 47580 0.9173744047160363
18 2 4 8 55997 1.008259527000321
28 24 9 2 102129 0.9493785732592733
6 22 13 15 42750 0.9828972297907999
4 17 27 24 74860 1.0036083830507343
15 7 27 24 75598 0.9131941202232804
26 28 3 3 128488 0.9426001197069485
6 28 17 12 73990 0.9720692719761425
10 20 9 0 69166 1.0143389649369463
21 25 3 0 105909 1.017607598914509
22 15 5 13 39680 1.0633933303077898
16 27 0 1 107886 1.0422285955887218
14 24 7 0 102290 0.9707374878217419
24 5 14 14 46425 0.9383349302820605
21 11 13 25 72819 0.9253041840761959
7 2 28 16 86560 0.9194334925598702
3 23 6 16 28718 0.9851639950408645
10 19 1 15 36406 0.9152982131025127
4 20 20 10 76715 0.9066266489103146
3 21 28 11 78006 0.9023253350116955
27 26 7 4 122244 0.904215188173677
5 6 15 8 54778 1.0528982491001257
6 6 19 28 99151 0.960534983623064
5 16 19 17 47576 1.0281570464879697
3 2 12 8 46556 0.9288484481954371
20 10 7 25 81300 0.9748875711088797
16 15 20 2 55307 1.007726608400937
0 23 17 9 86427 1.0668794854192738
20 7 2 6 95366 1.028180388811902
21 1 14 21 74512 0.909467503270353
26 14 10 7 54762 0.9484790482401462
4 26 20 12 76082 1.0895096300190064
27 22 9 26 54800 1.045845265357363
13 18 16 26 51504 0.9297846266554254
16 20 14 2 65565 1.0907066868300235
3 24 14 21 35811 0.983558521411518
1 20 24 10 85842 0.9673597047184974
28 9 11 8 72335 1.0671502538932442
1 19 12 20 43882 1.0649350296948945
3 5 19 24 89132 1.0917643331665494
4 25 14 7 79821 1.0523361260124657
0 4 8 17 68956 1.0401678098135183
28 18 9 3 90533 0.9546649891298311
24 4 23 28 91613 0.9121969695793086
7 10 29 6 92335 1.0402387370807702
8 12 0 27 65741 0.9746091422129042
27 27 8 29 59270 0.9508607947429898
10 14 11 25 31707 0.9837240845851248
12 0 6 29 96936 0.9624308596836215
4 17 28 8 74171 1.0373554785420436
14 15 8 28 56730 1.0010741902268658
27 26 7 20 71733 1.0320670965964778
20 7 12 10 59114 1.0588594657177268
26 19 7 12 59634 1.0543012253969952
7 8 25 14 61913 0.9455402703552659
23 18 6 0 96259 1.0292684405793415
3 10 28 1 90761 0.9922037951609288
24 3 6 7 69569 0.9027512284230226
20 5 6 7 71041 0.9396445606218433
29 14 29 29 59154 0.9882115910843494
29 6 28 24 67438 1.0144163394351318
27 25 23 18 45957 1.0972114429275328
7 3 15 16 64033 1.0716982924543739
21 24 17 7 72990 1.0667125356020173
24 15 4 26 79321 0.9699845713774744
16 18 27 29 71038 1.0255206580099132
20 14 28 2 46857 0.9993692658251803
1 26 6 8 63499 1.0009850797956106
14 25 24 13 75139 1.020440007263225
0 24 1 14 61971 0.9875838413310071
14 5 3 28 91703 1.059194899440388
23 8 25 0 25654 0.9325290588655296
24 7 28 13 38598 1.0290627249539832
16 3 25 29 112143 0.9510160129682442
20 6 12 21 80123 1.0267468670727697
8 15 2 0 58904 1.0274770562982298
1 21 16 16 49855 1.034315070615273
29 0 11 4 54708 0.9065903683541753
17 24 25 18 41851 0.9879490869104693
14 17 27 20 43127 0.9286654981593512
25 19 2 22 61499 0.9328435088042014
23 26 15 3 95010 0.9934363768364367
7 7 15 27 88008 0.9853908684464113
5 18 27 21 52272 1.0035885670551594
23 20 22 1 71163 0.9472908517746053
13 17 24 18 43544 0.9031248360777147
13 16 0 9 63208 0.9632698380412784
24 9 17 14 33780 0.9801304576181117
1 19 10 11 52467 1.0384986857047518
8 25 23 15 64592 1.0719854136241709
0 23 10 21 33406 0.9349768860742738
7 27 6 9 57491 0.9675712262944125
2 21 20 12 66300 0.9747530206946191
16 21 13 1 68681 0.9717518711397006
14 28 0 8 104163 0.9438842191417962
10 26 7 11 51587 1.062944591839828
4 28 10 5 83942 0.954551706259942
21 28 26 10 58339 1.037556335574958
1 23 7 7 70216 1.0456474289488784
0 16 18 26 78110 1.0258718987327826
15 13 24 15 26342 1.0934406433471586
22 8 3 7 88846 1.0004851518553464
15 22 27 23 37117 1.0885398204721046
4 3 17 12 63887 0.9837778888803778
25 2 24 27 81055 1.0723550934404806
18 0 11 13 60998 1.0846648996561865
9 8 23 12 55155 0.9851690151170225
15 8 1 25 76367 0.91216400657475
1 8 18 5 89087 1.003437801915903
25 7 29 19 48679 0.9666322114266788
20 23 15 14 41588 1.086712777753118
1 5 18 21 83061 1.0624297141791015
25 2 8 7 71059 0.9303717448829574
11 6 13 15 35739 0.9715889174742482
22 27 4 16 71700 0.9183035435077357
2 27 21 11 83753 0.9115859012627819
2 23 24 3 100539 1.0073566929120492
13 14 24 0 58177 1.0217764217279282
29 9 8 5 91988 1.0232744182484494
5 12 22 2 70321 1.0176355281745983
24 16 14 18 49268 0.9887074463982085
2 5 16 13 62618 0.9677409398573981
10 4 13 28 88745 0.9332009226539179
16 17 20 11 39338 0.9117057291041498
5 12 3 2 29487 1.0454281044277753
2 23 28 29 82989 1.0825942811737275
9 9 25 10 63306 0.9166928814509064
28 1 24 14 40281 1.094260307175491
12 10 25 6 68980 1.0715265139568375
25 11 10 14 43560 1.0192191542203832
7 9 6 22 53077 1.056304849806574
12 27 6 7 73392 1.0367710191048216
2 25 13 10 68392 1.0957962307374218
1 9 20 12 76960 1.0688413537298949
23 3 11 27 90569 1.0118595286722796
16 15 26 2 52448 0.9420952561362068
22 10 13 0 50833 0.943158762947976
5 2 27 26 115059 1.0157816170443796
21 25 14 18 40398 0.9461697415470756
20 18 1 29 85491 1.0991407450043515
21 8 27 22 59632 1.008765015148471
7 17 17 25 52132 1.0981520049956945
28 26 26 18 30120 1.070118505305432
0 17 27 21 71212 1.049986264921263
18 29 5 11 82347 1.007449618690794
21 24 7 20 43799 1.0033733583512379
15 3 2 28 98954 0.9597276704109783
26 15 19 18 35364 0.9808880554785171
16 22 5 21 27868 1.0852447912947054
28 27 1 16 93377 0.948338549800355
16 13 23 19 41388 1.0305245095448876
4 2 4 25 60700 0.9114539979242151
2 7 14 13 64559 1.0348916036039775
17 12 13 6 36417 0.9657578772274871
29 18 28 7 46802 1.092723715779558
21 23 20 9 62310 1.0642392866627108
25 28 17 11 81002 1.0860035958128818
10 6 2 19 68687 0.9620680029038902
21 23 10 23 34880 1.0487390481282501
9 7 26 26 104966 0.9777921947640849
16 24 15 5 66425 1.0535983434836864
25 9 3 15 67885 1.0312408932193602
11 23 9 8 51488 0.93739382184578
0 27 26 5 107717 0.9861633690636994
8 26 28 18 67802 1.0294542111868294
18 1 23 7 24444 0.9609299095156442
23 5 7 14 54917 1.0574942083114736
6 6 27 7 86933 1.0316724760962814
27 19 0 25 73261 0.9012876515472049
6 17 18 6 74058 0.914212615884743
12 10 8 22 50925 1.0182461267233
5 5 20 23 80274 0.9838866736313681
4 13 16 28 72812 0.950005939780026
28 19 3 26 71905 0.9846126562305151
22 10 9 13 45098 0.9407894688653904
1 28 19 23 69383 0.9389242047807171
17 18 28 13 41862 1.0170807246402258
18 15 1 15 43852 1.0704985129375961
28 29 14 16 71693 0.972702699215837
8 1 22 6 53044 1.085484585942402
6 28 15 24 49639 0.990330054390309
8 14 7 4 42228 0.9226905039714594
26 17 8 25 56640 0.9616130880824428
15 9 4 27 71087 0.9552830806192356
9 21 17 29 44985 1.0001586086600227
6 14 20 17 44613 0.9707316544459577
11 16 16 23 40770 0.9493945303257362
26 13 19 9 43087 1.0778857411297598
22 10 29 23 56942 0.9100523765446001
29 18 24 25 43669 1.033911630247133
21 8 4 12 68636 0.973001190705107
15 3 18 19 59911 0.9092708180106356
7 26 28 0 110762 1.0455215649706586
9 2 6 25 72303 0.9167979303338024
26 8 19 0 40165 1.09779435082664
25 21 1 3 108733 0.9727010876482294
25 25 18 19 42756 1.0934785795554613
14 17 28 14 35988 1.0853622985296651
16 3 14 19 61755 0.9122143333435708
19 2 15 17 58422 0.9302857222097156
29 3 21 19 73146 0.9080289827312696
5 5 18 2 42430 1.0496335467595694
29 1 29 18 58550 1.0539193109068317
13 14 20 5 59981 0.9260776992419676
1 29 18 26 61527 1.0198884712292093
14 17 18 2 58722 0.9208129478954888
24 28 25 7 78804 1.0475566680326982
14 8 17 1 33049 0.9768675712307128
14 5 7 23 76726 1.085248571386527
15 6 15 22 49156 0.9994865442384788
2 12 17 15 49170 0.9769869369193002
4 20 29 5 102900 1.0622998146414577
3 18 11 5 57362 1.0858164386999278
2 7 27 4 99473 0.9935883368347215
10 28 1 29 39415 1.0143523138016932
25 5 17 9 59991 1.0744151693697495
17 13 13 7 42959 0.9451419976419455
29 18 19 17 37867 0.993534515410292
5 15 22 3 71049 1.012647793873403
19 28 21 3 99575 0.9922393205723659
21 0 8 15 72865 1.0335315381510188
24 7 8 5 70555 0.9418800148543195
10 0 11 29 98277 1.0523096723228695
23 13 12 22 53867 0.9159126364598226
8 22 3 2 64771 0.9707563058953589
2 10 19 21 69713 0.9087786456662416
11 21 27 23 42520 0.9524398074500665
26 9 27 18 27000 1.0344353986865178
2 7 1 22 71642 0.9086236126106072
15 0 29 5 54296 0.9776774189169789
1 20 6 12 42394 0.9762524692851657
5 28 29 19 75284 1.018998847057016
18 29 8 4 113040 1.0535061910591388
23 8 1 9 87173 0.9894754151819579
5 24 2 0 72174 1.070773984511367
3 23 13 26 38965 0.960331884631787
22 6 2 29 109667 0.9896618838609119
17 21 2 19 40546 0.970131400018023
1 0 6 14 54432 1.07374961173212
28 15 17 0 67474 0.9349067847807804
10 21 27 24 50754 0.9123880123767
3 19 15 7 63802 1.0546616102249309
21 16 26 6 39978 1.0710498464869436
24 7 6 29 102137 1.072464514978137
4 17 19 25 59542 1.0564099922778785
1 14 0 1 66644 1.0109747077123958
13 18 3 24 50152 0.9406171369181401
8 16 20 22 48022 0.9228280851728491
26 24 0 14 96351 0.933551116780101
0 1 3 24 83641 1.073305390273015
23 15 29 3 57831 0.9187025258294055
16 10 3 20 65625 0.967503448835282
29 5 17 13 61403 0.9162290373547255
13 13 25 23 58075 1.061776416699457
9 1 23 12 58976 0.9457106413649772
12 5 22 27 94190 0.9175188671604484
20 13 23 24 56008 0.9227179950713013
4 19 17 26 58135 1.076764529695985
5 11 14 28 68477 0.9984689483725078
12 1 1 6 52886 1.045577581932803
18 28 3 6 103367 1.0628790276467037
10 8 16 14 29462 1.0631371711476012
14 15 2 19 50220 0.910476010983695
14 1 23 20 88125 1.0978361047359384
3 21 27 7 86735 0.9773811470031902
10 27 19 23 40685 0.973625959691875
15 0 28 17 73999 0.9369127080095105
5 16 19 10 56042 1.0370155713279732
10 21 14 6 60918 1.0699730189258219
1 22 22 13 73204 1.0919917238022847
12 8 27 11 67910 1.0237912752526377
6 11 9 4 38913 0.9248433422245425
5 0 1 24 77398 1.0608185314827439
22 14 28 29 57431 0.9955928817157308
4 15 4 3 36183 0.9521598406503293
4 2 6 16 37966 0.9044571327491803
23 21 10 26 40155 1.0946132038328857
16 25 23 3 86151 1.0466650423056079
25 25 10 15 68506 0.9099227813041136
17 14 9 27 51909 1.0076014985222315
6 3 2 22 60377 0.9239938330685009
7 1 2 29 88252 0.9904594284369539
22 3 8 7 68652 1.0551588583112022
17 21 10 28 32841 0.9868990160051896
5 8 18 26 81433 0.9798404606788801
18 12 7 19 59056 1.0174355595061242
16 0 5 8 51889 0.9515229129385759
13 13 19 6 56649 1.005034069777828
27 17 20 26 43854 1.0779544890252901
23 4 0 17 83358 1.0235110394479947
27 15 14 5 57028 1.0385840293771536
25 0 18 29 103938 1.0204900797334173
16 3 7 16 65212 1.0330022363433577
14 13 4 15 31764 0.986048119316205
20 15 20 29 54197 1.0515063608716284
24 13 8 26 76695 1.0305248680675894
2 21 17 9 70527 0.966870277691557
19 22 8 26 43701 1.0696166204382285
13 15 5 9 33187 1.0333791111752904
8 7 2 16 51928 0.9888540171223655
8 26 18 28 39318 1.0515288883867524
12 18 6 2 64902 1.0233092853665549
21 2 28 24 74244 0.9150931218049583
0 28 14 9 96665 0.9805446496589586
18 0 28 29 106663 0.9708941883562325
29 11 19 12 41586 0.9071906866727673
18 5 18 21 69160 1.0278457499038194
18 11 23 18 52258 1.0779244113914321
29 28 10 28 59121 1.0670412235486704
26 22 14 16 42805 0.9467067634543288
19 26 27 24 40438 1.0973778857129994
14 26 24 11 88356 1.0304799067828365
11 20 27 0 93777 0.9225378583908459
23 27 3 14 82353 1.0935796971383844
11 20 23 15 55309 1.0886656865653368
2 13 18 4 85172 0.9226395764315618
16 1 10 21 73071 0.93534989975883
8 4 12 12 47262 1.0588142898230344
0 14 16 20 64541 1.0373988450577092
12 14 17 24 43111 1.0481701034024407
10 21 7 7 59875 1.0767536897951269
17 0 29 12 65179 0.9350436957764832
8 5 1 29 89440 0.9271518421168273
13 14 11 6 30960 0.9009298046321899
28 20 6 3 95447 0.999795760480256
29 2 20 10 53492 0.9755560342008012
6 9 1 24 61467 0.9051637164956234
3 16 2 0 57367 0.9230185711047139
13 0 7 9 56058 0.9714872874008398
14 21 6 23 27499 1.0573720537843407
9 6 5 21 53639 1.0472312239114023
10 0 19 3 39766 0.9482649188288632
27 29 11 0 124800 1.068332285078721
23 9 18 28 78537 0.9724584419176855
18 27 4 25 39679 1.0359268695214225
14 25 17 1 96882 0.9100539994235185
20 25 1 20 69174 0.9611059069873663
23 14 12 4 56261 1.097728868784419
21 3 15 25 97722 1.0327286810452334
26 14 14 22 47692 1.0284272240471541
17 25 18 12 58675 0.9162482177888619
12 28 1 21 45955 0.9154241731071248
17 17 10 25 40281 1.0914450389762487
20 27 8 24 43356 1.0232816540982457
7 12 26 9 60540 0.9354153364632759
0 22 7 15 39278 1.0996048940643903
6 7 26 4 76662 0.9067989304092766
20 4 29 12 56560 1.033998196845655
15 0 0 17 85622 1.0903666112735577
6 14 1 21 27776 0.9931102627093762
5 24 25 7 89939 0.9826104832428182
15 7 29 0 56540 1.095016177786873
14 8 26 10 53974 0.9980081473978067
13 14 12 28 53685 0.9355363296911723
1 1 4 15 49759 1.0295367486467026
7 14 27 3 69733 1.0924950822287567
23 17 23 1 56494 1.038652186891535
15 23 25 16 49671 1.0538971233004628
18 4 11 18 76425 1.0276789125550243
6 23 22 24 59758 0.9086348525218441
18 27 15 15 49145 1.0125796619579996
11 27 0 22 45634 0.9670974590332845
10 28 20 22 45667 0.9846349126640606
7 27 24 8 90299 0.977074947942577
5 27 27 28 64283 0.9830601546682567
23 4 12 2 33308 0.9833461205519437
17 29 28 20 54831 0.9313575939093964
23 13 13 1 50116 1.0915104766934625
26 27 5 16 78072 0.9462827852349158
14 4 4 14 60968 0.9907458730809925
3 12 7 18 35762 1.0885603530548502
1 6 16 12 79509 0.9336948538788498
1 5 17 26 100852 0.980447712652747
13 22 25 16 49971 0.9458315207878721
15 5 24 25 89695 1.0644624732125665
18 2 0 29 122753 1.0905105628004887
17 2 12 23 83978 0.937987130809418
15 1 29 0 36294 1.0041609432657734
25 9 15 15 42038 1.0914108026178906
20 28 22 2 89570 0.9102023570419985
8 13 15 4 52046 1.0577125253985533
23 8 19 16 37181 0.9959979630911906
25 12 2 10 71834 0.986153730153661
15 20 27 15 43134 0.9919779031569123
6 2 18 27 96330 1.0937611519706563
25 3 28 10 32209 0.9430991888234235
9 25 12 4 70985 0.905674925156286
17 14 27 6 41390 1.0600429222039902
18 1 9 19 77035 0.9040601419176723
28 21 25 11 33405 0.9443428014432002
19 6 28 22 74878 0.964831311637921
24 25 5 21 63387 0.9837686160071775
3 3 15 17 68371 0.9216827986229155
12 14 26 28 80005 1.031769135430893
1 23 14 8 82044 1.0023211282254507
0 8 16 2 72744 1.0162058145916633
15 27 1 5 94059 1.0871309611028104
16 16 7 7 59834 0.9635438607213236
8 3 7 29 90052 0.9684198830381822
21 10 24 2 29084 1.0247070274770376
20 22 20 1 78739 0.9657582815937378
7 28 9 4 86385 1.0292250651126804
18 16 10 0 74216 1.0081399797078918
22 19 13 22 34033 1.0953477657872461
21 26 28 13 49089 0.9491833088085003
13 14 4 17 27957 1.0442909334941772
20 3 9 22 93743 0.9904981211882498
26 19 17 29 53192 0.9589635041854222
4 6 25 16 74478 0.9728341156594597
13 4 4 16 61318 1.0480008929240745
3 5 22 9 85255 0.9852878542313115
9 22 14 10 54141 1.0800950374422944
9 17 17 21 28318 1.0789343146601824
8 0 6 20 70596 1.027138322688968
12 24 1 1 90866 1.000578589564703
0 5 24 20 108147 1.0478919638277955
5 18 15 1 67724 1.0957389000974598
24 13 11 23 64807 0.9281549301368829
6 25 24 24 66378 0.9628163734782172
5 4 16 21 64725 1.0201841926370698
7 7 0 13 56948 0.9576662162681616
0 11 8 16 38549 1.055460152375118
19 16 26 8 40524 1.0844041699967562
28 9 6 12 70489 0.9691152183540948
27 13 1 18 75139 1.0268539036569404
29 13 20 23 48613 1.093040214202449
26 12 15 29 76657 0.9656202818138446
7 27 0 6 87958 1.008474412408383
23 7 15 13 35532 0.9467460955903662
16 3 3 24 95285 1.0213883957052161
29 21 3 21 56847 0.9510115428221955
20 2 1 2 54697 0.9217129842765162
0 23 20 29 76497 0.9828359613392694
24 7 1 27 103539 1.0027991677845371
18 1 28 9 48160 0.9812176955776605
28 27 0 21 80227 0.9339558852975473
3 4 25 18 88883 1.013542655079586
27 19 22 5 54487 0.9345581004290922
27 0 27 21 58686 1.0293198022115733
8 1 21 29 116316 0.9371386009291527
28 22 5 26 62073 0.9707531308506328
28 23 9 29 67901 0.9958103675709258
14 24 10 12 55316 0.9698781733948416
25 14 22 22 35980 1.003239396654568
7 1 22 17 86094 0.9743610155561852
13 12 2 21 53141 0.9073379228344876
23 1 4 7 63661 0.9624219221744655
3 22 18 25 56627 1.0736746296547093
15 7 27 23 69595 0.9192595191758228
17 2 9 20 76257 0.937931186349586
0 17 7 27 47928 1.0566610447017057
23 28 27 7 79867 1.0525827407021424
21 17 3 22 57206 1.0225422537507838
19 22 12 28 44470 0.9234906014242257
13 17 19 2 65159 1.0797403725245096
17 9 7 12 50468 1.0916769533908057
12 29 14 16 59012 0.9225117837189989
3 8 16 3 61905 0.9962234854410394
26 15 4 4 71369 1.0269668479333272
15 26 4 24 44076 1.0877997555092562
26 24 18 4 95825 0.9402804580425749
22 27 20 11 67796 0.9538148947533425
25 17 14 5 60710 0.9717690673700359
4 14 20 27 71265 1.0184737294072712
10 19 19 10 56320 1.08991355182789
13 2 18 19 68451 1.0736295841045316
4 0 18 1 44653 1.0764688893379921
20 20 23 13 40087 1.0908287639405916
10 2 20 10 64950 1.0142786419777121
23 25 13 6 94495 1.0061477046771317
15 19 23 11 38127 0.982389526534107
13 16 10 9 29485 0.9319573657569242
28 15 1 23 84527 0.9064909889636896
21 1 7 17 81081 1.0631401204381326
1 26 21 6 109972 0.9146873725552992
20 8 16 15 47183 0.9525456354344277
13 19 4 25 39433 1.0185372621602031
6 0 28 20 102885 0.9987167588518988
11 26 12 9 62709 0.9206452337759129
6 8 18 24 80456 0.9125748170618201
4 13 16 23 58105 0.9728390784317897
8 11 0 16 37830 0.9326709643942199
26 25 9 10 86914 1.008633516120007
20 14 3 15 36401 0.9279265231955592
27 0 24 16 58663 0.9227002206934124
22 4 18 10 48845 0.9146369351394875
19 19 0 15 67184 1.0964472069941602
9 7 24 29 107155 1.091477679624249
28 25 12 7 94155 0.905928301662949
15 11 11 20 46455 1.0136512047000406
3 3 8 19 70612 1.0691788871738686
25 0 2 11 90259 1.0915296100514011
1 14 17 27 77708 1.031552315150301
26 12 12 18 49391 1.047839223591387
9 19 6 27 32926 0.9406707783729945
4 2 24 17 84750 1.057276591445487
24 10 1 25 88884 0.9756901516933812
14 8 24 6 60720 1.0601063494496965
1 29 17 5 111484 0.993359549043183
9 17 21 3 76321 1.0836674222858576
17 2 21 8 38232 0.9356569714004203
19 28 18 19 40122 1.0651960636518087
1 17 1 27 45502 1.0690333577654152
24 24 12 0 107803 0.9666979292337916
27 18 27 3 47507 1.0696787546210471
18 3 21 26 96780 1.0159627697152307
23 13 27 4 38287 1.0119750236285052
4 27 26 23 70413 0.9926996122847644
16 21 5 21 23202 1.0965258079453608
10 18 21 14 31542 1.0309207300313705
8 24 13 8 70570 0.978227391641316
28 4 0 0 97002 0.9395348459685455
17 2 26 26 100724 0.9343540013686855
12 6 29 20 89200 0.9921377348755223
7 17 13 4 62927 0.9865633225911518
22 16 4 20 66607 0.9436465500854002
4 24 1 7 75795 0.922708591859465
0 0 19 5 82573 0.9925525143676308
19 6 21 25 86276 0.9801792013955217
14 1 5 28 89575 0.9091609879441442
21 4 24 24 81268 1.0897335680449287
3 0 20 13 78422 1.0334780280978697
9 23 9 3 71736 0.9873191106610315
11 10 12 20 44148 0.9006214059434207
12 17 22 22 44150 1.0928959009735217
28 2 20 22 70009 1.061252298415463
20 10 11 22 70273 1.0767207289833136
18 16 25 20 41175 1.0112464760568978
12 22 20 29 56196 1.0272422072477256
23 16 22 26 49179 1.0955455429158718
12 16 27 10 48670 0.9123212377075532
11 7 0 21 61674 0.9085365289812938
15 9 26 15 37209 1.041522817918011
29 27 3 7 116344 0.9271257510151913
28 22 8 15 61810 1.0673775429812182
4 29 10 13 53861 0.9278348441444849
3 22 21 17 57206 0.9600003610794903
2 2 11 28 89638 0.9440431928830716
29 1 0 16 97591 1.0072035384040918
20 27 2 13 86027 0.9462950900612594
22 7 19 0 35260 0.9601324318171482
27 14 15 4 52344 1.0318225393683766
6 26 28 23 70472 0.9188249062463641
9 9 22 10 59063 1.021311918959705
21 8 27 28 85613 0.9147610214771655
29 15 15 24 65944 1.0156595019345773
17 23 1 8 86978 0.9824760861378977
12 11 14 20 45477 1.0820912240686387
9 20 11 29 32163 1.0052079687137485
0 22 18 2 98568 1.0605281334590935
20 2 14 25 102516 1.0302797976207905
23 6 9 26 82638 0.9189105492971228
28 26 18 2 89325 0.9451522867019786
15 16 9 10 30689 1.0838869019305144
17 22 11 16 35376 0.9559109395583838
27 27 14 28 42541 1.047998102573447
22 15 4 17 49521 0.9606948759322191
19 20 25 5 66353 0.9731219300859753
10 22 19 20 28108 1.0114567049341205
8 0 9 26 88366 0.9628698674406213
25 18 9 0 92434 1.0041769682649182
6 9 17 13 44858 1.0467730752190765
23 3 17 13 42747 0.9590977586200553
23 4 2 8 84603 1.0726987933071548
2 23 27 24 75917 1.0512217935769517
19 22 25 2 67447 1.0601866049431696
23 15 0 3 97586 0.9170137618799503
3 28 24 15 84808 1.0730943299771425
9 25 26 9 74775 1.029906121486189
15 26 29 2 106278 1.0085609311515868
19 9 0 24 103559 0.9512207256066335
15 19 6 26 44785 1.0227249900613666
27 18 14 22 43158 1.0775033496794233
29 0 20 4 40441 0.9717577099607911
0 17 12 24 55592 0.9056046081412019
0 3 1 21 82989 1.0931480208323843
25 10 3 26 90063 0.94673780991925
4 4 29 17 84922 0.941958096134742
12 15 21 25 51181 0.9326722259931215
14 17 25 11 44779 0.9987544866289941
3 9 14 1 57700 0.9749152765118603
8 2 5 22 57942 1.0402858189258974
24 20 16 2 81232 1.050185311117405
8 14 16 23 47470 0.9883537544500312
2 1 22 7 77480 0.9201071975031518
9 15 1 20 44456 1.0195930924435335
18 15 12 0 62173 1.0161106614128153
15 16 24 15 28910 0.9757431512088754
29 26 8 0 128102 0.9482218137046621
19 14 13 19 32587 1.002703315082004
5 11 18 26 75129 1.0903666198936444
18 24 15 14 42516 0.9136619818632783
8 20 28 19 54710 0.962865092605871
4 29 13 14 57699 1.0024150054711967
10 19 18 17 33374 0.9526843724772617
14 18 29 15 49107 0.9690450656832197
28 14 1 17 64421 1.0162008910740572
12 1 28 8 59431 1.0771511412401715
24 26 10 6 107959 1.0798104866265728
20 18 12 10 55633 1.0106082510929113
8 3 20 20 96728 1.079765996938812
23 2 15 19 57961 1.0858455467222514
23 17 1 11 73099 1.0255927991256581
1 10 23 14 64926 0.9815148154936797
12 3 5 28 85590 0.9474261234638233
11 23 0 18 49042 1.0228868704218852
21 2 2 28 113467 0.9242847717884913
28 21 10 4 86881 1.0715936604240643
18 22 3 27 52324 1.0642597372781601
6 9 18 15 47405 0.9189659400882941
18 19 6 2 79644 1.0791167239792228
13 16 25 1 61310 1.0916126621672402
10 29 19 5 101791 1.0327817372581929
8 24 18 7 91050 0.9743216682781243
19 20 6 23 44235 1.0487733785483238
29 3 17 5 57878 0.9586384318585262
15 13 20 21 33686 0.9889923236118363
26 15 24 5 36885 1.0348214535480056
2 29 23 21 68566 0.9965098132746868
23 6 10 15 49527 1.016477480235987
16 4 2 22 87734 0.93821107967084
13 20 29 19 47969 1.0939037901687771
4 26 7 2 69611 0.9157983886215001
8 21 23 7 67905 1.0182965239289672
27 11 0 2 106752 0.9264350755771161
10 24 17 15 42509 0.9855640848777615
7 3 12 16 58979 1.0682534907945649
3 10 28 23 88649 0.9865725711935305
28 20 5 21 49375 1.0207781191075092
14 24 28 17 59567 0.9421091146560621
3 24 13 4 87954 0.939140138354884
8 8 20 21 68810 1.063835355069547
24 16 16 3 72027 1.0682724802558572
2 21 15 12 52091 1.027323647478115
25 22 29 10 46533 1.025095160557397
10 12 29 7 66304 1.0948983538017603
6 15 22 19 56271 1.0708905255336991
24 2 28 13 42925 0.9481260760000322
25 23 3 7 99286 1.0882150554682344
14 3 10 11 44941 0.9608553242289851
15 3 16 14 35471 0.9800123568091789
22 21 25 11 37523 0.9895463089923975
16 11 25 6 55858 1.0280311128608308
18 29 0 1 123903 1.0000608464178866
6 0 1 8 47482 0.9152883383056247
8 9 1 27 72852 0.9473447931862077
27 22 14 15 48693 1.0211573503602018
17 27 1 29 54466 1.0699854387865213
10 16 18 11 37502 1.0044471905912125
5 24 24 16 74254 0.9192375260115141
29 16 4 2 86977 1.0837006758701149
28 13 26 22 28446 1.052440527949524
2 12 10 1 56924 1.0268816772498117
15 5 3 21 70600 1.0944441180518556
7 22 3 16 28788 0.9393072745913785
8 24 22 9 86862 0.941918696763374
8 1 25 7 65057 1.084087144244216
22 23 24 11 54661 0.9850997887971246
18 4 21 20 79662 1.0935316998197735
0 13 25 21 83769 0.9413372189563313
9 0 3 21 72737 1.059841056487333
27 25 6 0 120483 1.0918662663630339
10 28 22 22 51883 0.917213975276456
23 6 5 21 73848 0.9295619815541167
15 12 8 15 24037 0.9094588401477905
11 25 12 3 73596 0.9122413448490422
27 11 21 17 36462 1.040326779228774
5 9 26 26 100910 0.974386911942035
12 21 4 3 62736 0.9322829179646853
16 19 6 25 40769 0.9316263095211373
7 9 11 18 50487 0.9028875348899926
2 18 20 0 98354 0.9923973477076008
1 25 0 2 89800 0.9677753702035101
11 28 15 9 71775 0.9134340695953705
8 10 4 25 54081 1.0603836329554386
17 27 22 1 96160 1.0516442841664122
11 1 9 18 57287 1.0474307289295637
4 29 25 26 67553 1.0710420863345402
28 29 4 18 88774 1.0430469944219427
19 24 29 12 59697 1.047744014824099
21 2 21 24 75236 0.9984762913639508
4 26 19 25 54186 1.0441782581772627
6 11 29 9 78455 1.0203341854209014
12 15 26 11 37383 0.9894761848521971
5 19 25 9 72178 1.008560831127271
27 10 20 1 40608 0.9305105371683191
4 25 4 8 49626 0.9920855116167907
21 7 10 26 85620 1.036838924928641
7 16 3 23 31818 1.0002248086870047
18 10 0 20 83128 1.0202690948772561
15 7 28 28 86719 1.0671279069504123
17 19 7 4 79687 1.0641037071296526
11 17 20 27 55902 1.034028859506919
