8333 7940 8208 7647 8662 7249 7031 7576 7989 6945 6966 7568 8401 7934 8689 7857 7930 8226 8131 7285 8116 7723 7978 8807 8328 8583 8007 8212 8496
3785 4034 3637 4586 3696 3466 4429 3791 5207 4144 4178 3503 3496 3787 4429 3403 3280 5067 4270 4105 3622 4426 4150 4291 3559 3303 3628 4706 4354
7373 6243 7186 6156 6502 6465 6654 5495 7005 5943 6828 7108 6674 6723 5584 6958 5877 5818 7365 7294 7140 6049 6626 7298 6816 5531 6597 6701 6709
5106 3893 4588 5605 4073 4006 4409 3889 5627 5891 4476 4834 4319 5658 3907 3993 4193 5040 4154 5710 4408 3979 5218 5129 4593 5084 5005 4604 5313
2450 2143 1631 2891 2719 1572 3167 2049 2125 2941 2149 1948 1394 3334 3221 2162 1567 2976 2132 1792 2248 2419 2587 2261 1283 2781 2989 1687 1762
7438 8343 8843 7988 8368 8048 8218 8218 7857 7254 8169 7280 6831 7983 7750 8538 8676 8115 7925 7327 8685 7087 7017 7780 8667 8642 8350 7469 7537
5098 6129 5948 6554 5962 5069 5993 5615 5868 5595 6328 6074 5367 4797 5198 6681 5895 5362 5119 5537 5775 6616 6572 5661 5230 5269 5158 6230 6247
5812 7328 6982 6521 7349 6543 6830 5972 7248 6561 7494 6774 6622 6448 7374 6432 7301 5923 6169 7394 5615 6786 6023 6342 6901 6298 6405 7314 5806
2025 3713 3139 2382 3829 3086 2654 2645 3629 3255 3412 2295 2743 3236 3520 2832 2140 3614 3343 2321 2409 3811 2235 2579 3038 2782 2604 2215 3696
6498 7054 7043 5829 5942 5515 5210 7131 7092 7206 6048 6347 6188 5647 6353 6971 6768 7030 5423 6143 6938 7176 6816 6670 6347 6092 6445 7253 6915
5832 5889 6779 6053 5749 7286 5328 6323 5969 5285 6289 6446 7340 6002 6825 5927 5463 6968 6489 5716 6081 6457 5433 5444 7063 5358 7218 5510 6366
1614 2381 3163 1384 1901 1241 2750 2152 1620 2586 3315 1500 1455 1349 2245 1386 1606 2933 3021 2471 2430 2605 2086 2011 1577 2897 1388 3060 2426
6158 5463 4687 5468 6506 6002 5059 5943 5439 5434 5912 6095 4769 6774 6748 5919 6581 6130 5104 6741 6262 5353 6455 5701 6329 6600 6581 6340 5242
1429 2938 3001 1386 2722 1369 1492 1806 1746 2015 3148 1442 2830 2402 1719 3386 1362 2537 2968 2440 2486 2681 1280 3028 2287 3077 2198 2668 1504
5483 5849 6194 7336 6579 7550 6887 5943 7165 6432 6389 7305 7123 5490 6327 7333 7169 6348 6180 5616 7081 5931 6098 6027 5580 7598 6488 5689 6006
2718 2573 1552 2447 1605 1579 1915 1464 2875 2836 2198 2085 1385 1783 1988 2274 1733 3119 2730 1242 2014 2762 2409 3037 2088 1246 2286 1935 2988
5361 5525 7077 5432 7299 6763 5724 6006 6139 6688 6851 7161 5847 7126 7322 6671 6939 6462 5666 6450 7280 6717 7332 7083 6083 6452 6250 5780 6835
3399 4805 3390 4468 2880 4114 2938 3736 4614 2874 4845 4229 3997 4008 3326 4237 3030 4805 3964 3482 3810 3974 3912 3932 4324 4751 3048 4487 3363
5105 7015 7133 5425 5765 6374 7012 6130 6112 6275 6972 5270 5122 5591 5460 5666 6338 6301 5736 6251 6039 6741 6846 6600 6969 5359 6223 5276 6248
5412 4263 5275 5193 4489 5714 5036 5347 4053 5655 4927 5166 3767 4886 4080 5302 4540 5785 3730 3760 3957 4576 4375 5785 3939 5602 4500 5147 4690
5398 5720 3799 3712 5636 4547 4756 4341 5504 5193 4967 4572 5080 5259 4843 4290 4064 3961 4779 5671 5195 4195 5694 5371 3934 4676 5559 5690 4569
4528 5146 4982 4141 3399 5232 4070 4055 4930 3997 4895 4799 4905 5138 5094 4548 4259 3397 5048 3704 3608 5187 3362 4431 3933 4526 4989 3388 3210
8145 7277 7367 7082 8446 8458 7032 7901 7571 7203 8532 6570 8223 8308 7765 6822 7996 7213 7202 7166 7833 7459 7321 8501 8161 7231 8551 7070 8089
6471 6790 6170 7481 7410 6601 7064 6880 7465 6493 5678 6866 7530 7540 6432 6446 7484 5904 6402 7059 5946 6207 6119 7421 6179 5832 6757 6175 7566
3912 4603 4285 4753 4049 5258 3811 4951 3924 3957 3602 5533 5124 3667 5487 3527 4818 4546 4604 4669 3994 4185 3663 4324 3898 5045 3536 3662 4065
6148 4784 5502 5904 5584 5526 5199 4904 4756 5548 6744 6212 4792 5589 4938 5754 6230 5114 4794 4894 5469 5844 5647 5184 5908 6684 5544 5235 6026
8547 7737 7991 6924 8048 7726 7681 7499 7950 7809 7475 8933 8590 6924 8312 6886 8687 8419 7021 7087 8804 8083 8667 8729 7854 7182 7502 8741 8467
4811 4283 5065 3965 5219 4700 5001 3840 3760 3784 3781 4194 4107 3865 4685 4841 4322 5678 4309 5319 5359 4468 5145 4778 4906 4766 5623 4641 4629
4433 3877 3677 3799 4734 3449 3386 3647 4801 4872 4518 3424 4074 4428 3143 5053 3164 3414 3227 4244 3942 4500 4990 3291 3725 4548 3187 4756 3074
4988 5033 5883 4181 5255 6141 5783 5450 5528 5118 6014 5192 6008 4624 5497 6223 4643 4335 5356 4238 5675 5012 4899 4419 4511 4164 4327 5386 4782
4933 3131 2011 2470 4452 6544 6176 7009 2766 1220 7674 7069 3846 7359 3106 5685 5170 3617 6925 4399 3330 3925 4409 5788 4101 3064 4628 3922 5210 4289
4931 2762 2933 3605 4395 7763 6309 7463 3483 2714 8472 7311 5068 7590 4561 6243 5380 4387 6797 3346 4323 4444 4965 4119 4156 2868 5667 3069 5839 2856
3706 3290 2768 1979 4739 5810 5096 8209 2115 2277 8355 6772 4304 6435 3905 5031 5399 3276 8024 3425 4334 4109 3467 4977 3790 3207 6115 3374 6192 4088
4823 2306 2349 2079 5640 7803 6786 6703 3134 1898 7408 7420 3740 7535 3467 4565 3738 4401 6910 3662 3275 3344 3398 5769 2960 4167 5945 3967 5220 3429
4705 2138 2163 3095 5608 6711 6317 8091 2650 2522 8057 6628 5004 7179 2588 4682 4827 4625 7071 3920 3969 4630 4886 4929 4216 2739 5941 2522 5661 3890
3592 2839 1380 3054 4027 6940 5155 6587 2659 1801 8373 7045 4741 7092 3272 5391 5683 3917 7009 3309 4015 3616 4621 5175 3865 2635 5170 3865 5256 2859
3097 2956 1824 2059 4535 7379 5172 7467 2612 1177 8612 7568 5136 6267 3638 4415 4107 3970 8263 3276 3467 3144 3266 5625 4002 3190 5784 2376 6441 2981
3023 2208 1692 1946 4095 5871 6416 8046 1966 2267 7644 5733 4951 6341 4659 4524 3611 3788 6885 4195 2813 3243 5334 5085 3283 2658 6108 4201 6062 3413
3192 2787 3265 3642 5159 6413 5749 8378 2896 1236 7408 6624 3704 7663 3551 5078 4660 4444 7061 3689 4010 3928 3954 4971 4018 4620 6337 3618 6327 3101
3363 1577 1620 3306 3875 6469 4757 7999 2458 3017 6858 6791 5236 7492 3075 5992 4487 3576 6846 2983 3657 4957 3504 4752 3255 3414 6226 4135 4990 4362
4221 1570 2223 2922 4316 5702 6435 8446 2735 1561 6951 5956 4477 8190 3372 5889 5203 4117 7600 4408 3806 3387 3667 4242 4011 3446 4443 4230 5193 2655
2966 1703 2846 2271 4429 6860 5970 7066 3421 2229 7800 7591 4460 7238 4080 6440 4091 3844 8480 3257 3372 3360 3949 4757 4344 4383 5850 2761 5197 3573
2970 2668 1266 2785 5285 7200 5298 7785 1809 2070 7585 6184 5042 8125 2679 5978 4743 3443 6596 4925 4246 4299 5373 5335 4419 2865 6355 3944 6123 3131
3147 3368 1558 3342 4632 7301 5193 7345 2983 1890 7600 7155 5627 7010 3504 5733 4388 2828 8018 4872 4090 3250 4647 4571 3714 2908 6249 2225 4860 4230
4699 3098 1880 2378 5684 7826 4785 6564 1991 2374 6805 6829 4753 7179 3337 5701 4106 3651 7238 4720 2504 3843 3868 5729 4139 3154 4738 2794 5190 3135
3599 2609 1670 2990 4311 5944 6753 7303 2727 2441 7514 6101 4711 7289 4460 4437 3685 2900 6685 4445 3501 3240 4770 4500 4474 3715 6484 3274 5976 4041
4518 3076 1194 2157 4716 6176 6426 7621 1578 3252 8258 7405 4799 7826 4040 5754 5260 3371 8164 3450 3794 3610 3605 4310 3811 3894 5385 2429 6720 3136
2966 2807 2008 3176 3937 7760 5866 7315 2877 2831 7449 6484 5198 7158 3996 5431 5056 3128 7097 3280 3687 3598 3484 5170 4187 4547 5584 3329 4613 3929
3821 3329 1968 3116 3822 6663 5894 7872 3072 2832 8374 6023 3993 6401 4632 4917 3827 4295 8241 3052 3883 5086 3380 4531 3319 3782 6002 4120 6650 3382
4710 2203 2643 1896 4604 7647 4954 8078 1547 1591 8426 6933 5611 6646 2944 4452 5686 4551 8188 4456 2948 4076 5122 4784 3277 4271 4673 3706 4982 2732
3008 1710 1490 2509 4475 7516 4733 6754 2766 3001 8883 6576 5135 6225 3123 6414 3621 2632 8103 4492 4127 5021 3957 5910 4556 3233 4773 2635 5864 3139
3937 3401 1944 2912 5504 7679 5853 7269 1696 1513 7621 5908 4999 6341 3014 5720 4047 2737 7610 4531 2303 3099 3675 6037 3721 4371 5119 3370 5252 3171
4473 1684 2055 2562 4257 6861 5288 7904 2111 2364 7283 6848 5525 7415 3992 6079 4741 4211 7059 3829 3639 4760 3386 5956 3454 3502 5854 3142 5339 4539
3052 2934 2558 3631 5898 6861 5560 8633 2556 1984 8701 7674 4769 6306 3579 6192 5545 3308 8000 3655 3894 5064 3412 5505 2721 4711 5337 2644 5696 3933
3640 1657 2733 3458 5074 7720 6742 8467 2728 2480 8649 6998 5058 7728 4473 4679 4383 4333 6929 3772 4416 3632 4644 6083 3539 3429 6339 2716 5233 4382
4385 3470 1422 1888 4384 5766 6042 7227 3476 2577 8579 7137 3722 7893 2810 5941 4539 2616 6423 3581 3384 4838 4311 5217 4211 3229 4794 3123 6493 4437
4539 2692 2309 1715 4075 6112 5750 6801 1876 3039 7789 6629 4811 7743 2764 5231 3996 2860 7848 4137 2613 4757 4114 5887 4601 4428 5659 3246 5185 2774
3352 2239 2595 1936 5432 6898 6737 7330 2991 2629 8551 7631 5524 7487 4354 6378 4070 3015 8506 3641 4329 3105 4146 6086 4323 3961 6254 3217 4960 3487
3606 2011 2133 1718 5523 7003 5066 7866 1966 2104 7511 6058 4775 7592 3975 6496 5261 3794 7988 3497 2412 5063 4259 6158 2639 3406 4773 2718 6318 4515
23 5 6 11 71119 1.0240012519305193
6 10 26 28 105724 1.0209761905343593
21 7 10 8 31561 0.939705613285384
13 3 11 19 36216 1.0067216039450089
12 10 17 16 35262 0.9952150098066223
28 19 19 24 52881 0.9598418540695827
0 28 24 5 122060 1.0976074667277802
20 1 3 17 71263 0.922684977743957
26 20 20 11 60525 1.010145947952315
5 12 16 29 80149 1.0826450304979547
28 21 1 28 116979 0.9835628363500131
4 25 27 26 82068 1.0689450017757252
28 19 4 1 104177 1.0711992703011357
13 23 0 16 67201 0.9242708870178419
29 0 17 1 35125 0.9769382073373988
20 1 29 11 63201 1.0097663047688652
14 20 6 9 43698 0.9273213615432421
7 18 29 12 95976 0.9218471580051235
24 9 16 5 35586 0.956348770048918
9 13 22 25 77588 0.9062605626151198
21 10 7 27 83553 0.9022647406010635
2 14 4 1 37435 1.0416827030149263
27 3 4 21 91580 0.9177712619238507
22 13 9 7 63392 1.002747591810107
10 16 8 26 37419 0.9662357697840586
17 15 23 10 43904 0.9622449654044398
24 8 24 26 78567 0.9051766266805796
8 17 24 29 83602 1.0281666133896379
14 15 27 7 53701 1.0097483762154615
6 12 13 16 37928 0.9920746388274229
6 3 24 5 52419 1.0562389180641139
9 23 5 5 68930 0.983625667519644
20 5 5 21 82539 1.0604731663946556
12 9 19 0 35545 1.0836107371936488
22 9 10 27 69115 1.039392418155118
14 21 22 26 47226 1.0953435891704912
3 9 25 12 64001 0.9139621376452483
7 24 27 18 89728 1.0209566200931026
7 24 25 18 82909 1.0614936378121043
15 8 1 17 55380 1.0401724986183898
17 4 3 26 85330 1.020310064072305
17 24 8 12 60578 0.9145079420929054
21 20 1 18 78384 0.9941226784502558
10 26 29 11 96249 1.09316420032161
23 6 3 5 73634 0.9323900357450838
7 3 2 11 39677 0.9262579965386023
15 11 28 4 52536 1.0059172313390448
27 8 9 13 62328 1.0276497463318373
7 5 25 20 91827 0.920432119431254
29 21 15 22 59381 0.9756027074978189
1 20 17 26 70192 1.0192555596517172
22 25 2 25 71199 0.9362831274448531
9 4 6 20 58932 1.038654755885532
29 11 21 25 84966 0.9422558121940859
18 15 8 8 45550 1.0607257228676987
13 13 5 7 38632 0.979798036544344
28 4 19 3 26306 0.9170201675966748
17 17 14 25 28826 0.9741734490167372
13 15 1 3 53622 1.0708303379587498
6 12 26 0 80192 0.9928730588504585
17 27 8 7 65569 0.943237332344765
1 26 25 21 99699 0.9533775559783562
16 4 22 13 54634 1.057587293623606
20 26 2 10 92830 1.0222065264030824
7 1 3 26 71370 1.0203156409844722
18 26 23 19 49230 1.0034012833217367
28 5 11 14 63707 0.9438870814060044
28 25 11 8 96243 0.973279035235595
10 20 25 2 69195 1.027220892526029
18 9 9 16 40613 0.9414502111033297
19 16 27 11 48247 0.9795414281538054
14 8 0 11 44629 0.9385808412839012
20 25 26 29 38450 1.0663444622547522
8 0 4 28 72822 0.9076804716744792
26 26 8 21 78263 1.0055349306179882
0 11 29 10 83920 1.0376190485191468
22 22 7 9 72473 0.9181335975474282
11 1 22 2 22848 0.9133744329076265
21 1 15 5 20620 1.0523003477615744
26 23 16 0 99917 0.9805448881901797
22 4 10 4 41849 0.9743802905365233
15 9 29 26 87211 1.009701669250736
4 16 14 25 52123 1.0240881417311465
11 13 21 15 43238 0.9951252413471078
16 15 6 29 63784 0.9220532047883424
27 1 25 17 74614 1.0472183642123376
12 27 21 22 44347 0.9135713446449949
24 5 7 11 64183 0.930735376857083
8 0 17 4 28612 0.9602626933097431
24 8 5 29 95053 1.0479672287236104
4 19 12 29 48636 0.9702375414815263
15 29 4 2 79292 1.0770077192717336
0 11 14 5 53614 0.9304547388289423
19 10 16 17 36193 1.041671763229124
26 20 17 10 71244 1.0645175072427666
22 26 12 5 86647 1.0807193476652475
26 12 5 21 98319 1.0081331298604168
5 25 3 13 36512 0.9242990429774012
2 22 29 2 100710 1.0142972834321058
20 7 26 22 84062 1.0439643363656126
11 0 29 23 112473 0.9806075118883596
12 21 3 17 42828 1.0820257411830836
7 13 26 4 79204 1.0914628873438927
14 10 2 7 39071 1.0036737143963343
14 16 10 2 41187 1.0198975718345389
17 29 4 4 85091 0.9957669369550053
23 1 16 29 81717 0.99091356996357
9 26 25 19 78077 1.0063970213848905
5 21 13 9 50374 0.9656947064515926
22 27 7 2 91865 0.9536580039950979
29 1 8 13 71255 1.0677595027377675
0 10 29 12 87321 1.0713015914204627
2 10 20 20 73448 0.982839461730046
8 0 23 7 53706 0.9276628773993482
5 7 7 29 67628 1.0403059029205455
0 26 5 19 34683 1.0710932155945323
28 21 18 3 94041 1.0055953775832087
27 5 13 11 54434 0.9184877338187476
12 11 9 23 41672 1.0828894745120372
6 2 27 15 85922 0.9028707735678525
22 19 4 29 83946 1.0293484986652053
20 20 4 11 68420 0.9992325937502371
25 23 27 5 88118 0.9772372586540776
3 17 28 29 109591 0.9256212214071691
7 11 22 27 87248 1.0604238362342429
1 6 16 18 66865 1.0643994862388393
9 0 4 15 47130 1.0939786619595233
3 6 16 1 42498 0.987629358391505
28 28 14 24 55466 1.0757012430281239
5 22 14 0 74085 0.9361455477600482
0 4 29 9 87473 0.9019213128235619
14 22 17 9 37710 1.0582044021518089
7 24 17 26 40904 0.9452229913338781
22 26 0 16 106524 1.0773375567332102
28 29 27 15 58973 1.0977746679307854
23 9 11 26 65861 1.04798981655699
11 18 12 3 31694 1.0759050663766974
22 27 12 25 35322 1.0439624819552848
24 21 6 11 88887 1.0725112589468753
29 3 24 23 95679 0.9484367123955405
20 0 26 23 109731 1.0815908619306818
12 13 23 28 77401 1.0275691117912387
15 23 20 0 62699 0.9320433275744043
3 19 12 20 34563 0.9201044737674418
7 28 1 9 65150 1.0831048446395803
18 26 2 4 97353 1.0537321211366888
4 1 27 24 116763 0.9431855102012964
7 20 24 13 78452 1.0187560268274396
20 19 12 5 58691 0.9085895714592079
25 22 3 9 91313 1.0202656525114442
15 29 2 25 51008 0.9527787993742244
12 16 25 3 63918 0.9071884710361495
29 26 20 19 60713 1.0258781287070835
23 11 11 21 66856 0.9713549776622423
16 13 27 0 62318 0.9561250809357951
18 0 5 3 38890 0.9729134785960547
20 0 16 9 34582 0.9606398879836228
28 26 12 11 92764 1.0068475303031919
16 23 21 29 38439 0.9222070055885616
13 6 25 16 65924 1.037975141482321
16 10 29 13 60378 0.9798578541589884
10 7 19 20 57479 0.9393902026561283
7 3 20 7 46447 1.072777400766204
29 16 1 21 113567 0.9592171728706241
1 29 28 0 125745 0.9873187749800091
3 8 18 27 75650 1.0969197739240577
7 13 1 9 32702 0.9030024331170842
25 6 25 20 70286 0.961340321745922
16 16 3 25 64299 0.9770030337867497
16 19 25 22 43276 0.9147688155017368
18 24 28 1 89970 0.9503829053577292
9 23 0 12 63226 0.9722126294194583
3 28 9 14 55033 1.09788737732799
12 19 7 2 47664 0.936061334766982
11 13 18 29 57758 1.0026160382706752
4 17 29 28 105464 1.0622859808445833
21 6 14 22 57584 0.9199755526831871
18 10 20 29 76157 0.9506605241533522
23 5 2 13 85051 1.0352311419771778
29 19 0 15 119300 0.9268307986561347
26 3 5 1 51029 1.0736440508268883
24 28 21 21 39017 0.9979184245701754
11 18 24 29 68586 0.9569141745099637
27 3 6 7 67299 1.0509265234079312
22 13 0 27 114448 1.0378573726447353
25 23 12 6 86979 0.9277864693908601
0 28 9 26 42231 1.0021699618516713
1 19 28 7 94505 0.9296599222919986
3 5 13 19 58405 1.0391561406435663
2 8 25 0 70680 0.9736163734270302
28 6 9 25 91489 0.9444906391033856
24 17 28 7 53665 0.9198746919196258
28 22 1 13 120929 0.9982629114597845
6 7 29 3 70407 0.9710415091340674
7 11 11 19 35196 0.9766063093008633
23 8 5 11 54692 0.9095473504758195
28 15 12 11 71023 0.9638808003183699
11 2 10 15 32550 1.0252301182989583
11 7 18 2 22861 0.9882012813672213
20 16 2 26 89928 0.9550123306279692
0 6 17 25 90689 1.0877072145290128
11 19 23 12 67930 1.0013747687992522
5 4 26 13 91655 0.9559544408585052
3 16 3 5 37603 1.0070060043217046
20 28 29 14 84186 0.9108592978956622
14 20 6 6 60069 1.056015711432597
5 18 18 6 70208 0.9656254029507748
25 29 5 26 81370 0.948137623513617
27 18 8 10 80534 0.9032872545163332
0 14 5 4 44045 0.9465270403348369
8 18 11 28 34948 1.0173921774833705
2 5 14 12 52638 1.0595975894220988
19 11 16 28 63874 0.9023073441299292
20 24 7 5 84925 1.0060751154373884
15 20 0 5 74604 0.9697205707168196
0 14 29 8 85372 1.0017458658363947
22 26 8 29 55614 1.0821342259276516
20 20 26 13 54228 1.0074526595925901
7 2 3 10 29310 1.078427688764333
21 13 6 3 68030 1.0890030343332715
7 2 28 0 51249 1.0339809627540357
6 2 27 21 102532 1.0153949904554862
27 16 16 10 63409 0.9878921080946743
20 1 9 22 70638 1.0760524807019218
9 7 21 17 59666 1.0088588136494205
28 11 28 21 38113 1.0872182315286532
25 6 25 18 61917 1.0640027483866603
6 20 29 16 91438 1.0081634743873114
29 12 24 4 50127 0.9888486151337349
18 20 26 10 69030 0.9428261614832536
27 3 17 13 62939 1.0631040455388199
12 11 23 2 43279 1.0530651784511278
12 16 25 3 63918 0.9614177015346054
16 19 24 15 44211 0.924536501500531
28 0 1 17 100519 0.995321499109452
5 22 0 28 37113 0.9342173627158907
11 17 21 18 38040 1.002838355229751
10 19 3 11 46732 0.9797243775353628
19 2 11 19 49495 0.9852910190845916
12 26 14 8 52172 0.9455009703496926
27 12 5 26 108944 0.9620770572205156
18 18 8 23 50760 0.9755653236367954
27 19 3 7 98503 1.047429481872476
28 2 18 16 68576 0.9685989689656123
13 10 8 16 32869 0.9398321315430894
16 23 19 10 52069 1.0681000362341506
18 15 22 0 64462 1.0504728316580336
1 19 6 8 41691 1.0229481683311688
29 5 1 25 120742 1.0336923031211787
1 25 25 0 111181 1.0652202841319085
17 15 0 9 52366 0.9840771421191501
29 18 13 5 79045 1.0681407996919907
19 16 2 19 70771 0.9987596102988187
17 18 29 23 63309 1.0409233127897788
0 16 8 22 47898 0.9627655605486951
25 2 29 11 47055 1.03783948576914
25 21 17 2 79076 0.9403568824695308
28 18 20 2 80689 1.0429611767151477
2 8 19 11 51456 1.0340296649596046
28 10 13 11 46833 1.007380953619932
28 28 4 1 122219 1.044684504802257
6 23 20 24 59914 1.0927656573266944
11 2 27 24 100453 1.0857396148020328
18 14 12 3 40353 1.0153621235477583
19 19 14 11 38153 1.0359020936323473
26 16 28 8 40004 1.0975876333624774
10 5 9 21 48106 0.9056974163554091
22 26 21 13 61354 0.9949842374624426
28 29 23 5 114924 1.042255301427841
3 21 11 17 39118 0.9132326502508759
10 23 25 6 80010 1.005480741564903
13 9 7 13 28159 0.9655607634924525
0 27 19 25 70473 1.0789552711995003
19 12 2 19 78769 0.996978484122629
0 4 9 2 28656 1.0728767886984496
26 17 27 1 71998 0.9933280783177181
23 20 11 0 76237 0.9094004532254536
27 13 9 9 58912 0.9365191440035903
8 1 25 8 50085 1.0043698244250048
7 27 29 10 103364 0.9518336675049978
8 2 8 27 72163 0.994472716257885
13 22 3 6 62853 0.9614887134888715
5 26 26 18 103494 1.0056320039835231
14 0 19 28 80941 1.0267375690314715
3 2 25 0 53751 1.0064263313302138
11 26 29 29 66408 1.0022514162146967
29 17 6 12 92818 0.9255432708968381
14 15 21 19 38732 0.9293650232242086
21 23 5 28 75293 1.075226830350058
23 6 13 2 43142 1.0813767250327113
19 29 27 3 100939 0.951958883677543
13 7 15 19 29947 1.071898205510777
16 4 18 21 49584 1.0779570780970247
2 1 25 29 122866 1.0135033158136584
24 13 2 15 86340 1.064636150892694
17 11 11 29 61730 0.9245421576428808
4 19 22 20 65984 1.09285184272986
10 5 0 24 77184 0.9946896553380583
15 20 5 3 59913 1.0014815437322593
29 15 26 22 41162 1.0256971580035275
13 15 22 26 63604 1.093634607246275
11 3 15 24 53206 0.9248444721520073
13 27 7 1 70300 0.9217420669391602
16 25 23 9 59223 1.093168361457694
27 23 14 14 73584 1.098503667481824
7 2 5 29 71044 0.9914577406360753
12 5 19 17 47853 1.0406318719784733
7 25 26 19 82844 0.9620095526518235
26 4 26 20 78093 1.0443084606552877
5 12 27 21 104447 0.9306264887587088
27 0 20 27 102598 0.922573446780545
4 12 29 13 85313 0.9487794974567805
0 28 25 3 122623 0.9358455809636894
10 22 17 27 31053 1.036267736647856
7 12 11 29 55070 0.9161038553896342
6 5 2 15 46735 1.0377405828203523
29 8 1 1 76747 1.061655984063282
15 19 26 12 63195 0.9324906004113767
21 14 11 24 59589 1.0677658055676051
1 4 25 0 65282 1.013118932402147
17 2 4 0 29174 1.0509066386883597
0 20 27 4 108559 0.9436202936337774
8 16 22 4 72073 0.9717668564577157
1 3 27 26 126902 1.0516927368648432
2 14 25 29 111489 0.9111358334762677
19 13 5 16 65365 0.9500104994499425
27 7 2 16 83736 1.0989934453306867
21 9 6 8 38532 0.9421639798742438
0 14 27 7 84255 1.0450295878542604
24 11 22 26 77483 1.009075031949631
16 24 1 3 82399 0.9601241775957847
11 12 15 24 39120 0.9105425511566073
8 8 0 24 61534 1.0831677858191235
19 21 23 5 82715 0.9262932600848243
7 7 17 29 77259 0.9618487859171412
22 4 4 16 76248 0.965487133403874
20 2 14 13 38603 1.0811588423164573
17 4 21 21 67386 1.0683601643942635
6 29 14 16 58120 0.907902311587255
0 22 2 2 67793 1.016060072902529
7 25 4 13 36546 0.9054360798464648
0 1 12 12 53871 0.9435719296882555
17 12 15 3 28514 1.0364285682529242
6 3 17 27 78404 0.9360410175173755
26 28 27 17 55126 1.0003476724176423
15 20 19 4 49597 0.9046201443413066
1 25 25 22 93223 1.0788488546677801
20 22 17 10 56764 1.0374369223737168
8 23 21 19 57024 1.0830191211481015
7 29 11 8 59498 0.9653518593091408
14 14 5 21 47267 0.9721049770017036
19 6 24 16 55786 1.0031266435557884
25 28 16 7 87423 1.087686420463497
5 26 28 23 96314 0.9907357210379235
8 29 2 15 53385 1.062374028155071
6 23 15 21 41427 1.056105696830359
16 22 9 1 59434 1.0039454026124885
20 3 9 29 84728 1.0869391505546007
18 9 3 12 41446 1.0874901273378286
7 27 21 25 54882 1.0700929312090544
27 26 16 5 96349 1.0984147902290078
15 17 27 26 66290 0.90691564398971
14 15 29 5 70337 0.9186818033689353
8 8 0 17 45793 1.0605466981907945
17 11 7 22 65663 1.0044045827173302
17 26 13 10 54245 0.9640858317035883
2 19 20 17 70832 1.0843614550680558
9 15 19 7 49625 0.9371122526807947
27 11 17 13 47722 1.0485375553640512
16 4 18 16 42299 0.9313517430279372
8 7 12 26 55411 0.9832696169575748
29 2 9 22 86054 0.9827550422023873
6 1 3 17 46391 1.0280854301894484
17 25 22 7 70331 0.9140841331913319
6 1 28 18 98119 1.0370248694587625
15 10 4 18 46672 0.9662613043475178
16 18 20 9 38591 1.0255839196700076
4 11 0 27 51426 1.0048066268445626
0 6 27 1 77212 1.0233140525004978
8 9 0 12 30327 1.044340860058867
18 3 6 15 61014 0.9439297518572626
1 0 27 26 132012 1.034471452872669
26 29 3 24 88149 0.9150550209486262
21 11 23 24 64655 0.975614278238296
3 10 14 11 37987 0.9270215761821201
16 29 12 7 61941 1.0685847926595273
2 18 14 5 63805 0.9598846840034124
16 16 28 18 49390 0.9043446551776946
9 26 21 28 46662 1.0024970197887253
27 0 12 4 46198 1.002100647562871
19 19 1 22 71915 0.9591015460229111
18 11 1 18 77887 1.0781096641373422
21 3 4 27 91638 1.0418735267594554
26 7 3 18 87390 1.0773227526061588
23 26 9 23 61353 1.0159782454388542
14 3 3 6 40221 0.9853419173002836
11 26 18 1 69208 0.9543721666098033
2 29 19 4 101099 1.039198667357852
0 12 12 21 65293 0.9351283323475074
18 15 8 24 60688 1.0057166113457714
19 22 11 9 51638 0.9965860119099071
22 19 25 2 83537 1.0152596408091041
22 25 8 17 72340 1.0403432387797795
0 26 0 13 63573 1.0912038242235194
23 3 9 13 63646 1.0159636572343849
2 17 14 2 59353 0.9584650337514045
12 11 19 23 56862 1.0152227868562238
14 23 0 23 62104 0.9062628146038795
6 29 21 24 61651 1.063977988054869
24 11 4 28 95383 0.9937991497981555
22 9 0 26 94192 0.9409123385268504
24 24 0 16 109832 1.074490671890285
26 2 4 0 47995 1.0381494192918732
18 20 14 9 36729 0.9205380622573548
15 5 20 26 68401 0.9388779796830837
8 24 5 16 35853 0.9733984574637276
4 1 16 23 72355 0.9813902726875654
2 17 18 10 63336 0.9286332567127726
23 13 19 6 49411 1.095227841796556
2 20 7 12 41068 0.9530625188413873
22 22 25 2 89529 1.0208090296822179
16 9 8 1 31743 1.008649293966772
11 24 19 4 67367 1.085028833033733
1 18 22 15 94738 0.99303303706923
11 27 1 15 63432 0.9383754062855106
29 10 29 23 63800 0.9042014451383307
5 20 0 3 54241 1.0973411591247837
22 27 18 14 64287 0.9802439269131189
25 27 2 19 89753 1.046504926503193
22 16 15 19 35032 1.0289276927845217
1 24 26 27 85388 1.0442565462435076
0 4 20 3 53331 0.9197538402273181
19 4 27 6 39648 1.0937986056709743
29 16 14 29 83373 0.9724844626071563
18 29 5 19 67078 0.9930562581607595
3 12 0 26 51289 0.9385663279455573
24 1 3 6 59449 0.9234028958560575
2 26 7 20 35154 0.9768898299225078
11 22 0 8 56106 1.0024155739880285
28 27 10 14 84703 1.0208987139577217
29 4 12 6 53379 0.9932457360409055
29 16 29 4 60313 1.0323059357475652
10 15 2 23 57242 1.0360103720482696
18 29 14 13 53784 1.0769423167482273
26 17 21 4 69707 0.92339443807438
26 24 21 6 91862 0.9058229631775864
27 20 17 24 50522 0.9409944532309126
9 19 26 28 79673 1.0984101291142105
17 0 13 18 48869 1.0659469784213325
11 10 25 27 79364 1.0675303046357159
23 8 11 5 34721 0.9334612836223117
24 7 4 7 54655 1.0212584443353623
14 8 27 19 72077 1.058198623805275
6 0 26 6 72339 1.034491674582317
27 11 3 15 78754 1.0163953697496029
8 6 23 23 88639 1.0042890270401947
23 24 6 25 63525 1.0345558546513072
21 14 12 28 65933 1.0366931023364345
5 22 14 3 66912 0.9315729084564669
11 23 21 15 58108 1.0671821476883607
2 7 28 3 76756 0.9483447386480666
10 25 3 7 60751 0.9008431034309767
28 29 2 8 117514 1.0159967564282555
17 7 1 10 43674 0.98328231345854
8 14 16 28 58289 1.0086200112682036
6 4 19 9 50206 0.9306512465148302
22 21 17 6 65874 1.0114053762907842
29 18 3 20 101748 1.083176470979263
4 21 20 14 73925 1.083448715148783
3 23 11 11 55332 1.0280947999261918
28 25 3 17 109184 0.9896613597203369
15 9 6 26 65736 1.0632378525657786
19 28 27 13 90509 0.9135676320516117
14 17 11 7 29203 0.9022617368432543
3 4 28 19 106296 0.9045819982384768
22 1 3 3 43844 1.029894353069377
24 10 9 21 68970 0.9485386079407891
21 11 16 2 39947 1.0059288914707982
19 18 21 28 47989 0.9714813498563172
27 6 25 17 51656 0.9997188661576044
19 11 19 1 46478 1.004321329899551
5 17 7 5 48993 1.0494179192556903
14 18 25 12 63623 1.0698857409187617
22 28 25 9 91637 0.9940648327667725
16 13 25 15 45857 0.9094126603527278
0 26 22 28 83470 1.0769700853726158
12 14 29 19 69610 1.0311911782110887
11 1 21 7 39115 1.0611649665467724
17 29 22 24 36949 1.0226635892963816
20 18 18 29 56575 0.9551470057099047
25 5 14 3 40691 0.9279231445019458
25 20 7 24 74103 0.9400833221413452
0 14 2 25 47061 0.9126143045543464
23 29 13 20 54348 0.9361750242181583
25 15 24 4 53287 0.9848929041358541
2 2 21 23 95787 1.093407158858861
29 12 12 18 81824 0.9218529385132158
10 24 26 21 71489 1.0149751334347772
11 21 8 6 41039 0.9137711211976461
2 4 8 11 36445 1.0512215914492953
18 27 7 17 60046 0.9318474813621832
19 21 3 8 68324 1.0598650641410619
0 4 20 3 53331 0.994254633862464
26 3 2 22 99149 1.0133950064619173
25 2 0 24 105241 0.9680054646143067
0 21 27 23 112933 1.033178568418351
11 9 14 22 40362 1.0408973346495232
2 20 8 24 32490 1.0754855354198258
11 10 10 29 44416 0.9070292740738214
25 22 7 14 84649 0.96542719015291
1 23 11 27 43467 1.0692835691965508
9 23 15 4 57564 1.0059127196720157
1 13 8 8 33606 0.9398851494315208
8 7 27 1 58025 1.094302209948522
13 12 19 20 40024 0.9351486475251252
21 9 4 16 55241 1.097957473224039
7 0 26 5 63046 0.9959921152197586
26 2 12 12 50292 0.9152625702655163
24 3 17 17 57805 1.074891673097847
0 14 11 19 50385 0.9883060965265096
6 6 11 20 49496 0.9197122516124855
2 1 27 16 102045 0.9253198307980365
3 11 11 18 44221 1.055940432536076
26 23 20 27 38210 1.0859540409236002
14 19 25 25 57031 0.9694562904903944
17 9 12 28 58718 0.9958525085208149
18 13 23 28 79195 1.014560499450194
24 28 14 14 64576 1.0912944019249855
18 3 25 24 90862 1.0552100113121565
1 16 22 23 100373 1.028347181114638
14 28 5 15 67329 1.053920595998707
26 16 0 1 109941 0.990063005097878
12 17 6 10 34139 0.9084063322150703
18 26 28 21 58978 1.087247974668677
6 17 21 18 57935 0.9607352034059925
11 7 15 21 37722 0.9984853139176328
26 4 20 21 92519 0.961953477239061
3 6 14 23 68704 1.0614354247407918
16 21 18 4 51029 1.0284641729572084
13 25 23 14 61643 1.0300175081371206
28 16 7 0 96386 1.029153001540428
12 6 15 24 48201 1.001882597158549
20 10 2 9 44459 1.043432320166466
6 5 27 1 62595 0.9430007174117873
7 19 14 6 51207 1.0161282167015648
9 15 3 0 56876 1.0264667143232185
13 28 27 4 93180 0.9227175146579222
21 19 27 28 55911 1.0277421243391984
18 14 2 4 66938 0.956105732180963
13 8 0 15 53439 0.9180890279889223
1 7 28 8 71249 0.9388289405077335
17 22 23 9 56036 0.9033195002940133
28 10 13 24 76848 0.9841669141107156
0 28 9 3 90829 0.9632655822372502
15 26 13 8 42939 1.0761537189146353
5 17 12 9 39151 1.080809501197265
29 3 10 7 58419 1.0641145517556558
12 19 0 22 51735 1.0631361694073078
6 20 12 5 55700 1.004698298001288
28 26 16 8 88955 0.9807980621810836
19 29 19 15 65688 0.977704877196581
12 5 3 9 30102 0.99618264838252
5 29 26 15 108297 0.9853700865933729
10 2 11 14 26639 1.019704323644841
16 27 23 15 66577 0.9737125158916775
1 14 10 18 49570 1.0690138644259803
25 9 5 16 68409 1.0902531448328765
9 16 1 27 56978 0.9541329524064056
8 19 28 9 73573 1.0241266981017825
25 18 21 2 81272 1.0266874360601428
21 19 26 11 59037 1.067579782996495
4 12 12 5 35242 0.968034215291293
1 10 18 19 66483 0.9963347327045253
23 6 9 3 56645 0.936796541061492
15 11 6 14 37148 0.9334145596888539
13 4 5 18 55778 1.0118021455086263
10 0 6 23 75399 1.0478285532215532
27 6 21 14 50292 1.024960373493573
24 23 19 0 96242 0.9580362240513633
3 2 2 14 37641 1.003580552348188
28 27 21 14 75414 0.9913734938023262
16 12 26 5 59758 0.918586270484766
10 27 20 17 57132 1.039797348568233
26 24 17 25 37309 1.0316044401724231
23 0 0 10 76466 1.044258455147832
9 20 12 29 31516 1.0914966000877884
10 12 15 2 33137 1.0638555546199147
15 29 5 2 77129 1.0641575771282608
21 28 27 13 82409 0.9263549031401778
23 0 4 22 91695 0.989438292968774
24 5 28 19 67806 1.0561818471079432
27 17 2 15 96470 1.0427495259007804
25 2 1 18 90950 0.9016904157162394
19 18 12 22 36333 1.0547602365870856
23 9 16 18 45469 0.9222738191786464
23 13 28 6 46402 0.9042138444617385
9 3 1 1 24341 0.9309100351606778
20 20 18 8 51243 1.0937831217692189
8 18 6 1 57288 1.0713141713153733
4 21 9 8 42156 0.9036230194075905
11 21 29 9 69498 0.9463331922867017
9 17 21 20 50490 0.9517002761322528
23 13 4 8 70600 0.9975467727919568
20 13 11 20 52593 1.0004591154943516
19 25 24 13 67929 1.0280740386310985
10 7 28 9 51775 0.9546893518911024
22 10 3 6 60365 0.9350280414998712
9 25 9 3 58712 0.9170067699027041
2 9 21 24 83538 0.9810675915739434
24 5 24 20 67478 0.9167947167636324
6 3 19 5 43599 1.0810856307650394
2 15 4 3 38694 1.0261483420708182
29 28 3 8 115673 1.0379018484042288
27 28 10 8 94508 0.9513087296792292
15 1 0 19 76069 1.0235166438272405
10 25 21 8 63608 1.0880953706087932
1 9 29 22 111625 0.9100916238580029
7 28 22 15 90321 0.9144156725268885
19 13 8 20 60206 1.096110834616046
15 25 12 10 47451 1.0837549972765854
3 15 15 1 56553 0.9617872357088303
29 19 22 2 83979 1.0603678928569695
3 23 21 16 85199 1.0320477830855703
16 0 29 1 38054 1.0634934909021685
3 5 20 10 57000 1.0833750675669724
20 2 2 3 36889 0.9043658667264709
27 12 26 26 69405 1.060718639823404
9 6 19 24 75663 1.0976044100536355
18 2 10 6 26546 0.979804502874702
2 24 22 26 76345 0.948804690471271
7 13 16 5 45781 1.0253949634412542
27 16 7 21 83692 0.9323275044868972
19 3 7 13 55328 1.0297238155422828
3 23 29 12 110906 0.9081536236051067
23 18 19 26 51569 1.0834079903144938
25 8 7 28 93798 0.9171859033701809
2 24 3 5 58597 1.0344435760909751
21 20 13 1 65126 0.9493342872492406
9 8 3 26 59432 0.9749705321737352
1 15 21 8 67295 1.023031952110108
2 18 10 0 67717 0.988869716243244
27 21 13 25 65799 0.9864676838474336
6 21 0 7 57309 1.0094254431797118
22 18 13 13 46065 1.0834402816301243
21 1 24 15 68682 0.9083112085854903
14 16 3 18 50915 0.9038166180132696
17 7 20 17 45443 0.9187671621895172
23 16 5 29 92123 1.0108200522778241
29 0 11 17 74166 0.9523804300912493
8 23 2 6 66988 1.033962384255627
17 2 26 5 39269 0.9207028895050382
4 9 8 23 48335 1.0899547950727622
9 21 0 20 35863 0.9939952839557382
12 21 10 13 28826 0.9406762633831586
14 10 28 7 47329 1.0617157228258436
10 22 4 7 50324 0.9161401629279954
22 22 5 15 84752 1.0639671492595082
15 2 18 17 39118 0.9851826954395689
21 9 1 3 60278 1.0941174762548374
21 17 17 11 37433 0.9821038632916914
27 8 26 27 84596 0.9514826746757004
10 18 11 8 27595 0.9107626671672765
14 3 5 0 30507 1.091234499401134
9 23 10 3 53952 1.0913156189839848
27 20 16 8 71164 0.9722093703275441
3 19 5 1 47921 0.9260985140940655
18 10 13 1 34612 1.0800977150880855
27 15 14 17 53756 1.0058119211545997
19 3 19 16 55701 0.9853473988071062
10 26 28 28 63262 0.9442621122895627
7 1 21 7 47257 1.0855581219221835
1 27 0 6 77847 0.9534258243637301
25 13 1 0 94191 1.0338822687545837
4 21 13 2 59266 1.0730546994737522
0 6 9 14 51512 0.9983087457709524
6 13 26 16 86968 0.9324040600884225
9 21 0 0 81590 0.9427767241884014
5 20 27 23 93141 0.9650876573128913
27 26 12 1 105053 1.0535763027683833
17 11 10 21 49986 0.999846592939452
24 29 2 8 105109 1.0488816576372588
25 28 10 11 87240 1.0269475952459537
11 24 23 16 64359 0.9952830170642342
1 23 8 28 35303 0.9110782873465801
5 27 27 14 106904 1.042874801933845
15 20 24 7 52129 0.9550977313557717
5 2 8 14 41025 1.073653449619489
18 21 2 26 69086 0.9725443197457372
28 5 22 11 45412 0.9794619441212216
21 9 0 18 80715 1.046036406877623
25 25 12 18 69283 1.0904534320891361
18 12 6 21 64864 1.0544936106975527
28 6 29 21 63482 1.0189794348173382
3 1 25 17 91351 0.9820228486780993
10 4 7 20 51590 1.0091319271189956
8 20 29 17 80527 1.0202944799876656
19 10 4 23 72025 1.0807133334391825
14 3 21 25 73388 0.9169250327351426
5 9 25 22 86893 0.9988977969739097
14 26 28 7 80190 1.0429725465587278
13 1 12 18 43897 0.9571556468944278
17 15 0 13 72554 0.947334252339235
9 12 1 3 42619 1.0251044749546305
15 29 8 7 64789 0.9673289612252001
5 7 20 12 61140 0.9574221841860042
7 0 2 24 73350 0.9066086528867885
1 23 1 3 68449 1.013901668243709
2 22 12 23 42940 1.0335479374849874
15 18 27 9 49306 1.0215094035550831
9 1 13 25 61173 0.9529941158721951
17 14 4 14 46255 0.9650937365799108
27 7 9 26 91397 0.9528745795672108
22 7 2 4 68288 1.0795797182427345
25 11 9 4 62784 0.971146605259001
23 8 8 27 80237 1.0128646772369918
11 25 23 13 75712 0.9385375615773691
7 19 20 15 61594 0.9055684185611421
26 21 15 10 64777 1.0696652286943584
28 24 26 12 56105 0.9110600963815733
21 1 25 26 104577 0.9476731535965405
0 24 26 18 114719 1.0831544791397953
18 17 14 25 31954 1.0509948986414401
28 14 16 13 50847 1.0505784819509985
28 7 17 21 70760 0.9952192608555049
27 22 7 24 84013 0.9748664543577943
24 1 13 18 59934 0.957187077853614
12 8 2 11 35568 0.9752456328465336
10 11 9 26 47583 0.9008183385103773
17 29 6 5 90576 0.901572139200254
19 19 4 19 57210 1.0659670168046074
21 7 28 15 49346 0.9746415434154116
3 1 26 8 63862 1.0107385871883763
11 17 20 26 57329 1.0567082327981665
6 19 26 25 87725 1.0686628322348035
16 11 27 24 80533 1.0353043584498753
23 18 5 14 74299 1.0224453469179735
16 7 11 15 32202 0.9123786327613889
21 8 17 19 47468 1.0172010993233853
29 18 1 8 101369 1.01244034259457
4 22 5 0 55735 0.9945911906807677
26 14 13 14 47904 0.9922478717533485
16 21 3 7 59919 0.9114477084249393
11 0 28 1 42011 1.0794717834457404
17 3 15 13 25536 1.079782228572737
12 18 29 6 78257 1.0311652165254666
0 25 15 2 84560 1.0387312924697931
4 22 4 6 37624 1.0718423356852058
8 26 6 17 33890 1.0597588934062399
19 28 20 3 82734 0.9167453262788496
28 7 7 29 104545 1.0431691942805779
22 9 6 4 56311 1.0527620895795262
29 26 21 0 120192 0.9544359218122951
7 5 1 28 82952 1.0216537437413986
25 27 11 6 85665 1.0141352083877413
11 29 10 18 33572 0.9835422265514533
0 13 15 19 71980 1.0994191361160193
10 1 18 12 46765 0.9518720885596217
7 22 25 3 91893 0.9830981716458905
21 6 6 23 86683 1.0290766871533976
13 22 2 11 66242 0.9231294846449931
4 23 27 2 91704 0.9543710478633733
2 9 28 1 69481 0.9289002740540152
3 3 17 12 55375 1.0082479290944815
10 17 7 1 44293 0.9689725489475539
16 26 5 12 76216 0.9829966308250415
4 14 21 0 66150 1.0672914777815623
25 4 7 29 110314 0.9151521267569909
11 25 29 29 69305 1.035540927062357
5 25 1 3 61339 0.9231309761157435
0 7 23 8 64173 1.040829604339281
29 2 20 5 32386 1.0487197667844128
8 11 24 16 73226 1.0484899501218303
23 7 10 7 44516 0.9497672200121787
7 24 5 8 51989 0.9737759556010588
25 23 21 3 98643 1.0158361502243636
29 15 11 7 75657 0.9983428439802176
7 20 1 14 37234 0.969169113206226
23 0 15 9 40009 0.9445918621458878
1 22 20 2 86436 0.9950376640155625
0 15 2 24 46455 1.0938568418511079
10 16 28 24 88082 1.080705732823878
16 17 7 26 55282 1.0209229233003319
16 20 2 1 69767 0.9808999419847378
25 10 22 24 76567 1.0198797801683726
26 11 16 11 51581 1.0617734584642458
27 1 12 7 49470 1.002810828094123
12 14 27 9 48685 0.9632054397255255
0 17 23 26 104852 0.9806099974981013
1 29 5 7 68271 1.0754026737853006
5 0 24 1 49735 1.0095519567556093
12 28 15 5 60858 0.9383902145091669
0 14 3 5 43521 1.0545035315394575
3 20 11 8 44092 1.0841614027784827
22 25 17 18 45395 0.9608969326488164
8 26 0 21 38376 0.9870170110461934
23 15 16 6 59927 0.9698270990846822
26 6 16 24 80747 0.9171640943556622
10 19 3 0 63598 0.9481843788796339
10 6 26 15 80564 0.9863198519160384
5 28 29 29 92574 1.0289201158020385
19 29 15 16 44077 1.0677354516784736
26 29 26 2 118232 0.9147281348913475
15 16 20 24 38114 1.07853923386409
1 13 10 7 45283 1.0213028366929118
9 21 25 8 69318 0.9598039041363564
5 17 14 21 44780 1.0731877646634058
12 26 8 20 30929 1.0669696091404917
2 2 10 18 59470 0.9661700757936773
25 18 16 15 47330 0.9191360278224981
12 6 2 19 56984 1.0444626427489523
13 13 20 25 54847 1.0892646049776349
10 4 25 16 79159 1.0795650693447332
29 4 4 3 59513 0.9145913199932395
25 1 16 24 75296 0.9474559455406256
13 4 23 0 34397 0.9276748245366805
3 16 25 18 88088 1.077271624825937
23 1 12 21 70095 0.9153672633790819
20 5 18 25 76159 0.9729003150539473
7 7 20 26 86512 1.0247006191890669
8 9 15 21 39764 0.9060840694321273
29 25 23 0 114639 1.0461668535569055
27 7 19 16 59932 0.9966262889605799
22 0 3 0 54614 0.9360638962740677
17 16 3 16 56809 1.027169708598911
18 25 28 11 89763 0.9220508611147629
7 8 28 29 107968 1.0770637680782567
3 7 10 4 36709 1.0586626084587067
3 28 10 5 76137 0.9383380928568555
20 13 1 7 69551 1.0269374064298864
21 2 17 10 32977 0.9307082905761423
15 21 3 19 47417 0.9573873818721467
29 22 23 6 85053 0.9342477706268631
21 21 13 23 35685 0.950256787101412
14 26 23 6 76860 1.0058934906983763
11 19 4 29 45101 0.9896326453463142
6 1 4 18 44966 1.0337166319395292
2 9 20 9 39266 1.045661900108752
24 19 15 0 75293 0.9703470845981791
24 15 12 0 73391 1.0645823027297354
12 1 25 6 51331 1.0132232304135451
10 9 2 21 47337 1.0564054119595196
24 4 8 5 50576 0.9479157561421008
21 28 24 7 90852 0.9294750497589768
7 7 3 25 56599 0.9524468646776294
12 18 29 29 86656 0.9996572381212953
8 27 11 15 38394 0.9176476941972741
29 17 11 26 82660 1.0829346641744007
14 1 24 17 66523 0.9947348472126043
13 6 8 16 35898 0.904661061926836
20 1 12 9 32336 1.0446470683564533
22 0 21 16 77796 1.024120401617983
12 14 19 26 56099 0.9724113084782979
12 19 22 11 63746 0.9869937132375473
22 7 9 14 51835 1.0817450275135654
10 5 25 5 56461 0.9761771010814085
14 5 13 29 61172 1.0324920689194792
15 26 25 7 68366 1.0126829752916984
28 13 27 25 51082 0.9163068501251789
10 1 2 12 46372 1.0324203364592888
28 8 2 1 72019 0.9453774938652963
23 6 14 8 34309 0.9409980948766307
6 16 23 16 69685 0.9808340538811574
25 23 2 0 120649 0.9266500533162491
20 27 22 13 70043 1.0753279900355648
19 19 7 21 46806 1.0623110326209018
10 29 29 24 73600 0.9791981448567951
29 0 10 12 70602 1.0411873430418312
4 0 16 25 79145 1.070700422376988
23 24 4 3 101061 0.9323748668980146
29 13 14 24 84227 1.0032350591661308
2 5 29 7 86543 0.9163090022070366
12 13 14 0 37452 0.9703294807601379
17 15 4 13 52689 0.9123748870056964
3 8 6 0 29381 0.9964988339502825
1 3 28 5 69810 0.9025024985894282
24 13 14 21 56390 0.9828682854403905
9 16 14 5 41539 0.9874534417086014
24 16 0 2 97448 0.985770540107339
5 0 25 4 58779 0.9594532822986438
18 22 15 7 44034 0.9482119731686914
7 29 8 11 54826 1.0136561975640965
3 24 10 0 73597 0.9292325909292661
18 17 9 16 34461 0.9983988800501065
29 17 9 26 92715 1.0729512560066772
26 24 16 10 79543 1.009043145549791
18 9 7 12 36814 1.0975431658377908
8 29 26 23 79093 1.0616522127850447
26 15 12 19 67007 1.0034004323586811
0 5 22 4 71273 0.9128094470061967
12 14 13 1 30976 1.0438186077574683
9 1 6 27 77160 1.0734143952972335
3 23 29 16 112445 0.9358713916719211
1 12 20 19 81672 1.0995737482079952
11 12 22 28 71317 1.0161871754483731
6 3 23 27 98706 0.9860600188145144
13 27 3 9 61045 0.9273735523800987
16 2 1 22 78623 1.0082944439112687
6 20 18 21 44427 0.9711505962893255
21 11 11 2 45827 1.0279882879093019
11 29 19 17 52522 0.997218997737988
0 27 13 25 50052 1.0414135073513715
19 8 4 18 56546 0.9038794363559716
6 26 3 1 67660 0.9211624333318033
6 9 28 15 74814 1.039383498465386
0 15 8 10 44835 1.0606372582442476
21 14 25 26 66063 0.9144039112709533
25 18 12 16 53164 0.9442549237797165
27 8 26 25 78787 0.9828247641144032
29 5 19 16 76568 0.9870205582647651
29 3 12 29 96958 0.9863405394715878
28 1 13 6 42382 0.9926147411236476
7 25 4 14 33212 1.0030238148153638
10 20 18 18 36171 0.9251445083194207
17 15 1 1 67768 1.0957703468359297
6 8 17 12 39213 1.0229798457434995
26 10 24 27 89736 1.0563240984065743
21 12 17 0 54144 0.9024582411930867
29 28 7 9 104914 1.0084905810053066
2 16 27 26 110470 0.9476871973997031
23 15 22 0 78965 0.9885679770442002
9 29 28 6 101417 0.9933803745477446
2 7 29 6 81569 1.0099817613543058
2 5 26 21 112283 1.0669995155959766
20 5 2 21 85362 0.972717292660719
2 15 6 0 52543 0.9994451328169377
29 4 13 27 93836 1.0157476559769716
7 1 16 28 78636 1.0617189510886924
29 25 24 16 52381 1.0510266588370936
4 18 15 18 47845 1.0090261588310825
28 8 22 28 101703 0.933664518584757
24 24 10 1 92053 1.0359347262830472
20 3 23 27 90440 0.9360232075803296
4 8 14 27 63497 0.9938195680945419
17 7 23 25 77914 1.06688141578379
5 8 27 25 107342 1.0074747377056108
14 10 9 3 29897 0.9473103700730199
3 8 23 7 55113 1.053665541276323
2 4 18 4 48221 0.9327724307844482
1 1 17 3 38472 0.9547632731966958
4 5 19 21 71978 0.9727392274510984
0 12 5 26 55056 0.9739899651574163
2 13 26 8 73266 1.038722742411121
1 19 28 23 112124 1.0460669505089049
5 28 15 6 77511 1.0705172977506456
8 25 17 16 52793 0.935789374969863
22 12 10 22 73578 0.9281110255829723
4 7 21 3 49488 1.0296788286196343
19 19 7 19 47276 0.9851722025673195
3 17 28 23 111200 0.9480139865506988
13 19 8 7 40196 0.9207445350493968
26 25 8 9 92048 0.9986765211279083
14 19 25 22 49860 1.0600081711678273
4 18 17 20 51168 0.9088231654996259
10 23 24 28 56150 0.9876472918675365
7 10 17 23 62573 1.0369215716229179
19 2 3 12 52458 0.9783075631770404
7 15 9 1 47986 1.081697852422587
17 3 1 10 49790 0.9800491291046305
6 22 15 6 63025 0.9146484642031281
26 15 12 20 68029 0.9896894930528655
1 28 27 9 109349 0.9912488469033485
27 2 18 7 46235 0.9959694302573161
25 14 2 21 99559 0.9901656650172933
8 14 15 26 48925 1.040631138608053
22 13 23 0 72448 0.9250988979172481
16 29 3 18 68081 1.0831667660591666
27 26 2 25 89442 1.0863298376730695
21 10 5 9 39567 0.901038340438942
17 24 4 17 64083 1.040522145374859
16 6 2 3 41342 1.0428323207758066
23 8 29 27 91487 0.997958320856837
2 22 15 7 63212 0.9810208509376629
9 10 27 21 91268 0.9734381953229201
22 23 27 15 55089 1.0587448579163308
28 9 18 15 54576 1.0831189362918834
0 26 11 6 74690 0.9575303924204479
23 28 9 16 78619 1.0838855437526418
29 16 22 21 47870 0.90488871002536
22 25 24 15 50441 1.0060790546278653
7 13 9 29 55817 1.0597594838509679
0 3 16 17 65982 0.9957854519285249
25 1 25 11 51848 0.9789541314926149
10 28 23 1 88474 1.0608753331677363
26 1 8 15 72242 1.0065517593217195
4 3 12 1 19882 0.9732088826191875
17 3 22 8 30094 0.9765181787739275
20 12 5 8 52922 0.9202508557453389
28 12 10 13 70957 0.9989602311661941
0 9 13 18 46830 0.9029877493508421
22 6 21 16 52284 0.9290004330611619
0 29 9 6 82739 0.9511426625359674
28 13 4 27 113750 0.9017507596327137
12 10 16 16 30002 1.0527168706814996
26 27 2 21 89202 1.0800374249113622
14 16 21 25 48682 0.9902230255474875
4 3 13 8 31686 1.0726569206966536
14 8 27 13 50627 0.9322456063268303
8 2 12 28 68437 1.0859747484219622
1 3 21 6 59574 0.9057060964094051
0 5 21 4 65769 0.9373750284716309
