3062 3313 2974 2918 3280 3257 2539 3023 2844 2578 2967 3345 2670 3120 2852 2568 3619 3599 2451 3086 2668 3504 3465 2569 3171 3185 5643 6048 5415
6456 6330 6326 6270 6040 6161 6458 6151 5747 5241 5746 5632 6371 5658 6085 5232 5392 5432 6097 3610 3366 3132 3935 4046 3331 3569 4138 3954 3992
2833 3020 3946 3701 3784 3424 3436 3701 3004 3309 3083 3109 3509 2878 3697 3397 3895 3097 3047 3048 3933 3903 4865 4203 4231 3919 4115 4108 4754
8160 8614 8729 7613 8192 8106 7604 8471 7717 8247 7594 7923 7961 7606 8756 7880 7967 8489 8438 8017 8699 8352 7980 3294 3847 3641 3718 3961 2957
3661 2985 2579 3135 3481 3320 3553 2938 3108 2896 2771 3126 3580 7745 7798 6584 7384 6870 7763 6823 7159 7437 7483 7215 7190 7632 6951 6840 7733
2611 4672 3893 3960 4384 4742 4065 4727 4309 3683 4197 4454 4139 4807 4933 4142 3996 4849 4009 4695 3789 4320 4188 4202 4945 4743 4657 4055 4303
2502 2248 2690 3460 2955 2216 2432 2989 3019 3224 2571 3312 3082 3190 2579 2697 3215 3249 2841 2792 3248 2867 3221 3268 3902 3227 3344 3778 3275
8900 8262 7645 8111 7961 7762 8847 8901 8237 8263 7791 8504 8058 8867 8074 8438 8104 8790 8630 7891 8649 8427 7677 8138 7983 7977 8892 3456 3636
1914 3038 2718 2612 1932 2254 1928 2862 2100 3165 2612 2275 3068 2157 3006 2871 2344 2842 2188 3042 7423 6458 6399 7342 7122 6937 6680 6425 7298
8203 7277 8062 7496 7480 8041 6910 8033 7619 5827 5099 5371 5827 6090 5715 6312 5640 5813 5323 5635 5123 5280 5255 5532 5466 5714 5203 5098 5964
6945 5980 6522 6989 6396 6397 7458 7050 7417 6914 7770 7225 7594 6705 7322 7977 6887 7982 6745 6787 7021 6690 7528 6769 6929 7447 6708 7815 6729
3518 3294 2809 3520 2841 3392 3238 2625 2415 2965 3006 2947 2329 2185 2404 2384 3174 2608 2339 2123 2874 3066 2231 2755 2930 2161 2559 3095 3297
7634 8050 8162 8347 8524 8011 7639 8099 8178 8140 8098 8247 7539 7840 7486 7790 7788 1288 2233 1850 1971 2047 1294 2285 1032 2095 2012 1066 2001
2286 3158 2123 2529 2562 2679 2367 2325 2189 3109 2274 2612 2517 2436 2403 2104 1871 2512 4676 4351 5150 5223 4790 4325 4513 4512 3965 5089 4353
4949 4013 4494 4444 3783 4788 4914 3957 4798 7236 6744 7038 6571 7214 7255 7227 6411 6664 6607 7051 6146 6472 7326 7105 7193 6380 6563 7005 6255
5310 5288 6043 5677 5470 5986 5352 5486 5316 5207 5485 5359 5682 4403 3368 3458 3778 3302 3339 4347 3525 3989 3803 3672 4168 3937 3793 3683 4058
6542 6035 5937 6140 6086 5868 5904 6474 6607 7104 7421 7322 7287 7250 7076 6841 7861 6979 7941 7785 6769 8050 6788 7700 7044 7693 7049 7975 7275
5605 6469 5613 5743 5765 6213 6344 5605 5865 5827 5309 5734 5335 5477 5607 6162 6270 7297 8183 7825 7306 7553 7867 6959 7562 8182 8186 7626 7428
6536 6202 5760 6061 6000 5793 6513 6561 5336 5346 6379 5304 6314 5664 5676 6520 6526 6561 6368 6036 5428 5666 3752 2564 3246 3260 2806 3441 3782
5830 5079 5262 5861 6041 5907 5344 6000 5864 6066 5857 6232 5433 5832 6272 5044 5399 6039 5858 5435 5343 6115 6023 6076 5385 5587 5967 6052 6106
6823 6925 6100 6443 6714 6401 6861 6866 6063 6491 6528 6785 6649 6566 6824 5983 6419 6401 6373 6878 6296 6439 7090 7004 7176 6675 7144 6722 7072
5211 4605 4679 4144 7611 7362 7420 7905 8076 7851 7801 7319 6866 7317 7539 6947 7453 7078 7669 7291 7628 8085 8014 7531 7228 7878 6938 7991 7465
4292 5416 4692 5203 4858 5140 4585 4786 4968 5312 5170 5383 5459 1847 1754 1582 2396 2035 1610 2841 1873 2303 1989 1567 2514 1844 1836 2117 2318
3335 3133 3089 2911 2629 2593 3485 2775 2948 3560 2866 3297 2550 2773 2791 3200 2557 2853 2028 1763 1834 2051 1271 1703 1850 2136 1489 2195 1798
7310 6875 6748 6402 7260 6730 6522 7070 6918 7112 6471 7528 7776 7374 7632 7501 7501 7799 7178 7151 7002 6939 7270 8151 8158 7142 7484 7081 7556
2533 1782 2123 2358 1799 2128 1612 1769 1532 2472 1399 1510 1759 3246 3639 3887 3527 2757 3573 3261 2635 3089 3382 3386 2838 3232 2683 3293 3781
4443 4201 4359 4611 4729 4427 3419 3384 4422 3629 4557 3878 4139 3333 4533 4354 4474 4253 3832 3463 3987 3816 3973 3553 3651 4161 3937 3506 4222
4762 4512 4010 4116 3962 3785 4525 4005 4795 2111 2294 2456 2082 2002 1698 1268 1605 1638 2541 1392 2263 1836 1481 1700 1786 2516 2237 1670 1682
7092 6408 7485 7337 6752 6547 6874 6681 7072 7246 7342 6959 7389 7234 5997 6634 6246 5804 5775 6093 6063 5965 6627 5565 5892 5873 5848 5530 5762
2889 3624 2576 3664 3633 2826 2833 3447 2762 2518 3258 3202 3101 3121 3387 2701 2412 2964 2420 3026 3504 4217 3495 3371 4199 3188 3109 3508 4000
5584 2723 5290 4977 2183 4383 7866 7209 3060 7252 7791 7850 3498 1847 3206 7457 6133 1894 4404 6453 7495 8163 1801 5038 7777 6678 4157 1735 2373 3270
5361 3580 8103 4119 2909 4409 6972 7048 3558 6912 6994 8146 3565 1405 2938 7462 5248 1934 4338 6650 7576 8202 2035 4894 8436 6582 3401 2339 7196 3836
6241 2991 7093 4567 2583 3746 7164 6847 4240 7146 7445 8278 4664 2221 3984 7216 5425 1914 4369 7515 7213 7383 1664 5722 8594 6031 3567 1799 5991 3486
5435 2720 7441 4541 2747 4350 6498 7231 3767 7802 7754 7657 3822 1262 3478 7546 5291 1937 4323 6434 8278 7562 1327 5407 8881 6521 3733 2378 6768 3512
5603 2536 7045 4501 5097 3872 7018 7657 4128 6586 8099 7630 3663 1752 3394 7459 4933 1914 4397 7208 7957 7359 1701 5698 8332 6208 3502 7261 6618 3387
5233 2649 7807 4026 4802 4246 6609 6863 4345 6870 7065 8040 4226 1678 3779 7262 5396 2777 4720 7580 7958 7975 1638 5561 8127 2715 3148 7195 6717 3923
6341 3433 8047 4594 4795 4434 6400 7135 4706 7367 7912 8088 3908 1848 3887 6845 5321 2338 3542 7073 8278 7797 2100 5426 8360 1849 3234 6619 7101 4200
6441 3595 6945 3967 5144 3523 6503 7502 4164 6885 7213 7782 3886 2001 3515 7999 5827 2269 3843 7056 7379 8632 1396 5631 8662 2484 4401 6802 6336 6342
6460 2849 7667 5022 4883 4042 7041 7102 4692 6909 7409 8342 4224 1260 5257 7348 4967 2279 5868 6582 8098 7818 2299 4863 8958 2624 4288 6527 6985 5344
6097 3411 6964 4316 5336 3426 6447 7410 3509 7382 7887 7549 3399 1915 4580 4313 6184 2269 6707 6700 7117 8115 1718 5030 8212 1967 4326 6443 6601 5877
6231 3153 7201 4352 5320 4413 6672 6924 4189 7741 7739 7633 3884 2050 5465 5306 5761 3132 6519 6649 7941 8344 2141 5443 7977 2100 4053 7262 6226 6350
6490 2719 8021 4126 5203 4380 6649 7136 3732 5933 8088 2714 3983 1320 5239 4652 5827 2740 6114 6952 7590 8429 1514 4514 7957 1584 3242 7255 6663 5592
5367 2963 7707 4328 4439 3759 6791 6212 3695 6327 7422 3413 3648 2073 5209 5412 5480 2375 6257 7317 7832 8516 2236 5052 3735 2110 3401 7080 7083 5401
5484 3120 8160 3930 4921 4501 6402 6227 4490 5622 7325 2412 4559 1267 5719 5454 5030 2135 5894 6739 7263 8081 1662 5526 3180 2007 3118 6829 6789 5520
5303 3400 8105 4097 4631 4684 6739 6936 4531 5456 7676 2197 3804 2271 4568 4772 5521 2958 5902 7312 7299 8438 1955 4470 4107 1900 3636 6387 6866 5620
6391 7803 7077 4599 4605 3493 7463 5902 4157 5482 7012 3189 4661 1607 4478 5201 5112 2451 6921 6873 7063 7731 2224 5448 3149 2474 3445 6741 6562 5457
5399 8070 7331 3300 5024 3674 6777 6375 4244 6065 7959 2880 3806 1467 4528 5513 5212 2046 6324 7044 7257 8021 1814 5361 4087 1647 3867 6348 6697 5570
5860 8259 7209 3857 5045 4108 7560 6211 3445 5961 7382 2287 4363 1427 4737 5242 4940 2634 6608 7629 7013 8113 1221 5223 4002 2691 3196 6233 6694 6020
6050 8364 7433 3188 5249 5091 7333 6058 3860 6328 7342 2941 3458 1235 4922 4404 5335 2150 5970 6929 7863 8076 2230 4886 3471 1795 3477 6177 6891 5600
6005 8103 8130 4051 4695 5061 7012 6281 4585 5530 7071 3259 6707 1262 4771 5211 5632 2646 6736 6267 7914 7393 1146 5594 3888 2212 3155 6011 6026 5597
6128 8349 7552 2984 4910 5208 6814 6847 3674 6719 7931 3079 5847 1336 5005 5542 5189 2253 6739 6761 4672 8634 2235 4701 3535 2273 3531 6825 7023 5610
5265 8564 7632 3624 4640 5725 6609 6939 3573 6307 7566 2240 5881 6094 5108 5576 5733 1949 6068 6508 4154 7364 1696 4502 3046 2636 3515 6849 6219 5369
5789 8723 7724 3519 5010 5589 7142 6531 3508 6388 7144 2338 6182 6223 5582 5017 2037 2113 7004 6216 3932 7892 8367 5459 3757 2793 3975 6395 6013 6092
1972 8355 7250 3687 5514 5083 6974 6156 4007 6442 7680 2733 6896 5370 5669 5031 1473 2766 5885 6311 4078 7717 8217 6855 3813 2747 3296 6957 6707 5592
2358 8759 7574 3227 5079 5115 6915 6215 4068 6275 5868 2325 6644 5075 5374 4613 2624 2573 6985 6665 4209 8044 8315 6818 3087 1905 3820 6040 7159 6321
2222 8506 7799 2901 5020 5087 7326 6211 4499 5705 5327 3008 6216 5266 5017 4582 2413 2385 6317 6487 3846 3633 7366 6889 3128 2560 2304 6144 6006 5791
1648 8133 7537 3771 4636 4765 7007 6157 4193 6050 6167 2719 6183 6198 5394 5565 2633 1954 7071 7137 3560 4089 8331 7085 3570 2654 3381 6646 6327 5714
2374 8106 7166 3474 5210 5094 7400 6610 3590 5853 5313 3352 6366 5670 5436 4341 2106 2685 6991 6147 4616 4098 7613 7401 3420 1809 2818 7274 7137 5045
2337 7972 7760 3537 4428 5453 7188 6479 3907 6596 5421 2975 6567 5449 5406 5572 1577 2127 5975 6050 3732 3729 7652 6415 3649 2384 2917 7009 6415 5268
1 19 23 18 59959 1.0008433914582486
10 23 28 15 57274 0.903337027627367
28 27 17 8 78780 1.0563578251560446
20 23 14 13 43423 0.927126585239532
6 20 4 5 49285 1.003770834599269
7 16 0 21 32710 1.0110512568999048
21 1 25 7 31238 1.0241324316473799
18 29 22 9 67840 0.9234170132118137
10 6 25 24 77651 0.9843100561594511
17 16 6 4 62125 0.9530834583721819
5 15 4 24 43949 1.057862743136979
22 13 4 6 55835 0.9930560533006656
16 25 16 5 66430 1.0723714802014708
12 20 25 26 39184 1.0568503390432706
22 17 1 4 76863 0.9757109274976774
9 19 6 0 62084 0.9832701617560086
18 20 8 16 44359 1.0158998429341275
29 20 12 23 51862 1.0172415121192802
8 22 17 0 82314 0.9335154265767193
17 10 7 7 53254 1.0987866364550278
3 7 18 24 77858 0.9725300279023154
13 29 9 9 62716 0.9812161193422095
19 3 8 20 75202 1.0370366007102327
22 2 7 17 83279 0.9574403355034716
17 22 27 13 37554 0.930292988901228
13 1 13 29 68208 1.0089238089125634
6 15 19 14 33342 1.0313281901273528
7 5 2 18 50411 0.9986604688823832
15 9 3 18 59150 1.095143311748239
17 0 29 16 79809 0.9377773116165025
28 29 21 10 62062 0.9078559693245636
17 20 29 9 69054 0.9623524979982782
11 4 22 5 52525 0.9266898121443429
17 17 1 1 79090 1.0541892076081039
9 26 23 9 70527 1.0819572892592197
5 19 14 12 42314 0.9397741965002429
11 14 3 29 61556 0.9649750722296694
24 10 8 23 71400 1.0680009809323985
10 0 1 10 67099 1.090600118636002
20 23 16 6 80153 1.0291203345051303
3 13 9 20 35089 1.0818102971728483
9 14 23 29 64077 1.0889692113297578
1 19 11 22 28127 1.066839950667532
6 3 16 2 45946 1.048402278908364
9 29 24 0 105051 0.9488881289287746
14 11 1 19 52480 0.9481713212117006
21 27 18 0 104444 0.9407009894511094
8 9 10 17 26046 0.9480130940998943
23 1 23 18 50010 0.9970534320128221
1 3 1 25 74978 0.9561888638780093
2 2 21 27 110192 1.0744552226611324
18 16 1 8 64851 0.9997688465089623
17 8 22 18 49038 0.9465504106117854
22 19 2 19 53818 0.9898682999678999
12 0 28 12 79397 0.918039918428046
11 5 20 26 72525 1.0501211446861998
7 16 17 13 29091 0.9622479150697847
12 9 28 19 63099 0.9908036338870279
10 27 11 8 54115 1.0689181229881184
22 29 19 6 79487 1.0015984047270647
21 10 2 13 53238 1.0662776291304714
6 10 10 2 42241 1.0545196161339436
14 27 13 14 37930 1.0490799459750466
1 29 27 20 85490 1.0444400593029999
16 16 10 11 36181 1.0159338120561872
12 21 24 2 78276 0.9095305325124095
22 20 0 22 43929 1.0889897588545923
16 11 0 19 53768 0.9217926628959213
3 2 25 12 94218 0.9399279649686789
9 6 4 19 58879 0.9155070337283994
5 9 19 13 39892 1.0964530194453113
27 17 22 26 29140 1.087162461409034
0 4 22 15 70702 1.0069531375086347
26 21 15 15 46676 0.9292262539846512
26 21 16 24 43802 1.076149210721014
13 0 4 14 55076 1.052289296894256
7 23 28 23 64664 1.091945501174995
19 28 24 18 45242 0.9910214470834846
23 20 6 16 50596 0.9520314327638486
3 28 18 0 119010 0.9128306817681551
25 24 9 7 79863 1.0800918535284154
14 2 2 8 62815 0.970575574701153
10 2 28 15 82619 1.0896936881998436
16 7 18 20 72356 1.0333631739688887
6 22 28 21 59217 0.936187430372197
25 0 11 3 58955 1.019043196971066
2 26 25 27 64890 1.050334024452837
18 2 27 14 57376 0.9258556461501205
27 16 12 1 67736 1.0999086073375797
7 27 5 9 68410 0.9807938130112771
26 3 20 27 72845 0.9515820034714647
24 13 21 0 45235 1.019007049698593
5 8 26 15 68070 1.067780337745456
8 10 11 27 46371 1.0876241169083116
2 25 13 24 38111 1.0797866638185485
14 12 2 23 50017 0.9870872303164002
2 21 13 14 39543 0.9638101817721385
12 0 20 8 54708 1.0223407803199314
24 0 12 12 62005 1.002069029910367
21 9 13 13 41709 1.001705217921653
12 4 24 15 58688 0.9682262269013291
21 18 24 10 36351 0.9437464444280084
11 23 23 11 51870 1.0982427111529074
12 0 18 11 45933 1.0721720847613865
3 21 5 10 52400 1.0012190060093682
20 19 13 8 51309 0.9079395480946293
1 15 11 25 51711 1.0882079085633871
29 11 14 8 55996 1.0764427586609346
14 0 15 10 43179 0.9518995172980478
0 18 16 1 83157 0.9638046805961651
14 7 4 27 75773 0.9097868920784324
18 28 8 14 54977 1.0454197512172725
9 26 20 3 88739 1.069865590569866
11 23 9 4 57692 0.9480223247728138
2 8 12 18 46176 0.913783500290165
27 0 15 0 55087 0.9049950222229928
26 25 23 14 31113 0.9076618212261007
12 13 23 12 28812 0.9394103744787379
25 25 19 5 76983 1.0999213334091853
10 26 29 8 79257 1.0839714525708708
21 3 27 9 37010 1.0721103904455949
25 23 23 11 40932 0.9691024484461802
27 14 3 6 81662 1.0994842836348235
27 5 17 23 70279 1.0190223787036754
14 9 0 5 61989 1.0179715133406002
1 23 12 11 52588 0.9239430177772143
16 16 5 25 45681 0.9932790704450184
6 19 24 1 92520 0.9004558833892657
4 9 18 5 67655 1.0899134703967126
19 8 18 18 59317 1.0526281443898164
14 17 11 25 20094 1.0778713888009759
16 29 1 26 60131 0.9859431391034048
4 9 19 12 42977 1.0251830627961187
27 19 17 19 43082 0.9530592775671727
23 9 16 24 57844 0.9621445992749124
24 8 13 24 68002 0.9164357318983661
15 3 0 8 70226 1.0773440338877331
29 19 20 23 43670 0.983126547113039
22 17 17 6 58952 1.0631534990301232
9 20 16 23 30641 0.9610736494630369
13 17 5 4 51883 0.9692802600677819
22 14 13 28 51680 1.0045247487251598
8 27 2 22 34263 0.964355596304421
11 18 4 25 38058 0.991985960040303
10 16 27 10 59242 1.0607958220732114
15 25 17 3 72295 1.0941889063119083
6 26 5 16 35388 1.0046164060331102
14 12 0 7 47135 1.02482819631329
18 2 1 28 113790 1.0043441809709144
0 19 24 5 91962 1.0066936737524397
29 6 11 12 67688 0.946448629745589
13 24 22 0 90157 1.0124892909769951
7 0 23 2 68969 0.9164998000145838
26 1 19 27 83383 0.9483125302307346
25 26 19 12 47054 1.0283316125251505
24 22 7 27 63377 1.0829430770183086
12 9 16 0 44480 1.0361743268656096
7 7 29 22 88014 1.034548406734825
18 27 22 3 77582 0.9970049681985901
14 0 13 9 27702 0.9277966126830676
6 25 13 9 48309 0.9545157443374384
27 19 25 27 21342 1.0762834546529998
28 16 2 12 59324 0.9187304303446409
9 26 7 14 47521 1.0893702606084363
25 21 12 10 59861 1.0615672132923186
14 20 1 27 55068 0.9437486919091203
23 3 14 16 65776 1.0579880716741201
9 18 3 26 48429 1.090187339920997
16 17 28 11 39932 0.9243556061669086
21 24 12 19 30889 0.9003664708033583
7 8 23 6 70308 1.099220181170322
24 20 18 29 37785 0.9501058469758408
9 3 5 29 87750 0.9503845965877308
16 27 9 5 76866 1.0040466610443108
0 7 2 26 64842 0.9974802444596532
20 6 4 7 79981 1.0717849385824691
17 27 28 6 84752 1.0314179170689033
13 19 16 10 36350 1.0052730846356461
18 4 14 11 43815 0.9642650669207673
28 15 18 29 56715 0.9334207093504175
27 12 2 8 76773 0.9728832774450016
10 4 27 25 85042 0.9423315069206806
19 5 9 18 70377 1.010647787225465
27 0 19 8 43389 0.9445705137516504
14 14 3 4 55572 1.0818678117899663
19 19 14 4 62640 0.9878631106740183
1 9 4 17 37640 0.938691589348102
20 28 14 3 89535 0.9326729917104243
13 17 26 18 35312 1.0995786932606688
22 29 11 18 44520 1.0234465087238451
14 16 7 22 27733 1.0065180403731337
9 0 15 6 45992 1.012626553403862
16 24 24 16 38280 1.094846724960314
11 22 18 4 68624 1.0783271880547796
9 10 15 2 54965 1.046147035630851
22 6 12 19 66999 0.9513543976797092
17 12 8 21 46438 0.9960325380395054
6 17 16 15 34932 0.9100448354129946
22 12 5 18 54654 1.005702097550264
6 7 26 19 73944 0.9093175086840983
23 5 3 0 84374 1.0417706041956527
26 26 9 18 60813 0.9228910639479255
20 20 13 26 37330 0.985893581991185
28 13 20 15 34518 0.9608338455633867
10 22 16 14 35594 1.030175596368374
25 9 18 6 41881 1.0902791620118424
16 16 28 22 50613 0.9287217979991641
6 12 19 13 24823 1.0985103793419482
27 21 2 25 74748 1.0730768042864305
3 20 21 5 104442 1.005817087791251
29 2 14 23 85400 1.0222731064670523
26 17 4 29 77071 1.0148435806626979
23 25 9 10 66486 1.0002515165698111
1 2 8 25 89252 0.9515878771092184
24 2 17 10 51277 1.0237707843079566
17 21 7 1 79104 1.0634724764481702
29 3 6 5 90814 0.9398770405246624
12 15 15 8 31973 1.0226108080311103
19 27 11 29 37768 0.991813481101211
14 27 7 11 60414 1.0177687656356116
14 11 11 2 33709 1.0058544768204736
1 11 29 26 90038 1.095674407431311
5 10 7 20 43309 1.015611174562621
21 3 4 8 79184 1.0079654183258726
27 3 1 7 101938 1.0649316458674747
24 20 11 2 73860 1.0323343845249013
10 8 5 23 56488 1.0756766204275854
8 19 5 5 46348 0.9063188640833232
21 24 15 15 40629 1.0005782338464226
2 20 13 11 46466 1.0956927617570396
4 24 4 0 87759 0.9079848355383567
3 3 4 28 98653 1.0969507045056646
14 20 2 7 66711 0.9071392987860273
26 22 5 14 70625 0.9080054902508136
20 11 1 26 78962 0.9709246566659385
0 18 28 23 80962 0.9627097050190061
6 22 23 21 39529 0.9201195032086288
12 17 25 17 31049 0.9923275763111872
5 3 27 7 98947 0.9132849946675354
21 27 8 0 93902 1.0952478903909268
21 11 11 21 49541 1.0867276627403322
20 24 29 5 67672 0.9734509002562085
27 2 18 26 76768 0.9592121978432752
2 29 16 10 85877 1.0009209382406565
11 28 14 0 72802 1.0874134072586417
16 6 5 4 54280 0.9488756856850088
9 28 5 9 75778 0.9606624565186287
26 7 13 7 55063 0.9395233391730609
25 3 13 6 51833 0.9938279278946155
1 6 14 16 61476 1.063296083769581
1 25 10 7 75699 0.9848120728981039
16 8 5 24 67653 1.089652090235492
24 15 3 27 76292 0.9344106870054858
10 21 6 5 60354 0.915890369328899
18 28 0 24 54315 0.9412549295264058
29 21 12 29 56208 1.0342746698207894
2 23 18 9 72760 1.0499530709196432
27 5 22 13 37892 0.9329110828692485
28 3 27 21 49887 1.063814400699425
12 17 24 18 34448 0.9004849161754499
22 26 13 20 34470 0.999887957214984
5 21 28 17 60683 0.925328146879026
29 1 16 12 63719 1.0004862711467342
23 22 10 0 84062 1.0096325660790744
21 26 1 25 60693 0.9717494179979891
11 14 22 10 39045 0.9507820785896507
3 27 3 1 95927 1.0791499471540558
12 4 29 21 78668 1.0390792727609006
10 4 17 27 83093 1.096354813650329
14 10 23 4 52010 1.0048454441816481
15 22 18 9 56250 0.9219586841899422
28 1 14 10 71055 1.0872973164847386
20 14 9 27 58859 1.0370987534018243
6 3 28 18 86150 0.9410812204007571
16 1 23 9 53836 0.9700164241756795
4 11 16 10 42951 0.9375718335892291
24 27 21 8 59558 0.9217268765733946
13 18 9 26 30252 0.9348884263555886
15 11 3 5 55277 0.9887685364927016
3 13 0 1 41181 0.9644838122008973
9 11 5 20 43773 0.9489186795790083
27 19 13 10 47516 1.0670574486326232
12 3 13 17 38305 1.035476424926409
26 28 17 18 54026 0.974901643998669
9 1 25 13 72710 1.048878572331593
27 4 27 26 53741 0.9483375486507738
14 21 11 7 48933 1.071418047373374
1 16 21 19 64645 1.072641873090143
2 14 10 6 45062 1.0785895270100718
10 27 12 11 47297 1.005879764290754
23 17 7 7 59860 1.090957923324322
6 7 25 9 69629 1.0539265676052283
29 18 4 16 69897 0.9813409044096711
26 2 29 12 37585 1.081223009377887
17 11 18 25 53825 1.075876475892887
23 1 4 9 88295 0.9134748887680604
3 9 13 5 54997 0.9810633353142633
24 16 11 21 39567 0.9118579408855118
28 4 18 16 65672 0.9001057331596285
6 21 11 11 37616 1.0077227384703267
1 11 28 29 95807 1.0382768790442696
16 6 12 26 65281 0.920884852247392
19 29 19 13 57694 0.9858983787572171
13 0 9 11 48910 1.0639660354646419
16 5 9 11 48930 0.9474955449380438
23 21 4 27 60849 0.972017649924648
9 9 2 27 75674 1.04795095168764
26 8 5 18 76225 1.0831799821494812
27 5 0 27 111783 1.0704671928225467
28 15 25 5 29218 0.9270563559135797
7 10 10 1 36082 1.0412259559638806
1 25 12 1 84830 0.9824750223042211
1 13 17 10 41901 0.9244774477081733
0 14 29 27 86813 1.046721562560348
27 12 19 9 36080 0.9880876181751126
12 4 3 8 47759 1.046539789042543
22 2 21 18 59125 1.0907530713911355
26 1 10 23 87370 1.05411331730481
25 23 10 15 59011 0.9486949509667036
12 9 6 17 37390 0.934367587934853
25 26 20 5 75154 0.959740583860846
24 7 24 27 60017 1.0348544237521333
18 27 29 21 42271 0.9595502966361585
17 10 4 5 62305 0.9724252279334172
3 1 10 21 79157 1.0868295214833186
29 5 5 11 87530 1.0282477098920766
11 29 5 8 68210 1.000966206345856
12 6 6 24 62419 1.0080365590852571
5 12 28 17 56903 0.9780813774614913
29 2 28 16 44606 1.0857454550861192
5 25 5 3 73070 1.0396268522192489
29 25 0 4 103899 1.0371341988204887
18 19 7 25 43612 0.9195358174849387
22 24 22 12 27256 0.9605293834961022
0 17 18 3 79737 1.0631433110890782
12 27 2 15 48968 1.0723533569478871
25 2 9 19 82363 0.9297379785497472
7 2 20 1 70406 0.9356355829740505
24 23 10 14 57356 0.9054521344513747
5 6 19 27 88271 0.9980546738219908
25 13 1 11 66720 1.0919431245136526
20 13 12 16 22959 0.9460595215063818
25 23 25 10 37664 0.9727593566744903
15 2 27 8 60437 1.0441107452920786
12 19 1 13 33800 0.9271260200571186
14 4 27 7 64842 0.9029307014874363
16 24 23 12 48121 0.9911393645934
22 15 19 22 19717 1.0372511780963336
28 1 27 10 42864 1.043181165965104
27 22 18 28 36049 1.0888862268910673
13 10 25 17 40213 0.9322004533557445
13 15 25 18 35406 0.9772530037814217
4 3 0 9 28500 0.9804114183176174
17 24 7 21 38059 0.9691320515451338
14 8 4 21 59713 1.0431137855164863
12 28 28 23 50348 0.9456690167652094
15 27 11 8 54296 1.067634639833483
16 20 6 25 37649 1.017618565992833
5 9 27 18 68190 0.9578736155639824
16 14 24 10 41345 1.0747416057360646
12 9 19 19 51924 1.023183908694124
6 8 2 19 41575 0.9892136883531983
16 9 9 16 47531 1.0174778857046585
6 15 29 11 65384 1.0540590551082167
0 19 12 2 75834 1.0870298850163171
4 17 14 12 35370 1.0789631141702303
26 23 7 7 86372 0.9418825399689107
13 25 27 20 41360 0.9685604099319447
16 12 5 13 26577 1.0205870007876507
6 10 24 3 74822 0.9710699317115316
13 6 2 14 39651 0.9938239672500891
6 11 1 17 28551 0.9190125266085668
23 5 9 13 55621 0.9758351186151025
26 21 1 9 87159 1.0722554492515206
4 25 28 10 85732 0.9729479550975423
14 19 24 25 43349 0.9493280343658074
3 15 17 4 74986 1.031667999248053
2 18 3 27 37063 0.9599063300782917
13 27 16 7 67003 1.0048180427610478
23 16 9 27 54693 0.9984957170558925
1 9 18 1 95639 0.9384544620989395
8 17 28 20 55995 1.0035822185984102
6 15 22 9 57015 0.9802368258828846
10 23 21 21 33996 0.9163156463039223
17 8 1 10 66198 1.0718506232357843
25 18 0 26 73014 0.9029974757902499
27 27 16 1 94706 0.9082538905129198
4 23 14 24 32484 0.9484684443305584
17 5 23 0 42288 0.9849194741188196
15 6 21 1 48025 0.9912438322440877
23 3 21 26 64440 0.9905379826732914
23 15 8 3 60010 0.9074574105636299
24 17 15 8 52146 1.0424877727636939
22 15 4 25 59201 1.0534534241340126
13 27 27 13 61517 1.0867404959978844
11 22 2 13 39144 0.9088992426109995
15 12 10 7 34030 0.9462574402176913
2 13 14 29 60969 1.023061899005827
3 28 16 5 91836 0.9312565336506549
7 15 2 10 29228 1.0609271002773353
25 22 20 5 70515 1.0363290373185627
25 6 12 13 45951 1.0816539956302076
29 21 6 24 65544 0.9848638175669002
14 15 8 1 49475 1.0328003486114012
17 13 18 3 51558 0.9871420818476656
2 24 8 15 40217 0.9166619927366618
1 1 23 13 84875 1.0629104555419273
27 28 21 10 55335 0.9044601104565189
13 20 25 17 40213 1.0343854797610186
17 14 3 9 48161 1.0152446034655986
21 29 28 11 55243 1.0017447043532788
24 15 14 23 44165 1.0094870707566865
1 21 27 4 96684 1.0023526840270232
29 5 12 27 84672 0.9034462162526543
13 19 23 10 48904 0.9280317383742868
14 28 24 16 56183 0.9537316940047398
1 27 22 19 63988 1.0974654313184626
25 3 15 16 57547 0.9954919510530403
6 21 23 9 68586 0.999888703317431
17 5 27 25 83367 0.9470467512807598
15 11 16 2 43206 0.9419041119597094
16 11 27 29 63662 0.9588365176089517
24 19 7 4 74808 1.0768576519133188
26 15 3 18 69038 1.0497674833117436
0 15 28 9 79683 1.0202797534628396
17 3 6 19 70782 0.9561641764984622
21 9 29 1 50432 1.0863908819436354
28 23 11 14 60064 0.9319569537621764
6 23 27 24 53323 0.990765882021623
12 24 23 23 29123 0.9441574622051542
15 11 9 1 42170 0.9447631650435329
22 11 11 23 51247 1.0168040503911036
11 14 24 16 32237 0.995964329360981
14 11 22 19 36731 0.9802515362054605
12 24 2 14 44720 0.9821188912019211
18 15 0 27 76401 1.0631105635703697
7 6 28 9 84210 0.9508045087930128
9 3 18 7 54979 1.000907763617909
2 20 22 6 93626 0.9898153033619008
6 26 8 4 65796 1.0468008882101736
14 9 9 17 35075 1.028010976462849
6 9 12 21 41492 1.088699163305642
24 1 16 19 78902 1.0102839429041497
29 10 1 6 99909 0.9916685634104677
14 9 10 20 44685 0.9885961158423104
14 21 2 21 31771 0.9416613026954916
3 0 4 20 84447 1.0801764973805015
0 16 3 27 42833 0.9601185574706614
18 29 1 7 94715 0.9822130536620806
19 26 23 0 76723 1.0374852738809541
25 23 26 5 52264 1.099476414508788
21 24 14 0 81023 0.9478965067951085
20 13 10 2 53217 1.0091118193000854
13 17 5 13 22959 1.0006390308873827
5 2 16 22 76606 0.9038442359433848
23 14 16 11 27644 1.0519908467918366
5 11 24 15 54353 1.0071537231107597
6 4 18 0 60001 1.0874491139467728
13 7 22 2 48459 1.0461006050219321
0 19 22 8 83759 0.905567626949556
7 3 20 25 77723 1.0424179510179699
20 8 8 5 56173 1.007196902012607
5 19 1 6 58442 1.0920367979608474
21 8 1 14 70883 1.0825020662250027
5 24 21 2 101622 0.9501794174818325
9 7 26 26 85001 0.9974048812982377
8 28 19 2 106902 0.943822350428139
18 1 1 28 119992 1.0860713422406802
24 8 13 3 55549 1.0458367975171492
10 2 25 17 75491 1.0581532443715234
25 4 17 28 76669 0.9378592411651814
23 22 2 23 49149 0.921783030528882
8 9 21 3 64261 0.9626646264030196
24 21 1 2 104170 1.0271958085748811
8 2 20 4 56879 0.9670432282384656
21 10 13 16 40801 1.0017540880534759
26 9 5 2 94316 0.9115906268525266
26 13 16 26 58672 1.058482343788095
18 4 10 14 57575 0.9348150648942677
17 13 11 17 20152 1.0217489536086042
5 17 0 24 30935 1.0108020028190354
10 7 5 17 46198 1.0354833732273439
6 12 21 5 71441 0.9282519079120977
4 23 18 0 102492 0.9053732627758458
10 6 2 26 82556 1.0013450490358904
6 27 23 5 90142 1.0766214172431487
10 9 23 20 56683 0.9595099103953596
3 15 21 14 52360 0.9326356850360606
22 26 5 13 58266 1.0190005433325773
23 12 18 29 54222 1.0407096778289704
15 7 9 20 62374 1.0735991296338916
14 8 4 0 53202 1.0461674241784333
12 15 7 25 36521 0.9256169233514426
24 17 13 18 28613 0.9737372332414763
28 2 8 22 92024 0.9254477859211862
8 27 22 26 45481 0.9073543107685037
3 21 19 15 60767 0.9070773842763841
3 12 12 10 35994 0.967977723499756
29 14 15 0 86374 1.0850376972561382
14 9 0 14 41886 0.9725034834510412
3 23 8 2 70154 0.9398180276086583
21 5 9 28 102747 1.0689509437461777
16 5 16 29 84884 0.9838061048127951
15 10 7 13 25842 1.0127481660881168
27 21 13 21 46938 1.0677403356651496
22 10 14 17 42678 0.9774837394366062
7 21 0 16 35916 1.0923872157851755
19 15 13 4 44012 0.941780803604392
19 22 9 16 36512 0.9229801075367762
23 18 4 12 49988 0.9634968462067991
8 3 6 28 75530 1.0927582253243842
20 5 23 17 51917 0.9915173230050419
7 6 19 27 81697 0.90017311482071
21 10 7 28 88301 1.0980203091211154
19 17 0 16 47765 1.0159110607871784
11 29 9 18 40650 0.9693961109559176
17 20 20 13 47313 1.0560486050990512
12 6 16 12 33684 1.0747841677438705
16 10 3 14 45113 1.0297284193083458
26 3 19 18 53428 1.0040388940496505
13 9 11 24 37590 1.043090050456612
28 1 27 22 61351 1.0984377933245766
11 13 15 22 28129 1.0837432904118136
25 16 29 25 25481 0.9689304831992749
4 28 28 15 87010 1.0212508291763787
29 11 11 10 53067 0.9636960061077376
17 6 29 27 90037 0.9518618117152496
4 12 4 29 65013 0.9181195078593483
10 18 2 27 54238 0.9989776619143925
17 2 25 17 66387 1.0713241904327762
19 21 3 4 85757 0.9482556117402413
9 14 3 19 40286 1.047277427154505
24 5 1 7 96224 0.983810567181154
28 22 27 13 23856 1.0413497759237371
28 19 5 6 85965 0.9994261106579294
0 8 15 29 82018 0.915768015152832
13 0 26 2 58890 1.0179095239258598
17 10 19 18 47626 1.0866691811935243
24 7 12 14 55986 0.949135623029344
5 11 27 24 71523 0.9414451096998112
6 17 23 3 77406 1.0575971986371986
4 4 4 29 90206 0.943075589826897
22 3 26 16 41956 0.9257682348164061
4 27 28 25 65649 0.9085511474664717
8 9 0 20 46429 1.0204536600520553
11 26 16 16 34103 0.9565099454654951
27 29 15 13 55138 0.9431289400988163
14 6 6 29 75216 1.0778877272610503
12 7 19 14 36344 1.0525061059019956
21 25 14 22 23056 0.9387291128610701
28 22 21 4 67075 1.040949796127563
21 19 23 27 25615 1.0701480376644041
20 11 2 6 66501 0.9514996981565437
21 26 6 23 44237 1.0171817772507048
12 24 3 25 29084 0.9658179376901173
13 29 21 27 44849 1.0571214185413194
16 4 19 26 81546 0.9786570430965498
23 18 13 15 30163 1.0493408745450419
3 14 8 24 51376 0.9799107511597984
13 22 20 3 74999 1.0458451859198514
14 7 26 6 58316 0.9373677142879062
11 24 22 10 59172 0.958629202441346
25 5 10 25 70859 1.054281211770907
12 26 7 3 62982 0.9072750246735563
23 12 0 23 69627 1.0956741330154078
6 26 24 6 87797 1.0341472440200106
28 28 4 24 76564 1.0171129147690645
28 1 1 21 109160 0.9423064930248117
10 1 28 14 82010 1.0948174785949831
26 18 16 26 49362 0.9213110203631035
27 19 14 14 45546 0.9805514977605864
4 8 24 28 86916 0.9017757979370195
3 3 29 28 116915 0.9255936762555533
0 24 24 9 88361 0.9123187649307541
4 10 15 22 50110 0.941471835769626
29 28 18 9 76113 1.0880575863477195
8 0 13 22 62215 0.9858892649667195
11 18 6 27 35706 0.9830414766658853
7 16 18 21 44758 1.0778934636046593
24 19 12 0 76947 0.917033088634513
10 13 16 23 39191 1.0613048292740794
18 20 7 1 82780 0.987492466315175
28 9 12 19 60278 0.9190424645117259
29 27 0 1 119401 1.020673958788879
23 28 15 19 39110 0.9920219118415349
28 7 28 22 47865 0.9563007319638451
29 24 9 0 103410 1.009032851388174
7 17 22 7 68969 0.996630315899257
3 26 22 0 114107 0.9901871589513656
18 15 12 6 43563 1.0895364004905352
12 9 18 14 30542 1.062507204196196
20 29 15 13 57833 0.9568818694407504
28 10 21 20 41149 0.9417533652934715
11 0 24 1 66207 1.0046276213755325
25 24 23 13 31724 0.9477530725500608
21 13 11 29 49757 1.0878102024776648
2 13 23 8 58790 0.9508943129706364
4 9 20 1 92333 0.9670678203630511
27 19 6 23 58001 1.0610898445048034
25 8 12 8 48550 1.0945364617903799
5 5 11 27 69356 0.9211971033328125
20 16 9 17 33955 1.022736715598156
6 1 0 14 47483 0.9442972925377536
11 3 21 14 51860 1.0164967878343796
6 11 0 7 33986 0.9745935161603192
12 23 3 0 80668 0.9182529876479961
8 5 5 27 71669 1.0412816392152024
8 0 0 28 96171 1.0253300966846957
27 18 19 8 47294 0.9729938038171904
0 5 24 28 101393 0.9703927373922021
13 16 24 8 50360 1.096103702942526
12 27 0 22 30052 1.0701345214548814
12 3 6 27 73859 1.0419468669342318
24 21 19 14 38924 1.081669465039606
18 29 15 7 78515 1.097193437174925
14 25 0 26 41460 1.0730061191762217
25 1 4 23 92616 0.9573386787827513
7 5 16 10 52689 0.9892250480004791
0 22 8 17 29770 0.9588818554831229
13 8 6 23 47668 1.0118207123510117
13 14 1 21 40807 0.9397636336425189
0 11 7 18 34652 0.9267280671521873
26 24 5 2 100835 1.0263268659963503
21 21 26 15 31020 1.0765440260628223
2 29 20 3 117714 1.0318313460068125
29 2 16 5 59578 1.0792694348931775
18 16 1 9 65201 1.0522361620606069
14 13 23 27 45369 1.0411532598027384
11 0 0 2 40471 0.9061095048913735
5 2 6 14 40369 0.963634509329798
25 0 0 28 118038 1.0568878080684152
26 21 7 13 58476 1.0846779823109167
9 2 26 4 76245 0.9175297055983315
29 16 0 17 68073 0.92549992825536
7 28 3 18 51667 1.0265361755287743
5 5 12 13 37485 0.957349195381866
23 16 0 13 47818 0.9540310086618946
25 23 15 26 33334 0.9245187090445475
2 0 18 23 93686 1.0662375623076974
25 28 23 13 40534 0.9244277021237945
1 8 24 16 65611 1.0407211347577339
25 29 3 4 108069 1.0396353527708473
10 5 14 24 60100 1.0412209444945046
13 15 28 10 53267 1.0425498715560981
17 28 14 0 92433 0.9551121014901546
3 29 12 15 62616 0.9387619710264978
1 1 3 21 74926 1.0203558268829878
3 2 26 7 101186 1.0867053013979107
19 26 11 5 69370 1.0527011331094889
13 14 29 19 48244 0.9145380142710714
4 21 5 12 43271 0.906553983154508
29 18 9 8 68141 1.0603466158526964
14 24 27 19 47120 1.0012683355016498
17 29 14 13 58594 0.9584686123012431
24 21 16 3 81642 1.0023143849874458
9 7 9 25 60947 1.0108978772973867
22 25 26 1 65371 0.9903296661740969
2 9 13 16 39333 1.0643168932978406
12 22 7 16 27980 1.0704838411215623
12 15 28 2 78045 0.9939828304778991
13 1 25 19 69584 0.9585760862388275
9 17 3 11 34299 1.0046823770867739
3 6 29 4 111466 0.9576276773514406
0 15 29 2 95026 0.9340789210337672
8 11 20 11 37931 1.0723343144041766
29 20 10 15 62122 0.9142036133296854
17 1 4 4 58400 0.9879415898559665
11 22 26 2 75495 1.0601265764320813
28 22 12 1 86624 1.0656095296360144
24 1 15 8 60016 1.0723154388108072
0 25 28 28 81247 0.9579590597482439
22 16 0 15 51753 1.088880106921297
29 27 18 10 67259 1.0149022432571462
22 0 20 13 56184 0.9871397795998361
8 7 22 2 67615 1.0998537232917047
3 4 4 23 72450 0.9105283166642545
18 19 9 13 41325 0.9482678443806184
6 26 16 9 66936 0.949398124204921
3 4 18 20 87420 0.9227877325100626
16 27 22 11 61441 0.9905248594721564
17 2 5 10 73637 0.9001708747138354
22 26 27 5 61449 0.9806384219295519
29 12 14 11 44724 0.9968853200831176
14 16 7 19 31782 0.9194707396639189
5 10 15 23 55474 0.9731625524335764
20 18 20 6 63503 1.0598831938242639
27 20 20 16 27983 1.0078084187794527
18 25 1 13 57108 1.0345652647694472
1 21 15 14 50126 0.9126042700689029
16 19 4 22 39094 1.0252555083607613
15 15 25 19 37147 0.9732519947168968
7 5 22 13 50371 0.9476440820232047
12 7 6 16 40963 1.0249334281708045
14 3 25 3 40133 0.909889248482175
14 11 20 2 55568 1.055026628874497
4 7 17 9 61259 1.0137262018880944
21 0 28 27 79548 1.0913761237640505
10 28 26 16 60260 0.9130684075780056
24 6 18 12 39918 0.9653914073278436
29 11 19 26 56779 1.0945291391290797
24 14 18 9 39871 0.9287446596118712
4 22 18 3 80031 0.9017185540744568
18 19 14 4 61522 1.0711498634307033
10 9 16 17 38739 0.9932279362745741
23 6 24 17 35568 1.0311323506672398
9 9 22 2 73528 1.0178957688961476
2 8 29 9 88318 0.9506803016569396
21 20 20 29 33494 0.9499925587428382
3 25 17 9 78476 1.0957833118523639
17 8 25 16 50164 1.0415586482529828
23 28 22 11 40679 0.9406923734376333
1 2 22 18 87897 1.099709639539734
24 24 10 4 79445 1.0271471282675402
27 28 3 0 117485 1.014204281082695
10 18 22 20 41030 0.9901906367412335
7 15 21 5 77672 0.9876929917028976
1 27 1 10 64008 0.908938755339317
17 19 7 10 57670 0.9528610374739264
20 21 10 29 44584 1.0429890540953903
7 17 19 20 46770 1.0563777446679223
9 0 24 12 81191 0.9500056874792738
5 3 22 16 68902 1.0810127107058476
17 0 0 28 119521 0.9488558745185884
14 22 4 24 33103 1.0185873927067501
29 27 4 28 79207 1.0429247798943415
15 28 12 7 63857 0.9068632264100468
12 1 6 27 77775 1.0090456036885715
5 15 26 7 72265 1.059733384229027
23 19 13 18 30728 1.0514797483568679
7 19 23 6 76752 1.0918956284678698
11 1 7 13 41978 1.0679192654972605
11 28 13 10 41991 1.0293585691031408
3 2 8 27 99969 0.9125226390363984
23 25 7 13 53630 1.0431982185301323
27 2 19 15 62809 0.9282571864607129
14 29 19 11 64223 1.041317124015418
29 8 1 26 101262 0.9309190630574776
20 16 5 12 48193 0.9315942173442651
28 19 21 26 34623 0.9390200491529419
0 1 14 18 75560 1.0985125856592342
25 2 2 18 87528 1.0206898812532765
28 18 21 4 58281 1.0764432148176388
17 2 0 0 68600 0.9697925381755964
7 12 29 9 68496 1.0757037583862188
24 1 11 7 71586 0.9190880759358828
28 29 19 1 91127 1.0277653770173611
29 23 9 0 106781 0.9823645216433743
14 6 9 24 60101 1.0102156616396032
1 1 9 13 53328 1.0443321175118663
3 3 17 26 93106 1.0919828276951538
7 26 14 4 71480 1.068551147987165
8 10 22 2 75742 1.0565452456427677
23 18 13 6 47904 1.0827262357299676
17 5 27 26 85883 0.9062248786369639
7 21 14 1 71637 1.0128870433162718
21 11 2 19 64346 0.9322951592088691
0 3 15 12 61273 0.9986328649103311
8 16 3 21 34966 0.9880994213353758
12 1 20 27 88461 0.90647839962858
18 12 9 28 61208 0.9883793085990186
14 21 23 20 29101 0.9609033041771048
10 11 18 25 52625 1.0222991921982836
10 19 17 28 49867 1.0499582929532745
10 1 20 1 54163 0.9507414901060289
2 5 17 26 86715 0.9124172269010091
26 15 2 19 68607 1.0338488450521233
3 4 17 0 62374 1.0085996902940724
19 24 12 29 26720 0.9582159860187994
16 1 4 21 87289 1.0602770319187838
22 0 21 16 57534 1.0467243939833346
28 1 25 28 80495 0.9238141767387298
12 18 25 8 52859 1.0723777827632577
21 13 26 19 31408 1.0556603129675257
2 28 21 24 62180 1.0442000570245358
8 15 27 27 66925 1.0561441626903105
28 9 20 12 35485 1.0976325859044027
10 17 25 23 51279 0.9729352003198444
16 7 1 15 63634 0.975439080759595
2 8 6 29 73620 0.9272464992122457
25 17 4 5 73999 1.0589687130325247
28 9 22 5 40436 1.043358572893424
26 8 10 24 76031 1.0104596786202984
1 23 26 21 64550 0.9384593315382592
4 11 25 9 61568 0.9024901609477712
26 11 9 20 70436 0.9487552703221448
28 18 19 23 42042 1.021755414512933
15 6 8 21 65025 1.0077856814646882
8 27 28 28 69856 1.0406421758700102
18 26 4 13 55480 1.0371065618325395
14 18 9 12 30225 1.0326800292258684
28 26 12 24 40770 0.930862771397117
3 29 12 23 40171 0.9271885366514853
15 8 7 20 56169 0.9644301352220921
29 0 13 20 85420 0.9776628544240398
12 8 1 28 79480 0.9214147034280117
27 29 17 13 52064 1.0857097908459714
26 9 13 13 44670 0.9891647812114231
26 4 6 10 74257 1.0618744365536386
2 10 18 23 62828 0.9365840785446786
11 8 29 3 75145 0.9405918267058805
15 16 23 13 31880 0.9310326202001338
26 15 7 28 78243 0.9680404327226418
12 25 0 20 32117 0.9652406469013467
8 13 19 7 52046 1.0334900019565882
23 26 10 2 87828 1.067462473266706
8 7 2 28 77835 1.0415688278364372
21 15 7 5 59133 0.9959614211202429
20 23 18 9 62532 0.95711802668347
23 9 10 0 73994 1.0482482970716742
7 22 12 6 53830 0.9967427547078733
19 23 9 5 71172 0.997025440907702
18 0 17 24 101066 1.0911516248271607
27 11 25 22 29756 0.9428958703594801
27 23 2 24 67200 1.0159063429697281
8 16 23 21 46952 1.0333998609373254
17 27 7 2 91711 1.0141219263930383
17 10 6 5 56428 0.930235769901521
23 16 7 15 46966 1.0931158327307304
24 28 16 4 92329 0.9699091166317052
12 11 28 18 52965 0.9519309649788388
4 0 26 17 90251 0.9466196126621378
2 27 8 8 70865 1.0097237356234148
21 13 29 9 41052 0.9451178299932036
5 4 11 15 44265 1.062330151958918
23 4 12 2 49890 1.0267592671117058
10 22 19 14 39339 0.9558875761847213
29 20 18 12 47109 1.028078138212717
28 29 29 3 70166 0.9566527091968182
17 7 0 1 78603 0.9145741003021043
21 8 4 10 71061 1.0373427011591583
20 7 23 26 61652 0.942870189079296
24 8 24 27 56101 0.9002097253457985
17 20 4 24 53955 1.0052420849591746
0 12 3 27 54043 1.0842802620021887
22 13 3 27 71207 1.0104063555040554
7 12 26 4 68397 1.04415986069045
4 10 23 0 86305 0.9512279124517404
6 9 24 2 84516 1.003782121506574
18 17 28 5 57427 1.0449559572315623
2 9 26 11 70492 0.9638014143008306
21 19 28 1 67567 0.9757945391173282
13 8 20 16 42610 1.0701656205468426
12 14 27 8 56834 1.0599178586911717
18 12 1 7 59456 0.9766431679533991
17 15 2 2 75082 0.9302286704762347
21 3 2 7 86148 1.038347038416964
8 15 3 28 55926 0.9835531576723395
2 24 25 8 83621 0.994787737742741
15 8 18 27 65806 0.9195094340045273
28 1 18 29 95889 0.9414034025565687
15 28 3 27 47366 1.009514187407712
18 25 15 4 70204 0.9992599072123515
1 3 27 22 102634 0.9436942882676752
3 13 25 13 51793 1.0573375558899243
7 19 18 29 57877 1.0718401943354374
19 21 0 20 46963 1.0749384655817364
17 18 27 12 39375 0.9081589515750528
14 28 16 16 49403 1.0437506239076368
8 21 21 15 52765 0.9708479446549287
16 3 26 13 55041 1.0629805349864934
13 16 21 22 30358 1.07243303081296
22 7 1 12 74158 0.9617790732106196
0 2 4 19 66866 0.9804649625906446
13 13 29 25 54764 0.9568195658547868
14 11 23 12 27707 1.047869889206061
27 24 16 6 82434 1.0218418785470433
15 24 24 3 71570 1.0130861886682456
16 20 13 11 37087 1.0390529764293697
28 28 17 18 58917 0.9830781544221352
16 22 9 18 31420 1.0980434315500025
1 16 29 25 81625 1.0345171717310533
28 3 2 26 111263 0.9354954862226348
17 22 5 12 47058 0.9224105995564947
10 12 1 18 41379 1.0476670491771183
14 17 21 4 68637 1.0217295914928393
18 25 7 18 43898 0.9572578067737922
13 24 2 0 86136 0.907517968297975
27 22 16 0 91528 1.0850384432628606
15 21 20 29 41719 1.035838148548598
23 8 6 18 66262 0.9518007904707588
3 12 28 7 82759 0.9083380572682087
1 16 29 1 102671 1.0073491115899358
4 6 23 8 77279 0.9374200012705372
5 4 28 15 83007 1.0488068408012512
25 19 6 19 58150 0.9546993270001934
29 28 1 24 78660 1.0495130411828597
2 7 14 25 66706 1.089182054756771
2 2 22 16 80535 1.098899362370922
2 12 29 25 77653 1.0031823989085222
29 22 4 16 81999 0.9508521380886304
3 23 25 26 58980 1.0776093294313613
27 20 4 13 57402 1.0785849389628892
24 11 1 8 71721 0.9313820308605486
7 20 27 10 74664 1.0752015065275078
15 17 12 8 30303 1.0593392536019124
15 5 28 22 82474 0.994144360623176
18 21 0 4 84796 0.9649177230083277
7 10 10 2 39926 0.9898071621887119
5 0 28 5 95830 1.0905606890843598
2 0 10 7 49751 1.0267398917632111
6 7 26 14 71247 0.9959332549245837
27 2 7 10 84631 0.9685405189519707
5 0 22 26 95591 1.0720121752104192
2 3 29 10 103846 0.9739090746284802
9 29 0 24 51498 0.9566680378288804
2 8 11 28 68287 1.0432106068137128
9 13 3 3 44988 1.08305856066524
0 13 11 19 34333 0.975487599396737
11 17 21 8 59227 0.9730508623076485
20 17 4 12 45311 0.9776821825893531
19 0 6 5 68882 0.9883114432731085
28 13 18 11 34850 0.9866846547994192
21 28 13 25 31651 1.0329247627082783
29 21 4 27 78470 0.9672822583946624
20 15 1 29 87684 0.94524821272187
17 12 6 16 32880 1.0037983301760693
11 29 16 12 50317 0.9213228011884492
19 7 7 3 65333 0.9906904494651967
13 1 26 0 58004 0.9664067099765603
1 0 4 21 86085 0.9278784128860474
12 11 24 7 48540 1.0186005552491315
10 12 27 19 49719 0.9636499143642177
17 28 9 10 75999 1.0394565995836162
15 27 8 16 40511 0.9513244697350538
3 3 8 24 83794 1.0674506549621483
7 5 25 11 67499 1.0852951398003983
5 21 18 18 47675 0.9984947009497045
11 19 16 7 50840 1.0528741066792424
15 29 6 6 78078 1.0466325783694337
26 15 23 6 34474 0.9829685715895393
2 27 24 18 72549 1.0513575956469132
21 1 7 11 86196 0.9912897960045874
11 13 1 18 36118 0.9196735387629287
16 17 9 3 54806 1.0939519418968102
10 0 11 14 47315 1.0847066372527887
13 12 5 21 40221 1.0218984099057093
11 26 26 16 48380 0.9111605291378436
16 27 16 1 90404 1.031448959175666
4 4 25 28 101541 0.9059486245348826
27 8 15 19 54872 0.9512324804213466
12 9 0 15 42391 1.0472031747849102
25 26 12 14 58159 0.9766898736000537
9 19 19 7 73505 0.9674597789603714
14 16 9 28 44942 0.9928098337113509
19 20 4 12 59997 0.9449178937552148
14 21 28 5 80084 1.0667104060463535
12 23 7 4 56135 1.0374529143078022
10 5 1 19 64053 1.011199388423978
24 25 10 25 30969 0.9559140155663857
13 14 3 28 56650 1.0089653654952597
1 6 14 18 66723 1.0893714717193037
3 28 14 14 62369 1.0363141878404567
1 1 7 17 62615 1.0969316697089833
26 29 15 17 55448 1.0251508927803292
5 22 28 24 55160 0.9206663009575107
19 4 5 21 89368 1.0343603153075285
24 4 13 17 61583 0.9293906790960054
12 14 5 20 41818 0.9860210264843381
0 17 10 3 60319 1.0356406074958162
25 14 4 7 70754 0.9928212833007747
13 28 25 28 49854 1.045957723384746
26 14 0 29 98679 0.9054659864318693
24 23 18 2 82716 0.9307259046591355
6 25 19 18 49396 1.0994385080356015
4 14 17 11 38153 0.9219277204990628
27 11 14 23 54403 0.9546690374281577
21 28 21 3 78240 1.0685984652200236
27 27 12 12 61489 1.055285881641907
9 23 15 10 46429 0.9748787956009417
23 9 28 22 45605 0.9171201627080339
12 3 3 16 64268 1.0506086029792443
24 20 6 3 80107 1.0452260268740945
5 26 2 5 76932 1.0247734334177196
21 16 8 2 65026 1.0860608131852088
12 7 26 14 59521 1.0893414027888442
27 6 15 17 56761 1.086963773287654
7 16 1 23 35833 0.9832524968050433
13 19 27 13 46774 1.0962913188917565
22 1 17 16 74340 1.017280820077578
16 0 9 25 79505 0.95885149795915
11 26 5 11 49977 0.9518663127858651
13 22 8 2 57263 0.9198598418570418
20 14 28 21 38166 0.95521713876147
27 5 9 6 86139 1.0477805132444937
10 21 12 10 44523 0.9296368737667866
26 12 7 24 79063 1.0062382922159736
5 8 20 28 90767 1.0338678167006217
22 7 2 14 69962 0.9927287827757502
11 20 2 2 71210 0.9751581120043953
12 7 1 6 60214 1.0186746644642404
10 14 8 25 38442 0.9889741042570315
1 18 6 7 45786 1.0345119019081137
23 25 8 6 69639 0.9593596628128971
9 10 22 9 59725 1.0345480491810801
1 29 20 15 87684 1.0169366900431116
0 13 25 10 59125 1.0681674639188545
6 0 6 22 63378 1.0734122106804411
9 17 27 6 72370 0.9119778743214852
2 18 12 27 40147 0.9011380879742713
24 7 6 7 79005 0.9457120155664
