3156 4856 3065 2639 4611 3378 3426 5236 3382 2807 5278 3377 3482 3772 4493 4816 2409 5179 5099 5024 3457 5819 3670 2688 2825 5713 3161 3046 2620
7431 7563 5450 6984 6212 3239 3978 6138 3905 5454 6327 4698 5481 6007 3221 3600 6094 4901 5227 5863 6514 5837 3194 4934 4093 4518 5329 4659 4151
4155 2462 3415 2478 2538 3288 4946 3014 2334 4375 3886 5338 4967 3726 2781 5507 3040 2503 3062 4201 3487 3370 5292 3714 3903 5468 4443 2352 2826
5819 4691 3000 3381 3260 4160 1761 2107 3855 4338 2115 4397 4898 2654 3510 2749 2178 4817 2655 3689 2387 3624 2353 3535 3987 3016 4775 3980 3259
5439 5304 4397 3288 4081 3314 4318 3184 4266 2684 3489 3329 4993 2954 5684 5802 5346 4765 6574 4267 4980 3591 4202 4821 4317 5555 3912 4497 6470
3734 4262 3400 5322 4807 3254 6361 6212 4320 3914 3090 4076 3876 3539 5986 6155 4776 6309 4621 5384 3183 4808 5742 6929 7387 7432 7066 7783 5574
4050 3610 3997 3545 1545 2243 1479 3845 2151 2259 2260 3345 3482 3992 3373 2756 1942 4768 2567 2201 4525 3247 2106 2259 3525 1900 2868 2985 1978
6276 5648 6486 4272 3653 3999 2257 3474 2729 4358 2488 4455 2287 2804 1885 4119 3730 2454 1824 1597 1069 1439 1237 4313 4161 3204 2072 1770 2549
5003 6535 5690 4041 5911 3585 5083 6265 5989 3788 3401 3858 5880 5637 4966 3476 4022 5357 3889 6568 4140 6759 4135 3624 5065 2855 2897 4218 3513
5159 2406 2479 3859 4430 3625 3984 2362 4255 2351 3157 3940 3450 5465 4720 5918 4255 6582 6282 6536 4591 6478 3728 5842 5875 6010 4811 3752 4064
7458 5926 7277 5279 4570 6611 7117 5598 5390 5393 4626 6307 7080 6940 4560 5735 6621 5261 5245 6848 4477 5979 6828 5847 7039 4254 4248 5832 6532
4128 4688 3088 4639 5689 3344 3562 4610 3144 5745 5977 3611 3308 5434 4912 5196 5459 4014 3722 5229 2933 3779 3477 4701 4882 3792 2719 5042 2865
5678 4409 3253 5148 5353 4813 5520 3292 3116 4599 3478 4306 5065 4421 6286 3914 5493 4805 5994 4221 4246 3943 5180 5973 5835 5410 7000 5675 4786
1494 3832 2879 1837 1286 3263 3440 1262 4355 4314 2369 4179 4117 3185 3631 2824 4526 2564 1888 2741 2148 4244 4113 2025 1485 4024 2120 5738 5421
5458 8562 7006 6834 6304 7645 7223 7339 5594 6560 6043 6184 4392 6546 6705 6728 4407 6883 6568 4522 6109 6166 6054 4643 5535 7171 5835 4399 6479
3170 6207 3672 6043 4928 5766 5612 4120 6354 5809 5899 6327 5840 3232 5572 3519 6104 3966 4521 3559 3239 2959 3545 5468 4909 3453 5424 4841 2381
5748 5352 4975 5872 5465 6991 5862 7306 5263 4787 5102 4098 6489 5897 6307 4813 4295 4546 5863 6967 5127 3950 5370 4099 3846 6794 4295 6812 5911
5277 5893 5116 5946 5081 7048 6509 7628 5570 5582 6456 7944 7956 7773 7560 6874 4688 6430 6124 6298 6251 4406 4330 6237 6515 6038 5054 6497 6134
3791 4124 3187 3118 4343 4430 3159 4066 3091 6197 6020 3488 4441 4718 5577 4135 4131 5712 3519 3633 5142 6021 4924 3564 3093 3299 2977 5161 4245
5784 3399 1958 2859 4146 3308 1759 4424 3673 3652 3056 2377 2623 1579 2635 4449 2854 3747 3167 2536 2930 3255 2087 4037 2360 1591 2342 1742 2647
3475 3079 3563 4988 7026 6719 5455 5059 5452 6219 5275 7313 7963 5447 7315 5975 5922 4804 5595 6617 7702 8089 7023 5301 8045 6749 7640 8108 6604
8908 7493 6414 6313 5568 6275 8955 7599 7294 8934 6165 8459 8800 5732 5585 6466 4091 6104 6502 6500 3935 3436 4266 5890 4070 6571 5045 5139 6512
4536 3487 5669 3445 5524 4722 5458 5088 6679 8315 6978 6778 6235 8015 7795 7346 6114 6091 7422 8012 7789 6588 5766 6748 6438 6122 7196 8644 5957
2510 4088 3097 4532 4195 4587 6595 4016 5635 4338 6366 4223 6274 4280 4206 4572 7174 4002 3976 5405 5184 5990 5766 4462 5968 5743 5399 4530 5387
5745 2872 6095 6241 5772 5987 5333 4909 7100 4089 4734 6811 5695 4275 4234 5481 4039 6005 5681 6446 6237 6556 5991 5862 3785 6350 4006 6444 5760
2303 1624 2198 4008 4114 1803 1725 2193 4426 3639 4779 2726 1509 4408 3567 3781 2970 2913 5799 4719 4443 4360 3263 2886 5639 4970 6066 3108 4067
4138 6881 5013 6202 6128 4221 4656 5701 5726 5613 4931 2839 3335 5520 4961 4096 5218 4452 5328 5486 4580 4153 5990 3662 4992 4719 4283 5639 5440
4389 2322 2584 2707 4631 4507 2971 5397 5455 2850 4652 2635 2356 2335 3606 3500 4984 4740 5644 4365 4808 4185 2768 5294 4582 3350 3373 4945 4962
5337 6323 5487 4453 6000 3872 6442 5406 5564 5018 5400 4571 4076 4882 6200 4679 4298 4474 5501 5192 6176 5283 5782 3956 6287 3359 5412 5134 3988
3803 3820 4726 1760 3268 3008 2966 5517 6332 4607 7725 6351 7049 6526 7776 4490 6465 4774 7754 7669 7872 5519 5144 7404 7383 7122 6902 5038 5310
6809 1855 4776 8034 3530 5867 4255 7504 7772 6616 7706 3725 2783 4498 5476 4458 6698 2538 6834 6900 3864 4929 4177 5355 1967 7506 3362 8616 5829 2252
5523 4528 5773 8016 3591 5490 1936 7011 5512 7280 7394 4462 3232 4807 4329 5023 6567 2694 5016 7154 3852 4106 4019 4171 3103 7085 4700 8319 6723 4226
6260 2923 5800 3952 3839 4776 2133 5093 6726 7228 5646 4725 2693 6394 3364 2825 7620 4275 6399 7715 5279 3746 3278 6540 4027 6175 5177 7994 4359 5554
7176 2921 3758 2956 3511 6116 4395 6320 5904 5607 5974 4216 3046 6333 5741 2609 6156 3502 3542 6748 3769 4558 4021 5831 2156 7508 4530 6560 4356 3010
5058 1295 4534 4151 4147 5413 3408 4992 4537 5440 7617 6515 5713 4921 3656 4486 6953 2466 4550 5940 2898 4599 2856 4414 2257 8177 5036 8800 6957 2830
7102 4558 3044 5002 4939 4657 2787 6534 7201 7323 5286 6849 4143 4676 4218 3170 6823 3317 4033 5471 5673 6264 3317 4239 2204 6090 3730 8381 6348 3214
5068 2759 4605 5121 5164 4247 2350 4782 5924 8585 5516 6052 3594 4318 2970 2345 7356 1593 5127 6017 4438 6076 4762 5441 3017 7222 3955 8645 4718 2488
5607 4510 2284 4878 2756 4200 2640 6144 7776 7016 7158 5014 5888 5254 5021 3535 4932 2880 4441 8321 4233 6304 3543 4582 4532 6671 5891 7599 4574 4450
5901 2038 2164 5160 5071 5065 3344 6527 6913 8669 5125 3732 2873 6512 5611 4720 4648 2280 5411 7353 5178 7089 4317 3473 3011 7870 3310 3010 6882 5137
7668 1302 4738 3065 5580 4954 3844 6588 7660 8542 5052 4940 4473 4683 5580 2087 6375 2714 6853 6853 3387 5131 1594 3430 2794 7881 6117 3184 6802 2696
5239 3327 2924 4242 5293 4565 4620 7613 6859 8312 4599 6781 3413 5554 2922 2132 7765 1642 4856 7106 6382 4456 2275 4408 5086 5369 3178 1874 6666 4698
6948 1595 2155 3127 6843 5399 2881 6948 5242 7497 4344 5205 5917 6211 5503 2556 6957 2997 4982 6521 3132 5289 3339 4669 4743 7212 3468 3949 4734 2636
6051 4470 3471 2472 5639 6319 3732 6261 4812 3419 4934 6933 5081 5405 5387 1912 6021 2309 5784 6026 5091 5319 2505 3537 3660 5138 4886 3478 6758 3581
6302 1514 4551 4914 8434 3707 6908 6479 5953 5527 6146 5195 3540 4047 3540 4754 6515 3644 6716 6322 3903 4440 4625 5992 5134 6111 3545 1593 7087 2689
5394 2236 2690 2925 5984 5962 5766 7286 6922 4879 4803 4145 4476 4693 3211 4303 6894 2405 6040 6049 4043 4486 1713 6298 3309 6434 5557 4008 6484 3391
6545 4146 4428 2703 6280 6068 6030 6907 6449 3311 5809 6573 4820 6369 2939 3149 7698 3279 4932 4926 6339 4146 4411 4438 4367 6147 3954 1731 4799 2261
4378 2899 4308 4432 8111 3707 7516 8612 7073 5437 7463 3687 2594 5309 5478 3567 7138 3355 3708 6631 5495 4882 4466 4732 4827 8078 3652 3688 7176 3994
4903 1539 3153 5660 5089 6548 4844 8456 7057 2811 4169 6326 3180 6984 3370 3034 6121 4058 5402 5756 4773 5627 2573 6026 3575 6690 5764 1400 4032 5639
7662 4227 2147 5157 6356 3771 7043 5492 7749 5754 4124 5044 4968 4103 4481 4395 5077 3395 5883 4870 5921 4684 3312 6118 4513 7674 4046 2981 5576 5128
5169 3261 1592 3138 7012 6575 4741 8208 6853 3071 5083 4874 4295 7027 5880 4097 5228 1546 5721 5865 3031 6659 3667 5428 4173 6903 5948 3152 4828 6519
7242 3629 2433 4870 7546 6477 6798 5694 7673 4929 6604 5841 4931 4673 5311 3799 5289 1547 6416 5637 4141 5705 3810 3626 2714 5450 4036 4511 4383 5896
6035 2767 1684 5041 6522 4062 6526 5950 6733 4213 6139 6607 3951 6348 4009 4119 6580 4507 4441 5216 5776 5432 2989 5698 4126 5320 4816 3791 6754 3860
4531 2521 3444 3508 6116 3242 5578 5678 7581 5661 4595 4032 5120 5241 6506 2645 4813 2732 6420 5866 6126 6958 4209 6166 3832 6792 6043 3494 6487 5376
3086 3973 4520 3299 5951 6104 7594 8823 5058 4431 6270 6723 5675 4157 5288 3934 5119 1554 5952 5200 4051 5721 4739 5173 2101 5812 4671 1792 6885 5176
3533 4078 2787 3440 7364 5544 4630 7810 3866 3319 4727 4984 3440 4710 5267 2910 4819 4402 3026 5075 3256 5700 4442 3612 4969 6625 3667 3730 2949 4332
2842 4584 2100 2956 8470 3853 6248 7548 3069 3717 6494 6505 3218 5601 4565 4144 4528 7045 4863 4949 3545 4193 2312 5515 4408 5172 5917 3063 4534 7049
2654 4530 1846 3643 8260 5453 6930 6506 3825 5593 4740 4697 5180 5237 5962 2853 5023 5856 2878 5469 5262 3978 2708 4624 3376 5272 5415 3129 4834 6762
2494 2729 3103 3249 5698 3458 4641 6746 3706 2967 5463 5626 3086 7145 6546 4575 4471 5249 6075 4288 4844 5423 5063 7253 6140 3907 4872 3543 2790 7029
3784 2211 3226 5388 7051 3752 5478 7719 3246 4519 6049 7597 6942 6497 4283 4890 6846 6777 5134 3549 4050 6473 4363 7341 4435 4908 6375 3130 3235 4141
6 24 16 17 41100 1.0838478622317445
0 13 25 15 92439 0.9014474277572146
24 29 7 9 110194 0.9007525014055244
27 29 29 15 70762 0.9477480630021694
3 15 23 29 95794 1.0382201233952866
18 1 13 11 41171 0.9217139863544582
1 23 27 3 137130 1.0645829566475538
9 5 12 15 44084 1.0460735359316486
20 23 21 14 42385 0.9499640838514111
14 13 9 5 46553 1.050311983119489
5 3 20 21 98809 0.9786727358831795
19 4 24 24 79240 0.9128022812971417
25 18 16 8 61691 0.969302361118991
18 0 23 17 65746 0.9996316062835031
19 9 15 25 67175 1.0476437407704853
14 11 6 13 43624 1.0803963800287875
17 12 11 20 49129 0.929705468182772
18 18 14 5 67625 1.0647751758242539
13 28 10 1 92734 1.0650509389184335
22 7 27 14 45795 1.0277997105408636
26 0 11 16 94144 1.0088284340959484
1 20 15 24 60571 1.0843179258854188
29 22 4 26 99733 1.0416879076705587
13 6 4 15 57253 1.0751105062003783
6 21 1 15 36121 0.9008061598159939
8 7 26 26 121413 0.9836283928252401
6 18 19 2 86671 0.9376572396965537
29 14 7 10 96999 1.0954572678021453
17 20 5 1 92908 0.9973261113967724
23 17 25 9 33335 1.012370476080056
12 0 11 15 55962 0.9455485582222931
21 16 13 23 45018 0.9834834072443853
16 22 15 3 76761 0.9329517204398718
12 18 7 5 55903 0.9808695389531157
20 1 14 11 53854 0.9985642805200662
29 2 1 1 81566 1.0668193365969327
18 12 11 22 56322 0.9762199130024715
4 3 16 27 95694 0.903888757839454
29 17 18 7 76380 1.0749161457971448
18 1 22 24 84395 1.0576651926852865
28 23 0 26 110389 1.010496611103547
5 18 15 24 47243 0.9263335785839514
0 8 20 10 96498 1.040063243285049
0 6 22 9 91314 0.939972257528175
0 27 11 1 104258 1.0259763107472484
10 4 10 24 77350 1.038663841763852
1 23 11 17 43346 0.924184553969632
10 21 23 9 84040 1.067941884290738
27 8 7 11 98579 0.9597762918976517
2 11 16 14 61766 1.027521375679864
7 5 17 18 70989 0.9464505611679819
2 23 19 10 85839 0.9800421068991778
13 20 29 9 83285 1.0645112199762303
3 21 10 14 44766 0.9530497089765639
15 11 24 22 70602 1.0556168068130112
25 19 29 1 67766 1.0052379381508212
27 25 18 13 71660 0.9154031550184323
13 25 3 4 82441 1.0141970553897173
3 18 9 3 65222 1.0541077433240025
3 0 4 14 53877 0.9901585327132021
18 6 17 18 53178 1.0818726414610444
18 24 29 18 64423 1.079225452638594
19 17 22 2 51061 1.0212219027041098
1 24 23 29 87676 1.0111797953683286
2 9 28 1 100235 1.0527663634704518
5 19 17 18 46803 1.0927761881689462
21 25 17 10 60582 1.053742569504883
27 26 21 8 95545 1.0559736433272044
23 11 4 13 85184 0.9229235293493646
11 29 21 24 42499 0.9044168061617586
25 0 19 10 46166 0.9126188457197285
22 2 9 18 87441 0.9817197179931715
3 25 25 10 102540 0.9584591751619164
27 17 24 7 48042 1.0101935003694338
12 15 18 26 52011 0.9750048294201084
14 3 10 28 91987 1.05850069757012
12 29 12 12 64655 1.091144796006312
16 2 3 24 97525 0.9330631934127998
13 26 24 25 44545 1.0681358258719684
27 15 22 29 77498 0.9419408153208724
11 17 2 13 34653 0.9052685100347185
15 20 26 7 82996 0.9565321042853016
16 28 5 25 50372 0.9791497194880131
23 15 14 16 39218 0.957086938490655
4 15 7 27 37317 0.9392028043587357
24 29 27 10 84876 1.0911186499248315
5 13 10 3 46671 1.0870058748282911
1 5 19 19 92247 1.0480928443788737
27 11 15 12 53728 1.0595453104369827
7 29 23 21 75319 1.0772820454013434
18 11 9 25 79124 1.0797988009628317
5 29 29 28 85571 1.0798330124485374
3 8 0 20 52451 1.0974388061316078
15 24 26 9 86425 1.0146758110938248
14 15 18 5 51305 1.0297138292894341
27 4 0 10 111223 1.0024464963751976
17 15 6 4 62412 1.0814642069613154
16 12 24 4 63493 0.9424226976436578
18 27 21 2 80410 1.084007516088207
12 28 28 29 62939 0.9522933547168707
11 1 24 28 121258 0.9971588130029942
28 25 4 26 89697 0.9362851557079079
5 7 7 28 62672 0.9339003902488832
15 4 0 1 57627 1.0560771096967074
0 26 15 3 108451 1.0511218685429315
28 24 9 17 86310 1.046531656600877
26 22 22 5 76962 0.9704263037644364
16 11 22 20 51378 1.0706604758352092
25 22 1 19 96809 0.9192939640368806
2 27 3 2 88046 1.077658602467669
11 12 28 9 81562 0.9781681828145744
23 23 5 3 112309 1.0095405114094091
4 29 29 14 115650 0.9119957030306747
28 0 11 21 112214 0.9437143995867912
8 2 20 10 64731 0.9991495960737179
18 1 29 11 70939 0.9640132127615356
9 9 18 3 52698 1.09467700133703
24 3 18 11 49428 1.0071200151360986
16 8 5 23 82247 0.91219646148927
9 2 29 5 68194 1.0065257583258251
6 5 20 24 92073 1.0098920381911733
16 16 27 13 50251 0.9859191464846435
7 9 8 27 54769 1.094195124878952
13 23 19 15 45137 0.9507757024871613
19 13 8 19 52841 0.945163421558777
12 14 11 23 38454 0.9217836042948959
9 3 3 27 87829 1.0012809381971128
0 14 13 27 70939 1.003803859776485
16 16 29 14 58745 0.9005728943385986
28 0 6 29 138864 0.9076325834592036
13 29 15 12 64810 1.0572321181353272
9 8 16 21 65788 0.9529082504043977
10 27 8 1 89523 0.9244034400484117
19 2 28 19 82226 1.0046461079109765
26 13 16 14 51044 0.9417948605819834
16 0 29 24 123763 1.035906175326836
8 2 11 19 67948 0.9654133278278416
15 11 1 27 91261 0.9896971247488127
23 8 19 26 72444 0.9771775350517321
15 18 29 20 63898 0.9431938159754576
24 15 18 4 55794 1.0030593875376892
11 18 2 6 58730 1.0729332140858054
8 24 22 28 59420 0.9170133657871434
17 8 8 26 94437 0.9112834632330511
28 15 6 13 82067 0.9112300835676878
3 26 22 3 121971 1.0557422533315568
1 7 8 16 51557 1.0321845453637206
17 2 27 25 106692 0.9704501972157124
2 16 5 23 35539 1.058681729051138
5 0 23 5 67875 0.9947391217271818
23 6 7 23 101302 0.9697960305852006
8 0 23 10 80679 0.9222125902301089
0 14 25 8 114137 1.0342083497723427
12 7 7 23 63414 0.9929382986849223
5 11 27 20 97266 0.9689549422190797
12 13 1 25 67370 1.035492662073022
4 5 22 22 99508 0.9488799295070423
2 20 13 14 50722 0.9695318595833293
10 19 17 2 80898 0.9100641704467435
2 20 7 25 29818 0.9671610478553713
14 14 10 8 40340 0.9596649806159849
0 14 16 5 86614 1.0493828735914914
22 7 10 24 100034 0.912048462019262
22 9 5 8 84925 0.9628319226576423
7 28 13 1 91100 0.9007475199602089
24 10 6 15 83303 1.0342714981881822
7 22 26 23 70831 1.0857299303130128
18 3 2 23 111352 1.072242248799111
13 29 22 20 54652 1.0101170654743905
11 2 29 29 137747 1.0338484145627693
27 3 16 28 111275 1.0921332966569597
2 29 12 18 62103 0.9981989311094388
24 0 20 23 85815 0.9644038243191836
14 22 3 29 53046 0.9006957674039833
6 28 16 11 78267 0.9855238999334851
23 25 2 11 108891 0.9817663884197481
19 18 11 21 42232 1.0244097604429472
24 0 19 26 88375 1.076516140149799
0 20 10 26 55003 0.989516311315296
9 23 13 17 27026 0.9682038155891356
5 26 11 0 90128 0.9975034785626922
7 21 1 12 39736 0.934533591661356
5 4 25 28 119906 0.9569131223483717
12 25 24 15 67888 1.0471204139727788
25 12 19 3 50029 1.0726770349059556
9 13 11 24 52569 0.9671872602661193
13 18 5 15 26847 1.0970223077807664
27 21 7 10 98485 1.0093109534937643
13 24 0 16 54888 0.9733775150664086
2 25 19 14 76393 0.9961946243017441
8 4 25 15 98793 0.978312801579171
25 7 6 17 86837 0.9541751756174903
4 18 15 15 42635 0.9799708105492615
9 15 0 22 49911 0.9729592377293911
19 27 23 6 84776 1.0195227974534375
23 27 10 19 69007 0.943803077315256
18 9 27 5 50831 1.0135773560067454
14 2 19 19 68992 0.9069612760216779
17 4 4 14 81270 0.9117492626501388
1 2 20 23 117263 0.9983632738029133
24 12 10 5 81991 1.0254540378075803
22 16 11 22 53279 0.9756278513066674
28 7 11 29 119778 0.9182732157305168
15 12 10 2 45125 1.0355791350600358
17 13 22 2 50631 0.9047970445050351
12 22 14 13 34303 1.0366371705546105
14 1 27 24 113901 1.0882055193599205
18 11 11 19 53423 1.0015831036962848
8 28 10 12 57773 0.9449899079471082
6 15 29 5 110698 0.9285985464479924
27 22 1 21 93259 1.0389857776060092
3 7 9 22 59922 1.0356492479493822
17 6 6 27 104340 1.0449305827631008
24 6 10 13 91121 1.078508550922554
23 14 0 13 90257 0.9309481764182874
7 0 25 24 130973 1.0843442979346192
3 25 12 18 44872 1.0765773718841314
11 10 2 13 49665 0.9477327261175084
0 4 21 2 69804 1.0281640870932813
14 21 21 26 42266 1.0776332377549054
10 5 17 17 65407 0.9778615853894286
6 28 10 15 45413 1.0150495878131958
5 18 17 26 61017 1.0309847182889305
15 0 17 23 89227 0.9848360229627576
21 13 25 5 43256 1.0319704699951318
9 28 14 10 74566 1.0439272102104313
13 23 16 5 74900 1.035399238803338
13 27 17 14 53501 1.0041723991468434
23 19 8 4 97453 0.9042201436798206
5 1 12 27 91773 0.9297366622638656
13 15 29 27 83438 1.044081189938653
14 28 22 6 97405 1.0731582454561444
13 28 23 0 108770 0.9195149106326399
5 21 7 10 39354 0.9386151217351498
8 25 20 4 105396 0.9441921709770726
1 27 15 10 95239 0.9401164662106583
28 6 28 16 44869 0.9915599828974556
18 19 2 26 76541 1.0430793772692837
10 7 16 13 53856 0.9113407948662858
21 20 27 2 82380 1.0675081803136695
10 16 0 29 64524 1.0514551400135284
27 22 29 10 59322 0.9025708397643617
29 8 1 1 101178 1.0706330989818191
23 27 19 19 36086 0.9707074567939731
16 26 18 13 54792 0.9434501686302412
23 1 29 23 99302 1.04988000247214
3 29 0 3 94358 1.0763477387140483
27 2 3 25 128270 1.0514052139223908
8 13 7 3 38928 1.02259451194488
3 22 17 4 103669 0.93694359117
28 18 8 3 115106 0.9184646850489778
23 25 13 28 47229 0.957140085454065
3 23 28 7 123057 0.9363951623063057
5 29 10 17 41265 0.927112885948003
19 16 7 6 71330 1.0721801581975199
21 26 23 15 56108 1.0188429388032136
9 2 0 1 29793 1.0333642880638343
26 23 18 4 91327 1.0050216618864396
13 9 12 24 52528 1.0116459735049375
23 1 23 22 87379 1.074021056043264
7 17 26 22 73224 0.9388954163299691
21 10 6 14 68956 0.9080910481150064
26 21 4 15 86749 0.9426455405123385
21 18 9 20 54518 0.9110555174270357
1 11 26 8 120546 1.0553055726035963
3 16 1 6 36453 1.029987793495383
23 21 20 9 55195 1.0765679794747858
9 27 22 14 79182 1.032973776824796
14 5 9 0 28347 0.9653115622974704
20 26 3 2 117674 1.0415824472261745
6 13 24 8 93480 0.9397953195271239
3 9 18 3 68744 1.0396333027900502
12 29 29 15 94236 0.9100370126692335
22 16 0 25 84161 1.0679815130993857
12 9 18 21 65486 1.078719576191123
0 27 24 2 138346 1.0002815120662023
0 21 11 6 82181 1.0216475499944815
5 2 4 15 48216 1.097948883753509
29 21 22 4 95307 0.964594390062611
27 28 16 18 70244 0.9148132381078093
3 1 9 8 37532 0.9550215828025066
22 8 14 12 48015 1.0068075910668701
5 5 13 0 37391 1.063397100794615
8 16 21 5 82223 1.0579738084240333
14 18 2 15 42732 1.0640088378343435
25 16 7 15 62065 0.9338927285711782
24 1 19 14 51104 0.9383916128619854
1 24 10 5 79846 1.0987314422740395
7 18 16 26 48205 1.0725919330648006
27 27 6 23 77985 1.055528786237505
24 4 10 5 65352 1.08655319167732
24 4 12 24 108649 0.9509572468588392
12 17 4 9 47500 0.9934492426359872
0 29 9 3 102513 0.9221756438694565
9 18 14 7 57485 1.0728302227972548
9 20 18 14 54704 1.045595570350212
2 0 11 16 73509 1.0307566963027817
0 20 15 13 68421 0.9549613012617703
16 16 8 8 59250 1.0236838704885292
5 2 28 14 110026 1.0619818434744839
9 15 28 7 92761 0.9286445631631601
16 7 6 3 54856 0.9837773031108366
4 1 18 22 96152 1.0760353475126496
12 9 14 28 65908 0.9015889090521694
14 0 10 19 75725 0.9188676216649909
1 1 17 5 64457 1.0828218464097887
4 19 17 18 51119 0.9543696253399966
13 20 3 25 43136 1.0779232136112589
6 7 16 13 60590 1.0295809310811048
28 17 9 1 104852 0.9059971548787552
10 4 2 27 93909 0.9800287198591325
19 25 17 5 70827 0.9338798321944938
15 3 10 19 69881 0.9740807425264455
26 11 20 7 47325 0.9206684408563051
3 13 5 5 34528 0.9765244976184534
28 9 4 23 109915 0.9871367889235998
17 28 13 5 86334 0.908843660246011
12 10 7 21 50710 1.0069976808257823
11 10 4 24 61745 0.9044395519735933
20 29 15 13 68398 1.081592630960363
24 25 28 5 87427 1.061648090799533
26 18 13 17 44200 1.0937665275078459
8 5 21 10 74121 0.9705032603079211
22 6 5 29 119495 0.919208331379499
24 16 6 1 98300 0.980829116691643
26 16 29 29 66781 0.9836617432768845
28 16 18 19 45064 0.9667746412794729
4 0 12 22 81298 1.0393878162014645
6 7 15 4 42750 1.0018724267257044
0 23 20 25 78302 0.999583431746607
5 29 25 1 131785 1.064313327469423
28 23 1 25 103977 1.0656607236344353
23 1 28 15 61031 0.9049362415801805
3 24 18 4 103028 1.004444222892158
23 5 21 28 95750 0.9626154156442608
23 5 14 11 65484 0.9056216381101919
4 29 28 8 128180 1.0228662174660075
7 7 17 5 46025 1.0376298985424517
4 16 28 18 80697 1.0386006162514112
5 15 16 26 60120 0.9403294660183978
22 10 15 26 80525 0.9899646006354288
21 13 17 28 62147 0.9077346534206003
19 10 9 16 50077 1.0114326546441719
11 21 18 3 83571 0.973676577863235
17 26 3 7 97990 1.0166851940459147
10 14 22 25 75596 0.910944416926636
12 9 1 25 82176 1.025744605716931
1 28 27 11 125191 1.0595666168079279
11 13 23 29 89782 0.9159667320750391
18 21 0 5 102513 1.0786936925167179
10 28 6 7 71667 0.9728132296757623
22 26 5 2 118782 0.9705639508241918
11 29 12 15 51948 0.9690513761306854
0 1 8 14 61203 0.9730768223507938
15 25 28 28 53074 0.9047488125650045
3 19 28 9 104733 1.0529914928040438
9 1 29 4 62520 1.0145112896714725
15 1 23 6 40419 0.9968974558731312
24 20 7 25 77694 0.9833582178143394
22 28 0 21 94662 0.9881674132457915
24 16 0 23 86235 1.076369990453843
22 12 0 25 97764 0.9207409857614409
1 28 19 15 91526 0.9007518809096579
27 13 3 26 101505 1.0645732982212317
14 14 24 11 52924 1.0960906123204583
13 20 7 5 60600 0.9210760617743655
25 17 12 29 71023 0.9708389987097887
16 5 25 19 75415 0.9070990090831809
11 21 21 26 50782 0.9504763255292369
24 5 10 7 75411 0.9330567412936993
5 23 26 27 79095 1.0976296294068473
19 13 9 4 69252 1.033393519034839
17 22 3 17 52049 0.9808635710491385
7 1 17 26 104487 0.9507126303492628
13 6 3 20 74729 1.0050255573932747
23 23 13 8 88626 1.0598647110655308
7 14 18 8 65678 1.0060719725877052
3 8 8 26 67318 0.9924124512084439
10 13 22 3 80151 0.9721354467165226
2 1 15 6 55920 0.9875897954778512
2 11 20 25 97341 0.9947126461886131
24 8 15 26 94918 0.9609948984846481
13 10 3 8 51240 0.9239129871379428
1 18 15 5 88306 1.0219516047332384
3 24 14 16 46440 0.9549362414620295
29 0 8 5 78575 0.9998932229810014
7 6 13 28 80047 0.9050214013219005
3 24 14 2 90407 1.0474040540279244
9 9 20 0 61391 0.9943552519994867
1 15 9 12 36195 1.0598527412879155
5 19 26 28 89471 0.9016295356999003
26 7 7 2 74009 1.0474335169931948
24 23 24 9 59807 0.93461432143492
20 3 9 16 77036 0.9770895069589116
6 24 22 5 105411 1.0621887247415254
2 25 24 6 123096 1.0386658958306654
1 8 27 0 101295 0.9549382189529227
11 7 22 11 68136 1.049479616065598
4 3 9 12 43856 0.9152083970936676
27 18 24 27 48291 1.0026242051826242
4 23 28 9 109915 1.0369240946988063
0 5 19 19 96641 0.9786392074521403
20 7 8 9 72227 0.93595146838314
17 25 12 18 46567 1.0901769751324655
11 1 18 5 33171 0.9307977992813132
9 15 28 28 93187 0.9993453913933698
26 29 11 10 110414 0.9352367312315112
5 11 15 28 75522 0.9775515335992454
9 9 24 28 105057 1.0820544978417064
6 16 8 1 51151 1.0430898446814776
15 19 29 18 60725 0.9853260920342857
20 12 12 24 61954 1.0107046933771144
19 10 21 27 55288 0.9687538219191939
27 3 23 25 93668 1.0972142927903366
16 17 7 15 31999 0.9389525981605624
3 17 28 23 96831 1.084865874805429
25 2 19 16 58958 1.075014332342238
25 4 9 23 105090 0.9764509064277759
7 22 28 6 110275 0.9198583951513787
5 29 6 17 34984 0.9494261806922388
6 2 2 26 79554 0.9944019660159302
10 29 1 15 63625 1.031391306166212
10 26 10 7 81163 0.9467321402181967
10 17 26 19 56476 1.0538269658913046
27 28 29 11 80089 0.9020909450330333
19 8 26 13 46723 1.0646911009750661
29 8 12 13 86081 1.0447628621003644
0 2 28 14 127766 0.912737434291483
27 13 16 11 53006 1.0668893382429232
0 24 22 2 118683 1.056612230043627
23 23 19 6 69157 0.9774713322583766
22 7 2 3 86707 1.05940956795936
9 22 1 6 63379 1.0548757179212838
27 21 13 23 58274 0.9746623337902433
24 2 20 15 55819 0.9964334409505359
7 2 8 13 42409 0.997137495101143
8 1 28 15 99196 0.9175238479299309
17 3 3 2 50748 1.0454927358486579
13 11 2 11 56351 0.958868274137581
8 11 15 26 70737 0.9820565855953931
27 15 3 16 78050 1.084488878561939
23 10 27 22 61991 1.0023437752980346
8 15 26 17 62909 0.9218025680890943
15 10 23 12 44048 0.9495411141381729
9 19 27 10 88282 1.0278714669649849
12 15 29 8 83826 1.0287443445351627
27 29 19 23 46899 0.9597301471340314
21 25 0 22 82184 0.910845597309656
8 2 10 26 85620 1.0446673550491905
21 0 2 24 123292 1.071279372991388
10 17 17 24 43780 1.0103529926509573
28 10 1 6 117765 0.951128803928761
10 10 20 20 70624 0.9108105953613065
26 4 5 5 82318 1.0878969353421335
8 10 19 5 66180 1.0411400190411193
25 5 26 23 68062 0.9519627686798446
13 16 24 15 44620 0.9728210040607531
14 13 17 4 55157 0.94529537768497
13 15 2 11 48445 0.9467490566326877
8 20 15 4 80992 0.9429980757595049
20 23 6 29 60483 0.9279957267247427
16 22 6 7 67703 0.9498019643854855
10 27 20 1 102777 0.9375384806648047
22 10 19 26 63109 0.9505278789864091
8 6 17 9 46632 0.9018985993293237
15 13 11 24 48571 1.0613614563373128
12 13 0 22 67393 0.9493829479106659
0 19 25 5 119435 0.9246790444721836
3 5 16 11 69814 1.0419419925050537
19 11 5 10 68085 0.9637740468042295
15 6 17 21 78171 1.0592453098791261
10 17 5 12 29155 1.014622592187719
6 7 7 26 52296 0.9668575852315955
0 22 19 2 115123 0.9070507615066155
4 24 29 11 109956 1.043944975640452
17 19 27 29 68333 1.089341819103444
8 19 24 24 74169 1.002741831379094
14 19 21 13 51840 1.0235653479679496
14 19 17 11 49678 1.0122977395957409
12 25 3 7 82396 1.0237425598099572
22 17 7 6 77144 1.017437051617945
12 22 4 18 34707 0.9283108259846775
5 23 11 17 28816 1.023872230224249
21 27 3 29 61442 0.9122784693219775
2 16 21 3 104553 0.9431426354798473
18 3 26 26 103489 1.0403184325067292
6 0 8 21 64715 0.9518190221644247
4 20 19 20 60375 1.0113428288342499
26 5 9 7 80236 1.0961345885747473
2 10 26 3 100767 0.9474043924057036
26 18 23 10 42513 0.999997905202324
16 11 29 23 87092 0.9309425452786613
3 1 4 12 40111 0.9769741363920281
13 13 26 10 66095 1.0883958325559946
12 16 21 14 42509 0.9594408845041767
6 16 9 26 32591 0.9797804572761448
19 10 18 27 50606 0.9560923074807625
22 5 1 23 122291 0.9957335827563987
15 22 4 2 83679 0.9578850026470421
7 14 13 26 47337 1.0502186987159767
24 17 16 23 42468 1.0869679919509434
16 25 7 20 42347 1.033878193314845
28 11 10 21 88931 0.9168514452937909
28 17 10 1 103550 1.0456099807468169
28 1 12 1 48532 0.9703850645864829
13 11 17 26 64402 0.9456702084083306
6 16 8 5 37517 0.9794112331362834
17 1 5 0 39088 0.9050254454982642
10 9 26 17 86869 1.0852746616540994
21 19 24 2 74724 1.030056955031186
16 13 20 27 59117 0.9972371275938443
6 4 10 27 71102 0.9489124783506484
24 23 29 14 57292 0.9572316138359327
12 7 3 25 81348 1.0744228089855028
15 15 29 15 52111 1.0498589903376951
8 28 14 14 59057 0.9839575075291505
15 22 15 4 75985 1.0385116235937728
24 12 8 28 98776 1.0606751973548685
17 28 2 7 105747 0.9134254954363262
9 8 0 5 36972 1.0131398189808714
26 1 16 14 71411 0.9976632812453213
25 23 11 20 60775 1.0030923549789406
22 3 11 9 59820 1.00812587076455
8 11 12 2 44051 0.9712869144664993
29 18 0 21 109201 0.9657915774088552
21 6 3 5 84760 1.0083926433663752
9 0 9 13 45457 0.9212984466230276
26 29 11 6 121120 0.9935969083054986
6 11 17 17 47988 0.9816388233882672
20 3 22 11 47337 1.032760585662614
16 2 19 23 72682 0.9964099278078543
12 8 9 17 45342 0.9840297670736546
10 7 11 17 50817 0.9693109822388073
17 15 3 20 58852 1.0435204569242238
13 11 15 24 50628 0.9013030082924415
13 11 5 9 48297 0.9466655538621067
3 4 14 23 84923 0.9271059459137866
21 11 4 9 87267 0.9271186385043887
7 20 6 0 57342 0.9260372228127349
19 8 1 27 106493 1.0832540704671618
12 25 0 18 64281 0.9537590348233179
17 18 24 22 41926 0.9339552947901657
19 27 12 14 58301 0.9756752544902371
3 21 26 6 117631 1.0398635745197973
26 25 15 18 66479 1.07835582176331
4 6 29 23 129174 1.0705697627846327
1 5 18 8 75422 0.9987837852079309
13 24 22 27 34484 0.9879611101347654
12 23 23 3 98973 0.9920434005383214
0 5 18 5 74958 0.9831919488104999
24 6 14 12 67721 1.036142646777009
14 21 6 14 38267 1.05196525362691
19 19 26 1 74934 1.0208124237976317
11 8 4 13 50600 1.0031861800753923
9 8 5 16 41110 1.015302722716034
13 28 27 16 78000 0.9548524140608136
26 6 17 11 58294 0.9993964071423191
3 5 7 11 32406 0.9740192355025641
28 12 7 22 84760 1.0345963217199592
5 19 22 9 84795 0.9271105748396078
25 21 18 14 48581 1.0809882381101243
8 7 24 11 91408 0.9845437619617124
4 29 13 13 65209 0.9999250927894716
11 26 16 10 73905 1.066828757172114
6 23 20 4 97566 0.9407149516090675
15 1 9 28 98638 0.975415451198452
6 19 4 11 34556 0.9127374856414401
5 23 28 18 87275 1.0937772576932705
24 8 0 17 107135 1.0176658708933035
10 27 20 1 102777 1.021087513906763
8 7 3 27 73818 1.0655089781550524
16 8 23 22 72800 0.9220532573917647
21 27 7 10 84555 0.9069448798034524
5 6 20 9 66045 1.088804311643912
6 1 3 22 70756 0.9758588374048487
22 11 10 16 62073 0.9178631632327168
26 22 0 12 108799 0.9881141207645657
22 26 23 4 101450 1.0997280866802142
6 27 20 20 64749 1.0071577644521816
22 8 4 4 90256 0.9117409362429864
11 1 17 20 83290 0.9689016079566127
1 11 7 21 44434 1.0254369739620213
14 23 16 3 78820 0.996168402233656
26 1 4 28 142528 0.9026795858794477
12 15 28 16 61586 1.0146894970220757
20 3 28 14 67724 1.040712780231668
23 20 11 13 66015 0.9751304572719225
8 20 16 0 89533 1.0583202048336358
8 19 25 15 64363 0.9764726997101555
2 22 19 21 60162 1.0729400311103303
0 18 10 17 33438 0.9372929846038043
27 19 4 9 102531 1.0576409113640781
15 19 20 25 39906 1.0294447809636917
23 19 9 2 95367 0.9225862050901494
3 9 7 18 40171 1.0405981243260214
28 28 16 19 72792 1.0149587812840755
21 19 5 11 76014 0.9372177622221716
29 17 14 12 74422 0.9018908402221658
20 1 3 9 71618 1.0647643470486416
24 28 26 3 99719 1.0319021049703578
26 10 18 28 78881 0.9181061489538733
5 14 16 2 71242 0.9588838462601683
27 22 25 3 72902 1.065584045589776
4 13 16 12 56394 0.9615642126581454
7 20 26 24 73628 1.0950797421634588
24 16 10 24 68754 1.017255733886718
16 16 12 24 37006 1.0495296032871906
16 9 4 7 56698 1.0014137701035675
2 6 29 8 110831 0.9015798338748621
19 14 7 18 47350 0.9231224563274008
1 18 27 13 93607 0.9304528212527635
11 10 10 28 76594 1.0664596174828496
22 1 14 23 92712 0.9738407371461457
23 15 12 8 62472 1.0301330752778626
7 4 21 4 62149 0.9471263189016885
19 7 5 16 75833 0.9970706191163728
13 11 21 7 53678 1.0605448077051087
3 0 22 8 88814 0.9607053452152189
6 5 22 1 57458 0.9592226281569842
22 6 20 25 82168 0.9500929229818146
4 26 21 0 126839 1.0534091099017644
9 2 28 7 75805 0.9302356773126289
22 9 13 17 55574 0.9930846615238421
15 18 25 8 66146 0.9949767769050316
3 0 17 25 116866 0.9914648882609917
26 3 4 4 76255 0.9444377592029398
25 7 1 14 110854 0.9539781931281877
5 12 22 16 69953 0.985230181486503
23 28 8 0 129222 0.9792261550531207
7 26 26 7 113119 0.9555508657100964
8 22 25 27 63668 0.9118058178998224
26 6 24 23 71080 0.9610050993213142
26 28 4 20 90370 1.0422931186067563
8 26 4 9 60733 0.9445819152156294
9 4 12 19 68254 1.0608141057643956
7 16 3 2 52146 1.0724355889806747
16 16 0 3 88179 1.0439547087108807
1 4 22 1 69862 1.0093261932200859
16 1 3 10 64030 0.9853478887975676
19 21 9 17 42178 0.9682370522229149
28 16 23 27 63000 1.0799548982172487
6 23 27 6 112312 0.9376958411229623
2 17 18 23 63821 1.031229777887059
7 14 16 26 60393 1.0785013844953277
19 29 25 21 43106 1.0497951651214377
23 26 6 13 89127 1.0377053187350727
10 21 17 18 40278 0.9936418604895876
4 13 22 6 99670 1.0831358670384288
10 9 19 11 51773 0.9087513459748676
1 3 25 9 100915 0.9100400381199804
3 1 17 25 111047 0.910645939151087
19 17 20 26 31658 1.0372854051549802
3 11 18 22 75008 1.001534361834936
8 1 18 12 63311 1.0271709154924984
1 7 20 4 80482 1.035578095414352
11 18 16 7 64751 0.9951585283219566
16 11 8 18 52516 1.0804879763987758
10 24 27 24 68913 1.0209306170474146
14 12 21 2 55275 0.9495796558442537
2 5 8 19 59272 1.0908618752795516
5 7 25 0 79364 1.086748146294624
27 13 19 22 51612 0.9130028454684254
28 21 8 12 99863 0.9504000671843239
23 5 10 3 54974 1.0631744219242945
22 4 4 1 59282 0.9556156384959059
21 0 6 27 120941 0.9257389519532936
23 23 10 24 58521 1.0994500569359769
20 26 8 9 94300 0.9545978876156006
26 26 7 24 74061 1.0270452737144704
21 8 21 26 74213 1.09727515923463
8 3 20 23 102797 0.9676005308266811
22 17 21 7 50101 1.0251621168949367
15 11 11 22 51231 0.9583279091459113
17 23 26 8 77012 1.054323476141299
0 18 25 29 108333 1.0555401627388172
17 21 20 13 41235 1.0655401837602518
22 0 11 20 94636 1.0266766898268005
5 15 2 3 47167 1.033778469659512
1 22 12 1 92126 0.9265976691077378
11 28 17 15 61824 1.0441571601993986
26 25 1 13 114439 0.9932997195378411
21 26 19 10 55267 1.037365552738919
1 18 18 10 81327 1.030719136644753
29 12 27 3 45833 1.0647113674089868
5 3 15 0 35517 1.0981371452466022
7 18 29 11 90999 1.0644933714279836
0 29 18 25 69106 1.0101800590145205
12 22 20 1 86249 1.0645521896123449
2 5 29 12 126211 1.0770384996687323
15 5 1 17 83481 1.0748227420367629
28 13 22 1 57842 1.042980721649897
29 0 2 2 83802 1.0770361986667576
19 24 11 5 88968 1.0384429198884184
22 16 2 1 106924 0.9570291892849915
25 4 0 1 79352 1.009166196317021
10 25 14 11 65515 0.9509421553266906
24 20 23 6 64634 1.0988547992091187
23 12 29 20 54907 0.9002882330686756
0 7 22 26 126748 1.0881447913350994
8 16 1 10 47433 0.9111643980403108
23 26 1 14 101211 1.0250241213901101
15 26 23 7 93876 0.9678783777095001
15 13 27 27 84152 0.92458261615943
24 9 12 25 92012 1.0765631241186602
22 11 16 19 55056 0.9448391022404965
26 7 26 23 71111 1.0246858901376865
23 23 6 20 66060 0.9279848348163945
8 11 12 22 47745 0.9013912883834387
17 5 1 14 89604 0.9113020407859613
9 17 23 22 59022 0.962890369278428
17 24 26 20 47197 1.0251835584709992
3 4 26 9 98334 1.0228135642391125
28 24 9 28 73770 1.0497071515440757
0 0 17 1 52032 1.0679072443958426
5 29 21 26 60265 1.0491746934369193
2 26 4 11 57604 0.9921089190135806
28 8 26 23 66583 1.0095796866743818
16 26 24 2 98197 1.025287016041161
11 20 24 27 58464 1.06334162537112
23 6 9 10 82029 1.05221273669901
1 22 21 12 88960 1.0088550499917066
0 3 9 4 39187 1.0989822952349426
24 4 11 21 103615 0.9676630631707044
0 18 15 2 94772 1.0783291124788739
23 29 20 13 71461 1.090222950031039
4 16 28 14 87868 1.0179949802794859
9 4 0 10 50154 0.9407060052793645
27 13 14 19 64600 1.005282362555361
7 25 8 13 35886 0.9277695654275477
26 14 4 15 79781 1.0218635772078382
21 13 3 21 82589 0.9200613019435396
8 26 6 17 27339 1.0606757343567788
5 18 23 5 102097 0.9744668114665938
2 6 29 13 126860 0.9100588305014948
17 8 11 1 49214 0.9090347777528097
13 17 5 10 42851 0.9052011711462375
18 28 25 24 35526 0.9303147699768538
27 16 8 12 80398 1.0431809881902847
16 16 25 23 56888 1.0287538126011113
28 1 18 2 27604 1.0102725616544037
29 12 12 27 95292 0.9936850181009789
5 9 2 0 39098 0.9528010040123119
20 1 2 25 116478 0.9748015850790561
19 16 26 10 46365 0.9008394303821872
3 15 16 0 83399 1.0779961657147723
15 27 6 14 54988 1.0698492309363146
28 10 2 26 121788 1.0513352961677365
29 23 3 25 101290 1.0218048639481265
25 0 24 20 68460 0.9835300596259956
5 29 21 11 95581 0.9251509983144718
11 18 0 29 63559 1.0663986912613526
8 21 1 8 64253 1.059438472331826
8 11 1 25 59084 0.9620064987657846
28 2 24 11 39658 0.974795554174349
15 8 28 20 88687 0.9725769204773551
26 4 4 15 111819 0.9693311166782832
9 5 6 19 50178 1.012351676825036
23 29 8 5 120800 1.0311960601695542
12 4 1 8 54620 0.9952319612570693
24 6 23 21 64876 1.0474082444713477
27 6 27 19 51125 1.0705595797049903
20 5 12 3 40913 1.073969750723599
9 21 3 25 33509 1.092425265186783
3 2 9 11 46561 0.9263846034089507
16 8 9 27 87962 0.9613639305856594
13 16 20 7 55530 1.0534286423429597
24 3 20 11 49258 1.0163850578102933
14 3 7 22 72707 0.9500328327987371
21 11 14 16 44487 1.0010065809846753
22 12 5 26 88380 0.9968681391285845
7 22 2 1 66635 0.938520902799029
5 18 23 7 96102 0.9746043127682913
9 6 26 16 93643 1.0873275856471003
5 29 9 6 73961 1.0657227274491048
4 28 7 13 52088 0.9129623980986711
8 15 16 22 43774 0.9515751018999613
14 23 1 7 87175 0.9040948147377547
16 17 24 3 71709 0.9835437101936677
27 2 8 15 95064 1.064119235841977
10 11 17 7 53939 0.9724807451084463
27 26 20 3 104619 1.0429866012690505
14 7 8 11 40998 0.9203072680121919
9 14 22 13 58871 1.0446645124359701
4 28 13 20 55132 1.0043103673030886
9 3 1 16 68147 1.0036086815238259
20 23 1 23 71635 1.035867041630229
4 3 0 13 44520 0.9457011347299006
3 27 23 26 81365 0.9002117223484124
20 25 0 7 117260 1.0475550966315443
17 10 21 20 44488 1.0636014475369842
12 19 21 23 47156 1.0532064980566163
11 24 28 19 81644 1.010250072751682
25 5 2 23 120080 0.9380598155677434
3 14 26 21 92117 1.025809550845446
14 6 29 28 125495 0.9146335407158472
6 12 17 13 52039 1.097557899909526
9 4 6 27 73868 0.9360287679234363
26 13 16 25 75135 1.064564766271996
28 6 18 12 64006 0.919767884342109
3 29 1 2 96264 1.0824876187589476
5 11 9 17 30517 1.0381041709507228
20 8 24 2 38980 0.9965664126806197
17 28 23 7 89680 0.9510164063886075
10 16 28 7 96112 1.0332726441116122
9 6 29 4 78840 1.0069063280379351
23 18 21 4 69343 1.0564346052676086
2 12 18 12 65444 0.9813669794505453
14 8 27 25 107051 1.0730965155146532
19 0 27 25 110575 0.941238735941259
8 21 24 4 113336 0.9283709874198516
26 20 27 29 40715 1.0605010304575717
6 23 17 24 46739 0.9007455251395912
20 14 15 20 41951 0.9696682479721265
0 7 29 5 110590 0.9141063833569828
29 7 7 4 88333 1.015964321856991
27 14 11 3 89433 0.9567951913370148
29 16 8 17 72204 1.0408827745362568
3 2 13 16 67793 1.0243921589674536
27 8 6 6 91483 1.009411904423461
16 28 5 8 88221 1.0982325130921475
9 7 0 0 47632 1.079352216951808
24 8 6 12 92469 0.9779347368062118
24 27 27 15 60413 1.0171304112559105
13 10 24 8 60600 0.9811594214324741
14 26 4 24 40358 0.9308478512513727
10 0 8 10 43636 0.9873309572941856
12 6 25 0 54661 1.0162108273490367
12 21 24 19 58306 1.0948935303828204
18 1 23 15 58980 1.019813835667988
8 0 26 12 87629 1.0006284544271293
5 15 6 2 40686 1.085453439529567
21 7 23 28 90031 0.9243754596430556
22 17 14 23 45764 1.0949144530585635
27 4 18 5 38431 0.9467062347207453
13 24 18 2 86320 0.9619188857995806
3 22 14 28 52160 1.0101201702992664
25 12 3 4 105761 0.9717632049122262
4 16 17 23 57731 1.0598479162422803
16 4 14 21 74783 0.9211915513913568
9 22 20 18 48422 1.094428592354028
4 13 25 19 80450 1.0622352317665436
15 4 1 4 61892 0.9622977936966193
28 27 1 9 134600 0.9760368894584391
3 26 29 26 97172 1.0982580543759126
12 13 15 1 46288 0.9574733317544557
15 18 16 3 65145 0.9325731088191404
26 6 11 18 87715 0.9629153563317484
11 15 27 19 64540 1.0851973849087158
15 7 6 26 85724 1.069570979138514
20 19 10 24 54794 0.9655219465612624
10 17 14 5 52120 1.040167355911734
5 8 20 0 69305 0.911138523871672
27 14 11 18 63098 1.0175345251734476
9 18 21 1 90032 0.9160350375584831
11 5 4 13 48421 1.070389222955132
3 6 11 24 71357 1.0399390014891094
2 6 14 21 73803 1.093702077137357
12 4 4 7 40358 1.0387236835016669
22 16 24 26 55867 1.013492821919038
19 19 2 16 60065 0.9973483067883617
12 18 15 27 36173 1.0482489143001894
28 11 20 7 55502 1.0640115888197075
12 4 0 8 57421 0.929530568016291
10 20 21 24 52667 0.941276614413994
27 29 16 9 101848 0.933113038874294
5 22 27 26 84855 1.0451781173500443
7 4 24 23 113890 1.0467152636896204
20 15 28 4 66946 0.9782696105535715
4 5 12 9 41116 0.9369878114139396
7 27 16 23 46881 0.9297767720281362
15 1 12 22 71139 1.0061811043899915
14 19 22 4 87650 0.9451194696718384
13 27 27 5 106573 0.9879334906133963
17 10 8 16 54893 1.0281511944870532
17 5 29 9 65903 1.01929612434486
14 24 5 14 51110 0.9010265145781411
28 6 1 26 141200 0.9269475957613004
17 10 1 1 82069 1.0027965247360415
3 23 16 25 53651 1.0042043058324974
22 7 14 5 50975 1.0142359069868538
28 2 2 24 131413 0.9556203240754181
18 19 24 8 63576 0.943959978251697
2 1 13 10 57119 1.0911391543130584
13 24 10 6 69158 1.0514774012828387
8 1 1 15 66508 0.9141058276326377
24 9 16 17 56338 0.9643976183999937
6 9 19 6 67220 0.9624996487622534
26 16 29 3 53679 1.0271429080220074
16 29 20 4 94749 0.9933351711141758
17 28 21 18 47320 1.0512350700309319
8 2 20 18 85571 0.9949470150033798
20 29 8 5 106843 0.9486616342784531
17 2 9 16 70699 1.0379325896293603
17 17 2 20 52424 1.0115672921857501
17 13 2 8 83567 1.0957529852403767
23 29 16 14 76184 1.0114728271030098
18 27 12 19 41102 1.0183764416292918
11 22 24 20 56254 0.9005551301934561
2 6 10 22 63037 1.0019068334939627
18 23 28 2 92701 1.0171811891593292
11 29 7 10 66386 1.0448441445042473
9 28 11 20 35093 1.070089721263973
8 1 7 26 75984 1.0231196116229266
14 21 29 5 104188 0.9410568911222544
16 19 1 12 67076 1.07406982388336
23 24 26 2 85399 1.080626689926393
8 28 24 2 122191 1.0443577338628296
24 20 20 3 74298 1.0046345645603107
7 11 21 15 59471 1.0515836078906697
5 10 22 12 78885 1.080477447669096
15 29 16 6 96729 0.9685435100122671
22 23 4 26 76459 1.0327590292859175
5 11 0 29 75386 1.0498893638343245
4 0 12 14 72595 0.9446253798182209
2 4 25 7 88966 1.033793355214111
22 3 4 0 61276 1.053252137358889
27 1 13 23 105914 1.0923100536295944
28 29 18 23 52755 1.0932079941118982
11 20 23 21 54321 0.9576579655189
4 9 9 26 64043 1.0394422054428745
14 4 1 24 96704 0.9721606915473249
1 28 19 22 79555 1.0308896503960616
13 1 13 17 51299 1.0333640335318819
29 21 22 28 57043 1.043531264546974
28 3 24 29 112061 0.9439876110744906
14 8 4 12 59261 0.9171576874317929
24 29 12 17 74006 1.0629709441768385
5 19 28 25 97603 1.0677526753234028
7 27 4 14 40908 0.9809346083458224
8 5 29 7 90001 1.052892514228126
6 29 22 13 94700 0.9497625478988933
15 8 9 14 51962 1.04168627412493
11 3 19 1 28871 1.00690572015116
4 27 3 10 61006 0.9290664389478585
19 16 28 0 70875 1.0676997345772234
26 12 20 19 44594 0.9103963082578639
23 10 5 1 87503 0.9949668996882163
22 5 16 17 64311 0.9099899397206336
25 10 11 27 90908 0.9831456264786841
6 7 27 16 94765 1.0964778543067912
19 17 26 27 51585 0.9427533513697506
4 12 12 5 49687 1.0566050263288294
18 14 17 5 41251 0.9049104255207889
18 28 15 2 94758 1.0435428920629115
29 12 7 24 97252 1.0774375260260385
14 12 17 20 48796 0.9156341985967883
10 5 18 18 75177 0.9583341207467061
4 22 20 19 64194 1.071291100044111
20 5 3 23 103614 1.0354912982994553
18 24 0 27 75468 1.0173840143979673
15 29 27 2 110832 1.0841218309070988
10 15 25 4 85609 0.988199628933221
9 1 19 3 31257 1.0359110694262486
15 25 7 27 37572 1.0433666369432202
13 26 21 17 48461 1.040704758503549
16 1 22 13 61333 1.0618900573491799
27 20 12 22 61474 1.0114855537320606
20 15 14 7 55092 1.0552328483046036
8 16 4 9 36939 1.0965971773226666
3 19 6 0 66619 1.0616216583165667
28 9 29 24 72039 0.9301906868387029
25 8 2 20 107970 0.9822262006629732
8 0 25 20 111411 1.0731143219040884
22 6 9 11 79608 1.0173278725804904
27 23 15 6 102934 1.0680284417535608
1 9 5 22 62442 0.9212262959729381
16 3 0 7 62679 1.0178789076373855
10 2 25 12 77898 1.0541306620885726
10 7 3 26 76809 0.9482306456876266
18 19 11 12 51444 0.9633547287369115
26 1 16 12 64622 1.0583437964218017
4 20 19 12 67982 1.0006999449646465
13 8 3 5 42863 0.9274588158257165
5 17 26 29 93586 1.013656313671402
24 10 17 20 64899 1.0066928611201296
2 13 27 26 110296 0.9617368988681485
2 12 10 6 43112 1.003957902482697
9 20 26 2 109233 0.9141352603871187
13 7 3 27 84929 0.9531635076630054
26 28 15 29 45134 0.9455151618315641
1 19 22 2 113891 0.9039768575388064
28 14 18 25 69553 1.0247604970993656
9 11 3 17 36005 0.9102943207633073
4 12 15 13 50982 1.0625616898325747
10 11 24 28 101129 1.0604596320377713
13 13 9 6 39113 0.9887944719352466
28 13 10 19 80712 0.954270055855489
5 13 11 3 50913 0.9431186434166248
28 8 11 21 95486 1.0996991600709143
10 22 3 26 31641 1.086212664292924
13 24 29 17 81074 0.979944075218577
20 12 0 15 76192 0.9996317464890597
5 11 15 19 54715 0.9937873200175117
23 26 3 23 79563 1.093601220037818
9 17 22 5 83301 1.0601942265908166
20 3 9 25 105411 0.9500544934717176
10 16 2 24 42089 0.9298561681155681
29 2 4 18 119186 0.9115826585965231
26 4 3 21 123167 1.0968150831947934
26 24 19 2 93434 0.9661905390312335
