6759 7125 6873 7688 6565 7532 7397 7345 6739 6837 6909 6899 7417 7662 7499 7323 7306 6643 6512 7431 7194 6752 6568 6663 6803 7682 6820 7285 7688
6183 5789 5714 5766 6567 5652 6056 6292 5754 5768 5875 6549 6634 6228 5804 5535 6668 6175 6031 5467 6573 6055 6524 5946 6233 6501 6568 5983 5796
8068 8596 8852 7687 7714 8215 8682 8731 7797 8818 7795 8695 7800 8916 7677 8477 8753 8747 8921 8706 7969 7853 8155 7770 8555 7856 8273 8363 8344
4408 5399 4520 5076 4743 4367 5512 4658 4684 5354 5365 5308 4883 5451 5528 4826 5013 4924 4681 4680 5517 5080 4659 5195 4454 4913 4422 5453 5333
4942 4828 4065 4623 3842 3971 3921 4323 4969 4253 4804 4879 4551 3971 3761 4888 4478 4563 4958 3903 4115 4023 4428 4590 4473 4968 3796 3812 3978
7429 6997 6711 6339 6692 6764 6693 6724 7157 6519 6884 6871 7464 7287 6643 6909 7500 7119 7064 7326 6433 7557 7311 6801 7428 7500 6329 7328 7263
2624 2495 1930 2753 2700 2587 2473 2927 2583 2939 2849 1989 3103 1965 2291 2248 2985 2697 2683 3100 2240 2845 2289 2057 2354 2874 2916 1958 2871
3076 2522 3230 3421 3326 2993 3390 2921 3458 2604 3315 2853 2739 3583 2813 2659 3281 3293 3243 3567 3088 3019 2718 3484 2706 2976 3450 3229 2572
3707 4301 4121 4049 3735 3800 4340 4264 3828 3748 3967 3882 3872 4524 4808 4328 3868 4538 4518 4072 4766 4824 4150 4285 4344 4222 4601 4574 3876
7248 7367 6820 7250 7239 7210 6426 7380 7072 6776 7456 7143 6339 6659 6770 7224 6437 6541 7238 6271 6864 6423 6364 6562 7175 7376 6310 6314 6893
5643 4792 4620 4433 4650 5153 5659 4596 4988 4445 5676 5004 4798 5162 4788 4806 4975 4699 5099 5252 4517 5427 5507 5534 4591 4881 4530 4686 4751
7122 6756 6724 6544 6138 6993 6144 6079 6308 6367 6419 7308 6892 6489 6166 7192 6396 6166 6424 6746 6560 6271 7305 6491 6440 7048 7221 6840 6698
7486 6638 6618 7405 6644 6801 6504 6639 6753 7363 6400 6906 7237 7232 6579 7444 6655 6583 7075 6944 6694 7596 7396 7265 6470 7162 7467 6359 6686
1655 2397 2699 2347 2442 2225 1971 2151 2232 1711 1838 2713 2303 2750 2593 1718 1867 1665 2036 2411 2719 2404 1651 2605 1843 2800 2501 2423 2680
2324 2531 2438 2649 2660 2873 2986 2682 3200 2744 2821 3256 2912 2889 2157 2299 2791 3195 2550 2221 2415 3095 2202 3079 3196 2083 2166 2353 2841
3755 3961 3756 3203 3746 3516 3741 3734 3705 3534 3300 3801 3157 4032 3325 3440 4038 3528 4181 3646 3326 3989 3400 3867 3253 4336 4098 3377 4149
6619 7191 7041 6796 7629 6966 6712 7062 7670 6560 7502 6692 6705 6520 6883 7318 7170 6605 7607 7408 6782 6898 6558 7172 6506 6525 7585 6917 7598
8206 7536 7899 8429 7615 7711 7667 7721 8249 8724 7586 7559 7532 8523 8142 8176 8314 8038 8444 8137 7872 8227 8374 8576 8217 8007 8725 8721 8705
8328 8252 7391 8009 7400 7901 8131 7652 7385 7548 7566 7387 7248 7928 8262 7538 8091 8032 7722 7348 7477 7524 7718 7542 7785 7480 8271 7879 7865
3272 3494 3068 3123 3011 3777 2991 3263 2605 3629 3318 3157 2682 3148 2661 2909 2786 3001 3777 3615 3200 2613 3158 3608 3741 2995 3223 3437 3603
2874 2569 3529 3499 3191 3089 2984 2671 2951 3481 3314 3439 3455 3071 3181 3095 3328 2904 2379 3252 2654 2989 2754 3173 3490 2390 2752 2923 3393
1938 1900 2103 1459 1825 2376 1525 1795 1508 2092 2272 2377 2183 1673 2343 1378 1950 1954 1911 1738 1661 2573 1800 1670 1556 1375 1830 1557 1553
5262 5482 5075 4927 4788 4687 5508 5508 4353 5284 5035 4387 5234 4965 4771 5210 4552 5302 5280 5296 5206 5206 4901 4782 4502 5061 4473 4594 5283
2886 2552 2541 2816 2414 2772 2030 2209 2724 2040 1817 2372 1957 2699 2311 2890 2340 2231 2352 2763 1747 1958 2399 2036 2190 2308 2248 2124 2753
7330 7156 7619 7484 7609 7829 7340 7321 7203 6968 7457 6816 7054 6866 7532 7139 7152 7133 7850 7316 6887 7474 7486 7991 7633 6805 7096 7350 7541
1524 2222 2188 1864 1289 1233 1979 2283 1323 1360 1166 1918 1523 1354 2201 1773 1291 1766 2320 1815 1611 1482 1258 2240 1792 2338 2154 1177 2237
6661 5979 5654 6497 6698 5679 5569 6288 6502 6077 5518 5663 5509 5893 6548 5851 5729 6184 6195 6529 6461 6311 5684 6502 5626 6024 6573 5645 5902
7776 7771 7916 8783 8437 8609 8407 8456 8862 7713 7671 7853 8293 8418 8734 7780 8676 8800 7686 8815 8712 8398 8499 8702 7770 7959 8447 8392 8845
3158 3672 3970 3679 3569 3065 3926 3848 4173 4066 3789 3602 3454 4219 4106 3288 3987 3490 3943 3689 3166 3186 3966 3129 3022 3935 3344 4172 3091
7812 7714 7586 7285 6907 7078 7918 7164 6850 7491 7842 7688 6949 7062 8045 7714 7454 7987 7354 7405 7485 8075 6994 7862 7858 7669 7091 7538 6831
3034 1749 8046 5774 7518 7607 3218 7685 4696 3665 1471 6210 6115 4575 1503 5660 6356 5044 5544 7206 6856 6180 2447 6503 4106 6172 2571 7332 4180 3353
3460 1126 7378 5812 7486 6828 2940 7954 4761 3945 2155 6255 6218 4644 2327 5785 6231 5992 6278 6990 7141 6130 2079 5764 3617 5195 2494 7616 3915 3208
3623 1152 8220 6423 7546 7537 2756 7257 4430 3600 2367 5827 6122 4755 1310 6490 6307 5243 5726 6664 7613 6563 2380 6864 2949 6318 1824 7453 4849 3167
3167 1700 7988 6197 6636 6787 3463 6872 4928 3702 2486 6515 6283 3832 1456 6287 7194 5578 6335 7184 7823 6029 2902 5720 3534 5420 2376 8280 3913 3427
3372 1569 8031 6199 6944 7632 2717 7849 4308 4668 2401 5711 5985 4736 2012 6411 6477 5893 6375 7359 7007 5860 2893 6900 2891 5347 2569 7839 4596 3277
3674 1996 8268 6509 7316 7358 3355 7095 4153 3715 1745 5875 6007 4501 2297 6329 6765 5392 6028 6255 6889 5695 2615 6123 3053 6258 1834 7266 5077 2856
3825 2119 7220 6285 7217 7006 2949 6968 4048 4413 2168 6587 5996 4358 1740 5540 6364 5217 6699 6943 7518 6462 3035 5903 3703 5597 1766 8251 4243 3113
3601 1149 7795 5759 6817 7787 3137 7185 4979 4338 2235 5574 5917 4665 2044 5902 6525 5044 5666 7306 7089 6445 2910 6069 3082 6146 2536 7070 4282 2708
2905 1772 7496 6617 7163 7378 3514 8025 5115 3725 2348 6572 5867 4189 1747 6374 6287 5918 5815 6505 7514 6288 2105 6516 3058 6102 1489 7379 4551 2574
2909 1774 8174 6088 6975 7072 3160 6850 5129 3693 2489 5712 6906 4329 1669 5753 6705 5063 5677 7252 7039 5952 1815 6567 3909 5917 1399 7833 4543 3317
2984 1118 7333 6597 7741 7426 2421 8006 4268 4465 1410 6324 6072 3840 1791 5622 7256 6121 6469 7016 7390 5996 1921 6279 3161 5642 1990 7462 3969 3350
3554 2057 7473 6548 6796 7410 3572 6908 4827 4657 1389 5821 6292 3983 1340 5529 6620 5220 6101 6945 7128 6152 2966 6323 3109 5241 1946 7203 4628 3301
2888 1569 8029 5832 7133 6697 3525 7920 4004 4209 1684 6560 6861 4451 1591 6254 7089 5058 6298 6243 7385 5998 1963 6706 3397 5324 2099 7883 5034 2693
3685 2195 7197 5586 7526 6985 3078 7704 4586 3727 2505 5625 6640 4275 1564 6346 6369 5712 6206 6765 7540 6174 2423 5814 3757 5420 1862 7652 4932 2665
2978 2133 8254 5502 7047 6585 2993 7026 4491 4548 2103 6192 6092 4732 2389 5824 6500 6067 5638 7369 6909 6202 3020 6338 3333 5522 1516 8050 4146 2726
2967 1618 7911 5954 7117 7136 3078 8019 4310 4576 1376 6342 6221 3887 1205 5954 6628 5440 6272 7035 7838 6300 2194 6068 3038 5252 1701 7684 4575 3273
3082 2176 8099 5807 6974 7570 3447 7127 4303 3710 1426 6386 6598 4439 2064 6203 6226 5945 6521 6435 7488 5859 2919 6332 3945 6190 2429 7840 4423 3269
2734 1919 7678 5495 7590 6919 3435 7284 4489 3838 1483 6040 6694 3970 1160 6467 6372 6084 5861 7112 7285 6144 2436 6687 3359 6009 1743 7367 4101 3014
3584 1194 8245 6318 7599 7560 2973 7218 4164 4180 2173 6386 6085 4447 1446 5539 7249 5160 5862 6784 7792 6816 2597 6381 3146 6225 2151 7369 4386 3452
3280 1392 8103 5556 6776 7717 3158 7858 4413 4247 2279 5476 6404 3889 1490 6387 6128 5007 6165 6963 6698 5861 1819 6396 3704 5833 1697 8304 4170 3450
3162 2216 7447 6456 7053 6891 2915 7678 4029 4406 2028 5726 5999 4014 1834 6717 7220 5749 6227 6516 7506 6101 1964 6894 3793 6155 2616 7662 4036 2596
3012 2314 7568 5915 7442 7122 2965 6916 5129 4379 1335 6708 6848 3958 1682 5821 6080 4913 6210 6959 6931 6750 2913 6761 3618 5864 1862 7284 4184 2869
3869 1558 8099 6055 7615 7694 3218 7676 4685 4070 2449 6492 6894 4382 1345 5995 6151 5752 6584 6473 7092 5739 2446 6011 3653 5629 2148 7283 4202 3215
3182 1262 8208 6395 7198 6801 2925 7568 5046 3774 2459 6638 5772 4344 2236 5550 6297 5262 5774 6776 7615 6546 1897 5723 3305 5237 1763 8308 4079 3165
3873 1476 7848 6694 7164 6931 2502 7287 4909 4164 1328 5795 6353 4065 1741 5902 6364 5227 5622 6261 7377 6354 3019 5981 3318 5216 1535 7180 4852 2889
3803 2003 8127 6545 6968 7809 2795 6917 4352 3761 1484 6602 5702 3871 2273 6161 6388 5434 6252 6406 7282 6919 2846 6046 3472 5426 1986 7290 4504 3062
3026 1694 7139 5498 6995 6871 2916 7873 4723 4237 2396 6253 6493 4676 1694 6118 7079 5398 6418 7346 7509 5958 2811 5916 3412 5870 1470 7607 4286 2800
3181 1410 7785 5708 6842 7650 2554 7776 4745 3734 1387 6205 6139 4285 2237 5684 6363 5444 5738 6852 7878 5817 1835 6128 3149 6106 2357 8271 4827 2607
3000 1567 7945 6245 7334 7309 2382 7474 4576 4572 1950 6143 6246 3731 1629 6260 6847 5932 6680 6533 6835 6380 1996 6832 3998 5197 1553 7846 4060 3098
10 2 27 18 72392 1.0938989119144051
25 10 5 10 38412 1.0456682940539048
28 25 13 20 46793 1.0611035668735123
5 16 0 27 53377 1.060919379102937
3 25 11 20 42895 0.9097460528768874
7 23 19 17 48193 1.0006522464554795
11 29 25 16 54534 1.0080194794202895
28 0 15 29 82819 1.0741549745827574
13 21 11 1 48414 0.9936206803050712
23 12 11 8 36120 0.9006360797693057
19 2 20 24 54961 1.0697702749142988
29 0 0 19 110653 1.0164550215060004
28 17 16 2 61985 1.0887397414024886
24 17 15 16 31794 0.9575332519276674
7 27 26 25 45696 1.0267357788184663
8 12 8 28 55570 0.9355084551423463
10 4 6 29 81799 0.9802781439509793
28 25 25 0 54038 0.9050986181616323
0 27 16 10 75613 0.9990665112075243
4 25 27 14 71191 1.0999186975748174
0 14 22 3 62979 1.0963618883762232
1 13 25 9 55029 1.0471618786256414
20 28 11 9 61528 1.075927045151839
2 1 23 5 47013 0.9660769364079571
3 22 11 2 77480 0.958700465977866
12 3 15 20 54201 1.0461766077927983
28 20 12 9 62928 0.9833802811316557
27 22 12 6 60411 0.95087865071777
7 5 3 28 73357 1.0213927999848167
29 15 21 3 41990 1.0124445421030004
17 2 15 21 70831 0.9877828760029546
18 24 10 8 62312 0.9750220417730429
14 14 3 22 42985 1.0182170744226604
6 4 15 5 37152 1.026713315779387
10 10 14 27 44427 1.0836316355041529
10 27 16 9 59025 1.0912005793692399
2 17 17 11 62897 0.9334664840520144
7 3 17 25 85099 1.0321226498178737
16 29 4 4 88168 0.9081740690759156
21 16 10 24 45082 0.9950596668975018
13 8 7 24 50842 1.0829899040348925
2 26 12 14 49597 0.9883759462589693
13 5 0 27 79919 0.9875212206199769
13 10 23 2 38380 0.9276413023589024
29 5 15 0 47401 0.999623218317373
22 9 7 18 50356 1.000164332240705
26 1 25 22 37964 0.9699338265417337
27 25 24 17 30807 1.055923906828402
7 6 19 10 34994 1.04746267853919
6 24 21 22 40433 1.0124917065792847
24 0 15 16 50067 0.9903539787122007
20 5 13 26 59053 0.9918052205892093
22 0 4 17 72548 1.0956353035258182
17 3 20 29 72667 1.029942092056227
18 1 4 22 78339 1.0065249611663667
26 1 11 24 72036 1.0937998653936114
27 26 23 7 42064 0.9520775200702363
18 8 25 21 41014 0.9208200668996475
5 18 10 8 44828 1.0805960611555614
1 18 17 26 67302 0.9058492995642
6 14 25 17 37343 1.0934409724424692
6 23 21 23 40176 1.043822761172025
19 26 7 14 47896 0.9976816666366062
6 7 18 13 46587 0.9314663320895655
12 16 9 5 48957 0.9839763516689831
20 11 21 0 23863 1.0563025920585378
26 23 1 8 86223 0.9742969096316886
8 20 22 25 50622 1.0373381684737064
14 25 7 21 27599 0.9864410388909558
1 8 26 0 78382 1.0369476894100795
5 8 16 9 35942 1.05676172715545
10 4 28 22 78042 0.9634067491558904
25 25 29 15 35427 1.0864540319354326
4 5 23 5 61519 0.9112607979820848
3 9 9 24 57170 0.9975625201114344
15 17 29 22 50753 0.9283747320907736
11 0 26 0 34877 1.0776182312981362
18 23 28 9 51128 1.0345305709318373
18 10 26 28 49734 0.9345928532844986
29 19 17 21 51384 1.0824418670261657
16 26 28 28 31273 0.9281327266576828
18 3 5 7 57706 1.0509972565113754
22 8 29 29 58219 1.023764182349004
8 15 18 17 36290 1.0572802200687226
4 5 28 4 70362 0.9497380323468958
27 24 17 25 34536 0.9375382231224983
6 29 28 6 86769 1.057681191743276
20 11 21 26 33708 0.9877820956021915
16 16 16 0 57589 1.0069452308083418
8 20 0 27 45597 0.9331843727409025
7 23 13 13 36561 0.9638615201452134
0 0 25 8 62120 1.0592125183275776
13 2 4 8 40281 0.9800815829254657
21 29 23 16 30091 1.047141605428146
2 25 8 17 48422 1.0488385945622793
27 10 8 10 36144 0.9241712979104496
20 24 13 11 43689 1.0617924153007654
2 8 18 10 43716 1.072612284509743
29 22 15 23 37092 0.9897314605076937
10 14 21 25 38408 1.0828386143097923
0 8 12 15 53017 0.9082227832819583
25 16 21 4 28627 1.0893618313979634
21 27 28 8 50210 1.0354801114050343
18 1 7 22 70913 0.974143995781253
7 8 19 25 67930 0.9229032720883193
1 22 9 17 42613 1.0037214178380067
26 27 14 18 49498 1.0401383840592653
15 20 3 10 52146 0.9372435906928686
13 10 17 2 35833 1.0423417118126292
12 20 5 10 43248 1.0713030419825098
16 23 5 16 54225 0.9306353917808015
13 27 12 15 32474 0.9425020848408585
19 0 15 15 44492 1.0612223693090959
24 11 10 0 54052 1.0554206582107464
0 4 16 0 53000 1.069001674371987
11 6 27 28 78075 0.9879889854693529
16 28 16 3 81573 0.9852010704985857
27 8 11 13 47295 1.0727294990327414
24 7 29 27 54558 0.9481458116323723
3 13 12 8 40689 0.943809016965912
0 17 6 10 42359 0.9533755147942083
6 14 23 7 43919 1.0906730605652868
16 2 2 29 102925 1.0829194988804858
20 25 1 2 91082 0.9720757018599758
27 17 3 16 64294 1.0394808750233886
24 26 17 16 48570 1.0504144765606376
8 23 7 4 61280 0.9501910104766252
15 29 26 16 55548 1.0759229207574108
22 16 28 21 35136 0.9131004124871731
12 22 8 11 39792 0.9137783287667939
24 9 1 21 82773 0.9540920094143338
20 19 3 9 60019 0.9074794376725498
4 21 15 13 49706 1.0206797372668306
28 5 9 8 60264 0.9488648764681646
10 20 24 26 47181 1.0313088751925463
5 5 16 28 84109 0.9097154333934008
21 14 5 17 37990 0.969333613235783
15 26 24 19 37341 0.9607022298219079
20 29 2 6 87638 0.9022166160785792
8 21 12 3 63522 1.077679278021526
15 23 27 8 57560 1.099064470778284
5 13 17 22 46357 1.0241701691240557
6 22 11 0 69436 0.9611330178394831
20 13 17 22 29229 1.0320508695241946
18 28 4 25 45044 0.9530575928584193
2 19 24 20 83117 0.9329133858215264
14 22 17 6 50101 0.9308488777889106
22 1 10 23 70324 1.0919388911962968
13 14 18 2 48072 1.015976433873223
8 29 23 16 62840 0.9877109707699869
25 5 6 4 47752 1.0704710203088075
5 11 14 17 33665 0.9845735379929124
3 24 24 21 63774 1.0219520188230273
11 2 5 23 77482 1.0749158766498699
5 24 26 1 84271 1.0760645178592363
2 1 3 20 75127 0.9226840715294637
12 28 27 17 60435 0.9290868735985701
13 24 24 23 36625 0.9666821220176461
21 14 1 3 70535 0.9724722682551271
1 19 21 20 71285 1.0704108115194941
29 1 7 28 91142 1.0057395951289554
22 3 29 24 63815 0.9725405618093218
22 17 8 7 54500 1.0937503793494432
11 6 20 14 36084 0.9549775289690732
3 9 21 20 58240 1.0475886447237568
15 29 28 12 66729 1.0271076008115505
2 4 2 16 69445 0.9578020726057938
23 16 26 1 32883 0.9961445429610861
13 29 11 12 50228 0.9970269249737173
3 1 27 28 93986 1.0043258069254786
10 11 10 26 52033 1.020406546511495
27 6 26 21 38313 1.0351059296481016
17 20 7 15 52007 0.9047107638730845
27 3 28 16 42933 0.9464651444167825
26 4 28 27 53440 1.0440712401746732
8 16 20 9 43704 0.9074296615439673
4 19 15 21 43696 1.0894206346208508
26 16 29 7 41151 1.0203955844238224
11 8 7 18 44606 0.9952968554458825
28 5 6 18 66535 0.9939980157256327
28 14 23 22 25379 1.0692855173546427
18 26 7 6 69095 0.983817830525581
15 11 5 17 39781 1.026520343824432
1 8 28 22 86411 0.907846952512711
20 12 0 12 55750 0.9095300131083142
26 21 12 26 41151 1.012589890733019
1 8 28 22 86411 0.9465556798364331
3 29 21 4 87780 0.9061007956814267
12 5 13 23 45655 1.0794228497857448
22 13 28 6 29525 1.060137287871703
20 3 3 3 45467 1.0442179455886624
2 12 24 13 57365 0.95606959368343
4 10 25 26 68017 0.9668009003307101
21 17 15 5 43171 0.9360625612229793
2 17 22 20 69654 1.0861873444910193
12 24 22 6 56608 1.0900135753769438
12 19 3 24 44316 0.9161773275550893
11 6 24 10 36778 0.997546980877311
0 16 4 6 52627 1.0280642653684682
19 20 7 24 41284 1.0591585013698366
22 12 20 2 32125 0.9110992466065225
6 6 24 9 49616 1.0330837527500196
4 17 29 4 84653 1.0583175158141662
2 24 4 8 61136 1.0013676574469745
0 16 28 27 88849 0.9168453126430358
9 0 1 12 56845 1.0233522144991538
14 27 5 0 77975 1.0244355642034528
6 26 25 0 81079 0.9619357521900224
10 19 0 10 54098 0.9365977738485045
0 10 18 8 47812 1.0865582771818154
11 7 6 17 46450 1.097016784211332
21 4 11 6 36375 0.9374094381951515
26 1 15 11 39261 1.0788491906613837
17 7 10 17 57076 1.084466849835688
3 10 11 16 38887 0.9982736432334619
24 12 8 23 58940 1.0719494653282755
9 17 22 7 58322 1.0902311069811967
21 27 29 0 63710 1.0199368392131871
12 6 4 4 32638 0.9988115682076962
0 23 18 18 73255 1.0935792466569896
19 9 2 26 72439 1.0725564606912674
6 3 28 6 54497 1.0468197891703022
19 6 3 19 75817 1.093364518174537
14 14 6 24 38921 1.0589706081514108
27 16 27 3 46776 0.9295256076134664
22 26 9 29 37842 0.9891166893409715
16 25 11 12 53267 0.9404918615573339
13 4 0 12 52888 1.0952387175964524
22 29 4 2 89600 0.9949194288559319
27 29 20 3 65885 1.0997631330300253
14 13 20 3 40893 0.9436974360931202
9 26 23 12 52741 0.9833246431701212
13 0 25 5 30671 0.9641825801971836
19 28 28 9 55180 0.9783838518824777
6 9 4 19 39363 1.0623053534550677
8 15 2 6 41711 0.9975728463467011
22 17 10 7 51852 0.9533379574919907
17 27 13 10 52149 0.9327675941522877
6 27 28 4 88574 1.076136198450351
8 5 3 18 56770 1.0510434615269844
21 4 14 18 41656 0.9184151491974941
6 7 14 25 58590 0.9873712152758896
24 5 4 20 83048 0.9402445181344758
17 6 1 16 62928 1.0332509665967522
0 12 0 1 59112 0.9432791301115261
21 13 2 12 48968 0.9069679397883684
15 9 28 18 48906 0.9118534091693798
4 0 10 25 84534 1.0593793019281337
5 2 16 23 81938 1.0984552625964117
5 5 22 11 56333 0.9763182161457933
11 29 7 4 79761 0.9336419256827732
25 16 12 17 35366 0.9611430865033754
19 13 13 6 28288 1.0807412012452857
0 25 19 26 45977 0.9919735468676487
5 6 3 16 40302 1.0754775669532055
7 13 27 26 59264 0.9506367180732636
9 7 8 20 60535 0.9361415450029684
22 16 0 21 76022 0.9289283650642792
4 18 23 12 54756 1.033736579074241
11 6 26 13 46584 0.9939567893306976
2 0 21 25 85319 1.034131113035626
9 3 14 8 38550 0.9564356174375087
12 24 15 8 46517 1.0677323096700477
4 14 3 0 47275 1.0965390378139164
5 29 29 26 54215 1.0557724362373992
23 0 12 10 40398 1.084305144400686
5 7 1 22 59408 1.0396860320510317
0 16 3 2 69684 0.9259866882483153
23 25 0 8 88673 0.982984127123897
7 3 9 14 38394 1.0298309044609417
6 0 6 20 51921 1.0887232454479032
11 28 18 2 88970 1.03449558959022
6 26 14 7 60272 0.9198233111448736
0 15 21 7 57378 1.0248988092090017
6 13 10 3 45859 0.9354966397090525
4 28 29 23 70990 1.0030645255569506
8 11 28 20 68675 1.06247078270067
11 13 26 17 40275 1.0024426984958046
13 8 19 28 57921 1.0810559304762408
20 23 0 24 60755 0.9689489601675879
18 15 21 26 33433 0.9502300687747587
8 9 14 28 55365 0.9163457935936715
20 6 10 10 29691 0.984515798370059
12 19 26 18 49561 1.0034256673373727
24 13 15 1 41372 1.0486063917335546
25 19 28 0 39318 1.063372057996049
13 19 25 11 34830 0.962719401581592
4 15 21 24 52122 1.0279714259823918
15 23 4 27 35765 1.0105570990678086
16 23 5 9 60090 0.9158455329428168
1 18 8 2 74446 0.9387767769945341
6 15 28 10 45597 1.0192757820828415
18 24 9 2 82456 1.0973210640588944
0 5 12 21 79738 0.9154521291376372
18 14 0 18 59400 0.9022895997112745
0 7 20 10 60614 0.9242518449352478
8 18 24 2 73164 1.0252831318981306
14 5 0 3 47321 1.0353612940069177
0 8 18 1 66339 1.033299458487402
17 28 15 5 73093 1.035677108862791
23 26 2 9 76485 0.9281310208356122
3 21 22 15 66106 0.9145659648266466
14 22 28 6 60486 1.0325916251194833
29 3 3 13 81023 1.031704208079082
11 3 16 22 62113 1.0851184624500179
7 9 12 4 34024 0.9411513003485522
1 2 28 2 55122 0.9508504569175374
19 20 15 2 61637 0.9514239659759485
19 24 29 11 54081 1.0346579747871543
19 6 27 9 29922 0.9096874842257473
28 16 21 22 36110 0.9211822231210482
24 5 20 13 32979 0.9120125638179704
21 27 17 2 63084 1.0998671289773965
12 29 25 21 42430 1.0335731465111018
20 21 27 7 51757 1.0469515720299631
5 10 6 27 45230 1.0770783618985598
23 1 14 27 66888 1.0191435660697352
14 25 4 23 32932 0.9532181402744522
21 29 9 23 44583 0.949919849214008
13 5 10 17 39185 0.9978554500538227
16 7 16 23 64431 0.9056083751874066
28 27 21 20 27100 0.9151399943899683
28 26 14 15 48449 1.0619892061937646
13 6 27 17 53067 1.0802531363503072
28 2 2 11 77862 0.9089103791611624
5 27 7 18 33689 0.938244389296409
14 18 25 24 41003 0.9409166359182677
13 24 19 18 33050 0.9108124031613006
6 16 0 1 47124 0.9795751897605822
4 22 26 22 54716 0.9088928404189571
3 1 17 27 89147 0.9553696800117885
25 23 26 4 37913 1.0661235909547444
7 15 18 22 43400 1.0734086905467828
25 0 15 14 39429 1.030635325522788
25 24 6 1 72470 1.061793558242474
16 23 29 21 45626 0.9815946910425776
12 13 6 19 30467 0.939975793682367
10 16 16 11 35601 0.985980270983459
12 29 9 13 49659 1.063064186536869
26 16 24 1 33540 1.0957836545137583
22 7 0 4 75483 0.9041368230192444
4 3 6 19 52240 1.0464918923200797
26 12 7 12 45239 0.9821382461196977
12 14 2 12 32552 1.0805163407398972
7 28 5 13 45574 1.0393034742498837
23 10 4 22 63543 1.0640315940798621
7 27 21 5 70334 0.9922125908294999
8 9 19 8 30368 1.0685107111362298
21 22 28 29 27746 1.0905243379721707
26 19 8 25 55110 0.9931576946811238
29 21 3 6 93758 1.0920921632889473
20 19 2 22 53808 1.0982276044572135
24 9 8 17 51980 0.930910980903832
21 7 10 19 56141 0.937172075458951
3 9 21 28 72262 0.9438784351494296
4 18 6 2 52797 0.9837175807584125
21 16 15 7 33964 0.9752380148360209
12 6 21 3 34262 0.9355461567735701
10 27 1 23 38938 1.0182486341933463
20 0 12 8 35737 0.9990345229673014
9 5 24 28 85079 1.04378733197335
27 23 19 13 40955 0.9715812713057689
25 21 5 1 69486 1.0513606137219857
27 13 8 29 76503 0.9841181436157197
10 4 25 22 70550 0.9470680114162368
20 16 5 14 31813 0.9817805802566525
2 11 8 25 63264 1.0513179530021721
21 0 23 10 22305 0.9438999400721909
16 7 15 26 62513 0.9267369185333899
17 19 4 8 70491 1.0939246092884674
5 27 8 13 47134 0.9085978608505778
28 25 16 0 74640 0.9633541783290778
2 7 10 14 45691 0.9255254776810062
12 25 29 25 46092 0.9284061552769408
18 12 10 27 58620 1.0336880476376682
6 8 16 12 37175 1.0264435297781098
23 24 8 1 73523 0.9651413449061054
24 9 28 0 26810 0.9450330261582132
20 4 2 22 81573 0.9028353637709762
8 28 19 5 80997 0.935533750973069
4 2 18 24 88522 0.9177049095159066
8 4 24 24 81772 0.9796860078202614
28 11 4 3 70266 1.0126677399527393
0 18 2 3 90068 0.9930632914302849
18 14 11 4 44647 0.9447555825267389
0 22 18 27 55637 0.9220345078865193
20 7 21 23 36113 0.9969122306625634
18 13 4 19 54750 0.9050830239196956
23 10 25 26 31635 1.0090104275301883
3 2 13 20 64291 1.0807213801098168
18 24 29 0 69174 0.9010081981935835
23 3 20 17 40297 0.9002045576279126
9 18 5 26 38841 1.083012321162035
25 13 11 27 57248 1.014558846131414
17 23 19 13 39170 1.0514288929608195
10 12 20 3 49572 1.000445763694503
28 21 23 10 34685 1.0423335849677264
11 25 26 12 62812 1.0577653326629328
24 16 15 2 53126 0.9326294099789565
13 22 25 9 44890 0.9556887858485865
18 22 5 4 75758 0.9693784173858503
4 12 7 23 39673 0.9898929420285265
22 1 27 27 59788 1.0533345310839033
23 21 3 1 76415 1.0794329948041035
8 19 18 18 57245 0.9268224621960239
27 8 23 27 45152 0.9188535086621932
11 27 26 25 42053 1.018759979432342
29 29 3 22 71367 1.0492541517324354
24 7 2 24 88154 1.0672656495677957
15 16 24 2 50296 0.9261890166681053
13 15 18 2 50665 0.9556651292619839
26 10 28 28 42661 1.037449713890861
20 18 10 9 42358 1.041136264505707
22 27 1 14 62720 0.9146986891569118
24 19 18 25 38537 1.0491846862664624
5 26 2 3 83469 0.9381413255691834
3 0 23 3 45039 0.9157792003911166
29 2 4 5 68322 0.9522540689163526
3 6 7 13 31532 0.9284064950299622
14 15 22 24 36341 0.9132675051725944
25 8 24 28 38714 0.9083214579352938
10 21 20 0 73020 0.9545381258120283
1 21 23 28 65820 1.0761172970302442
29 14 13 16 32300 0.9195603388376173
13 8 5 14 27766 0.9922756580146523
4 3 4 16 52294 1.0055007703609602
10 10 15 26 43777 0.9995240664450917
23 4 6 6 50647 1.0954730055185913
17 19 4 28 64009 0.93663225659484
5 2 18 3 44666 0.9136784885364255
12 16 19 8 38304 0.9515953284082747
21 5 28 2 22676 0.9950374388633697
17 22 16 10 42218 0.9486406564794547
18 23 5 19 51865 0.978256672458749
17 29 20 17 39439 1.0765818441078119
9 5 28 7 68251 0.9371551676663048
7 16 14 22 35490 1.0032183369609018
14 24 13 0 56551 0.9481857141850494
0 12 15 24 66356 0.966418947030939
23 22 11 23 36965 0.9911096530652144
13 20 22 3 52442 1.0170431719600275
15 22 4 29 41445 1.0155248369677277
21 1 8 20 72510 0.952217340301563
16 22 27 5 61473 1.04157690952127
22 29 7 29 44234 1.0740221709690458
24 22 29 5 47909 0.9081657637058861
10 10 11 23 43734 0.9384002787983055
27 13 19 29 49800 0.9021410188800939
10 2 25 4 37263 0.9446477788556832
6 2 13 19 52599 1.0651730471303154
22 3 22 28 56480 0.9217305130860195
29 22 7 4 82899 1.0861539434397243
4 11 9 23 53213 0.9477243874869254
23 18 14 22 31128 0.9836453552052289
21 10 25 23 29049 0.9803805790067751
11 12 24 24 57543 0.9991942807158836
25 0 12 9 45650 1.0818939395910943
16 19 8 11 49276 0.9797833255099871
6 11 16 15 31020 0.9203523654172004
0 29 9 3 102811 0.9201765328936015
17 3 27 12 57567 1.0467421352688628
23 25 1 18 81827 1.0457411640269485
15 10 4 4 43138 0.9704777164397349
11 26 13 18 22514 1.0554583935975121
13 14 21 26 35061 1.003978260934381
24 5 29 26 50323 1.0062545905669316
19 1 4 24 84315 0.9459005487272132
23 25 23 14 25217 1.0698181968683742
14 25 13 7 44011 0.9915775772099502
24 12 26 27 39676 1.01570141386123
6 22 23 26 42524 1.0867707361409693
11 1 24 25 71546 1.0769655444043276
18 10 0 28 85807 1.0131108723075157
1 18 18 20 81703 0.9204229620099186
27 26 10 13 55383 0.9603420604673549
2 21 6 29 35962 0.9372649757092457
8 9 3 26 55499 1.0730910770032074
13 16 11 24 23864 1.073250227142488
25 13 22 3 30673 0.9589403036004842
29 28 8 1 90721 1.0130390676800378
23 18 17 24 31233 1.0994466113390895
25 17 8 16 42695 0.9872436194322614
4 19 23 10 63464 1.0525851450967514
12 24 24 12 51673 1.0675089420676138
22 3 6 14 52074 1.068963880310003
7 19 14 7 46206 1.0555008774825145
26 5 7 13 55301 0.9995801486614493
9 22 1 10 50199 1.0871722701789481
27 17 9 9 57623 0.9231715251413672
1 14 23 24 59778 0.9166550566869768
20 21 3 15 55326 0.9065050630298104
9 1 22 0 26311 0.9903708170573677
20 14 24 20 27363 1.0250082620735854
14 4 26 21 63241 0.9805334011745082
8 26 23 25 30956 1.06722729673036
10 10 6 23 42524 1.076033517356222
10 8 19 26 61234 1.0762196080021083
13 15 27 1 48148 1.0970375540025796
22 23 6 28 45145 0.9218800648249803
8 22 3 3 71583 1.0422981799583326
2 3 23 16 81324 1.0178704542075683
23 0 29 14 35159 1.0792510983921983
5 29 21 20 50176 1.0624757066977444
25 23 15 18 40604 0.9502098097742873
24 6 11 5 48275 1.0782654071040612
7 13 0 0 50513 1.0802491369273228
10 7 15 24 56566 0.9435512094329307
10 14 2 8 38206 1.0321392279154522
3 4 25 20 82717 1.0332485361797266
29 13 22 5 40120 1.0083859156392267
20 25 24 18 30706 1.080311946121388
10 23 1 7 75335 1.0034744933928204
20 14 7 9 35081 0.9899019641979352
4 12 27 8 62254 1.0980980406703988
17 6 11 10 23734 1.016112907067904
4 12 21 19 47441 1.0269043810785283
10 26 25 4 66091 1.0895670362263585
13 19 6 3 50669 1.0420533873797697
24 24 7 29 48238 0.9318996578169231
14 26 13 4 50510 1.0677953987049968
11 28 16 7 73721 0.9830853771245006
13 7 27 10 32918 0.9207398468066781
8 7 28 10 49371 1.0576585900292694
19 18 20 2 44554 0.9556480160208426
26 0 18 18 54576 0.9790528679481612
6 12 16 17 37186 0.9893626884703393
24 17 15 14 25029 0.9802014760720617
7 1 6 14 35412 1.0931384575146503
27 28 14 16 57056 0.9941653443021472
22 1 8 9 47338 0.9624812139386041
13 20 25 6 45352 1.050356131945571
25 18 0 28 78877 0.9236204159991165
14 20 21 17 32296 1.0135196570433438
27 29 23 11 44322 0.910336744664079
21 5 9 29 75690 0.9531759178651242
28 12 16 11 37120 0.9194868320085725
10 25 17 19 48388 0.927826436079762
11 22 0 19 48479 0.9231704227885436
17 15 10 5 47704 0.907511577904232
26 2 9 14 54154 1.0361987829764696
7 28 21 14 55762 1.0687661653191194
17 26 15 5 61076 1.050932324024856
2 8 9 29 77809 0.9731552246996131
5 8 23 23 67921 1.0914319020792778
26 27 6 13 64489 1.0165259656466663
7 14 1 0 48759 0.9397459662843184
17 21 22 26 25306 1.0232888112130403
8 7 15 22 53620 1.0855254396579528
4 27 19 18 59117 1.0445239473690768
27 20 12 13 53314 1.0604949343680328
14 17 28 7 49154 0.9214500559341079
24 0 14 5 32866 0.9590260638053182
5 20 15 13 42800 1.0986185886771114
4 4 10 25 77447 1.0921451507837676
18 6 14 13 33011 0.9547169632856792
7 18 24 27 64080 0.9057374135824797
2 4 24 23 100595 1.0809634415241358
28 8 21 5 30025 0.936872709424653
15 17 27 0 57061 0.9375187578919753
16 20 3 19 60998 1.0488924469036116
2 21 16 27 54106 1.0209067365113773
8 4 24 29 90646 1.0047358603499266
0 19 20 25 74981 0.9908579839681457
29 27 20 9 55385 0.9185659634345306
21 8 3 13 48395 1.025719724090405
7 0 17 4 41854 0.9030228182303895
10 3 29 19 88862 0.9981078681464579
8 15 19 20 41523 0.9426704191971096
24 29 9 25 44714 0.967441984440844
26 11 3 20 78892 0.9911180455250046
10 9 13 24 40201 0.9672580818562149
29 17 9 16 64058 1.0029299534229688
19 20 9 24 39234 0.9318115857842569
14 10 16 23 43717 0.9469528737847861
13 25 1 9 62262 1.0156493253909409
3 0 10 5 34982 1.0958711050778913
2 14 29 18 66908 1.0087802135239121
1 0 21 8 53110 1.0438916015189734
24 10 16 21 48434 0.9472518632744944
0 25 15 29 46523 1.014866362830491
21 28 3 1 82050 0.9229862655082716
8 9 19 1 44478 1.0764819515789281
21 29 20 18 24579 1.0662078349161108
20 28 0 19 78266 1.090728951101881
12 13 24 2 54685 1.0419594687927762
27 2 6 5 54357 0.9380429716286709
3 2 15 19 73826 1.0934927074964595
28 3 26 17 42183 0.9238813480489417
11 2 20 16 57755 0.9996607702256686
12 9 22 22 47097 1.0754719399201413
24 1 10 13 53218 1.0188179244451343
15 10 6 23 49512 0.9212797513361014
16 11 14 19 32713 1.0897450938232633
27 22 16 14 34914 1.040923541649149
1 12 10 25 64998 1.0663602142749817
17 24 10 9 53965 1.066782870595203
8 15 2 8 39598 0.9010960278650626
26 1 5 3 45948 0.9913395050998945
6 27 7 4 63675 1.0104031314968518
28 10 27 23 38707 1.0364133021881685
27 29 29 14 41150 1.053234119295866
9 15 5 26 44798 0.9452649160939963
5 7 16 10 35251 1.0439177137493503
26 8 21 23 37308 0.9303602582782625
28 17 12 22 56576 1.0658272901453942
25 2 15 13 39715 0.9389793500803754
9 22 17 17 41920 0.9741751084611727
13 6 0 10 34413 1.0540832404508769
13 21 29 9 55031 1.0938831251908026
27 25 19 3 67281 1.0968747522840177
10 12 28 27 65882 0.9742611146237866
24 16 18 25 44981 1.0588774479906395
22 28 26 14 36032 1.0841849107689165
13 12 29 23 55950 0.9288091262211339
29 6 19 25 59774 0.9768259406847992
22 21 6 17 52283 0.9324556031859974
13 6 13 20 29959 0.916488642033447
27 20 19 28 43793 0.9286493631292057
29 9 4 2 71050 0.9378838094182718
0 0 1 9 56098 0.9152081348636952
18 18 29 3 65276 0.9783442751625289
18 23 25 7 46761 1.0405859308938403
9 28 27 15 74782 0.9189294638340036
25 18 0 9 68477 1.0598330379867693
10 9 4 29 68132 0.9038638626537759
1 22 1 11 60893 1.0459067651841745
20 27 8 8 66929 0.9329315099391268
21 8 18 0 23447 1.0526042339069743
18 4 13 21 62554 1.0923130103789507
6 10 18 5 45720 0.9553670868293491
16 23 0 14 54435 1.0276683651230563
15 8 17 29 65870 0.9458886944790668
13 3 24 1 25073 0.9066628673182701
6 23 0 29 34318 0.927175411458892
0 0 5 6 31871 0.9772245910092463
11 12 29 19 68019 1.000952422181224
13 9 8 15 24261 0.9925370621262212
16 3 1 29 103376 0.9125273131415608
19 7 25 26 49223 0.9012432914844485
9 29 18 8 77645 0.9698265144760254
25 9 29 1 21055 0.9460098153970697
6 24 25 15 59714 1.0329585094561986
24 9 8 1 48288 1.0230613388215801
17 1 19 13 36768 0.961017276518994
3 26 17 12 69593 0.963826790236753
23 14 8 19 46377 1.0465205313628503
4 28 4 9 60979 1.0880327484189882
12 11 17 23 50669 0.9639904621362009
21 12 10 19 46097 1.082368306594346
3 8 7 18 40362 1.00124242015556
14 2 7 13 42225 1.0696161577838506
18 25 12 5 69634 1.0764786926181804
11 9 0 3 62178 1.043317225697963
0 2 27 27 104920 0.980197633719025
11 5 5 13 45538 1.0591325250531112
19 28 11 14 47305 1.0881015183391802
23 2 0 21 99649 0.9103446565541903
19 9 23 24 41743 1.0753654209209642
21 4 29 1 18746 1.0527877286763092
19 6 27 15 39226 0.943809869457668
16 2 15 28 79755 1.0668651892734995
22 27 0 0 95784 1.0821508616169593
25 13 24 22 18632 0.9920173372342068
14 15 22 29 43463 0.9520070277462719
0 2 22 14 69588 0.9786928728645319
29 5 19 2 40233 1.0436538077720314
6 17 15 1 53553 0.9256104287986828
14 14 28 18 39667 1.0218698763572043
4 27 20 13 62125 1.0945887785474209
27 8 4 17 67233 1.0852001085514185
11 1 8 21 66412 1.0368906291618718
20 28 23 4 55393 1.062175549541664
11 1 22 6 31097 1.0758536948703061
8 16 26 8 50426 0.9464899462251084
24 28 21 18 26745 0.9031296494712627
7 0 16 7 40486 1.0597014221544003
9 4 19 7 48291 0.9526851656966535
9 13 29 7 63995 0.9307519639305948
20 4 27 13 36840 1.0578169978821053
0 0 28 20 98867 0.9895535412318787
1 28 21 5 92298 0.9199568779119232
3 23 21 26 48841 0.9729040191401552
20 8 7 26 65217 0.9161560420191452
22 29 7 16 58524 0.9063380705579861
19 28 27 18 45807 0.9763095616060941
12 4 26 4 49271 0.9318162774795291
25 23 23 8 30029 0.9856936508740105
16 12 9 22 43441 1.0339491945190835
14 4 21 26 60427 1.0206947327360585
24 29 4 10 75224 1.0035957403927973
16 12 3 1 54928 1.0817081528025234
19 9 1 25 81434 0.9032922233923248
22 8 15 0 32382 0.94267456899222
26 2 23 28 57164 1.0766068278359706
1 13 28 2 78189 0.975838701221017
11 4 21 0 38153 1.01748728415776
17 12 10 26 55624 1.0583571075628557
21 28 27 11 49812 0.9030656552558464
7 7 24 10 42154 1.0545644583420382
24 6 19 13 28884 0.9755734053876761
18 29 4 17 69153 1.0414771727949188
6 1 23 4 38182 0.9583358113556011
8 24 21 5 67571 0.905105289753357
23 0 6 16 61459 1.0726497050846657
26 26 3 19 71495 1.0544084031957046
9 5 28 22 78609 1.091029457696684
0 19 16 1 93255 0.9320161566999068
26 11 21 28 43697 0.9729852882162912
8 28 1 17 63964 0.9114279344442352
13 26 10 15 35822 1.036945717975889
10 9 15 17 33288 1.0318126500560272
11 6 21 28 63214 1.025937249575443
29 10 27 25 44023 1.059190780092871
4 26 23 25 39661 0.9132155857651472
19 14 1 22 55708 0.9390374669050657
0 11 19 7 53820 0.9209645324459265
11 3 27 12 65682 1.0513649531939149
16 16 0 15 47672 0.9582650495146168
23 3 12 26 68600 1.0453352763122288
18 1 29 19 64665 1.0918650985455363
24 26 16 1 60631 0.9435323199469381
6 3 20 19 66995 0.957353166671619
25 6 21 12 19165 1.037121266677489
1 5 11 16 64060 0.91163230712129
3 7 20 14 54474 0.916285973357533
14 19 29 24 52484 0.9251276663932713
0 4 13 4 49979 0.9301171176906387
21 5 25 16 26802 1.0215073853927918
17 22 2 10 58796 0.9638313096763695
17 26 20 1 57420 1.0335386504811408
25 26 18 18 36559 1.0850707097254269
7 18 22 24 53057 0.9453912122617509
8 4 6 23 57827 0.9416622077885128
22 19 6 15 43860 0.9683560100458989
15 13 25 6 33141 0.944450440687112
22 28 16 4 75428 0.9967063803540875
29 24 6 17 71390 1.0125062569576588
9 24 27 17 67305 0.9584963462821949
25 6 1 25 88357 1.0331877564098946
16 29 6 20 43105 0.9174554266717665
8 29 18 21 51389 1.091863778246402
8 7 27 28 84073 0.9133065404897018
11 4 20 15 50764 1.0701757934438356
22 16 11 7 51410 1.0871509129181878
10 29 12 13 50461 1.008172921848255
7 20 21 16 45911 0.9937396962377704
13 29 27 8 69951 0.95783386059279
20 5 7 7 47970 1.0060071659672603
0 3 13 14 64627 0.9724771059133139
18 3 6 5 45551 0.912883695726393
23 19 16 4 61099 1.0950413161255483
13 24 3 18 49339 0.9215461724543405
7 28 8 7 65257 1.0697729412773462
22 3 10 17 59443 1.0299825326611152
12 20 28 20 55999 1.0162260323608365
17 17 23 29 48658 1.0966190234260706
28 3 21 8 32342 1.0950623309438254
23 0 4 3 45617 0.9193291055600935
7 22 19 6 64251 0.9794740119172644
18 20 29 24 45192 0.986102110194865
13 27 1 14 50137 0.917636806146463
28 10 0 17 75759 1.0476287458031492
3 10 8 26 51503 1.0092740570099337
29 3 4 8 78331 0.930996686123315
24 0 3 26 91731 1.0283359301724444
16 28 4 17 62751 0.9402164097493741
13 19 10 2 49194 0.935880240369653
19 13 10 5 42959 1.030330142188531
0 11 2 28 80876 0.9195935078102264
0 29 26 14 87159 0.9593679044655775
3 10 12 7 34369 0.9302466256547892
0 13 5 21 42506 0.9970937143950949
12 28 9 11 60302 0.9397479188964978
22 29 1 15 69998 1.0776386418945192
22 12 4 17 53214 0.9896371854605174
28 29 20 21 32699 0.9357770177735273
24 19 2 14 54076 0.9000403206177134
8 2 15 27 76158 0.9160631852771469
2 23 4 2 81720 0.9723491033146204
1 17 21 20 63757 0.919066309519702
18 22 11 11 49501 0.994616667699201
26 2 4 9 66712 1.0028842621825622
26 29 20 2 63614 0.9296369769614687
5 26 18 15 58015 1.0205722319380903
6 15 15 19 36038 0.9808062849619933
18 8 8 18 56748 0.944380671686968
29 26 29 16 43913 0.9768795879342986
2 29 20 20 63420 0.9488048659890418
18 28 25 0 67498 0.9870298273482705
18 3 0 6 66587 0.911788843205564
0 29 6 4 83811 1.096558352341736
13 8 14 28 46240 0.9937936087253848
6 9 14 4 33338 0.949667346319744
17 23 26 21 35866 1.03950064495608
12 21 22 20 38939 0.9740453234450861
28 14 9 7 60471 1.0492963585842299
22 6 2 17 69839 1.0252973742765823
18 19 26 29 42334 0.9112246537172332
11 27 26 9 66976 1.0689511486948997
9 27 27 17 64221 1.0555819590077575
16 23 28 4 68610 0.9782057368157575
19 16 17 3 52087 0.9331415086320142
8 24 17 19 49079 1.020957320320004
28 19 25 27 27315 0.9161839510571276
8 7 25 11 45270 0.9374002889625257
29 26 1 24 64886 0.9353649250290342
25 26 29 12 42010 0.9440352702750522
23 26 14 29 25223 1.0509750886297013
7 28 26 18 62269 0.9553228136851927
7 11 16 7 38089 1.095674537835469
6 29 16 24 34482 0.9800884270357751
16 14 4 11 34790 1.0290710566207062
7 29 24 3 89324 0.9087780648565321
3 17 15 3 67259 0.9653276796916034
29 22 15 18 48834 1.03018490308188
9 14 27 22 46463 1.0331346054037418
1 24 21 0 93579 1.052238508385269
13 26 28 27 32180 0.9169059009785336
3 23 13 7 61778 1.0219836090758814
18 3 1 10 64660 0.9385971905047689
15 6 0 1 39031 1.013319653475043
2 16 21 24 66478 1.0522323393403827
19 24 14 9 50174 0.9377536749809077
3 20 16 11 68624 1.068678510884263
13 6 23 20 48735 1.0560202198507835
19 2 29 19 66965 1.0342697426643093
24 14 26 6 17442 0.9649763235065234
19 14 25 25 29877 0.9634512671114248
8 13 4 25 44160 0.996648162190006
21 10 5 29 69955 1.085896199279105
15 12 14 29 46676 0.9551268183673881
28 21 22 28 30178 0.9870052964005103
17 8 10 4 41133 0.9349975766907397
2 9 18 5 61306 0.9243842582442189
18 22 22 16 24247 0.9201729100245278
23 18 22 29 28093 0.916905284877901
17 24 2 25 47141 0.9543899363925554
18 13 29 12 38046 1.0990989936313698
12 7 6 28 68029 0.9464117361615838
18 28 22 19 34691 1.0490858297744983
7 18 27 12 57456 1.038205432585848
3 24 14 2 78202 1.087818394309946
21 16 3 23 60943 1.0599537857189814
11 4 8 27 76101 1.0785902463687411
9 16 7 26 43293 0.9452647018043873
9 22 13 8 39625 1.0129687290061542
12 23 3 26 33958 0.9475424076970854
15 18 19 7 42008 0.9253499684851378
6 16 28 25 67429 0.9443827819889683
28 23 10 24 53232 1.059190253928398
12 13 23 3 47467 0.942853063265373
19 20 16 9 42696 1.0798579728949584
2 13 17 4 72986 0.951571977514221
28 9 4 1 61650 0.9904316501837842
0 16 8 0 65995 0.9625618613285085
1 22 8 29 36009 1.0715483543038464
3 13 15 14 27091 0.9015608422682725
3 0 8 13 48800 0.9618334502402097
20 4 17 13 37996 1.0357857572474314
27 4 15 16 52359 0.9694700306474536
13 3 2 2 31667 0.9781400161885645
8 0 11 7 37348 1.0031179227726548
12 13 27 5 54583 1.0760251395914404
8 3 14 15 49166 0.9607420851234649
9 5 9 22 63635 0.9845427804631303
10 19 24 7 67459 0.9182286274180153
4 25 12 7 71392 0.9097270261041879
16 0 3 3 37206 1.092358234227092
27 4 5 10 61842 0.9244966505610583
3 23 3 8 60734 0.9328127328604856
29 7 10 29 92365 1.0681032642696322
28 7 18 21 59039 1.0883107129448206
24 9 3 12 55999 0.9252621204042284
3 5 19 18 67837 0.9567113472480733
20 9 19 25 43231 0.9274078335182504
11 23 18 8 60715 0.941173432675188
25 24 1 15 65041 0.9432475936590118
29 8 15 7 47391 0.9994241277859943
14 29 20 7 61927 0.9829811112966546
18 3 12 22 68763 0.959220527330063
17 25 25 22 31150 1.052244985627047
11 26 9 2 74021 1.0600371000778899
9 29 21 16 54168 0.9053978668559447
6 27 29 26 46530 1.0816062522438972
5 28 16 13 61166 1.086723961047988
25 25 0 17 84080 1.0151255762952187
10 15 7 5 38104 1.0356388421984577
1 13 15 20 51238 1.0491429163772885
21 13 10 15 24335 0.9913713210542137
6 27 10 19 37551 1.046639894933053
26 14 20 3 34841 1.0248999976288307
23 11 17 15 24127 1.0798897922801856
29 17 3 1 83495 0.9081525362038844
13 14 29 11 41176 0.9720174368594693
11 19 23 23 47852 0.9675736850097763
10 7 28 6 56666 1.0774708157000958
14 20 25 29 41736 1.0801812421721786
22 25 27 10 41270 0.975592797749406
14 8 20 20 45715 1.067499718848214
24 25 4 20 63715 0.9189451203483512
29 18 3 15 71126 1.0707549535758174
27 21 17 22 33146 1.017561402524873
13 25 3 25 27717 0.9091572091158112
28 20 10 21 55768 1.0568942764189282
14 0 26 22 60389 0.9942499076811908
15 0 16 26 68667 1.0206610832366112
15 13 26 26 44108 1.093422204869557
25 8 13 3 39607 1.0998513140887214
22 27 17 5 63861 0.9538977741386077
0 5 29 24 110675 0.9379113966504402
21 27 27 6 49360 0.9647294419435581
10 3 17 19 76718 1.0907738680844656
11 10 0 22 56961 1.0159403958406328
0 21 18 13 71389 1.0162092304621997
8 22 22 2 72091 0.9061454514904208
26 9 13 5 38355 0.9189010872490537
3 21 10 17 48297 0.9918424718991007
27 21 5 18 73981 0.999237969736527
2 29 28 17 89314 1.0600426126879077
4 28 7 17 40367 1.09985026794712
19 1 2 21 92668 0.9695646500834441
4 2 2 29 92821 1.0279770528425607
29 13 3 6 76595 0.9308081608739244
0 17 17 14 51597 0.9139085921506747
1 16 13 11 40429 1.062065481502675
29 19 20 11 50354 1.0309959952123955
28 27 27 17 36611 1.0189323528713452
29 4 6 17 74741 0.9036873620809185
24 28 21 8 46475 1.0659595598642833
17 7 15 27 71573 0.9398469439281576
14 16 27 10 32889 1.0480356315208894
25 22 17 20 34948 1.082256456848143
14 19 21 2 47768 0.9621601078996503
8 2 2 25 86547 1.0824530688698673
26 0 22 18 47362 0.9183089448219889
25 29 0 26 55484 1.0789820205588485
25 5 9 1 35534 1.0618637962477289
9 20 26 15 67883 1.073919262496383
20 6 3 24 78327 1.0702390092842797
19 27 27 25 26259 0.9241765211232272
4 11 26 25 74763 0.9058002732256308
7 27 23 8 69169 1.0578005904495793
7 21 12 12 44040 0.9338252240735774
29 6 10 12 55699 0.9324678787763079
27 25 24 5 51915 0.948651908953195
2 19 28 25 85921 1.0831413615295782
8 26 10 5 67575 1.0824971891051016
2 15 28 9 62124 0.9462997584324079
19 19 25 2 44942 0.9009842103781283
17 24 16 5 69217 1.0593656430439315
23 19 21 5 32952 0.9190943515791002
26 9 2 12 65215 0.9050900366520024
21 21 6 28 42788 0.9762144028267845
20 21 25 27 20816 1.0385648449356042
28 18 18 0 59851 0.9513364987044348
12 14 4 10 24383 0.9944778386457176
24 5 1 12 75034 0.9165519637550288
28 18 13 19 51110 0.9272477620543762
21 27 5 26 32604 1.065808130269414
8 17 23 10 46166 1.0368188389544573
4 9 27 12 60345 1.02942387953974
14 27 12 4 59809 1.0989361925747214
6 5 12 13 38537 1.0261507114252717
2 14 12 25 47833 1.0804487024117935
5 19 13 6 48750 0.9834629904097152
16 2 19 22 60467 0.9494481894083546
15 5 21 12 33644 0.9729740429656606
21 16 8 14 25011 0.9166719949277624
25 11 11 1 41986 0.9226896909371242
21 4 13 10 26494 1.0487390875644458
7 25 16 27 27099 1.0278049862540497
27 17 20 11 34900 0.9158609540711713
7 16 17 0 58979 0.9056008245374644
19 22 8 26 33411 0.9890445298131061
8 21 6 0 66046 0.9157477596921556
24 7 12 13 45003 0.9979078760487137
7 25 18 24 35251 1.0444862321744335
18 5 19 14 35667 1.0567416950222506
22 5 1 9 60590 0.9743999779473788
1 20 28 17 94745 1.0823703758594907
26 14 7 18 44657 1.0975169874153683
29 10 17 17 43106 1.0287342720068886
29 1 7 28 91142 0.9248391455236931
18 14 28 4 39579 0.9582837544452179
5 11 3 28 59519 0.9907212522487027
6 21 17 0 73491 1.040497913636987
1 19 17 6 81802 1.0441680059297092
3 1 17 14 53824 1.0932944912769222
26 11 15 21 51827 1.084090980553087
20 20 5 2 79262 1.0069491087878004
18 10 6 24 55854 1.0863087846300827
28 18 5 7 78603 0.9824751707843942
6 13 26 15 42405 1.009686480783995
10 21 15 28 31703 1.0222676282410248
4 28 22 20 58517 0.9101461050624401
7 22 16 10 46681 0.9528561198029747
21 24 21 14 18978 1.0235704314984657
0 23 0 13 61540 0.9280307379194269
17 29 1 25 49313 1.0465424284052802
1 14 24 25 66245 1.0587973715758503
