5270 6052 6068 5288 5822 5886 5283 5957 5683 5862 5869 6137 6101 5970 5285 6164 5288 5781 5978 5914 5288 5945 5576 6028 5729 6144 5700 5834 5628
1295 1833 1265 1171 1580 1178 1823 1729 1864 1843 1448 1196 1134 1884 1864 1632 1589 1743 1413 1841 1144 1962 1518 1874 1063 1562 1384 1343 1911
3711 4407 4383 4452 4316 3848 4292 4370 4383 4331 3778 4035 3671 4351 4458 4285 3900 4005 4483 4521 4048 4495 4212 3897 3707 4197 4108 4452 4320
3942 3921 3784 4396 4442 4141 4004 3781 3734 3930 4135 4132 4212 4118 3663 3962 4197 4171 4135 4031 4109 3887 3910 4101 4310 4294 3587 3973 3885
7535 7716 7781 7866 7377 7402 7844 7721 7906 7296 8107 7834 7318 7850 7496 7739 7280 7973 7813 7428 7948 7372 7219 7224 7425 7904 7275 7783 8084
3662 3818 3944 3535 3939 3664 3523 4190 3409 3749 3810 3665 3340 3651 3766 3869 3663 3903 3776 4161 3324 3409 3755 3504 3981 4086 4034 3818 4087
7738 7885 7340 7857 7385 7963 7428 7558 7952 7942 7782 7557 7364 7786 7352 7630 8031 7235 8016 7922 7838 7633 7231 7973 7684 7234 7577 7930 7501
4236 4217 4167 4131 4274 4559 4310 4554 4274 4903 4527 4496 4759 4913 4503 4573 4825 4836 4368 4677 4669 4870 4252 4138 4850 4219 4794 4552 4319
2240 2663 2210 2151 2487 2134 2145 2045 2661 2331 1980 2498 2801 2643 1911 2719 2796 2596 2680 2131 2097 1964 2329 2038 2466 2574 2599 2744 2038
5280 4442 4887 5177 5043 5081 4479 5047 4884 5241 4455 4536 5257 4688 4736 4958 4575 4653 5195 4847 4906 5038 5128 4642 4558 4963 4727 4991 5177
5206 5986 5396 5466 5067 5539 5923 5610 5878 5290 5660 5469 5807 5261 5373 5305 5642 5362 5637 5376 5357 5306 5828 5723 5601 5951 5893 5710 5822
2996 2885 3302 2613 3375 3441 3374 3214 2892 2784 2831 2750 3167 2890 3281 2989 2818 3272 2816 2695 3200 3344 3045 3109 2596 3082 2799 3090 2933
2371 1674 2292 1775 1738 2099 1574 2349 2098 2158 2173 1627 1801 1778 1501 1760 2300 2026 1752 1891 2239 2224 1994 1664 2407 2270 1908 2136 2023
1990 1233 1835 2116 1838 1953 1402 1606 1589 1332 1924 2023 1626 1756 1378 1338 1698 1722 1963 1298 1903 1804 1622 1436 1553 2076 1304 1984 2062
3224 3158 2427 2938 2488 3153 2727 2388 2811 3103 2806 2415 2988 2975 2954 2754 3000 2692 3174 2978 3155 3155 2592 2741 2908 2924 3062 3092 2555
4392 4127 4335 4646 4814 4127 4307 4174 4221 4859 4996 4459 4244 4238 4824 4588 4350 4926 4361 4200 4214 4256 4425 4543 4196 4848 4832 4236 4951
4850 4050 4222 4210 4191 4608 4794 4339 4468 4714 4803 4228 4786 4528 3962 4605 4582 4020 4660 3969 4399 4681 4362 4562 4194 4184 4013 4110 4182
2243 2833 2903 3008 2827 3025 2951 3096 3076 3011 2298 2933 2408 3029 2490 2974 2847 2887 2192 2242 2493 2747 3066 2849 2802 2693 2557 2726 2191
1958 1860 2038 1665 1896 1884 1549 2037 1937 1412 2116 2282 2012 1761 2271 2080 1913 1564 1639 1659 1374 1562 1591 1710 2210 1885 1562 2137 1606
2176 2312 2054 2239 2741 2771 2286 2215 2354 2315 2351 1969 2337 2213 1923 2772 2637 2258 2428 2527 2674 2185 2262 2782 2309 2527 2514 2377 2303
2189 2283 2993 2950 2249 2152 2188 2595 2895 2926 2969 2144 2960 2968 2592 2493 2681 2521 2875 2681 2495 2948 2698 2434 2232 2163 2819 2847 2777
7114 7108 7703 7159 7999 7463 7615 7672 7667 7543 7885 7801 7699 7306 7773 7326 7817 7520 7185 7649 7701 7970 7907 7172 7205 7972 7142 7127 7542
1997 1814 1646 1988 1642 2398 1872 2031 2149 1998 2147 1840 2213 2351 2407 1696 1534 1978 2056 2152 2393 1946 1722 2421 2175 1659 1574 2352 1689
3082 2975 3549 3408 2964 3380 3045 3120 3452 3598 3427 3688 3568 3744 3347 3578 3657 2889 2930 3022 3185 2907 3317 3201 3737 3278 3386 3715 3715
4209 3533 3773 3853 3688 3757 3857 3982 4173 3876 3639 3894 3567 4190 4297 3884 3618 3763 4126 4046 4069 4186 4303 3580 4033 3829 4159 3572 4333
3125 3296 2997 3446 3298 3646 2883 3578 3010 2927 3643 3035 3187 3632 3280 3760 3281 3378 3237 3627 3229 3449 3570 3451 2983 3346 2911 3446 3665
5014 5637 5071 5524 5383 5419 5452 4983 5552 5052 5165 5433 5535 5853 5802 5571 5571 5440 5483 5011 5346 5062 5259 5528 5182 5347 5141 5831 5361
4403 3707 3569 4066 4179 3664 4150 3742 4251 3491 4372 3873 3589 3611 3671 4015 3874 4081 3609 4399 3591 4075 4002 3509 3797 4139 4406 3492 4079
5331 6134 5500 6052 5788 5925 6089 5811 5485 5979 5591 5324 5762 5978 5329 5869 5828 5913 5567 6001 5769 5365 5716 5657 5668 5905 5911 5288 5388
2520 2239 2127 2700 2624 2610 2008 2260 2448 2372 2803 2296 2773 2236 2076 2707 2261 2676 2601 2056 2007 2216 2735 2442 2141 2073 2068 2570 2072
6893 8166 5963 7716 6551 5206 4529 2025 6928 4072 2741 3528 4182 7845 5776 3715 7157 7079 7781 4867 3460 1891 8153 6860 6532 2515 5472 3848 7759 2193
7630 8725 5972 7529 6413 4461 4739 2481 6526 4133 2278 3946 4901 7049 5359 3570 7090 7082 7651 5195 3122 1861 8194 6144 6592 2144 5430 3571 7473 2441
7268 8551 6591 8264 5809 4630 5043 2425 6731 4076 2253 3325 4174 7648 5918 3309 7272 6669 7483 4581 3189 1727 7768 6348 6519 1913 4993 3334 7594 2356
7029 7980 6751 8014 5945 4677 4730 2461 6732 4491 2137 3243 4433 7369 5823 4085 6782 6646 7199 5187 2991 1744 7871 6301 6437 2682 4991 3518 8071 2021
7173 7955 6069 7671 5689 4964 4401 2102 6556 4101 2792 3691 4270 7542 6138 3262 6956 6885 7240 4856 3548 1616 7821 6718 6357 2277 5070 3384 7603 2155
7050 8615 6092 8069 6187 5177 4690 2195 7270 4263 2364 3414 4590 7335 5523 3924 6804 6998 7333 5345 3422 1078 8261 6250 6246 2489 5477 4027 7184 2703
7389 8770 6196 7501 6547 4327 4931 2098 6983 4603 2164 3224 4495 7856 6164 3413 7170 6690 7628 5381 3249 1130 8305 6240 6324 2151 5130 3425 7198 2094
7264 7970 6335 8163 6116 4829 4446 2366 6861 4272 2472 3787 4850 7024 5425 3993 7064 6918 7624 5119 2974 1078 7576 6650 6291 2032 4989 3984 7708 2471
7148 8156 6318 7688 6508 5159 4980 2783 6558 4028 2075 3429 4468 7412 6091 3993 6735 7067 7677 5056 3264 1188 8123 6956 6724 2703 5239 3502 7491 2576
6968 8714 6555 7627 6371 4521 4581 2176 6843 3925 2732 3393 4948 7716 5713 3487 6519 6386 8066 5051 3523 1769 7487 6561 6758 2301 4808 3196 7855 2507
7214 8729 6348 7546 6034 4622 4432 2264 7034 3802 2433 3838 4480 7518 5497 4093 6727 6847 7876 4538 3419 1776 8141 6187 6751 2208 5079 3303 7351 2867
7103 8707 6701 7892 6169 5188 4808 2567 6546 4545 2374 3597 4993 7750 5917 3333 7262 6706 7785 4693 3221 1302 8011 7026 6683 2048 5683 3484 7895 2533
7470 8692 6501 7648 6548 4665 4801 2180 6697 3878 2717 3893 4274 7875 5320 3343 7055 6428 7962 5278 3368 1819 8357 6353 6934 2759 5061 3755 7350 2881
7565 8067 6320 7559 6185 4473 4883 2421 6924 3937 2097 3923 4629 7446 6072 4062 6581 6383 8082 4970 3202 1747 7507 6908 6739 2151 5437 3399 7890 2084
7548 8165 6790 8027 5958 4961 4735 2279 6920 3832 2466 3549 4322 7162 5496 3802 7299 7003 7624 4967 3422 1729 7995 7005 6653 2178 5652 3542 7282 2453
6939 8487 6507 8121 6419 4496 4836 1887 7269 4209 2692 4039 4563 6972 6056 3266 7124 7032 7767 4836 2956 1896 8196 6649 6878 2754 5170 3205 7412 2079
6974 8321 6211 7882 6436 4315 5045 2056 6668 4196 1878 3883 4919 7695 5462 3946 6687 6493 7247 4887 3553 1772 8359 6470 6231 2626 5277 3994 7721 2303
7542 8156 6393 7600 6400 5103 5223 2635 6485 4015 2281 3853 4536 7027 5910 4099 6960 6941 7471 4660 2858 1280 8217 6540 6042 2574 5634 3222 7337 2714
7633 8235 6425 8239 6322 4766 4706 2275 6947 4480 2265 3644 4659 7676 6005 3905 6975 6434 7283 5345 3730 1746 7827 6758 6732 2454 4970 3707 7915 2085
7603 8220 6850 7849 5807 5066 4741 2341 6705 4159 1988 3312 4926 7579 5311 3440 6572 6283 7650 5445 3165 1638 8147 6248 6253 2671 5461 3161 7404 2500
7575 8343 6340 7478 5936 4343 4562 2066 6703 3869 2096 3502 4650 7376 5394 4004 6980 6588 7798 5173 2868 1501 8078 6429 6755 2280 5626 3206 7674 2327
6981 8731 6314 7695 6533 4302 4453 2443 7163 3855 1985 3893 4753 7306 5719 4130 7290 6969 7934 5217 3115 1330 7977 6736 6830 2639 4905 3377 7982 2682
7302 8195 6134 8188 5810 4414 5013 2492 6601 3816 2103 3935 4389 7867 6090 3637 6999 6236 7200 4856 3089 1586 7892 6835 6348 2162 4955 3507 7433 1995
7284 8281 5980 7711 6549 4583 4924 2196 6959 4474 2251 3642 4390 7018 5607 3956 7212 6488 7637 4717 3395 1392 8351 6390 6412 2046 5411 3165 7805 2712
7556 8759 6054 7962 6563 4439 4558 2781 7396 4498 2735 3664 4263 7829 5289 3650 6788 6778 7799 5277 3644 1627 8164 6586 6519 2007 4910 3529 7575 2205
7478 8729 6419 7800 6198 4320 4521 2687 7305 4368 2151 4040 4859 7006 5833 4103 6855 6800 7862 5318 3258 1937 8004 6887 6900 1930 5614 3618 7291 2679
7639 7966 6243 7649 6328 4496 5104 2547 6672 4010 2082 3837 4072 7548 5598 3283 6700 6452 7900 4885 3382 1843 7584 6496 6873 2742 5332 3771 7773 2113
7670 8764 6775 7459 5873 4824 4897 2122 6762 3970 2576 3824 4346 7549 5372 3810 7018 6307 7587 5324 2891 1465 8080 6877 6491 2749 5630 3259 7813 2358
7137 8741 6562 7434 6038 4582 4401 2032 7386 4201 2353 3262 4798 7876 6023 3511 7180 6251 7862 4618 3423 1848 8228 6921 6396 2586 4775 3393 7534 2024
16 8 29 6 37020 0.9483557716950228
11 25 21 11 48659 0.9008479704151834
23 22 7 19 36333 0.930531190180609
18 0 4 24 75449 0.9845237565165055
12 5 25 14 50714 1.0326270056499043
11 6 11 17 30566 1.0992969249107238
23 9 27 21 36853 1.075676751098127
4 7 5 27 52861 1.000547048386647
24 18 10 3 76933 1.0034541170516544
14 3 15 28 57382 0.9067446328254003
9 2 13 18 47407 1.094671677089269
6 22 1 3 43735 0.949308063675421
14 14 29 20 45282 1.0026337561782044
26 19 15 7 54953 0.9581763562738266
0 28 2 6 47351 0.982432142258304
17 8 7 16 47950 1.052547727567654
28 23 11 15 52168 1.0812156041406478
16 26 19 15 30591 1.0089320896100151
18 5 3 4 50490 1.0101361078707
26 27 6 26 61817 0.9529744914367901
17 4 20 14 32043 0.9372512706566499
0 28 3 6 49699 0.9330643281170571
12 19 20 6 42044 1.0062179701419158
6 11 1 17 26918 0.9434497952927532
27 2 29 17 48014 1.0552342920691744
18 17 29 13 42769 1.0814801267403478
28 21 27 2 59202 0.9033949347362676
6 3 1 20 53379 1.090257024658494
10 20 26 3 80206 1.0793622391125266
28 6 1 4 73996 1.005074990968212
4 23 24 10 66782 0.9789789325118116
11 13 23 9 39288 0.9548717946616616
29 27 28 10 42520 1.045028409666994
9 8 0 11 32679 0.9643728489828295
7 6 12 17 35926 1.047148861630061
21 11 19 21 28982 0.9301768277961631
0 20 29 29 67346 1.0639976370963224
15 12 2 6 46076 1.0540637708880745
17 11 29 3 45889 1.063676310956215
0 17 12 3 56366 0.9165146571920911
8 24 4 16 35400 1.0647834258666014
11 17 23 13 52280 1.0723567564062417
3 10 13 8 27181 0.9313119802520338
13 7 18 23 34733 1.0039703343446145
13 4 28 9 48251 1.026938590546837
11 12 18 8 25435 1.010999105032032
7 11 25 12 51613 1.0431827073169218
20 12 22 2 24918 0.9276661169900501
29 8 8 2 62617 0.9790344213351099
11 4 27 23 68017 1.0231333087533936
24 14 21 3 41417 1.0781399403932
13 11 24 29 51589 0.9012609488596613
2 17 25 11 77100 0.9763343262630082
8 17 26 27 56351 1.0293101728829905
15 9 15 29 46039 1.0401207058394804
17 27 4 18 51015 1.0349188056522252
23 2 26 18 62340 1.0514988899357225
22 20 25 29 24843 0.9481755391953439
27 14 2 25 75397 0.9008987834305906
7 26 13 19 26103 0.9802411797779991
15 2 0 11 60548 0.9896714219994969
10 22 25 12 56664 1.0874788927142878
17 7 10 11 24930 0.9530349936597496
3 8 7 22 43109 1.0325755537109627
26 27 10 29 47149 1.030750991132769
15 5 26 14 55151 0.9303181261519023
2 13 8 4 39157 1.0176705118418925
13 28 26 10 58425 1.0572982004230655
28 3 5 25 100608 1.0360112712871863
0 24 13 13 43030 1.0204004226939594
9 28 29 27 57920 1.0847090900808551
3 14 21 12 66287 0.9507866578435885
25 16 7 1 83885 1.0880024455407344
3 28 4 4 65044 0.9762339648038373
24 7 18 13 25609 0.9539305853443837
10 6 19 29 60481 1.00885381374044
18 9 5 2 52486 1.0357619911537592
22 17 18 27 25314 1.0546651480844083
9 12 2 2 43831 1.0017874076083615
19 11 29 7 31455 0.9656490809367745
15 12 6 13 45158 0.9588313151591918
1 9 16 16 55076 1.0356522701021789
11 28 25 14 60897 1.0795483441252942
0 21 0 1 41231 0.9669730396030394
6 25 9 9 46191 0.9476448544760712
6 15 28 1 96406 1.0128110662529148
14 27 16 16 38851 1.080781186736241
29 14 19 9 34743 1.0512619220919577
26 15 9 2 79994 1.0157654859239222
23 14 10 22 43635 0.9487456757934791
5 22 6 11 38578 1.0147946533932721
26 1 20 21 67540 1.0128414044190839
13 18 2 2 58565 1.0483288659670777
2 0 7 25 60172 0.9296484231527711
26 14 2 21 63031 1.0393308737706128
14 3 20 15 42047 1.0410301324362037
13 4 11 15 24650 0.9891912684111664
7 23 29 18 51055 1.0103129012154046
8 28 24 12 66766 1.0096293124640734
14 7 3 24 51975 0.9261780046261452
8 15 19 15 41329 0.9917658658737498
20 15 12 19 31947 0.9023019578251565
19 22 29 19 22415 0.9417908613914341
4 20 18 28 39093 1.0496366185527677
9 20 0 1 54935 1.0430212170273037
27 26 0 18 68196 1.00841778698921
20 10 15 16 30594 0.9440429061607789
18 9 27 16 43348 1.0094796845577068
14 10 16 22 30779 0.902230616467634
2 26 10 8 61779 0.9993911324079509
28 29 2 5 92113 1.025721420753002
12 26 23 6 60540 1.0726222511648262
5 2 17 24 76196 1.0403958280134835
1 25 2 16 21237 1.0498430182513045
9 10 16 2 43395 1.0272951787670597
1 3 29 17 81841 1.091902602080395
21 16 20 29 37950 0.9589578624508609
6 6 14 26 58138 1.0703335419053501
27 2 15 12 63148 0.9652214524507031
29 11 12 14 48898 0.90404653781038
2 20 15 23 32432 0.9996725038762764
12 27 23 14 46784 0.9530109046213758
15 27 26 9 64215 1.0102205598271037
11 2 21 0 58832 0.9210099179327998
4 3 8 23 65795 0.953638783423262
22 5 8 6 38788 0.9622745555159605
0 11 1 24 24322 1.0460810925889106
24 7 16 16 42291 0.9907471656446525
15 23 26 9 56903 1.0243547131287691
7 25 10 0 71859 1.0485312532522313
27 10 7 17 67667 0.9951622855515521
14 20 2 20 25177 1.0937161465807668
2 8 26 4 73884 1.0890880916282613
19 15 6 24 49358 1.0310376830923602
3 9 7 0 42031 1.0167283635656186
19 3 29 10 39241 0.9296225639841461
24 16 12 15 49474 0.9962992789191201
17 11 6 5 41363 1.0912067365876281
22 24 3 9 64165 1.034587032164009
21 15 25 2 45005 0.9322632552474437
17 27 5 18 43775 1.0701336096536558
14 2 18 28 59701 0.9537811046650764
24 7 29 28 61576 0.9675061938834306
28 22 12 19 35803 0.9648626347313086
26 20 20 6 46635 1.0855169501744868
2 22 7 3 59716 0.9129972075624404
1 25 0 6 35093 1.0030753911182055
24 0 7 4 73198 1.079031919207519
20 13 28 3 52565 1.0004421350427048
29 4 7 8 63392 0.9351437582253442
1 5 2 26 38083 1.0407288037805917
26 11 9 9 49650 0.9180664410072406
24 13 28 28 61943 0.9567716811845942
25 6 7 27 79719 0.9350004492942487
27 4 14 21 66533 0.9028201757621853
0 1 26 1 101281 0.9734528726643633
21 28 26 9 58890 0.9436011260991469
12 24 15 1 57238 1.0368230124349889
3 22 20 23 35841 1.0857596859297898
14 27 1 27 37432 0.9981533392835098
15 28 14 2 59592 0.9794587201733419
11 26 9 10 41806 1.08128951177129
15 5 17 23 48162 0.9625616996450601
25 24 25 9 47858 0.9447875042165331
14 24 1 27 35712 1.0913145725938524
24 22 20 2 53150 0.9148389075469009
3 1 3 26 60593 1.0065505013507319
23 17 16 8 42099 0.9305162660191972
20 20 4 9 60113 0.9383709653094118
16 27 12 9 43445 1.0796374142682894
0 2 21 20 70563 1.0800068576113089
6 2 25 13 76857 0.9810349808759194
18 29 5 7 64472 1.0017328193772777
3 23 25 11 68797 1.0842985537989778
18 9 25 3 33841 1.0930852931360746
26 6 7 12 61462 1.0156955404206576
2 19 18 1 70122 1.084415774364736
16 1 27 23 74420 1.0602780011271236
18 13 23 29 38009 1.0474442720125232
28 17 8 12 72156 1.0888032986719964
5 7 9 19 41376 1.0328334974168891
26 13 3 12 76235 0.9830232450931209
3 17 18 16 47519 1.0768049505421635
3 27 19 16 57050 1.0563700517052468
26 18 22 12 36495 1.0245100419769817
25 4 19 26 62775 0.9587569349354211
12 10 5 5 30241 1.045514615294675
27 15 19 9 37971 0.9681462485011395
22 22 7 27 42393 1.0873696753156106
7 11 15 15 34669 1.0892864478118713
12 10 26 12 41091 1.0974906926387107
17 12 29 0 55708 1.0621765454623593
10 13 5 3 48058 1.0863119747573236
2 25 27 26 62916 1.0320673737361847
23 28 14 23 36280 0.9429402813458218
23 9 10 16 49777 1.0919363368874402
29 7 11 13 55626 0.9075125714303692
2 15 0 29 27742 0.9977766817253014
0 23 26 13 80037 1.0596437330829036
0 15 27 21 54189 0.9497873429916217
12 5 5 19 47634 0.9204732724546264
4 14 17 16 57533 1.0882113085987952
25 14 24 24 37488 0.9846573086082018
5 2 7 18 59869 1.027876834203516
18 6 0 28 72536 0.9173563090252089
15 11 18 26 39288 0.9643081569338882
13 9 28 8 44234 1.0792914065357557
0 28 14 16 51718 1.0405191657025683
7 13 20 16 56823 0.981261757804755
17 2 3 11 56279 1.0584894228911281
5 12 20 26 66948 0.9351917187991187
2 2 4 12 34577 1.0675656628263726
25 6 22 20 36904 1.0795410002576753
21 23 26 5 57667 0.9165091914083914
23 28 11 19 42374 0.966365466105309
29 3 21 18 57077 1.005854551733795
29 11 17 5 41310 0.9388395963845548
12 24 14 11 28329 0.9795920755769681
22 23 12 26 29751 0.9663907159287981
29 17 3 0 101132 0.9469537300638016
1 14 16 4 59160 0.9887678212991362
29 13 14 4 55068 1.058674071624671
24 19 24 4 49963 0.9457746073619135
6 25 27 10 69562 0.9450651541630619
14 13 21 5 36211 1.058311691111619
20 13 29 25 45369 1.02802528675312
24 17 11 4 64088 0.9465895592176672
11 3 4 13 52420 0.9954234261075712
9 5 11 16 38374 1.0622908886243352
21 28 5 6 81245 1.0478182943935166
0 1 29 20 85772 1.038109523294888
3 29 27 24 67993 0.9776925260102467
10 28 13 3 56314 1.0857053912568284
12 19 16 13 30801 0.9910532761466362
18 5 6 12 45392 1.0034558362202424
8 21 0 8 37757 1.0747518119758108
6 10 7 29 52711 0.921611489511041
20 15 28 5 49233 1.0520569720142412
22 15 24 5 29438 0.9859596952895825
1 22 29 3 89901 1.082845096538053
4 22 29 21 46465 1.0264122339388921
12 23 16 14 31051 0.9459821721626562
1 0 18 13 60594 1.0542629195152298
22 8 9 18 60591 1.0695903206796682
17 21 1 11 40672 0.9358291211562709
5 20 27 0 98464 1.079378451191087
17 19 29 22 26144 1.0282840028674638
14 22 24 18 31266 1.09856507021503
6 11 18 11 34852 0.9434264535061644
25 3 14 2 52457 1.0940834773874297
9 21 27 3 78987 0.9296500320191018
11 16 20 1 53155 1.0405954181220947
21 25 18 12 30751 0.950955628717645
16 13 5 13 51135 1.0904421398485016
0 5 7 11 32158 0.9623898052498342
7 3 9 14 40063 1.029649925078569
14 15 25 7 45168 0.997416132510913
17 22 5 5 58863 1.0815507292705744
1 17 27 26 62158 0.9416917732331967
27 8 24 28 63572 1.04819739515445
24 8 16 22 49118 0.9168092695196962
15 28 27 14 65501 1.0533640071551835
0 14 15 29 53468 1.037112438699267
28 24 4 4 98726 0.9790512109446954
23 9 26 0 41718 0.9278574350329566
4 19 11 12 43703 1.0744196488316622
0 2 16 11 57663 0.9383659316154442
17 20 14 7 35214 0.9864117448713584
0 9 26 20 66622 1.0831051225563515
19 0 15 24 63083 1.0929025470300693
24 23 23 0 61071 0.9393877916282465
28 12 7 25 71211 1.0424123287905243
14 26 10 16 36139 0.9811022241340955
12 4 29 26 68691 1.07682052894488
11 25 22 0 68138 0.9916410057874011
4 18 24 3 93043 1.008690892814051
25 28 4 27 63725 1.0670127317641598
9 0 20 10 55342 1.0344004925821826
4 20 25 29 55101 1.0801016527314204
15 7 25 1 42738 0.973410173568324
10 5 19 8 31431 0.9931775859087136
10 26 0 2 65290 0.9888489072999669
12 11 7 16 30179 1.09723411200438
11 15 22 23 34905 1.0944863666690414
19 9 20 25 37449 0.9108506349970227
7 13 16 23 48866 0.9912865069935792
28 28 15 26 48040 0.9902700872224374
25 6 2 7 56372 0.9991909780588732
18 15 5 5 52199 1.0801437123657236
11 14 27 19 50893 0.972335994713698
1 8 4 23 38281 0.9657036368885593
6 5 0 20 46473 0.9335296244992207
7 20 15 6 45088 0.9466588650464652
2 7 17 11 41575 0.9615050426149199
28 12 20 26 53195 1.0077073660527232
11 25 3 22 26542 1.0231811431863322
25 16 12 29 52718 0.9986759206203842
18 5 6 0 57364 0.9935358945625787
14 27 16 7 42937 0.9298942836671986
2 2 17 28 77501 0.9857436651262119
10 29 14 4 55594 0.9428459207813796
7 16 24 14 65556 1.0509035272518856
17 10 29 20 42872 0.9945714269806654
5 28 3 19 37163 0.9962866508693945
16 26 17 10 39409 0.9669354016593635
6 11 17 4 43295 1.0051933857754975
9 1 17 7 42500 0.9911212230383619
7 12 27 4 71285 1.0945190598349703
29 10 8 23 64976 0.9401291125203459
25 29 24 6 59940 0.9140150336320221
19 15 1 15 50008 0.9836901002365118
7 13 18 16 50354 0.9511061851387909
28 12 10 26 71909 1.0262246929085568
22 20 27 5 47069 1.0618484141342375
3 3 16 20 71008 1.0548649362117088
11 18 28 1 88845 0.9350872661485099
29 11 15 4 52600 1.0708758779323
8 8 13 29 49793 0.940815391265436
14 13 21 5 36211 0.9600465777062631
26 19 13 23 34168 0.9404177878365758
6 5 26 1 81572 1.024324022470261
20 11 4 18 63576 1.0868831883568344
0 29 2 9 37674 0.9367176374480963
10 17 20 0 65009 1.022191774940099
26 21 21 2 51347 1.0550951204087133
25 26 29 8 54199 1.0701385349912056
9 1 20 29 84285 0.9944065123954884
0 24 13 16 38558 0.9606136892189222
4 3 19 25 82068 0.9165016592134602
2 20 6 4 51084 0.9374355751977197
28 9 16 4 49545 1.0010882401799912
26 4 8 27 88877 1.0025320885142428
22 13 29 29 46582 1.091748688865518
3 24 2 5 44570 1.0024420051506546
1 17 11 8 40123 0.9640885612078723
19 9 9 5 36869 1.0712474828997935
20 3 26 14 46645 1.084562832997747
21 0 21 29 67503 0.990853315663049
9 1 19 10 52063 1.0204196625937039
19 10 5 20 45824 1.0955428074100844
28 28 10 23 64390 1.0539299337191266
13 11 0 8 41350 1.0554318242429945
8 28 20 13 56126 0.9989267681476347
19 29 4 19 48253 1.0245709660026687
22 22 2 28 52059 0.9977748123439717
23 10 7 11 39949 1.0714193136152774
5 0 21 14 81343 1.0502924283314048
8 15 15 28 43845 1.0133158156653819
7 13 14 24 44686 0.9288126651045756
0 18 15 23 42424 1.0139498462241645
20 8 12 6 22243 1.0344095118139347
22 10 15 27 49923 1.0567702500916136
1 29 29 2 102683 0.9070100514235292
20 23 2 13 55701 0.9859079238861094
26 18 21 12 41248 0.9085193028043438
17 25 3 23 38421 0.9654846575391793
17 0 29 22 66578 0.9840725780867465
10 8 23 10 38999 0.9059231719252278
24 23 16 4 60781 1.064296927015808
6 8 15 12 40159 0.9362719972672284
15 5 27 17 66208 0.9568120942020557
27 5 2 22 84798 0.9287656050975146
11 1 23 4 53295 0.9439407812023337
26 29 15 27 33349 1.0449265287328933
20 6 10 29 63360 0.91153344908827
1 24 12 19 25753 1.0690204548619349
19 25 0 9 58842 0.9616796628670838
24 5 3 28 94190 1.0273740224247887
29 14 11 14 62120 1.0331153806692863
3 2 12 16 59024 0.9078452500228911
25 9 8 27 69246 0.9994281003204284
5 1 4 22 66920 1.0055150561417356
20 22 12 24 22457 1.0628250609556655
3 14 5 24 37520 0.9628600086037108
25 11 4 19 69981 1.0288493323810508
21 6 18 22 38985 1.0998477878686177
2 2 9 21 46735 1.0191737968274066
21 3 2 16 81610 1.0236647150791336
21 25 1 7 63314 0.9595381926330078
2 26 28 19 65864 1.0550125070179108
2 25 5 4 51480 0.9185782467455288
8 5 13 18 34241 1.048124145956995
22 11 16 22 34568 0.9434204018362624
14 15 5 4 47051 1.0720088500249516
7 14 18 6 45032 1.0786789142179247
10 18 8 28 36041 1.0420622107093565
9 22 23 10 51213 1.026607121288014
26 0 25 16 60221 1.0227794806707107
22 3 8 29 78065 1.091017922703601
18 14 23 0 43341 0.9356557502116635
3 1 22 13 78355 1.0893950951416564
7 20 4 11 39779 1.0312472052469523
22 18 5 17 47544 1.0345928658350054
12 0 29 16 71120 0.9421443408671992
2 4 29 4 82575 1.089205396301715
23 5 6 25 73077 0.9677744025876894
26 14 8 27 68628 1.0816146437296978
19 1 24 18 57172 0.9610895901236473
2 14 10 20 35133 0.9837713610600557
3 21 20 25 35122 0.9079418497464208
0 28 7 23 34692 1.0331970247433253
16 10 28 22 46260 1.0314408991782793
9 9 29 18 67127 0.9420225436881517
5 13 5 25 44762 1.052425019146324
9 4 27 5 64710 1.0107515378090937
29 14 20 0 54050 1.021159140717476
16 1 12 24 63519 1.0425964246507171
0 9 4 23 40489 1.0957317068481138
4 26 25 23 58742 0.9380007327223223
19 19 7 14 45580 1.024154170900288
15 7 8 20 37807 1.007032890160916
13 12 21 22 35961 1.0150918933428086
13 26 6 15 38770 1.0019290576445414
11 1 5 12 47725 1.086530951282312
5 20 18 27 33408 0.9262021829594154
2 8 26 10 63502 0.9441377413173124
10 3 12 12 32144 0.9680313006168774
4 29 3 3 62689 0.9219677867617477
0 28 3 2 60369 0.9145962078178007
21 0 15 4 48280 1.0351520717541483
26 28 16 5 75308 1.0442934283549195
25 24 2 19 54510 0.9055238736042859
4 18 25 9 77063 0.9981666592186764
26 3 14 10 52370 1.0117018117915515
22 16 1 7 65027 1.0178549002588944
3 29 25 21 54746 1.0809252264821043
4 26 18 20 42277 0.9494163871201112
5 6 0 25 44248 0.9413806283648477
5 7 22 2 48578 0.9151277061154688
1 25 21 21 37814 0.9139164163428402
23 14 18 21 25008 1.0140997745214202
4 19 22 20 40513 1.0288899738833353
0 13 17 10 49547 0.9338420129090479
13 17 27 14 55634 0.9383637107109519
18 1 11 12 37369 1.04384587192227
14 8 21 16 41202 0.9506303199710604
28 1 7 4 85161 1.0391267120699883
23 25 21 6 45696 0.9897172509079133
16 28 16 9 51390 1.047852293408822
29 24 26 11 42005 1.0638076085994765
29 7 17 21 52765 0.9764717008743533
24 21 1 10 52593 1.0666413714662353
4 10 11 27 55680 1.0050716152549999
11 17 3 3 62620 1.0271189871443722
1 24 21 18 51099 1.098083020864151
12 28 0 23 41059 0.9233220260492515
27 2 22 11 40656 0.9210066204516755
20 23 10 29 36895 1.0287389438141474
15 21 15 5 39421 0.9124481768631236
4 12 16 4 55783 0.92250751957221
17 27 26 12 56638 0.93443375564477
17 21 4 2 73603 0.9885475952576976
16 2 25 22 61962 0.9495588848631695
12 17 1 5 47451 1.0829483213069202
27 7 21 23 52052 1.0085456701588822
0 0 23 15 84006 1.087769544807602
14 27 5 17 39498 0.9561760132502117
22 29 25 22 23493 0.9437246935361349
7 28 4 21 27408 0.9193086403096281
25 15 27 3 47585 1.0821964709609018
12 8 27 6 41785 1.0691563713148298
29 3 17 20 63465 1.007229969465673
24 12 28 4 39790 0.9832804332506347
1 21 22 10 55494 1.0273837680457336
26 9 9 11 48751 0.9698515389466303
5 0 7 25 77462 0.9891721816964469
17 5 19 20 36949 1.0390068612940446
16 18 27 3 73769 1.0842026491532901
16 7 14 22 34645 0.9673814591014055
20 6 9 29 65867 0.9591708269237026
9 27 21 26 42117 1.0328119515280405
24 0 8 7 60316 1.0880724327171742
25 16 0 23 64424 1.0346387388569218
9 7 23 0 50249 1.0205251050449387
13 17 28 5 62014 1.0256684984111148
4 7 7 29 56078 1.0805979010674336
20 23 14 3 53864 0.963783507697816
5 27 12 2 66257 1.0671225881768087
1 27 14 24 35712 1.0242608539312976
9 19 28 10 67363 1.0194676325024599
18 14 6 23 45218 1.0543224386820016
24 24 25 12 44307 0.9872298043838401
6 17 23 3 83273 1.0172635670670838
7 16 17 21 34362 1.0672089720559592
18 23 14 15 25561 0.9104958086463899
5 1 11 8 39519 1.0468918487264416
12 23 20 26 26401 0.944034308717306
23 17 1 12 60583 1.0706695373955726
8 19 1 1 45636 1.0898626528959205
9 20 24 25 38683 0.9087993822286786
20 20 9 18 35917 0.99210179017554
0 18 24 17 63888 1.085994537189547
12 11 3 7 29790 1.092294113042141
23 2 11 26 73543 0.9308909431717731
5 23 23 0 82522 0.9903324193723593
2 20 25 15 57966 1.0107004775519672
27 16 13 20 44481 0.9482405051239251
25 28 3 2 98813 0.9054507160978348
11 27 24 23 42942 1.0728546764585465
9 15 22 13 48458 1.0700987141734686
13 5 9 22 38215 1.0230312111905713
10 16 22 9 46074 0.9986844287774355
18 26 28 23 36104 1.0781270877562998
14 23 24 3 67427 1.090661304158688
23 5 5 18 74644 0.9036900406705688
12 14 20 2 43049 0.9558431192266689
27 20 12 18 34316 0.9503679389701496
6 28 24 20 58849 0.9501259356913722
1 4 25 5 67080 1.0129456238705083
13 5 4 2 46658 1.0915508697807035
0 7 23 1 69181 1.0672072832215196
29 27 22 15 37182 0.9669064236992602
24 18 4 14 73598 1.0287532287595902
11 27 16 4 60172 0.9664371619207038
17 13 21 20 28236 1.0363032116060988
12 24 10 2 55564 0.9267911787324217
13 27 29 26 44002 0.9641063825581327
28 25 28 13 38616 0.9817213987103067
7 24 25 22 43169 0.9665250186284775
26 6 13 7 35276 0.9981594759492606
4 3 14 5 48789 0.90861783968507
13 16 28 5 60316 1.0540314593892965
4 2 26 6 78579 1.0558887871569667
1 27 11 4 64367 0.9540438159264887
15 9 5 27 59104 0.9364447968907379
5 13 19 3 58263 0.9375099642970111
11 26 19 13 40998 0.9010892358054454
0 27 16 15 52351 0.9108649516800188
22 12 14 18 40979 1.0698147833163318
6 10 16 2 50106 0.9583388724371056
18 4 22 29 53139 0.9431747133221217
24 1 7 19 85953 1.0693549374703764
28 11 16 25 57137 1.071859569999138
25 20 27 5 55862 1.0619912489072454
29 10 6 27 82062 1.0891675966617866
4 26 28 25 63810 1.0665002557857914
26 12 3 17 82266 1.001108090712831
1 7 10 5 30087 0.9389835018618774
16 19 25 7 49165 1.0963227567120524
6 3 26 21 80821 1.0316761310116482
7 15 27 7 65790 1.092567940088611
28 20 3 23 51803 1.09172452392119
12 3 28 10 47539 0.9307203789683389
28 25 3 1 100452 0.948349544273158
13 21 16 28 24051 0.9170873252748992
2 17 12 20 31731 1.004895842182631
28 8 14 8 41006 0.9997277587440263
2 8 24 13 69716 0.9026942367167086
14 2 21 25 61522 0.9438170818607114
20 15 18 7 21884 1.0092775304068828
15 29 21 13 51447 0.9984046568734757
9 24 13 12 34971 0.9180777072985545
16 12 7 0 55994 0.9088733228703905
2 1 7 18 62590 1.039415423460454
3 13 17 0 69699 0.9604738455461499
1 13 25 3 78241 0.9589648652617342
26 6 24 21 46796 1.0376776727748813
9 2 26 14 80109 1.0723086279434697
25 26 0 10 70181 0.9832735340705868
27 1 16 29 90478 0.9182597639857667
7 0 24 16 81974 0.9061684282075633
25 12 28 21 35856 0.9680812169865125
17 4 15 13 36255 1.0778935647950902
0 2 11 9 42437 0.9371307684306939
25 9 5 2 71525 1.015195816793178
26 22 28 2 62421 0.9965061324105864
6 6 20 10 43686 0.9500257894824096
8 19 21 5 59815 0.9753358601736097
1 10 25 25 64094 0.9199522456561467
1 22 10 15 34695 0.9948351614789022
0 3 4 16 44053 1.0296068089752775
17 6 12 26 46194 0.9138486063424668
2 13 27 28 84074 0.9602648817248659
22 23 11 8 47703 1.0846859164417744
19 26 25 3 66221 1.0211235232854894
20 0 25 13 44645 0.9880536239500101
8 21 0 28 28699 1.0177631649257406
29 5 6 13 79923 1.0893941431330902
13 26 25 0 82210 1.0232920222869257
14 0 23 9 46093 0.9559691257052503
13 14 7 8 30537 0.9768787838221502
23 1 10 23 77911 0.9769603417442199
14 18 26 11 54640 1.0039804889105497
6 16 28 10 72846 1.0712581402206198
23 23 29 4 57150 0.9834453146064193
24 20 13 18 26850 0.9868408808562008
7 27 15 7 53664 1.0031336864219471
1 0 0 20 34785 0.9723504187667884
26 24 7 21 45162 0.9418336889060318
1 29 12 8 53990 1.004535773528264
4 5 27 28 99763 1.0901300972873216
17 22 23 12 33411 1.0272226818710792
26 18 29 5 50984 0.9908471424695541
9 26 21 27 39875 1.0945690823987284
29 10 13 8 38920 1.043500638995055
9 2 13 10 33942 1.012478496130928
20 6 10 22 51441 0.9065014700333125
16 1 10 28 81667 0.9994035345765936
22 13 26 25 32976 1.0550592957391656
26 2 16 21 68370 1.0795891240261175
19 27 9 21 29317 0.9570525287554623
20 15 18 1 32776 1.097553779784684
22 16 2 21 40979 0.9366064419013249
7 1 18 22 66791 0.9228988452848083
8 8 22 14 45622 1.0525341766809366
18 0 10 2 48835 0.9684530162541789
0 23 17 10 56190 1.0603594904213307
1 20 0 1 38196 1.0350837324748308
16 4 6 3 56664 0.9937168621310315
6 21 23 9 53169 0.9159603858014417
4 6 11 23 57320 0.9592745223320378
27 4 3 23 90552 0.9274285625980012
3 29 21 14 69486 0.9784473565467567
8 6 12 26 48715 1.099979894164473
21 17 16 22 28277 0.9600002507373235
25 2 4 12 79745 1.0393307198922905
18 10 0 17 58031 1.039007235304014
20 2 7 4 53278 1.0486384439529768
0 0 16 14 73462 0.9419723822889755
14 19 11 28 27806 0.9582699485902563
17 3 9 6 34120 0.9417214901317881
23 16 21 8 29483 0.9048609121309057
4 5 25 6 61535 1.0896222865435605
2 15 13 6 45816 1.0914004166301368
3 25 19 19 43653 0.9929991824567167
26 7 8 7 42529 0.9072250322763941
11 14 21 29 49478 0.9805376918096421
2 1 7 17 61319 1.0983817925176032
17 22 6 29 41062 0.9927346365678145
21 9 18 26 40677 1.0122381496786999
26 29 8 1 88684 0.9951758437334155
29 18 17 5 58335 1.0702550207569244
17 15 26 17 44662 1.0711280263841645
3 11 20 12 49175 0.9507665517945315
14 24 0 24 40209 0.9344866021473441
28 1 0 4 99539 0.9253319931173143
29 2 9 26 92672 0.9310479259047671
27 21 22 13 24952 1.0295020721143393
26 10 3 28 84975 0.9810473135298682
1 27 23 0 91669 0.9436559588632468
2 25 27 22 53748 0.9867146390390329
10 21 1 14 24417 0.9428432831390927
4 8 1 22 37777 0.970946731126027
9 25 23 1 77945 0.9959187665585332
4 13 24 8 69839 1.0822190908573177
28 18 13 28 52364 0.9506053830866037
1 24 25 22 46135 0.9653091006837573
14 29 8 24 23995 1.0094575544892537
14 19 19 12 33417 1.0630497261079768
8 16 0 0 53486 1.0139673926510069
11 24 11 7 40522 1.013141217933105
29 18 11 8 62397 0.9008057107637066
21 10 1 28 64238 1.0984416360896943
27 14 5 15 82009 1.041817057927227
12 0 11 28 58785 1.058643054101236
7 27 18 9 56315 1.0465569976715579
27 12 5 5 69658 0.9377130364043035
1 7 16 1 60760 1.051159271393935
29 5 26 22 48408 0.970548908610018
27 25 28 2 67072 0.9653881548157284
6 24 21 15 56802 1.0814641175459243
11 16 22 24 38650 0.9725503953248125
24 13 8 24 56713 1.0189866100105396
14 5 22 2 33408 1.046176769077067
21 1 27 15 55856 0.9651000833289543
20 16 27 11 35901 1.0124881959002834
1 17 8 12 31685 1.0822917345538665
26 12 13 7 42901 0.9122097570753992
9 1 19 2 59501 0.918154036822332
25 17 6 17 63681 0.9566180863975731
13 11 29 17 52382 0.9960808415986856
13 23 7 14 33635 0.963574555184399
22 1 11 21 58040 1.0561856235484148
19 9 23 15 22979 1.0104183939495113
16 20 8 26 28996 0.9969122089031809
4 25 23 9 68707 1.0938571296554649
9 9 2 27 52641 1.0202633864247173
0 15 22 16 55917 0.952538833436491
7 25 21 28 46774 1.045023289478935
13 11 8 28 41273 1.072666067071485
2 14 12 18 38736 0.9133995449249906
26 0 10 8 70662 1.0178894573051247
29 11 26 3 37254 0.9879268808850118
5 25 25 24 50216 1.034415092773128
12 24 16 11 35917 0.9893363383420392
10 7 1 15 34049 0.98038350860236
2 16 25 16 68904 1.0098624555870477
18 15 11 8 32623 1.0945892851390642
22 13 2 12 60274 0.9876590823017175
20 28 29 13 51245 0.9872169768038283
8 10 17 15 34622 0.9184448339964333
21 5 9 11 43815 1.0074619838370005
4 18 26 19 60383 0.9475207197202744
19 9 17 23 32344 1.050077480128666
23 8 17 17 37849 1.0878925237035
18 7 26 19 48375 1.0221727476786173
14 5 26 19 61726 0.9430787936863237
2 10 29 21 63591 1.0934769895862522
13 13 5 29 46930 0.9904177330721958
25 1 11 9 58291 1.0758614651091156
28 14 13 17 55630 0.9216274597959976
4 23 11 9 49209 0.9947803391129447
0 25 0 12 27358 1.091623919525135
26 2 17 24 75260 1.0071921910870156
27 16 14 19 46964 0.9741581062916121
12 3 5 26 59931 1.0562845713841926
5 14 7 6 34417 0.9038650546611652
1 20 27 19 50246 1.0026496068463224
26 28 0 19 70764 1.0209588897282895
3 15 23 19 56761 0.9757000368346638
20 2 23 13 35163 1.0133719524684124
10 28 5 2 85531 0.9745587203296272
8 28 12 5 53577 0.9109056096187107
1 26 12 9 47254 1.0437157505381307
28 12 19 4 44664 0.9201692512197688
14 5 2 29 64130 1.0096750012066866
17 24 2 4 67212 1.048911514973135
20 15 26 27 42931 0.9343172233445035
28 5 20 24 65197 0.9134416008495895
24 7 12 17 45275 0.9269986471916347
28 4 12 7 52720 1.0946593950475032
10 16 27 17 63353 1.017495863421936
2 13 8 2 43518 1.0617233749286108
26 24 14 13 56143 1.025697624305105
18 11 27 28 55958 0.9673866361437087
6 18 15 11 53374 1.0210055397405913
3 23 27 4 90552 1.0870653621648783
22 25 20 5 46058 0.9927975225984229
11 3 8 23 51676 1.0501188301515227
7 3 14 23 59633 0.9821372246151914
26 8 19 14 34783 1.0226377865693952
17 6 17 21 32923 0.9033929700685803
19 11 12 27 43975 1.0093083390535915
24 0 22 10 34121 1.058537546349059
29 15 21 19 35768 0.9997417108866699
10 0 0 13 63333 0.9671237491627451
1 7 7 19 40826 1.077845915697704
14 19 22 3 53228 0.9242462764221328
21 19 13 1 55690 0.9917393112164614
12 18 10 4 39185 1.043270219447212
0 29 10 2 77262 0.9308870682490287
6 19 19 8 58611 0.9514521987000757
0 12 14 3 53398 0.952155560504173
18 28 5 15 54917 0.9781638480953241
9 23 8 7 45138 0.9814939587721252
21 23 19 2 55882 0.9002528544218182
26 28 3 29 60987 1.0227618219921277
1 14 16 16 54971 1.0722964567170006
15 24 10 8 50717 1.0404646109183582
3 2 17 8 55698 0.9722796006301955
15 3 17 26 62869 0.9739992109138275
17 10 12 19 28568 1.0443949661980152
11 15 8 25 30133 1.0596120370289706
29 7 2 5 71017 1.012979368474827
19 6 7 16 53096 0.9762873132216459
14 2 6 27 67853 1.0054891764332574
23 8 0 18 76826 1.0560779446133008
26 0 10 22 91400 0.9351524520082833
12 20 2 4 51826 1.0777316726297324
16 28 26 0 94644 1.0351836791348346
22 16 5 4 66684 1.0046196623088697
1 11 7 27 43628 1.0270969315928893
15 5 19 11 25014 0.9783767542804628
9 12 19 0 53906 0.9627819958611424
28 15 17 15 42017 0.9349146963196893
25 21 2 23 44178 1.0868438916582863
19 21 5 0 78040 0.9228947300157809
11 21 1 2 44308 1.0452388744695464
13 13 8 28 37624 0.952062880939657
3 25 28 5 97182 0.9029723776380602
17 18 1 21 32159 1.0618253910408086
11 12 19 14 33221 0.90612044767634
16 27 12 9 43445 1.0189034038883613
20 22 7 25 33439 1.0121818593064755
0 17 13 1 61521 0.9223853072138551
9 26 16 19 34434 1.094746874515965
8 24 11 0 60147 1.0230812792283033
4 21 15 3 56832 1.0464883850490352
27 24 8 23 46757 0.9914264324858373
19 11 27 28 59395 0.9619011539654628
23 5 14 13 40721 0.9303014834963929
4 17 16 14 58203 1.0709891716393298
29 6 13 1 49645 0.9911731129895525
5 4 10 15 44135 0.937699464302606
28 6 29 24 47374 0.9548849782169802
25 28 24 7 57815 1.012187170069593
11 19 4 1 74667 0.9756278265680444
18 8 2 17 61383 0.9233634294805494
24 12 15 0 59912 1.090211385371787
4 1 7 24 76221 0.968681593931612
11 23 28 0 93384 0.9566566537732133
10 21 29 5 69424 1.0674661545286097
12 4 29 22 59300 1.0316216266204057
18 5 24 10 21507 0.941647313402142
13 7 28 15 56221 0.945624120487011
14 12 25 5 43047 1.0846729290619115
24 22 20 3 50157 0.9575585766229628
2 29 23 11 72340 1.0402927483337074
10 20 0 0 57910 0.9920366176899881
26 17 5 17 65819 1.0535970757220952
10 6 25 21 54953 1.0817570161113979
8 2 26 14 73791 0.962240556234294
17 10 22 15 21573 0.938282575135657
10 14 19 23 39993 1.0927657104945019
5 24 15 13 48480 0.9573329648899277
17 17 5 27 48401 1.066084343297402
24 26 13 4 59289 1.0495805544084744
20 4 4 8 50935 1.0769693311961044
1 3 12 11 39435 0.9504814703164028
14 28 29 13 61243 0.9198275195773843
20 1 27 19 64644 0.9587802560211471
24 29 12 8 60486 0.9935542272452532
4 19 18 2 66947 0.9775592080874926
19 19 18 7 28369 1.0779011703348884
6 25 23 20 40244 1.0782834561617622
2 11 12 23 39873 1.0959104583455082
22 23 6 29 49478 1.0257737065387913
28 8 12 16 57373 1.0159962000555993
18 15 12 27 32005 0.9806630334078983
16 20 20 26 21687 1.0084186107478283
4 26 4 14 45486 0.9067749409830655
15 9 20 22 38713 0.9530706761615291
16 15 15 4 40638 1.0481909322890257
10 24 6 18 40745 0.9768074882938693
22 13 13 16 35993 0.9375143953560973
0 16 21 18 60632 1.0146098943212913
7 21 17 17 25890 0.9049162401824015
23 4 16 18 56655 1.0276530022412211
25 9 11 13 43603 0.9043132814354866
4 15 9 7 36245 0.9652992694227708
4 10 27 19 71766 1.0129888429473495
17 3 25 18 60711 1.037076144283997
13 17 20 20 21189 0.9179370309275816
18 20 20 10 23550 1.050005470089729
12 12 29 13 50388 1.0929937512407926
14 23 3 23 29791 1.010015206037071
22 3 20 28 57772 0.9371510273471145
6 10 11 17 32270 1.0992109958494776
21 23 9 7 56226 1.0265223776516195
1 15 21 28 63387 1.0142009941193864
22 0 29 23 58951 0.9676114302198168
16 12 29 1 58107 1.0915516442063442
22 13 27 29 43809 0.982999957383677
17 1 24 29 70775 1.0454577064035955
7 2 21 4 57851 1.0410233315003454
2 26 21 13 69358 1.0858015075037557
15 5 29 23 63933 1.0333675756211265
18 26 28 25 25565 0.9000098749851894
23 27 5 10 67603 0.9449965256407515
3 21 29 3 84351 0.9093880182333545
6 10 14 28 51882 1.0591118340246963
29 9 15 17 57648 0.9611807401021826
6 22 15 12 41328 0.9498670445484324
26 12 13 10 38374 1.0641081207176106
7 7 0 29 50896 1.0425554682385116
23 16 27 24 34068 1.0260900887647793
28 21 5 14 62091 1.034263562801538
2 6 15 20 54664 0.9452493058316981
2 18 8 0 57735 1.0858133754424861
18 14 9 16 40660 1.0454582322722106
24 16 6 5 72115 1.0157823655390514
20 2 20 28 63232 0.9664678998804201
0 0 19 25 75401 0.9167584852488916
21 14 18 1 36966 0.9680390951028963
3 10 3 22 28894 1.0127029285489537
16 26 8 17 35040 1.0941846117140361
28 9 17 8 35485 1.0919142004879565
1 19 12 17 27162 1.00707013640111
4 13 22 18 70035 1.0831667716705746
1 1 29 23 80550 0.9358554061510619
0 27 24 20 52985 1.0671827483254461
26 5 29 12 28643 1.0286036439069315
19 24 1 20 36631 1.0981141413589557
3 13 1 5 24368 0.9840371878637506
5 10 25 23 64223 0.9234925026348108
14 1 20 8 32959 0.9389099982133076
18 5 19 24 38465 1.0411288325444035
22 11 10 10 29419 1.0809935742453123
4 2 29 9 85271 0.9549863930040408
0 28 14 21 38300 1.0817588848040467
26 29 18 7 57401 0.9618439394240117
22 19 29 24 23636 0.9240132828872148
27 5 22 16 39349 0.925086642313628
8 17 21 2 68972 0.9396681922521952
9 21 19 25 24617 1.0458041920574825
8 18 23 0 77864 1.0336371542127307
20 14 20 29 39014 0.9590604174153637
23 1 0 13 83999 1.026260285651933
29 21 6 28 63500 1.0229063633044206
2 1 18 17 72468 1.063244914581749
29 2 10 24 91009 1.0971539182041303
27 8 27 29 61862 1.0327906934506972
24 2 9 8 56297 0.9772830721025846
10 4 28 3 74430 0.9426929445648047
19 27 14 13 42564 1.095705525902114
28 10 22 1 31436 1.0637363767994055
7 8 2 27 52987 1.046993517279684
26 18 8 5 75630 0.905529767800532
21 1 12 21 64027 1.0432454929789021
8 0 22 28 79644 1.0914109898380784
11 4 26 7 44319 0.9370948375326984
2 20 23 8 66834 0.9140135519835034
28 24 20 10 52335 1.0170871649420947
12 28 16 2 67256 1.074733916530677
0 22 29 18 58925 0.937188719595887
7 27 18 1 71134 1.0618100938907804
28 13 16 4 60437 1.0019537815267174
5 2 27 22 87489 0.9717193553164468
5 12 27 23 75264 0.9453598517713085
26 18 0 3 90105 0.9011177865588689
9 25 1 17 27875 0.9424729550717253
26 23 7 10 64934 1.0763819617691532
20 8 24 1 32297 0.9504513771809645
21 11 18 24 33876 1.0205778013608484
5 14 25 11 64277 1.0152922167007152
6 14 18 2 58679 1.0049990966028874
28 5 18 15 50294 1.0130958449790215
27 25 0 24 63764 1.0896160838692306
24 23 25 12 40727 1.026401124641667
1 14 17 7 47623 1.0086567988457544
20 15 17 23 24667 1.0211495276411902
16 3 9 28 75872 0.9291710356216115
25 26 13 25 31888 0.9448712003824431
9 7 25 25 61461 1.0921737675784542
18 12 28 2 54397 1.0911729456255654
3 18 27 4 95030 0.9201200456839422
13 21 15 8 31882 1.0106244314612594
5 23 14 2 56924 1.055915665594384
17 29 7 3 74899 0.990588381668047
29 11 5 21 61166 1.0643928013918185
29 14 1 25 67226 1.0209196629242674
28 15 6 26 72188 1.0317875554780949
17 0 28 9 52895 1.0077855766660277
9 9 19 26 54604 1.048437108572536
29 28 5 4 95493 0.988363502606802
18 3 15 13 32930 1.096159853625847
29 22 5 3 84999 1.00468125581864
9 27 26 12 74655 0.9437601983602503
12 28 1 13 43982 0.9736425932220633
20 23 13 9 37415 0.9419304262909994
24 14 0 27 69637 0.9044369863177685
13 18 27 7 51098 1.0834335706603349
27 7 6 1 75525 0.9973200400491862
13 8 5 18 43951 1.0353393256545302
15 29 5 15 52214 0.9497135851844165
18 23 26 20 20460 0.9046654923490958
18 3 17 28 49519 0.9339228168268384
15 29 9 10 47263 0.9525262700744859
7 27 19 3 72554 0.9611654384465739
29 16 1 19 59011 0.9978338009778084
25 21 13 29 33085 1.0068537139171343
25 9 12 20 49858 1.0308526431870146
23 24 5 22 40199 1.093397143392976
13 27 0 10 47512 0.9285421842568429
4 1 25 8 80457 0.9109063598414783
27 9 24 22 44744 0.944146010726132
27 24 18 0 65093 0.9777262271643461
11 12 29 15 58855 0.9464428971053954
28 16 11 26 59422 1.0283813575186995
0 6 11 0 51689 1.0849934464101927
12 18 6 22 21758 0.9704112076795763
15 21 29 29 41178 0.9617084459020044
8 25 29 4 83802 0.9540992693649214
28 5 18 1 45358 1.032715562451367
19 6 7 16 53096 0.9265969072951565
14 2 0 6 49914 1.099597816710159
3 3 25 22 84035 0.9152622999308755
10 12 29 19 58218 0.9441877270600988
26 21 17 13 32604 1.0156792382705389
16 1 11 6 40783 0.9467909258758567
27 29 2 18 71160 1.0441456968428218
22 28 13 12 43170 1.093730167057294
0 20 25 29 59781 1.0252010198456842
2 2 26 0 99128 1.0626120282308293
3 0 25 7 79694 0.9249708329293679
10 8 17 18 48147 0.9649745305354367
10 29 26 6 80554 0.9696288389456248
13 28 28 13 64612 0.9296761878148525
27 29 8 27 51077 0.9650302985889282
9 1 19 6 49696 0.9562831160921859
20 26 0 17 54093 1.0751359418905067
12 23 20 10 39385 1.0014085560761583
3 12 4 2 43486 0.9509756901932263
19 22 24 4 51589 0.9421372156392511
0 3 23 12 74217 1.0092512344211952
5 7 20 19 58769 1.0840805959372721
10 21 1 22 15153 1.0278587718477326
21 2 9 6 48432 0.9210705626200483
29 7 13 12 45734 0.9492372018027764
2 22 9 4 58082 1.022382249545956
24 29 12 6 61794 0.9281958520173241
19 29 28 13 60757 1.0291908980154723
9 9 1 3 30614 0.9762563780942963
9 28 9 5 65790 1.0275893719662261
12 19 12 7 23323 1.0916130854047803
17 28 17 0 62917 0.9706101461808235
9 8 11 21 39814 1.0492782801970721
1 24 19 1 74554 1.0466476105825713
4 12 26 9 65116 0.9820626589532622
6 6 1 15 30644 0.9428211101588033
