6351 6540 6551 6306 6456 6509 6543 6569 6585 6324 6362 6304 6433 6529 6282 6413 6554 6600 6281 6579 6587 6429 6449 6490 6389 6586 6578 6514 6288
7917 8102 8038 8065 8086 7976 8121 7995 7955 8137 7831 8083 7938 8081 8036 7972 7895 7936 8071 7953 7964 7974 8033 7919 8123 7843 7914 7986 7918
1442 1319 1213 1187 1359 1428 1390 1168 1167 1466 1167 1206 1294 1240 1202 1264 1230 1423 1401 1364 1345 1415 1286 1311 1444 1174 1283 1387 1422
2637 2679 2578 2551 2683 2805 2745 2749 2841 2543 2580 2646 2614 2726 2657 2571 2844 2564 2556 2742 2573 2684 2556 2826 2790 2852 2659 2693 2576
2305 2311 2387 2097 2360 2355 2146 2201 2152 2171 2352 2393 2326 2181 2348 2173 2153 2122 2187 2238 2354 2178 2166 2188 2375 2133 2245 2387 2242
8765 8633 8657 8730 8549 8761 8667 8696 8505 8642 8533 8623 8548 8584 8614 8752 8802 8547 8510 8663 8784 8500 8786 8485 8537 8768 8538 8750 8608
1990 2000 2059 2180 2166 2121 1987 2158 2133 2026 1998 2243 2216 2122 2239 2176 1961 2251 2202 1966 2049 2001 2077 2174 2197 1981 2257 2261 2091
2455 2513 2546 2534 2521 2418 2537 2611 2618 2669 2406 2452 2713 2657 2415 2565 2487 2431 2665 2525 2710 2503 2685 2501 2488 2563 2653 2427 2690
2838 2821 2798 2794 2725 2845 2636 2704 2763 2833 2740 2841 2576 2586 2744 2809 2616 2819 2732 2606 2657 2848 2640 2802 2668 2714 2562 2730 2593
6507 6589 6571 6339 6523 6330 6372 6397 6369 6380 6306 6531 6331 6314 6394 6341 6530 6440 6424 6424 6578 6371 6552 6448 6400 6388 6438 6430 6445
2592 2514 2625 2421 2604 2513 2362 2561 2599 2629 2423 2615 2611 2489 2406 2523 2607 2631 2545 2523 2453 2426 2557 2609 2463 2360 2473 2515 2329
3174 3457 3321 3396 3175 3321 3364 3418 3291 3390 3180 3387 3398 3209 3303 3193 3334 3476 3473 3401 3285 3340 3350 3403 3173 3224 3328 3376 3216
7386 7279 7121 7184 7110 7094 7122 7379 7234 7079 7359 7245 7166 7222 7278 7181 7310 7235 7228 7152 7143 7339 7199 7076 7352 7105 7280 7298 7365
8323 8356 8460 8332 8386 8451 8240 8369 8480 8367 8440 8158 8413 8244 8478 8308 8171 8203 8302 8176 8184 8348 8263 8311 8337 8305 8389 8473 8232
3654 3479 3667 3472 3564 3563 3618 3603 3492 3738 3604 3557 3608 3660 3652 3732 3689 3686 3476 3714 3736 3469 3530 3644 3706 3693 3458 3627 3612
4536 4333 4335 4352 4294 4303 4418 4530 4357 4434 4528 4564 4389 4511 4339 4585 4514 4332 4409 4381 4420 4432 4478 4436 4382 4547 4331 4566 4386
1799 1814 1646 1665 1751 1589 1590 1717 1826 1617 1806 1667 1655 1873 1724 1667 1707 1837 1703 1910 1717 1887 1876 1664 1875 1678 1652 1780 1599
8077 8136 8098 8107 8053 7894 8038 8057 7828 7885 7945 7975 7949 8020 7869 7977 7874 7971 8024 8106 7939 8110 7882 7902 8016 7916 8011 7827 7827
5243 5300 5028 5300 5080 5257 5325 5088 5048 5055 5141 5111 5127 5282 5173 5262 5258 5248 5293 5243 5204 5133 5344 5317 5263 5151 5336 5334 5067
2469 2255 2453 2347 2276 2505 2518 2513 2429 2334 2482 2352 2530 2245 2519 2431 2334 2485 2481 2239 2413 2283 2504 2503 2375 2419 2357 2372 2396
2579 2584 2459 2455 2354 2552 2543 2613 2515 2478 2550 2505 2473 2424 2649 2371 2589 2515 2621 2542 2606 2457 2590 2394 2477 2592 2407 2618 2667
5283 5231 5130 5248 5145 5325 5227 5200 5161 5294 5043 5114 5022 5198 5316 5295 5086 5060 5096 5269 5160 5125 5227 5160 5088 5155 5321 5150 5016
1694 1628 1556 1782 1557 1574 1647 1783 1600 1576 1550 1850 1818 1651 1758 1638 1746 1644 1794 1698 1834 1756 1744 1648 1657 1661 1849 1839 1748
4238 4395 4424 4464 4298 4419 4257 4405 4510 4276 4421 4246 4438 4368 4285 4295 4371 4547 4425 4389 4284 4349 4300 4507 4520 4504 4270 4474 4342
7261 7303 7063 7077 7176 7069 7108 7159 7340 7144 7041 7055 7089 7119 7330 7048 7104 7218 7067 7150 7216 7046 7194 7333 7188 7033 7228 7125 7304
1806 1767 1788 1709 1860 1967 1731 1691 1938 1715 1699 1948 1946 1769 1937 1820 1782 1679 1853 1690 1697 1773 1758 1880 1964 1701 1871 1685 1860
8764 8585 8750 8667 8692 8703 8537 8622 8649 8623 8623 8520 8562 8672 8637 8545 8700 8598 8681 8686 8687 8500 8757 8696 8591 8788 8792 8663 8783
4912 4894 4626 4878 4730 4929 4913 4759 4664 4936 4721 4708 4688 4735 4856 4661 4930 4850 4944 4791 4832 4792 4680 4878 4815 4848 4751 4819 4911
8252 8267 8255 8373 8533 8511 8251 8499 8372 8250 8275 8462 8417 8557 8390 8503 8386 8560 8545 8569 8341 8295 8360 8522 8432 8364 8345 8268 8538
3010 3017 3050 2806 3071 2809 3084 2871 3084 2890 2835 2977 2929 2954 2965 2853 3006 3045 3091 3001 2954 2995 2924 2809 3023 3045 3092 2930 3022
4907 1913 2113 1410 6617 3965 1584 7098 7078 7561 8549 4119 2012 4734 2397 1468 7344 4896 8139 3941 2199 6967 3829 5161 7053 1577 5365 1170 4807 1659
4793 1964 2178 1465 6602 4099 1786 7153 7087 7455 8496 4244 2022 4734 2458 1597 7363 4763 8183 3777 2344 7044 3600 5120 6853 1520 5120 1349 4953 1805
4742 1701 2170 1516 6687 4070 1665 7147 7182 7514 8525 4172 2148 4939 2630 1700 7355 4686 8105 3828 2475 7025 3680 5111 6884 1388 5157 1335 4923 1770
4886 1873 2166 1306 6773 3976 1617 6870 7143 7651 8522 4264 2133 4715 2627 1663 7546 4800 8279 3797 2398 6875 3821 5017 7053 1338 5310 1156 5095 1908
4856 1686 1990 1595 6622 4084 1765 7056 7306 7470 8564 4126 1881 4926 2455 1667 7532 4664 8384 4020 2445 7055 3840 5140 6882 1366 5292 1280 4931 1879
4859 1791 1937 1279 6745 4032 1550 7116 7082 7708 8439 4247 1994 4659 2573 1750 7331 4826 8319 3859 2437 6949 3752 5060 6938 1649 5196 1249 5106 1773
4755 1936 2025 1554 6624 4246 1763 7142 7049 7486 8581 3979 2139 4726 2402 1500 7345 4739 8233 4037 2346 6811 3817 5219 7033 1646 5255 1194 4826 1643
4671 1902 2010 1308 6631 3991 1713 7159 7231 7499 8599 4302 2144 4651 2653 1658 7591 4696 8316 3724 2485 6859 3893 5116 6963 1529 5088 1363 5095 1716
4709 1705 1984 1597 6679 3984 1691 6985 7200 7601 8741 4243 2108 4733 2525 1605 7521 4764 8292 3804 2478 6987 3682 4958 7063 1453 5091 1201 4877 1727
4715 1856 2002 1447 6770 4184 1748 6909 7137 7422 8614 4217 2191 4929 2450 1614 7635 4884 8159 3781 2216 6922 3871 5247 7019 1414 5349 1372 4832 1798
4943 1736 2021 1387 6836 3959 1586 7001 7202 7626 8450 4000 2048 4726 2487 1500 7611 4743 8187 4000 2377 7053 3781 5143 7075 1370 5372 1322 5092 1748
4698 1772 1939 1456 6548 4182 1474 7019 7281 7534 8641 4127 2054 4819 2497 1724 7641 4875 8272 3929 2496 6793 3613 5025 6886 1488 5197 1221 4880 1784
4880 1701 2009 1598 6593 3977 1695 6862 7009 7579 8456 4231 1878 4698 2633 1762 7362 4635 8337 3978 2424 6776 3736 5042 6847 1615 5072 1231 4786 1852
4700 1926 2011 1325 6774 4095 1559 7165 7299 7679 8718 4137 1972 4658 2612 1489 7391 4687 8275 3983 2254 7018 3837 5152 6826 1433 5271 1176 4830 1687
4752 1768 2086 1427 6850 3996 1708 6869 7172 7715 8626 4043 2121 4904 2549 1584 7443 4711 8341 3792 2278 6908 3875 5100 6914 1491 5241 1153 4891 1901
4878 1945 2174 1502 6542 4017 1541 7010 7231 7443 8543 4235 1968 4938 2524 1653 7370 4723 8133 3845 2437 6802 3696 5200 6956 1457 5229 1373 4993 1706
4836 1932 2070 1447 6814 4082 1545 6981 7065 7563 8460 4141 2192 4694 2384 1758 7480 4659 8344 3902 2325 6967 3849 5167 6952 1410 5386 1402 4808 1926
4944 1703 1911 1293 6783 4054 1557 7014 7056 7487 8542 3995 2043 4743 2613 1595 7461 4857 8169 3874 2446 6898 3647 4964 6994 1367 5075 1334 4988 1770
4935 1709 2036 1514 6639 4186 1786 6980 7231 7469 8530 4133 2110 4880 2452 1690 7377 4836 8078 3795 2409 6789 3881 5075 7105 1432 5158 1163 4882 1648
4967 1680 1959 1505 6684 4194 1731 7055 7125 7441 8454 4084 2150 4695 2501 1636 7468 4852 8249 3724 2507 6962 3824 5059 7133 1523 5100 1312 4980 1741
4840 1949 1899 1582 6818 3980 1469 7070 7144 7604 8705 4269 1952 4652 2429 1765 7407 4663 8329 3857 2249 6937 3629 5123 6990 1472 5202 1405 4837 1865
4674 1874 2157 1371 6819 4223 1621 7143 7280 7521 8641 4162 2089 4808 2678 1764 7500 4887 8195 3895 2353 7041 3703 5207 7051 1565 5293 1392 4901 1764
4899 1706 2143 1361 6802 4269 1483 7001 7134 7667 8718 4021 2179 4720 2489 1606 7390 4850 8189 4010 2296 6807 3872 5128 6917 1618 5164 1354 4855 1708
4860 1878 2083 1358 6702 4103 1530 7167 7023 7414 8630 4090 1961 4802 2523 1641 7606 4870 8062 3941 2253 6780 3608 5047 6918 1603 5120 1170 4843 1753
4963 1868 2126 1471 6775 4136 1578 7058 7010 7481 8577 4301 2065 4689 2541 1591 7496 4761 8359 3740 2310 7091 3744 5254 6884 1597 5311 1163 4863 1706
4926 1842 2123 1541 6584 3992 1483 6858 7190 7695 8474 4214 1891 4641 2409 1545 7640 4834 8355 3764 2215 6909 3651 5121 7065 1385 5192 1417 5049 1919
4934 1873 1876 1463 6673 3978 1760 7075 7099 7506 8607 4279 2072 4618 2611 1663 7496 4881 8203 3715 2315 6841 3721 5025 6954 1620 5156 1377 5079 1803
4824 1848 2172 1306 6846 4247 1479 7072 7170 7581 8607 4040 1916 4651 2667 1721 7335 4613 8242 3852 2344 6807 3766 5185 7136 1607 5377 1188 4948 1721
4777 1701 1875 1317 6568 3965 1770 7056 7145 7555 8450 4014 1950 4629 2601 1483 7628 4668 8239 3715 2233 6795 3606 5037 7115 1360 5264 1395 4928 1795
27 10 18 9 40425 1.0180216387920002
1 13 11 11 28201 0.975499737618793
10 4 21 7 27995 0.9102727671347328
6 0 15 26 63371 0.9768818229057082
29 2 4 24 75734 1.084902819113165
26 18 12 18 55169 1.0130465457437527
4 22 24 22 45938 1.0850103454072169
1 17 10 29 33203 0.9814232435653505
26 15 14 13 27048 1.0839540564150678
25 9 2 22 58371 1.0567539388318437
17 22 20 9 37557 1.0460404676350132
25 20 7 12 46244 0.9425696674382902
9 2 11 27 56026 1.0341574890047656
3 24 25 19 46388 0.9364090219952573
23 18 12 22 43170 1.0012606542586482
2 23 6 1 35585 0.9465951892341661
13 4 18 29 60873 1.0110456835322545
0 5 5 15 25822 1.0057413938388935
8 18 16 10 29900 0.9760390419010733
11 1 1 5 25122 1.0274317661612153
22 23 8 7 54434 1.0407118907556845
2 6 27 27 59355 1.097836311752291
28 11 3 12 58083 0.9940749824932215
29 15 6 22 52153 1.093549180373307
23 22 10 23 31616 1.0040327102614055
14 3 21 16 37148 0.9717505641120865
4 22 12 5 49988 1.007732581887252
9 20 18 7 48659 0.9102655907324905
19 23 25 27 16635 1.0499315390266397
20 9 17 24 44200 0.9939048125862566
14 6 28 17 49968 1.023335409098568
13 11 3 13 30997 1.0069723586874713
14 20 0 15 38578 0.9605602269434449
24 6 1 19 56192 1.054473130458809
22 11 6 19 41964 0.9472572841672733
17 10 24 16 37688 1.0256049222310926
23 28 3 11 55932 0.9553455684312445
16 11 17 28 34680 0.9632473122566839
18 1 17 23 47046 0.9751465113254351
18 21 10 23 31677 1.0150807293552213
29 24 10 5 67976 0.9479107217715362
17 9 22 17 31497 0.9053411480500707
18 8 13 1 27619 0.9388929335870022
3 11 17 5 39276 0.9563838007822216
27 24 26 1 53023 0.9770329544220594
3 18 24 28 52289 0.9427735602852235
25 24 18 20 23485 1.0475020837746927
29 8 16 9 31880 0.907930555097119
22 24 7 1 62466 0.9409033285082081
12 4 29 2 34615 0.9838209642832317
26 18 23 27 26875 0.9753700024511996
8 9 0 24 47558 0.9385612068892868
9 17 6 1 42995 0.9299843588477721
25 21 7 4 59798 1.0457224934722533
5 18 19 20 43458 1.0978346563981407
11 26 9 4 61628 1.0260068530977873
13 1 29 2 30678 1.0926605466864348
1 6 17 15 37713 1.0629092858738933
28 7 21 24 55350 0.9648173698242504
1 27 7 12 31320 1.050646745912962
12 3 20 1 16336 1.0716642382360102
26 0 6 24 77644 0.9332230010144305
25 8 3 25 62967 1.0538169775248791
19 1 10 4 19920 0.9924567390488654
2 1 2 15 17806 0.9490348101581891
10 7 13 16 33627 0.9952047394474546
3 22 6 4 35306 0.9089910249838461
7 18 26 19 48016 0.9171431029702898
20 12 11 9 28445 1.0902158302862355
26 14 14 28 43662 0.9814350403463952
29 18 4 0 73454 0.9718548114804011
2 1 0 17 29959 1.0465497850619716
7 1 13 5 25528 0.9251378130569549
9 6 1 25 38067 0.9401852979834704
21 14 29 8 31967 0.9138002708376414
29 12 17 27 45242 1.0498600645111886
13 14 12 24 40600 0.9708361990680155
18 16 11 4 38563 1.0137042681152628
29 17 21 1 42313 0.9264800165459072
15 0 1 3 31645 1.0745371778177593
21 3 9 9 36853 0.974011767033394
3 1 0 20 30732 1.0284499411106005
19 11 8 1 39527 0.9714650993866691
29 29 21 3 56656 1.0822691152637003
4 27 6 17 23684 0.9257623991347842
19 18 1 15 36759 1.0947671894520419
18 7 18 21 42701 0.9439107197909681
2 5 16 16 37264 1.056865779324489
17 27 27 1 58881 1.0866809619297126
29 23 4 1 80891 0.912107207905024
5 12 28 19 58171 1.0541720346672916
6 1 25 15 52356 0.9529168512488735
27 29 20 1 58776 1.0782265951916499
4 18 26 9 59709 0.9863270540607932
9 11 1 21 38330 1.0134835059983383
11 7 2 18 33679 1.0268781055499594
12 17 12 3 45946 1.0619714022433628
8 25 26 3 63526 1.0892263244173908
7 20 27 17 55107 0.9912203675689688
1 9 9 16 32914 1.059716532712553
11 11 19 18 30925 0.9460622787426495
29 13 0 10 69913 0.9423342866489971
18 15 9 11 27403 0.9460787357386319
17 21 3 25 33518 1.0554891369506598
3 12 26 18 57176 0.9391752625490819
14 19 20 29 31186 0.9809166473759091
1 2 20 23 63388 1.0145028884924674
21 29 6 12 56112 1.0883089251730884
28 24 15 23 35370 1.0831401953835569
8 8 22 12 38057 0.9106255994655063
15 28 5 15 41789 1.0741746344211198
18 17 2 17 38253 1.0998976258361133
13 18 22 28 42376 0.9234723829785291
0 15 2 1 20871 1.0524280568726365
8 3 10 23 53542 0.9894882054650453
24 28 7 5 71438 1.0913297436512617
17 13 6 0 42227 0.9070773258277988
22 7 13 17 39139 1.0217188695745214
8 1 28 25 72805 1.0928466092548141
8 28 22 11 48533 0.967901898875326
18 8 14 20 39828 0.9507658566627161
21 27 0 20 38043 1.0882464162021364
14 11 25 15 27944 1.0385834133500185
2 4 11 19 41550 0.9834515732036245
11 18 2 15 24660 1.0605950387019214
17 13 1 11 40346 1.0691498398934332
29 2 21 13 34412 0.9571029076984798
14 18 0 29 48153 1.088215328736819
16 17 12 4 36890 0.957315473257197
15 20 29 23 36847 0.9396850981883288
11 28 13 4 63328 0.9908465280160557
21 20 0 29 46409 1.0736193320978649
12 15 18 19 21178 1.0652756140209214
23 19 24 5 36011 1.0637517933818357
13 12 16 20 20137 0.9592457715631741
18 21 19 6 39162 1.0858020318799868
13 15 0 18 36896 1.003637939118516
21 20 3 23 44626 1.0969233527973752
13 9 29 29 71570 0.9768250229310996
20 2 29 6 21408 1.0447611882176329
28 10 29 24 49788 1.008122175312487
16 5 14 26 41548 1.0407239605612693
10 9 14 29 53044 1.0650403544774183
29 13 15 22 43501 0.9988239334169742
18 29 3 18 41707 1.027607789059948
1 8 26 8 57632 1.081736320495787
5 13 16 0 45747 1.096221635567973
28 13 29 23 34417 0.9433617099439463
18 4 1 22 56653 1.0073812401552202
20 21 24 7 41082 0.9670975168457584
9 8 16 29 59173 0.982587421629176
28 29 15 27 22056 1.0636224715855775
28 16 7 6 57927 0.9281453770449135
20 14 14 29 37487 0.9885679857233185
7 4 29 17 61548 1.0594575000488526
10 19 24 2 54992 0.940434616636569
22 11 19 18 19492 0.907515059155148
25 5 21 15 23555 1.029105067801284
11 27 0 1 49095 1.0577863233179454
13 4 19 25 54677 0.9940663698454403
12 29 15 0 62119 0.9294085366642839
17 17 9 10 38389 1.079001062330398
2 25 15 20 32093 0.9702916604593663
23 6 11 12 31408 1.0078017954898006
27 3 2 28 68804 1.0148088632689132
6 1 25 3 31562 1.0233230168807457
20 0 23 9 27196 1.0760405372595727
17 27 12 12 35766 0.9932306043135186
24 1 20 21 42642 0.9005509535636186
24 21 9 5 61487 1.0981540881722416
21 9 1 14 54461 0.9558396934896102
12 23 3 21 34222 1.037242778597339
22 3 8 16 44932 0.932592494933582
14 14 27 24 46047 0.9312756547709499
4 3 28 12 52292 0.9796126964868576
6 4 6 19 31999 1.0794085796870663
9 28 10 0 65731 1.0562889725493525
20 13 13 8 36747 0.9662929926622666
23 29 3 8 62793 0.9990110135472585
27 3 18 19 46031 1.0198408624182687
17 9 14 27 41604 0.9218537631555889
16 24 4 24 22161 0.9108574668100384
2 8 9 2 19872 0.9187184286612181
4 11 16 0 40568 1.0431875337209564
21 2 15 6 16663 0.9823239591913232
3 16 15 19 34499 0.9660440764123669
8 15 14 22 32804 1.0596878447068823
6 9 8 17 21427 1.0608665020133614
24 27 10 7 59105 0.9331210951922614
3 0 21 29 67983 1.0248615058724933
0 21 15 9 58466 0.9493428405408936
16 22 1 18 43801 0.9535514584774445
15 26 24 21 34057 1.0782374915797777
17 26 1 20 36266 1.018193484456802
26 19 1 17 56070 0.9117085562676356
10 13 5 21 30826 1.076103906661997
6 9 27 18 61628 1.0684359642803023
22 15 6 17 30434 1.023831124492688
20 22 0 0 74477 0.9274537874219718
11 18 1 7 41723 0.9641434412899743
9 4 3 15 33468 1.0157138118802163
9 26 4 11 40614 1.009941807712421
13 22 9 15 30452 0.9602811066967136
3 19 29 9 68933 1.023165553741115
22 13 13 9 37021 0.92266880743566
6 13 13 29 45011 1.04599788685089
16 20 6 15 24913 1.0367285334614915
16 0 28 26 69070 1.0213466795378134
1 20 28 11 65304 0.9137511873662639
4 4 9 13 32167 1.0298900908412398
13 4 21 7 30465 1.0372557206762432
15 9 9 21 49120 0.929808990654619
29 29 2 19 50726 1.0796923860899064
13 12 1 0 43023 0.9605743277629646
28 1 23 19 44286 0.9444893485796022
11 8 2 5 23308 0.9831643297748149
8 15 1 10 24543 1.0950692421186272
1 6 23 4 40594 1.009764902806173
13 4 28 28 77743 0.9549360375547522
9 26 26 12 54872 0.9489636295745016
12 16 27 17 41514 0.900571596738211
28 24 15 4 69733 1.030458457945942
16 6 24 13 30944 1.0358881907275954
28 3 17 2 19358 0.9888861814116092
26 16 5 6 57268 0.9032670779096627
8 7 25 28 65666 0.9083403195216557
18 0 26 10 40692 0.9852657321544394
8 21 6 12 24621 0.9256766562275773
6 27 2 0 40208 0.9145217338698818
24 29 1 25 36659 0.9104644216673617
11 27 8 3 51244 1.0688087618924593
12 10 17 16 36942 1.0646310264865253
14 8 24 12 34325 1.0881038972305344
0 18 18 1 61419 1.0191591170831313
0 12 16 12 32813 1.01195294371501
1 3 22 17 53200 0.9981447282023952
17 8 13 27 44108 0.9571439235640247
26 5 9 27 63308 0.9650781335959993
4 28 13 20 34684 0.9568789022933593
6 24 14 21 28494 1.0031002295464184
17 15 7 17 21399 0.9567954430457336
16 0 10 9 27349 1.0147466349651288
15 27 1 24 27007 1.0513287334991075
3 12 2 24 17923 1.0538834651046352
29 4 22 18 37224 1.0282519627784465
4 29 12 0 64050 0.9705958480022469
4 29 25 21 42406 1.0193428008483654
16 22 4 16 34107 0.9741958585592763
19 3 5 9 39308 0.9876079457435302
6 8 10 0 24249 1.0197178010781747
21 29 11 4 63394 1.0291827194065468
3 9 14 21 52667 1.0543960518469033
5 18 21 1 63709 1.0933752093672575
24 18 7 13 48347 1.0085627576152896
27 1 10 13 50052 1.0916720131071973
23 24 10 12 49845 1.0658701046647276
13 3 3 8 27144 0.980079950012365
22 8 18 28 43078 0.909716842725867
3 4 23 26 65651 0.9524977053238097
15 29 23 18 35375 1.0838742326415434
16 19 6 14 25242 0.9093645665256176
11 1 15 20 44313 1.0124700267990998
2 14 23 10 49798 1.0749655635564483
26 11 15 15 28513 1.0611379422953733
24 5 8 20 61643 0.9003322397236361
23 19 9 21 43057 0.909826150427863
19 22 12 3 47032 0.9209922928607154
3 23 16 2 52895 1.0564495620625283
5 19 29 11 60042 1.003798236686466
10 14 23 12 29732 1.0846900689038497
23 19 26 10 32588 1.0962275525028762
4 0 1 17 30942 0.9359311935334867
1 16 1 1 28397 1.0675949174520925
1 7 22 16 51778 1.0744963609240419
10 9 25 0 40353 1.04806323956764
10 20 20 11 38793 1.0097951224370396
26 11 1 24 68621 0.9424614518798948
28 3 27 18 43869 1.0196085677949471
26 29 12 4 71714 1.0847328176645754
10 15 27 4 50976 1.043364420481419
13 10 19 29 55060 0.9939422746762178
27 16 6 15 39004 0.9467200844273846
22 0 21 17 33295 0.9663268743470039
26 0 27 13 35196 1.047656008063543
28 29 6 12 64522 0.9468850739582224
0 6 15 5 29207 1.0704200891828821
9 24 0 0 58286 0.9602033661164786
9 29 22 6 58028 0.9846788940108064
5 11 15 0 45500 1.0781203181456283
19 11 17 27 36524 1.0237945390494843
24 11 11 27 50019 0.9295780598644913
19 6 24 14 23308 0.9707622703376788
8 5 26 18 59263 0.9870035234750347
11 6 18 11 24669 0.9353750241329736
13 28 2 4 52424 1.0382852520832655
23 16 29 3 35064 0.9497770442751973
23 1 12 11 43809 0.9348072109293845
20 26 24 5 47967 1.0913782438842805
3 22 18 1 55788 1.0796403124149385
8 14 0 29 34895 0.9169740137548517
23 1 6 19 58761 0.9214118930967238
3 26 15 12 47164 0.9872186764342512
13 17 25 2 50515 1.0316734191123818
17 17 8 7 39146 0.9728414201873155
4 12 19 21 44778 0.9305429055621592
9 17 13 29 40152 1.0538504816550793
5 15 26 19 43783 1.0044927599658937
12 15 5 20 22594 1.0117571262678144
12 8 2 10 34352 0.9281280167285737
17 3 7 10 31602 1.0632672170246593
3 14 27 8 63018 0.9762622596732446
13 13 23 24 47742 0.9336093301821121
23 9 9 13 44760 1.084647593049883
9 0 21 12 46816 1.005113947569111
25 24 25 3 37842 1.0440190465584591
18 2 1 18 53298 0.9599633536456108
23 20 2 19 48506 0.9516286427490901
2 5 25 11 47577 1.0029582915467652
25 25 15 19 28361 1.0608268712586484
17 7 4 28 59561 1.0042352214567751
3 25 9 20 22160 1.023105650951645
6 2 9 27 47747 1.0526167038614922
16 15 29 13 27377 0.9540452315890151
22 25 28 10 48635 0.9234019653267609
1 17 20 27 41046 0.990844540213283
25 6 14 6 17549 1.0280229985844513
20 5 1 27 60835 0.9332125139328479
10 5 13 23 56232 1.0605574774496116
4 6 29 15 55985 1.0363957130633157
7 21 5 12 24183 1.0348580135690153
29 2 25 29 55600 0.9290595642113615
0 6 14 7 26814 1.042127185573484
24 12 14 28 44197 0.9586542534433965
21 17 4 26 47475 1.0650440601363373
26 22 18 2 49876 1.0747892185099512
25 14 21 6 20649 0.9369932525914887
20 15 17 4 32308 1.060204503115496
12 26 25 25 26688 0.9340869162679518
28 23 4 25 48339 0.9933635960037519
4 22 28 19 60320 0.9804594834209324
11 25 21 23 23210 1.099321554357315
2 4 29 19 70409 0.9857217761038803
1 25 15 10 53554 0.9391335649104688
6 12 9 25 32259 1.0865690484280495
1 14 7 2 26310 0.9811134171395738
29 27 22 19 22911 1.0012663690526173
0 17 8 22 33938 1.0499874196041443
24 16 11 26 46931 1.0545156513667946
11 26 0 6 44530 1.003225951789654
19 14 3 12 36056 0.9882079197652943
2 28 27 10 71220 1.058858308866999
29 0 8 11 58414 0.9653033681066787
4 13 24 9 57576 0.9911671958407083
19 3 0 10 49608 1.0994130043809835
1 2 0 21 36477 0.9007910884615224
19 15 26 25 28527 1.0498449213509449
25 29 28 13 41356 0.9003549359918169
22 6 20 24 37906 0.9493282690268934
7 19 7 1 43232 1.0679654560318597
26 0 12 10 58275 0.976731764425987
6 25 19 29 25511 0.9650607700634527
26 20 12 24 38222 1.0454479320626238
5 15 26 22 48830 1.0567712337994797
3 24 17 28 30229 0.974443850839812
16 26 20 2 48219 1.0086585510950286
7 29 13 5 64084 0.9820170628712397
27 23 10 20 47647 0.9422135760384045
22 4 11 21 52313 1.0794608594172226
24 13 6 0 55510 1.09147204910615
19 8 3 5 34134 0.9043631484261403
25 26 16 11 40050 0.981511654849993
11 3 16 11 20869 1.015786876220191
21 25 17 0 55622 1.0369892189547367
3 25 26 6 65029 0.9129241965072535
21 0 5 8 50011 1.0134832734521177
26 9 23 17 30607 0.9478125179093227
4 22 21 9 62843 1.0738220277103885
19 22 14 17 26760 0.9758090274346899
18 11 15 26 38445 1.0418777127259458
6 13 18 0 48167 0.9663351888770105
26 23 22 7 37597 1.0321432921249762
24 1 28 16 40765 0.9269982455700891
8 0 1 27 48822 0.9751651440929978
19 7 28 3 20752 1.085028183483061
23 26 27 8 52841 1.0453490951209594
25 1 18 27 53832 1.0149087742299776
20 22 3 17 49505 0.9467212364634181
18 4 12 10 43126 1.048141613910929
13 8 21 14 41600 1.0023015506089716
13 14 2 4 37177 0.9512948743850205
12 28 1 13 42844 1.0428983600359811
10 13 8 3 28382 0.9861924669125481
1 28 24 0 80551 0.9058540027254209
24 28 22 11 37395 0.9175269888288515
14 21 0 8 62156 0.9116231188832832
29 9 6 24 70042 1.0736413720138507
20 16 20 26 25383 1.0718764084758214
10 5 10 24 48082 1.0828260886443337
27 18 29 7 41150 0.9259139837589548
5 8 29 21 74079 1.0471744418779048
25 27 16 5 49932 0.9819227746582846
11 25 9 1 57036 1.0126499519212426
3 29 6 21 21226 0.9764682736662564
12 27 29 13 50427 0.9793969251091659
15 15 19 27 26725 0.997048654278704
13 26 28 7 70637 1.0960992498496611
10 21 29 16 49305 1.0375860703941766
11 20 4 11 34248 0.9914951425713335
20 29 11 2 62690 0.9457370717320445
8 28 3 13 32805 1.061784765553682
7 29 9 20 27849 0.9385086233705942
0 26 22 26 36580 1.0206821030399158
26 27 17 11 45345 0.972077045702967
19 27 7 8 57591 1.0980941727717575
16 3 8 21 49650 1.0004772547798604
2 19 17 6 41238 1.0481745761420524
12 29 22 8 51005 0.9934596032374876
3 27 6 19 20387 1.0919303011957695
27 4 8 15 54195 0.9203384298186573
9 7 24 5 37338 0.9003714998161719
0 8 20 26 64091 1.0523843607679337
27 28 22 8 43772 0.9402140229232074
24 8 21 27 46509 0.9962741399256906
14 2 13 17 41731 0.9015311143474671
2 8 29 29 64786 1.0141208774563837
10 7 20 19 44175 1.062477437674388
1 0 21 17 63212 0.9726579970469118
24 10 11 5 41250 1.0384811931533826
18 23 13 29 25360 1.0456236540069046
11 29 13 13 48597 0.9816935896449659
29 0 19 17 48095 0.9598128323169923
9 19 3 0 46862 1.0646264687484102
4 27 27 29 34097 0.9765536130029215
26 0 12 7 41819 1.093459893371693
12 7 21 4 31219 0.9066106784693223
10 25 29 5 63907 1.021086642969801
14 8 26 15 40323 1.0165065360305328
17 2 29 5 26552 1.03564576953813
22 7 22 17 16970 0.9005301767213438
20 4 3 29 64304 0.9935238859768504
11 5 4 28 50537 1.0206919681744044
24 0 4 11 58009 1.0516930408787424
11 26 17 4 54180 1.0093102913266985
9 3 22 25 56159 0.9216719398937443
0 26 11 12 45688 1.0822922797767665
19 4 1 1 31394 1.0287668764140054
18 10 7 26 53395 1.012416111776054
19 29 15 16 35543 0.9479385879598993
11 17 15 0 45160 1.0176002904147805
29 25 6 19 46919 1.0278896633975503
16 15 1 10 37474 1.0331926917633927
25 12 5 4 52464 0.9968430515245492
3 14 24 4 55507 1.0934519059409813
27 16 1 4 66473 1.0454469910269297
13 17 24 0 58525 1.0895762565672487
8 20 19 16 33987 0.9022996097696729
8 3 15 0 21622 1.035714210750361
18 24 27 26 23926 1.0087091689064867
17 23 15 5 40552 1.0551279362661403
10 25 0 2 46044 0.9088355299312314
22 22 29 26 18884 0.9964841952828742
9 20 27 29 45870 0.9929070919479721
6 17 29 11 51730 1.0605996077740008
10 21 11 8 38084 1.0043459939212764
19 29 13 6 50123 1.075697222288057
19 19 18 2 40881 0.9221293657829778
24 0 7 4 38281 1.0147342142411082
10 10 7 28 47834 1.0006664212038334
14 15 8 28 37189 1.07255164855493
22 2 6 29 67337 1.0389781430646434
22 22 24 3 34975 0.9418081228988212
1 14 26 29 54385 1.0921328143140072
16 22 14 9 32668 1.0768344637459077
22 24 0 8 67453 0.9860413244048278
14 13 16 25 28300 1.0670654596876503
17 1 17 16 35019 1.0433777935113473
25 12 17 29 43102 1.0029414665870922
15 4 12 13 35210 0.9507962602835182
4 26 9 15 29885 0.949961697650651
4 20 29 27 47846 1.015929348618152
3 0 9 23 54971 1.078023929423714
12 19 21 27 35355 1.031867402523061
29 1 29 19 51136 1.0175826904328185
7 7 27 10 53540 1.0813452389503235
24 16 20 9 27096 1.0989307674730633
8 14 5 5 28091 0.9875882676771763
1 3 23 10 50711 0.9609418421519926
10 8 3 2 25063 0.998436483275277
9 5 10 19 39698 0.9573824203996795
6 22 14 13 34770 0.941919774235383
3 7 13 14 38800 1.0706233755094205
27 1 19 13 35100 0.9503653198810158
9 15 25 26 44457 0.9273911991639775
22 26 8 24 24819 1.018755901030472
10 7 20 6 18544 1.0843621745615681
4 29 10 16 38107 0.9008097331213859
23 26 23 10 38800 1.0037946856843953
29 18 9 17 50088 0.9159814318762411
11 6 27 17 50556 0.9301395231598838
7 27 25 7 59218 0.9972491260286652
29 13 19 27 41595 1.0688941554161862
13 0 29 5 39933 0.9111795865820841
26 6 11 28 59514 0.9928702032425696
24 23 20 6 42352 1.0106740073214502
12 2 4 7 24323 1.0545829158480562
14 3 4 14 36697 1.0298334863748757
25 26 25 3 41507 0.9420897955277103
1 17 11 23 35481 0.9023219164541693
7 14 20 29 48585 1.0913901077957293
12 5 4 24 52485 0.9533314715809753
8 11 19 20 39682 1.0515507464942135
16 14 25 10 25916 0.9055265985357852
20 0 18 17 44498 1.0294039223761855
14 8 6 0 32966 0.9695666708146254
22 4 19 20 33993 1.057818435383962
7 17 18 13 31644 1.0505266945229996
26 22 7 19 51502 0.9240833075128799
9 23 26 20 44047 1.015856546302836
6 15 27 10 50179 0.9681451285554384
8 13 22 3 42856 0.9782687689449991
28 11 26 23 37536 0.9069151655124522
20 21 20 11 25295 0.9552815566154494
2 16 6 0 28111 0.9590503165908159
15 21 28 24 40174 1.075448667843822
6 5 8 25 42417 0.9797794056994272
23 19 16 1 43150 1.0348417009799804
16 28 12 16 36622 1.0658859384147736
5 12 1 4 23115 1.0648472415400896
13 13 22 18 30351 0.9496225312114324
2 6 16 24 47295 0.9168921033943405
0 0 6 9 29609 1.020503510829175
20 19 26 6 34932 0.9651534184178547
28 0 2 0 54179 1.0307394914384675
15 13 11 26 37086 1.0142695176675292
4 9 24 28 66156 0.933298381188065
10 0 0 8 39789 1.0557382942764686
14 29 14 0 59466 0.9442048098742747
13 21 17 27 28205 1.0156221226131934
22 25 23 8 36096 1.0784478362077003
12 10 12 22 49529 1.0219246022430168
24 16 12 14 32545 0.9954691305773411
6 28 12 0 64844 0.9648334067778432
15 25 10 2 51100 0.9825671937392813
22 18 28 25 21561 1.0248656472576272
1 6 23 4 40594 1.048231562741712
6 20 23 26 40285 0.9822090499316193
4 6 20 19 52043 0.9853354874872118
10 15 17 23 29183 0.9068780754786783
23 16 5 24 55711 0.925083544161601
0 13 5 29 36216 1.0710377752930378
14 24 26 23 29206 1.0860479377211154
28 12 12 27 49627 1.003587159666004
28 11 5 20 62491 1.0463544094166057
18 6 28 8 30790 1.0149884537927334
20 7 10 22 52057 1.0139107443305568
14 21 27 12 41936 0.9189994486901655
18 17 8 25 35706 1.0229664143696624
4 7 23 3 36506 0.9370710104359856
22 19 3 12 45524 1.067861272007477
27 18 8 22 56603 0.9120017812326717
12 4 0 13 43634 1.0372589378294648
23 1 9 23 69306 1.0606146035653665
16 14 2 24 36632 1.0061096556570246
10 25 19 18 29773 0.948494873809499
11 20 23 23 36640 1.0314398058870617
26 26 1 1 72094 1.0694466863399958
18 11 10 15 24310 1.0036353508370826
1 15 6 7 21481 0.9859244681642635
23 23 0 29 43850 1.0131174438691681
29 28 16 25 23332 0.9142657974918837
27 20 0 23 60862 1.0971608813698692
20 3 26 9 25512 1.0897985006550084
9 14 0 7 36420 0.9403979338318718
24 11 25 24 27833 0.9564868579391534
14 2 5 9 35792 1.0990225320707385
10 17 20 28 40220 0.96365454577141
17 3 14 11 23286 1.0383257805956516
9 17 4 23 29332 1.0650549007393486
2 15 9 28 31124 1.0438459626418206
10 19 22 18 34570 0.9804045457278145
27 1 13 9 46818 0.9470540775628495
4 24 14 10 52172 1.0633276128993847
28 29 0 28 47342 0.9654059206812399
13 7 26 23 62001 1.0975050369967714
2 15 3 0 22144 1.0461787584568543
14 2 22 12 29537 0.9271811596784515
5 0 7 9 26904 0.9235709431051752
29 11 4 13 55539 1.0329322791828066
1 12 1 2 16951 1.0836035570346423
11 22 9 0 64168 0.9403119510881347
3 18 28 20 59892 0.9403538459826064
16 28 28 1 63911 1.0577842477584662
26 1 22 25 46892 0.9221338371484984
5 21 7 29 25631 1.0678622000822642
24 0 23 26 57415 1.0651730305292033
7 20 27 2 66431 0.9374007997554108
17 13 1 4 49036 0.9714939398902107
12 6 3 11 27102 1.0746873793787552
26 5 17 28 60885 0.9554214421642641
19 2 24 10 32067 1.0604250601172491
17 0 1 22 58708 0.9798445114251387
15 26 25 10 46069 1.0480686539051498
9 22 26 14 50683 1.0941032209611479
21 10 0 18 67186 0.9199410951629007
24 28 14 3 62105 0.9548253332560513
12 1 20 17 42919 0.9858272362695576
9 20 19 8 45951 1.0982351861162423
6 13 13 20 30864 1.038197532148321
12 21 12 4 58876 1.019533076113402
6 21 21 6 52257 1.0645549364103761
19 22 15 28 20860 1.013401788158962
27 25 2 28 37285 1.0092920678456667
0 10 15 9 55922 0.9544300033853015
27 13 28 24 42632 0.9783067390875708
28 5 1 8 59439 0.9232532783883761
4 20 29 3 65655 0.9463807815187153
17 19 28 24 41462 1.0498500864709557
17 21 29 2 59567 0.9809286040982571
2 18 16 1 42948 1.0700400163202555
3 21 12 19 29085 0.9673239029267353
21 25 29 1 53879 1.0915762711919705
7 16 14 6 35878 0.9133318272332439
24 5 2 13 51588 1.0858995676642698
28 16 25 25 31328 0.9438102111031502
4 21 20 24 35027 1.0352564153921064
15 29 26 23 29317 1.0475906810213396
10 24 24 21 39370 1.0005270044338035
28 24 4 18 60228 1.0351093631134236
15 16 6 12 25598 1.0130293875291625
6 29 29 5 74760 0.9924250075813568
11 2 23 23 58469 0.9561192169938152
8 26 5 17 27632 0.9453880885592705
20 13 3 14 35578 1.0100559414107542
9 26 12 10 57473 0.9943546810391403
16 11 6 5 27155 0.9266595217289882
2 29 4 13 26641 0.9816841750790524
26 15 2 17 41954 0.9360385877251295
12 27 25 17 34494 1.0975337902120919
12 18 26 4 66673 1.0903324218278767
6 21 28 2 70035 0.9156837774960292
21 12 14 22 35698 0.9527861628994803
11 9 27 25 59637 0.9873235996069509
12 3 4 7 20581 1.021059933025852
20 18 11 7 40970 1.0548413172583275
3 0 26 0 49265 0.9984127168990362
20 8 6 7 30240 1.0359300396309365
1 10 28 3 55170 0.9721517351631631
27 0 7 22 78039 1.016341311106466
16 16 24 20 24944 1.0586948741522535
3 2 2 17 21151 0.9079574623595886
22 8 7 20 49273 0.9468075376058984
21 6 11 9 26138 0.933068488545415
15 4 6 3 17451 1.0914186265938606
8 25 8 1 51094 1.0457636636601808
0 0 11 15 42691 0.9740274007505765
21 8 9 23 64184 0.9727342436164034
21 7 29 1 26770 1.080151968066678
19 10 1 20 48326 0.9358821898717175
25 17 19 7 31012 1.044058711167293
4 12 27 5 55370 1.0451047089558374
24 13 1 24 64900 1.0917403181928282
3 14 14 9 38442 1.073875611899457
7 15 27 29 54724 1.0718901532227552
20 6 14 23 45623 1.056375101294003
13 27 9 13 43768 1.0391114782523208
8 17 6 28 29985 1.0886825277458523
22 29 4 23 35671 1.0988511433347918
28 22 16 25 30327 0.9345184026054352
10 11 22 15 30041 1.0005146829604883
28 3 25 14 24283 1.004601177877823
24 13 12 15 29627 1.0042513616581483
18 0 20 27 59202 1.0735156930925238
5 5 28 26 78609 1.0976406903586093
11 10 21 1 38878 1.081490704559658
26 12 15 20 33850 0.9909723298294734
18 11 11 28 45301 0.9119409477642856
16 0 5 9 40313 0.9287563695638454
26 26 7 9 68224 0.9358778590533386
0 12 12 4 37201 1.0536568191757905
11 1 4 16 39287 1.007318929793842
24 28 29 13 40347 1.0855386028494864
28 13 18 6 35222 0.9501178092784213
7 26 8 3 47265 0.9040562601258374
17 13 2 7 41037 0.9758524599788149
13 21 29 27 43875 1.04242408533494
23 13 3 9 53474 1.023163057953839
21 15 6 28 44484 0.9251549148600436
22 1 16 8 20208 0.9348399002297955
1 19 2 6 20395 0.9668930519206363
19 17 15 11 20962 1.0235397097082422
6 13 0 26 34307 0.9238456730036718
5 27 1 6 32797 1.0209495723019302
15 28 5 14 44925 0.9883799222907931
28 21 12 19 52753 1.0111928028959234
20 11 13 28 48408 0.9860185086487425
17 29 10 11 46311 1.000587017129386
28 21 22 26 30766 1.0705814112879826
11 22 22 27 28748 1.0055753633865328
0 27 6 22 17165 1.0430663047936093
26 28 20 23 21839 1.0160712197188984
12 27 19 16 33580 0.9851571372104139
26 1 15 12 35495 1.017359620085337
5 24 21 1 73470 0.9793753044911974
22 14 4 11 40720 0.9135075108230678
21 17 27 21 26244 0.9730214239406482
6 29 14 0 68116 0.9996862568085203
14 20 15 8 32938 1.0227833136334739
25 26 10 7 60531 1.0481850227682894
24 4 21 28 57153 0.9742283759573442
2 3 19 26 55096 1.021629129303133
11 4 0 23 52668 1.0200261386390985
4 11 15 29 49061 0.9193375783839037
14 8 26 12 37383 0.9724943491625547
10 9 3 5 22174 1.0224417698611696
17 6 1 4 34009 1.0240444274555016
11 29 7 0 61930 1.0660276289385144
26 26 28 12 36320 1.0374946561511236
27 26 9 18 55530 0.9474937247870698
11 4 7 11 26075 0.9927094614686284
7 0 9 21 58482 1.020133984366003
16 1 21 19 43035 1.0166487668402968
20 18 7 25 36669 1.0042856126060167
1 2 8 28 44912 0.924491367797513
25 15 21 27 26547 1.0024158539462482
11 5 22 10 27613 0.9827832642524131
0 7 28 6 52010 1.0957599527623132
16 24 3 7 51705 1.0685991823438583
22 3 12 19 51704 0.907763288983236
11 0 19 22 56926 0.9596193823963562
18 15 15 24 26277 0.9345868963585799
10 20 4 5 42899 0.9551806386743351
9 3 21 10 39014 1.0077159503998865
17 14 14 26 28592 0.9089731755597775
17 2 25 13 33030 0.9932106911532219
22 14 0 27 50580 1.0004244265609514
3 0 19 27 59609 1.0221368976167193
2 5 25 29 61534 1.0887246649967823
7 21 29 22 51742 1.0612153454920614
17 11 5 12 28425 0.9234467219012015
7 14 18 25 37624 0.914550819964623
2 10 15 5 31028 0.905203914712325
16 26 4 24 21964 0.9708490613444368
17 18 25 6 43330 0.9684516485032117
5 6 23 24 65374 0.9535994539977272
1 15 16 2 38814 1.096469080341874
25 0 8 8 41610 1.0472452050011887
8 25 17 28 21639 1.0709369005328186
2 10 25 0 47725 1.018992941693907
8 23 23 15 44725 0.9912760195258167
8 20 29 2 68572 0.9541207271726773
7 0 2 24 41287 1.015063479060196
23 22 18 3 42100 0.9545993806801919
19 4 3 4 27933 0.9807945629172587
23 4 25 28 51207 0.9644349976453376
15 26 8 1 61685 0.9388170247348886
6 21 29 2 70753 1.0262159994048425
24 10 7 28 64745 0.9912138932516761
22 7 23 18 26367 1.0153237587913595
0 15 26 2 55449 1.0971619700141255
25 2 10 14 47059 1.0072211239227342
17 22 22 9 36688 1.0925365814158121
9 16 22 6 42851 0.9966865742204329
1 16 10 6 33439 1.0765676515494702
9 0 25 10 46432 0.9735948219348276
27 28 2 29 39743 1.0865644732670408
7 16 22 8 39165 0.9564704280495702
19 22 5 21 41885 0.9974939798303593
28 24 6 7 77698 1.0011289633839606
25 14 18 0 39580 1.0022753241482156
2 8 5 23 32135 1.0452112789588262
4 2 29 13 59558 1.033917569165769
11 15 28 9 52996 1.0352336674298253
5 7 8 20 39638 0.9178405381958296
26 13 18 3 32785 1.0761136681853352
1 28 4 13 30172 1.0192140239278722
10 10 23 18 45245 0.9950702846266088
12 28 0 15 38733 1.0724656646054593
12 8 5 5 28717 1.0898744871152257
24 26 6 25 33919 0.9816016639505872
18 0 28 4 32512 0.9218804651511056
21 23 5 23 40053 0.9182909961710575
9 28 12 4 68027 0.9038826226855589
0 6 9 9 29147 0.9657007112798863
3 14 20 0 50062 0.9405592753334625
22 15 2 13 35519 1.02383147270623
23 21 4 16 46987 1.090270463620981
5 29 11 1 58057 0.9604593141337242
25 27 12 5 61940 1.0266668599521904
8 13 13 21 36859 0.9649557994607179
13 12 17 20 22462 0.983121441545156
6 18 4 0 36853 1.0865784451811928
22 16 0 6 49385 0.9350488489409011
0 2 29 10 62438 1.027677960155997
21 18 6 15 37451 1.0189572580169433
1 2 18 28 60301 0.9790156765841345
13 3 8 20 51247 1.078143531481431
0 7 14 5 33302 0.9475060898643471
24 6 4 7 34661 0.9695877614939882
12 14 27 29 52177 1.0873781182460531
23 7 0 5 48016 0.9894137447094904
5 1 3 16 27337 1.032671807559688
10 5 5 12 23967 0.9293181139640664
9 3 19 23 53826 1.0954383057753387
27 28 25 0 56352 0.915059164088986
13 20 18 27 22054 1.0908649628348066
15 28 24 10 56845 0.9743898979659675
26 23 2 29 44667 1.064415464931565
20 5 8 12 35734 0.913689960028954
10 3 11 29 59558 0.9726619011709783
18 2 12 13 35960 0.9273301676727308
0 15 16 15 25934 1.0807202001630127
7 23 0 0 53893 0.9162448234431534
17 25 0 13 47440 1.005615749201024
21 13 15 1 35662 1.0484936242228948
9 18 25 29 52660 0.927526373528088
2 6 16 19 41083 1.0831578262010306
22 2 9 24 64298 1.0503644205146805
25 21 16 19 24755 0.9255509636297422
21 7 29 4 23811 1.0048012745886274
27 23 7 26 42030 1.0146121785725748
22 21 19 10 26606 1.0906989352019896
1 3 20 5 32330 1.085932342917825
14 7 2 20 41426 1.0465037640729096
20 2 9 23 63922 0.9515939673360619
26 24 7 23 40855 1.0845368903559534
16 26 3 11 43748 0.9769533960590904
19 0 6 23 64525 1.0582738061004016
7 4 8 26 49712 1.0301953370260721
12 15 18 8 32777 0.9821898104333798
23 18 2 0 65106 0.9449459328534668
9 10 6 3 29620 0.9301190970764791
26 4 22 23 44089 0.9964889010231038
26 17 17 21 36818 0.9749595346710577
21 23 3 10 60956 1.0741240529750649
11 9 24 28 64032 0.9532123260273939
7 1 7 23 52384 0.9845791850474818
0 25 5 13 29398 1.0439740981747916
3 1 11 19 46970 1.0439192779887339
25 4 7 25 62829 0.909735536833882
0 27 12 5 52360 0.9621028072338955
5 22 26 5 70181 1.0877908576402
7 26 26 5 67524 0.9718651109914302
4 19 13 2 47468 0.9911277075650755
23 3 26 12 20978 0.9270729910392628
18 18 18 4 46658 0.9183348644691299
27 21 12 20 39903 0.9048247755496611
22 24 17 3 42913 0.9748715855468117
3 23 25 4 65860 1.0076859304523875
23 10 6 1 47609 1.0646997577245625
14 23 29 10 57868 0.9972059948697203
6 16 10 27 28246 1.0669522717721867
28 20 13 26 41445 1.0112014375135057
12 13 28 19 52775 1.0255380113907808
26 19 2 9 56388 0.9853574411827877
1 18 18 14 41690 1.004613041125424
27 12 28 21 33654 0.9360144159348408
20 25 17 3 45502 0.9188827257424
11 22 26 16 51844 0.930366352848943
29 6 5 6 38820 1.0154640979521423
9 10 24 16 50859 1.0802859368295548
5 27 17 25 18595 1.075803248525587
10 17 11 3 36750 0.9359565936843735
29 10 11 1 49209 1.032833322176628
28 0 2 23 76207 0.9485759033269826
26 29 18 3 55938 1.0717937697863307
6 10 18 21 45706 1.0873174418817764
11 10 0 16 38567 0.9242309006202132
19 0 11 13 39892 1.0145065224968526
9 11 24 3 42790 1.028201801532752
14 27 26 18 38763 1.0158994728728006
23 8 25 21 34296 0.9227086233233069
5 0 29 28 82109 1.0748004816558883
18 27 10 14 36027 0.9758023576560094
0 24 21 26 41506 1.0668769265262328
8 0 7 25 52403 0.9784159669493973
3 0 4 18 31955 0.9762869842597788
18 6 22 16 23478 1.0614482996970331
20 5 3 13 44572 1.0938681162122337
24 14 17 25 31288 0.9202369511515043
0 12 24 17 53951 1.0346618881018061
25 17 14 23 38179 1.0860011326144225
24 23 17 7 55103 0.9640604523465283
11 5 3 18 39398 0.9321843538723967
8 7 18 26 56884 0.9180012116551305
14 25 11 11 39423 0.902248036669779
0 8 22 19 62806 0.9605431934874498
0 0 15 17 58349 1.0851182504973842
19 5 8 5 23240 0.9233319285738286
6 24 26 13 56206 1.0439669744814275
5 12 14 8 32919 1.0884241659350644
14 29 12 7 57259 1.08398417454759
6 25 12 8 57514 1.0202172405819419
22 21 5 27 32178 0.9354545588117951
22 21 25 8 28144 0.9445657936421211
21 9 19 17 27654 0.9598524382048563
2 26 5 3 34348 1.0576490060697676
19 18 4 1 54910 1.0034037258900947
5 11 21 28 59868 0.9744263496957635
18 18 24 25 30296 0.9390719540800934
10 12 17 1 32661 0.9469396857052925
26 14 2 21 50288 1.0631907981307933
27 6 21 10 23081 0.9299337640785094
24 2 10 22 62394 0.9542401531787913
19 13 28 24 44950 1.0185044788117192
12 29 10 13 43441 1.0015763826762492
24 11 2 25 61748 1.0113907804745974
2 7 17 16 41926 1.0731052589084333
7 24 10 17 25277 1.0364986367731273
21 16 15 29 39624 1.0843390055773339
22 10 5 7 41896 1.0490733171177893
9 18 21 5 54258 0.9055968226901265
0 2 6 25 40002 1.0830919829101189
2 29 20 16 50658 1.0526072916888694
17 7 5 12 38231 0.990027802786393
18 13 26 26 43679 1.0182864616695635
22 17 18 8 31630 0.9263240583254286
27 18 11 6 55406 0.9825117139194269
27 6 15 15 34671 0.9047964920585087
15 23 8 10 45922 0.9253081682877274
0 9 13 11 49386 0.9227433514404916
26 7 1 15 58861 0.9442345492013593
11 7 17 11 24038 1.049023655364985
26 20 10 10 48341 1.0164462099809606
11 6 10 22 41989 1.0531589823172829
27 1 23 12 27554 0.9639281307385711
5 4 9 12 29968 0.9369900078380906
20 28 12 15 35490 1.0599648546380225
6 9 12 29 51642 0.9752393912286017
27 23 8 9 68495 0.9994178648853522
15 13 6 17 27423 1.0904925725848162
27 18 29 2 48236 0.9371174450116402
9 28 19 12 47593 0.9363870601613047
21 22 14 27 22678 0.9602038972062381
23 6 21 21 32749 0.9669202478094724
2 22 28 21 62552 1.0501253680658071
3 3 29 14 61431 1.09070461375367
16 3 20 19 37255 0.933879016104145
15 10 15 27 38228 1.0618126825712955
22 11 12 17 36899 0.9847817855794323
20 6 6 25 54833 1.0537553057769777
16 27 15 0 51594 0.9983966513647321
17 27 26 2 55522 1.0487004924942636
1 13 11 14 25136 0.9723970173495082
2 18 8 10 25673 1.0644075765237457
4 1 20 9 41432 0.9028783000694758
24 16 9 25 46491 1.0605192753270885
8 21 9 3 48092 1.0750235890117879
19 27 10 13 39679 1.0157143238294637
21 25 17 10 42232 0.9259968193172229
0 25 18 28 31250 1.023412718832022
23 17 1 27 49118 0.962207872997751
2 4 29 12 58251 1.0244880224585327
14 6 3 28 51094 1.0142135592081707
28 23 13 5 70070 1.0782154854529171
24 2 8 29 69977 0.962757307716088
11 2 22 21 49841 0.9948625299831335
0 15 26 0 61825 1.0900095695140453
8 0 0 14 35186 1.080784601568126
0 16 12 27 38111 0.955395325154891
4 24 22 11 53291 1.0227969289139804
12 20 5 9 44631 1.073243943616318
8 21 10 13 24353 1.091807964293524
3 7 17 19 49395 0.9707745416830781
6 0 21 14 50428 1.0302439548154196
2 4 27 6 42943 0.9934742094836001
24 3 10 11 38573 0.9437992661135808
27 29 24 17 29894 0.9607854751251566
26 6 21 1 16045 0.9289519322548817
4 7 0 29 38941 0.9525263099404547
3 16 28 21 62825 0.9947521433769243
13 8 28 18 69632 1.0965136395581994
22 19 17 9 34935 0.9972490972554399
23 29 19 7 48536 0.9848003633305419
2 6 8 2 15330 0.9346301552101931
15 0 22 21 49153 1.032727449278048
2 10 24 23 62478 1.062011537697593
28 4 15 27 67069 1.0834730846347718
7 29 20 13 49454 1.0708179368037347
22 20 12 20 23682 0.9491019286990263
13 7 3 8 30336 0.9136905082483825
28 24 13 3 68133 0.9651074025430144
5 13 23 13 43446 1.0925441926053074
26 19 18 29 32310 0.9541673000192061
27 6 23 25 40713 1.0693611809714196
17 23 4 19 40116 1.0821960025007744
23 29 10 7 61876 1.0990117575565588
13 21 1 27 42582 1.0710061232851833
13 6 2 20 36249 0.9794906262788556
3 5 18 2 29642 1.0529947822467918
10 12 24 1 42749 1.019149591759386
27 23 1 22 54563 1.0093644061319627
10 7 29 14 50659 1.0433643456530288
2 1 25 23 69357 1.0901378470492016
6 10 5 27 35844 0.9310105597265212
5 20 2 11 18942 1.027055170701303
11 23 21 5 59314 1.064334546248694
23 9 1 23 66795 0.9281712490284751
15 4 2 6 27121 0.9940709143452777
7 3 12 20 51222 0.9152171625119453
27 19 15 18 40481 1.049415583641332
