3400 4002 3899 3012 3540 3691 3785 3291 2930 3256 3568 3213 4020 3921 3141 3936 3853 3573 2959 4082 4079 2999 3539 4316 3284 3933 4269 3406 4020
6850 7384 6996 7345 7585 7481 7558 7664 7920 6903 7234 7123 7706 7176 7076 8116 7207 7079 7528 7710 7766 7619 7741 7943 7514 7086 7695 7753 7480
7915 7350 7815 6624 7316 7534 7992 7001 6957 7787 6770 6509 6777 7971 7658 7414 7530 7751 6896 7514 6712 6815 6848 6665 7540 8026 7183 7837 7553
8550 7415 7718 8552 8470 7184 8313 8482 7330 8565 7863 7786 7187 7780 7167 8526 7859 7994 7169 7214 8219 7654 8174 7170 7959 8013 8373 8212 7423
4382 4248 4313 4513 4283 4717 4168 3936 4456 3672 3421 3612 3796 4687 4215 4218 4021 4627 3950 4820 3810 4800 3641 3632 4750 4340 4646 3816 4565
2448 1292 2605 2143 1754 1389 1887 1372 1839 1938 2424 2689 1474 2438 1358 2183 1773 1556 1214 2692 1548 1200 1446 2330 1792 1415 2252 2363 2547
4599 3813 4308 4489 3879 4917 4516 4261 3908 5216 3872 3811 4991 4667 5108 4403 4334 5232 3755 4519 3731 5202 3903 4931 4272 3800 4772 4353 4195
2396 3513 2810 2891 3262 2439 3539 2720 2308 2222 2438 2584 2552 2092 2101 2987 2671 2543 2980 3228 2577 2160 2628 2297 2245 3584 2702 2407 3160
3052 3395 2779 3849 3130 2857 3532 3933 3350 3710 3476 3242 2990 3955 3226 3011 2603 3153 3773 2506 3863 2543 3805 2850 2559 2876 2826 2518 3911
4381 4395 5036 4716 4574 5173 4289 3791 4264 4859 3787 4553 4983 4452 4748 4548 4145 4823 4891 4184 4650 4127 4669 4314 4988 3791 4275 4293 4483
4844 5907 4509 4520 5051 4487 5994 5771 5051 4642 5544 5790 4739 4914 5012 5416 5290 4504 5938 5886 5403 5003 5964 5597 4571 5830 4833 5273 4526
6044 6817 6863 6839 6491 6053 6053 6211 5525 6821 6661 6567 5703 6456 6232 6522 5407 6821 6685 6815 5654 6532 6355 5741 6013 5973 6593 6703 6368
6753 7129 7667 7330 7727 6832 7035 7753 6331 7081 7592 7387 6357 6744 6779 6365 7263 7227 7002 7151 7641 7565 7199 7746 6933 7720 7489 6552 6832
5270 4558 4361 5208 4542 4649 5282 5361 4587 5233 4270 4983 5378 4278 4242 4479 4483 5031 4509 5374 5564 4388 5450 5383 4770 4760 4230 5127 4302
6741 6712 7582 6757 7324 7249 7050 6235 6783 6518 6618 7137 6433 7208 7649 6204 6534 7665 6460 7125 6587 6799 7356 6329 7160 6287 6730 6184 7513
5352 4351 4866 4041 4165 5082 5389 5050 4646 4014 4196 4500 4707 4883 4735 3934 4834 4161 4124 5349 5315 5175 4932 4174 4653 4016 5033 4944 5169
7997 6857 7661 7968 7759 8013 7669 7612 6811 7424 7463 7642 8123 7283 8298 7411 8116 7782 8176 7971 7065 8126 7484 7420 6850 6955 7305 7963 7909
6175 7239 7082 6951 5935 7082 7151 6638 6793 6730 7244 6598 6543 6737 7096 6326 6599 6761 6662 5850 5806 6483 7095 7253 6880 7200 5762 6892 6300
2275 3109 1713 1757 2185 2003 1891 1946 2759 3055 2422 2478 1963 2024 2932 1792 3001 2253 2731 3123 2381 2678 2536 3040 2265 2436 2091 2524 2923
4616 4696 4165 4931 5342 4987 4056 4497 5550 4068 4256 4884 4559 4636 5013 5370 4964 4070 4416 5430 5019 5332 4106 4733 4657 5262 4090 4157 4782
5647 5112 5644 6202 5433 6399 6145 5883 5254 5432 6142 6106 6471 6311 5246 5862 5771 6094 5728 5501 5908 5410 5361 5358 5069 5573 6169 5623 5101
2917 3324 4002 3287 2676 3137 3799 3761 2595 3806 2862 2812 3336 3498 3834 2759 2561 2778 2921 3420 3050 3046 2543 2859 2722 3949 3668 3432 3152
6452 6528 5232 5287 6715 5986 6073 5788 6578 6199 6636 6362 6474 5490 5697 6427 5585 5961 6327 6243 6386 5585 5745 6377 5934 6612 6699 5724 6248
7886 7063 7380 7192 7117 6889 7677 8080 7985 7990 7692 7109 7741 7824 7710 7284 7007 7282 7604 7010 7724 7690 7140 8150 7045 7993 7641 8125 7556
3152 2480 2512 2553 2865 2741 2045 2170 2861 2749 2012 2708 2388 2050 3168 3038 1664 3050 2731 3162 1720 3128 2355 2182 2478 1922 2952 2679 1777
3575 4115 4724 3597 3568 4202 4461 4148 4474 3843 4454 3517 3879 4140 4165 3562 4958 4395 4112 4310 4855 3917 4250 3744 3579 3460 4782 3507 3928
3701 3511 2858 4130 3111 3697 3404 3500 4006 3876 3207 3867 2889 3196 3273 3482 4044 3753 3379 3674 3108 3342 2895 3387 2722 4018 2875 2949 3858
5382 4903 5513 5539 5063 4570 5858 5527 5952 4734 4659 5927 5652 6024 5027 5702 5894 5576 5134 5753 5955 4683 5250 5512 5222 4822 5873 6062 5864
5093 4118 4286 4798 4518 5283 5172 4192 4441 4383 5098 5402 5188 4554 5530 4220 4278 5099 4960 4517 4631 4371 4859 4898 4240 4586 4778 5427 5371
5835 5786 5461 5607 6218 5830 4875 5839 5178 6161 5161 5197 4949 5943 5063 4909 5869 6072 5481 5669 6071 5403 5124 4763 4897 5083 4981 5360 5957
2637 8256 5191 2221 4545 5271 2789 5258 5708 7154 3722 4714 6916 6942 2042 7396 2900 2566 5030 2892 2768 5808 5156 2349 7676 4811 7991 2901 4254 7505
2027 7147 4458 2896 4722 4926 2940 3799 5940 6188 3194 5126 7628 7201 2637 7487 3290 2483 4254 2588 2423 6875 6505 3058 8163 4133 7487 2899 5287 7916
2817 7322 5899 2487 4579 5007 1789 4177 5842 7436 2938 4763 7720 6514 2057 7168 3267 1950 5043 3235 1404 6948 5346 2541 8128 4762 7969 3776 4485 8076
2378 7664 4640 3233 4156 4988 2527 4357 6221 6530 3377 4230 7119 5898 2794 6960 3436 2168 4389 2915 2810 5943 5887 3140 7572 4513 8440 4086 4812 8440
1662 7373 5884 3338 4922 4487 2535 4008 6407 6468 3405 4091 8085 6600 2580 6600 3551 1354 4425 3647 2707 6483 6181 3064 7407 4572 8143 3976 4468 8414
1515 7489 5899 3077 3666 5527 2254 4198 6041 6998 3466 5242 6848 6932 2628 6671 3127 2503 3611 3222 1698 5614 5132 3349 8505 4693 8693 3861 4109 8469
2445 7605 4489 1919 4573 5014 3114 4367 6868 7452 4101 4077 7279 6676 3175 6255 2713 2352 3550 2475 1736 5666 5726 2339 8145 4938 7474 2884 4558 8137
2858 8060 5376 3294 4496 4238 1907 4544 6891 7331 3239 4634 7745 6484 3372 6953 3507 1396 4364 3561 2704 6569 5307 3386 7285 5013 7925 4065 3934 7940
2533 7057 5887 2944 4995 4080 2886 4021 6585 6951 3594 4277 7344 5882 2711 7530 2248 2116 3805 3588 2556 5865 6434 2029 8451 5451 7306 3708 5358 7727
2684 7946 4495 2610 4121 4970 2131 4558 6358 6246 3648 5451 7485 5835 2463 6172 2314 2032 4342 2924 2703 7061 5881 2224 7565 4687 7982 3763 4829 7221
2176 7119 5102 2108 3897 4300 2078 4238 6963 6116 3288 4077 7707 6012 2324 6394 3034 2336 4912 3719 2322 6664 5779 2258 8120 4575 7340 3692 4491 7295
2295 8251 5639 2698 4184 4705 2081 4466 6130 6259 3929 5260 6750 6311 2171 6634 2942 1524 4184 2437 2323 5973 5610 2995 7610 5278 8053 2814 4811 7682
1425 8298 5320 3158 5070 4368 2348 4641 5628 6982 2856 5362 7081 5979 2073 6385 2976 1819 4859 3234 2676 6342 5486 2521 7225 5546 7705 3049 4492 7248
1518 8415 5650 2877 4132 4198 1883 5069 6904 6786 3084 4650 7431 7097 2360 6351 2368 2074 3907 2856 1890 7054 6332 2975 7365 5326 8643 3950 4698 7600
2220 7422 5324 2213 4983 5052 2690 4561 6596 7232 2654 4517 7079 5869 2908 7437 2345 1379 4028 2815 1394 6190 5878 3054 7800 5008 8575 3459 4772 7860
2323 7321 5365 2415 4917 5585 2305 5254 6914 6120 3617 4914 6635 6277 2160 6635 2952 1296 4964 3068 1388 5805 5642 2369 7214 4141 7808 4046 4713 7889
2388 7963 4482 2815 3997 5116 3028 4928 5762 6614 2826 5284 7177 6344 2989 7106 2640 2339 4550 2451 1441 6851 5861 2560 7495 4925 8293 3191 5261 7490
1493 7187 4652 1820 4763 4753 2275 4641 6541 7135 3302 5336 8124 7036 2904 7564 3467 2209 4719 3397 1518 6882 6132 2363 7627 4144 7568 3160 5380 8036
2562 7510 4859 2499 3790 5381 1763 4776 6902 6189 4033 5379 6712 7027 2517 7653 3296 1511 4021 2467 2598 6946 5732 2381 7770 4364 7270 3158 4126 7863
2581 8403 5392 2698 4422 5376 1841 3948 5855 7258 4045 4478 7421 7040 2462 7295 2440 2167 4090 3209 2729 5948 5235 1863 7555 4854 7361 3358 4120 7606
2760 8007 5844 2239 4717 5059 2602 4434 6840 6937 2822 5386 7122 5809 2306 7370 2943 1276 4509 3378 2133 6937 5498 2315 7443 5339 8001 3319 5296 7420
2086 8108 5517 3314 4730 4403 3030 3924 6521 6841 2661 5416 6655 6025 2466 6900 3311 1583 3556 3214 2262 6582 5223 2381 7461 4841 7935 2906 4699 8017
1895 7708 5705 1928 3699 5319 1756 4992 7026 6834 3198 5359 7799 6281 2533 7600 3401 1639 3802 3470 2820 5754 6249 2454 8498 5085 8186 3239 4998 8550
2495 7695 5296 2727 5009 4656 2180 5116 6190 6450 4016 4593 7944 6747 2357 6593 3594 1602 3594 2421 1655 5996 5871 3074 7386 4475 7373 3292 5367 7710
2249 7831 4785 2927 3720 4376 2323 4354 6867 6923 3604 5086 7182 6183 2192 7625 3394 2063 3706 2740 2070 5921 5564 1943 8546 5473 8023 3330 4140 8187
1451 7836 5915 2049 4386 5205 1933 3872 6044 6294 3319 4816 7831 5738 2888 6594 2570 2371 4116 2615 1606 6959 5423 2275 7735 4331 7869 4038 4399 8162
2888 8448 5418 1921 4267 4297 3142 4827 6333 7289 2642 4407 7807 5804 2349 6446 2869 2171 4471 2875 2016 6189 5145 2895 8343 5295 7786 3617 4148 7546
1957 7846 5456 2650 4375 5367 2241 4732 6879 6189 2753 4310 6732 6923 2030 7686 3103 1370 4935 3056 2511 7073 5848 3155 8678 5180 7557 2739 4916 7669
2914 8137 5688 2926 3946 4300 2941 4439 6538 6870 3314 5084 6838 6375 3332 6410 2672 2112 3527 2525 1862 7105 6644 2691 8292 4840 8704 4007 3950 8495
16 27 19 14 42127 0.9575598414752238
12 7 7 28 71458 0.9603081008079115
15 26 6 16 54529 1.0972057796624537
9 5 14 17 50355 0.9743894269069544
17 21 4 25 43525 0.9360460998678262
28 20 27 3 59055 1.0520662152792024
22 4 27 14 40726 0.9085884589789832
23 26 9 6 86961 1.0197479248144314
27 12 14 4 64986 0.9290435464057483
0 2 27 6 74910 1.0720036745651487
24 2 21 22 57563 0.9433297223329914
13 14 19 6 33622 1.0477127597896843
3 23 23 16 55462 1.0575486501298796
12 8 14 0 46377 1.057449858539278
14 19 26 20 30384 1.0744480585869007
9 16 26 15 42041 0.9804501887846663
21 21 15 11 46847 1.0967601313701059
11 26 20 1 100427 0.9852590644896049
2 8 13 19 62204 1.0973895711407682
15 25 0 15 63923 0.9386765759855841
9 23 24 5 78393 0.937335293105615
4 9 3 27 46923 1.0042406018546979
18 28 6 27 44305 0.9940629640441989
26 14 14 13 37890 0.9619344120024262
27 8 16 1 54314 0.9885359578191184
16 22 18 3 57367 0.9160515575770972
5 26 9 11 42449 0.9724468241188485
15 2 11 17 56764 1.0351453196828977
26 14 9 19 49450 1.0012582303734452
4 28 21 10 76267 0.9332170990280552
23 23 29 16 34145 0.9366198922136201
11 3 15 22 73148 0.9303302443128948
1 4 28 3 78199 0.9626563611013654
12 4 6 10 39433 0.9812144095427872
25 20 15 11 50515 0.948935656748148
29 11 12 15 65647 0.9628669332737038
1 0 12 15 62199 1.0001989173243457
22 2 26 28 80896 0.9531599243409351
29 3 13 27 100603 0.9727382422194287
0 27 7 8 60396 0.9941832615947308
27 1 0 14 94024 1.0163989300025804
19 28 29 7 86270 0.9866902834896882
25 1 11 10 64662 1.0542980080839652
19 3 1 11 66608 1.0329249171971115
17 11 0 16 59275 1.0567228120002257
24 5 28 21 51371 0.9382716785120143
1 21 25 14 67787 0.9424690908464547
3 7 25 7 60803 0.9884608390290477
2 1 2 11 48947 0.9792863326966863
17 12 0 2 77015 0.9545503880468451
20 24 2 21 57179 1.054609870443059
23 24 22 15 40800 0.9179296116341329
25 5 23 23 52598 1.0483092577109279
26 1 29 10 40802 0.9293026536286023
28 12 11 10 64997 0.9727876084314158
2 21 18 25 52882 1.0934169582998574
2 6 26 7 58663 1.0235118701542658
24 0 5 21 82268 0.9280694461510591
23 20 0 6 78308 0.9522219881455152
15 22 4 12 54331 0.9938699581836369
16 20 1 11 58977 1.0232619264657272
19 3 0 1 52390 0.9037987134915499
1 10 19 15 63707 1.09125806843558
6 10 19 24 64325 0.9746294890504654
2 4 13 29 92885 1.055873607141232
20 14 7 7 50330 1.0226747078493994
22 2 8 10 60157 1.0521577490938578
5 5 28 19 74984 0.9539815567514469
3 23 22 8 80773 1.054879343141008
15 9 16 18 41893 1.0596514442541878
6 18 17 19 34573 0.9403390151727241
22 6 28 26 70927 1.0171023111287814
26 14 13 17 32025 1.09675987774983
18 4 5 8 38427 1.0612003500764529
21 19 0 24 59891 0.9396494204258976
12 10 0 20 56055 1.0416398171291488
21 9 20 19 34545 0.9608206736309289
29 10 24 3 33616 0.945474670884783
11 4 19 8 39470 0.9194050739686424
23 28 5 2 98145 1.0997588693101885
0 27 27 28 97017 1.06656748591172
9 1 22 5 47802 1.0766331037535695
29 28 2 8 120510 0.9191468166220294
3 20 11 24 31037 1.0472910680500132
11 29 5 14 56891 0.9264102936733275
16 4 0 10 61208 0.918855982656244
1 5 6 26 60918 0.9750302100115777
6 19 5 0 38998 0.9664717450103417
20 6 17 16 30333 1.0204340806379617
19 29 5 21 56756 0.9769742991399025
2 1 2 12 55456 1.0759520420024073
2 9 12 2 56146 0.9051270419538205
21 23 28 9 56311 1.0874979735196424
25 5 23 15 35269 1.0776788438016387
7 11 10 2 35033 0.902496515193505
5 25 5 10 28117 1.0025723184043898
13 13 5 6 41256 0.9500371043850591
12 2 1 16 64749 0.9322687654073785
0 19 5 3 43714 1.076646091118992
11 27 3 15 55920 1.0865420704829478
2 23 9 19 25171 1.026451417285974
14 14 1 22 57791 0.9758884804122272
3 4 22 24 88319 1.0242116313024254
14 22 13 3 71582 0.9407379498493073
27 18 23 9 38408 1.0691772051997082
24 13 17 7 36637 1.0502208685771564
29 4 2 21 104487 0.9434060995574315
9 13 7 21 28727 1.0901921521665991
21 17 4 2 64641 1.0797865349594007
15 17 0 9 53762 1.0680649347328695
20 29 29 8 92945 0.9710152233957169
12 21 26 21 38929 0.9059000946580099
8 25 19 25 40426 1.0165552785750962
8 10 3 16 29236 1.0939277621867454
2 5 25 18 77371 0.9609985337474378
12 19 10 28 49201 1.055298017520809
9 14 24 3 62221 0.9462474602136667
10 5 21 19 60091 1.0655119387550211
14 27 10 10 79495 0.9180662415310253
7 15 13 23 37187 0.9110038977692484
12 18 3 28 50574 0.9971152396244403
24 25 0 7 93699 0.9979481489848522
16 25 15 10 56433 0.9168975941263464
1 9 13 25 75066 0.9165013810743349
17 1 17 12 40629 0.9173825854852046
22 7 3 25 88430 0.9967175846668127
28 29 9 24 76157 0.9578255349564935
1 21 20 15 62546 1.082968931386991
25 7 29 23 58267 1.0232000732204372
17 23 24 12 40151 0.9603941653084742
9 13 3 2 49976 1.0006581050206362
23 10 15 1 48238 1.0145117142717004
24 19 13 3 59907 1.0495727517799343
17 18 28 6 53242 0.9696392484847723
27 14 29 22 41817 1.0713070657761519
28 20 24 6 43999 1.078228802579165
12 8 14 19 59957 0.9129992487757123
4 7 19 11 54327 1.0070870154630223
16 3 1 10 54549 0.9080868181151123
18 24 25 7 57682 1.0307091230823149
29 2 3 15 98847 0.9459653090298333
26 11 13 5 49957 1.0570417036008175
24 7 1 16 75123 1.0691635173162815
16 4 6 18 64078 0.9729017106694435
11 19 27 22 48144 0.9326527720245473
26 7 17 6 23107 1.0352647155254773
1 21 14 13 58371 0.952907844623931
4 13 13 14 28184 1.0778105241675566
9 16 21 22 41322 0.9235289549716442
18 14 23 2 44541 1.079127108999606
28 18 6 21 57590 0.9696991188899274
24 20 27 27 27722 0.9312860208796676
10 29 20 18 68552 0.9051910760548455
12 16 15 1 62222 0.9514245291936886
0 18 19 29 74361 1.001395537614541
23 11 14 26 72503 1.037444903282991
4 21 29 27 81531 0.9825345154873171
29 3 4 13 85007 0.9739849935469072
3 9 20 18 62992 0.9741792949129843
3 26 22 27 74818 1.0176310591857984
24 23 27 6 50397 1.0245343073019548
25 23 18 27 26243 0.9040061915843958
27 3 20 6 24624 0.994707274576776
16 3 17 22 56141 0.9676296057009711
1 15 26 11 80513 1.098761483266145
19 29 2 13 81386 0.9310574995924026
0 4 24 20 85282 1.0616653960107345
10 5 13 23 68911 1.0570106084160036
25 26 15 17 44494 1.014585536343483
22 12 25 1 47722 0.9533385680894196
3 11 24 9 69009 0.9524135848584746
26 8 11 18 61072 0.9724321952232536
11 28 22 21 58934 0.9429195398676711
3 29 16 13 77453 0.9184588730810511
28 27 13 7 92908 1.0716029184742284
5 27 15 14 48944 1.0699825885263166
1 5 12 11 57165 0.9094300811744717
10 2 22 23 81463 0.9553781027696544
14 17 8 25 36953 0.9939754638733664
15 0 21 13 48423 1.0774788071222556
14 2 21 27 84422 0.9176024768206661
1 1 27 20 98528 1.0501479401461595
28 19 23 5 51317 0.9019480319920827
17 25 27 12 61771 0.9149849593514668
16 1 22 29 99660 1.0454701193923497
15 0 5 23 64331 1.0582963752149523
3 12 3 22 43774 1.0660328278932727
21 8 26 20 45506 0.9570851485747932
18 12 27 18 33671 1.0621833606556392
29 9 21 15 42141 1.0929785245789767
23 8 24 21 39491 1.0732543044517064
7 10 18 12 40937 0.926464143146179
22 24 29 20 29173 1.0108779331026596
22 6 8 14 52837 1.0616537637786014
7 4 29 14 76259 0.9753754259324033
19 20 1 26 62329 1.0272803353615285
24 27 27 0 75424 1.0587840911332997
4 2 2 15 44087 1.0996614369940518
21 23 10 16 42527 1.0187317002813812
1 0 6 26 64161 1.009977070016093
19 13 10 10 39446 1.0246147913329158
24 24 22 8 54182 1.055117946470424
28 24 18 10 57702 1.0910029377217878
28 15 10 0 76024 1.040842269140319
1 25 20 16 65870 1.0829585482450728
26 3 21 16 46067 0.9897187418488066
21 8 10 2 44324 1.0721497681467649
0 6 19 26 88292 0.9690571884463084
15 9 4 8 48057 0.9049394830742622
14 26 2 0 92386 1.0266991737156612
23 28 6 8 92847 0.9808152907845676
6 3 12 20 51242 0.9085254448528397
15 19 26 20 27569 0.9811633200379977
15 3 26 4 31561 0.9339145012589571
15 16 23 3 50944 0.998018076372667
12 10 16 0 44913 0.9386024367413083
20 18 13 3 54019 1.0246835083333714
18 13 6 29 63236 1.0924911723286208
0 8 23 14 78369 0.9962602358105559
5 27 1 10 44698 0.9321122482884476
0 2 3 12 47642 0.9882781656794147
13 29 19 3 87476 1.0535236058760142
29 22 4 22 71014 0.9477507808898907
28 21 4 5 84181 0.9766264121166732
20 24 0 3 89844 0.9281348180571483
22 8 13 21 60840 1.0989703826180397
13 16 24 6 50206 0.9925593329325749
22 28 1 1 115944 1.0203450437131145
17 21 26 8 57042 0.9250229642399322
6 0 21 26 90016 1.048903671495387
1 3 8 13 44790 0.9437782805968209
0 16 21 4 78031 1.0264260133733667
28 29 12 29 78033 1.064709566462954
17 18 3 15 46429 1.0078091783893763
26 12 10 21 57275 0.9536195987165859
3 13 15 27 71158 0.9956655819773382
10 29 21 5 98300 1.0328466409573163
2 10 20 24 73067 1.0787651604124515
28 10 9 23 78145 1.0554700617506456
15 21 24 23 31062 1.0681723835968366
25 15 18 9 32940 1.032018983137957
6 3 28 12 81938 0.9635757539601345
6 28 22 29 70056 1.0537660113716603
13 10 7 20 46730 1.044447852239228
27 9 1 1 92276 1.0167880499938535
13 23 8 12 47455 1.0084320951241785
21 13 2 15 60110 1.032318763657837
1 11 3 28 59213 0.965828015138794
6 21 16 15 44091 0.978785857538533
13 19 27 2 76037 1.0558777266810426
5 7 25 7 52438 0.9747253672435597
23 27 1 17 72080 0.9418419506619656
20 4 8 0 38121 0.9595189543080536
7 28 28 13 81532 0.9553755030506013
22 10 22 26 59115 1.0979079981895712
18 1 16 23 57655 1.0545201859138145
19 29 24 5 76338 0.947875797478055
22 28 19 4 77741 1.0909454242994128
7 14 3 7 28342 1.0679455295641362
21 27 9 15 61070 0.9250672000312926
11 24 24 14 57928 0.9009296806443924
10 10 26 0 66328 0.9890330102747702
14 18 10 25 47134 0.9040550569276191
14 20 24 13 33546 0.9463517231945947
0 13 23 14 62553 0.9906674823723984
24 6 24 23 42999 1.089420980955852
18 14 15 21 25494 0.9673781734922705
28 24 4 11 82471 0.9901555304810202
21 21 6 7 66007 0.937305540204338
21 17 18 27 30488 0.9392769157824482
19 27 11 0 81659 1.0570307618688057
27 15 6 27 72658 1.0349596751545675
9 22 25 14 54379 0.9443455284603206
17 25 13 12 55853 0.9421232269852933
1 4 6 19 48889 1.0323267918962622
0 26 27 23 81688 0.9867799871951574
29 6 6 17 72083 0.9497291923335128
8 24 18 0 80684 1.0739925123923793
16 29 7 5 97680 0.9825199923267578
12 24 28 24 53222 1.0033165868544955
12 10 8 26 62910 0.9397983293647232
22 15 11 14 33013 1.079211401442207
18 9 24 21 40108 0.9261101102669025
27 5 15 26 84436 1.0578004261925718
3 25 22 22 61954 1.0772998740908872
13 2 14 27 88099 1.0309132824420628
28 15 18 5 49147 0.9377343839824315
25 16 10 2 71657 0.908661112741557
18 3 21 23 54469 1.0071808686355777
2 6 14 15 53838 1.0438179067324773
3 6 20 11 57972 0.9274734402166463
7 21 17 11 51374 1.0205287977617683
7 20 6 5 37187 1.0269115711136847
24 8 10 13 54212 0.9532413621101676
15 10 16 23 46982 1.0097353825650874
5 28 12 8 71701 0.9948359214167657
2 25 6 7 51311 0.973966705596101
15 16 5 20 29827 1.0326653507859629
29 8 20 22 69536 1.0530808121700335
1 20 6 1 52665 0.994474379259632
24 21 23 7 40587 1.0277869583699841
19 1 22 26 82771 1.0557843681121415
18 11 5 4 46196 1.0069510955226522
0 21 0 5 57298 0.9907242683221791
14 7 29 23 82494 0.9935328277154106
18 17 1 1 74115 0.9284084350240012
8 4 12 19 57098 0.9061996210114801
27 27 0 21 84459 0.9185006624911711
10 29 5 6 66619 1.0384626444986336
5 14 28 21 62244 0.9195597717858807
5 20 0 13 26807 1.0115026494594408
11 2 12 20 70980 1.005280471412248
1 1 0 18 62834 1.0164643538720455
29 12 13 2 71433 0.923577763044221
20 27 2 18 68055 1.0830943976621696
16 29 16 2 89562 1.0250284943262273
23 2 16 14 50434 1.0684344439402218
17 16 4 16 35089 1.0190691248529258
3 9 26 23 83463 1.0451973181650318
20 8 21 17 34903 0.9126567345217478
12 23 23 16 45771 1.091624504064662
7 15 28 8 74126 1.0218860095696365
16 21 22 5 58140 0.9864590386146623
29 19 16 16 38478 1.0729709394219695
29 19 18 19 31970 0.9216366043125124
8 13 14 26 66231 0.9073519590539229
8 8 15 12 38809 1.020647058654013
15 13 25 6 46969 1.0650468959416513
15 19 12 11 44943 1.0830373688054127
12 12 12 28 82893 1.0467055420126223
27 29 8 0 116147 0.9447789128164202
7 11 2 6 23892 1.0500320005889612
13 17 26 22 38144 1.082125667882947
29 23 11 3 89087 1.0284137573890373
22 20 29 0 68033 0.9401657671177748
12 0 5 6 28137 1.021880182905083
11 6 9 18 45551 0.9670247397131385
11 1 3 23 69121 1.0585062261807034
15 24 4 19 41837 0.9506060990057156
28 21 15 20 31378 0.9862403065143874
24 5 11 23 73911 1.0705592601235712
20 28 5 13 67760 0.9235218913234956
7 1 28 18 86207 1.0315743453637802
19 3 2 16 69280 0.9163890857273931
26 6 29 27 74520 0.9512918343457679
0 0 9 12 52928 0.9533829362728472
28 14 2 29 93608 0.9092337288863478
12 2 4 25 71328 1.0795455304040371
28 5 4 25 95278 1.0354091225814037
1 1 15 6 50737 0.9015187003255041
22 3 28 13 45810 1.0189100727591613
16 15 26 8 52795 0.9036826247303678
27 28 4 11 91304 0.9472701356058895
12 4 18 26 76148 1.0816868200681053
20 3 6 7 44384 1.0558971487862103
29 14 15 19 44339 1.0145291024386685
9 27 14 7 81070 0.9833875696235166
2 6 4 20 36395 1.0919084949931745
20 26 10 10 77966 1.0168467674528254
4 19 9 1 53155 1.0765154347851462
29 4 11 15 78893 0.9432306032773503
9 11 4 1 41779 1.0420889088328922
26 8 2 9 79855 1.0221501570750147
2 20 26 0 91341 1.045822206825053
13 21 26 1 77437 0.957970473564112
11 25 19 5 79306 0.9082196909028892
23 11 14 18 43420 0.9219885586484341
13 13 3 5 52120 0.9465838403330109
27 14 14 14 33031 0.9965596856624931
19 11 17 1 35406 0.9262414498558077
27 3 27 28 82054 0.9755300668158331
19 4 29 23 73124 0.9783016532108529
14 24 4 23 33469 0.9953822305772787
3 1 4 17 46949 1.0375895615622275
19 8 3 12 65578 1.0053496880301076
14 12 4 14 39498 1.0304772041072208
8 7 17 22 69037 0.9394298399621297
27 12 6 23 75000 1.0273245133884294
13 1 20 14 50521 1.0476303533699636
28 24 20 27 37456 1.0022209750789712
17 21 12 10 50382 1.0823722588218834
23 9 15 4 43553 1.01311296352405
25 23 20 11 47099 0.9413323050302971
11 2 9 29 89848 1.088406185204473
18 19 7 23 33403 1.0170740677373171
11 21 2 23 32312 0.9476203818484044
26 25 29 1 85205 1.0093043897492486
28 18 16 5 60987 0.9929672942309261
19 1 23 11 46294 0.9420917356952447
22 3 18 22 56124 1.0305014299927022
10 17 15 25 46797 1.0036916164534944
27 0 14 16 68675 0.9601264553416808
10 10 2 20 43647 0.9567539755323224
26 1 18 9 39272 1.0531873145236623
3 8 14 7 43619 1.0704710101385122
20 25 18 4 60676 0.9858774343011597
6 29 15 7 78248 1.0893447230080315
27 7 11 8 54533 0.9452949877901289
24 0 15 17 58778 1.0582586728556493
14 14 10 26 62836 0.9988196731375083
12 3 13 19 66343 0.9673266404000366
25 25 14 21 42994 0.9296761948199191
1 28 13 14 65091 1.0998647622496132
7 15 29 21 61035 0.9410557685830205
7 24 16 17 34385 0.990405851683688
13 16 9 9 40386 0.9772547307551818
12 14 24 9 41942 0.9794174166249554
12 21 26 29 63057 0.9328128506164061
0 18 9 11 41350 0.9248496555212974
22 27 19 18 39166 1.0098840179122357
8 23 13 10 57481 1.0437497650152618
21 16 11 19 32023 0.9624257985545652
21 28 4 23 60585 0.9784269927567807
4 29 18 28 59562 0.950110161837422
3 24 8 2 60760 0.9941069404329506
13 21 29 21 43528 0.9701418347087676
3 17 21 3 68541 1.0704411741024131
24 14 2 6 69986 0.9564998656931207
14 20 24 29 41131 1.0179330428482734
13 12 3 23 51747 1.0697559368877378
3 21 2 10 41981 1.085854307869678
21 25 6 9 74567 0.9162614760576101
7 28 17 24 46859 0.9768041693569195
15 0 27 28 95432 0.9510121265599947
28 28 7 11 90116 1.0021222629525668
2 24 20 19 54752 1.0173127860321074
10 17 10 1 60284 0.9917433332345245
7 21 0 0 56000 0.9421423949314962
8 28 13 3 79000 0.9613790699356101
10 17 29 27 68165 0.9399384824418373
18 0 15 12 41134 1.000491063192442
17 16 9 29 66627 1.026533613083822
20 9 24 27 60420 1.0674529413018772
18 20 29 23 34359 1.0761012432015427
17 5 5 0 43665 1.0924741727155187
14 20 29 25 49760 0.9177466904686594
11 5 25 23 76793 1.0515636225846683
18 14 5 19 35870 1.0773954700759654
16 6 6 3 30820 1.0561473525013036
24 13 2 10 69132 0.9206057081156181
2 11 14 18 50015 0.944014733579834
28 15 17 23 44316 1.0826860588213978
0 29 7 11 60854 1.0698703794829134
11 25 17 5 79312 1.0889789698315355
10 4 4 13 42053 1.0253049264694423
23 18 7 4 69525 1.0877220946993262
6 13 3 23 28469 1.0484798258189658
15 6 26 2 36773 0.9115488756873211
21 0 5 1 38224 0.9196555757781761
26 19 24 1 51140 1.0816084204642
21 19 15 12 36021 1.094650261289144
19 1 7 0 31091 1.0526388572792542
14 26 3 15 69025 0.9960228587162637
22 23 8 3 82508 1.079956892389183
29 19 5 11 66660 0.9970434457339901
29 10 20 15 39698 1.0162681318132614
7 24 16 10 61673 1.0286137011598333
17 16 26 7 47561 0.9011033973276553
22 28 0 18 80895 1.0837246869110262
0 6 17 16 63720 1.092107151215158
18 3 18 23 47910 1.0696698928150612
10 10 4 16 33042 1.0705698109988064
3 10 29 21 81353 1.0150948189724882
16 19 6 10 47555 0.953463393882048
9 1 15 7 42494 1.0926932155034956
6 6 28 23 85196 1.022914545656787
0 3 11 7 39884 1.0845290634082454
3 12 27 5 80402 1.0040818688722355
1 21 12 9 68134 0.9986875137030008
13 2 26 9 50784 0.9175827359726054
12 15 26 7 61543 0.9080350745899538
2 11 27 9 89151 0.9733966679813368
0 1 6 27 69233 1.0540149111936605
17 28 10 5 82876 0.9119914096545373
9 16 18 20 29260 1.0809856407707452
9 27 29 27 68127 0.9462175803707972
8 17 17 26 50135 1.048717765920033
25 20 2 6 74392 0.9713885131704503
24 4 11 22 75160 0.9293014179801999
18 4 24 24 58557 0.9684035472141069
28 29 3 28 101079 1.0292170666195863
14 4 29 10 60467 0.9887838633270561
2 17 1 27 37654 1.0517018535468663
11 18 24 23 45385 1.0930554809464832
3 21 22 17 49834 1.0336185800978988
13 20 3 24 36286 0.9567320592748905
9 11 12 29 81419 0.998912452371201
3 18 28 16 57776 1.0439318816771765
14 7 23 25 78670 1.0551070453014557
3 21 25 3 91014 0.9060042911222513
8 18 23 6 59532 0.9483504922987559
17 26 15 1 79486 1.0691131579928308
3 12 26 10 82600 1.0359720820654879
22 28 6 0 101725 0.9739740975748719
13 27 27 16 63615 1.0230626261115707
14 23 24 2 73350 1.0331383025440135
14 10 12 20 47425 0.9324699637181509
16 5 21 28 76936 0.9618015392452842
10 14 29 12 58213 1.0761533001117665
4 17 24 16 38171 0.9218234531536919
14 9 22 15 43252 1.0566262535678441
24 22 18 2 57490 1.0368726874868694
2 25 22 27 74964 1.0623664725733701
17 22 10 11 62355 0.9160150109420586
13 19 1 0 67508 1.0286384571568945
22 13 12 11 48563 1.053429524467815
17 18 0 25 61335 0.96830230215373
27 1 21 9 42593 0.9020466568940344
21 10 10 3 46216 0.9834823098134652
26 2 12 25 97346 0.9432362091279153
9 26 20 22 46017 1.0233784963065102
20 2 28 14 52391 0.9278305908510467
10 18 1 27 47085 0.9345786907067675
8 28 3 20 30586 1.0712700334172338
16 27 13 20 31409 1.018441546226378
8 8 2 4 31540 0.9939576602435543
24 5 2 0 62650 0.9763637797068843
5 19 20 16 36882 0.9424002677706382
20 2 25 26 79674 0.986396145792809
18 25 27 7 68646 0.9464729189233666
4 2 27 13 89525 0.9196797335968262
7 13 6 4 28637 0.9041195498457513
24 28 26 11 51261 1.0319014360759844
24 11 28 17 22991 1.020065201170097
5 29 19 10 68375 1.0442256169607345
18 16 12 6 37791 0.9988495007004766
28 16 7 21 53879 0.9054761568036862
22 8 14 1 47924 1.0297989878277412
16 9 7 17 50684 0.9349570364133901
13 16 11 6 51566 0.9893362166658572
1 11 6 29 58237 1.0839874147356754
4 16 27 22 64691 1.0744545425368228
20 16 6 2 68158 1.0301342705505498
0 20 23 17 51125 1.0478846569586702
5 29 19 8 77058 0.944979638945118
28 29 25 11 70304 1.0865325406149366
17 26 6 27 44383 1.0387196378771402
5 13 18 2 52261 1.0414724656986665
1 3 27 14 87804 1.0981105070220893
17 14 21 22 30798 0.9203808476722523
18 18 11 7 51179 1.0488699761120128
21 20 28 11 45562 0.950062364973718
12 4 26 5 47567 1.08894745243423
12 2 9 11 49652 0.9511185204244494
8 29 21 9 86491 0.9947085457471049
24 19 19 3 50266 0.9391502122345556
0 23 9 0 66165 0.9672096460131332
29 0 6 17 87265 0.9142534492723268
16 20 21 9 41488 0.9044597217802691
26 0 8 15 77948 1.0675123741025265
1 8 14 26 94599 0.9045396098906783
4 12 19 15 52831 0.9245460759888088
25 16 17 0 55634 0.9888511456510694
3 24 29 11 94886 1.0302632106619471
14 28 15 3 84832 0.9238402577956925
23 28 18 8 65930 0.9327777580525448
12 28 22 16 63767 1.0612536403510622
9 9 12 22 65055 1.0959073362957548
0 5 20 20 74784 1.0367708517363732
19 4 11 22 67164 1.0393998779565337
16 10 24 14 29656 0.9630860194856758
29 15 29 5 54196 0.91266580998236
4 8 14 24 64584 0.9333945141407596
9 8 18 9 35495 0.9429110649710558
16 3 25 11 40675 1.0735423405252957
25 24 1 14 72368 1.0806619079147943
4 20 0 0 52696 0.9242790208493227
23 26 22 12 54825 1.088300735544576
7 15 22 14 40287 1.0160975744306522
24 29 21 10 56622 1.0588730279380043
18 8 24 23 48350 1.0804117730125358
14 26 4 17 53877 1.0642719860559857
14 27 19 16 45687 1.0510295436963446
16 28 24 3 83489 0.9441656168026844
20 9 17 23 48187 0.9177662475588566
17 4 6 26 82860 1.0294096053700625
27 3 20 20 57985 0.9974249251985796
4 11 17 19 49341 1.0839184490585743
28 22 14 6 72487 0.9486084997801959
11 28 28 6 102176 0.9769939077929891
12 2 23 28 97533 0.9810993952635328
2 21 14 0 71550 1.0482438243192083
2 19 26 7 80754 0.9589199807547905
25 18 10 5 65674 1.0722519450682864
19 9 19 28 56897 1.0185236329404028
4 1 0 18 52025 0.9296948183700825
19 2 1 17 72110 1.000271184803259
28 28 9 6 101691 0.9284686078339189
5 19 12 7 47631 0.9640897095212877
10 24 2 8 65166 1.0188716849962784
10 29 29 26 79144 1.0186851347399892
18 22 7 1 74850 0.9415154036392802
7 17 26 5 65104 1.0532195463219372
23 16 10 1 72377 0.9760404204193853
21 2 19 18 49227 0.9158240958049776
16 9 13 28 78631 1.0422914112774655
16 26 24 11 61825 1.0308084179673005
18 27 3 16 57998 1.0453574884593946
24 12 10 6 46405 0.9290551035125724
0 9 20 24 83239 1.0486552455557077
12 6 25 2 43157 0.9080603480189784
12 26 9 14 62457 1.0262911421829632
25 18 18 12 27948 0.9819188041951331
22 24 7 27 54879 0.9075150153478826
12 24 16 9 69454 0.9220582851384763
10 29 22 11 91864 0.9246874135429286
22 6 27 14 30348 0.9193098790625962
24 19 12 20 27666 0.906453276668484
23 28 29 20 34848 0.9170431353004863
28 13 25 27 50893 1.0180550711808913
18 12 4 13 45492 1.015025843778317
29 26 1 22 96136 0.9109559080458259
26 11 14 14 40634 0.995974886801885
0 7 22 9 70547 0.9001134028173916
21 23 9 21 36459 0.9605017079990046
9 24 20 12 68821 1.0107758227777626
16 2 1 13 75565 1.0955281043834593
17 22 6 6 66211 1.0305866748159238
23 18 28 28 45375 0.9646104521912445
26 15 13 26 64824 0.9540362972371377
14 26 29 19 64330 0.9129413070692053
3 10 20 11 62665 1.0375477678880456
28 3 0 10 85530 0.9179452595195764
5 8 11 3 24497 1.068314586230537
13 8 24 8 40211 0.9368287970240411
28 26 1 4 118188 0.9622372418410706
27 20 10 3 76725 1.089773994492362
25 1 26 15 46907 0.9669029913682756
15 19 28 4 69971 1.0049260687714126
4 24 11 19 29765 1.066032701748727
19 21 6 0 73949 1.0446868586251759
5 9 2 23 34678 0.9153961830613782
4 6 10 26 62891 1.0687916402195028
20 22 19 4 58374 0.904537867857005
21 22 8 28 48079 0.9339010148667157
19 18 10 10 47749 1.087892893931587
9 10 10 26 64011 0.9825762872326539
21 9 14 23 56470 0.9916930314904353
7 22 25 19 47751 0.938231287131292
4 18 26 5 75940 1.005220667380213
20 1 14 22 75395 1.032967862101941
7 27 12 12 59950 1.0790409083025634
1 22 14 26 62411 0.9895134814623936
14 14 10 22 47977 1.052323892664902
2 16 2 0 48344 0.992093850214347
15 0 6 20 61835 0.9975295018209237
28 16 26 0 56793 0.9544758694150747
1 10 26 25 88879 0.95500801980322
24 14 18 7 31288 0.9556437466030572
4 15 13 14 27712 0.9195283641868224
21 19 16 3 47496 0.980672482237109
26 9 16 21 55736 0.9684657253016506
27 21 8 24 59116 1.096159242838378
25 11 20 1 45984 0.9547913764145217
5 27 25 9 77073 0.937991924869467
29 22 19 14 49228 1.0504242057086914
5 6 25 22 75883 1.0968217349023122
2 0 15 19 67679 1.0343110564051972
17 29 11 20 43540 0.9594637412401229
5 13 21 3 57984 1.0929772955731827
26 1 2 27 110793 0.9485522163180727
29 5 19 23 72023 1.090015003544973
2 3 15 20 63183 1.0982468725713501
3 17 0 2 48257 0.9288283655892189
24 2 8 20 75620 1.0862689112777155
0 16 25 28 82026 1.037640833929179
29 16 12 1 82128 0.9037743626969477
1 29 15 2 104765 0.9021404342217908
11 5 18 29 79907 1.0484945504665304
7 27 6 2 58236 1.0055054345918917
16 17 11 27 53751 0.9583293012326762
15 2 5 28 78233 1.0283841406709215
18 11 16 24 42235 0.9336248791101043
23 3 16 17 49434 1.0671249443671427
20 20 11 29 59494 1.0780094645742822
14 29 4 5 89561 0.9325939140746387
28 13 17 17 33870 0.9548221954576466
3 8 14 2 52992 0.9185086969462904
1 10 27 14 77705 0.9038616431633543
22 20 10 18 35815 0.9059572357815866
27 3 25 15 40396 0.9984763735604293
22 15 9 4 64552 1.0651709085419236
3 6 12 29 82053 1.008371043623289
25 19 22 2 53420 1.0391209759326832
4 11 10 24 44586 1.064251679584871
9 5 17 22 71553 1.0986711177636175
19 22 14 12 51225 0.9121462741291396
11 27 21 13 66809 1.054504497049995
14 10 14 29 82098 1.0922226169705984
3 8 21 0 63294 0.9236168648305857
27 11 16 27 68972 0.9952193386221503
13 26 14 11 77722 1.0964137894012103
13 1 10 24 84787 1.0509626032866262
6 8 20 6 41107 0.9467798627039526
29 3 1 6 74575 0.9714969923330203
7 25 28 4 97249 1.0325617240118383
8 18 26 16 39683 1.0637083035670438
21 18 4 12 49484 1.084305234200334
0 4 16 6 45488 1.069121526198518
15 3 7 12 46162 0.9203426246360594
9 26 21 1 99084 0.9316529508530681
16 26 0 17 67230 1.0620920445198125
24 11 22 24 43067 0.9159968752062176
25 4 14 20 59805 1.0806696628383887
14 18 19 27 38433 0.9908718950609168
27 17 4 16 47082 1.0648547769293852
29 26 10 6 98577 0.9763338931436284
3 26 2 12 58369 1.0933309197563041
10 8 29 21 86718 1.0835575709537046
28 0 20 4 32662 0.9217029041157453
20 23 16 15 36465 0.9012557539265774
23 4 26 13 37326 0.971727425695692
25 21 15 18 34942 0.9195868326722135
22 21 14 0 70450 1.0089871195839761
3 3 29 26 112233 1.0111535030743373
25 8 17 10 35998 0.9987195615454502
17 23 29 11 64546 1.0901110326751116
8 1 29 21 98269 1.0631643351685873
19 12 8 25 62362 0.9116134678734942
13 14 1 28 65091 0.9179625996559362
15 25 2 20 47072 0.9313004110051323
28 17 9 29 79752 1.0634032644548463
1 1 20 26 108242 0.9821346218145947
14 17 16 8 41952 1.0616406725430951
11 28 27 5 104505 0.9787339130320629
6 0 13 25 75431 1.0556796942344409
0 29 26 27 97346 0.9063970147250568
5 9 20 18 51323 1.0811620230277537
23 6 7 17 57775 1.020078961235876
14 11 20 21 53583 0.9687166369765075
25 15 15 29 64442 0.9932868452806611
15 23 2 6 65012 1.0337226929273902
18 17 20 2 43049 1.0705547156378972
4 6 23 28 92789 0.9054227799699339
20 22 8 26 43238 0.973912637793833
16 4 5 23 68567 1.0471407253123346
28 17 10 11 60810 1.0670290889901826
20 25 6 7 77615 1.0447495252377572
19 16 4 26 54362 1.0993864363725645
11 3 11 27 82031 0.9365288483165898
29 17 0 10 76215 0.9031795735761358
6 19 1 9 40148 1.0702356481452862
9 18 11 8 51875 0.9735622293641913
24 15 29 9 34119 1.0916534112376652
24 6 15 27 72562 0.9569690737865211
14 0 25 28 90006 1.0336847081057008
21 27 8 25 50369 0.9990692060326918
12 19 29 12 63402 0.9614482723943066
5 10 28 20 66638 0.924490119800317
16 9 24 19 45723 1.0956053103236716
3 4 14 4 42369 0.9299745151731298
29 4 29 26 94087 1.035655148106322
22 6 3 28 89962 1.019222915178967
7 24 22 28 58829 1.0099416269640618
24 20 19 13 32325 1.0622194870189459
5 27 7 4 49889 1.0885717640498285
6 7 28 3 64120 0.9814018869512764
8 10 12 19 41654 0.9812397131238678
1 25 7 7 59791 1.0730094494712477
15 26 24 25 39263 0.9029690903564461
10 20 5 1 47417 1.045341132434357
5 23 29 18 60968 0.931325306591265
21 17 24 1 44828 0.9324792819928391
13 19 28 13 50498 1.0117817156508029
26 18 7 22 51973 1.0266497994101322
26 28 21 15 46141 0.9470473089582245
8 20 6 29 28788 0.9333943626427409
4 9 18 5 44549 1.0786118346129758
17 25 7 23 38183 0.9678890633710531
18 2 0 27 94379 0.9423707838190852
1 29 21 16 79230 1.051156405496044
14 5 2 12 56699 0.9155167098341932
14 12 4 1 67770 1.0744946509315607
6 25 22 23 47154 1.0934480519123086
16 9 25 7 39916 1.0470659828304774
28 17 23 22 27637 1.0819952766193317
9 19 25 9 60975 1.0029300089966477
6 6 23 7 47395 0.9956094733263111
6 16 26 25 62155 1.03597246943677
19 24 23 7 61417 1.0894376062418405
13 0 5 16 49164 1.0926808495716493
16 1 4 24 81347 1.0626097759237407
7 28 23 3 94757 1.0627834155478049
22 18 18 9 30955 0.9980416709440555
14 23 1 25 46178 1.0732278882455342
8 10 9 21 38698 1.0626566045942016
21 28 4 10 80249 1.0057010610827257
22 16 1 18 51235 1.0691945015001725
6 20 19 17 32518 0.9349784621479709
9 16 2 21 30197 1.041950904237323
15 28 27 21 56285 1.0892407602522227
3 12 7 19 31963 0.9957773347233624
25 29 1 25 91273 1.0070620703593522
28 8 6 24 91259 0.9254829164217862
23 26 13 6 78323 0.9561165989774438
2 2 21 0 55939 1.0805042853773512
4 9 27 23 79828 1.0425355040861712
4 28 27 3 101338 1.03988064809428
7 27 5 13 31942 0.9166371965855981
16 12 8 7 49377 1.0766344342473364
14 7 7 2 33766 1.0796434926577467
8 18 0 3 50240 1.0027958912020019
10 18 19 5 52493 0.9847336607450694
8 17 0 21 27904 1.091698136341237
0 1 16 23 87082 0.9885012935546726
14 16 1 8 65005 0.90819338414055
3 4 0 11 37907 0.915851926656727
26 27 8 12 77735 0.9163788141906276
6 5 15 10 44534 1.0835915553151463
0 24 26 15 74387 1.0051925341748582
12 29 2 24 61370 0.9188486075152602
11 24 10 11 60650 0.9616528410035642
1 27 13 17 48260 1.00829632497872
5 12 2 21 28321 0.9632293401669362
13 12 18 22 43868 0.9228250529713516
6 24 28 11 84708 1.0109778957803455
1 8 12 9 60083 1.0354463266883054
1 6 29 14 85717 1.047989749024689
17 23 1 17 49670 0.9798341171303436
1 10 23 4 71378 0.9067887161834652
26 18 18 12 29677 0.9675261689635689
28 22 3 13 79769 1.0078739186782675
28 13 11 8 72155 0.9909418354069572
21 2 1 17 76976 1.0883779039143417
15 15 17 2 43636 0.9428384467325788
18 12 14 4 36389 1.0202516884681407
5 21 16 17 27837 1.057451066006632
22 20 27 0 63162 1.0610790432081516
3 14 24 14 53711 1.0036402105036293
29 19 21 6 53411 0.9722698795297373
29 25 1 14 89300 0.9467567369470484
0 17 15 3 64080 1.017925622180015
25 27 1 15 86621 1.0603267562529646
0 27 25 29 93299 0.9944205800995873
20 21 4 29 60963 0.9310966714102069
20 16 8 6 52703 1.0499259162282264
21 12 11 20 41679 1.018022011604406
4 18 3 29 39380 1.0286044992228867
22 15 13 4 55358 1.0314571246547009
9 11 28 1 81091 1.0889884785188066
14 8 23 18 56703 0.943981863497026
3 24 6 5 51321 0.9051289031428259
3 9 13 3 45190 0.9162306894038018
22 29 10 2 106569 0.9894920554080228
27 23 7 8 75512 1.06158967669819
20 26 11 12 73247 0.9009966390375047
13 22 9 9 62477 1.0675165535801596
19 24 27 13 52816 0.987676097335916
28 11 19 23 58379 1.0579208601851708
17 21 16 7 49372 0.9601315914711669
6 0 29 9 81044 1.0783483354778725
14 16 27 7 60325 1.0741179188618526
23 18 3 10 61586 1.0265062659446291
19 21 9 26 48231 1.0116413074575907
19 8 9 23 68349 0.9399950302098325
10 19 5 2 47806 1.0061226993111276
17 27 26 0 85328 0.9513308604448157
23 9 26 17 30661 0.9049148149435466
2 16 19 25 61102 1.0467009452021727
21 3 11 26 91910 1.0348543420009872
9 3 0 11 43760 1.0823136228936518
27 23 14 29 58966 1.048887182287315
13 27 22 22 41963 1.0082705472091609
11 1 19 27 87703 0.9372380235384927
18 9 0 27 80125 1.0679349041270239
0 27 21 18 68190 0.9217152478604127
27 27 11 24 59565 0.950375229596798
13 17 29 1 77807 1.0454463935512606
3 29 28 27 97704 0.9143321056379562
6 6 21 4 40745 0.9766318301291993
8 6 14 21 61307 1.004175629057515
1 8 17 4 64944 0.9388094797521732
21 17 26 8 36657 1.0780544088344033
13 27 18 1 80370 0.9652427759930035
16 19 4 23 37677 1.082281152785065
4 23 21 27 57153 0.9698629987705967
7 24 8 2 55371 0.9974014341469071
9 4 5 10 25293 1.026871618009429
1 20 14 22 43338 1.009900718287481
24 16 11 14 36732 0.9481831553390835
12 5 16 19 58293 1.0521224459648706
21 7 14 13 46712 1.0578273159614235
29 18 9 13 60466 0.9479459070254497
27 24 20 29 45425 1.088101244706889
22 19 6 4 67426 0.9549621460429472
4 20 13 29 51955 0.9543150529254044
7 0 24 22 85910 1.073750182235515
15 18 11 3 60209 0.9344250165619576
22 12 27 7 39159 1.086616364980043
26 10 15 22 56673 0.927772729831418
13 25 4 22 37959 0.9136215797286379
18 1 10 18 56510 1.0658899745023012
10 24 19 16 48691 0.9671038275355348
11 18 1 9 53712 0.9000181440063657
5 21 11 5 48808 1.0338205631267927
25 27 0 19 76807 0.9741652932456071
29 19 6 7 78431 0.9213676655214226
10 27 8 19 31299 1.0841368001093663
13 16 19 5 43784 1.0437836663608522
27 14 12 10 49296 1.0116649678862963
8 25 1 14 39521 0.904240205744222
21 21 12 5 64584 0.9275669742726756
18 10 21 24 41732 1.0696010632158561
25 8 13 17 48024 1.0922238153173125
0 13 9 1 57455 1.019498846952803
2 4 20 15 76543 0.905582714798678
11 2 1 6 37892 1.048579158756319
25 8 4 12 71862 1.0719842831320008
20 8 29 29 94455 0.9066372946581099
22 17 13 15 24796 1.075974473507817
14 23 22 25 27327 1.011266716584384
20 6 18 17 29867 0.9771700982604895
27 29 15 19 60959 0.9169054199430665
19 13 14 20 28726 0.9386680816380935
15 14 11 7 48312 1.0055537359217819
15 4 4 17 55348 0.9060322231877097
6 14 24 18 44282 1.0479585966355933
17 25 4 7 72351 0.9078588408527234
17 0 3 12 62293 0.9298653581820867
19 14 29 9 43075 1.0708255442906656
20 7 23 22 60744 1.0799715349487264
28 13 1 20 71842 1.0924254195979328
19 15 24 6 36120 0.9230801576700695
10 18 27 3 71167 0.9608898088319093
0 0 7 16 48594 1.0306865367182274
22 4 24 14 33297 0.908292088308256
7 0 28 3 55962 0.933779138438502
11 19 11 8 62093 0.9270989338793121
24 29 1 19 76816 0.9511926375453293
23 7 27 13 35507 1.005619488914912
21 19 25 28 33713 1.0747822173727002
3 13 16 1 69741 1.0138978453434437
20 26 6 18 60064 0.9047869848278202
17 1 28 7 45937 0.90799219399901
22 24 27 2 75473 0.9816958792593509
29 23 12 26 63366 1.0840368753110943
26 1 5 16 80886 0.978919507117979
19 27 12 20 30892 0.9613155900014743
15 16 19 26 41311 0.9827033536606627
27 21 3 21 64653 1.0706619242528836
14 16 18 24 31765 0.9887712519796726
17 20 6 4 58477 1.0300531380767446
9 5 23 14 56814 0.9602356256487581
27 19 10 15 49471 1.0124290617987954
17 21 10 24 37907 1.0225495797470783
22 17 26 1 49598 0.9109515832533798
21 20 29 13 40547 0.9993421070918143
12 26 24 4 93878 0.9470316192946554
13 23 25 8 67750 0.9299922640883757
16 8 10 17 49705 0.9074771056964034
29 27 1 2 124175 1.0655603624189662
10 20 2 27 35218 1.064552179462446
1 27 29 9 106156 1.0788631094846495
6 18 15 22 38516 1.0509728543121712
6 15 23 25 65366 0.9880614511128207
10 18 27 2 76680 0.9390112181168263
18 22 22 15 30340 1.062042638456034
9 13 24 1 71665 0.9791228513563626
9 16 21 1 68123 0.9412195004403866
26 18 28 10 33106 0.9925336965694738
8 26 16 6 74067 1.099511402850687
6 24 19 25 45673 1.0976173300664707
23 1 1 13 92579 0.9077824021004317
28 18 8 13 54771 0.935222658594922
12 10 28 5 56084 0.9117514575276783
12 27 20 13 65404 0.9511511266172274
23 23 6 7 74486 1.023329408177832
23 23 6 8 74957 1.014798465910344
27 9 21 27 66444 0.9044599075780213
27 12 28 23 50892 0.9775674243738397
16 0 0 16 70871 1.0997692078591392
29 9 5 15 77930 1.053113242309188
6 5 10 17 38690 1.0414514456974473
2 14 19 20 47154 1.0194075205758177
24 3 14 13 58038 1.0062126114137968
11 28 1 18 60243 0.9384730608703277
17 17 4 0 57834 0.9970118564086947
21 14 24 25 34784 1.0137743197600604
11 14 24 6 49275 0.9293162872109042
28 9 16 16 51331 1.0181706581446153
1 11 13 5 50632 0.998978098837196
14 5 27 28 93733 1.0248660763725503
5 21 19 2 71165 1.0171806983124168
27 26 4 16 77067 1.0629033540161617
10 6 20 12 46724 0.9749497749899536
10 20 4 8 41382 0.9534689425329237
28 18 0 25 79635 0.9190000058655492
14 26 19 6 71142 0.9438333476433816
16 3 3 18 66344 0.94144242813748
17 13 19 22 35683 0.9313799984761048
4 21 16 6 59031 1.045732740017859
18 10 8 24 57991 0.9327230293024794
7 2 0 28 72956 1.065388986194096
5 0 16 4 42201 1.0899270092050064
18 0 3 15 68106 1.084962019900225
13 14 6 27 47537 1.0135809039134835
0 4 22 13 84570 1.0606225634435698
0 23 7 3 55465 1.0333300043707458
7 10 5 25 34561 1.0031745792560722
22 1 1 11 83129 0.9801283741374945
