4484 5348 4499 5519 4182 4603 4084 4251 4937 4563 4275 4502 4194 3250 3345 4028 3313 4888 4382 3971 4114 3464 3997 4384 3796 3922 4207 3856 3793
6172 6787 5887 6906 5577 6110 5849 6846 6895 7529 7798 7299 7967 8014 6992 7967 8049 7235 7914 7634 7752 7222 7238 7237 8178 7365 7873 7762 7331
3389 3538 2568 2417 2477 3307 2737 2287 3229 1886 2722 2382 2897 2866 3300 3242 2191 2645 2970 3057 2536 5125 6049 5275 5672 5007 5038 5992 4726
3030 3147 3354 3226 3098 4405 2844 3846 2813 3134 2771 3432 4020 6223 6260 7740 7067 6329 7481 6373 7715 6340 6820 6244 7613 7464 7808 7615 6882
6197 6485 6211 6840 6539 5331 6245 6597 5996 6890 5940 5946 5718 6111 5591 6465 5535 5666 5359 6372 6854 5902 6211 2686 2198 1562 2533 1623 2519
6257 6368 6542 7131 5693 5675 5804 5673 7072 6029 6776 6446 6036 6277 5597 8772 8445 8927 7578 8715 7275 8626 7518 8455 8866 7828 7816 8905 7927
1897 2229 2470 2330 2662 1370 1741 2290 4060 3656 4530 3309 4697 3092 4244 4345 4658 3717 4419 4155 4675 4678 4313 4322 4280 4365 4403 3440 4052
1392 1647 1166 1195 2136 1846 2323 2445 3322 2825 2694 2605 3438 2916 3869 3703 3126 3027 3011 3672 3384 3122 3137 2730 2775 3718 3814 3983 3086
5072 5559 5451 5121 4931 4639 4597 5201 4079 5117 4324 5337 4564 4743 3880 4769 2988 4280 3658 4101 3123 3315 2833 3076 3977 4083 3981 2936 4371
2947 2908 3192 2566 3184 3375 3455 3061 2684 3947 3452 3679 4121 3779 3194 3496 3672 3607 2505 4075 3049 3678 2621 2824 2758 2914 7416 7414 7348
4404 4404 3672 8209 8179 7395 6664 6870 7100 8070 7211 7536 7631 8116 8116 7798 7523 8188 8245 7780 6957 7684 6668 8256 8063 7731 7940 6882 8076
7810 6887 7528 7632 7770 6740 7592 7390 6760 8021 7621 6660 7813 6683 7020 7745 6583 6497 7650 6702 7247 8209 7260 7370 7685 8218 8108 6865 8037
7254 6168 7035 7362 7062 6899 6834 6252 5888 7355 7125 7400 6082 7309 5851 7154 6159 6489 4606 4803 3616 4501 3577 3947 3909 4046 4721 4713 4293
3207 3265 3247 2079 3480 2257 3294 3079 3197 3423 3474 2399 2119 2244 3409 2989 3174 2712 3320 5064 5817 5446 5609 6203 6163 5327 6226 6318 4973
5572 6312 4799 6048 4687 5202 5753 4840 5379 5304 4241 4326 4936 5460 4039 5514 5293 4901 5244 5204 5176 4459 4191 5120 5225 5511 3953 5258 4019
5854 6401 5582 6109 5350 5653 6670 5745 5093 6518 5156 5299 6668 6002 7736 6719 7028 7475 6639 7812 6899 7658 7255 8121 8185 6684 7812 8219 6590
5185 5082 4322 5233 4801 5635 5209 5014 5147 4490 5575 5239 4556 3923 5191 4120 4269 5611 4709 4066 3646 3309 3849 3467 2521 3265 3413 3177 3452
6821 7153 6527 8005 7656 8013 7721 7425 7752 7586 7475 6447 7730 6809 7317 6470 6698 6572 6632 6899 7290 6558 7734 7965 6865 3667 4244 4372 3428
3578 3786 4777 3966 3332 4746 3322 3924 4645 3895 4193 3933 3552 3404 6093 5943 6665 5827 5707 6126 6127 6205 5627 6977 6370 6050 6833 6076 6715
7708 7544 6780 7773 7881 7644 7212 6226 7547 4644 6125 5142 5239 5464 5296 5572 5619 5349 4672 5427 5511 5201 5074 5671 4945 5841 5815 4565 5894
3487 3593 4116 2672 3716 4132 3275 3311 3279 2977 2571 2806 6851 6293 6148 6822 7377 7427 6539 6504 6512 6315 7257 6127 7007 7270 6596 5990 6110
7435 7760 6972 8314 7690 8207 8017 7872 6858 7735 7611 6730 6219 6888 6964 6604 6318 6783 6354 6606 7551 7678 7733 7717 6561 6849 7034 7530 7848
5907 5281 5911 6144 6306 5605 6133 6635 5471 6350 6315 6161 5599 5903 5826 6639 6326 6187 5368 5357 6595 6013 5127 6259 5569 6400 5308 7478 7585
2379 1973 3079 2812 2774 2964 3528 2178 3029 2987 2625 2529 3272 3661 2259 2309 2296 3475 2775 3661 2255 1993 2031 2416 3099 3116 2446 2386 1990
3431 3767 3735 3626 3275 3001 2899 2871 3822 4144 3684 3143 3091 4084 2770 3784 7278 8373 7811 8150 7842 7802 7640 7366 8461 8140 8424 8823 8960
3945 4211 3747 3920 4479 4148 4031 3791 4536 4479 4932 4303 4249 4270 4365 4958 4798 4324 4146 3115 4033 4451 3272 3597 3599 3442 4412 4106 2922
8395 8676 8469 6988 7830 7171 8667 8459 7093 3773 2711 3194 2985 3209 4195 3991 3160 3421 2674 3116 3455 4305 3629 3224 2698 3336 2956 3795 3059
7691 7163 8471 8241 8326 8319 7597 8319 7239 8209 6980 8443 7307 7499 7990 7811 8586 7734 7385 7289 8604 7416 7249 7146 8318 5463 5732 4551 4731
5312 4262 5271 5155 5356 4700 4107 4815 4356 4511 3887 4864 5089 4084 4435 4395 5549 3970 4026 3990 5350 5050 4065 4182 4965 4279 4682 4422 3879
5192 4622 5490 4684 5024 5786 5004 5840 5921 5451 5787 5797 5705 5655 5166 5552 5535 5846 5672 5269 4597 7430 7062 7423 6550 6699 6322 6361 7157
6858 5148 3329 7024 2050 6828 6070 5167 3491 3538 2301 7341 6569 5164 5310 2688 3048 6421 7647 2735 3686 3635 6833 2925 3713 8274 2324 3025 2228 6944
5672 4386 3740 7861 2317 7981 5192 4887 3537 3731 3567 6836 7017 3676 5010 3016 4195 5698 7522 2641 2906 3639 7424 1760 3218 7240 2226 2894 2578 8064
5649 4635 4360 5712 2755 8278 5233 5147 3106 4429 3881 6564 6898 4784 6317 2980 3937 6521 8589 4026 4126 3330 8387 3270 3108 8082 2138 3319 2408 8042
6024 4187 3746 4910 2157 8117 5800 4318 4430 4954 3271 6110 7228 4254 5652 2637 6895 5263 8181 3663 2493 3391 7689 2615 3533 7461 3491 3324 1681 7102
6256 5413 4058 4940 2286 7106 5411 4709 3634 4806 3471 6903 5882 3606 6480 3843 7212 6776 8153 3938 2868 4396 7771 3311 3745 7548 3698 4377 2621 6740
2237 4106 4522 5871 3071 6820 5087 5813 3110 4695 2886 6579 7165 3662 5154 2732 7176 6880 7318 4200 3145 4413 6976 1649 3820 8157 2659 4057 2605 6655
2499 4348 3518 5435 2822 6862 6053 5586 3078 3747 2358 7261 7095 3964 6148 2762 6863 6719 8461 4225 3695 4748 2365 1822 2399 8413 3072 3793 2484 7337
2213 4559 4087 6006 2800 6996 5145 5475 4109 4770 2593 6129 6575 4836 5209 2483 7038 8218 7693 3640 3574 4394 1290 2724 2974 8224 3516 6491 1738 7175
2160 5253 3429 6053 3217 8044 5260 5615 3904 3927 2672 7269 7232 4236 4964 3309 7059 7814 7499 3263 3717 4161 1246 2833 3085 7753 3546 5455 2081 6562
2828 4428 4952 5743 5933 7746 6248 4864 3581 4759 2345 5948 7059 5245 5553 2732 6904 7427 8479 3765 2567 4636 2416 3256 3850 8557 3254 6330 2539 7111
2220 4788 4155 6059 6659 8106 5497 5119 4598 4237 2650 7566 6497 4739 5042 3332 6485 7087 6923 2790 2638 3475 1554 2654 3948 8031 2339 6486 1430 7152
1735 4991 3359 6078 6170 8032 5817 6009 4098 4880 3268 7131 6666 3972 5615 3668 6323 7192 8472 3786 3640 3288 2364 2114 3896 8160 2193 5857 3064 7550
1949 5365 3881 5557 6768 6780 6015 5622 3156 3655 2741 7103 5892 4571 5579 4647 7035 8139 7533 3898 3787 3228 1674 2584 3728 7153 2727 6073 2082 7336
1706 3911 3762 6268 6779 7600 5881 5362 3661 4781 2500 6706 6664 5132 5987 4788 6398 7555 8193 2776 2819 3919 2912 2669 2802 8260 2658 5379 2827 6731
2196 4492 4872 5206 6328 7244 4804 5536 4039 3637 3391 6378 6070 5357 5294 4005 6156 7913 8109 3483 2713 4386 2649 2634 2344 7355 2946 5659 2460 6825
1824 5233 3929 6014 6128 8174 4733 4573 3540 3861 3016 6944 6972 4270 5187 4682 6396 7349 8304 3733 3760 4159 1621 2164 2369 7461 2925 6814 1817 7328
2442 4565 4494 5718 6551 7258 6100 5014 3638 3631 3557 2644 6930 5362 5211 4378 6703 7206 7097 3149 3452 3463 2927 6259 3995 7404 2153 5825 2721 6629
1940 4774 4267 6067 6898 8343 5273 5393 3791 4597 3650 3737 7067 5076 6342 3648 7203 6552 8097 4150 4060 4063 1712 6468 2492 8233 3182 5454 2213 6599
2455 4059 3872 6246 7236 7456 4928 4788 4059 3568 3514 2762 6670 4637 4969 4668 6472 7801 7494 3416 2453 4324 1524 5275 2962 7445 3568 5225 2028 6558
2632 5251 4889 5361 6688 7209 6169 4322 4536 3450 2424 3342 7082 5291 5044 4194 6045 8011 8223 3071 3534 4149 2704 6092 3116 7757 2427 5372 1440 7161
2816 3708 4244 4857 7125 7710 5241 4901 3940 3933 2236 2878 6543 4706 5048 5101 6617 7633 7151 3517 2580 3968 1596 5750 3351 4918 7415 6857 1669 6126
2932 5102 3716 5615 5975 8209 6148 5650 3002 4475 2467 3536 5753 5722 5311 3706 6876 6720 2952 4386 2794 4331 2830 4888 2605 4568 7783 5624 2206 7070
1582 3874 3311 5642 7567 6239 4648 4349 4229 3845 2790 2729 6638 4472 5231 5209 7562 6765 3277 3751 5964 3476 2107 5271 2731 4768 7644 6819 2527 7455
3169 5268 3910 6294 6039 6700 5078 4725 4363 3958 1747 3396 6272 4740 5815 4517 6319 6637 4213 4433 5919 4773 2209 5561 2507 4782 8630 6833 1951 6452
1582 5227 4778 5485 6457 5960 6261 5177 4284 4956 2605 2769 5840 5758 5780 4394 7255 8075 4211 4112 6722 3856 1626 5605 2561 5358 7406 6376 1650 6473
2636 4443 4740 5117 6764 6466 5636 5519 3875 5759 2470 2306 6125 5026 2602 4511 7295 8001 3500 3037 5736 4530 2238 4835 3268 4605 7813 6560 2285 6557
1526 4646 5813 6238 5969 6669 6089 5734 4968 4973 2741 3081 6031 4711 3016 4219 7265 8193 2936 3182 5958 1696 2267 5429 3630 5257 8428 5516 1218 6319
2406 5035 5837 6103 6461 7299 4987 5641 4415 4790 2149 3350 3755 5027 2819 4719 6967 7466 3784 3798 6624 1795 2266 6442 3598 4248 8122 6436 2019 6984
1974 4223 6412 5930 5915 5948 5768 4715 4755 5617 3159 3901 3465 4682 3288 5108 7096 7846 3818 4287 6036 1773 2897 5347 3175 5008 8607 6688 1969 6702
17 1 13 16 62151 0.9963471502944666
20 26 1 1 121191 0.9354402679577908
9 18 3 14 34801 0.9400926071839576
9 24 12 10 56015 0.9128869424592294
1 13 10 25 66076 1.0369956575963204
20 3 17 17 65835 0.9311444787676262
22 28 26 12 58605 0.9239835820867907
9 5 19 26 96024 1.086901755527672
21 9 4 15 70090 0.9835149434216612
21 29 14 10 86964 1.084398465828778
22 24 6 28 51104 1.043351490781913
17 6 21 27 93151 1.0801678609657805
22 29 0 8 118222 1.0900883930476606
29 22 3 20 65336 0.915817236529859
0 10 8 2 41330 1.0729453243683258
8 28 19 15 79194 1.091059799628879
22 24 1 26 64524 1.0188285885600834
13 22 7 8 55258 1.0972825795643795
7 10 9 23 43724 1.027423374461474
26 25 9 16 66657 1.0725167283281976
27 6 21 21 71838 0.96038118296111
15 21 7 16 41643 0.9665819087682183
10 26 27 18 66826 0.959314052317492
10 11 24 27 95334 1.080737626666624
10 6 28 12 80330 1.013308581485059
10 27 20 2 118592 1.0837247343231629
29 4 19 12 63721 0.9361397450218519
5 4 22 26 110358 1.0708763580530238
6 3 16 23 79760 1.0433465930456038
13 0 20 27 108409 1.0327331534358761
15 15 22 20 46330 0.9680448728631902
9 3 13 22 72587 0.9359484294674416
14 14 1 8 57011 0.9173110589226848
24 19 10 8 77651 0.9918875269131013
18 10 4 7 54420 0.9720982789700301
14 11 24 21 67176 1.0956297331362246
26 9 2 22 98684 0.9154574917485078
12 24 27 23 46911 0.9756322978549007
9 1 28 26 123114 0.903686366894492
15 17 10 26 57033 0.9447509397825218
29 8 11 11 68509 1.0279887410759585
21 20 28 9 53326 0.9524617233333793
20 11 9 27 88751 1.075109978503182
1 23 0 14 38427 0.9846972377807618
7 12 21 3 69949 1.0151696226049427
4 26 2 1 78759 0.9392348221764912
6 25 10 4 77960 0.9610111637334986
15 10 18 17 44006 0.9703196439454496
12 12 9 21 46454 0.9331208394121762
9 1 5 18 65939 0.9149800023161025
15 8 5 1 52110 0.9662256705190292
2 13 25 7 86840 0.9021273337403394
18 6 27 19 68761 1.075991785796466
25 11 17 28 64227 1.0157016739027733
13 1 8 6 30839 0.9097830173649998
9 0 1 3 32087 1.043373639366725
20 19 27 11 45782 1.0933542899728368
11 9 1 10 37642 1.0843921277247788
12 15 20 3 63706 1.0221312299032148
3 28 4 1 92742 0.9097950723429857
24 14 9 8 62929 0.9247941555539563
10 0 4 19 68250 1.0046479009015978
16 3 12 13 50860 1.0236265894480818
1 12 28 17 112937 0.9982435256242324
9 24 29 0 110141 1.0278752412883745
24 3 3 20 110328 1.070444132003342
3 28 13 24 40321 0.9113666971041601
16 7 20 17 64723 0.9172988880296874
21 0 24 28 82772 0.956582312488994
16 15 11 24 50006 1.0384692393049186
18 0 7 2 26252 0.9848922143404166
1 17 29 17 106336 1.078970828342998
18 8 27 10 31534 0.9203316130011846
16 25 4 6 89884 0.987366833124391
22 8 16 4 43625 1.0858652120118018
8 13 21 9 55454 1.0077768508834337
19 1 12 16 71942 0.9739270043884236
10 2 11 12 49692 0.9251891759628426
20 16 9 27 77144 0.9090633382266293
10 29 5 14 68727 0.9249687885816139
15 28 2 0 112235 1.033263851096221
10 1 22 8 58749 0.9781774859715832
20 20 14 24 32438 0.9597634753355606
25 18 14 12 66462 1.0162896146331009
19 10 12 21 57785 0.92833431604245
26 5 9 13 82711 1.0773502287203187
6 4 3 22 66670 1.008555466652523
20 11 4 26 89119 1.0111659914244397
5 11 9 19 43755 1.071853193910782
26 14 19 20 44540 0.9692379242521644
22 15 2 4 92926 0.9225551153679886
28 18 24 0 71280 1.0474413210542233
15 29 17 3 118967 0.9875725620392691
8 26 26 19 62202 0.9413680411211877
12 15 2 26 58344 0.9626737850395126
4 8 4 19 45555 1.0631986039341657
3 7 0 21 50149 0.9332796227286662
5 4 11 11 38240 1.0429967728337448
10 3 19 1 36129 1.0107718253705507
19 21 16 5 88230 0.9954263638281545
14 28 29 1 113873 0.914842988446128
12 25 22 1 97997 0.9839505698456207
22 28 17 17 59343 1.0270794287325127
11 15 19 4 69174 1.068440052359446
14 23 9 5 73940 1.0182729215835074
6 18 28 8 97397 0.9306782010784638
6 0 20 18 95222 1.0615501760382426
23 9 4 18 91326 0.9086589394266509
21 23 7 8 80636 0.9434398251563199
13 18 15 1 58244 0.9740677066957351
2 12 22 22 77020 1.0059755017965906
0 25 7 11 64542 0.9078995032471936
10 16 26 19 75029 0.9898193204027819
24 10 25 26 51413 0.9870224372420462
29 6 2 29 130685 1.018476500832698
23 18 10 9 68166 0.9520395655781713
23 24 4 24 50178 1.027384657409152
22 22 29 7 65326 1.0043921940256038
20 2 20 20 74305 1.097897006497611
1 7 13 29 96375 1.0137487618750427
25 18 15 8 63790 0.9631433478683532
15 25 28 21 46567 0.9427987594898005
11 22 17 18 32022 1.0562290298115733
8 6 24 21 94519 0.9555033650853556
27 13 25 27 56797 0.9386673796612122
13 2 27 7 69385 0.9204817950985927
19 5 29 1 50608 1.095039300616675
29 25 21 18 45491 0.9519098908194512
5 21 11 4 78112 1.000020774906924
0 19 7 29 47514 1.0350766242655571
19 26 1 22 63453 0.9508700301732944
25 7 18 23 66656 0.9739855078438624
25 8 4 24 92208 1.0813049807763522
17 18 17 3 78460 1.0315520199131698
17 5 5 26 110595 1.0183684407544373
17 12 24 23 63508 1.0632890507528956
18 22 14 29 32627 1.0258117843274142
5 15 22 7 79170 0.9782927206799369
8 12 9 1 39491 0.9352524075286406
3 9 12 25 73990 0.9206313225052948
23 7 28 0 30828 1.025766624052625
20 6 18 24 72657 0.97342099354536
21 12 11 1 71649 1.0034967566190984
1 6 17 9 64495 0.9194401715646306
24 3 23 19 50586 1.0509840613585104
24 1 16 4 43221 1.0478418478435734
9 3 20 18 89433 0.9090218521949762
9 8 16 20 57533 0.9783750005093276
4 14 7 3 42172 1.0752403651394133
9 23 24 13 62635 1.020188764181754
7 1 27 12 83477 0.9102180658807696
29 22 1 6 113065 1.0766474442425655
22 8 15 29 82060 1.0848368348517248
13 17 17 3 63823 0.9444132126184598
15 17 2 19 61567 1.0997292011032687
22 16 11 13 60005 1.0611846948664831
2 9 26 21 96495 0.9560902683388746
19 15 16 4 61975 1.0402846854095285
28 15 8 20 77407 1.0523237862313801
27 14 1 26 94752 0.9814197105571862
28 27 19 29 27281 1.0223589394713675
4 28 15 7 92114 1.077445905909547
16 6 8 23 81154 0.9819589543080521
18 16 13 2 65145 0.9371062851351346
17 9 19 19 55051 1.0856772832995656
15 20 3 13 62931 1.0411353492695083
0 25 28 13 106104 0.9369985630404141
17 29 8 0 104644 0.9179959458686796
4 7 16 6 60799 1.0756436555634266
18 4 15 24 92480 0.9623079763109371
1 5 25 19 115011 0.9753123593840162
2 25 23 28 57344 1.0278315030943983
10 28 4 21 36783 1.0607453266979237
27 16 11 21 65514 1.0668719856174589
28 14 13 18 71111 1.0226589936406894
29 14 14 25 76167 1.0875676380288917
14 12 22 15 48817 0.920791261782839
2 26 8 16 44749 1.0003434199743508
16 24 13 1 81490 0.9537040215811012
12 2 29 20 110276 1.0638218875364494
2 4 15 29 106913 0.9491567879512991
9 7 29 0 66177 0.9590829312094618
17 27 7 20 43731 1.0575550756911816
13 21 26 26 46845 1.05267972432519
5 12 20 15 70330 0.9620148055097367
14 21 21 26 40576 1.0728449927852794
24 0 7 7 50504 0.912044687761929
14 20 3 2 81374 0.9650000417381609
9 15 20 9 53053 0.991139913815841
10 7 21 12 59314 0.9335560046890846
4 22 19 14 81576 1.0832428620600707
26 24 8 29 56146 0.9620196080229803
16 19 9 14 39760 1.0149011515854642
29 8 7 5 83909 0.9683767796154433
28 19 9 18 67106 1.0753809287189768
29 1 26 20 84302 1.0529422165444713
5 9 26 24 95185 1.083970292542957
28 25 7 16 76286 0.9046450437977986
9 2 14 7 36066 1.0244327286943513
26 6 6 15 90923 0.9135120717286114
8 27 24 8 92057 1.0022774416891775
26 22 6 11 80348 0.9002060194262
12 14 6 4 49372 1.0072316426972787
18 21 26 14 51356 1.0370708427307733
10 6 24 19 89501 1.0438238892629217
23 26 15 5 93781 1.0886152989698878
14 29 17 19 42158 1.0426782093662992
8 18 27 0 94882 0.9851687718966634
9 2 28 0 48431 0.905473319775167
19 26 27 2 102738 1.0958307360696649
10 5 18 11 55579 1.0951067398884562
27 15 0 22 92026 1.0631398951360782
27 20 20 9 55906 0.9582766192281623
11 14 24 24 70165 0.9578712608588786
11 1 26 18 95410 0.9998104494538953
3 25 6 4 78119 1.096801374957621
4 21 8 8 58879 1.0757991123180672
4 21 20 26 58010 1.0530198327567164
24 0 25 24 73497 1.0118130437162929
0 5 12 18 82428 0.974497541724618
16 7 20 19 70613 0.9472288842611647
23 20 23 9 31849 0.9074144026373259
17 22 3 1 93749 1.0949978727810088
22 14 17 4 61511 0.959348920567227
27 17 13 29 72668 1.0731009518368853
5 20 13 12 51322 1.0087675375788476
5 14 22 18 80058 1.0207353812565807
2 0 12 25 98339 0.9074437584823686
6 28 7 12 55909 0.9115592116918617
13 28 4 8 87491 1.015567620092284
21 17 25 8 45803 0.9052086791010435
16 20 19 10 55490 1.0850679073673883
13 18 23 23 41764 0.9637217032562554
24 9 10 8 53908 0.9940193177494884
7 4 15 22 69569 1.0550772956352668
12 23 25 11 64483 1.0916536778063568
24 2 17 15 64059 1.0426199558421367
13 1 11 13 43856 1.0226466253709294
25 27 13 7 92920 0.9022068487872563
24 5 16 22 66994 1.0245099231511308
22 2 9 16 87727 1.0582769292387657
15 16 25 17 60087 1.037720815877813
21 18 26 9 39250 0.9151851489066808
12 14 28 26 85693 1.0792688289558852
18 1 13 29 118840 0.9566139618916891
21 29 26 5 92095 0.9075985496248532
4 7 28 5 96822 0.9268245962599319
8 1 19 12 67944 0.9160404356175201
17 19 3 1 89779 1.0308512206949312
20 12 4 8 59667 1.0152429509643786
18 0 8 20 79145 1.0455305557600587
22 4 3 18 117542 0.9166066408302734
1 15 13 9 52742 0.9485608488349356
15 12 20 22 58649 1.0297875234416993
16 5 11 24 87796 0.9476410296803176
26 21 11 25 53739 1.0532390477931044
18 25 25 11 62232 0.9515549854646581
22 24 2 5 104855 1.0860065728580177
6 0 26 16 92939 1.0121849130383354
20 25 22 6 69621 0.9280810919425753
22 12 17 26 65249 1.0888622343334473
19 18 5 21 55590 1.0433130122545402
11 17 5 0 66739 1.0672977653905356
4 22 19 20 50731 0.9948544908612234
12 17 27 8 79702 0.9929824296570078
13 21 22 9 67970 0.9384554053662324
11 2 12 16 54965 1.0266392276597922
22 13 21 0 45115 1.0380377483635508
29 7 20 13 49830 1.03805199527004
19 16 29 21 53782 1.0956088651946798
29 27 10 29 54013 1.0635020165650486
21 23 8 0 96999 1.032947660434809
29 16 22 5 59687 1.0310457110501912
28 20 8 9 95670 0.9386614156366454
13 8 13 19 32460 1.0696956289195487
24 28 26 1 90817 0.9345956848569978
17 24 5 7 84932 0.9639833150737394
19 25 11 22 32930 1.0753328418668324
22 14 14 11 48604 1.0719357959526619
23 13 8 19 67059 1.070156157907842
24 4 15 26 86296 1.0564129040182224
3 11 22 17 86287 1.0713181768807138
24 12 11 21 64560 0.9035988062897339
23 28 3 15 83639 0.9098677740150589
14 4 29 13 84687 1.0154129379007228
24 19 19 3 65850 0.9724827868993083
3 14 21 9 73663 0.9859030509969489
27 7 1 29 129166 0.9643134637734782
13 24 23 13 54915 0.9409020109123449
25 3 13 24 94211 1.046422505210096
28 25 0 1 140470 0.9158558350758582
7 24 15 14 57871 1.0418877410211396
25 17 19 3 68885 1.0666997585988072
26 1 28 20 84765 1.050657854899352
29 0 10 29 126160 0.9338513584893817
18 3 19 22 83608 1.0935823228844812
0 3 25 6 91327 0.9420002201760396
16 12 9 1 59097 0.9904471616900931
4 9 11 24 69861 1.0268454878528477
13 13 28 27 83300 1.0780613379427104
7 6 29 15 89939 1.065795302471117
28 21 29 7 62889 0.9900182280382365
12 23 2 17 43952 1.0455337245825969
19 18 3 27 66356 1.0173681240011447
28 9 14 9 48572 1.0988833052174813
5 22 13 24 29463 0.9188960281824524
8 23 29 1 113967 1.021453751835631
20 16 3 4 91901 0.9680092120564142
12 10 27 28 87592 0.9474116814576184
26 25 1 14 93855 1.0595858710378752
5 7 2 29 85231 1.0918598417244132
1 10 21 27 107385 0.9903484987240901
28 3 16 25 103059 0.9086550078810952
26 23 22 10 45602 0.9734794931766044
27 28 5 2 119589 1.0631887804926232
19 27 11 21 44465 1.0011123559393975
6 13 26 4 93495 1.0874530167692826
22 8 18 27 74795 1.0039254766941583
9 5 15 20 63962 1.0097212554284831
28 8 24 21 56469 1.0212434336320637
20 14 2 17 77067 1.0610780650610816
24 25 10 15 69732 0.9436487808226088
28 4 23 25 80213 1.0055585817882664
4 5 18 27 109798 1.0769973100893617
7 18 24 24 53269 0.9188355224712808
5 14 28 7 92155 0.9736049391835403
3 19 23 17 72365 0.9433024301602938
7 22 14 8 61809 0.9559331292609141
0 26 22 26 67146 0.96540496453441
9 29 27 24 60672 0.9021631617852769
2 15 22 10 73058 1.06247601891129
17 10 24 25 62519 0.9493861937379531
25 15 11 19 62882 0.9260336563595889
1 28 6 1 88760 0.9664060875573998
20 8 7 10 44577 0.9501562165712245
17 28 8 25 32021 1.0136602228922846
29 25 3 11 113821 0.9535194261986393
10 28 29 17 79985 1.0036962772461644
16 21 29 22 32212 1.0303420733689759
24 27 8 11 95069 0.9142977664737971
20 9 6 24 84823 1.0311443870386396
21 12 16 20 60419 1.0489123203072523
12 3 2 10 55477 0.9194830921598635
6 29 7 17 42909 1.0954270911751494
22 25 8 14 74175 1.0354540569385906
21 5 17 13 45920 0.9959167935487371
19 6 28 27 88653 0.9131644100474864
14 14 27 15 61271 1.0345290934816225
12 24 9 2 79735 0.9577905720846316
18 14 13 27 71706 0.9683565995096067
27 15 12 11 66746 1.0793484037720689
7 29 3 9 75580 1.0173917818605667
23 1 18 13 48977 0.9308551258511945
12 21 22 24 35935 0.9564916005701807
14 1 26 12 66821 1.083832110513064
15 23 2 17 51786 0.9287226474145617
25 3 1 22 121908 1.0415876275985745
10 19 21 16 57224 1.0635240973504465
24 13 17 18 50438 0.941399470958893
1 0 29 27 149781 1.0815149962878836
8 0 3 27 83299 1.0491791069779897
23 9 23 20 31849 0.9083498056310625
16 22 15 6 70531 0.977726832586786
11 6 5 12 47519 1.0806255926789712
29 7 18 11 46277 0.9990166130093397
14 2 19 23 85908 1.0954024612356723
17 29 8 15 68422 0.956163490800362
26 9 19 21 57636 0.9831278193419754
13 4 28 8 68854 0.9730469663830142
7 0 28 24 110843 0.9523445604272378
8 16 21 8 68350 0.9094872740299558
22 24 14 28 32859 0.9913071918655559
10 23 28 11 77988 0.9198844518980427
7 1 5 14 39852 1.090823579971533
2 8 21 14 82872 1.0521058009324715
22 3 12 27 103221 1.0493058021352557
20 11 1 13 68436 0.9016133304852537
14 22 11 4 75026 0.9739785435696168
11 13 23 14 58167 0.9479132183878389
10 22 5 16 38333 1.0742911684000926
18 9 10 0 52088 1.0140165277974669
29 2 13 18 98680 1.0592414906428558
1 9 14 3 64397 0.9768368536597083
1 11 17 1 72066 0.9511452940003462
12 26 19 17 56092 1.0521600030196328
12 15 6 1 54051 1.0324060191504076
20 14 24 27 56554 0.9069428121683093
0 29 12 1 110483 1.0685599705569278
24 4 18 28 80233 0.9238597330226515
9 5 16 11 42008 0.9543133627379564
2 18 10 26 45767 1.0500011943631131
18 5 11 28 107281 0.9819556671863229
14 2 11 21 69263 0.960418423397309
14 2 28 19 100705 1.0309929050768023
20 7 24 28 67615 1.0526893693636445
10 27 28 29 48368 0.921952805973799
5 16 24 21 73273 0.9711562822460001
21 22 5 16 61570 0.9347669760676209
19 1 9 15 72461 1.0408542793623277
21 11 9 8 45136 1.006647284411779
6 14 26 9 72202 1.008991489610004
8 29 2 12 67184 0.9299284093852921
2 14 12 3 66344 0.9596823523757021
25 20 1 24 67909 1.02219250948839
16 9 14 25 71291 0.9701397157638834
21 21 1 3 111214 0.998135483502512
10 0 29 29 122985 0.9225667637200511
3 7 3 17 38188 1.0178533756279744
27 15 22 10 30125 0.9062099679517426
7 15 28 21 70040 0.9006567647860961
3 2 21 19 100786 0.995410565418695
24 28 6 1 112143 0.9994876385913227
6 17 5 7 44615 1.0414066595362714
27 9 6 21 88847 0.9103239085214916
25 9 10 18 82935 0.9385301593121521
21 25 11 15 71316 0.9705064026360436
9 26 20 10 82161 1.0155745400093001
15 29 21 1 106115 0.9898258896477016
16 14 14 29 62909 1.029322655140979
26 18 6 5 94128 0.921929122260497
15 27 5 8 87338 1.0566014608562124
0 22 0 10 47414 1.095936949790786
23 27 11 28 29440 0.9216765290851584
26 2 11 6 69539 0.9920296654767723
17 8 13 22 63665 1.006182152971872
9 28 11 4 96049 0.9867850783941521
21 11 2 14 70504 1.0016651665775138
4 5 25 9 83197 1.091424522461015
17 16 11 21 45341 1.0877269173462123
28 10 7 19 85915 1.0158563423617537
25 17 1 7 106639 1.0351191441472463
8 17 6 4 43050 0.9142255553310884
8 24 18 19 40665 1.015856358166837
4 25 10 2 83096 1.0968332868741901
16 21 2 29 50371 1.0146680116507378
15 22 1 22 40907 0.9805859128867238
3 8 28 6 93248 0.9739134519886612
8 6 21 20 85388 1.0902979828612456
19 4 5 7 66364 1.0655148618254273
23 19 13 16 44638 1.0719659143367282
2 2 7 26 83469 1.0590470257947793
27 1 19 21 91348 0.9976595408863331
25 3 17 11 50775 0.9799200481790344
14 20 6 4 67280 0.9420641166296939
16 20 24 16 42846 0.948230471571964
4 27 13 6 83419 1.0660430615915006
15 2 1 15 79808 0.9092581070058655
28 0 26 22 78205 1.018096191724453
6 3 0 21 66604 1.0101002293971748
14 26 7 2 82649 0.9928333996037686
26 23 3 7 103174 0.9690702615925999
17 10 4 9 44248 1.069602107894148
17 16 5 7 71540 0.9107234590037191
22 5 5 24 99247 1.086227641046063
17 3 0 28 124959 0.9673169262289281
9 28 18 2 113417 0.9255462033193728
26 19 18 16 47922 1.0371663275134224
28 12 0 7 98538 0.981355963722449
7 20 19 2 86807 0.9093309417587487
0 19 6 14 32860 0.9719875699759882
5 23 22 1 102042 0.9623569599577189
6 9 17 17 64998 1.0490591246085599
2 23 21 24 55682 1.0514812099029185
25 23 5 22 49574 1.0620897959100664
1 13 18 27 89459 0.958162638081043
19 0 16 15 70211 1.0061137787747891
21 24 15 15 57644 1.0815817163134032
14 29 29 11 87882 1.0171236561245467
29 2 8 22 115756 1.0927820884207866
0 28 12 7 96265 1.0895113275407147
6 18 19 26 58506 0.965573321013042
16 12 6 20 65373 0.901982703695446
13 13 3 21 60749 1.0208057348401838
0 1 4 26 87638 0.9994519999221064
3 13 14 24 67432 1.0766439169714872
17 18 24 25 48530 0.9969447126800852
3 13 20 2 77886 0.9912382843690207
5 18 6 9 43566 1.0600067984938228
10 15 28 24 76257 0.9453438492245855
26 13 13 2 69313 1.0717262009200685
24 17 28 4 64671 1.034331924746194
17 21 23 27 32139 1.0453126633914773
0 8 8 29 84431 1.0678783239204166
27 27 24 5 78743 1.0029414926665707
24 10 10 18 75851 0.9958987871253223
26 6 17 11 46730 0.9250383138655501
24 19 6 12 83308 1.005077500366082
25 18 15 13 60792 0.9836122580077133
12 24 20 12 74214 0.9259091321207108
14 22 20 11 59298 0.949835905701911
2 14 7 25 48880 1.0478448261202733
22 25 19 15 49288 0.9832865438666292
4 2 26 8 84976 0.9839583273966083
12 22 19 2 91910 0.9528308898308593
7 17 29 10 83036 0.9713339281666116
23 3 11 22 80002 0.9658493886994436
9 28 20 14 83130 1.0143637902828657
21 21 10 24 42365 1.0410337618648948
8 28 16 21 40079 1.0793966758083158
10 22 19 28 39428 0.954909686366622
29 13 6 24 90383 0.9307790958288188
20 7 27 20 62496 1.0722077318129877
19 13 15 27 75219 1.0386378613505296
13 18 6 13 39144 0.9481028006185648
0 18 24 28 85603 1.0113967588249146
19 9 1 26 99325 0.9469381348776339
0 7 16 29 106063 0.9175001903858828
25 25 29 11 60743 1.0047895596871312
1 19 9 5 65510 0.9155061021051897
25 1 5 9 69366 0.9520416537853886
10 14 29 24 85447 0.9771250106193918
20 24 11 10 72743 0.9248545074594404
22 28 16 22 31969 0.9996259454570326
14 6 1 5 62906 0.9149425573330487
9 27 27 8 104443 1.0580425277300982
28 10 16 11 34261 0.931539315114704
15 10 11 29 84563 1.0721572667674701
23 19 0 28 70451 0.9152890875048892
16 23 28 5 86560 1.0964216159441686
29 27 27 9 80367 1.04795700210198
27 29 22 24 25613 0.907654730432136
23 2 6 9 60327 0.9482618502090748
3 6 14 24 85957 0.9836014214208333
9 23 21 3 97850 1.0590281699151631
14 1 1 23 96651 1.033349877925799
0 14 28 6 111273 0.9258490790402132
15 0 5 7 36815 0.9164010229307609
0 14 22 19 88050 1.0516399391040352
0 2 5 19 64819 1.0366339113995822
19 18 28 25 51124 0.9207532286134548
23 29 22 9 57426 1.0163854216217654
4 0 0 23 83002 0.9355330843622764
5 2 22 18 96815 0.9334432240341788
0 29 4 15 60951 0.9252940152118692
13 27 19 19 49593 1.0088078377166103
13 3 26 8 65146 0.9256827142920441
29 11 11 12 67476 0.9944658279758769
27 20 20 26 47202 0.9086051175200999
25 6 11 12 69165 1.0279062245648516
23 4 22 26 68876 1.06374686187622
7 0 19 29 109138 1.0762197057778249
26 14 2 22 89369 1.0396502478641112
20 25 28 16 56003 0.9283926740559822
12 18 5 3 71811 1.0570482339659046
14 24 6 21 29810 1.0553922181256832
17 6 27 27 94749 1.0122719904039745
15 16 20 10 44199 0.9548496908401356
20 26 9 13 70677 0.9284058221042474
0 24 1 6 65258 1.082531485175566
12 28 2 4 92954 1.0781499902956893
4 29 0 5 85460 0.9285261785178128
9 15 22 29 78826 0.9582609367425055
16 10 3 22 79789 1.0503984618284878
9 8 0 15 47634 1.0311866587511092
7 9 20 22 67985 0.9752047990570879
16 16 28 20 60229 1.0036004988721683
16 2 18 16 68486 0.9024921043002675
24 12 13 11 41593 0.970311324866609
28 13 4 25 92238 1.015622042622498
14 12 22 7 47952 0.9987655035295617
21 28 1 11 100402 0.9209196042281302
21 20 4 8 88215 0.9300515354965734
17 17 6 20 53329 0.9027605415465819
8 26 8 7 67893 1.0922380293236778
4 18 18 17 67689 1.0839950211493634
16 16 15 25 42908 1.0172091770688616
15 1 11 9 40836 0.9675915712451215
13 20 25 28 50742 0.9459907159113534
20 28 0 16 84453 1.0508371969658783
13 16 1 3 69683 1.0423118531875917
4 10 20 15 68992 1.0975041144600888
12 19 23 23 39207 0.9988156837102966
12 8 27 7 64924 1.044379471709332
4 21 9 14 42087 1.0133078759376557
6 10 16 13 41378 0.9372560271811459
15 26 21 12 71774 1.0638573706201273
1 10 15 27 91108 0.9040479277674383
29 18 4 19 85781 0.929619737730503
27 5 8 0 71410 1.0171627561770853
11 4 9 28 96049 1.0952996189828856
23 28 19 10 58521 1.0318953641899413
8 15 12 28 55728 0.9330033910790572
4 7 12 20 69551 0.9300354454459576
2 12 15 24 71112 1.0125479333500906
24 16 2 14 91105 1.0628066620665981
3 23 12 6 83070 1.061397090078509
15 16 23 4 69152 0.9047038604494687
21 5 14 13 57739 1.0428169387391915
24 20 1 16 81184 0.9571168542566634
9 3 17 29 105610 1.07676280933068
10 12 20 7 55025 0.9043835428742145
25 28 24 3 77590 1.0400921360161344
24 0 9 20 97765 1.0358568817441425
7 28 3 3 86752 1.0178001646237473
13 4 16 20 58628 0.9290373801067723
22 14 10 14 64629 0.9140121210304631
4 0 27 9 89893 1.0189167907742687
7 22 4 7 60604 0.9560966399500986
14 9 12 28 75375 1.008145406751095
19 24 3 17 72517 1.0190193526826414
17 11 13 18 39646 0.9639897830003252
24 24 6 8 87872 1.0919710561213658
3 15 24 23 75737 1.0520924268472491
0 27 10 6 93978 0.9658355434734418
12 1 27 7 71485 1.046761025401419
23 22 13 9 65676 0.903922954253778
2 3 23 9 78775 0.9378725481058785
26 5 11 14 81885 1.0842080996597006
2 16 21 20 72484 1.0371113222660908
1 21 20 25 70826 1.0284906055652405
18 27 8 18 55586 0.9646072890067094
27 23 8 22 46967 0.9468284009817924
26 3 29 22 82600 0.9586189505005249
15 24 7 2 80936 1.0967839174000216
2 16 27 25 87560 0.9149905552306463
6 11 25 13 69454 1.054287053579475
5 16 13 29 71309 0.9209954579343194
9 13 0 22 55098 0.9144652354222309
16 10 17 28 76627 0.9608875122237373
14 1 25 4 46965 1.0691373946833247
27 8 4 2 89944 1.0486059838745896
28 3 15 6 76909 1.037179511143011
29 21 19 3 84413 1.0001689469607475
10 26 10 6 76073 1.0581932678279147
11 5 1 9 55912 1.064618315185559
17 25 20 8 75428 0.9867583491926418
17 29 3 1 116663 0.9050203475706363
6 11 22 24 81453 0.9595797990231701
24 27 24 1 83643 1.0918077917652844
10 10 21 9 37621 0.997530846433113
1 29 7 2 90344 0.9655902320830746
9 19 13 8 46699 0.9657501836398485
20 1 15 11 52388 0.9572411949547991
21 10 1 27 99928 0.9957006723841705
5 2 0 18 65162 0.9914714694267347
20 21 28 28 37465 1.0700172196868976
26 18 0 22 77235 0.9534506556560456
23 20 4 4 97321 1.012600471375766
17 28 11 6 94091 1.0670972837862391
25 13 5 17 96733 1.0220853591755943
17 3 10 21 88935 0.9016964591986347
28 13 12 3 81361 0.9522787145366834
5 19 22 22 49575 1.0174051970117834
13 20 26 21 42025 0.982313417615861
26 26 20 16 55448 0.9289807465996498
16 18 17 0 79237 1.0114022626870833
21 26 11 11 89460 0.9234133194054027
12 18 14 8 40334 1.029978492830525
0 14 28 23 93784 0.9259218952554016
14 12 5 22 61660 1.0828200446229002
28 7 0 14 107166 1.0071098497413116
1 14 5 21 36068 1.053558394313234
21 7 28 29 79799 1.076947052372303
28 1 15 9 71875 1.0215415020035854
11 12 18 29 84879 0.9073281753591901
9 21 6 7 53233 0.9785359969891929
14 12 23 25 70590 1.0612980981259423
18 13 10 1 67647 0.9344379005320588
26 17 15 11 57777 1.0285733646843944
19 11 5 28 97739 1.0517584779594735
12 10 19 5 46843 1.0632435583816262
17 29 17 16 58154 0.904349171889408
13 6 17 23 69954 0.9167626272602701
12 22 19 1 90931 1.0287849217722524
9 1 29 12 85835 0.9953621665788885
15 29 8 20 49980 1.0632338116958322
24 15 0 27 87158 0.9013846732556418
1 7 11 18 73379 1.0270009725418183
20 12 4 6 67452 1.0094331588561773
23 24 12 19 41623 1.018929182337663
8 18 28 26 74130 1.069251993911767
21 3 18 27 96079 1.0181316100272275
4 7 28 27 122769 1.0933577493600817
17 2 11 18 79638 1.0175882022600193
23 19 14 11 56487 0.9536776846408568
17 17 8 29 68515 1.0764272048258754
12 12 9 20 43405 0.9315705097873632
28 3 3 9 92066 1.0720756550163557
20 25 4 6 106935 1.0445798857329658
5 13 19 12 60843 1.0211696600740583
11 23 23 9 66044 1.0812902958426769
21 13 10 3 77489 1.011232165929999
13 13 7 18 35680 1.0709092148865627
5 0 15 2 32947 1.0414705853091502
0 29 18 29 52085 0.9381337829741994
17 15 0 11 73777 1.0493101530423428
22 6 16 22 64880 0.9732401206908422
3 20 23 11 82318 0.9118934460167513
28 10 25 24 54337 0.9276971050393712
27 25 21 29 33811 0.9469911782706522
5 11 11 7 36960 0.9825061515973648
3 24 17 29 45346 0.9885101408756443
28 23 9 23 47882 1.0086377927181935
12 15 23 25 60801 1.0320180269154826
7 7 26 22 86358 1.0494407485170385
0 14 26 0 97522 0.9334706509048227
14 19 25 5 82301 1.0196820560733388
27 7 6 28 114341 0.9970297902599301
14 27 14 2 95176 0.9891539651522602
9 4 5 24 71567 0.9482894085746908
24 27 13 18 59674 1.0370579744956578
12 15 24 27 73196 1.0153394936431515
8 25 3 0 87056 1.050928986584622
19 19 18 9 50454 0.9984356278289171
1 18 27 0 108724 0.988795542755904
15 5 24 3 57408 1.028003743569027
27 25 11 19 61700 1.0519984921920278
15 20 19 10 56064 0.9067920936437391
9 14 29 4 100753 0.9607788910747933
19 3 6 17 88813 1.0152792192777256
0 1 22 13 103671 0.9734634120989109
11 14 0 0 80334 0.9150992199855544
25 13 29 29 67190 0.9296540850891353
19 3 10 22 96766 0.9733032046724052
0 7 19 29 115467 1.0576771705162573
12 25 1 18 56685 0.9899106297032763
24 11 11 17 70115 0.9435738568923642
19 28 13 16 56873 1.0242834225196225
22 5 15 17 77839 1.0874635287050094
15 28 21 23 37826 1.0863500442406704
19 13 15 3 61944 0.9616468430874814
23 24 23 4 55017 0.9686421056911574
22 25 15 28 29337 1.0972522541188
13 18 8 2 60134 0.9334365303085969
0 1 1 19 61181 1.0185755111554928
24 19 12 8 68955 1.0613139148112118
8 21 25 12 73506 1.0491315894684818
18 14 8 24 66194 0.9792427506443021
24 19 5 9 86157 1.0772067333314033
18 8 1 15 73973 1.021003853560282
24 25 23 13 37012 1.0454657690251734
13 26 20 19 46438 0.9644556258673287
20 13 28 8 40300 1.0760633284528696
25 11 25 28 55745 0.9713856882594131
28 23 13 1 101216 1.0454064420063098
26 21 17 0 84993 1.0789765821527644
19 1 10 22 94666 1.0636306878160475
13 23 2 9 68022 1.0674193228780027
26 21 4 0 113360 1.0339689032275419
13 17 22 19 37713 0.9396332380721117
9 4 21 13 69696 1.0766618754670447
5 25 3 4 78977 1.0643616190969407
25 1 4 10 73338 1.0418007714597544
17 13 25 9 37560 1.0059867655256571
20 24 13 7 76433 1.0009314084272143
25 19 0 20 77985 0.9277485392046323
21 13 7 26 80364 1.0884404378818586
15 24 13 11 51539 0.9302546751789484
9 13 13 24 48641 0.9816276537872004
23 13 21 22 29621 1.0492693665375832
24 14 2 29 88513 0.9876494714265573
17 18 19 8 57162 0.9868797333773094
2 24 8 9 65408 0.9744723350273373
21 7 3 7 74568 1.077811490289922
25 23 0 16 81172 0.9855524867703392
15 26 10 9 78247 0.9784651079582921
25 20 27 28 31578 1.0268108270760465
24 23 8 17 57905 0.9220228204399189
25 1 23 26 79591 1.0754828227284745
9 14 18 0 63806 1.0037305168934216
27 26 28 3 98577 0.9512655279380571
1 29 26 29 65495 0.9037347872618963
11 16 0 26 63055 1.0487319415840684
23 27 15 20 39223 1.0576030370473433
2 9 4 22 45317 1.016967905963483
4 8 10 26 71443 0.9988166799948244
29 27 17 11 82416 1.0549538051187466
3 15 8 27 54259 1.0170377684462482
1 6 28 16 110598 0.927729513642769
21 20 12 10 58718 0.9180620395884774
24 3 5 21 103077 1.016111151343651
28 10 17 4 55905 1.0807835593528277
28 27 15 20 55154 0.9800956650595705
1 6 13 22 76980 1.02184336426394
5 21 16 16 54792 1.0017507221454378
17 2 4 20 95658 1.0889654864664589
5 0 28 3 66530 0.9590836336555068
10 17 13 0 69311 0.9305746088539477
9 19 17 9 57107 1.0986199826405474
25 3 22 13 43768 1.0530001293829416
17 13 20 26 68638 0.9536859159378321
25 19 29 12 38951 0.9219517130698357
14 13 0 6 65738 1.0497395243847538
19 14 4 4 75079 1.0743473129083636
8 28 6 17 44387 1.0308864079070927
11 24 4 4 76991 1.0292080108380746
19 25 12 28 30520 0.981581721859476
1 16 16 14 61228 1.0240733073401243
22 12 19 23 48905 0.9862821933387882
9 7 26 2 70531 0.9645979470745563
26 9 18 26 74309 0.9078422567483052
11 13 19 5 60637 0.9505009377971732
10 7 25 16 82758 0.9171296392717514
7 27 9 15 42792 1.064773128245387
20 25 29 29 40451 1.0889812312458287
18 13 5 13 60422 1.0606506348101499
14 7 23 16 58474 1.0370287169705932
8 5 19 29 108598 1.0911829089410188
3 24 9 4 75619 1.0109891867607137
25 19 3 20 67267 0.9070911620262045
3 15 25 24 77660 1.077772607453001
20 12 28 10 24582 1.0941925808132016
23 14 13 24 51254 0.9680151981023901
18 5 3 15 80411 0.9032924155797019
8 27 15 15 62784 0.9186123198582898
26 5 12 11 70321 0.9366601548016228
16 21 4 7 81639 0.9316423573947137
29 0 20 27 101992 1.0462770892897366
14 6 16 16 50114 0.9196910279201411
26 29 13 29 35826 0.9172595029733198
7 1 21 0 32508 1.095023531445692
29 7 4 13 95892 0.9660700891899735
26 28 27 11 60424 0.9706971120419786
26 13 13 13 53249 1.0153206016357497
9 27 17 1 108027 0.9330812971673743
24 1 8 9 64472 0.9053841529183654
18 20 24 15 35841 1.0908753362208747
27 21 7 23 48337 1.0689114390055945
18 6 10 12 55306 0.9569501108847277
0 11 23 25 98605 1.0929887332802466
12 22 4 27 27768 1.0167894265055193
27 1 12 9 69889 1.0603667129975418
5 26 12 2 93898 0.9520762162763348
11 7 3 23 76041 0.901437393537462
26 5 21 16 60775 0.9333390435903243
24 19 22 27 32269 0.9262770901742127
26 10 15 24 65017 1.0587179871891481
7 15 19 17 57531 1.074534245858575
18 19 2 26 58040 0.9537880751107666
1 6 21 0 60583 0.9263366060413305
29 7 8 4 92925 0.9159854902214895
17 11 12 2 45063 1.0094410589698128
14 24 25 11 64079 1.0183061375513494
11 9 3 23 69309 0.9498467925242424
20 29 11 26 34551 0.9886226529701683
15 22 22 14 43275 1.0626133094750287
4 0 28 11 89924 0.9313985902294104
21 15 18 6 50428 1.0509830069968016
21 4 19 14 49573 1.088981781379466
17 7 29 6 65424 0.9408323622896063
3 26 20 8 99692 0.9263982187149261
29 7 14 10 57154 1.040677956350465
19 26 18 1 103844 1.07334585251504
25 17 13 23 49962 0.9550476250598643
18 27 28 6 94051 0.9071286809833328
16 10 4 11 39831 0.9221697824577461
24 21 13 2 89491 0.9150516869109971
14 2 16 24 81987 1.0335872933680048
25 3 1 17 111996 1.0587405374884153
0 23 19 29 61776 1.0169177257187962
9 29 13 0 103293 0.909838894736616
21 24 18 0 83013 1.024618951564027
3 1 29 2 76839 1.07955044911011
12 4 14 13 38622 1.0031032285581465
23 25 8 9 86834 1.0872450646743226
20 26 2 16 75854 1.0941638821475224
8 1 27 23 110288 0.9890358693922279
13 26 25 15 64706 0.9434410809573488
28 15 11 3 91180 1.0667573374161847
15 1 3 11 57915 1.0165168982160353
23 1 25 11 33524 0.9432019291744393
7 28 29 10 98317 0.9409093548547915
14 18 9 9 45664 1.0232490737291702
0 28 21 27 54244 1.0366927941290542
9 21 21 25 48661 1.0237871424600036
11 26 13 0 90858 0.9601806674457514
13 20 26 29 56086 0.9111124055223975
26 9 13 18 62660 0.9047923719934433
3 2 23 14 89283 0.9379297513474065
14 21 8 26 30042 1.0943289880563127
21 20 4 22 56845 1.0072418762855513
15 16 3 6 70049 0.9748714122549496
3 20 16 4 98496 1.0425748095145966
27 2 15 9 70133 0.9608434634907095
3 7 6 20 52971 0.9611860400781265
0 5 25 16 109791 0.9940598770839495
6 17 16 5 77274 1.0067462102176787
6 24 13 29 34596 0.9852830222747851
20 7 5 8 60209 0.9504596669213263
21 14 27 28 54163 0.9425329793599426
20 4 3 23 106804 0.9172042550806564
19 9 22 19 42872 1.0228314421365605
0 7 25 12 90578 1.0104905560862045
12 20 15 1 70265 0.9138336791593819
3 23 16 26 42282 1.0193703772470997
21 21 13 17 43683 1.0992274415071424
11 18 2 3 77465 1.0852266338751801
24 27 29 4 98224 0.9900107372569469
1 29 26 21 78023 0.9524878999862924
21 24 9 21 42100 1.0736856564715307
8 20 19 22 29037 1.0804753228013246
7 12 25 20 78713 0.9255427464921611
16 22 29 1 94698 0.9311683998967948
20 8 24 17 39337 0.9630120878677929
24 4 28 26 82966 1.0084210377700735
10 11 0 12 45177 0.9292700933228659
14 0 29 16 87284 1.0962493189362972
8 18 8 5 49799 0.9034687792844757
15 27 18 5 102792 0.9658285790396304
25 27 9 29 46078 0.9872713131250906
28 20 29 10 47448 0.9321078457879963
11 11 25 23 80120 0.987998555548919
11 15 1 22 54312 1.0039840389609553
27 22 11 29 58925 0.9356753342359605
7 12 12 20 42215 0.9365711275650916
28 0 17 26 102787 0.9098377874658882
13 26 0 18 59814 0.9707695870502073
18 8 3 20 85185 1.0187646394348195
9 11 25 23 76552 1.0149055000742484
14 5 2 17 74586 0.9034265404655158
13 0 1 18 77286 1.0506151424656736
28 17 2 17 94944 1.0839587708465912
12 18 23 15 54791 0.928660471058202
1 7 21 13 83411 0.9525610401127709
18 25 26 27 37521 0.982058990597769
13 17 10 4 56451 0.9103039980224162
29 0 11 18 104871 1.01300469674868
27 21 13 29 54449 1.0853939075126828
20 12 14 8 34863 1.0968490490978458
10 10 19 6 45487 0.9610206969986397
14 16 5 19 45171 0.9790518653649545
22 0 0 8 70375 1.0250937234480455
19 2 28 28 97238 1.0688016392215043
10 2 0 3 37806 1.0667166980385807
1 4 19 4 67364 1.0849449811333969
27 14 7 6 78666 0.9106372870961724
16 22 1 3 93073 0.9192096789248634
9 16 27 17 81469 1.047163392618718
13 29 28 21 56244 0.990740789046159
9 3 11 17 60889 1.068927065368222
10 19 10 1 68070 0.9464418427735375
17 28 27 4 101636 1.0074253800888984
23 29 29 15 61725 1.0802864034831217
7 19 1 12 43901 1.079434090756582
8 4 19 8 54453 1.0790928957473218
20 28 7 10 84387 0.9035545215318228
26 25 16 22 30881 0.9508409522540815
5 14 4 0 52236 0.981184431287903
2 5 25 23 104784 0.965088051654445
5 27 26 0 124601 1.034215632992203
4 19 2 28 40030 0.9298383421882537
12 14 26 28 78976 1.0944578706193702
11 2 13 29 105922 1.0888083494556884
10 25 14 12 66543 0.9602410936324086
23 8 2 3 78225 1.0337570898735522
2 16 16 28 68808 0.9815975454793475
17 26 13 12 56235 1.0603096021724805
25 26 0 8 112930 0.9499465932989368
27 24 10 4 114949 0.9050462614097815
17 19 2 9 73003 1.09769598006881
15 4 4 17 84965 1.0554388073074161
9 21 1 8 63591 1.0277834908019026
13 29 19 1 118744 0.9130702989875942
21 26 0 1 133099 1.0394910818482817
28 8 2 15 96427 1.005273123218563
14 11 25 15 54199 1.071801357903071
25 7 9 11 61159 1.0211118275418498
9 18 3 0 69402 0.9391027691667949
4 7 14 14 54529 0.9709131572324897
3 5 23 4 64707 0.9170641708713302
5 3 4 14 49895 0.9333067133288542
8 7 3 1 31843 0.9971088245202163
0 24 3 9 56242 0.9451997549236776
4 12 24 24 86209 1.0406425329279627
24 6 8 25 90315 1.0986832092255867
4 28 1 15 47318 1.0831737111900284
5 7 25 19 96888 0.9733489144874109
1 14 5 21 36068 1.005166014331208
15 21 20 10 63471 1.0286274115335168
24 28 28 17 47758 0.9917747045010568
20 12 7 1 62603 1.0568108160544551
29 29 10 23 63715 1.0524363628497213
0 3 1 19 53665 0.9742520647208507
10 28 15 19 48126 0.9827508921891156
3 3 0 24 71831 0.949616411851983
7 2 18 1 29830 0.978686265946827
15 24 2 6 86355 0.9256902066690641
0 26 4 8 70296 0.9606436919125634
27 23 17 18 51333 0.9473702173754472
8 23 1 16 42014 1.0148539515407295
16 1 23 24 87244 1.0737844122245443
24 19 20 28 34238 1.0790676455748476
25 9 2 21 97640 1.0558675971373657
18 19 3 25 58310 1.0933448230955047
16 8 2 19 75211 0.9694274424088885
3 4 22 27 116422 0.9171593174378786
4 26 25 28 50309 0.9423465371112613
27 15 4 27 86438 1.09191763346168
12 23 5 28 33586 0.9356435404241762
10 29 1 20 55247 1.0377029513151133
2 2 3 25 78886 1.074670981264358
14 25 26 25 42224 0.9528640560834836
0 12 27 26 112758 0.9786788883084443
16 24 15 5 83500 0.9862708571461134
16 21 3 9 74722 1.066434344522266
0 29 23 13 91019 1.0015135757599996
29 28 28 3 103150 1.067685493967092
20 24 2 13 80711 1.0799697584934895
11 11 22 24 80191 1.0697435993118602
21 20 15 10 60757 1.0899015326877732
