4369 7267 6600 3958 5736 5256 4182 7170 5202 3994 4512 6817 7419 6853 4382 6839 4402 4715 5863 5271 6068 6323 3995 6527 7036 8347 8099 6827 5740
3968 6633 3023 4946 6431 3140 5845 5077 3257 6374 3963 6284 4984 3187 6589 5184 3054 6018 4730 6070 3481 4091 4515 4906 6547 5225 3402 3688 6468
3559 5554 4170 5405 6491 5442 4859 5968 4490 4483 3522 4883 6662 7202 4934 5457 5479 5054 4940 8248 5448 8539 7476 8099 5349 5557 7288 5902 8502
7856 5814 6891 7636 6488 7693 7515 5739 8983 7166 8121 8704 7009 8146 7598 8378 5387 6309 7901 6756 7220 8024 5851 5972 8306 7694 5602 6027 8277
6092 5102 7505 5273 5508 3702 5629 3090 4196 4593 3641 4016 3845 6180 6087 3330 4058 5427 4452 6270 4729 6272 3281 3072 6248 3760 4801 3429 4678
4360 3622 3527 5765 4835 3930 4627 5827 5502 3680 6851 5558 6781 5317 5072 6773 5750 5388 6704 3704 5068 4068 4740 5965 4647 4656 5990 1809 2910
4159 6775 5372 5496 3740 3900 5287 4710 4233 4344 4428 5302 6241 5758 7383 4162 6509 5233 6558 4841 5513 5327 6618 7161 6257 5335 2479 2762 1797
7710 7296 5190 4469 6896 8143 8112 6854 6022 7148 6553 7276 6746 7864 5827 6005 5753 7053 4522 6013 5135 4637 7083 7668 4956 6237 6400 7278 4956
4294 7665 6640 4716 3511 3776 3986 4426 2564 3739 1849 5105 3879 2777 5204 3391 4984 2992 2094 4344 3064 2328 1660 4178 2697 4061 3875 2248 5116
6277 4773 6660 7507 6584 5030 6480 7126 5434 6386 6205 5772 7759 7624 4481 4406 5640 6825 7470 4949 7631 5439 6874 4369 7913 5681 8053 5666 8636
2957 2931 2635 2490 2496 5334 3663 3623 4662 3364 4984 3275 4462 5704 3614 2230 5273 4642 5671 3881 3253 3160 2570 5398 2687 2175 3715 5308 3441
6033 5349 6418 6633 6900 5753 4319 6153 6220 4658 4183 3059 4784 5786 3129 5145 6201 4988 5052 3490 2794 4856 5796 5422 4761 3081 5080 3624 4460
7132 6189 5435 6257 5479 5542 6195 5271 5638 6376 3596 4667 6104 5644 4532 4939 7074 3932 5047 5519 4152 5975 5688 4202 4115 5652 5293 4242 5417
6501 6939 5750 5869 4696 6022 5722 5162 5909 5909 6947 6087 7258 5202 4091 5381 6626 7193 4235 7109 5176 5212 6693 4163 6841 7006 7318 4005 2214
3072 2107 4327 3111 1799 2512 4985 4789 5434 5003 5418 5182 2150 4534 3973 1809 4236 4545 4090 4702 3878 2998 5791 3788 4294 3097 4702 2388 4280
3221 2257 1749 2004 4437 1705 3587 4951 2242 3843 3412 2313 1648 3117 3242 2272 2527 1858 4802 3008 3353 3382 2822 1532 4504 2988 2715 2106 5777
6141 4367 3827 6013 3853 3816 6458 5571 6896 3325 4953 6744 3400 6893 6674 4746 6881 5470 6802 4773 6042 5954 4665 6477 4322 5361 3444 5185 3047
3637 3746 5450 3767 2703 3920 2822 2541 2384 2460 6042 2495 5650 4139 5335 5608 5345 5193 6035 4535 4175 3656 3856 6001 3382 2719 2760 4873 2535
1555 2696 3382 3971 3197 3680 4319 3244 2094 1795 2563 2784 1390 4438 5474 6172 7665 5632 7890 5679 6358 5684 7135 4926 6632 5979 7970 5239 7034
4367 3853 6202 3582 3206 4632 3319 4655 6270 3909 4602 4684 5493 5008 5350 4198 4136 6547 5388 8101 5883 8866 6801 5693 5767 5959 7995 8078 7103
7120 5022 5045 5933 6788 7645 8402 7182 6098 6782 7547 6543 5443 6394 6240 6739 5195 4952 5012 7132 6245 5222 5102 7692 6693 6072 6708 6060 7262
5744 6437 5066 4828 5641 5372 4433 5582 5200 6061 4237 7325 4687 5294 5592 5305 4251 2992 6300 5718 4784 5853 2922 5332 5263 4172 4697 2639 3016
6100 6826 7185 4380 4133 5077 5679 7078 5577 5967 7341 4299 5529 5556 6052 5576 6404 7277 7408 4977 6651 8507 7124 5411 8092 4885 7328 7094 7551
2639 5595 6144 4419 4775 6203 3539 2921 5449 5880 7006 6212 6795 4610 3693 3955 4555 3914 4820 5202 4674 5983 6458 3614 6896 3744 7021 4376 6417
8140 5603 8192 6345 7519 7645 5366 5111 4714 4141 4342 5486 7196 4441 5771 4138 4378 5703 4753 6039 3982 5004 6116 5055 6411 7155 3563 4059 5612
7372 5005 5046 5524 4610 6223 6295 5780 6672 4881 3885 4180 5764 5630 4449 7156 5447 5469 7411 6117 2563 4616 4838 2667 2850 3302 4449 1732 1903
6880 6212 6915 7866 8306 6611 7610 8410 8029 6970 7535 7483 7279 7781 6533 5358 8103 4897 5209 5061 5574 6964 6945 5158 4697 4598 6960 7338 5880
4537 4971 3560 3889 4328 5902 3517 2745 3727 4271 4375 4241 5484 4354 5283 2585 3702 6108 3664 3809 4729 2700 5593 5051 3946 3012 5584 5632 5894
1790 2510 4581 3629 4478 4537 4618 3900 1218 2363 1973 1429 3363 2182 1802 3547 2162 6258 6154 5804 3617 6514 3020 6218 4256 6592 4851 5182 4851
5213 3934 4292 3429 4448 5838 5186 5249 4267 4974 3719 6812 3942 5800 4795 6306 4922 3452 4597 4228 5786 6264 4808 6527 3723 6420 6712 4108 4337
5960 2179 7091 1746 8081 5214 8407 4942 1976 7036 6986 2439 3711 2231 4643 5838 4598 5818 4922 7790 8643 3908 4222 3038 7906 5819 1636 3813 3370 7207
4369 1916 5617 4613 4902 5782 5389 6623 3481 5830 5996 5418 3908 3122 7752 6212 6031 5383 2396 7947 5206 5726 4118 4129 6579 5218 2062 3236 5370 7156
2855 1499 5784 3818 6218 7785 8642 7367 2348 3923 7401 3199 6090 2729 7889 5935 4390 5034 4868 5145 6644 5180 4597 4822 7720 3164 4672 4769 4457 4235
4504 3669 3694 1858 4561 5681 8221 5189 1796 4534 7570 3189 5436 3913 6108 5234 3048 5399 3793 6400 7100 8469 5287 3387 7755 6202 3409 2647 4848 6044
6155 1474 3638 2663 7499 7809 8223 4770 1307 4272 4988 4310 6732 1247 7091 7017 6305 5982 2656 4423 6810 7656 4272 3148 5183 4473 1313 4713 6310 8518
4357 1909 4623 2245 6018 7324 6956 6237 1924 5797 4905 3319 5485 3878 6702 6117 6343 4691 5167 7046 7948 7974 3826 4840 7143 4961 4318 4905 5348 8227
3016 3173 3702 3457 5560 4457 5422 4770 3179 6131 6948 3923 4408 3084 8772 6723 5805 4253 4391 6823 5623 7936 6159 6755 5629 5956 4771 3377 4301 8396
5919 1859 5599 2349 5944 3098 6894 6602 3643 4723 6504 3730 4681 2909 5680 3993 3722 4044 1983 6241 7510 5890 3533 6846 6217 3465 1587 2866 6451 8236
2751 1619 5396 1901 5878 2188 6852 6531 5960 6598 6098 3855 4675 4396 7517 5299 3407 5047 5658 7223 4919 5291 6281 6690 5264 3756 1634 4909 5629 5087
3348 1931 7181 4896 7612 2810 7302 5473 4018 4992 6864 4073 6304 2312 8071 5656 3337 5627 3107 4765 7839 5111 6871 5723 5932 3078 1854 3690 5499 7479
5865 1741 5879 2993 6496 4931 6370 5290 7058 4786 4713 5319 7296 4431 6405 3943 3936 4627 2290 5705 6163 6882 5910 5282 5316 4632 1571 5657 4255 6066
5809 1885 6677 2275 7359 4634 7303 4906 4308 3647 6386 2476 7395 1052 6125 4403 6932 6459 3920 6740 8036 5491 6791 7143 7830 4465 5851 3465 5596 8259
5930 1839 4315 3595 7809 4345 7377 6767 6236 6372 7147 5267 6874 4519 6393 4533 5237 4755 2220 7325 7270 5392 3476 5999 7749 6214 3929 2739 3877 6109
1854 1743 5167 5037 6242 3141 5529 5757 5940 6636 5773 2378 7358 2865 7915 3284 4562 4609 5490 6065 8013 5349 3716 5218 7017 4881 4838 3068 3404 5461
1519 1446 4319 3331 6632 4615 7073 5369 4889 5731 6183 2642 3873 4198 7251 1591 3913 6536 5027 4374 5784 8576 6814 6053 4620 5040 6182 4666 6169 7707
3579 2372 6129 3820 6616 3203 7340 6914 4274 5552 3121 2951 4207 2633 6767 4070 4633 5053 2412 7343 5813 6353 4782 5161 5164 6317 5123 5454 4384 7568
3035 4138 6475 6459 4798 4520 6573 6350 6557 6264 3916 2701 3945 3328 6229 4392 3637 6599 2868 4911 8068 7890 6862 4517 5487 3137 4415 4626 4742 7160
2210 3717 5703 6788 5294 2147 6879 5111 6428 4418 5211 4876 5200 4504 8331 2585 4988 4791 4869 7605 7954 5562 4337 4352 5595 5490 3309 6700 3058 4998
1624 4315 6377 4591 4496 4636 6109 7539 4290 6345 6198 6274 4701 6700 7918 3901 6772 4511 3354 3020 6026 6218 4800 6739 5042 6437 4732 5028 2308 7304
1828 4302 6113 4220 5912 3836 3665 6309 6726 6647 4409 6835 7094 5431 6522 5184 6899 3945 5917 1375 4827 8511 5231 6852 4063 3271 4510 6704 3055 8344
2000 2355 4739 3656 6257 3655 4886 6159 5940 5065 5809 3544 3944 3821 8812 3621 5523 6641 4598 4791 4586 5942 5624 4817 6084 6162 3970 6693 2744 7205
4572 4035 5323 4925 7025 3374 2216 5413 4581 6555 6155 5317 6955 4256 7883 2214 5140 5889 3690 4595 7778 7700 5148 3849 4237 4302 5098 7768 2131 8100
4064 3475 3634 4601 4794 3367 5062 5199 7121 5137 6303 5927 3907 4200 5592 4453 4230 3793 5562 1853 6231 6861 4734 6150 5542 6276 4341 7419 2901 8256
3710 1303 6518 3143 5093 3641 1898 1611 5875 6369 3841 5406 4916 3577 5278 4159 5050 4622 4797 3261 5541 6852 5630 5466 4835 3613 3082 7621 3392 5374
1766 4787 6287 3668 5912 4189 2040 3758 3947 4640 6030 5417 7025 6955 8816 3304 6623 4367 4528 1254 6330 5980 5354 5769 6308 3654 6155 5834 5098 7165
2648 1726 3839 5563 2948 4866 4815 2292 5142 5267 4773 5130 4362 5018 8244 3474 3433 5907 6349 3252 4484 6106 3831 6227 4225 3715 3895 7672 3498 7321
4770 4429 5553 6555 4430 2722 3413 4371 4191 5420 4917 6441 4085 6946 6214 3448 3768 4864 3003 4016 7303 5682 4514 5768 6084 6111 5230 7856 4895 8059
2072 3924 4666 3755 4905 3294 5021 4242 5776 4126 2951 4282 6012 5319 6001 2878 4116 4566 6177 2074 7922 6136 3526 4868 6115 6497 4342 5369 2269 7034
2877 1769 1832 6645 2740 4094 1598 2370 4237 5669 2992 5095 3856 5215 8138 3261 4181 4873 6166 1586 6479 6397 3715 6722 5328 5205 3012 6831 4255 7873
14 17 28 2 92834 1.0096362163526216
24 8 21 19 61451 0.9754190863747588
8 17 25 19 66724 1.0700662769026055
11 22 26 9 109680 0.9844650450386586
14 14 17 2 49189 0.9710795946573215
2 27 0 14 70679 0.9133041286260868
22 6 8 17 82043 1.072877779371742
22 18 23 6 64091 0.9568852342198244
11 1 20 0 22147 0.9486842765291659
14 8 12 22 59025 1.099685432068654
16 17 11 27 49955 0.9407511964991022
8 28 27 20 101731 1.091765369857743
1 11 20 8 81094 0.9683591069632144
4 16 8 9 41287 1.0984251908575469
2 6 13 14 64045 0.9738092174159189
1 24 19 22 89795 1.0258824378234463
12 21 22 0 95980 1.0013450060042361
26 0 11 16 93012 0.9493480940123398
15 23 26 26 55966 1.014606922600947
25 22 24 5 80976 1.0215498734853097
16 27 5 28 45082 1.0747259661397517
4 15 21 19 79781 1.013188890987735
28 2 13 2 53856 1.0385172490395167
1 22 27 9 142912 1.018729489935542
11 21 21 8 78906 0.92147306517717
7 29 17 17 78590 0.9488459334368718
9 6 23 28 117785 0.9265211734031443
23 19 26 7 57563 0.9672383911099376
7 13 19 6 59887 1.0814088452693091
29 0 20 13 80732 0.9666114151723576
7 15 7 28 52360 1.0200421224771379
19 15 1 0 87126 1.0960139057689597
21 24 7 22 77482 1.0766759349425634
27 3 5 19 132160 1.0163822293328546
5 16 0 5 64909 0.9168280541425988
2 9 27 24 134872 0.9642275242856746
14 3 21 16 68643 0.9357526518604697
6 17 7 2 69743 1.0518827648273508
19 1 28 2 32846 1.091658496987054
13 18 23 21 51898 0.9373460310837273
9 2 17 24 92072 1.0167219981817757
18 15 9 19 47087 1.0018738275826207
21 14 25 4 64503 0.9726538113490476
15 2 23 23 98729 1.0341050221130517
17 25 18 3 82390 0.9029709911693642
1 0 12 28 122276 0.990796938957179
19 8 25 3 42843 0.9492519138721965
0 25 22 10 135341 0.9553545866376167
5 9 27 16 104386 1.0947773476975486
5 26 0 16 63288 1.0504518704980592
1 12 16 7 72942 0.9021476557382061
26 8 20 19 66256 0.9927868676181285
15 14 24 5 56310 1.060278387707282
25 7 27 22 59310 1.0608474169620714
14 27 16 14 50438 0.9731888924518081
20 5 22 17 67153 0.9042124818337199
18 22 3 25 73042 0.9601861765274815
2 16 21 27 104659 0.948668307737257
8 2 29 29 151312 0.9482086863094938
22 12 14 0 68008 1.0167743885526548
7 5 20 24 110675 0.9288855859297186
29 21 10 4 117841 0.9001140952141685
16 18 0 19 66163 0.910596653724569
14 15 8 1 54302 1.0480363224737594
1 16 10 6 70242 0.9325881664135552
25 24 0 20 125843 1.0057259377091174
2 2 24 18 116572 1.0142374833142072
10 5 22 29 119568 0.980758461908906
24 26 5 5 137552 1.0808278549736232
28 0 22 19 76946 0.9493351836399719
0 17 3 9 49156 1.0581711279138213
18 9 2 1 59441 1.0114503690430252
5 5 18 22 102287 0.9960139944219857
19 14 0 18 84843 1.0305760942140194
0 18 7 3 88044 0.9798434378073426
25 20 25 3 80231 1.072183551330622
12 8 25 5 63876 1.0401426089855257
8 17 27 10 93095 1.0307387344803667
12 10 9 2 46547 0.9485519946808229
26 5 12 25 114172 0.9956351169908877
29 5 17 18 85500 0.9185357324096896
11 2 20 29 115447 1.0159343136312782
22 16 13 8 62189 1.0849317502648204
10 12 28 19 79446 1.0972924602313947
5 4 14 7 46859 1.0900647059638329
11 23 13 6 85311 1.0232743191023186
19 3 0 12 95309 0.9306639951909175
6 22 16 22 54333 0.97132148437146
27 15 15 11 55125 0.9306164088071127
8 28 20 23 66964 0.9528416261521011
18 6 3 2 53412 0.9873825245522658
5 2 18 14 69391 1.0484727769469098
26 5 22 14 59949 1.057770953110332
26 19 6 12 87836 0.9156369596407451
23 1 23 28 125600 1.0810066820459023
1 14 19 5 83162 1.0907048533867076
4 8 5 27 84705 0.9696619637295181
2 11 22 20 96326 0.9081347065422383
12 2 20 25 105101 1.0946958479691864
13 18 19 0 70642 0.9104519705351884
19 27 5 2 118660 0.9385407230399392
6 11 26 20 94973 0.9624514970192954
27 22 0 17 117129 1.0640237545220728
17 5 4 21 98913 1.0784288064350986
2 23 22 22 105172 0.9327140000953787
19 8 6 18 72333 0.9485514681037254
3 2 29 6 93294 0.9549495470115584
25 11 24 22 57324 0.9151877702905825
15 8 1 11 62595 0.9695360320246659
17 25 25 27 36771 1.048534037271644
12 12 25 1 79295 0.9290915771652708
5 8 29 3 96398 1.0890528049856805
24 7 14 23 90567 0.9178843631147853
3 8 19 23 101124 1.0168917818121168
22 3 1 19 125410 0.9174992803628879
6 24 11 6 89208 1.0770989633144563
13 27 8 12 63996 1.0272800202886994
13 19 0 5 94094 1.0267787095106766
0 0 25 19 117435 0.9098588209969246
29 7 17 11 61551 0.9019343634745904
12 25 25 8 111345 1.0703322037278276
27 15 8 2 105181 1.0299532644936809
26 14 12 9 78469 0.9979226471629544
25 27 12 26 53417 1.0163184016825588
16 25 14 3 74627 1.032583626824514
11 16 6 21 41942 0.9529745749256747
6 8 25 9 95571 1.0057226249301014
3 21 15 4 106983 0.9006043756043233
0 12 5 22 65256 1.0534189326449424
29 12 5 29 134591 0.9226925055124652
29 29 12 9 121515 0.9279674235217937
1 1 17 16 78752 1.0955177741719149
23 20 4 0 110582 1.0535896186350626
19 22 12 3 87692 0.9879370951402178
15 7 14 23 54845 0.985984776815691
26 18 27 29 52617 1.075067598431828
15 26 0 1 103437 1.0984984694798157
27 2 19 27 128213 1.0367814567874831
14 18 2 28 75727 1.0171725809929928
17 2 20 14 54166 1.008644486186444
0 11 13 22 89823 1.0308093311643056
15 28 2 14 92120 1.039314797915712
0 17 3 5 71610 0.9111121427659756
19 28 3 27 60112 1.0224157769677735
2 3 14 7 49494 0.9137509781245249
2 8 18 20 89054 1.0024873216101164
21 10 29 13 46170 1.0986466767097025
9 10 8 19 38373 0.9597137937389879
6 27 24 18 97491 0.9999828582899013
25 19 28 8 40535 0.9146855754077133
15 10 11 16 32688 1.0860062977929248
24 9 27 28 91558 0.9027895081210346
12 15 15 29 53054 0.92580126143889
18 13 25 18 51034 0.9864024833372774
19 5 7 0 46726 0.995111181909394
5 20 8 10 52130 0.99935619801331
8 14 13 24 64678 1.0346692034429645
10 26 0 29 41820 1.0191826830136643
6 17 17 11 55981 0.9084206018029687
0 14 2 25 64034 1.0890796607746727
16 21 25 24 58361 0.9408907193848288
24 23 23 14 45339 0.9721508090301988
6 11 26 6 87489 0.9060404307737973
27 7 12 0 72825 0.9151992040642496
2 20 23 23 117580 0.9455666660523525
11 5 1 17 78149 0.98570188884468
7 18 24 18 67762 1.0287623719846197
13 9 16 26 66367 0.9627049642179047
10 5 17 22 82064 0.9728636501775665
23 23 9 13 85756 0.9663551733366194
8 18 10 5 53670 1.0245859900316774
19 21 11 17 53450 0.9294441194055009
24 11 2 20 124566 1.0707236448837927
16 4 2 28 123884 1.0595655642911859
24 20 19 6 78719 1.0720812714216466
10 27 10 12 58435 0.9532267313091431
25 8 22 18 59692 0.9055856461835226
12 4 3 19 93763 0.9829861694690065
8 1 21 12 68739 0.9570759211435408
9 16 23 0 89253 0.9374748014947726
22 28 2 7 124938 1.0754183181788473
20 11 14 20 54208 1.0268954327706734
28 16 22 20 35113 0.9443715937623813
22 14 0 9 99208 0.9370546737208475
0 3 24 26 149552 0.9149832167509224
28 16 7 12 89463 1.0025625650592935
6 16 14 18 40106 1.0691426075605013
29 16 2 20 123677 0.9132626589986338
14 8 10 2 33731 0.9952660694887736
1 15 16 23 88385 0.9725217079678616
11 21 26 24 86408 0.9108480165031051
9 6 12 27 89778 0.9602732307089785
11 16 13 4 61468 1.0495226807160738
11 21 21 11 72151 0.9379446662981128
22 4 13 7 45922 0.9170627148904086
19 16 29 26 76632 0.9676862339909829
11 22 15 14 42748 1.0450168912264084
7 11 17 25 78239 1.0636983646184315
29 28 10 28 72031 0.9510878790084693
9 11 4 3 43136 1.0026195760631762
11 22 27 20 79946 0.9247471625771813
11 21 24 2 110127 1.0221831562278632
25 12 20 24 77691 0.972423505207815
3 23 23 16 104631 1.0125812599628714
15 19 11 7 55756 1.056470214033812
26 24 21 18 42289 1.092002355092644
27 14 14 6 84016 1.0182645725104598
22 15 4 5 92923 0.9663356801859075
24 25 4 26 80703 1.0537095819109108
25 14 17 21 61105 0.9972011966747476
1 28 18 12 104680 0.9930398113315334
17 7 0 17 89903 1.047560728731277
27 26 2 5 153703 1.0921933055417083
3 2 21 25 129461 1.0530720609871564
5 29 22 16 105449 1.0917311925999984
9 12 16 6 53036 1.051305237949425
18 11 3 12 58661 0.9996991453497364
9 26 25 2 132572 0.957114934661177
12 3 16 23 77402 1.0024080635381885
18 5 14 11 29365 1.0987572567801678
14 22 11 0 80580 1.099392449892289
1 24 18 24 80149 1.09439207027149
19 29 11 15 73275 1.0205014617613781
18 29 1 14 108270 1.0142483046691568
14 1 7 5 25856 0.9403847114464332
22 14 17 3 56250 0.9817042725175722
8 28 22 7 117493 0.900327757485189
11 28 19 10 82934 1.0269298382152359
15 12 24 10 48119 0.9874647691780427
4 3 3 26 107437 0.9807611611233261
11 6 7 18 61677 0.908173972843358
12 25 1 14 79713 0.9518023122995072
15 1 13 21 69985 1.0488795470052803
9 20 16 24 50477 1.0362503000992251
24 28 15 27 30821 0.9214147218950607
27 10 1 8 113366 0.9407290352848238
21 8 6 24 108139 1.0694405154954052
4 14 13 20 61638 0.9897707266019071
7 17 23 10 88041 0.9598453523634729
8 19 22 25 82724 1.0416532908959952
18 7 2 24 114122 1.008475598493785
13 24 15 14 40435 1.057236586160962
1 17 16 4 93426 0.9380159242603393
16 10 26 4 54446 1.0981734552179614
13 5 5 8 39842 1.0382803964529115
3 2 20 5 58204 1.0908757919234704
25 3 11 20 103772 1.0904685191152332
14 27 9 8 84452 1.0139826339832596
9 10 25 11 77608 0.9625455954024854
13 17 19 11 39367 1.067162478365665
14 29 12 5 89258 1.0326510541315077
21 4 12 14 65678 0.9857683736447558
15 26 3 22 59496 0.9132098260643108
5 16 6 1 73623 1.0973894861579923
0 17 24 7 122239 1.012501457244136
25 11 6 29 128546 1.0147498664380143
25 6 13 20 87595 1.0122039103780485
28 3 11 27 132431 0.9119464455545526
15 29 5 24 51939 1.0281098899205745
28 24 12 6 121333 1.0200178019658714
14 5 5 28 107470 1.0705406226764291
21 1 7 6 56073 0.9600037363979912
9 8 17 28 91018 1.046346886888502
17 3 6 13 64773 1.0355920807100976
22 12 18 1 56419 0.9767699151098628
22 25 28 8 76748 0.9922334747886208
29 5 3 7 107984 0.9495659190402499
17 23 0 24 82049 0.9487832484854994
9 24 26 26 77378 1.0478098700719087
14 23 19 18 36923 1.089659948387499
23 28 27 7 89320 0.9921926390667802
11 23 26 4 116601 1.0615920935583427
22 17 29 29 69430 0.9377209563556409
1 19 14 26 74087 1.050151692034638
0 8 19 23 108929 1.0203646110369622
9 8 8 29 78109 0.9654829992956828
21 4 4 12 87188 1.086427706569505
15 12 21 1 53254 1.0822731512114208
0 14 16 1 84612 0.9595726530675024
11 28 17 2 100141 1.0823758343227408
15 19 27 6 79018 0.9060263892272258
7 1 14 16 57970 1.0768750918851642
11 20 9 3 75544 0.95910599419282
6 13 21 24 91989 1.0009306463276884
0 2 29 13 120737 1.0829787015031516
28 9 16 7 62649 0.9595010923840515
26 5 22 24 95594 0.9258620691967696
7 9 18 1 53906 1.0495537438320695
15 14 28 2 81956 1.0666877673343989
17 28 7 9 93636 0.9197387225856365
0 17 21 28 105791 0.9176058566214855
0 8 24 11 97647 1.0741255628896054
6 3 23 21 114126 0.9618705808637236
2 10 28 3 109279 0.9458203759820845
20 8 3 29 126501 0.9833446732430808
17 0 6 8 52973 1.0403680185457005
18 18 21 27 53649 1.02080003465276
3 24 27 1 155890 1.0432512259408948
14 1 3 19 96479 0.951594194326732
1 19 15 21 67494 1.0876395471820637
22 28 10 6 107582 1.0014832051684734
29 11 19 29 98653 0.990364866490038
15 1 15 25 70567 0.9256467009929322
23 16 5 13 73919 1.0943959070182065
28 24 2 1 140241 1.0286079216795445
26 26 28 8 67337 0.9844755276585305
10 25 15 16 49952 0.9632480418648044
29 3 24 29 105458 0.9773680602580527
27 14 15 28 87957 1.0207651487059346
5 28 5 1 112076 0.9919398006602955
2 17 4 3 72007 1.0422168631600983
3 18 24 23 101609 0.9273470838258284
25 26 5 6 133312 0.9007418632608049
13 3 16 11 37253 0.9398122405999969
21 25 12 19 65844 0.97866687807293
29 16 10 4 104580 0.9763721805559009
9 12 29 10 94460 0.9874168827172317
6 27 12 22 35447 1.0619004911463739
11 0 13 8 41070 1.0047555277529465
15 19 6 15 50884 0.9391927964282561
14 13 5 9 49198 1.0029684389042421
7 27 7 9 69810 0.9123308565085149
4 1 5 12 55198 1.0068469895335546
5 9 27 24 128823 1.0358633316899906
10 29 24 2 136498 1.0896423051725932
7 0 24 0 51353 1.0551962911889945
19 0 15 15 53468 1.0378153290840257
21 11 25 29 84444 0.9285197804740604
20 23 8 14 82258 1.038359547800096
5 20 12 8 77686 0.9592654771369653
16 6 10 21 74104 0.9503592638714727
1 4 12 19 94595 1.0614569795742068
26 24 4 21 111176 1.0176300797180304
17 11 9 7 44433 1.0904013596788504
3 16 9 3 69215 1.0975339822907058
21 17 19 3 65318 0.9675251935281853
25 8 0 3 98407 1.039022619452459
3 9 18 9 67831 0.9931453260429113
28 5 9 9 91188 1.0899613509386976
4 2 15 0 28866 1.0730445887390698
3 7 10 2 42395 0.9662010894985497
27 3 6 22 135437 0.9909856439921602
18 1 26 24 111185 0.9073891737221482
8 9 18 6 54966 0.9436342942717864
21 22 20 0 96725 0.9695694697956443
12 9 0 27 103872 1.0409531857839955
27 2 19 13 74632 0.9635914676989302
10 2 26 11 90190 1.043830926378661
26 13 9 16 76301 0.9329264959824403
10 12 8 28 61067 1.0902692565573315
2 1 27 2 71512 1.0662727857190213
23 10 8 23 100144 0.9512326821826851
23 23 26 7 79880 1.0668934001332644
3 8 13 29 95321 1.099512745915099
1 13 24 12 88027 1.0319414287628412
11 21 23 10 86935 1.0787026796023913
26 6 18 21 87793 0.9482213027914588
0 3 4 13 55101 1.0759105822565733
23 5 0 22 138124 1.0795472723398054
19 27 5 0 119398 0.97835021725084
22 23 2 23 102785 1.0440645262335986
15 16 28 5 76895 0.9419719603482648
18 3 27 10 57834 1.0181917696893827
17 28 24 21 54883 0.9392027778405692
10 2 26 6 65432 1.074766559842433
21 2 22 21 102557 1.0679060769383504
23 26 19 7 102671 1.0269362627296603
29 17 2 26 124840 0.9374839628698012
0 8 7 14 45247 1.060127601586428
27 15 11 17 68264 0.9556825555728672
4 18 12 11 54324 0.9658345961548316
1 4 7 11 48277 1.0516272736604788
19 1 2 8 65131 1.0428331343726063
21 22 28 14 55325 1.0548087058526463
4 27 5 3 106166 1.0512643354854705
3 23 24 13 112957 0.9621208326186219
25 17 4 29 121165 0.9597644827922915
4 5 5 20 70373 0.9371428580390752
10 15 14 25 52224 0.9813139473233483
16 22 4 1 87110 0.9094455144601854
21 15 15 5 53813 1.045156992467891
25 2 12 0 45949 0.9107606971262067
5 15 14 10 52585 0.936677977952378
14 6 2 25 116839 1.0072404652963751
3 27 20 11 110638 1.0983192152284167
2 6 9 13 46556 1.0338756432119551
28 10 7 24 116686 0.9849676167546826
4 1 15 7 36358 0.9608439400458981
19 18 13 13 33123 0.9771406208357301
9 19 28 11 92499 0.9456701511916301
17 21 1 11 87140 1.0357362336162867
8 1 24 23 115275 0.9997143500660002
0 17 6 4 74376 1.0854845315735258
20 3 25 15 74112 0.956105422663301
12 7 24 8 68093 1.076081718360916
4 23 28 20 111779 0.9122779698493002
0 17 24 0 127443 1.0492316143422937
13 20 20 7 70818 0.9075733779605841
6 0 29 27 152609 1.0152384003680357
3 7 17 2 64236 0.9347355806586137
16 8 29 10 69532 0.9875183800430749
2 10 12 14 46724 0.9243982079665064
0 24 14 12 95198 0.9222250157565798
4 1 11 29 116222 0.9092591599586023
11 16 25 3 90872 0.9292527175953286
2 0 25 21 121210 0.9156434940384638
3 5 25 25 138965 0.9262357251485063
16 14 26 8 68973 1.0580432846259544
27 8 18 15 56742 0.9356351043882507
29 12 14 12 70766 1.0389357461796083
25 28 2 25 85111 1.0355918908904247
29 23 8 10 111411 1.0064119202688369
3 17 27 14 106169 1.0071345926062842
9 18 3 9 56753 1.0666114216337874
16 2 29 22 112572 0.9359544636331916
22 24 20 6 95340 0.9023799472364235
0 10 8 20 63522 1.0551480732978171
21 27 15 18 54142 0.9452725285024005
22 7 23 28 106551 0.9076609678407329
7 2 27 19 111811 1.004431213754715
7 13 25 11 79891 1.0202549451136047
11 16 25 5 82697 1.0676347671467181
6 24 7 11 61576 0.9259305665328006
19 2 1 26 133346 1.0993060664376548
4 22 23 20 94039 1.036804618039886
28 29 2 23 108787 0.9372741436442265
27 19 16 8 74036 0.9014491831268404
22 21 19 13 53016 0.9617035462381271
22 20 6 16 77541 0.9710304652641767
14 13 28 3 80569 1.089014174676907
8 26 7 6 76216 1.0666169264063834
18 2 5 12 73997 1.015772118715363
5 0 9 23 96639 0.9497002454206218
0 3 9 9 52326 0.9417426698331608
14 20 8 13 47464 1.011025703184573
28 18 8 24 96896 1.0221516751348763
4 0 5 28 119642 1.0715023801859773
14 3 3 12 68007 0.9080246953132195
12 24 20 10 78227 0.9115736658101006
14 23 24 10 86203 1.05057094653375
5 25 4 15 49882 1.00987262386119
29 11 0 9 129214 0.9076484148569463
24 3 12 10 71811 0.910172648044068
27 9 7 22 114653 1.0316764353771735
23 7 9 16 82200 0.9608544093922187
14 4 7 28 106292 0.9751285166127944
15 3 27 10 67402 0.9404267743816473
11 24 27 7 120879 1.0750961787607058
29 1 15 2 46652 1.0232750564738247
5 16 1 10 42039 0.9450251679323802
11 0 15 29 97099 0.9429337752524443
0 20 25 20 111159 0.9877757720927063
15 16 1 5 78494 0.9528002515657148
22 19 3 19 82413 1.0082836901158736
25 9 1 7 111504 1.015168772403328
1 5 23 16 110597 0.9179214251937281
13 7 27 12 85233 1.052108317213847
29 11 16 3 73858 0.9591834627601412
27 22 22 10 69739 1.0410579319078983
27 16 13 5 85206 1.0055924765465778
12 3 2 24 113133 1.0623172174006963
11 9 29 25 114922 1.0762338722871145
12 23 18 14 56528 1.0497382909046349
7 7 20 15 75111 1.0108215950903154
20 12 7 3 74715 1.0178877056704105
27 0 8 23 125130 0.9499877582571407
5 6 14 25 98152 0.9921366221432729
29 6 25 13 37322 1.0180180090916755
11 13 16 5 39538 1.0412645398523395
3 1 15 27 100558 1.0604771892294127
21 1 13 25 100612 1.0686530871556468
8 24 26 0 124538 0.9701282145230946
4 28 25 28 80215 1.0031730188691528
20 15 26 25 59413 1.0071497950268216
7 20 21 29 74988 1.0776100393086834
22 8 6 9 80952 1.0345753611424031
20 19 26 23 39826 1.0701546168948495
27 27 18 10 99443 0.9854850503161672
15 3 4 9 53652 1.0156817415433153
13 18 4 13 47579 1.0403200794745253
15 26 3 0 104770 1.0904489119775802
10 12 29 5 89754 1.0454196981117625
8 10 18 11 38387 1.0632309546007561
9 26 7 16 37758 1.0701160370208453
14 17 14 0 52661 0.9756246043255538
12 13 2 18 53718 0.9737439875997892
17 27 9 8 87681 1.0881273472736355
27 7 0 23 152801 1.0164272962904104
6 26 13 17 53538 1.03801957818999
15 3 25 19 79178 0.9282452845277744
27 6 13 14 73465 0.9413441471851588
0 14 24 25 128367 0.9844287002559116
21 23 25 5 94712 0.9755967361443071
12 1 23 25 115652 1.0013536824583167
26 23 6 4 134714 0.9574288770212723
26 27 15 5 110545 0.9019721162251673
2 1 25 7 79789 1.0818282798178716
19 28 3 12 102433 1.0867083081879296
4 2 13 11 60928 0.9620086588538312
1 10 12 22 87871 0.9801288557987454
7 17 19 7 72001 0.9139320321135874
0 23 23 3 147751 0.9559635133093147
21 22 9 23 66636 0.9095553307882386
8 14 12 21 44371 0.9208011858231857
27 20 11 20 72296 0.9484939960092749
17 29 10 5 101256 1.0186340265308758
19 18 25 14 41642 0.9179093048893197
27 27 21 21 53537 1.0454420623736054
24 21 18 28 51825 0.9972010901802402
29 21 15 17 58820 1.0143960222188735
26 17 7 17 84126 1.0859247277888988
6 5 12 24 96638 1.073240492865229
22 24 17 18 48314 1.0887144347991315
7 9 27 29 132610 1.0919913951626816
15 12 6 24 71890 0.9011699859192908
25 23 15 23 53672 1.0795573548456256
1 6 9 11 40607 1.0216557963400217
14 16 27 12 63326 0.9489302465174343
2 7 28 22 129356 0.9633692185348646
9 14 1 28 73918 0.9484778318728784
19 5 0 20 117358 0.9025106065540772
22 26 29 22 41293 0.9522414353821155
0 6 3 13 43578 0.9407806266307973
3 6 20 18 95662 1.0110130589963386
22 0 24 28 126859 0.9749040751411439
9 14 16 21 52064 0.9026197178198055
19 12 11 23 68217 0.9313202570385755
4 13 24 14 77782 1.076804157489591
6 4 18 27 118323 0.9357221629471256
3 21 7 12 63957 0.977553549897938
4 8 17 24 90742 0.9278047397216352
19 20 27 13 58194 1.0163928070050647
0 28 11 13 86826 1.0638250617182683
27 24 8 19 94976 1.0078965326387574
2 0 26 21 126417 1.0736160369926113
25 15 11 0 91336 0.9622315297970658
22 28 10 21 61107 1.0748141799368163
5 21 21 4 116197 1.0333048892165395
3 19 24 23 108668 0.9847453346354911
1 2 26 27 155328 1.041032731480034
4 18 13 15 44026 1.0533589363885145
20 26 29 5 103579 1.0996097557581352
20 13 0 24 118128 0.95340877537421
25 14 23 28 69603 0.9680569044197489
15 27 16 14 45772 0.9665181175912132
0 7 28 8 124036 1.0178507701285944
20 8 25 13 50659 0.9104691483092093
10 8 11 22 60692 0.9096773988648845
22 3 21 26 117109 0.9068642039165971
6 25 29 19 104446 0.9725062625738021
18 2 5 6 53747 1.0843499891093018
23 24 7 8 112218 0.9945086107273866
14 18 0 8 75435 1.0490366368178217
25 6 18 22 94006 1.0422836919604024
10 18 29 11 87158 0.9656984972614142
8 9 14 18 53217 1.0603093653433566
28 25 19 15 72757 0.9467303495735064
16 24 4 8 85255 0.9394441269583964
22 27 17 15 75847 1.094463967653546
11 20 2 2 96974 1.0875431882697435
10 8 28 29 127200 0.9891891603689741
25 29 19 23 47534 0.9778908531620413
25 19 12 4 90317 0.9406608096407516
1 2 6 19 93857 1.0929258288839188
14 5 6 24 98558 1.0024331907137911
20 14 0 23 109018 0.9147011437324089
24 1 5 5 66706 0.9443244344620253
26 13 27 4 43288 0.9457755804282673
28 25 1 12 133742 0.9388113270930843
22 10 29 20 62423 1.0608625720395335
27 26 14 25 61535 1.034097992746826
7 10 8 28 67234 0.934066159034926
6 13 21 14 61477 0.9585177691847339
19 17 24 9 56851 1.0348284138740782
21 15 8 16 50481 1.0463939195629717
2 11 26 29 135946 1.0635852025552053
3 22 14 3 107463 0.9746290525498538
3 20 11 14 55827 0.9289030377523573
2 22 24 28 93132 1.0507010540936863
27 5 3 9 101791 1.020500708649201
13 13 23 19 51125 0.9541358154112544
13 0 19 7 39160 0.9270899763400888
24 19 4 16 86160 1.0579042141519581
3 8 21 10 75518 1.0441410336448191
9 1 28 5 68409 0.9819175341312918
3 16 28 14 101436 0.9261673397265336
3 28 11 20 53961 0.9632254337132108
2 8 0 18 54438 0.9386302617790971
5 13 13 18 46332 1.013158642490378
8 24 26 21 95287 1.0775210013600949
18 16 25 25 62819 1.0277321640644956
16 27 9 12 74253 0.916961959074115
4 13 27 22 101974 1.0946104616080659
10 11 12 22 54292 0.944256783328683
20 17 24 7 65092 0.9032594663065923
1 19 19 28 95085 0.9142358585428008
25 27 6 18 92528 1.0544082622422253
21 0 5 7 62685 0.9407318852854905
15 21 23 28 45372 0.9165259379543866
18 7 3 15 76577 1.0687989290038151
28 20 15 23 67719 0.9523230829333384
22 4 17 21 83359 0.9990334802026806
3 1 17 8 51741 0.9287489172598388
28 2 4 27 159228 0.9067092675904183
3 24 7 12 70168 0.9667639109576944
26 20 0 14 109375 1.0265441528266392
22 5 22 22 93512 0.9947708738535346
16 9 11 2 40746 0.9461057579204977
18 25 8 22 55354 1.0390381986970216
14 3 26 24 107288 1.0194397398810437
14 0 11 7 35119 1.0232574691232115
23 20 19 12 53769 1.0379449261640155
19 21 26 8 81615 0.9947051531027832
23 12 6 23 106275 1.0300076792266333
25 11 19 18 57216 1.004080287515861
25 9 7 26 123738 0.9524771658642425
6 10 19 17 71693 1.0117781518380968
22 5 11 25 102574 0.9948973572644312
12 23 22 24 54474 1.0836870621570902
4 7 0 17 56598 0.9837018192193567
19 4 5 15 82410 0.9469101309321735
26 26 20 21 47716 1.0196755741708368
26 25 24 4 99173 0.9210156644400159
24 24 10 0 119737 0.9069658588421793
13 21 15 7 54246 0.9222459273817544
10 19 2 21 55576 1.0559042007859825
21 5 25 17 68804 0.9367458840702888
1 22 10 8 90084 1.0891110712651457
17 26 28 18 71574 0.994222962765466
16 9 4 2 54205 1.0915634183382967
7 16 18 10 53861 0.9672935028161969
4 15 17 25 84881 1.0420030827479296
1 24 21 10 124341 0.9143636980712495
8 8 8 25 56849 0.9513107629844321
19 4 1 5 73214 0.9345686457290383
13 6 11 21 74659 1.0175045913868912
6 0 10 22 94088 1.093599910910883
3 27 19 16 93935 1.0252101888506169
25 14 2 2 114097 1.0163932162942346
1 6 21 5 84320 1.0198783622245808
21 7 29 29 114970 0.9411791928055205
20 14 6 24 90255 1.0660144920885735
26 26 15 0 117253 0.9768322436775829
0 24 27 14 139261 0.9412481836097375
20 9 3 28 120509 0.9201376303725566
5 19 4 1 88736 1.0326901168828848
25 14 16 28 84585 1.0063214205245457
9 26 29 3 140880 0.9036177845097613
18 1 20 14 53345 0.9128123828498457
28 25 17 20 67815 1.0873819406747067
24 18 8 26 88654 1.095206161646632
22 21 15 4 82434 0.9889650262263724
2 12 28 5 116459 0.9952688311642158
16 19 7 28 65702 1.018630319142055
10 29 13 6 101030 0.9668204492232519
23 10 20 29 103394 0.9342585174259315
3 4 13 6 51923 0.9058875796267595
4 29 16 10 98994 1.0961404775997194
9 16 0 20 52693 1.05336870198123
29 18 23 24 45971 1.0198298040021665
16 8 28 27 111617 1.0124490823167454
12 26 20 18 59097 0.9625154922540303
20 2 21 26 115002 1.0864870150935895
0 23 4 5 92433 0.9472832458753174
24 25 3 7 132052 0.9413920472039303
19 27 18 0 107230 0.9327054147644726
19 3 22 19 77987 0.960670274378989
0 11 13 1 66565 0.9297039188975812
2 19 27 28 120613 0.9615708413574962
3 21 27 19 109117 1.096611895674843
7 14 26 14 86020 0.9650907680096705
26 10 3 17 119493 0.9777025245671573
12 24 24 24 65435 0.9946498541395219
23 2 28 19 77705 0.9347239640162517
21 2 3 22 130536 1.0853220489229178
25 19 4 27 102583 1.0094010373429954
24 11 1 25 138752 0.9639149962228408
5 4 12 11 51840 1.0844767481740527
23 19 7 14 76292 0.9536819085579187
9 27 8 3 90109 1.083025014644551
24 13 7 27 106285 0.9029728435783623
24 4 6 25 129934 0.9115601303080102
7 0 21 15 86033 1.0633349925551419
5 12 7 21 51392 1.0675162889347605
26 17 20 5 68377 1.0158358839470458
13 28 17 13 58541 1.002571252291403
12 5 14 21 66290 1.0662432886686333
3 3 1 23 102034 1.059253928326636
18 1 4 2 35948 0.9054103833467129
17 11 1 25 100573 1.0678892724408322
18 17 21 24 45149 1.064742774763788
3 10 25 16 104902 0.9242365631070704
12 14 18 20 44315 1.0234483005550026
29 26 12 19 97236 0.9008705838741348
6 24 23 28 69456 1.026845121961783
9 27 2 18 56068 0.933174124643203
5 15 4 4 49856 0.9253580217762984
6 29 14 9 93819 0.97244326708735
24 7 12 9 70257 1.002334571324834
27 17 18 20 42868 0.9872328939447051
13 28 15 14 49463 1.0341785692007972
19 23 14 3 84378 0.9658621257675375
29 3 20 5 39755 1.0496764205595042
19 4 0 0 58729 0.9475400717717168
8 24 29 8 118287 0.9629662223316721
28 10 12 28 108530 1.0016638807634457
8 18 26 14 82259 0.9462750133216767
22 12 19 5 46856 1.0722777624050002
4 18 21 15 72319 1.065241984670909
6 27 29 18 110155 0.9769716108160549
8 5 11 12 36646 0.9362621816932785
11 28 23 11 102070 0.9399184780048411
9 18 8 8 42142 1.0640322021994337
14 18 27 11 72425 0.969185319181425
10 1 20 12 61245 0.9116220385478236
16 13 13 4 38786 1.0338449414756579
27 10 8 13 89260 1.0074143802079596
4 19 1 6 68372 0.9942718031945955
11 7 25 9 81069 0.9830431673088843
8 5 14 10 44772 0.9290157207163189
18 21 17 3 73610 0.9510089995542739
7 2 29 4 76048 1.0501003121029548
20 14 17 4 44949 1.089208576275371
26 24 5 27 90296 0.9793262464983927
7 14 29 26 124239 1.03393382738174
3 10 15 10 55915 1.0472341165398331
10 29 14 14 66585 0.9172864015849461
9 25 25 4 123653 1.0872646465817597
3 15 25 11 105601 1.0136858947548482
10 25 21 25 54777 0.9634981705862412
26 3 28 26 97570 0.9814863131623872
20 28 5 5 123028 0.9717294885139256
16 1 29 25 125877 0.9649149251432667
16 4 16 21 61289 1.0023977295689266
13 29 10 10 80414 1.0370572056546958
22 6 17 0 36301 1.0857078163554854
13 12 23 13 47752 1.0370042209833765
27 10 22 1 52630 1.0799727379337178
21 13 2 22 106649 0.9613699004862691
7 17 21 24 83717 1.0956095381499689
3 20 6 5 80109 1.0645395967957278
12 0 29 7 75490 1.0536568584451862
10 28 16 14 67589 0.9289121555177153
21 14 10 29 90366 1.0240517031645289
17 16 26 27 79086 1.0959128842625006
1 11 10 1 59010 1.0112350126245604
4 6 28 29 150449 0.9596621843176247
25 21 8 14 83807 1.0188661060633626
8 22 10 1 76052 1.0047567361298473
20 14 27 21 54093 0.9480332904888313
7 12 17 12 42133 0.9246132551296996
0 19 28 3 153138 0.9908020915207301
15 10 25 10 50993 1.0328400118976901
12 6 26 13 89340 0.9502397504209401
13 18 3 21 55312 1.0093277002747263
24 6 13 6 49201 1.0638619561668972
21 25 16 15 63609 0.9533762129951666
21 6 28 9 32209 1.001079077637857
3 13 21 24 101027 1.0528905779593447
13 13 26 23 79712 1.021605294543035
27 8 16 28 107893 0.9638246920928435
28 12 6 13 90696 0.9193383591487206
13 23 9 14 57400 1.0393309465267386
17 21 1 20 83791 0.995520593234483
0 25 11 7 111916 0.9815239637502018
7 13 19 9 51874 1.037152563437586
4 13 20 22 85497 1.0904972158404833
16 28 8 8 86735 1.024038079930103
7 11 0 19 63208 0.9389459168749618
24 17 7 10 87778 0.9778302908116538
4 14 9 1 64103 1.010687564062232
8 3 8 28 87448 1.0139850726282238
0 4 26 11 121668 0.9564244531181705
0 3 5 8 36117 1.0612864242721813
0 14 17 19 76357 0.9694165486312196
19 22 6 26 62249 0.9866790313282973
8 13 26 1 89853 1.0650492134598206
15 20 23 11 63212 1.0411166008644646
12 22 2 29 61786 1.081565303150722
17 2 22 26 109333 1.0529779474629428
9 10 3 16 46694 1.0187424367838829
15 14 13 5 34574 1.0135654864321193
13 11 24 12 49849 0.924108793142693
8 23 2 2 90949 1.015858412857264
15 20 7 22 49039 1.0287218155503448
19 17 9 6 77875 0.987505853246564
21 28 20 4 108808 1.089834752943526
9 27 19 23 55793 0.9445128910170199
27 7 27 22 52647 1.0157761523338045
20 7 7 19 83428 1.0724706337541425
10 1 15 15 49161 0.9016582253680855
2 13 21 2 96434 0.9623491158098534
28 0 18 22 108448 1.0749752494038982
14 13 22 17 48045 0.9548879674947746
28 8 5 5 99903 0.9977419107262029
8 16 5 28 47953 0.9687399484733518
6 11 16 21 68156 1.095244943033075
26 10 20 18 59693 0.9869973718037437
11 0 2 22 111500 0.9790654758228914
6 26 0 4 109266 0.9900730010317896
16 21 26 12 82261 0.9811800126084638
29 2 24 19 69364 1.017215928034257
1 14 17 7 69637 1.0235307079040914
11 18 8 6 55869 1.0771473348240228
16 16 11 28 55686 0.9386112303089414
0 27 7 4 111900 1.0722616289166575
29 19 20 21 38335 0.9519599928867013
10 6 13 28 93512 1.068048699422827
26 10 25 25 67492 0.9366334205053636
25 14 5 29 118037 0.9211337924454763
26 5 17 17 76883 1.0412985670490196
22 17 13 25 65593 1.077680429216641
25 9 2 10 105789 1.0911553958518485
12 22 5 26 37286 0.953144696833224
14 10 10 0 44232 1.038163816700003
7 24 7 4 82012 1.016771563277216
10 17 8 27 40800 1.036333125326589
5 0 9 9 47475 0.9780359231090914
8 15 20 4 76043 1.0698092560135817
24 1 6 22 124210 1.0966552970516894
21 22 9 13 73346 0.9422783878344518
8 15 25 14 71041 1.0873859674422721
6 21 23 13 96378 0.925804562455816
21 20 2 6 106938 0.9491991173615234
24 21 8 15 80153 0.9971498792630739
23 10 2 18 109512 1.0267982568216487
2 19 8 11 56130 0.916821389287666
19 7 27 13 58526 0.9755629732086079
3 11 0 25 80494 1.0902000056802237
18 27 27 19 66289 1.0378683016788985
4 15 11 21 49403 0.9941171234104708
21 2 4 6 71076 0.9809449340862899
25 0 24 12 64195 0.9007131019903462
0 19 12 4 104279 1.006180361988621
2 21 14 15 74607 1.0289143902139135
11 9 18 27 82282 0.9858312422276723
28 18 6 14 99597 1.020542567035878
11 20 23 2 102073 0.9035624071726398
12 27 14 0 91261 1.0536164846370637
21 6 8 12 68910 0.9502140203658441
29 20 22 6 65964 0.9877323383018416
14 22 28 26 75174 1.052609457322422
1 12 12 25 81510 1.0570168590127642
9 27 2 1 111951 1.0292563825930436
11 5 8 23 72091 0.9017231757937083
29 28 20 7 116792 1.025438081899971
0 14 12 10 53766 0.9313329191217984
25 1 6 29 145297 0.9518037444512926
7 24 17 3 99620 1.0371578114427138
19 18 13 6 60169 1.0713585380053785
25 5 6 1 64251 0.9742487506219215
15 12 26 15 49364 0.9878098667064957
6 5 20 3 56875 0.9527956875802027
17 15 0 12 67712 1.0495754846553156
14 5 29 18 91339 1.0050179418476834
7 28 24 19 97113 0.9188452146079881
16 20 20 1 79186 1.0148283568181264
22 14 15 25 62079 1.015423471678691
11 15 28 20 71634 0.9838518550047896
8 10 20 6 60768 0.9081885922038913
19 25 3 22 82832 0.9284711654656037
9 29 23 25 74685 1.0122081173399868
25 12 6 19 101027 0.9243440700341204
23 24 14 18 62463 0.94134795449941
2 6 22 2 84031 1.0794327001194082
26 9 13 4 71981 1.076802078931715
23 16 28 11 29994 0.9635054193459044
0 27 22 10 132573 0.967100426092633
24 27 21 1 128157 1.0268664713576576
12 29 22 22 68360 1.0043779099053294
20 6 1 19 107582 1.0938847457416596
8 7 24 4 73032 0.9329615007734197
8 29 10 9 77806 0.9139559946637846
24 26 6 28 74119 1.046745405119385
8 18 0 6 67490 1.0221015671436282
5 2 6 28 104502 1.0807804076126082
8 0 4 20 96985 1.05956679237926
4 1 23 13 87213 0.95319593078085
29 14 4 5 122695 0.9935945045921261
0 17 5 24 53114 1.015566381781755
29 18 12 9 88781 1.0559564888486506
13 14 21 7 54619 0.9661141926952863
3 2 25 20 118716 1.049405899364082
25 25 26 10 67492 1.0878642369879763
27 20 2 2 125602 0.9024552085931395
22 14 13 17 44264 0.9707200234113573
10 4 22 3 50407 0.9440671801153968
29 14 25 7 35386 0.9854066320259116
11 19 4 27 49107 0.9247396788054646
17 12 16 22 42143 1.0887437073354844
19 29 16 19 53337 0.9027651473630396
18 24 23 12 77758 0.9644902116075017
1 29 19 29 83468 1.0175202168430886
17 11 12 16 29171 1.0961052402000035
1 14 13 0 80909 1.01850777604674
10 9 28 7 89856 0.9876310704065574
22 8 29 0 54489 1.0013965420733781
20 29 27 14 84291 0.9456841104282652
16 21 28 21 62243 0.9698561236848265
5 10 15 14 50074 1.024466545166218
27 6 9 12 84900 1.0246701283576658
24 5 17 16 62483 1.0585408362572546
16 19 10 13 38836 1.0985789261306012
20 15 9 25 75434 1.0454084084774944
24 7 20 18 66683 1.0731466546365676
21 0 4 28 134755 0.9104585206664187
28 16 18 14 45657 0.9938004386185127
29 12 3 18 111245 1.0189812896669546
20 5 29 16 62076 0.9584941805236958
20 21 4 19 80004 1.0356799008818758
21 14 11 1 70345 1.0386064728647944
6 13 18 27 86024 0.9470952048433232
22 13 19 20 45456 0.9297798281550919
8 5 20 28 112086 0.917757319953605
7 12 17 27 81891 1.0924223210619204
28 20 3 3 129145 1.032838527866579
28 17 6 17 93401 1.0243431753594285
22 20 4 17 81965 0.9854108722967982
7 14 27 16 85520 1.0797024492881355
26 26 16 20 68286 0.934470511994507
26 21 13 10 78851 0.9106194506579349
14 21 0 24 75951 0.9849054232610651
13 29 13 16 54638 0.9336502902847513
20 25 5 27 66208 1.0448499191298157
5 5 16 29 112912 0.9688519056890043
29 4 26 27 94570 0.9685313181225467
6 23 11 15 47984 0.9766241125133841
5 6 17 27 107340 0.938439265322137
17 26 28 17 77684 1.0025823612250233
19 8 6 6 63522 1.0178433534299731
2 17 17 2 103416 1.0353955377147286
23 28 23 11 84693 1.0060623825401258
4 13 29 28 127390 1.0082292255998717
24 5 2 10 94401 0.9682944043890892
3 28 7 7 96474 1.0189224429616597
11 0 25 14 95702 1.0469729382058692
14 7 1 17 85805 1.064448907732446
19 25 0 0 124864 1.0423584588382264
26 28 9 6 129773 1.096026618372477
6 25 20 8 102471 1.052881706160596
26 19 7 8 94054 1.044537244734409
10 3 9 24 81588 0.9740401632633009
21 2 0 20 136939 1.088378105607194
4 27 7 11 73278 1.071066781336019
13 9 18 22 62871 0.9874173353041015
9 19 22 8 84877 1.0122020437574406
5 25 16 20 63922 1.07604978748007
5 17 23 3 109805 1.0466017485855779
20 10 10 28 91598 1.0900922885677273
11 9 0 1 53848 1.048307570150245
27 17 17 16 48238 1.0094417789473624
15 25 10 7 73688 0.9509185427379836
29 7 13 9 80918 0.9744015722636032
3 3 28 3 80532 1.0337904439611096
17 25 25 0 109587 0.9261135645553851
29 5 26 16 39515 0.9571424471405071
7 3 29 3 74626 1.0257152198232187
22 8 7 21 98598 1.080489532440014
11 15 27 9 78732 1.041535784416445
21 9 2 11 80623 0.9341566578913167
28 21 17 2 104429 1.0019462855746233
4 24 23 17 100377 0.9565840167995624
14 11 29 20 70795 1.0706115102480456
21 16 10 15 46812 1.083330366872074
17 28 24 6 104286 0.9154609723723958
17 16 21 28 63695 0.9856207682923707
3 0 21 26 129141 0.9455481021337716
11 2 5 17 77166 0.9240411695695916
14 8 4 24 95048 0.9600086115802635
1 11 16 18 69527 0.9128208443321794
3 17 7 3 74144 1.0006677377015527
12 4 5 16 76399 0.9243972715660843
4 15 28 21 109507 0.9168440868846041
27 9 7 8 99185 1.0740961664977275
0 16 25 22 115952 1.0633331857383304
25 17 5 2 110736 0.9364995882786948
27 24 25 9 68744 1.007735139791382
6 14 18 16 56954 0.9239811381017774
21 8 0 6 99104 1.0359372529336976
14 16 21 7 52113 1.0370234017609423
24 11 16 0 67856 1.0571728826030538
6 23 11 17 43134 0.9867506082168606
29 28 0 13 139385 0.9975938312492783
4 26 26 15 110590 1.0235742256542373
17 28 24 20 58034 0.9530409358230032
24 26 4 4 142404 0.9782442458892306
28 7 15 11 64833 1.0742339573273914
15 23 2 28 62744 0.9517197783322613
25 27 10 17 88981 0.9601225673646584
16 20 17 29 40876 0.9090808914551205
1 14 19 2 95453 1.0621371923166314
20 4 11 3 43358 1.0029478496864666
26 0 3 17 122672 0.9259289483539351
21 3 3 26 128836 1.0635626750681506
22 21 15 5 77997 1.092801792340879
16 0 3 24 121860 0.9453426217925054
23 22 25 14 45015 1.0274397379835472
20 8 9 26 93926 0.9297981596170461
8 11 17 22 66668 0.9579549908688592
23 17 11 8 77074 0.9266814932210302
