5166 2656 4440 2005 2458 1993 3520 4263 1920 1679 3553 2297 2051 4580 1613 2460 3587 3529 5110 2402 3826 2981 2327 4065 1743 2322 2967 4363 4482
8735 6978 7417 7710 6868 6103 5705 8232 8409 5461 7432 7787 8422 5812 6157 7145 5311 6180 7845 7081 7042 6549 5789 5434 8628 7631 8067 5408 6222
2193 3102 3505 4764 2605 4504 2269 3606 4809 4928 4477 4088 2811 4556 5191 3020 3213 4082 4450 2667 4824 2108 5714 5207 4062 2355 3315 3612 3161
2304 2638 3482 3885 2844 3308 5282 4990 4565 5449 2174 2790 5586 3146 2201 5788 5166 4062 5551 4070 3126 5068 2524 5615 3255 3541 3338 3540 2595
4483 3091 3163 1736 2507 3060 2031 2502 3414 4781 5042 3854 5018 1860 3896 1796 3822 1473 4150 1987 3009 4216 1586 4502 4150 1504 2285 2282 4271
5268 6507 4826 7476 5201 7039 6202 4584 4102 7044 5950 3954 5431 4349 6700 5132 4282 6261 7430 6230 4111 4698 5261 4237 6544 6446 6627 4861 5470
7191 8233 5500 7068 6996 5138 5204 7719 8279 6541 6545 8506 7462 5489 7607 8401 5550 6111 7585 5668 6685 8189 8606 5779 5447 6351 8085 7755 7172
7979 7009 7759 7573 7617 4818 6711 6267 5558 5988 7872 6029 5157 6663 5899 5957 6419 7062 7094 6865 4837 7011 7787 6767 5502 5020 8092 5528 4903
3872 3932 5032 3993 4359 4011 6508 6947 6787 5604 6153 6234 4643 5860 6191 5180 6107 7285 5322 7332 7136 4250 6724 5301 7232 5651 4693 5439 4409
5434 5211 7975 4930 7456 7597 6821 5169 7231 5227 4598 7548 4847 5390 5205 6041 7490 4792 7191 6784 4888 6730 5720 4785 5310 6629 6790 6618 6334
7435 7388 6201 7008 5797 5504 6606 4771 6243 4622 5389 5220 7111 7875 5422 6662 6751 5184 5542 7054 7825 6579 5476 7490 7546 5684 7227 6609 6219
8192 5491 6901 7513 6430 8321 5453 6674 6291 8061 5514 7061 7968 6595 7850 5386 6489 7620 6580 7564 6675 7574 8257 7455 6356 8282 7373 7573 7736
6069 3944 4514 4143 4556 3159 3648 2835 3364 3524 4183 3632 5896 3730 3462 3053 2875 4436 2885 5113 5210 4927 3648 5252 4128 5583 4764 3045 3976
8215 7153 5561 6772 7543 5576 7632 7816 4735 5153 5889 6561 6445 5971 6238 5625 8058 8057 6687 6631 5033 5559 7125 6077 6222 6890 5149 7881 7932
4098 5586 4198 4287 5342 6090 4938 6106 4744 6516 6435 3718 5180 6541 4020 5527 5548 5888 4655 4865 6174 4218 5634 4062 4263 6712 4271 4126 4105
4698 3482 2051 3446 3856 3259 1436 3654 3798 2297 4188 1967 2542 1450 1622 4033 3470 2229 2573 3764 3047 3894 1555 4041 1105 2688 1140 1215 3269
6956 5489 6894 4179 3943 5552 6593 4657 5933 5298 6357 4625 4745 4985 3441 6205 4843 6367 4225 3787 5955 6746 6676 6178 3460 5211 4928 3698 3980
4224 4138 5099 5513 3822 5748 3596 4468 4057 3650 4874 6488 5650 5972 5023 5223 5333 5880 4313 3146 5074 3746 3119 3293 3946 6087 5729 6196 4849
2294 3273 4787 3235 1710 3184 1786 2204 1831 2785 2916 3003 3853 2706 2891 3701 3944 2449 3749 2117 3892 5063 2026 3475 4411 4817 2615 3036 3076
3022 3351 3196 5341 5164 3763 2753 6026 3972 4655 4712 6048 5930 5878 4619 4050 3850 2626 3681 5780 3001 3091 4681 3130 4037 3759 3161 3762 6126
6692 6519 5094 5967 4894 6869 4601 3463 4035 6311 6636 5211 5511 3905 6398 6637 4404 6857 4495 6635 3902 4266 5788 3930 5012 5518 4442 4749 3616
4895 6713 4187 5503 6643 3900 6293 4380 4780 5470 5553 6559 6272 5164 5903 3866 3908 3588 5872 4038 3245 5766 5832 4519 4010 3638 6769 4176 5186
7896 4891 6487 7046 5879 7222 6775 5930 6507 5193 5562 5136 8187 5868 6684 6629 4716 5357 7744 6061 5272 7645 6435 7445 6391 4627 6473 5357 5813
3090 3403 2885 1476 1655 1429 2723 1945 3119 2890 4435 3493 1794 4752 2672 1442 3079 3662 1084 1244 3617 2044 1314 4530 3963 4509 3662 1634 1341
4536 5504 5201 4611 7104 6948 6231 5397 4918 7114 4934 4909 5451 5201 6246 4193 4501 4518 5587 4003 5375 4615 4773 6470 4350 5769 6812 6928 7057
5671 6047 5896 7696 8434 6339 5912 7130 7377 7611 5169 6187 6354 5547 5693 6602 6666 6958 8350 7319 6516 5306 5417 7017 6351 7867 5085 8186 5988
5039 3811 4532 2010 5042 4838 2317 1722 3439 3600 2488 1810 4371 3910 4302 4750 2828 3157 2147 1894 2897 2252 3518 3820 3908 4616 4226 3714 3050
5747 5677 4062 4409 4667 4723 5582 3544 2497 6048 5168 6053 2615 4676 2576 5104 2568 3062 4202 3117 2866 3972 4867 3177 4512 5989 3251 4610 2624
3336 5489 4345 3659 2835 2984 5108 4700 5105 5187 6011 5358 5357 5643 3238 4609 3288 4576 2647 5629 3126 4108 4000 4552 3879 4194 4912 4241 4711
4750 4899 5666 5477 5764 4602 5565 5824 6570 5948 6574 4927 5946 5364 7940 4819 6824 6563 7211 8143 7644 7659 4494 7537 5561 5397 5529 7681 8137
1415 1791 2769 2861 4957 3183 6666 5518 5471 5019 4276 2550 5828 2365 5384 8536 3131 6172 7217 4780 5282 6310 8060 7210 4513 5824 5017 5299 4540 1923
2302 1808 4996 1974 5037 4057 5673 2673 8199 4819 5938 4432 5528 5693 5146 7540 3125 7441 4570 3104 3612 6391 6549 5754 6217 6156 6658 4462 1522 3001
4077 4201 3158 4586 3878 2959 5332 3116 6624 4911 6552 5478 2652 4726 7300 5132 3204 6761 4486 3306 4046 6745 7280 7484 4639 6309 4687 6601 4781 4252
2445 3361 3767 4059 3583 5259 4719 3975 7546 6069 5118 5802 2286 2040 5187 6415 4670 5392 6498 1946 5237 5463 5765 6922 4878 6867 4620 4408 4622 4361
1625 3740 4739 3448 5165 4270 4925 1971 6162 3666 3520 3392 4709 3584 5727 6448 4925 5743 7627 2000 5829 4230 7206 5270 5594 5617 6302 6709 2371 2042
1993 4272 2718 4123 2965 4610 4582 5508 5685 5574 6352 3702 5245 5078 5523 5154 3459 7545 5360 3685 5801 5414 5288 6471 3977 5524 3488 6598 2919 4997
1494 4106 6021 4248 3161 3939 6839 3421 7313 6624 3665 2328 3134 5517 4095 8043 3044 7887 7258 4382 6760 7454 4859 5789 5574 8062 5753 7177 4928 1554
4106 3718 3320 4979 2394 4374 6351 5498 7129 6052 5649 3701 5427 2653 5585 7987 4892 6906 4789 1739 6682 6450 4627 7148 6624 8075 4944 7119 3171 3495
3126 3690 6004 2646 5444 2894 4239 4651 8101 4486 3340 4027 4724 3495 7436 5462 5709 5036 7717 3040 3324 4266 5510 7945 4956 6424 5134 6027 3000 2789
4320 4678 5211 2912 4906 3262 5442 3116 8674 5840 5056 4030 2477 2841 4367 5193 4411 4639 6379 4236 3472 7140 6380 7665 6906 7313 3574 4387 3070 3304
3509 3943 4220 3969 3743 2493 3431 3727 8205 4579 5231 5815 4355 2067 6103 7247 5717 6356 5634 3159 6022 4502 5180 7842 4772 6851 5166 4575 4780 4963
1619 1697 5709 3434 3998 3437 6900 4620 8061 3304 4045 5155 5066 2390 5353 7442 5825 6128 6504 1783 4709 4278 5916 6277 4375 7207 5329 6297 1922 4591
2243 2746 2370 4857 2686 5547 4207 5318 7394 3577 4249 5390 4170 4497 4540 6051 4188 5406 7154 1725 3953 7023 6334 8288 5759 6742 4816 3875 2819 2994
1813 4897 3279 3252 3994 3571 3918 3214 7423 6630 5443 5155 4651 4013 5859 7390 2740 7401 5165 4837 3864 6044 4749 5380 4932 5645 4196 6548 2131 3591
2396 4179 5745 2676 3480 2982 5734 2282 6189 4796 4149 3744 4056 3278 7194 7723 3737 7021 4480 5062 4142 4107 7311 6976 4425 7184 4559 5846 4769 4496
3446 3491 5880 4100 4268 5430 3858 4416 5286 6624 6231 3404 5789 2488 4814 8336 4855 4968 4563 3162 4919 6159 5923 8336 5403 8332 5406 5692 4183 2084
2344 2901 4686 4788 5337 4949 5833 3862 7143 5348 6284 4056 4685 2544 3967 8557 5875 6314 4730 4262 5717 6488 8007 8676 5110 5918 6241 3864 3787 5137
2934 1898 5119 3944 2589 3812 5312 5343 7282 6476 3383 5392 5332 4958 6740 7277 3564 4696 7046 1924 5386 6852 7034 6086 6821 5890 5752 5285 4358 3545
3510 4443 3079 2410 4333 4389 3355 4710 7012 4691 4758 4297 3673 2622 6105 6680 5430 7528 7275 3927 4507 6900 7250 7467 6089 5959 6268 6499 3759 2096
2421 4530 4893 3473 4487 3692 4524 2584 8393 5831 5977 3874 5453 4812 6441 7050 4167 5076 4542 4853 5554 6146 8174 6508 5768 5944 5787 4393 3699 3183
1504 1701 3244 1806 5127 4799 3560 4245 6211 3537 3276 4386 2807 3211 4302 8548 3950 4462 5454 1720 6204 5363 7035 8279 3717 7689 4236 3955 4869 2225
2131 1683 2961 3942 4734 2454 6842 3926 5456 4674 3081 3489 2508 2489 4260 8337 2603 5456 6708 3202 4003 5424 5094 6955 6507 6437 5338 4469 1634 3968
1196 4381 5784 4781 3586 5760 6331 5485 7085 3533 6210 3072 3631 4544 7102 6536 2881 7540 4777 1748 5625 5929 8002 7511 6044 6949 4909 4304 3632 2543
2048 3492 4155 1596 2892 5119 4109 4677 7880 5432 6004 4977 5391 4049 5400 6196 2630 7783 5965 3632 6130 5600 5910 7966 5026 5470 6469 4857 2368 4196
2040 2401 2448 2861 4755 3612 4464 4264 5185 5854 5180 3829 4667 2081 7089 5155 4649 6663 4700 4481 6962 6021 7232 5408 5243 6913 5305 5792 5084 3158
1982 1902 2680 1489 3793 3510 6981 4250 6997 6607 5915 3827 4297 4336 4116 6189 2641 6217 7476 5013 4912 6322 5548 5456 6840 7742 7047 7221 1638 2739
3723 5131 3865 4017 3896 5170 6689 3539 8539 3306 5529 2567 3463 3660 3784 6658 4822 7471 5661 2502 4747 6760 6116 5378 5820 8834 5649 6196 1701 4069
4710 3679 4193 2849 3305 2756 4319 3906 5750 5410 6273 2397 2617 5579 4536 6157 2830 5930 4904 1831 5965 6531 4865 8634 6135 8755 3944 4113 1523 3958
1871 3146 4030 3562 2615 3650 6754 3877 8501 4347 3923 3693 5895 4685 5062 7135 4806 5474 5697 4421 4644 4616 5310 6048 4426 8635 4433 6943 3891 1899
22 5 10 7 52361 1.0150075046098372
1 3 11 10 63060 0.9383969171074085
14 7 8 18 65269 1.0807265630054554
11 13 21 17 50921 0.9574620973089266
8 0 27 17 99025 0.98056296489435
28 22 2 24 115585 1.0535474277661336
14 24 23 19 45524 0.9696672084352206
24 0 8 5 59175 0.9504757193015271
14 6 6 28 94032 1.0927700396560425
23 26 16 8 81474 0.9680460715411038
20 16 8 2 86585 0.9398958866076744
29 28 21 14 65800 1.0006014053729044
21 19 9 28 61788 1.0267984345396335
23 2 25 26 77530 0.9633621225591634
9 28 20 16 69539 1.058416261005358
15 26 17 18 31831 1.087132572015159
8 15 22 17 72667 1.0185922766678848
9 11 28 23 105978 0.9576850865545704
23 16 8 22 73119 1.0268102422740442
14 2 28 2 53275 1.0495728516968748
2 25 25 28 88952 1.038907601664171
10 29 22 21 74342 1.086343609872564
12 13 8 22 49313 1.026643933003479
25 6 18 2 33410 1.0578401903143313
1 12 11 17 61115 0.9051660044454872
26 15 28 29 51662 1.034563687230146
13 12 13 29 60431 1.0957010946996055
2 14 29 4 121134 1.0242124204910215
27 18 0 24 109013 1.0042563098105695
29 3 26 20 65053 0.9289930973715155
25 12 2 19 94241 1.0765787849713857
18 28 11 8 85746 0.9184208040975024
17 10 0 9 80660 0.9067846248171424
11 29 4 3 103878 0.9313932822528668
2 12 16 7 69295 1.0834513277508067
1 16 26 13 96098 1.0832977344130257
12 27 21 2 98963 0.9914770167082517
10 7 5 13 48198 1.0939399502138523
26 12 10 2 84908 1.043948775803505
6 3 19 25 112705 1.0254701633939098
3 4 15 3 45007 1.0060747552469076
23 1 21 9 26842 1.031453375767662
3 26 22 24 90630 0.9321020508725162
26 18 4 26 96673 1.0732533609549206
8 10 12 3 42606 0.9587692071962934
26 3 20 20 60901 0.9118385251771047
21 8 21 25 71600 0.9568881542506552
14 18 26 15 54346 0.9671356420629598
3 7 6 23 66808 0.9988137533455073
8 29 26 23 82224 1.042349268565034
28 7 14 14 71653 0.9829898165647735
7 3 12 25 104377 0.9417588553238042
1 21 23 25 95731 1.0394429079211496
11 20 27 0 101330 0.9966868284996291
1 15 25 0 110776 1.0640898398433318
15 21 28 22 61931 1.0899079196053312
13 0 0 13 68659 1.085005160427658
29 21 19 21 51134 1.0643132625247038
16 6 15 19 39117 1.0587594856310476
19 6 5 16 81979 0.9329049006250746
7 14 14 19 47112 1.0145812390993396
12 8 2 16 63650 1.0662381684455995
5 22 16 0 107293 1.0166276403914765
8 17 1 24 55447 1.095605165011728
0 10 29 4 111603 0.9557830523553128
7 29 7 5 97903 1.0611093319276885
22 15 0 29 115323 1.0029891896990932
29 20 27 29 41803 0.9802413560564828
8 6 23 19 91513 1.0514171190610588
23 14 28 27 55011 0.992054477548227
12 9 0 10 60889 0.9816030428213276
24 15 1 20 86625 1.0403953489816893
17 16 2 27 88226 1.0531046566822564
25 16 13 29 73707 1.039755813657723
21 12 3 13 67195 0.9161526491618595
3 4 22 25 132790 0.9696956689640486
27 14 14 29 85259 0.9263459215947013
28 9 1 25 143623 0.9323966031818687
27 13 17 11 42387 1.0601050552880544
26 19 19 4 68335 1.0710509228021894
16 6 29 10 69316 1.0987760906419413
19 28 28 7 92383 0.9643153831459936
21 2 28 8 42414 0.9286815440018352
1 10 8 25 84510 1.0632357493399458
5 19 12 12 48361 0.9941993787753141
9 15 10 3 64236 1.0897149334416325
5 9 0 22 61703 1.0167219494852147
28 10 14 25 93701 0.9997932739006423
5 4 1 23 80690 0.9549349999003829
12 24 1 12 80276 1.0762575865935522
26 16 25 7 34642 1.0472655268759579
24 4 15 26 87958 1.0916552845459286
7 1 12 18 80917 1.0117556894916813
9 4 9 19 76493 1.0279256825938003
1 23 14 17 67448 0.933481993543066
15 12 29 19 64597 0.9956118820628498
20 14 9 14 45805 0.9513514679142149
7 6 15 13 56519 1.0982994274568751
8 24 26 11 110562 1.0140625947467672
19 23 27 19 43704 1.0650444944339565
12 19 6 12 42178 0.9030489835976855
24 23 10 1 104860 0.9501068645348132
9 1 6 10 55683 0.990099743111226
9 7 19 24 85975 0.9319861698163712
18 6 2 26 109654 0.9496587367785994
13 18 16 4 53714 0.9631694650975486
13 7 27 10 67548 0.941826457759546
7 0 6 29 103622 0.9129045588512349
24 1 8 17 104045 1.0036906181080734
18 25 5 8 105255 1.0800928443853899
18 12 27 23 62723 0.9478151211143225
24 4 4 29 129301 0.9636049639148854
28 14 19 28 73595 1.0425187543768533
8 15 23 2 90144 1.0776749917843946
24 29 11 13 84250 1.0080656088002498
17 14 28 5 69119 1.081769846851159
9 2 3 6 37436 0.9011784402036053
22 7 11 1 54861 1.024069103648769
28 19 18 24 49482 0.9153454128278885
3 12 20 14 67094 0.9200619481554638
6 26 19 1 124396 0.9224888952187504
22 12 7 14 60147 1.0777832604310118
9 9 26 28 115502 0.9476359758754
9 24 29 0 134949 1.0158207803214057
10 16 21 22 63376 1.0315091994108148
11 2 29 1 60180 1.0590390929421787
8 27 20 5 104934 1.004810121408886
25 17 5 19 76676 1.0583041035954976
19 11 7 12 51534 0.9396569942778383
13 11 10 20 47355 1.008731128816304
8 25 16 10 88166 1.0167602955706643
14 1 28 11 71269 1.0109853411734417
6 10 20 23 93923 1.0657160323989445
26 12 17 22 60868 1.0848189173974678
14 25 20 13 57391 1.0017915581189683
19 5 27 2 33861 0.9970917677995879
7 8 14 13 52560 0.9854742254465761
13 27 0 6 109706 1.0768522454756542
8 24 14 11 76056 0.939499355237069
28 12 15 19 60847 0.9807390262640528
20 13 28 24 62413 0.9321055553387281
21 17 5 25 89835 0.9729972438431769
17 23 25 6 78122 1.0561205042963118
11 0 0 14 69377 0.9303493216837533
11 11 18 20 50795 1.0238715670479148
21 27 22 5 77935 0.993581088948515
8 2 21 10 71929 0.9301209643082158
10 15 24 12 64395 1.001047431138651
24 25 1 29 91827 0.9751100949779583
11 24 19 22 48659 1.0011807511900426
9 16 29 28 102410 1.0497846084376006
28 18 18 1 81291 0.963096322704481
25 24 4 10 114077 0.9964293687548774
5 18 21 26 88086 1.0235329099104118
12 5 23 19 75416 1.069440515229039
11 7 28 0 68813 1.0263325918951767
15 8 26 24 82474 1.0576869071622488
0 1 23 24 123821 1.0562436895686118
28 4 19 2 32355 1.0555710247175722
26 11 13 4 67835 0.9367546127119275
9 22 21 17 67830 0.9357469868986585
8 14 21 7 66562 0.9163455823143708
17 16 8 19 42844 0.9894493329334793
17 19 13 9 45221 0.967129228485887
18 10 6 10 56725 1.087017805717881
20 3 4 10 78434 1.0680250078965832
1 6 17 14 86845 0.9169393495910912
18 9 4 22 82784 1.071838363406396
19 17 4 11 74410 1.0220565082930912
23 1 1 7 80655 0.9283134136981097
28 17 16 29 75237 1.002675669180663
6 6 28 13 106870 0.9483922730363821
16 5 29 28 105749 1.0819317190822797
21 15 11 5 70212 1.0246887341252227
29 27 20 1 105718 1.0717312558657541
8 20 4 12 41153 1.062827970411237
26 2 13 5 52579 0.9708574883566294
9 27 29 19 95236 0.9214027484480346
27 20 29 28 38658 1.0071664157012243
3 9 5 1 31313 1.022170000797504
14 5 26 6 55250 0.9093331935797755
4 21 16 22 57272 1.0556355615897222
24 16 28 27 51340 1.0183510051965756
23 17 24 3 38500 1.0055040803097404
1 7 20 27 130931 1.0232836542162267
21 6 4 23 101630 0.9520225629607953
26 16 10 10 78268 0.9920219494141167
14 13 26 16 49732 0.9976926804304597
13 19 19 15 37381 1.0035308505846625
27 0 25 26 93816 1.0390938727702435
26 29 14 10 88815 1.0481815813970332
14 7 24 19 64535 1.0595828069051494
8 28 10 8 100440 0.9837696257732224
4 22 22 9 101517 0.9547070770005945
2 12 19 10 72937 0.994787116374817
1 15 29 9 122938 0.9156691830207588
6 27 13 10 94460 1.066338024424323
27 12 7 17 94119 1.0628957825004923
22 9 29 3 32254 0.9524069878669215
15 6 24 13 51599 1.000315195883725
2 16 12 29 72655 0.9666662781412969
23 14 19 24 43145 1.035539745272706
14 20 17 2 66343 0.9193368263130006
28 1 26 11 42156 0.935573792343799
13 1 22 4 42430 1.0772829044874899
11 20 10 7 61569 1.0166401048651048
24 0 5 2 59928 0.9721090684396192
26 28 18 11 75167 0.9057078500203404
9 28 3 19 43856 1.063825008368683
8 12 26 5 88961 1.0997219614470035
16 14 2 26 84650 0.933854702961081
23 14 2 8 98318 1.044359305035413
9 21 22 16 66132 1.0061037411350964
3 11 10 0 54724 1.064900035210548
19 22 28 23 57717 0.9419127044263158
3 0 11 16 85526 1.0495996759470179
11 14 16 24 52509 1.0821865492177576
5 12 21 19 73995 0.9030172815902829
12 21 3 0 97161 1.091939201689667
14 26 27 16 72018 0.9587597426866807
19 24 26 18 46479 0.9878437516078664
23 17 3 11 88168 1.0697179987761871
17 22 3 9 89752 0.9190907114407414
25 7 22 24 62101 0.959282384243454
20 0 25 26 88854 0.9382926257945736
0 24 21 14 105393 1.093465140407712
29 10 6 17 111560 0.9603201523749887
7 29 21 8 109607 1.0145532241417559
28 19 12 2 97977 1.061822384173402
12 18 22 29 62465 0.9262401135273733
6 22 27 4 127453 0.9407631204205379
18 0 23 5 23271 1.0421857250852233
27 17 4 8 112923 1.0410676785397908
9 20 26 6 98794 0.9131199329324898
5 9 28 25 137875 0.9444959993784329
24 24 3 24 98399 0.9394920210428431
18 24 12 3 82526 0.980361909826045
28 20 22 3 66620 1.0508249687636242
25 12 11 18 71105 0.9379118587651006
27 9 8 13 76290 1.0636579685009813
19 23 2 1 119381 1.057389165929085
21 23 18 16 39523 1.0996868040560224
8 8 23 7 68446 0.9287265202741306
26 21 12 7 87352 0.9294689511241102
18 14 8 12 39920 0.9428508803843734
25 14 7 7 90217 0.9812159696616125
16 17 1 17 65870 1.0499642258144193
22 1 25 15 52998 1.069577225874181
25 15 22 23 35533 0.9147620030711832
17 16 8 6 69173 0.9960804495350011
12 2 21 23 97072 1.00090630192065
28 2 10 18 105713 1.0711323629874356
1 22 19 15 84530 0.9031077533235979
2 17 24 16 84685 0.9298738687614083
29 13 8 9 96264 0.972355724922401
16 17 2 11 68048 0.9824555299744098
21 21 8 23 74351 0.9719636805084468
2 7 16 0 58852 0.9680322498717182
21 8 29 20 67123 0.9783323494678289
20 2 23 28 83041 1.005855812221566
8 0 17 9 58057 1.087315878484914
4 15 1 25 46276 1.0441571431847934
25 4 23 16 39996 1.0052786736738404
18 12 8 23 76440 1.0246259100848816
13 29 25 10 94556 1.0502321627048066
3 13 29 24 122286 0.9345760014453721
7 21 10 1 99138 1.060332528136413
12 28 27 13 87783 0.9493359592086879
28 22 14 10 83343 1.0191402325299865
23 19 11 9 69476 1.0357628718708098
11 2 0 20 94840 0.9165417921729188
24 17 0 1 110378 1.0769959830662654
21 5 23 23 54952 0.9751467151969848
5 11 17 2 77309 0.9013850651611498
21 14 3 23 93390 1.027732599314656
22 9 28 29 76378 1.0502253613870205
2 4 2 23 73088 1.0093433361697532
13 1 13 21 77232 1.0104372189963104
7 21 13 26 54990 0.9589354009354606
4 9 26 17 104947 0.9165200212758399
18 0 0 22 111680 0.9891602239877071
24 11 10 4 70606 1.0042533707497752
14 0 0 8 58972 1.0926112890317923
8 16 12 29 76578 0.9836248430778028
17 8 26 16 55661 1.0602187818553541
26 11 10 10 71908 1.0041547598514533
9 9 14 21 66015 0.9938548239890808
26 1 14 15 76339 1.0145957178041534
12 4 21 22 85431 1.0415144021744576
0 13 11 18 60642 1.0237180155731629
18 5 7 9 59865 1.0920512153018966
5 4 29 28 143103 0.9131631646067964
20 16 25 0 56725 1.0167836901109135
8 1 0 27 101226 0.9568278177847062
3 8 1 16 36333 1.097872396346089
25 15 19 25 55046 0.904841435573613
20 2 0 6 75848 1.0797083065245472
10 28 14 17 50693 1.0019418700304055
13 3 28 14 82827 1.0382660614220476
5 29 16 5 103343 0.9606950029585338
1 10 23 0 88729 0.9716034373017722
14 21 24 11 62671 1.053621218481699
10 14 23 3 76747 1.0682658323281142
8 25 24 6 124516 0.9923033289714672
15 19 8 3 69566 1.0975259875777603
9 9 5 22 66768 0.9069734170002733
13 12 21 17 47992 1.0905221268237915
22 15 2 6 106617 0.9240472955123235
4 4 2 18 53902 1.0438243112543717
20 12 6 22 87465 0.989266381288776
7 1 14 24 100739 0.9974341427827771
10 24 8 0 115641 0.9719249107876791
9 5 11 13 41823 1.0230888016026798
29 25 15 20 76926 1.094773648085724
9 8 24 2 74191 0.9864830824618563
17 2 22 23 82776 0.9422243442115956
4 15 29 15 105906 0.9868513558743913
0 12 3 0 40128 0.9313987734235021
7 1 16 16 76596 1.0190384145347444
7 4 25 22 114302 0.9072297721826851
2 18 15 3 91170 1.037998169872682
12 24 25 27 62938 1.0329208464859727
26 18 29 27 44607 0.958947471203083
15 9 7 14 42891 1.062825817499741
14 9 8 29 80516 0.9298631906812883
2 18 25 2 121043 0.9543266980925811
7 28 22 5 109649 1.0958553956555441
18 28 4 16 79870 1.0236445080738275
28 15 15 25 72210 1.0027279744916007
1 7 27 16 122621 1.0119170334827894
9 6 21 11 65012 0.9547152995677199
19 24 17 1 76432 0.9684733354600563
6 26 23 0 134670 0.9454081568865307
1 25 18 4 119322 1.0426152196505223
12 11 4 28 79514 1.079032800771947
18 6 29 23 88309 1.0538503221888587
23 28 3 22 87345 0.9674581244165623
17 25 6 20 65379 0.9716087838363431
22 22 7 19 63572 0.9620283509502696
29 20 9 26 100264 0.9470567680202544
14 20 5 4 83489 0.9455126224049998
15 6 3 20 76923 1.0213511140112177
25 19 7 22 77205 1.0177599244536537
2 4 21 19 108057 0.9557369967229575
28 19 22 2 64879 0.962436688177948
22 7 21 16 37511 1.044338350318971
17 3 11 18 70916 0.9127449228831754
24 15 0 19 88230 1.0251201444671099
9 1 10 20 90153 1.0036419737501283
25 11 27 26 59656 0.9534063475939101
2 7 20 17 101961 1.0196181836033686
9 23 3 18 46465 0.9319989501163565
12 24 4 10 79085 1.0227205620567117
29 27 18 25 51559 1.0614776258417256
4 5 1 27 84737 0.9968892543513657
12 12 22 27 84445 1.0272225383566278
21 9 25 15 38189 0.9165649642594264
11 7 29 11 79199 0.9373538273843868
6 12 22 2 84859 1.0979220743065998
2 24 21 22 93362 1.0424199738875088
29 5 24 17 60914 0.9323047036236077
1 10 10 27 92666 0.997491690640661
0 22 18 0 111680 0.9514172729201641
7 2 13 24 103576 1.0091041040001616
1 23 13 17 63070 0.9307707485226017
14 24 16 11 44016 1.0250803669804898
22 8 8 21 98465 1.0823919420619266
29 3 5 13 104830 0.9659038566737915
1 2 22 23 130029 0.9490091879719806
12 1 21 26 109295 1.0931715548560796
26 5 21 10 33264 1.024114244274359
20 9 21 24 66347 1.0729311308398768
0 20 15 29 76904 0.9617605589082332
23 11 14 23 66012 0.9343730347920396
6 25 12 2 114088 1.0935835169155093
20 29 19 8 80467 1.033147282045819
22 17 1 18 84496 1.0015221980084081
3 29 14 11 89176 1.0949319426851132
9 2 23 0 46031 0.928123745543915
20 19 0 27 89545 1.0407799931119366
10 3 24 23 104991 1.0256827609846044
8 16 12 10 41735 1.020699181735445
19 0 27 13 55715 1.0452786047985683
11 14 5 25 71155 1.0657467090064876
0 18 15 18 56467 0.9393293210106819
16 2 0 24 118136 0.9866519971670915
17 19 13 4 57272 0.9048280961938454
16 2 23 27 96615 0.9174825433536146
17 14 4 27 81595 0.9014697895833911
27 10 9 21 97851 1.0324699914386994
0 3 29 16 132196 1.006673396168802
0 6 25 25 140588 1.0886240202908801
3 16 17 22 69153 1.0917225040648526
1 1 0 17 46866 1.0680776429459145
4 23 2 7 58183 0.9501776416436654
8 29 18 20 60814 1.07014052111483
0 14 17 8 83367 1.054958377799509
5 13 26 6 93710 1.0967989557474656
10 27 28 19 87736 1.0734531815475559
17 14 20 0 50353 0.932754669615093
2 23 19 1 117044 0.9529374877796349
16 2 6 5 46492 0.9798842652452457
1 24 20 17 91340 0.9981665123512797
15 19 2 16 52645 1.0464747007643973
23 21 27 14 35108 0.9695589254775654
28 2 25 10 40094 0.951615516031946
25 15 3 14 89637 0.9209535032024381
8 13 20 14 43910 1.0339941972387354
22 5 1 10 101781 0.9887178658171049
29 3 9 8 83768 1.097935904915381
20 22 5 25 90100 1.0286118178849475
16 6 20 18 55269 1.08842213214742
1 11 21 2 96577 1.0645101574803095
28 21 0 0 132312 0.9022070305054545
9 22 19 4 91682 1.0197972370857378
9 29 4 10 75580 0.9352212448791701
15 27 2 19 62134 1.0844058199397795
11 12 18 26 71011 1.006282688961322
27 16 25 26 42286 1.0689633977079356
16 3 26 13 60569 0.9691775443634535
4 2 22 15 103601 1.003676780260352
25 8 7 22 113930 1.0942607136675884
27 24 12 0 106309 1.0875232875335357
3 1 15 11 69158 0.9941026104031861
18 21 22 3 63587 0.9928148665435177
16 21 3 10 77817 0.9711466398774051
15 8 12 17 35437 1.0133759583309405
15 27 8 12 63835 1.0242759080859338
29 23 19 23 64830 1.0198146465788873
18 25 9 18 58325 1.0173670572182603
6 25 25 15 109978 0.9096139657083419
23 8 26 0 24676 1.0673822993277868
9 25 28 3 132040 0.9740772074165898
1 2 15 18 94995 1.0750585168795976
0 29 10 19 60996 0.9869488886960455
26 10 5 13 82632 0.9107613217520806
23 28 8 9 110898 0.9874128631100545
1 19 11 16 48401 0.9393156447945528
25 8 18 16 55123 0.9225048082758495
25 23 5 15 99728 1.029843481700241
11 9 11 21 55581 0.9310598303880636
20 16 13 5 58579 0.9866367837833452
28 29 3 0 144745 1.0677089876473556
24 12 11 8 70401 0.9921467643007971
26 19 24 4 53293 0.9675278112605478
25 17 1 29 115827 0.9283913920520358
2 13 15 23 71671 1.0903702807381088
4 5 13 2 40030 0.9844368151976937
7 26 26 13 109767 0.9192815456896398
20 16 6 23 85358 1.0483527043567384
27 9 1 23 129497 0.9910383653228719
13 28 10 11 73302 0.9510971578486962
18 19 4 8 83804 0.9004314113806041
0 11 10 20 61271 0.9059906345543494
1 1 11 11 67066 1.0264512565922108
5 21 5 9 48584 1.0530577079480978
2 10 15 24 87088 1.0312212937300271
18 19 0 22 67341 1.0597915709573225
22 18 26 27 45182 0.9278905302859786
14 22 26 6 86838 0.9577779172295141
12 18 26 20 54327 0.9976744410523616
26 20 10 8 95318 1.017072728465435
17 17 19 26 39217 0.9159049413652184
5 10 25 13 82198 1.029653592105525
14 5 22 19 64550 1.0888100492267208
26 29 8 23 85717 0.955094721904473
8 24 27 6 130817 0.9921542059988497
16 14 28 15 56099 0.9684101576418891
7 22 16 17 54064 1.0975013330730388
3 0 21 7 70833 0.916857003482729
19 8 1 11 88147 0.9104522980635301
19 8 22 16 44911 1.0057629360037927
28 23 17 8 84989 0.9981195441785584
11 18 18 8 55963 1.0033761010600475
24 19 10 6 86571 1.0389309589290996
23 29 8 21 81048 1.0231905724916337
6 29 20 20 75924 0.9249006630152891
17 13 4 29 81846 1.0558778526218795
5 19 3 8 41279 0.9314173157283554
16 5 28 8 59343 0.9866862181770192
21 7 20 16 45387 1.0360679508649178
21 24 17 7 71387 1.0513642138902182
25 28 1 7 144473 0.9720114890604998
8 10 18 6 53321 1.0532921660876082
20 7 4 18 86136 0.9701505058358058
23 4 23 21 45035 1.0406581373765835
3 17 29 6 128630 1.0351276303888812
3 1 16 18 91034 1.0004922236902585
14 22 5 13 66301 1.0597754762113352
27 15 16 2 75777 0.9996365723355102
6 0 1 29 102522 0.9743792632480435
4 24 6 8 64445 0.9503323109981091
5 26 17 26 58606 1.023662217531262
17 20 28 7 72552 0.9450421364385864
12 0 19 25 96041 0.9236456369389653
15 0 2 10 68749 0.9906930916397829
11 28 0 28 39704 1.079702969234262
2 5 14 16 79983 1.074480403805378
25 17 19 28 58581 1.0568430011082899
8 23 28 2 130825 0.9311107152782359
8 0 2 9 44795 0.9391066613149176
11 28 6 4 106708 1.0830646276657891
5 9 22 28 119559 1.050254859287568
10 22 23 25 77802 1.0617863111922474
26 15 14 1 78540 1.0186619753724429
9 26 2 12 73149 0.9865493543346001
21 21 10 8 82631 1.004841640531176
17 22 26 20 44360 1.0824973782461789
6 11 23 17 78361 0.9040527735715015
19 21 0 14 81947 0.908148923630589
7 1 16 9 60266 0.9449262925959576
5 27 3 12 54249 1.0566914236315343
29 19 14 10 74901 1.087110265933798
20 20 10 15 58205 0.9744023607846052
15 2 1 9 71398 1.042148294731044
4 19 21 8 92411 0.9092850707024616
19 7 28 18 67814 1.0322150994012604
10 26 17 1 101905 0.940809538382003
5 25 3 7 69336 0.995222478479953
1 19 16 8 79459 1.0478236618053747
22 24 5 26 90167 1.0679037405274159
4 24 13 21 52713 1.038493912744858
11 5 20 4 39167 1.016826792069201
5 17 24 14 89151 1.075557597906505
13 28 10 4 89624 1.0696336355052851
25 21 20 15 40378 1.0541931249108991
29 13 7 28 113990 1.0415293001054104
19 24 19 2 72080 0.9164686387624026
29 29 3 9 140601 0.9599593161564043
26 4 15 24 90705 1.090002644992415
13 15 8 8 53265 0.9871331463797546
19 14 17 3 38951 1.0427139951780913
1 20 11 26 66223 1.074635473706874
9 4 19 16 73001 1.091087723586752
6 28 25 29 65994 1.0489028032763057
6 28 0 6 81915 0.995284337806425
9 16 20 5 72901 1.0355776695840888
6 12 15 2 66019 0.9895840818251629
2 28 22 28 71572 0.9517840657345401
18 26 1 16 90919 1.050367456742356
8 3 9 12 53196 0.9512190718223333
20 27 7 17 84962 1.0966540109264862
9 11 25 22 91703 1.028374926819833
2 2 27 28 146611 0.9172675741627122
19 29 18 15 50467 1.0025939226279041
4 17 22 17 75847 0.912495711320289
5 25 28 6 142653 1.0183701007707393
28 9 14 29 103154 0.9245975128855225
26 8 21 1 34227 0.9272436007878303
10 3 1 23 98761 0.943170700977539
24 26 12 15 74478 0.9862992261251629
4 29 26 11 119573 1.05324024665671
12 29 24 28 39571 1.018002906561537
25 0 6 4 64261 1.092969427094896
9 1 17 9 55585 0.9951249352958718
2 28 15 12 85651 0.9658225507318392
28 7 13 0 59157 0.9282183028058296
7 20 16 5 76394 0.9874540974664114
20 25 10 20 63476 1.089830011520963
5 12 13 28 80513 1.0467752397898629
20 10 2 22 96373 1.0548200023956853
11 6 16 17 54876 1.0625888229985188
23 26 15 8 76188 0.9196437935983675
12 5 20 16 64126 1.023021718135385
7 13 19 21 59584 1.0995662803568083
24 21 14 28 61416 1.085141288408489
13 3 26 20 88943 1.0396953242489104
7 25 12 1 120565 1.060712005225471
20 6 3 22 101482 1.0069007871777673
26 1 22 25 79394 0.9673111813870212
11 15 0 20 60253 0.9652956800674061
13 4 28 1 55638 1.0717371448062079
13 29 6 25 46922 0.920524037408844
28 11 12 25 98645 0.9078859056225322
28 2 0 17 127348 1.018407989774699
2 27 26 12 125550 0.9084757766946621
8 14 25 2 90313 0.9103605248715643
14 27 27 9 94610 1.0370307678798274
10 5 17 10 43178 0.984194194481246
8 25 15 18 61092 1.0875060780833878
2 24 14 6 101458 0.9230737021481863
5 3 19 4 57069 0.9856487702430103
18 9 28 26 87986 1.0550427725478164
17 18 5 16 58714 0.9027181161431799
1 27 22 25 94959 0.9292612151882398
22 18 14 27 57739 0.9210199450631368
7 4 17 0 44039 0.9885732851074189
26 15 13 3 78809 1.0265800795271245
17 11 27 22 67636 0.973858585580202
21 9 8 11 65877 1.0721101620920745
29 22 17 0 97457 0.9586917047006169
1 1 8 10 54215 0.9910847291050854
19 25 0 11 105729 0.913364482859703
2 1 19 16 97272 1.086698778047963
25 5 26 24 63570 0.9840341708609321
2 22 28 2 134104 1.0353011718918586
12 27 19 9 77828 1.0764776034845163
14 3 4 15 76713 0.9033336011156748
25 25 10 0 111132 0.9986792563608441
29 0 18 28 111512 0.9755379057651822
0 0 24 24 126772 1.0649733345593315
9 8 29 28 128789 0.9355372507300854
14 9 8 25 89686 0.915888211626942
8 13 28 1 96148 0.999140612812498
14 5 26 28 101905 1.00446750608249
20 12 22 21 38221 1.0003445821819057
18 2 20 13 38728 1.024294868055556
12 23 26 28 64997 1.010580028284212
2 10 12 4 59360 1.001183464527794
21 29 12 10 81903 1.0013822752697776
2 0 18 16 89649 0.9564852723996213
5 16 27 23 103881 1.0976948463752116
9 14 11 26 71724 1.0349266674099173
11 16 0 0 92534 0.9086479880475962
11 7 25 11 66715 1.0637524094234088
0 28 0 8 59375 0.9638001972747061
14 24 2 2 113298 0.9396135946759212
8 10 11 29 95531 0.9275402760472766
23 4 4 7 78655 0.9455953150854273
3 15 11 0 71956 0.9236883307052525
20 9 29 26 88205 1.0045079174182938
21 11 16 22 60750 0.9259151436977564
1 8 20 16 100093 1.0324994935390541
5 19 25 27 93978 1.0552909427801227
11 15 25 22 74277 1.0678196787702618
7 21 0 10 61491 0.9511773012142027
28 29 17 19 60916 1.027219045378973
0 4 21 15 109505 1.0953161587827782
7 28 16 22 43329 1.0184303789880076
22 4 3 20 108984 1.0623695976079246
4 7 20 9 71504 1.099272737958667
18 0 19 15 49138 0.9894574127831284
0 15 18 5 91982 1.090808832692285
26 21 25 3 59011 1.0481929234838514
14 5 4 21 82144 1.0481257228379166
20 14 0 6 94849 0.9032017696547926
16 16 22 4 60690 0.9809301384287354
11 22 19 27 55903 0.9767838976824429
17 0 11 13 60642 0.965421464406864
1 29 0 8 65780 1.0087879539917508
13 16 3 4 75407 1.014584692258633
16 12 10 25 70720 1.0507741223419353
3 25 13 27 45809 0.908994899167126
0 2 29 22 146461 1.0612576219236964
23 19 1 20 71977 1.0637138919367901
26 28 11 17 85478 1.0827927378443356
28 19 12 4 92890 1.0598768308579478
22 2 7 24 125559 0.977124755200284
24 18 27 10 43187 1.0561404075207594
27 14 3 28 117996 0.9697920439176555
1 1 8 10 54215 0.9849624363673266
1 26 19 1 133398 1.0474761923569975
6 25 28 10 134488 1.016099783079194
14 22 25 13 62755 1.0521482334527887
19 16 7 4 78798 1.04337779918749
25 27 6 25 91345 0.9095112045047323
25 25 14 27 58640 0.9083328525578941
8 27 12 12 81175 0.9339823846852062
10 23 0 2 106982 0.9186424581681545
23 5 2 16 104335 0.963609726890205
8 18 28 18 74068 0.9334323707553284
18 15 23 24 42042 0.920108497294294
2 25 2 12 51905 1.0477384760187771
19 29 0 9 115629 0.9505757784602228
22 14 28 18 36248 0.9833791043629586
17 6 0 4 72245 0.9345440361816922
17 22 0 10 94760 1.0668113908222607
0 19 28 6 130722 1.019082632767385
1 10 15 15 65992 1.0928620530850233
7 2 21 3 52619 1.088651324694215
12 10 24 14 59456 0.9051311268059765
12 22 18 10 60999 1.0615301987817969
19 15 12 27 62695 1.096874220279322
9 26 14 2 100428 1.001342108803893
28 18 13 14 71516 1.0214266228473523
20 8 11 15 63526 1.0190934412315942
12 7 5 13 47475 0.9970085256481487
29 11 16 27 93719 1.0497048450911517
28 19 7 26 100069 0.9029026662101239
26 21 8 27 92465 1.0400451576837995
5 0 4 29 93096 1.060959556613043
6 4 3 27 84983 0.9013928856980217
19 0 18 22 68998 1.0741209790915973
26 11 16 18 59199 1.0984922851803045
20 23 29 18 53064 0.9882254930195883
1 13 20 7 85748 0.9847961048119075
27 0 16 19 81157 1.0620481115245781
27 16 8 16 80394 0.9199062080488497
3 23 10 16 52619 1.0096503906283785
0 10 10 12 45277 0.9403253328779242
20 0 16 19 66533 0.963608348036032
27 6 23 14 41654 1.0673411074540216
2 14 8 10 35435 1.0285727846996293
29 21 17 26 75812 0.939906887773159
15 27 11 13 50789 1.08070254911028
24 26 22 18 33551 1.0628725111885888
28 29 4 27 84332 0.9776072912893636
8 26 2 6 91095 1.0500002631039365
12 17 9 4 59994 0.9511931500425271
25 16 11 1 84186 1.035567062421443
14 7 29 2 63417 1.0342924591333327
6 21 15 14 56243 1.0673577684978635
0 10 24 0 86501 0.989927078004457
14 21 23 20 36960 1.0194754865139277
14 16 24 1 72083 1.0199232963475333
20 16 21 0 55964 0.9083027777693214
8 13 15 25 55364 0.9472545587476543
28 1 6 23 146703 1.0713015329181355
21 15 28 3 55871 0.915647321105894
13 16 2 23 58973 1.0479305195353683
9 19 27 9 88332 1.047289311901526
14 8 26 12 62438 1.0437193851963507
16 28 6 27 42528 0.9623391092796488
0 1 5 20 72472 1.0982266651037604
12 20 27 11 76426 1.0467916528647945
4 26 20 0 122876 0.9658786033070812
21 6 23 23 58290 1.0716083702014183
12 25 17 14 58253 0.9048232065055866
24 14 2 17 91569 0.9772641497523575
19 14 5 19 65749 1.034912890771645
29 24 7 22 111895 0.9381860662281638
15 6 4 9 50678 1.055132676870306
9 12 28 9 83052 1.0792009123299373
18 3 17 19 47871 1.0351997961047523
2 26 19 29 65885 1.0071866378512282
7 27 7 10 84430 0.9637619397936128
20 7 18 17 37128 1.0779841731852522
20 10 11 7 46610 1.067111836163155
8 25 6 11 76396 1.033426427789411
13 14 25 12 52782 1.0389213888840243
3 18 15 9 69516 1.0011550054140101
10 13 23 9 56525 1.0701095508291578
10 0 8 17 91325 0.9685037034379214
13 22 5 16 57342 0.9711520602010929
13 12 24 20 58798 0.923529946906627
5 1 13 18 93372 0.9508070035810648
16 18 19 3 56274 1.0247982584036268
14 26 7 1 104666 1.0833552237020303
4 27 8 1 96271 1.0730427805451213
10 17 26 8 86971 0.9831957951360693
6 8 15 14 61563 0.9914265642861653
29 23 5 23 116640 1.040727673331528
16 28 27 26 44390 1.0048959082570161
21 6 1 17 103082 1.0719796152344565
22 20 1 18 77809 1.0514982847898797
12 21 1 15 61614 1.0783109005931868
22 21 24 2 59237 0.9900557096568534
21 17 3 14 81342 1.087499321375158
11 5 0 29 114335 0.9542538681100724
14 10 29 17 75714 0.9182568039491498
9 15 28 27 108801 1.041027666351354
7 10 12 2 52769 1.0996158222565484
9 29 23 15 82339 1.0108478258632831
10 16 11 1 70882 0.9396962008357949
0 27 7 24 42424 1.029311694476519
14 17 23 1 74139 1.0414863975037656
28 7 21 22 70031 1.0137747499468457
19 21 3 27 80977 0.9435636951176536
23 14 6 1 89297 1.0476639542005994
14 5 5 7 45367 1.066491026277007
4 27 18 11 91110 1.0745211190764983
11 29 21 16 72284 1.0957821620490313
2 28 23 23 92972 0.918568631124902
2 27 11 26 46983 0.926426833064811
2 25 27 14 119572 1.0349052750005492
23 10 21 0 27942 0.913323603902238
18 7 20 21 51803 0.9261269663330493
1 29 10 22 64649 1.0465323463404756
27 22 27 0 82293 0.9370353096582094
25 25 26 12 51496 0.9909148201667188
19 2 23 9 29545 1.0141660781456199
13 24 10 7 78642 1.001549061288364
14 21 4 24 56925 0.9833194980649385
12 29 1 27 46402 0.9725042150215405
10 6 24 18 89988 0.951629696549297
5 11 28 13 89823 0.9389098860418392
2 17 23 8 101451 1.0356594255351503
25 20 21 9 51846 1.0643714280973786
8 0 2 28 105821 0.9425636946850728
19 11 11 20 56952 0.9942711575403307
20 27 12 15 67215 0.9466295298254663
14 22 5 2 101793 1.0682134703887316
15 5 22 20 66407 1.0928093092600457
27 0 11 2 48988 1.0936284687980915
7 7 5 29 84342 0.9832843701074377
13 5 29 14 85120 1.0756963336128074
28 27 0 20 119056 1.032629108881709
8 19 21 28 70946 1.0807188602267062
3 29 25 21 102576 1.0083531705896986
8 25 1 9 87877 0.9790131460153754
20 25 8 23 73678 0.9289156690857938
26 13 6 20 87586 0.9055677332571465
27 26 20 17 59702 1.0926019924718533
24 11 26 1 38732 0.923759585273957
17 8 25 5 43319 0.9269583962488596
28 24 9 29 79601 1.082938800619523
10 5 21 21 83679 1.0461095620822922
27 0 26 12 44371 0.9123734988394789
14 0 9 14 67546 1.0150499584508785
22 24 27 0 79614 1.0441598252574178
22 9 1 17 104555 0.9190746711048433
11 11 25 19 72241 0.9108851128949459
21 21 25 28 40461 1.0208663049167008
28 4 12 20 97328 1.0872014627229551
1 21 25 8 123857 1.0779121897201493
22 24 18 14 50977 0.9043058036363858
23 7 27 13 31802 0.9199314640167212
18 21 25 13 44280 1.0878706047590034
2 24 11 25 54276 1.0774117287493838
4 0 18 16 83127 0.9170332932933855
20 28 3 19 79829 1.0727390930623995
28 23 19 29 47352 0.9670838566970883
2 27 3 12 57877 0.932569637137768
15 24 20 18 37799 0.9063501428591562
29 21 1 24 122310 0.9156464700855255
24 1 10 0 37648 0.953012985607509
11 15 18 8 50800 0.9670331995122411
29 22 18 4 88709 0.9483356371373006
29 0 20 26 103106 1.0933732637201017
9 15 25 16 73263 0.9798658711778861
13 27 7 14 80902 0.9836495936032945
5 14 27 22 105936 0.9052639097467106
13 10 8 29 83015 0.9123341935844492
22 19 17 0 66472 0.9073940188382967
24 8 6 29 118849 1.026040001299903
26 20 16 29 62079 0.9698280352403233
0 9 16 1 71477 1.0658458627615746
14 5 15 20 45264 0.9475440962911732
13 22 7 12 57992 0.9655890470455151
28 16 16 15 52247 1.0549470546351103
28 7 21 28 83815 1.0500261814899383
28 1 2 3 79619 0.9933515948034176
6 18 29 26 112403 1.0217116670721518
16 10 4 26 86249 0.9427746218362237
2 1 10 9 57703 1.063236395277905
11 16 22 22 62753 1.0700289435829644
5 26 29 22 117790 0.9942810830353013
1 17 9 1 78499 1.0331195350364466
21 22 28 6 75139 1.0551619448738998
7 11 0 17 41323 0.9143171767522066
18 21 26 0 77257 1.0702934456937518
18 24 24 28 34840 0.9391710909847993
5 18 0 6 54581 0.9774243481393399
28 27 25 0 98188 1.0986106884835172
23 22 28 27 36167 0.914321438696866
25 13 19 0 47719 0.9587415645020855
27 17 17 0 74209 1.023099103990783
11 18 14 8 52119 1.059236032305964
11 9 14 29 74892 1.0119667655266151
7 28 16 29 31015 1.0753008605923267
3 2 22 5 73386 0.9503733849125551
16 29 26 15 73050 1.0684056788906853
16 3 28 13 69793 1.092225681009807
17 29 15 5 71457 1.077879260703426
5 6 2 27 82140 1.0763327925709367
4 0 29 9 95485 0.9974714422752183
4 14 10 1 66263 1.006011314461787
14 13 24 20 50827 0.9889958415605149
13 19 16 8 45354 1.0398283122944663
24 10 8 29 106036 1.0383674629501625
26 11 2 7 105525 1.0840832367079303
8 19 17 0 85683 0.9537522679811298
14 28 5 11 85045 1.095444225798581
1 23 3 6 71180 1.0410393691257038
18 28 12 11 68952 0.9552107301166776
15 18 17 2 55864 1.0208079885176282
12 10 19 19 51190 0.9681773806551878
24 4 20 25 77095 1.0328603950182034
11 18 0 8 72142 1.0982277114434447
28 14 24 2 52107 1.0582215071226773
11 1 22 27 113919 1.0610543373521772
13 29 23 12 77088 0.9310849194898265
10 5 4 17 64425 0.9706691161104294
28 14 17 8 59571 1.0147119697957447
13 29 5 20 61997 0.9993424467199791
14 13 25 29 76508 0.9702282139038843
4 21 24 14 82781 1.0992183406039375
28 24 24 10 65116 0.9156146081440856
28 29 19 17 61372 0.9860074345083584
20 14 23 23 35599 0.9093212443702084
14 27 25 27 48735 0.9240638473881404
19 14 3 24 87927 0.9957562617088915
6 7 23 17 93906 0.9622813832421299
12 8 20 14 50690 1.0158623086862397
12 17 26 25 75158 0.9848677326132328
3 22 25 9 115245 0.9854438286267154
1 1 0 23 67041 1.0954659834783804
29 26 12 27 68055 1.0729079406111603
13 22 11 2 83937 0.97745145375395
16 10 10 18 51489 1.0468269386533673
9 14 28 18 84757 1.0204106180914367
3 23 2 3 74659 0.9972458441197656
3 15 16 22 69932 0.990833921621231
0 16 23 11 94050 0.9527806138772589
29 9 24 25 74614 0.9313009732263566
19 0 3 6 61384 1.0680285686037094
10 22 4 10 70417 0.9436123935752976
7 16 8 3 68867 0.9866890848537888
28 27 28 7 81887 0.912547216796402
3 8 22 16 96181 0.9971740584123577
26 0 22 14 50819 0.9869274545093942
20 8 9 13 56190 0.9612418725496336
15 6 20 17 53171 1.052342215665214
18 4 4 4 54130 1.0512549903740434
5 6 20 29 121219 0.9286481308348371
29 18 5 27 111420 0.9944326112376678
8 9 21 29 103571 1.079754394423598
22 11 8 28 93209 0.9805908813547648
9 24 12 9 75267 0.9606822180436324
16 21 26 22 51547 1.0475329886073095
1 4 28 11 117143 0.9153323084015638
0 13 6 6 42583 0.9377591378308078
25 0 1 19 119197 1.0138876574903823
12 13 5 5 55250 0.9640250564254443
10 2 6 22 97855 1.0964387023959368
23 16 19 27 49829 0.9351070858806809
12 9 29 29 111613 0.9680986876294293
17 4 6 1 51350 1.0185271052335374
19 16 4 7 86299 1.0126210660951624
10 14 16 22 53536 1.0255794729448164
17 22 26 7 73927 0.9646155966745622
20 12 5 13 58764 0.9749897107550208
18 1 4 9 65249 0.9662623840423801
12 18 7 12 36159 1.05018464685058
14 27 4 17 66381 1.0105104976225012
28 12 5 27 121666 0.9272849602614884
16 4 1 5 59647 1.020295907269329
26 23 24 3 64034 0.975276291611475
8 22 18 3 92370 1.0364107113228584
28 0 6 21 127924 0.9166328847953454
0 4 22 19 114253 1.0282738440845332
18 14 15 28 48531 1.018436485471617
1 4 21 5 81218 0.9679146282197924
7 26 0 8 79818 1.0376156476099971
3 20 20 12 79976 0.9305958971678531
23 4 4 29 126409 1.0503921052746066
0 10 26 0 90523 0.9688859953137364
22 22 14 27 59132 0.9052127890026486
28 28 20 3 91010 1.0755858289956435
15 18 28 27 70443 1.0013623663711417
29 25 0 7 156394 0.9425094184180394
21 24 19 4 77057 1.0175942162681413
12 7 26 6 60893 1.012624870295955
15 29 4 11 86937 1.083761826810512
15 19 19 4 52972 1.0029073634647507
25 1 26 19 62976 0.9823741981396902
15 23 9 28 29680 0.9597833247959099
0 11 21 13 79220 1.0192624484559305
11 23 5 6 97763 1.0385208406187054
10 29 10 19 59533 1.0700650652566241
28 5 3 23 135866 1.0375282827122172
21 11 21 23 51224 1.0975220898618878
14 14 26 13 46778 1.0344629357259651
28 25 16 28 51399 0.9547115918384721
18 6 16 27 70671 1.0171112093186168
16 15 1 14 65586 0.999529724473141
29 24 19 20 60106 1.0196539030144063
13 15 28 0 88416 1.0056014401233286
11 24 10 8 80327 1.0421517730751373
13 28 26 10 89973 1.0469159424218495
20 17 17 28 51120 0.9139619908069233
16 4 3 29 112188 1.00500776710693
27 1 22 13 48717 0.9738876923441808
4 8 28 1 88142 0.9806603038849038
0 7 14 6 59567 0.9893471360372381
29 11 7 0 92055 0.9133194739744578
26 10 12 10 65120 0.9133158591553657
25 2 19 21 71199 0.9860150233504886
9 5 18 10 46428 0.943710155693724
24 4 12 9 60283 0.9804418200746232
5 15 1 6 50534 1.0762452842931651
11 27 1 25 53028 0.9004946354810789
14 26 0 14 87627 0.9734873161206429
20 22 1 27 95703 0.9899438858240364
17 8 11 28 74017 1.0177889100862405
14 4 7 26 103666 0.9073084600368767
2 8 22 28 128820 0.9074169597962735
4 6 21 9 77072 0.9837937254473004
0 27 25 1 144849 1.0928354197586685
13 7 27 12 65877 0.9567538509777271
13 19 2 12 52323 1.0002460151073227
13 3 24 11 59821 1.0625164908301405
26 3 2 27 141618 0.9589387550331505
10 20 23 9 77721 0.9194612143749992
23 8 27 17 41907 1.0059870719994073
16 6 19 26 76788 0.9802192813578949
15 27 10 11 65187 1.0304501803380803
29 6 19 18 73726 0.9312508748348743
19 29 7 29 43085 0.9621578268452493
1 22 19 20 73020 1.0768126417651036
27 9 20 6 39915 1.0222493180298382
26 21 17 5 73096 0.9469500215776852
18 19 21 27 39832 0.9045808744644721
16 18 24 23 42046 1.0541932846279556
16 10 6 28 82686 0.9020738675692279
7 29 25 10 113595 1.0608471963982744
7 16 24 18 77338 0.9348740814136888
17 6 17 20 48200 1.0538106382113803
11 15 0 19 57851 1.0718011882123903
29 27 26 1 103534 0.9389543930838564
