4382 5215 4407 4456 4830 4667 4351 4513 5012 5020 5509 4137 4695 4787 5474 4102 7879 8816 7873 7934 7536 8838 8866 8312 7859 7859 7360 7999 8897
5766 6303 6516 5515 5265 5996 5131 6189 5397 5938 4975 5052 5901 6359 5253 5424 6334 5258 5457 5645 4448 5556 5973 5528 5966 4977 5969 4731 5351
3440 3172 2916 5758 6591 5980 5952 6449 6620 6764 6105 6130 6705 6170 6038 5763 5591 5802 6787 6618 6794 5500 6835 5910 7013 5755 6968 6403 5610
3848 5277 3774 4023 4216 3328 3457 2893 3706 3221 3882 2935 3336 2926 3715 2952 4072 3092 2977 3737 3650 3542 4223 3393 2881 3022 4333 3841 3428
2858 4260 3991 3892 4012 3034 3974 2765 2817 3872 4204 3780 3898 4266 3202 3208 3129 3197 3998 5473 5999 6231 6289 5475 5566 6013 6245 5317 5055
5563 6857 5898 5821 6017 5520 6891 6190 5733 6429 5747 6908 6855 5778 6500 6029 5588 6449 5829 6722 7167 7930 6958 7317 8490 8160 7285 7062 7751
5037 3930 4965 3782 5028 3564 4523 4922 3963 3792 4175 3325 2869 3783 3259 2928 3749 3277 3614 3360 3981 3839 3542 3597 2815 2900 3391 4237 2937
1947 2254 6148 6311 6621 6365 6216 5565 6310 5552 6153 6574 6152 5958 5795 5287 6510 6100 5729 6524 6453 5260 6368 6452 6150 6497 6060 5981 6102
7515 7333 7345 7504 7796 7697 7155 8185 7767 8270 6949 6965 8127 7633 7477 7491 8431 1906 1719 2758 2065 2811 1688 1859 1980 2387 2660 2783 2329
4276 5716 5361 4728 4381 4766 4325 4217 4885 5247 4497 4943 4524 3969 4888 5438 4875 4720 4029 4113 5365 5326 5279 5344 4510 4582 5410 5140 4394
7917 7177 7952 7492 6551 6482 6815 7321 7584 6834 7137 6687 7159 4229 4586 3593 4858 4436 4576 4176 3722 3971 3786 3577 4448 4703 4542 4043 3391
2678 2841 1976 2028 3110 1985 2447 2565 3134 2080 3484 4019 4103 2761 3649 2891 3472 3182 3623 3100 4203 3918 3985 3074 3366 3798 3783 2631 3372
7487 7185 7807 7616 6487 7178 7929 6843 7924 7810 6967 7471 7480 7863 6637 6749 7879 7790 7397 7941 7371 6816 7722 7719 6445 7529 7860 6485 6606
6536 5722 6869 5895 6400 6300 5992 6352 5882 6487 5919 6356 6792 6560 7177 6720 5730 7036 6563 6869 6513 6894 6847 5892 5701 3056 3648 3046 2989
5202 5105 7611 6515 7736 6537 7679 6800 6858 7379 6913 7810 6926 7861 6596 6555 7095 6796 7050 7132 6697 6629 6920 6570 7670 7431 7216 6433 7420
4597 4813 4168 4818 2230 1890 2922 2566 1604 2667 1394 1999 2897 2173 2047 2876 2467 2728 1424 1425 2929 2453 2350 2652 1387 1683 2253 1696 1797
5389 5901 5199 7646 8080 7658 8267 8742 8352 8271 7358 8360 7802 8325 8229 7615 8817 8499 8687 8004 8946 7711 7883 7587 7673 7385 8542 8688 8547
5064 5618 5484 4378 5218 4986 4604 5597 5706 5529 2223 2687 1758 2177 2078 2178 2415 2393 2120 1997 2315 2326 2535 2178 1982 2225 2892 1958 2073
6693 6833 7052 6481 6347 7110 7535 7353 6814 7424 7675 6978 6544 4803 3653 3699 3554 4398 4227 3957 3609 4071 4352 4775 3408 4183 4107 4218 3231
8120 8643 8066 8148 7675 1437 1513 2242 1463 1286 2620 1288 1558 2075 1876 1271 1279 1798 1270 1219 1464 1435 1740 2226 1307 2069 2217 1174 1436
4017 4519 4545 3291 4247 4533 4164 3670 4478 3695 4397 4391 3981 4116 3948 4469 3728 4033 3950 4375 3385 3706 2770 3398 2678 3039 3066 3682 2248
6530 5957 7203 5904 7086 6148 6419 5831 6698 6555 3976 4298 4248 4973 3957 5269 4618 4400 5329 4638 4744 3915 3900 4194 5087 4099 4443 4225 5045
5032 4807 5256 4322 4032 4636 1905 1807 2864 2708 1475 1998 2068 1762 1724 1790 2198 2177 2877 2200 1983 2594 2631 2123 1616 2371 2217 2643 2541
5426 6002 6331 5273 5116 6528 6460 6716 6045 6068 5244 6197 5181 5872 5881 5515 5194 6247 6034 5736 5965 5236 5175 5530 5778 4859 5357 4458 4675
2910 3011 3144 7109 6147 6134 6086 7106 6943 5738 5799 7010 6427 6199 5962 5661 6820 6021 5965 5936 5728 5969 5709 6345 6651 6786 6285 6629 7177
4953 5620 5421 5239 4880 4725 4687 5798 4533 4773 4434 4954 5144 4732 4880 4727 5350 5632 5158 5161 5474 6682 6237 6034 5589 5763 6544 5543 6432
7737 6481 6820 7949 7875 6823 7042 7238 7319 6521 6499 7559 7320 7536 6596 6526 6937 7344 7440 7588 7955 6981 7581 6683 7900 6666 7201 3419 2417
6350 5871 5583 7004 5855 6231 6205 5972 6487 5508 6514 5674 6064 6856 6387 6404 6656 6624 5572 6493 6668 6427 7027 6169 6924 6472 3770 3866 4061
3939 4102 4096 2772 3456 3099 2833 4107 4149 3916 3179 4118 3278 3402 3303 3471 4220 3906 2808 3805 3491 2648 4237 3129 4028 3848 5710 4253 4344
5910 5351 4447 4768 5153 4842 5351 4970 5130 5390 4899 4954 5622 4829 5699 4752 4683 4373 5654 5417 4606 5072 5910 5262 4336 4641 5539 4007 5226
1392 2538 7442 4925 3323 5261 4169 6041 3431 3961 3159 6571 5326 4108 4848 8536 6459 2798 3393 3043 3344 4798 2823 3221 2395 4438 6066 6561 6079 5599
1403 3202 7853 5461 3100 5812 5295 6149 2473 5157 2509 6143 5058 3027 5185 7976 6345 2668 2893 3988 4723 3637 4014 3672 3369 4978 3370 6240 7305 3553
1694 3277 7755 5824 3245 5209 4152 6254 3431 4721 3136 6389 6907 3330 5707 8208 6240 2179 3357 4047 4773 3859 3861 4781 3470 5999 2751 5835 6944 4216
2416 3539 7479 5478 3438 5609 5043 3061 2495 4685 2688 6351 8224 3502 5831 8253 6583 2120 3522 3465 3733 4789 3778 3686 8432 5968 3029 6219 6374 3411
1636 4252 7937 5773 3899 5945 4102 2473 3767 4137 3555 6119 8116 2785 5924 7213 6025 3108 2734 3679 3798 3754 2783 3513 7941 4835 2292 5643 6668 3615
2108 3930 8018 6564 2730 5954 5401 2367 3751 4186 3109 5951 7764 3050 6748 8629 6649 2714 2219 4194 3897 4923 3413 3301 7369 5950 2190 5719 6339 4313
8263 3869 7244 6851 3070 6760 4890 3493 2444 3977 3281 6317 8327 3001 7031 7495 6794 2888 2629 4092 3795 4440 4031 3275 7723 4865 2921 6483 7095 2887
8404 2756 7092 5676 3939 6258 4645 1967 3950 4301 6113 6295 7514 4126 6251 8169 6535 2735 3164 2959 4088 4139 3837 3470 8132 5306 2542 6986 7161 2928
8287 3474 7847 6041 2710 5714 4383 1940 3525 4425 6006 6679 7268 4241 5876 7282 6520 2590 3263 3203 4796 4850 3576 4248 8173 5196 2411 6123 5914 3312
7297 4054 7956 5327 2858 5788 4507 3040 3516 5384 5573 3743 7664 3698 6062 7318 7251 2077 3199 4223 4187 4131 3596 4361 8072 5231 2013 6254 5982 2952
8223 4011 7879 5285 3566 5330 3850 3254 3242 5506 5168 3491 8324 3576 6696 7837 4472 2725 3714 3432 4179 6415 4213 4431 7767 5254 2919 6674 6209 3068
8182 3841 7333 6085 4132 5588 3342 3330 2742 4547 6275 3323 7112 3848 7231 7382 3588 1945 3314 3150 4636 5970 3049 3787 8049 5113 3500 5988 6483 3963
7336 2985 7643 6518 4125 6331 4496 2881 2947 8313 5741 3164 8059 3021 6927 7526 4191 3340 2859 3438 4436 5689 3732 3810 7697 5125 2336 6917 6918 3407
8207 2909 7224 6684 7448 6528 3907 3175 2874 7696 6216 3685 7704 3887 6909 7455 4236 2208 2796 4066 4792 6450 4142 3360 8601 4416 2873 6847 6259 2951
8119 2955 8048 5309 7177 5680 3545 3165 2530 8600 5359 2797 7603 3108 6691 8330 3461 2411 2552 4231 3972 6034 2041 4537 8332 5732 2452 6183 6464 4114
8249 4062 7877 5908 7787 6086 3555 3277 3975 7587 6101 4113 7791 3319 6249 8091 4340 2283 3411 2907 4691 6593 2627 3875 7983 5077 2397 6885 3552 4239
8153 3180 7542 6191 6890 6147 3559 2420 2975 8754 6295 3373 7666 3914 7179 8137 4142 2542 7529 3402 4235 6395 3257 4034 8647 5461 3469 6954 3207 2947
7285 3424 8464 6749 8133 5669 3114 3167 6323 7347 5311 2589 8122 4007 6373 7798 3576 2489 7354 3910 3841 6546 2438 3259 8894 5463 2854 6018 3556 3002
7791 4260 8404 5429 7905 6571 4218 2528 6187 8283 5574 3899 7515 3312 5771 8425 4670 2964 7148 3465 4219 6929 2274 4686 8488 4807 3429 3049 3361 2809
7929 3875 8211 6442 7070 5793 4078 2130 7249 8638 5687 2940 7233 2935 6058 7343 4512 2887 6837 1540 4667 6997 2264 4044 8350 5618 2019 4248 4084 4094
7647 3447 7320 6589 6914 5597 4401 2167 6671 8476 5878 3418 8032 3070 5677 8438 4478 3396 6357 2289 3569 5835 3341 3537 8731 4501 2286 2816 2755 2794
7736 4085 7206 5800 7914 6283 4391 2678 7521 7503 6018 3028 8219 3966 6254 7438 4207 1938 6460 1753 4058 6669 3238 3206 7910 4447 2107 3186 3464 3186
7296 2776 8370 6275 7370 5714 3738 2638 6816 7959 5975 3288 7527 3606 6741 7830 3168 3195 6232 1930 3720 6273 2047 4784 7929 5009 3063 3560 3672 3919
7581 3822 8256 5366 6888 5482 3256 3101 7576 7734 5268 2765 8136 3284 6932 5285 3251 2834 6168 1305 3739 6226 2129 3687 8385 5926 2190 3733 3898 3071
8360 3205 8322 6009 7142 5367 3898 2127 6253 8445 6583 3710 7381 4092 6536 4681 3732 3356 6631 1494 3537 6629 2390 3410 7897 5192 2969 3605 4140 2902
8714 3677 7858 6609 6935 5260 4217 3392 7636 7212 6540 3994 8147 3769 5881 5169 3313 2315 7362 2062 3303 6249 3435 3841 7894 4853 3465 4156 2753 4247
8837 4266 7814 6849 7663 6218 4012 2157 7350 7434 6427 3678 7989 3789 6138 4028 3326 2056 6451 1900 3818 7145 3322 3410 7580 5812 2226 3192 3794 2832
7370 2676 8637 6181 8157 5600 3386 3425 6835 8360 6031 2638 7803 3569 5662 3944 3406 2889 6699 2277 4449 6150 2284 3895 8728 5307 1970 4105 3767 4082
8059 3630 7505 6673 6705 7446 3908 3015 6139 7837 5417 3768 7273 2135 7030 5152 4203 6547 6647 1452 3333 6263 1963 8184 8049 8418 3231 3486 3837 3534
1 8 19 11 61252 1.0384713316356668
11 21 23 21 43604 0.9852180509065914
12 25 27 19 50565 1.0600706632719765
18 11 17 26 34057 0.9178680930498625
8 23 25 8 78118 0.9223757934115744
29 21 21 8 53605 0.9672429078917552
10 11 20 6 41674 1.0503037991815152
5 1 19 28 95301 1.0388099484355238
29 29 1 18 102926 1.0478363721723418
26 21 28 11 48226 0.9240994749756202
25 12 18 18 39183 0.9914201899761765
15 28 8 11 64321 0.9658588198990155
27 29 27 11 69997 1.0768571130683737
24 11 11 24 62591 0.9460606011392773
8 27 14 5 72311 1.0991008211285125
16 5 16 23 50772 1.0606209620428266
18 19 5 13 52936 1.0497105883353495
6 23 24 5 86232 1.0486633496472553
1 15 3 28 55296 0.9214695847688364
13 26 29 26 43000 1.096979157645725
25 8 5 18 75089 1.0165643159324085
26 6 8 3 71868 0.9822975664112875
18 2 3 2 65351 1.0137260725783364
27 3 9 4 80065 1.0830245112757408
3 21 5 6 57492 1.0253154608690396
6 24 2 5 77835 0.953103830130293
15 26 27 28 40110 1.0924556858068994
0 7 24 6 77459 0.9586427496244029
11 4 14 25 64404 0.982656959333432
9 6 15 26 63432 1.0431871446550698
26 27 18 10 55752 0.9494643071275829
2 1 21 9 88318 1.002176287171936
8 26 26 4 97384 0.9463861942735854
12 2 19 13 53279 1.019803133330658
5 3 29 5 91577 0.9512199660664762
10 3 2 8 42080 0.9918489497372605
20 12 1 1 89636 0.9289440664893176
3 23 25 25 73320 0.9838534856346124
12 20 6 29 44175 1.0997895613452284
27 16 3 18 70957 0.9366560266089198
22 0 7 8 74208 1.0043361726355653
27 17 19 26 35852 1.0873152418699101
26 4 28 20 69314 1.0927301758267713
17 8 20 19 31834 0.9809552231950703
21 25 16 12 45822 0.9272418091223201
25 15 8 21 61319 0.9964243140246154
12 7 13 16 37141 0.9568112315708951
14 4 21 16 50280 0.9879339003507588
28 22 16 25 41318 0.9042989723369877
15 16 6 5 53096 0.9336974352658127
8 12 9 2 54618 0.9339871379255538
29 29 6 20 89726 0.9765348946643417
3 17 25 27 75194 0.9874317802307653
22 16 21 3 38891 0.9043198296980265
14 11 16 27 45425 1.0457389353161377
23 7 11 5 37988 0.9453425696365716
29 22 26 1 83064 0.9829301698728782
7 3 12 16 59200 0.9827607493964822
8 23 24 8 77299 0.931205182864706
18 13 3 0 79009 0.9231550927594073
7 27 17 12 60502 0.9477869830811195
23 8 27 17 39159 0.956995469717055
23 6 29 11 38338 0.9601994746919841
23 18 0 26 79997 0.9166603146467696
1 4 23 13 86385 0.9240537817862655
1 17 28 11 84792 1.0604052034629952
16 8 28 24 67129 1.077477960187939
12 26 27 28 47771 0.9480103456098534
5 26 24 23 59299 0.9021104108510877
4 25 14 9 79547 0.9664080498747487
21 10 13 6 38322 0.9596115477960927
13 1 14 13 42940 0.9715736263727308
0 22 18 0 117985 1.0683490737253578
26 21 16 17 37793 1.002060537319885
22 19 27 1 65322 0.9461205711418564
21 21 2 21 69708 1.0862586133239562
11 23 17 9 53778 1.0094254839245254
25 17 18 6 40295 0.9022520019571417
7 17 29 12 75870 1.011171191516413
11 29 12 15 55780 0.9600145539229012
27 12 27 0 53047 1.0229104590931584
15 12 27 8 47984 1.0843587119729272
11 9 23 9 47790 0.9241254777701974
27 23 29 15 37633 1.080246310731015
9 5 13 24 76265 1.0059795817571549
14 8 12 23 47670 1.0127822879453245
0 14 8 23 51612 1.0605656201428806
27 18 4 27 77325 1.013148002693102
19 29 28 16 43771 0.9994983610761379
9 2 15 18 60565 0.9283873466893289
13 0 9 17 64709 0.9812364049007896
7 7 16 25 66408 0.9363948377751636
13 16 1 22 55383 0.9567920427844157
3 0 13 12 67854 1.0359117467192847
2 25 29 28 87205 1.0088988758896227
25 21 12 12 61351 0.9438110950079623
3 5 17 15 63889 1.096265621007788
12 17 18 28 39517 1.01864151617375
10 4 12 12 33165 1.079362460702124
20 29 18 17 26413 0.996935814927628
14 20 2 23 55616 1.0441396650649435
24 10 4 2 86977 1.075249760493618
5 6 18 26 81810 0.9842943938741048
27 24 10 5 92313 1.0598021620353602
25 21 27 11 48018 1.0499014551340062
9 6 26 6 58307 1.0444200602731275
9 27 26 16 70587 0.9177478115240802
29 27 12 23 60643 1.0554559908031873
18 20 27 9 56696 1.0627747299830963
19 8 6 17 47913 1.0399740379756222
27 15 7 28 88793 0.9254230090464548
9 7 27 7 50627 0.9604646147368694
15 20 24 6 48687 0.9740715760892967
29 18 18 6 49413 0.9142150595519969
6 12 23 7 66596 1.0954878265710963
26 3 15 12 62603 0.9246855687027322
8 2 20 17 75313 1.0235743800318993
2 13 17 10 59074 0.9108913718014495
22 0 28 29 99410 1.006073323623378
18 6 8 12 53795 0.9589269642272338
1 15 14 29 75156 1.0257938001996991
2 3 9 15 69339 0.9482502463438623
28 23 9 15 69096 0.9470725388144241
11 23 1 16 50733 1.0668950680306244
6 24 9 5 78060 0.9098206041889305
11 26 11 16 35721 1.0006200224345243
26 13 6 2 91021 0.9238568757767504
6 28 3 21 32200 1.0597860613608705
23 15 9 0 81882 0.9506733560374319
10 25 22 2 88721 1.0012282366774954
20 20 12 7 46525 0.9377226686673278
6 25 5 12 51649 1.069449351955155
5 11 15 18 51511 0.9423690406300127
10 7 22 0 61696 0.98748088671072
1 12 26 14 100219 0.9054366339153089
4 3 0 24 84720 1.07771676686388
6 29 0 4 100632 0.9759808470253197
15 20 7 0 69988 0.9453478798517865
25 16 4 3 92711 1.0914951053353512
10 6 25 0 69569 0.938493113485522
27 21 11 12 67560 1.061915066974466
27 19 19 29 30560 1.0012806280987359
3 18 21 28 68506 0.9269919070021705
14 2 2 10 63039 0.9809180034752355
4 24 27 8 102875 0.9894479928894256
26 28 27 13 62216 0.9634400150205986
19 14 8 28 54227 1.0095106564403349
22 29 15 24 29032 1.0674123369005957
29 22 14 7 63040 1.0233186483239238
0 8 9 16 61110 0.990861788215806
9 11 3 0 59523 0.9680422572339356
5 10 28 11 86642 1.0268069074654838
23 19 25 11 28287 0.912426307948059
7 8 1 22 67102 1.0585581930530739
10 12 3 24 62677 1.0075722451498312
5 13 27 21 80468 1.0015588971424585
14 22 11 0 63847 0.9673887288356985
29 19 21 28 36262 1.0419960126125012
1 6 22 3 80312 1.0398185936657094
1 22 9 12 62426 0.995195788040042
26 11 1 25 100920 0.9145426888773955
16 5 4 4 51133 0.967271687833123
27 26 16 10 59206 0.9154213635418605
11 20 6 5 63844 0.9268091092905927
19 5 12 2 45772 0.9863511291079798
25 20 10 6 65738 1.05636725720142
14 3 26 16 67196 1.0698102153167448
4 25 16 0 105409 1.0049240984109182
28 17 21 4 55526 1.0027025513605385
24 6 10 4 50925 1.0926434621619063
25 24 19 13 40765 1.034444498584813
2 16 20 22 58359 0.9342319933807891
10 27 11 9 61990 1.0612372970139654
29 9 0 17 101576 0.9302701693758944
2 20 0 11 47541 1.0126403661965258
22 3 11 12 58481 0.9880336240678149
23 3 4 4 81642 1.095830204712157
9 20 1 26 36681 1.0364877563567352
4 18 16 8 54047 1.0906782784542661
26 28 15 3 80473 0.9508350724420823
16 2 24 18 69167 0.9665006830252459
16 29 6 29 33821 1.0368323708287446
28 21 20 19 22306 1.090293563531854
0 8 21 7 61369 0.9308491871122468
9 4 20 16 58100 1.0200475706300522
1 29 2 19 47866 1.0997073132721136
25 6 25 19 42730 1.0974430621741706
17 18 16 5 40806 1.0645885830830806
17 12 25 23 43808 1.0975222583823185
27 9 16 26 72470 1.0337723124017837
24 3 23 19 53914 1.0399430197989603
29 19 17 22 26832 0.9646598835404352
24 27 2 29 75367 1.04748268973458
4 3 20 2 69519 0.911218588477811
17 17 22 8 31193 1.0411548337778005
7 11 11 20 49150 1.0080610231737201
6 1 13 10 52346 1.0954323107246668
12 21 13 1 73449 1.0794543485137138
4 12 0 25 61530 0.9650840314619802
17 21 3 6 72484 0.9804100961866581
17 29 1 13 82695 1.0917590356417788
29 7 19 20 48075 1.0568350986439268
24 18 3 20 68312 0.9368931026468833
6 8 19 13 50255 1.011435432237354
13 24 10 11 58017 0.9870129546963742
17 3 14 24 70942 1.0384540625838163
23 19 4 14 59138 1.025489495548936
25 16 18 22 29377 1.0761429975288785
18 4 3 18 76574 0.9141289167703985
14 19 5 2 80299 0.9754941832669748
21 29 12 26 31525 0.923106288036039
23 16 8 21 49609 0.907782735452972
26 11 6 6 71746 0.9784494642450432
4 3 4 16 46924 1.0604583264198975
22 11 14 19 37394 0.9218801420149186
13 8 28 2 59433 0.979493246223831
12 20 20 8 51020 0.9411866631381296
17 18 2 12 61779 0.9689843511520877
9 0 26 26 100256 0.9543646043707928
25 4 16 19 59459 0.9938646162534713
21 9 26 15 41018 1.0745068230612245
14 14 7 1 61765 0.9197028615726252
5 12 20 21 69160 0.9219281546918193
8 17 4 29 40688 0.9735644752786561
1 26 1 1 99570 0.9973149242305328
14 0 9 10 47844 0.9324570512382961
18 2 3 21 100471 0.9465356095057573
7 12 3 21 44270 1.0671167911481287
8 20 28 15 66514 1.0521236681504225
0 22 28 4 117534 1.0986593655815216
14 28 14 13 42115 1.0272349186831184
0 14 5 26 60938 1.042851801417844
14 21 25 23 40729 1.078536018071389
0 0 6 28 111019 0.9920552259991682
12 28 13 13 54526 0.9422437641184062
18 24 19 7 35345 1.0054901118587536
25 13 1 12 89606 1.019885431670358
17 0 1 11 80679 1.0816305295624444
0 27 7 3 112158 0.9733402566356762
23 3 19 9 31850 1.009539666498889
11 27 3 3 92526 1.0583734192472176
0 5 13 1 54379 0.9244060388389641
27 6 1 26 107006 1.094986888882243
6 16 14 27 51813 0.909819578122861
17 24 14 11 37945 0.9645799856881152
26 0 13 24 104029 1.0258389021769458
3 14 11 25 54618 0.9936388679448618
13 15 9 4 53957 1.0212792216929119
22 16 24 26 28023 1.0285837393035366
29 7 0 1 103392 1.0449552134491176
18 0 24 14 70981 1.018680064294943
24 22 6 10 76888 0.9159668608167085
1 9 27 1 105887 1.090532325693275
20 17 26 12 34879 1.0695072095408154
0 8 21 13 73534 1.054045328178426
25 24 28 16 42190 1.0438700172663002
16 7 28 28 71329 1.023886716656814
26 10 27 0 54014 1.0096843442981835
17 17 27 23 40934 0.940291452735175
28 26 2 17 80141 1.0046598726497218
5 18 17 25 49885 0.9083003904890857
28 12 11 5 68395 1.0913169085078738
29 13 4 26 91030 1.047143369382024
14 14 27 28 66848 0.9739082003868059
25 21 8 19 55213 0.9438738003595624
3 10 27 22 93707 0.975646857640568
0 0 28 8 100102 1.0039022272201947
6 7 4 19 47176 0.9094776057547158
14 25 16 10 45034 0.9180621339606357
9 21 1 4 77847 1.0333259935668275
29 4 3 26 114198 1.0357631413582966
8 12 21 29 78264 0.938199961900306
23 12 29 8 40365 1.081785675665216
6 3 25 8 72049 1.0612689795230426
9 2 0 22 99457 0.9217793382899472
19 28 15 4 53311 1.0159686766909581
12 17 28 1 79368 0.9649177981627541
17 3 4 17 75390 1.0163957075294847
9 26 24 29 49045 1.0139056059309826
28 22 14 3 75081 0.9647831292981107
23 8 14 27 66846 0.9443728909191005
16 27 27 7 68005 1.0518120855899415
12 8 28 12 61567 0.9193500304618946
13 19 6 5 67332 1.045685700295358
16 23 28 4 68628 0.9354943619524319
12 11 5 4 41001 1.0617330733585815
12 15 9 26 42721 1.077630602388483
8 18 25 19 42859 1.0687277446972694
29 27 5 4 112909 1.039187191425012
21 21 13 13 43115 1.0260340629518798
22 28 6 11 78910 0.9951538834806691
6 11 20 11 56408 1.0670249835535004
28 10 9 13 71174 1.046777708630608
26 9 2 19 95687 0.9452723962305241
21 1 0 27 121733 1.0754985952605232
19 6 9 0 52184 0.9550330123788562
13 2 5 8 48483 0.9004741134042712
2 17 15 1 76571 0.9695860836089225
16 14 3 26 63082 1.009613365665134
18 14 12 1 58032 0.9845265501349414
21 8 9 11 49954 1.0624623888385922
27 24 14 6 76467 1.0882102223164782
13 8 4 6 30762 1.079848100053846
12 23 21 14 48000 1.050308057681228
9 10 18 29 70185 1.0027886563163133
5 18 28 19 57110 1.067866555752132
27 20 6 14 66967 1.0183669984152872
8 6 14 26 70267 0.930373958373963
20 14 4 4 71005 1.0371762012746513
11 3 29 24 93168 1.0743115029515682
1 0 18 14 86649 0.9382056084119168
29 7 18 12 43244 1.0773257594657326
22 24 25 15 33661 0.9212551851057985
6 15 28 12 80956 0.961014549667018
25 2 7 17 87060 0.9140198573776149
5 26 20 4 81959 1.0703070488440838
19 17 20 28 22003 1.0787423867537107
0 10 15 22 74442 1.0286233853204259
6 2 18 25 90599 1.061851214612243
7 3 26 5 80382 1.0079171540815626
2 2 23 9 88063 1.0099090232950736
29 23 16 18 51391 0.9669184852401562
28 0 4 13 110972 0.9043310835503837
7 26 11 7 61265 0.9931230942076906
14 11 20 0 51782 1.0250033499973983
2 13 26 10 92213 1.0219779193157348
26 13 4 27 90341 1.0649094939480448
29 21 10 27 68566 0.9120224198485523
10 29 27 8 92423 1.0968088803710885
23 27 4 26 52787 1.0430365495347167
18 0 1 3 74760 1.0680026637394786
13 3 20 11 45796 1.0604320869989659
22 8 8 21 61762 1.0769383087577749
1 16 20 27 71933 1.0410745065827973
19 28 2 28 62136 1.0366104281425277
16 10 15 28 44934 1.0387473993405878
26 22 8 22 53789 0.9659403378391787
14 8 9 24 62489 0.9871023338392781
6 15 26 2 104483 1.0592576877223026
8 1 22 20 77677 0.9380757085302731
20 13 23 6 25599 0.9088203948810325
20 6 9 25 69078 1.013652051939824
23 26 15 2 68381 0.9894251500830702
24 6 16 11 33346 0.9775449037097812
26 4 13 16 73468 1.048341445689876
11 20 10 11 34291 0.912661195402796
3 22 21 28 66639 1.0610653527688496
15 15 26 10 51260 0.927829788804933
3 13 8 27 49063 1.056114332475233
20 7 22 27 42245 1.0752892695062506
11 15 1 2 76767 1.0521506216398586
6 25 8 14 49503 0.9960197261108575
12 10 9 24 60585 1.084529074112218
5 17 28 18 58337 0.9597599409017229
4 27 0 12 68616 1.0208061763860365
12 28 26 7 79982 1.0999719756789654
20 7 15 24 41872 0.9305617156716502
2 10 24 27 98543 0.9560795250581556
13 26 2 24 35526 0.9788101123782007
22 23 22 3 49751 0.9730266751948216
4 16 1 25 42668 0.9066436523132428
26 23 4 2 110409 0.9197557407307663
5 27 7 10 66738 1.0415637542403005
25 29 8 8 88595 0.9016455322178966
11 0 8 19 60240 1.0473486660212674
19 3 1 0 75128 0.9097515466010881
6 27 19 7 70170 1.0599827237400579
8 25 11 14 34190 0.9112623152448798
11 2 6 10 37511 1.0255398257398216
9 27 25 14 76881 1.0959742394967973
4 28 22 14 79145 1.0698579344143375
24 11 1 6 80324 1.0560772015400024
26 11 12 10 53730 0.9258040954044074
20 25 2 11 85541 1.0544694006709556
17 26 15 18 22169 1.0155585766036308
25 13 29 21 43712 0.9024473150578943
13 27 12 5 71806 1.0811156230774996
14 28 13 15 46328 1.0045621582395883
15 29 23 2 83034 0.9264804499900868
19 1 25 6 44694 0.9677898801407252
14 12 28 10 56214 1.0142912722599393
25 1 15 4 49935 1.0174469724469848
25 21 16 19 31723 0.9409781595240845
28 1 5 2 88396 0.9628064404654364
9 4 11 29 86960 0.935224781296514
29 19 26 28 38989 1.0775267012308312
20 11 10 25 56924 1.0318413208214858
11 27 29 2 104851 1.0065577459556705
25 25 10 18 61801 0.9777710534796364
27 18 15 7 51263 0.9529615682051138
28 22 11 8 69641 1.0976348693807216
12 15 10 26 44734 1.0285667458091705
9 23 23 3 88209 0.945277246716546
1 13 0 0 58657 1.054142890796232
8 4 7 20 66697 0.9809974235800245
2 9 12 11 46807 1.0410055293449796
11 4 11 14 29688 0.9805910633175259
0 12 20 11 77341 1.091037884330415
19 2 27 24 85447 0.9829773322628889
7 22 26 1 105041 1.064336678765677
2 16 29 18 75633 0.9609098555588804
20 15 22 0 58010 1.0730606281480277
6 17 29 13 73136 1.0749385911000082
11 7 6 14 40117 1.0582065100216467
1 11 6 6 32125 0.9911031684283717
15 25 23 20 32605 1.026152192864162
5 1 6 10 42399 1.0903926540591762
28 10 8 29 94115 1.0906948125744595
2 3 25 27 116555 0.9172401077876721
4 15 19 4 72939 0.9124010437112401
4 26 4 4 80526 0.9352122173641674
4 29 29 17 90834 0.9907201177249795
19 19 9 24 45382 1.0742987195208942
29 28 18 16 55549 1.0216440372920044
23 9 15 29 62475 0.9798488181266892
23 1 15 6 47028 1.0593307843412243
24 4 17 19 55079 0.9170109741491463
29 12 3 27 104014 1.0932849264199993
1 7 5 28 93023 0.96159250699052
4 27 19 29 51670 1.056904808334382
28 4 28 15 38840 1.0561232163638778
25 17 0 21 84012 0.9146666706863796
27 8 12 1 67444 1.097961326635822
9 12 26 26 77380 1.0222805915364637
7 26 21 4 83762 1.0027165643681828
3 22 8 4 77616 1.0556628559251067
28 0 29 26 96571 0.9456435788078202
28 14 27 5 37681 0.9557022118689384
3 13 24 5 86780 1.0304332140880295
15 14 15 27 28674 0.9109947049685136
6 12 22 28 75585 1.01926082149843
23 28 0 22 82051 1.057768137021239
27 15 4 19 77837 1.0543107976169357
19 4 28 0 51318 0.9635068449548776
4 14 14 13 39499 1.0374330232005746
21 5 10 2 57708 0.9404448646862125
19 22 22 15 18742 1.087082176297422
22 19 12 27 43889 1.089381943612187
14 2 8 11 54403 1.0526568927409854
29 5 19 19 55424 0.9168883163361503
9 16 27 21 60361 0.9330307207629334
22 21 16 0 71475 1.0497649150194952
26 8 11 21 76719 0.9894100148651117
12 14 22 23 55483 1.0611422514096651
11 29 26 2 110644 1.0386644754909973
27 21 0 15 91267 1.0656312105099908
14 17 7 26 36600 1.0793205663815437
25 14 8 8 69546 1.090188145882709
4 2 17 29 103031 0.9114071014408095
21 3 24 25 70225 1.0876986851864203
17 27 23 9 54578 0.9331679869308228
20 21 16 2 63656 0.9546662360356332
9 11 8 21 39675 0.9869857984837591
27 27 26 2 99325 1.052605810461342
3 27 5 11 64572 1.0005687474508016
19 7 12 19 43123 0.9313919321987137
12 8 28 18 59763 1.051693046183169
15 29 2 22 53867 0.9541725261678787
4 11 15 9 47454 1.0372864944175715
27 16 20 28 48559 0.94874495196729
27 29 4 15 90668 0.9675980808451055
4 1 22 11 80505 0.9537179433258212
21 19 18 5 33376 1.04390450262904
11 24 3 6 79721 0.9011557627999203
6 21 21 12 61355 0.9755233323466582
20 29 18 0 80580 1.0485943378820304
4 23 28 10 96065 0.9930407729435333
9 8 24 5 53817 1.0671655524240324
6 17 9 2 67320 1.0280320062442585
2 12 6 28 69246 1.0394555594952637
6 28 29 0 128120 1.0724812744424708
0 21 13 5 94733 0.9690671491066799
2 13 4 1 48788 1.0296629350344175
5 22 10 2 81515 1.090234289557456
18 13 10 0 60549 0.9333357224323261
22 10 3 24 81367 0.9985504415177453
11 28 20 17 46316 1.0676094726842542
0 10 24 24 105418 0.9496671436310947
20 3 1 11 81520 1.0661539552033261
29 17 22 3 58481 0.9894502694083572
5 24 2 12 59437 1.07078674146941
3 25 28 19 73836 1.0123123646560757
13 6 10 13 33246 1.0340664732133753
21 9 8 11 57745 1.060475280356021
8 17 23 2 79008 0.905435596170759
2 26 24 23 67371 0.9537740212569181
4 2 26 26 110965 1.055821814966671
17 8 10 4 31716 0.9212748580510769
1 23 19 13 72720 1.0255451762709764
4 15 25 13 72033 1.0399105213947082
20 12 28 14 36528 0.9593846562114273
1 24 18 14 75589 0.9790661166107519
12 16 23 29 56893 0.9806435038707793
14 1 9 26 81610 0.9849255238220074
16 26 19 19 21212 0.9171906834694554
18 9 5 8 51524 0.9218872995271362
10 9 5 18 49275 1.0102614156490466
12 13 24 22 49460 0.9965605356856319
2 14 7 6 45181 1.0632188385461199
11 18 29 23 60799 1.0563551018845334
26 28 26 5 82827 0.9524675051751601
4 28 15 3 92526 1.0948508694758066
11 11 23 10 43779 0.9493876809272253
8 0 2 24 108510 0.9083699296071884
8 25 17 27 29649 1.0215868491929017
7 19 1 9 53377 0.9487797611272455
28 15 27 27 45331 1.0648231126213419
0 20 10 22 43844 1.0252870800077967
7 27 13 2 93847 0.9145315142791578
9 12 25 2 84562 1.0050549346110658
15 4 25 18 53929 0.9342315273963877
9 13 25 2 85450 0.9670375341408642
8 3 15 17 57962 0.9354889471468686
3 21 27 16 81321 0.9221665889540994
5 21 25 7 81323 0.9318035941848529
10 4 8 15 53906 0.9468444427449457
20 11 8 11 43796 1.0127971466985417
24 3 10 23 89214 1.089757111119741
9 24 20 23 46298 0.904927662202013
20 22 7 5 73133 1.0864501625308487
29 4 16 24 82124 0.9880057267445377
0 12 17 20 71021 1.0747599568235708
19 16 2 1 87171 0.9978819650065225
13 23 28 27 53773 0.9567059472983533
8 19 25 8 68796 0.9131301545016648
4 0 8 27 93683 1.097982779448924
17 9 28 19 43205 1.0213181045154696
13 7 27 28 77179 0.9957970204377792
17 5 3 17 68573 0.901434226372918
29 11 0 4 105877 0.9977633027223302
12 28 10 16 48938 0.9456396251267907
16 10 28 5 51918 0.9637973459254163
20 17 17 29 28053 0.902361218558457
6 28 23 18 67927 0.9688255946025754
9 7 27 28 89684 1.0265798744148396
20 19 22 7 28541 0.915907206510904
10 1 15 7 30949 0.9670433535614242
17 9 20 19 28195 1.0335399114570767
4 1 12 27 105279 0.9219839716202115
9 27 4 17 38439 0.9135996801478069
3 9 13 10 47295 1.0881649341669761
27 13 23 25 49224 0.9460667532533167
11 21 26 4 87316 1.0723689966468628
6 25 6 1 90582 1.0655483355667128
20 24 29 6 63132 0.9786447570795045
21 22 15 26 24273 1.0097768450608844
12 19 14 2 62653 0.9333403785837341
5 0 7 13 57145 1.0163190282958483
27 7 10 10 55823 0.9740341326166089
1 24 4 10 57959 1.0070720798019182
9 16 28 26 66682 1.0886172437485324
26 6 22 23 51626 1.0633554385682826
18 4 23 10 36197 0.9064189303116748
6 12 28 16 78871 0.9676734623021267
10 16 15 28 40467 1.059338782674243
28 16 8 23 68235 0.9493535776682639
12 24 28 26 54395 1.0258188575728004
10 23 16 18 32605 0.9664956649134093
7 21 1 13 45687 1.0885288203816494
27 19 16 22 26360 0.9723727616368502
22 25 17 20 24566 1.0933063010496895
11 28 25 14 72953 1.0145583402259977
28 13 10 27 79068 1.0174235561244525
1 6 21 15 83834 0.9408878213284546
29 9 15 29 84392 1.0855737192840131
8 6 28 16 84312 1.0639275817878902
2 24 5 0 91701 0.9732758717417216
21 7 14 0 44687 0.9934136050485065
21 22 26 27 29250 0.9006307858371181
6 6 1 19 59427 1.0383333832153143
9 14 26 26 72812 1.0376184356692932
1 6 6 15 49056 0.9305939030459955
29 22 22 14 33641 0.9767850048114761
9 11 4 27 66590 0.9157968776596254
11 21 26 17 53932 0.9190618481168346
22 21 10 7 56988 1.0095595243666458
3 28 29 11 108080 0.9845171561088285
19 20 12 28 40504 0.9154965012982436
29 2 16 0 57063 0.95818056379305
22 6 24 24 50360 1.0800069908359446
29 29 20 16 58719 1.0617002036517094
22 0 13 2 42951 0.9845313277200048
9 18 18 26 43457 1.038139566118817
7 11 24 14 73057 1.0065843325439083
9 24 17 26 31051 0.9078636844889136
21 26 8 4 76410 1.0859727500987246
20 0 7 0 51750 0.9076447124121613
11 23 6 17 31610 0.9250218532659719
3 17 1 5 51444 0.9607427947101406
3 27 29 5 114021 1.0746043816041944
20 17 3 11 63962 1.0976942710057191
20 2 1 10 81090 0.9200180150978304
25 11 10 25 73133 1.0089989376714465
9 29 17 3 91881 0.9132325238491763
17 2 27 6 55506 1.084252718443707
0 20 25 4 109393 1.0814722383320947
28 24 20 14 47412 0.9970885969114399
23 15 29 10 44051 0.9340006036156245
29 12 4 28 108214 0.952534372105022
15 23 16 12 33560 1.068731900658222
6 20 14 11 48588 1.0702533950885698
0 20 29 7 107090 0.942339739492164
14 3 3 13 69207 1.0870808720153153
12 9 0 15 66938 1.0619875100882346
13 3 21 20 63738 1.0093937031228122
29 19 23 29 39258 0.9799240516879795
29 19 7 2 92907 0.9228024904437907
18 29 8 20 47077 1.0788807331459809
24 23 22 7 42110 0.977232781444132
20 17 1 2 94760 0.9771290443624611
21 29 22 11 42699 0.9024855651204257
27 17 18 28 42604 1.0632307169862145
25 3 19 8 36614 1.0471103056366997
17 19 13 8 34866 1.0784582638413365
14 19 28 16 45399 0.9970384357599252
24 0 3 20 108861 0.9674045128034732
10 29 11 7 72759 1.027012035812766
17 7 21 19 29550 1.0521506786408255
7 25 18 3 88973 0.9334379608585788
12 21 19 3 70244 0.996267057376313
8 20 3 14 30687 1.0887175944277203
15 15 0 21 61471 1.0281532618743512
8 11 16 21 56440 1.0410131841680106
9 11 27 24 85174 0.9044982353457693
24 1 26 19 63795 1.0547036778458638
4 17 23 5 75123 0.9202379577650653
27 24 27 10 61903 1.0233721832091633
27 16 8 28 76357 0.9961574184101901
3 18 4 2 57955 0.9024327466218011
10 7 16 2 38772 1.0434139383550003
24 15 12 21 56359 0.9273600919599982
20 5 14 10 32331 0.9091593860249013
1 9 8 4 41219 0.947301692259738
20 5 6 22 72402 1.0739286619715573
19 23 10 27 36373 1.0948047874612794
3 16 3 5 36351 0.9499799431010522
24 15 21 24 36140 0.9896593605795527
26 10 17 0 75678 0.9957636647519624
1 15 16 13 60348 0.9143351252666528
16 27 20 3 63896 0.90748131956982
13 0 28 23 95390 0.9372167310935149
7 2 0 9 52785 1.0526136882319816
25 27 6 4 98641 1.0828271255460515
10 8 5 29 77300 0.969730707333169
2 21 1 12 43238 0.9006162423448857
16 2 8 0 41707 0.9900956842830346
29 27 14 15 68354 1.0345987492719015
4 2 13 16 73902 0.9124827889035168
7 21 10 13 34520 0.904681087399858
17 29 18 15 34814 1.0844677046191475
15 24 29 25 45386 1.0312319244310975
19 25 13 4 62476 0.9417428657248198
10 13 28 8 69881 1.0558420660061374
28 14 18 18 41950 0.9036642568781484
17 5 9 2 48998 1.0190366177180914
16 9 1 6 57348 1.0285876575305801
24 7 25 22 44530 1.0540220986762754
20 5 6 27 78913 0.9696149406454575
26 29 12 15 73862 0.9696719613707213
23 27 16 2 78034 0.9281034340838815
9 15 18 6 56272 1.0305982451778737
18 29 3 10 87121 0.9352173767238716
3 23 26 2 122375 1.083544279434095
19 17 28 25 40671 1.0954581479485235
25 11 29 17 36768 0.9944217490139797
25 15 22 6 34979 0.9190923223992268
26 21 18 19 30195 0.94221390550755
20 15 17 27 33596 0.9766076265498278
8 19 14 27 38816 1.0877683038032553
17 5 20 28 52792 0.9688008107780964
27 12 0 7 100523 1.0219965836033453
28 26 17 2 82692 0.9116497514266816
28 4 27 17 49420 1.0800673612736476
27 19 1 0 105087 1.0658212199598938
22 6 19 19 28906 1.043235167154615
25 2 22 27 76001 1.050626127532817
24 16 9 0 82261 0.9268175539828016
3 27 10 9 75837 1.0890135035174837
11 10 19 22 46960 1.0971045966689497
8 9 13 18 51129 0.9979822888926685
23 29 26 7 63544 0.9504901153715495
7 0 8 18 72085 1.0677343921301652
7 28 17 0 104910 1.0402925388049358
3 5 5 24 76160 0.90924813523204
2 11 13 3 61611 0.9892705544828275
2 25 29 2 129891 0.9140733844040838
20 8 4 4 59297 0.930174435584606
25 2 29 22 81141 0.9974749273914001
1 20 17 8 76754 0.9553937460756308
18 18 11 11 39140 1.0382526555294613
11 20 1 1 92814 0.9906450410061504
21 11 3 28 81211 0.9553003151777457
3 18 27 16 70957 1.046224254459481
27 26 13 10 70575 1.0467054483344058
9 1 17 19 65572 0.9554279816865237
4 8 29 16 94812 0.9369169432322462
0 15 27 12 101064 1.0708306544055377
4 8 26 17 82121 0.991618520716488
8 4 21 29 83820 0.9810398638186743
18 24 12 11 50650 0.9777329430835959
13 11 22 29 58144 0.9101464734886487
17 1 23 22 68961 1.0034500677269815
19 13 7 22 49171 0.9036380410335683
24 23 25 1 76871 0.9631262336017776
3 24 12 28 39117 1.0972806303649483
7 17 9 28 33265 1.006936245266891
24 22 20 4 49551 0.9679138939246327
5 14 2 26 50851 0.9876387049321427
7 29 15 7 69859 1.0922089100661612
17 23 19 0 68682 0.9582337257787442
26 21 19 14 34224 1.0755520972111878
15 20 25 9 53558 1.0149628818368175
5 26 1 14 57469 0.9584425790935114
29 15 16 17 45704 1.0040076939472524
10 27 22 17 52044 0.9527798664424867
8 26 27 10 87040 1.0133083900162727
18 16 26 3 61330 0.9198094097724183
19 0 5 25 112920 0.9439597289173197
25 17 28 3 56563 0.9401252232676285
17 16 12 28 45208 0.9887204743872217
26 24 13 5 83778 0.9904465555430058
6 15 17 11 47714 0.9097950600525744
5 9 2 25 68009 0.9420704799464745
21 21 28 8 57247 0.9870524010810373
5 0 9 25 95468 0.9970028225386558
29 15 2 7 105653 0.9099746173376521
5 9 14 7 35745 1.031626279352991
12 0 15 27 80313 1.029624549594975
25 12 25 29 61465 0.9888940191610993
7 13 1 2 61488 0.9558589656404225
7 28 19 20 52675 0.9032429065462412
2 17 14 14 47121 1.0249589532337067
2 11 6 19 40209 1.0930507692421016
14 23 3 14 59446 0.9616508104835592
4 9 10 18 48615 1.027983569491846
23 14 10 13 50466 0.9553391382587313
17 7 24 10 31292 1.0254786071640085
13 22 0 29 64024 0.9884568308059476
28 20 26 7 51479 0.9240752704669482
17 23 18 11 27679 0.9963840013245794
29 1 15 9 63365 0.9199996859430777
13 18 9 4 55479 1.0184490147910055
20 7 7 12 61504 1.0304926214182761
1 22 14 28 59763 0.9774491796629348
27 10 9 23 85788 1.004090136364134
22 9 12 29 64988 1.0948707910099729
12 3 19 24 67708 0.9321054706152834
1 14 27 22 91520 0.9764883259597303
4 20 16 27 56010 1.0328977172082912
17 27 23 10 49886 1.0527876763438384
28 20 17 4 59430 0.9657932203603038
13 0 9 14 58377 0.9437806857425505
13 25 7 7 71395 1.0319567659417521
1 3 22 18 95755 1.0952122471074424
22 2 29 24 79646 0.9413425260229942
2 27 24 25 71797 0.9303384346041599
10 11 13 24 58017 1.0950912362011278
21 4 5 24 94746 0.9065603859841483
9 14 21 24 60136 0.9680937394147406
1 1 7 7 40688 1.021458859209694
13 29 7 18 43293 0.9780210547369872
13 10 26 10 56017 1.0386096043322557
21 29 29 5 78599 1.0750222832494059
29 0 3 29 139605 1.016219172790088
22 5 22 18 29112 0.9660083379024589
4 4 23 24 98565 0.9206468884032198
18 11 4 26 67121 1.0474737910522356
23 26 29 2 84149 1.0449872687700188
3 13 17 9 61273 1.0231495370226742
14 2 20 11 46019 1.0017419337818179
4 8 16 0 57827 0.9238832291002447
6 5 26 16 84359 1.0552965742254885
8 14 1 10 39895 1.0854841175562264
28 18 0 19 80229 1.048970068106808
11 17 20 5 45883 1.0843761234617681
27 7 12 15 68730 1.0415779843438109
21 28 14 20 37522 0.9757853142093533
8 19 27 8 74519 1.0123943995707947
28 9 23 1 46260 0.9439838095955313
2 2 5 9 35262 0.930802590476236
15 23 5 20 43355 1.0109169103681204
27 2 21 20 72470 0.9375412030472827
0 6 15 24 88411 1.03827462404527
25 1 12 13 76271 1.097951604740953
0 1 10 13 75580 1.0388790663580916
21 17 5 10 66677 0.9670246956105436
10 7 23 18 60769 0.9131654521090012
1 19 27 29 100072 1.0704403195022996
26 25 29 10 69559 0.9692394161499599
8 24 23 10 68563 1.0595136704171484
28 0 11 0 66062 1.0196718797622362
27 27 9 27 57747 0.9237118660760507
23 9 12 27 72250 1.0298527473102075
24 20 9 19 50977 0.9749815587676202
9 14 7 28 49568 0.972477622866029
0 9 26 23 110852 0.9128711824930529
19 18 4 26 52505 0.9276029437400202
2 4 22 6 68664 1.0095708968839712
22 10 5 22 70322 1.036687331729571
14 7 21 10 31113 0.907516663385446
23 2 16 8 48743 1.0565601367137358
21 18 7 0 82213 0.908793096338351
11 27 17 14 45471 1.0782059377034299
19 25 9 4 67326 1.068372339999556
26 2 19 22 71795 0.9016408192743318
9 11 25 18 62061 0.9793332328948064
16 21 25 13 46643 0.9045168113549049
29 8 20 29 72207 1.0149854950728447
21 24 19 1 66129 0.953689798637059
0 15 24 28 94135 0.9434580844962409
24 9 9 29 88378 0.9985818112613503
0 8 18 16 74392 0.9084129816557615
11 21 18 10 49664 0.944013179876394
21 6 2 0 79377 1.0461215020734762
24 4 6 17 78310 1.0875661837413442
8 27 22 9 69934 1.0224454237135148
2 23 3 14 36741 1.0955804826621742
4 7 20 0 68429 0.9287154282714977
18 20 4 27 57132 0.9157862473206244
15 15 20 2 49565 1.010359386284371
2 5 27 17 96467 1.0651694047162867
0 27 29 16 104602 0.9356750571786389
25 12 20 25 49245 1.0912110635215477
25 6 18 3 41877 1.0373381309243697
17 2 3 27 105909 0.9055746670707228
1 26 7 17 41003 0.9363949250274768
17 4 17 19 45973 0.977196955117016
16 28 13 8 52060 1.0088641146772177
8 16 11 5 51361 0.9630492366410464
12 14 9 2 53432 1.0595521850289085
21 22 9 26 40366 0.9161603321198416
7 8 16 18 51589 1.040230202941927
5 22 13 8 65214 0.964080367574211
10 10 3 26 69086 1.0420347570755861
28 1 20 26 77678 1.052330322763267
27 18 9 4 77780 0.958013979578203
27 13 18 0 76432 0.9517962076836222
5 7 26 6 63749 0.9039336299024946
9 19 29 20 59643 0.9459815637958948
17 28 2 10 87554 1.080374459926389
3 2 16 13 67931 0.9062025406627473
4 16 28 27 84681 1.0783277925869583
28 21 6 1 100366 1.0019556018700821
21 2 19 10 33137 1.0885439836875346
27 1 10 14 93037 1.0698453121532325
20 17 10 0 69076 1.0035970110438344
29 14 16 26 62500 1.055226129454646
1 1 14 22 97533 1.013859708376413
26 16 1 24 91881 0.9200137416252273
8 6 2 10 32733 1.0841292270018326
6 8 21 8 51856 1.0758285907322482
12 26 18 1 80889 1.0472992892745996
25 7 8 28 81600 0.931053260301131
21 12 14 27 51044 0.9321986726856292
26 18 9 28 69242 1.0617634438964578
4 20 5 11 40270 1.0737208575253931
17 6 23 10 29174 1.030835633389645
15 18 3 28 55955 0.9146362353903958
8 1 19 5 52819 1.0962338418851925
29 5 1 14 112886 0.9373966002742709
17 21 5 25 49099 1.08539105779948
13 23 2 2 99503 1.094842467741237
14 21 14 1 61026 1.0878079087551158
22 16 26 0 64371 1.0935065352092268
8 8 25 12 65118 0.9581796996448964
21 13 3 23 70272 0.9073254887589366
17 23 14 2 65277 0.9326932990916742
8 5 28 19 81618 1.076181600559398
15 14 4 9 50508 1.0245610054631866
15 9 25 24 61646 0.9438237358011604
9 23 27 1 106913 1.0127541793563637
20 24 2 18 62723 1.0135865957400298
20 4 24 15 47310 0.9018694690574254
19 5 18 19 26441 0.9104667899072286
20 25 1 23 66434 0.9567193409118445
13 26 18 0 85246 1.0841729686044885
1 27 22 8 95162 0.9478336433462808
6 24 24 1 106352 0.9747930791536122
29 22 6 0 110014 1.079359893651468
3 16 19 28 63130 1.025934756714077
20 8 11 22 52711 1.034985667656756
8 22 25 14 69010 0.9456276711431791
18 13 5 1 71742 0.9171244900086485
6 10 18 24 73552 1.030535932439557
14 7 8 19 46776 0.9648618027943368
24 13 17 4 45834 0.9902013824394289
16 21 0 29 73566 0.9709080480596775
9 11 26 9 69745 1.0577943980486684
15 14 0 12 59176 0.92013797517703
10 0 16 6 41686 1.0130070326671174
10 13 9 25 43915 0.9338961514788576
11 17 28 11 58988 1.0729574189349307
16 24 23 1 76925 1.0517425035986938
29 7 22 23 54711 0.9176649733475647
26 11 7 9 74244 1.0206303864925301
24 7 1 27 99094 1.0784266233957436
28 1 25 16 63326 0.9564781935056871
10 28 29 23 73447 0.9219438050215197
11 22 2 17 38388 1.0305062194181764
7 16 17 12 41972 1.04442416076956
15 12 18 27 42532 0.9515567546805891
16 5 26 1 59416 0.9709573808261603
18 26 23 7 44528 1.0601986038917275
3 9 23 14 79841 1.032562030021126
2 25 20 21 64622 0.94562170039587
1 6 9 22 74942 0.9887395885655366
21 20 0 10 85296 0.9032505905974139
20 15 21 2 49602 1.0880456640627192
20 1 5 7 61939 0.9082040496948135
10 15 12 27 49405 0.9132784699301731
15 8 27 3 56114 1.051842515964609
14 16 2 14 51991 0.9249168115973718
10 12 28 15 76247 1.0919798061359338
21 25 25 5 60320 0.9155103680247414
3 27 25 11 90161 1.09729166988881
13 23 25 25 46165 1.093813367783631
24 1 26 18 70994 0.9142580422490535
5 28 3 6 87280 0.9752610455540749
8 4 10 18 55730 0.9750548443831534
20 10 8 7 42855 0.9792708694500194
6 7 7 28 74165 1.0182436886948962
4 8 2 20 47774 1.0884260730483246
11 2 1 7 45544 0.9518984289000937
1 21 11 9 67885 0.985244287480127
9 6 12 27 78953 0.9272521137495973
4 3 20 26 90894 0.9544118638967246
27 4 5 20 101146 0.9540893173000615
11 28 7 4 91003 0.9089959985091376
2 6 29 27 115698 0.9402160256425212
21 5 5 6 61235 1.098788241586736
3 19 27 19 64066 0.9344632797982726
3 23 16 7 73455 1.0240102692443083
29 14 13 18 61244 1.0085138426845623
2 11 25 3 98232 1.028433108326699
24 3 25 18 61871 0.9130555249244655
4 24 8 11 66427 0.9960831640937867
4 14 11 6 46583 0.9650582482761251
6 15 20 19 44482 1.0226868298746952
4 27 18 1 106856 1.0098203785113469
1 2 6 11 52293 1.0426590721628164
22 9 26 0 50846 0.9888376984373197
28 28 26 18 46766 0.9697855983802076
27 26 24 0 89345 1.0293095665389194
2 16 13 20 47704 0.9740069726279973
28 6 28 27 77586 1.0697426484403025
20 3 15 13 40800 0.9137463980924477
27 23 22 3 67174 1.0133832532931648
20 3 5 27 92170 1.0238313589696448
23 8 13 26 63735 1.0299692170310442
20 12 7 18 46061 0.9951470941950108
1 0 23 25 114552 0.9388989403153959
3 19 20 22 56175 1.0113804113417093
4 23 17 16 51042 0.9919834444292948
22 14 6 28 70729 0.949385160859008
8 9 18 19 60533 0.9831732015905161
0 3 5 29 107908 1.0501183239293532
20 21 16 1 65592 0.9770884956189242
29 1 3 18 108509 1.0626162446778638
23 21 1 19 73866 0.9127615340626481
10 7 9 25 64786 1.0085929303171244
19 27 0 1 110265 1.055408186593937
8 21 3 11 41949 0.9244956691150029
18 22 2 27 57591 0.9260295908245486
20 28 5 1 99385 1.069817176103259
28 23 7 10 93939 1.0170994117863537
13 9 3 3 50755 0.9973082097346735
12 23 10 3 72811 0.9942790529797643
12 26 2 9 75341 0.9276379310875954
13 16 10 1 54863 1.0033793402961386
14 21 9 14 44447 1.0597414789700956
23 14 5 15 68202 1.0752317278696355
3 6 27 10 87352 0.9032022682800134
26 24 0 4 121919 1.0292212848279487
1 4 24 0 87931 0.9252702601162871
0 18 28 1 114522 1.063708549022833
4 20 6 5 60736 0.9683094311736159
12 17 1 29 60855 0.9629207017509099
19 19 10 7 47223 1.0435240967973136
7 14 13 7 47195 1.0080887181474996
18 19 7 27 51610 0.9640076142914241
14 20 13 10 36409 1.08399862246497
27 9 15 13 56241 1.0705681242656713
21 14 11 2 56924 0.9207162043153879
8 20 19 22 39821 0.9477112790767332
20 15 29 23 47328 1.0492542870626753
0 20 27 26 95564 1.0132193783024313
24 19 8 24 51427 0.9408586425388484
13 20 0 24 58670 0.9581748561931802
18 1 11 24 85179 1.0931503199948078
3 3 13 8 44873 0.9371959817768823
12 18 18 11 31642 0.989137752486826
29 16 29 4 53219 1.0532726715470204
12 3 24 6 55472 0.9978071053493658
0 28 29 27 97592 1.0450801580125795
4 15 20 2 83140 0.9079517956715943
24 18 10 2 78176 0.9543794632078753
22 3 8 16 74833 0.9481514447995051
7 3 25 26 96989 1.043434398338635
14 3 14 25 62939 0.9232890725570111
24 3 1 6 91953 0.9580157477891929
