2388 2270 1979 2397 2000 2320 1986 2347 2431 2381 2324 2198 5996 5639 5653 5579 5885 5922 5885 5917 5670 5940 5700 5996 6013 5589 5638 5706 5963
7805 7803 7694 8015 3421 3655 3666 3598 3769 3666 3685 3459 3549 3768 3752 3794 3802 3856 3689 3882 3573 3501 3867 3524 3842 3854 3893 3496 3708
4252 4640 4374 4294 4599 4641 4386 4709 4352 4672 4664 4622 4622 4577 4431 4449 4259 4372 6423 6209 6100 6026 6159 6485 6350 6269 6379 6465 6261
3852 3792 3970 3790 3681 3838 3885 3970 4071 3803 3839 3691 3743 3965 3780 4025 3722 3894 5877 5417 5673 5851 5897 5805 5489 5801 5578 5837 5818
8655 8032 8159 8229 8329 8249 8213 8299 7872 8298 8160 7897 7875 7881 7852 8294 8279 8070 7890 8337 7929 8086 8039 8303 7977 8161 8086 7987 8232
2753 2765 2885 2913 3018 2620 2833 2821 2520 2227 2380 2490 2182 2454 2324 2314 2390 2386 2508 2478 2346 2505 2160 2321 2236 2226 2250 2240 2259
5961 5928 5793 5865 5494 5705 5563 5961 5683 5718 5853 5954 5684 5949 5501 5477 5923 5862 5532 8232 8253 8289 8402 8141 8458 8514 8594 8555 8205
3267 3174 2994 3143 3136 3345 3426 3203 3314 3234 3185 3127 3243 3376 3354 2268 1926 2113 2333 2199 2085 2013 2322 2200 1940 2029 2247 2178 2166
7818 7828 7849 7872 7561 7765 7829 7654 7573 7821 7554 7610 7686 7947 7936 7559 4630 4552 4213 4541 4648 4420 4203 4221 4637 4356 4498 4611 4510
1906 1718 1806 2050 2056 1675 1709 1641 2061 1684 1947 1926 1782 1663 2048 1760 1932 7318 7420 7086 7376 7189 7245 7136 7089 7438 7439 7186 7127
3549 3617 3678 3661 3703 3834 3539 3881 3974 3722 3953 3879 3560 3616 4018 3546 3557 5234 5097 5254 5309 5440 5489 5114 5394 5463 5526 5512 5226
4404 4544 4595 4672 4511 4453 4719 4854 4546 6734 6600 6778 7008 6738 6561 6842 6594 6732 6602 6808 6608 7020 7026 6593 6574 6840 6645 6579 6805
5349 5282 5249 5254 5160 5305 5491 5258 5527 5375 5280 5091 5329 5530 5192 5066 5225 5284 5438 5217 5202 5344 7155 7257 7268 6939 7213 6980 7117
7248 7261 7126 7066 7166 7232 7073 6929 6854 6826 6826 6899 2774 2735 2490 2648 2486 2545 2879 2820 2531 2442 2758 2917 2712 2653 2827 2838 2722
3885 3995 3676 3706 3669 3673 3739 3597 3732 4001 3819 3909 3571 3672 3787 3643 3609 3837 4900 4943 4898 4833 4598 4821 5022 4809 4918 5072 4861
3983 3734 2534 2433 2741 2800 2566 2606 2680 2377 2788 2765 2407 2854 2372 2829 2595 2744 2532 2683 2517 2484 2728 2456 2640 2447 2700 2690 2845
5708 5649 5653 5700 5636 5950 5499 5485 5563 5813 5700 5809 7219 7262 7392 7240 7313 7174 7515 7306 7549 7185 7625 7567 7549 7188 7348 7528 7335
3315 3183 3145 3423 3373 3141 3194 3273 3345 3259 3370 3298 3155 3218 3418 3220 3504 3167 3352 3243 3192 3516 3276 3264 3303 3244 3204 6505 6553
8432 8436 8321 8442 8534 8779 8601 8771 8716 8568 8739 8375 8816 8682 4177 4239 4301 4120 4184 4038 4305 4416 4100 3994 4031 4080 4364 4250 4191
8768 8601 8414 8430 8451 8475 8370 8852 8744 6117 5771 5777 6029 6042 6143 5961 6201 6188 5777 6004 5807 5978 6160 5909 6066 5961 6034 5972 6060
4663 4465 4574 4202 8387 8639 8519 8238 8359 8491 8302 8190 8515 8185 8552 8256 8407 8417 8630 8407 8601 8310 8307 8263 8312 8188 8447 8436 8334
2750 2624 2807 2629 2489 2530 2647 2870 2734 2779 2672 2761 2761 2708 2487 2893 2470 2890 2783 2694 2760 2826 3357 3427 3481 3400 3474 3577 3247
4382 7876 7765 7560 7569 7611 7460 7673 7422 7563 7850 7687 7520 7735 7427 7853 7671 7629 7875 7812 7465 7566 7907 7892 7899 7793 7585 7530 7709
5634 5546 5966 5849 5753 5783 5932 5746 5972 5718 5698 5867 5517 5683 5811 5918 5925 5656 5509 5924 5576 5969 5561 7090 6652 6878 7028 6850 6802
3389 3840 3749 3596 5720 5698 5505 5628 5687 5837 5943 5895 5722 5907 5805 5523 5982 5589 5804 5511 5907 5997 5825 5992 5910 5657 5688 5855 5524
2731 2809 2861 2878 7006 6996 6840 7155 6958 6922 7089 7232 7075 6828 7135 6907 7238 7128 7008 7072 7005 7009 6920 7235 7001 6863 6907 6920 7210
3084 3411 2971 3410 3117 5702 5580 5511 5555 5416 5769 5622 5387 5759 5737 5431 5557 5821 5391 5671 5397 5750 5642 5777 5338 5565 5486 5703 5693
6272 6327 6156 6163 6444 6338 6517 6276 6448 6204 6484 6263 6182 6381 6372 6392 6482 6474 6419 6328 6552 6521 7496 7477 7406 7414 7286 7517 7648
1671 1665 1753 1663 1546 1478 5461 5487 5117 5463 5204 5098 5190 5405 5378 5301 5163 5380 5252 5337 5479 5350 5292 5080 5437 5398 5238 5412 5099
4299 4589 4268 4555 4347 4263 4370 4640 4536 4665 4559 4522 4340 4632 4279 4452 4555 4368 4304 4352 4608 7103 7334 7305 7504 7436 7365 7300 7392
4358 5753 7739 6551 7312 7822 3259 8430 4537 1945 2681 2603 5558 8191 2695 8114 1610 4385 6448 8701 2631 5802 3918 1349 1544 6904 2439 6398 8021 4450
4303 5503 8028 6759 7023 7635 3010 8663 4735 1908 2480 2267 5705 8346 3092 8018 1735 4059 6129 8501 2474 6104 3728 1558 1757 7008 2210 6100 7800 4552
4070 5596 8052 6942 7402 7776 3242 8498 4501 1940 2770 2307 4517 7992 2982 8251 1719 4363 6162 8734 7094 5923 3908 1722 2015 6540 2457 8336 7709 4744
4340 5786 8077 6842 7462 7946 5732 7248 4512 1950 2559 2497 4265 8339 2820 8194 1826 4262 6393 8268 7140 5901 3994 1315 1948 6757 2396 8299 7818 4515
4352 5425 8009 6717 7284 7653 5332 7181 4455 1788 2613 2221 4351 8010 2834 1742 1607 4317 6047 8311 7449 6219 3842 1664 1859 6992 2407 8301 8194 4430
4080 5652 4618 6805 7291 8102 5580 7215 4643 1706 2753 2538 4695 8006 2898 1905 1876 4359 6239 8352 7544 5855 4009 1434 1628 6707 2258 8080 8126 4563
4326 5331 4822 6651 7347 7647 5693 7147 4702 1974 2569 2361 4541 7499 2929 1854 1558 4413 6279 8354 7434 6076 3660 1385 1855 6548 2400 8239 7906 4600
4231 5619 4623 6706 7424 7800 5739 7211 4632 1993 2491 2332 4374 7567 2852 1755 1573 4135 4750 8723 7487 5871 3976 1597 1893 6972 2360 8428 8112 4593
4048 5617 4897 6813 7482 7643 5264 6992 4482 1829 2669 2244 4524 7762 2825 1826 1611 3951 5007 8413 7196 5903 3620 1667 1591 6702 2108 8407 7927 2970
4239 5467 4712 6735 7329 7818 5624 6986 4538 5207 2752 2239 4695 7528 3010 1843 1575 4094 4915 8683 7108 5767 3607 1689 1612 6839 2469 8269 7761 3011
4445 5487 4558 6749 7322 7671 5663 7161 4340 5273 2866 2400 4600 7674 3064 1771 1916 4248 5234 8350 7510 5979 3660 1434 1681 6790 2261 8401 7851 2985
4190 5327 4853 6523 7470 7836 5677 7114 4440 5368 2544 2591 4588 7930 2951 1832 1991 4402 4893 8508 7565 5946 4024 1636 1783 6591 2320 8376 7934 2875
1269 5619 4851 6667 7116 7627 5681 7289 2232 5549 2884 2282 4721 7837 2834 1748 1800 4180 5014 8511 7347 6167 3671 1582 1718 6614 2218 8415 5352 3127
1514 5524 4639 6925 7065 8010 5392 7125 2307 5109 2595 2484 4462 7867 2692 1954 1537 4318 5065 8435 7569 5846 3748 1301 1693 6738 2205 8166 5046 3152
1593 5783 4765 6813 7433 7836 5251 6879 2289 5572 2836 2136 4321 7775 2896 2024 1778 4436 5046 8399 7337 6230 4072 1727 1644 6638 1994 8391 5243 2940
1585 5326 4429 6518 7176 7852 5448 7096 2146 5147 2855 2277 4467 7632 2829 1861 1880 4376 5069 8376 7563 5845 3643 1489 1672 6556 2105 8358 5293 3030
1212 5762 4651 6770 5867 7675 5674 7355 2092 5382 2732 2249 4510 7937 2672 1750 1583 4410 4939 5303 7472 6192 3977 1404 1950 6929 2264 8090 5320 3149
1362 5659 4814 5837 5766 7838 5286 7240 2101 5157 2838 2436 4336 7758 2808 2070 1896 4186 4783 5312 7184 5840 4041 1589 1864 5024 2089 8049 5310 2803
1550 5420 4498 5787 6075 7752 5291 6954 2349 5575 2920 2472 4555 7845 2612 1703 1725 4408 4822 5044 7120 5821 3643 7462 1586 5246 2102 8169 5434 3107
1263 5360 4503 5960 5976 8007 5625 7374 2320 5486 2896 2533 4439 7476 2845 1833 1669 4361 5224 4901 7328 6218 3855 7214 1911 4927 2359 8193 5394 3072
1619 5454 4723 5820 6001 8113 5309 7373 2217 5399 2834 2515 4447 7860 5046 2054 1685 4268 4889 5217 7343 5973 3684 7395 1989 5323 1996 8347 5205 3169
1163 5696 4840 5745 5967 4829 5434 7244 2422 5362 2706 4698 4727 7950 5333 2056 1739 4359 4899 5098 7155 5879 3748 7581 8759 5192 2257 8378 5447 2838
1362 5346 4658 5806 5879 4589 5446 7023 2243 5251 2854 4714 4299 7553 4909 1599 7599 4283 5104 5206 7095 5934 3756 7543 8460 5229 2058 8475 5042 2937
1301 5540 4688 5800 5758 4829 5360 7102 2070 5250 2608 4458 4333 7687 5148 1821 7336 4242 4787 5130 7327 5888 3982 7575 8534 5152 2247 8391 5186 2916
1325 5332 4520 5672 5744 4636 5414 7256 2146 5444 2800 4768 4543 7565 5024 1679 7683 4285 5120 4920 7180 5842 4997 7266 8457 4866 2099 8291 5188 2887
1285 5766 4867 5681 5589 4677 5549 7062 2135 5541 1813 4554 4373 7809 5139 1799 7618 4144 5012 5099 7286 4082 4977 7234 8466 5038 2147 8407 5251 3147
1580 5507 4838 5875 5639 4666 5503 7265 2136 5583 1774 4542 4476 7590 5065 1624 7343 4185 5102 5161 7347 4035 4841 7283 8448 4976 2390 8413 5313 2834
1526 5429 4460 5991 5666 4604 5498 7006 2420 5489 2168 4760 4341 7885 5226 1899 7469 4348 4969 4863 7121 3715 4667 7386 8666 5189 2300 8202 5416 3140
1196 4202 4573 5876 6058 4611 5689 7182 2052 5172 1956 4480 4641 7952 4972 1953 7352 4011 4890 5318 7147 3889 4675 7631 8647 5022 6003 8050 5459 3119
27 19 12 11 64886 1.0669883326762877
3 15 0 24 35558 1.058198298296712
3 0 11 16 57623 1.0512042976053722
17 1 15 22 63597 1.045240476374655
27 16 18 23 51568 0.9092436559084727
20 20 7 18 46438 0.9547316562378928
28 18 20 12 40724 0.9994906810714511
0 12 11 20 60702 1.055366927057623
12 22 14 11 38052 0.9189029467643124
29 9 12 0 49821 0.9965386494247946
9 22 24 26 43485 1.0101291269985266
15 8 4 0 55744 0.9064777047543598
3 4 24 21 95828 1.0432849855304445
7 9 24 26 72274 1.0123078994530885
12 8 0 21 65224 1.051373833002562
21 10 13 27 58988 1.0344318626068976
2 0 13 13 68208 1.0929976201543203
14 16 1 1 62145 1.0373737159803675
3 0 11 28 97207 1.0641754736832494
2 28 22 29 68748 1.0497375481699447
24 23 15 6 70416 0.9140071757441021
20 5 4 15 66587 1.057453943332573
14 0 27 23 103545 1.0971435231621698
22 27 13 12 62287 0.9269420161832955
11 21 14 5 63059 0.9571675728999722
17 25 12 19 31471 1.0837139386533803
0 29 23 21 77806 1.087595574178669
25 10 15 24 58427 1.0934229116688996
16 19 3 23 37219 1.000549810212774
18 0 24 24 87299 1.022557924012928
0 11 12 11 28600 1.0877147577355866
3 23 2 3 68563 0.9609022191901786
2 23 9 11 34874 0.9076215048424164
1 20 10 8 48143 0.927353811033238
19 21 2 27 54077 1.098367996945905
2 0 17 17 75766 1.0677260121563912
6 13 29 12 65937 1.028572181072291
20 1 7 3 45023 0.9748548041228087
26 20 25 1 84955 0.9196297980534069
13 12 0 26 56639 1.0582226635889906
18 28 10 6 75231 1.0235118087480004
26 9 14 26 72737 1.056844344687021
1 15 25 3 86124 0.950142183634222
8 28 4 12 49688 1.0612547788283424
5 28 0 22 24581 1.0198883557193132
10 20 19 1 81876 0.9981570910285731
12 27 2 23 32420 1.0949321477479081
13 14 17 3 42101 0.9278234777571098
14 7 21 25 62150 1.0256899227758023
24 15 21 3 37543 0.9023649254405585
12 20 18 8 48803 1.0572091272006792
5 3 28 5 68769 0.9697971400086394
20 7 25 23 71864 0.9238144685554043
9 22 27 22 62679 0.9650468714385884
5 20 18 11 46653 1.0874497252456972
11 26 27 23 56423 1.0142958744064976
9 3 19 28 80822 1.0781701248943725
17 22 28 29 51768 0.9983732244667681
21 29 21 6 67698 1.061458303398621
12 19 23 11 52258 1.0748141794097554
24 24 3 27 64018 1.0054996547987116
23 6 24 28 86331 1.006269992148172
14 14 26 11 46626 0.9083362836192719
6 27 26 15 67712 1.0094599736421903
3 19 7 11 33589 0.9499047663609083
29 8 13 17 55658 0.9468533693173978
11 24 23 10 59857 1.0513179096899463
18 21 25 17 45666 1.0883746262209533
11 27 0 19 50579 1.0434582888866326
21 28 2 24 47824 0.9168272616638592
25 2 8 4 51494 1.093949282491122
13 22 26 27 42389 0.9973165244117366
29 2 6 13 81473 1.0704391206613473
8 8 21 26 68433 1.0320292258868191
15 12 1 11 35664 1.0790166441558653
17 27 15 6 59643 0.9824670694903381
16 24 22 9 56930 1.0519427428753017
5 3 7 11 26231 0.9848362532795251
4 25 5 9 44693 1.005094522374939
21 29 5 13 68757 0.9182509096028048
8 1 13 29 75555 0.9578068303959936
10 17 17 13 25655 0.976452780923343
1 8 9 27 64227 1.0760657292296323
14 14 3 1 64514 0.9937261014124077
9 15 5 26 29537 0.9957866564864137
6 0 1 27 82498 0.9328270729792061
10 29 7 1 80011 1.0671579888333786
24 25 6 7 91503 0.9464628367522663
5 9 25 15 48150 0.9340888432060575
10 18 14 3 58844 0.9130156214245402
22 19 4 17 47601 1.0405283020941283
2 3 22 10 77565 0.9213080230203342
1 24 29 2 103501 1.0121239466037384
1 20 7 5 55455 0.9057453117560976
11 3 21 20 69358 0.958769016176301
20 28 14 16 52626 1.0496976385078467
8 3 0 11 39743 1.0919036320411484
22 16 19 26 36182 1.0582609616838021
8 24 29 10 77860 1.0833152005189868
6 8 22 23 72685 0.9189727460908729
25 3 8 13 71116 0.9514694081609624
11 15 19 3 58067 1.0045717823385576
11 9 27 16 59020 1.0379712654573883
1 26 12 20 43755 1.0159286907400866
27 24 11 15 76044 0.9577444107218328
0 27 13 28 41606 0.9856784908574926
15 27 29 22 56995 0.9234801157372872
19 10 4 19 59178 1.0262215858048414
0 0 27 28 124697 0.9592240839801018
24 24 0 1 108334 0.9504637279181793
27 19 18 14 46082 0.9285857877235101
15 0 26 10 48231 1.027496911078974
1 16 27 12 66946 1.0054037513878038
28 29 0 0 128384 1.0195119194040385
22 16 15 1 52663 1.0067034808304043
26 8 7 3 67037 1.01010644653356
12 9 21 4 36116 0.9597797917291159
3 28 21 3 99990 1.0079145828701466
7 22 5 3 49199 1.0435303199758255
7 16 20 22 43704 1.0718778849530617
6 17 7 7 32672 0.9494923919155905
4 13 19 0 64372 1.0625305137145244
24 24 1 20 71044 0.9254076777114778
9 9 4 20 36639 1.065673906741875
24 19 14 1 79527 1.0299342137303125
2 14 17 21 50410 0.9933628178226108
5 16 25 13 51664 0.9294689550877958
26 11 1 21 87694 0.9200564189821187
3 13 16 1 65426 0.903531135199892
21 0 22 9 29442 0.9835064648332443
9 24 25 4 95562 1.0226450123235682
13 4 3 14 63268 1.079723142512846
26 22 19 27 43519 0.9333553266660517
8 4 13 24 58094 0.942660930242604
11 12 12 2 41470 1.033772798081573
27 18 18 10 51965 1.0103074239176146
5 7 14 26 60185 0.9237750958965177
6 11 1 24 40858 1.0537593998300665
12 4 13 25 75445 0.9781531869964891
16 24 7 5 62819 1.0878741115356743
27 24 9 0 106530 1.0614042106497152
4 4 17 15 54431 0.9697270594343714
14 23 24 8 58978 1.05226418967211
13 19 29 22 68986 0.9873872041364566
8 15 20 13 36477 0.9709212025299288
9 12 4 6 26565 1.0973053369754346
15 0 23 20 76103 0.9661721206117222
0 22 10 27 34759 0.9083032665353343
25 28 7 7 94717 0.9721417668346463
0 12 24 3 81203 0.9052665454196559
11 15 29 0 67865 1.041195404136908
23 17 12 6 60199 0.9863631901321934
5 14 5 0 36861 1.0564608511855595
22 26 6 18 52430 0.9294565746804113
11 13 3 15 30696 1.080745426680493
25 22 15 1 83830 0.9581716693561932
29 22 4 22 76861 0.9813096003017204
24 22 29 3 86787 1.0215791570553223
5 3 21 11 56472 1.0834450380919234
14 22 29 11 65161 1.0160993841545636
20 3 13 0 23781 1.0396656193383633
5 7 24 21 77986 0.9878497369502512
25 9 2 12 70298 0.9052668020360773
17 18 8 14 27364 0.9537051326285748
15 7 5 26 61539 0.9767401875302993
10 11 2 29 59633 0.9295038573074288
13 1 0 3 66136 1.0619980666872413
2 24 24 12 74380 0.9352590941042894
9 7 20 17 44269 1.0803930747160644
8 22 4 14 27551 1.057759681865434
28 2 25 19 83252 1.0447011674080446
8 17 15 12 26448 1.0661456617351588
5 23 11 3 58480 0.995704805296894
13 4 6 24 73419 0.9129652945855713
10 22 26 26 44286 1.0703560362004492
1 17 17 4 65682 1.0734116146204529
6 27 23 22 53330 0.9960793220142942
20 9 13 29 72726 1.0053462950502219
6 15 22 6 57731 1.0070383048789102
0 8 23 21 78719 1.0749974731303125
13 21 7 1 59045 0.9571275376801578
16 8 22 18 43133 1.0429843448009495
23 11 27 1 51923 0.9123319885876
9 18 7 10 25536 0.9691478768353617
8 5 22 13 60446 1.0588203061942132
19 12 25 26 58484 0.9785859191248625
1 11 26 18 74288 0.9035302285605622
5 28 23 22 51310 0.9893560353968076
9 7 24 16 48194 0.9010928439288293
4 2 25 29 117233 1.0104567977705656
0 1 4 8 32106 0.9004450826365203
3 19 29 29 95694 0.9167153226978911
20 28 25 10 69594 0.9060572773991193
20 19 1 12 62763 1.0813589891586701
24 15 2 17 45433 0.9105057460568315
4 22 7 14 27511 1.0835803329495812
4 25 1 10 52888 0.9130140657384643
10 26 14 7 63198 0.9636579543090785
21 26 19 5 76050 1.039844434213519
14 22 29 19 65067 0.9041916583489661
25 18 20 29 58105 1.0811586278184977
26 23 22 0 87829 1.072213672953092
24 4 14 22 79874 1.0641012209414125
26 8 12 12 44079 1.0568753537853304
19 24 19 2 74100 0.9008046540947846
17 11 10 8 27979 1.0943135751265853
25 1 24 14 59411 0.9530796478020163
6 5 6 21 53230 1.0329005616387401
4 6 16 12 46003 1.0773091354730822
11 10 18 25 57130 1.0837706320997273
13 3 16 13 47533 1.090959998980444
28 28 26 0 105813 0.9535022113209524
20 8 26 27 70394 0.9094338559981576
29 7 24 19 67636 0.9708488666394434
15 9 28 4 45449 0.9436746830254494
21 11 21 23 33390 1.030035063965301
11 24 29 17 64345 0.9134199488096105
22 16 28 11 38180 1.0581881376119548
28 4 6 4 68763 1.0129834003835843
29 13 1 18 68432 0.9818540314791644
20 16 13 25 35541 0.9377234579558278
0 27 13 5 93422 0.9789680909085714
2 10 27 15 60133 1.0289643283554606
5 0 13 15 50874 1.0554510237076886
6 3 19 7 66987 1.0087743022496416
10 17 18 6 49642 1.09999070302206
25 0 24 13 56524 0.9404587632340314
25 20 4 23 67210 0.9697496015775993
9 16 11 26 33542 0.9568488571250734
7 3 21 0 41979 1.0969312377738392
3 2 28 12 100387 1.0567411652631369
8 1 26 28 104220 0.9481756259599182
17 25 21 15 36753 0.9552782342875035
25 3 25 29 108657 0.9711020775163388
20 16 9 25 46712 1.035799988600433
19 23 22 15 35071 1.012435463169168
10 6 16 16 36322 0.9432670858313568
22 15 21 3 34123 1.010404512402068
2 11 26 16 60643 1.0825171662146948
5 6 1 19 42779 0.9963579887118619
19 19 27 3 77254 0.922049653839027
3 18 11 20 45894 0.906095859856143
23 11 10 2 59367 0.9817372032270748
8 3 26 18 77261 0.9833829351015391
3 27 19 8 78002 1.0913121745461238
5 11 18 4 54437 1.0785204738638041
6 23 24 20 57172 0.9066074209272789
21 12 28 29 71934 1.0395509912744465
12 28 12 16 39560 1.037290631714449
11 29 29 18 84966 1.0862916307448267
21 25 0 9 73869 1.0608554346360575
4 10 14 25 54375 1.037801246282927
28 26 10 16 63003 0.9610555360666805
16 2 19 15 45736 0.9806760700872703
9 20 2 9 48737 1.095006050456311
21 27 25 5 82287 1.0689636518312813
2 23 2 4 65991 0.9947505268883036
25 22 18 17 42286 1.0986833174770756
18 27 26 16 58187 1.013745554230189
8 21 0 19 38773 1.0402364479795516
17 17 25 0 58771 1.0978697161032005
15 27 16 16 30406 1.0033685240390258
20 26 2 11 68309 0.9122295375734885
9 14 12 6 31377 1.0895207695454345
2 18 5 4 43966 0.9022932170265772
28 9 22 29 81692 1.0263849098756628
23 26 21 17 31933 0.9236670595006015
2 0 9 27 90762 0.9272398686399904
28 18 16 27 76281 0.994857795317847
23 17 23 28 53800 1.0917099263226426
23 2 10 22 88076 0.9897860064363607
26 29 2 17 85801 1.035637832657248
22 14 19 24 37820 1.0538780986439316
2 29 16 25 51194 0.9596336579924307
2 11 2 21 44392 1.0812084926070527
12 23 20 0 74334 1.0691072875673866
27 15 23 22 37398 0.9268884662824001
14 5 27 11 53075 0.9155224051238208
25 12 17 7 41108 0.9574739239198634
28 29 6 0 122114 1.0055846816449119
9 19 16 16 29147 0.9653955213225911
5 20 15 28 35396 0.953404737611872
23 15 11 26 50965 1.0245615157412247
4 1 15 16 58709 0.9542673491502007
24 9 1 1 88370 0.9522738012326502
7 27 24 5 91715 1.096103430692968
1 15 10 12 29247 0.9752719004668136
19 16 12 23 29977 0.9750432835103067
29 4 8 0 52241 1.080845596445745
19 23 28 21 48659 0.9119567792383494
29 14 28 23 45449 0.932200092819978
26 8 12 20 64641 0.9667759576881381
16 21 12 11 39045 1.0476215702449605
12 25 29 4 100539 0.9387021623371656
11 4 6 12 39668 1.0556391310003403
18 29 29 8 88769 0.957425871352668
16 4 20 27 84153 1.0050569551324695
19 4 13 0 30811 0.9773659164977632
15 20 29 16 42767 1.0908621120669688
13 13 4 25 46722 0.9101257933787718
14 20 23 29 51448 1.031302865723006
25 15 1 16 44588 0.9613932213143394
24 28 14 10 75548 0.9054939422891348
27 19 15 26 61737 0.925842230677109
22 27 25 4 95483 1.0100685715620983
27 7 14 0 41517 0.9436714675619757
9 20 5 29 37454 1.0660975874194354
26 4 4 7 81799 0.9490158789049609
10 21 24 3 96103 0.9994125725969994
17 23 1 18 43116 0.9801653948825781
11 19 9 9 35012 0.9226468149734783
19 21 27 9 62829 0.9407247936004426
7 1 25 17 79176 1.08645294791018
9 19 22 14 48418 1.0569700906093595
13 24 16 14 32106 1.0908273515048807
10 16 1 24 32352 1.0812002617805105
17 20 5 3 64363 1.0589775335730256
25 8 4 22 76784 1.0953934671298937
4 13 14 23 44433 0.9112847403086407
9 18 9 2 35058 0.9258264331112395
7 22 28 28 61412 0.9256183268002444
17 6 27 21 80613 0.940210242532693
19 7 10 5 44402 1.0497423412474256
23 24 20 13 52526 0.9213560407698153
18 20 28 11 58163 1.0881244644014088
10 6 9 16 23845 0.93598476863991
5 20 29 8 76834 1.0069532929749077
21 18 18 26 31185 1.0633793191667633
1 24 26 19 76166 1.0956027477375216
15 19 26 1 70451 1.029340855291331
14 21 2 4 74847 1.0702276854717545
1 0 12 25 86831 1.0241818425287863
4 11 10 25 45100 0.9534378181942651
10 28 28 23 66364 1.0033409638120767
20 21 24 13 39651 1.077189919919228
20 24 3 10 61813 0.9304491196266096
21 13 3 14 42956 1.0107406383608781
16 20 27 20 67200 1.031305377106396
9 19 29 23 96104 0.9551266918152389
25 11 11 10 45991 1.076361536336243
4 23 28 12 75036 1.0400109576029062
3 15 21 11 48721 1.0813477537916947
28 17 4 1 91736 0.9357083157001523
10 29 15 0 88191 0.9715204327760335
17 16 13 8 29131 1.0981102477560336
0 25 8 8 57687 1.0123383854503234
21 13 27 5 45990 0.952974755552445
3 2 1 25 77712 0.9206038364729906
17 29 3 7 81165 1.099735873225904
20 21 29 10 54531 1.0131451797870676
24 13 15 5 51224 0.9104186765516241
1 26 18 5 90087 0.9840836689634556
21 14 7 0 60881 1.0959428693107007
4 27 7 6 64043 0.9556372706418301
13 13 24 11 41633 1.036049448736838
28 2 23 8 28295 0.9154386010144518
0 20 10 23 27603 1.0330896806853682
12 29 7 6 72114 0.9208087254944198
18 6 17 27 70462 0.9354371948841629
26 25 3 9 87849 0.9234478034326005
12 10 22 6 37548 1.0082502508238698
1 24 17 26 34133 1.0235589416918662
2 28 8 22 35506 1.0261681278549144
28 20 21 17 44273 0.9714519784087993
25 2 19 24 80939 0.9418289067098626
0 2 14 26 79835 0.9285359376835864
2 20 8 28 40131 1.0490251347151762
20 9 11 29 78728 1.0174738617772447
19 2 5 16 70873 1.0397003478661537
2 16 25 12 61556 0.9678367786963074
26 8 5 12 58183 0.9877379494847698
3 10 2 25 50582 0.9155402218476165
14 6 29 7 45114 1.0096164811855382
10 20 16 26 33566 1.0255529318250671
25 11 18 26 68793 1.0741875148064777
11 9 28 10 51275 0.9710228791586117
4 26 29 5 103911 0.9859432060336736
18 3 2 20 88843 1.0461725787822989
26 9 1 6 78124 1.0734101968189123
25 18 23 29 60711 0.9029511855914419
26 20 21 25 42872 0.948139985063365
11 14 14 21 30030 1.0556377171138518
4 15 22 23 59070 0.9708146770388443
1 7 14 27 74715 1.0574872810697995
3 9 28 27 92212 0.962185155645784
14 0 22 2 20398 0.9563158464734013
8 9 23 9 47898 0.9242155937328328
11 15 20 3 56716 1.0775875606544238
21 0 24 19 66718 0.904688213108527
11 10 1 26 53991 1.0531808187089287
17 8 13 27 57578 1.0268550967129055
11 7 2 12 39549 1.060315887272851
26 12 17 8 38672 0.9451555714560256
26 5 14 29 97043 0.9655273459358511
21 3 28 13 50893 0.9082718901017283
3 7 29 2 79195 1.0064391682248937
25 5 10 13 67332 0.9560640120789969
14 5 24 13 56550 0.9271496418967625
9 23 0 8 50022 1.0822787545935018
12 25 5 19 30336 0.937951315350724
18 1 23 17 67117 1.035537484228382
23 13 16 27 63759 1.0347102053875286
10 19 19 27 51309 1.041727263984956
16 15 20 1 52362 1.0051065262992478
0 27 7 23 27149 1.0959088991800663
3 10 12 3 46100 0.930226017998902
29 16 10 3 70302 0.9579096323733749
6 28 25 3 105500 1.067207500366308
18 28 26 15 57006 1.0246107351760148
13 6 15 23 54372 1.045325348384054
5 14 17 24 41774 1.056251924481818
7 18 27 11 65579 1.050299049208324
11 24 8 0 60632 1.0547472743905342
5 11 13 17 28150 1.0309117473506217
16 13 28 26 69133 1.0992397848632627
5 21 28 7 82615 0.9301643355694393
16 0 1 14 66420 1.0283157930008304
23 29 8 22 51621 0.9951850723639135
12 15 6 2 43836 0.9213905633490745
29 28 17 14 75308 1.0952585773864785
12 18 21 6 51110 1.0340922822496288
22 22 15 5 59653 1.0790690543620052
13 16 0 21 44317 0.9631358812660372
26 15 12 9 47101 0.9413723029726491
14 21 26 6 73641 0.9573389524252541
8 1 14 5 41999 0.9296026542779343
22 1 18 25 78811 1.0858123529682795
4 2 14 22 74664 1.0351798607491092
16 0 24 29 99224 0.9224812280707403
0 4 18 11 52842 1.0781626484980495
16 0 28 12 58154 0.9332994429954564
13 10 24 19 55461 0.9318356675750973
16 12 6 7 42435 1.016076507024901
16 24 22 5 67178 0.9706141688184464
28 16 2 1 97290 0.939689715555793
1 10 29 2 78668 1.096454394698424
16 28 23 10 68789 1.011724104103935
22 5 4 21 80651 0.9084165399767771
15 20 5 25 27738 1.0491040872744706
25 26 11 29 40164 0.9290090628719804
21 24 7 23 26061 1.0208827841463783
7 29 4 6 61062 0.9711996950947186
5 29 24 13 75642 1.0272030613894896
26 10 8 28 85911 0.9381414856793686
16 21 20 15 30962 1.0116566950438364
0 27 12 26 33723 0.9967078977574242
9 4 5 23 42946 1.015671841134594
2 13 13 6 56434 0.9940203685494141
24 0 4 18 76540 1.0275399046625395
7 10 13 3 44710 1.09332537813187
23 20 7 20 57161 0.9364985833791457
2 16 25 17 52444 0.9132772114838773
17 5 8 7 42625 0.9505893521576604
24 16 19 8 34438 1.0880672589137643
12 8 23 18 53701 1.0161654693815727
4 21 17 17 42509 1.0572660200691275
21 4 12 22 65458 1.0716620312009737
16 22 15 1 59684 1.0983603075519417
10 11 1 22 42538 1.0929502522951522
16 6 12 17 41673 1.0402102937522173
9 8 28 8 48943 1.0372645258236781
24 3 12 12 63579 0.9054588314883086
7 2 20 16 54678 1.0954518302436271
8 26 28 7 90593 0.9083463308642651
12 25 21 2 81267 1.015374393591663
6 2 5 22 55212 0.9703752298727645
26 17 5 7 66278 1.0682110987257527
4 6 29 1 78508 1.0291314459375052
11 18 23 20 53062 0.9765838490417325
5 6 17 17 46050 1.0037119286297134
18 15 26 18 31353 1.0292216956623865
18 12 0 27 75994 0.9165034849666657
24 4 14 8 43528 1.0678964144814111
26 6 3 13 78936 0.9459483393334207
29 16 25 4 68092 0.9205499055938163
21 5 19 22 53804 0.9886813674904376
10 14 13 7 36552 1.081002144793252
29 16 18 19 39459 1.051306177537608
7 8 18 6 45251 0.9823108099070871
25 21 18 25 39626 1.0581633570223288
29 4 15 15 65417 1.0139147120367382
18 25 6 21 35017 0.9498966937167588
15 27 17 3 70240 1.0198178017488162
29 0 19 20 78144 1.0932343463079024
21 19 1 20 57912 1.003191405751043
28 4 7 5 64552 1.0245374757241559
14 21 24 13 49820 0.9531650669320569
8 14 9 5 18913 1.028504187509701
4 20 10 26 30385 1.0932464027502078
4 9 15 12 29818 1.0627858455649903
25 3 8 15 68891 0.93311366297481
6 25 26 22 61319 0.9027134420585535
14 19 28 7 67416 1.0614802061459128
4 3 18 16 59710 1.0883433665129305
15 11 25 2 50524 0.9284441506516419
9 14 1 29 52152 1.0048642275256243
2 28 19 0 100272 1.0680209725487795
19 27 25 7 78308 0.9497425866243793
23 16 19 4 50988 0.9718525509542424
2 27 0 3 76578 0.9709352006861017
12 14 23 25 56791 0.969393508205138
14 15 2 8 37730 0.9757907657012475
4 2 8 26 70944 1.0461693789648367
17 9 0 9 44040 1.018604783486266
28 15 20 5 47539 1.0849958456052236
15 12 1 10 39174 1.0042529132164797
11 18 9 8 30471 1.0548895602025923
6 15 25 5 73710 1.0013892442686283
12 20 28 5 81623 1.0755126755636977
21 12 29 27 69723 1.098009595165906
14 0 5 22 66320 1.0067358186925686
12 10 5 16 25906 1.0874407118443659
26 26 4 1 106346 1.0048962395240828
2 9 16 10 34196 1.0815623527391727
25 23 20 13 55774 1.0683927511453235
18 18 7 8 44323 0.9043450936458935
11 4 21 24 78802 1.0133308179090903
19 29 6 21 50911 0.9661908431695158
14 10 0 20 56132 1.0714171704192172
0 20 10 28 46794 1.0464047952372737
22 10 5 27 70050 0.9755323024113856
19 13 2 13 52540 1.0503730909152393
15 17 3 23 34119 1.0207045274783355
19 16 7 9 34313 0.9495142695684081
14 6 10 0 34022 1.0294639173135278
26 19 21 27 50872 1.060769815150107
19 28 0 29 68116 1.092906105672508
28 5 4 19 93041 0.9636633417421535
15 26 10 0 69985 1.0210801700550562
7 2 16 21 64841 1.0875987790413542
19 0 14 28 86637 1.0782665143350854
21 14 17 21 28813 1.009551846361197
1 12 20 26 71270 1.095561202762413
25 3 21 12 45844 0.9074237695238061
13 1 5 21 68152 1.0549908294508628
11 17 15 11 26927 1.0945875041661453
8 1 18 1 36544 1.073200779964078
16 23 22 12 45786 1.0278730810687593
28 24 25 9 83215 1.077760747141443
3 3 0 12 34487 1.0347423554919684
18 22 5 15 41954 1.0525752465618505
27 9 16 26 75410 0.9602091468568031
12 5 17 25 71618 0.971739541750577
21 8 26 24 71097 1.0423232710943098
0 14 27 21 90038 1.038325931990684
13 19 19 12 36347 0.9343305151604889
12 10 27 28 90232 0.9058154031822063
19 22 6 21 35269 0.9704421511378347
16 28 3 11 65766 0.9213310479436314
13 25 4 24 18332 1.0719040385294742
14 0 20 22 73432 0.9797842228262195
21 21 26 1 66258 1.0108483642598434
20 16 13 21 25329 0.9842575309249215
25 12 7 4 73154 0.936685540839187
3 8 11 6 32009 0.9181634117895873
3 27 6 6 64062 1.055873343809302
1 18 18 1 79616 1.015656742728471
17 25 8 28 32297 1.0457693700737227
18 24 10 26 20987 1.0352556357212956
12 9 4 13 37641 1.0117771607278956
0 4 9 10 29801 0.990595365246443
27 11 7 18 65579 1.0688870052877288
4 28 26 2 108665 0.9777000298566468
18 28 6 10 70241 1.0924927299116758
15 2 17 18 46886 1.0816791916614081
25 9 22 29 77396 1.0618008880337124
4 18 20 21 57886 0.9419629580500268
3 10 4 27 53365 0.9131436554937855
6 19 17 26 41518 1.0358370610182521
19 6 21 15 35353 0.9219210163529598
9 13 5 23 26465 1.0040278857510676
4 24 0 14 38081 0.9073502545562906
9 18 14 7 45347 0.9334335206500165
8 3 11 22 61495 1.059945320845867
27 27 7 22 55748 1.0794217871895833
11 12 5 3 38576 0.9588920905830953
10 25 17 11 52405 0.9344013813569335
29 19 27 9 50339 0.9560739035481554
13 29 13 9 65789 1.0199909591942447
5 15 24 14 41064 0.9120998874306758
22 9 8 20 64647 1.0256284591752511
6 0 25 15 69875 1.0156261670558993
29 8 6 25 89317 0.9608408458810287
12 27 21 8 71105 1.092865599905367
10 29 22 2 99860 1.0258949782212756
0 22 29 3 110082 1.0917579554623553
2 10 6 0 39377 1.0103730905116413
18 18 28 5 63293 0.9403400574094344
1 18 17 9 55629 1.0756084425637291
27 3 2 28 123776 1.0610013730862942
15 14 24 16 24642 1.0247849550939163
18 14 17 24 35960 0.9096787621256305
11 22 16 12 41642 0.9430427876652729
28 8 1 0 89857 1.0242113797208576
7 27 17 4 74966 1.095262073861341
22 9 18 28 69582 1.0761693131660306
17 25 13 17 28384 1.0052759761940548
25 18 1 2 99347 0.9673041532054999
2 27 13 24 31862 1.0625282564449063
24 27 3 2 110931 1.0988230983877407
15 22 6 28 33861 1.003390230978468
0 5 21 24 79472 0.914459524357358
26 10 2 20 81306 1.032850787082681
29 27 7 16 76719 0.9932755254149008
11 18 27 28 73984 1.053718810496325
21 20 4 27 55395 0.9868664029465026
25 8 29 16 44728 0.9743632071397101
4 21 6 2 58926 1.0063712339493083
16 13 26 3 66867 0.9386543209775898
22 27 6 28 53023 0.9296709423111308
27 23 1 15 88554 1.0077217462771528
1 13 27 18 77529 0.9681584711362933
29 5 9 4 55772 0.9491274489631786
23 26 16 15 46348 1.0101343598448527
12 8 28 3 51260 1.0606610653879762
0 18 14 26 54086 1.0684407468912158
14 26 23 6 76396 0.9607884225934721
20 14 4 12 45117 1.0636874349252308
23 7 20 26 64290 1.0281605185141245
17 12 29 26 71575 0.9848906266962487
22 1 25 17 64460 0.9857768191006135
6 21 26 24 65064 1.074247359690753
1 11 17 2 64531 0.9603402884453727
11 18 16 9 41792 1.0838487353216275
22 26 0 13 76391 0.9723552401758384
21 0 25 26 81890 1.0261435730531272
28 29 11 9 102950 1.0874368077438692
13 8 26 21 76332 0.9159599418940753
7 8 0 22 53446 0.9242106078379826
2 11 16 10 36275 1.0574283235518611
15 25 3 2 83468 0.9420637087489163
0 18 27 7 89180 0.9535293440427718
21 13 9 11 34136 0.9256831551731632
12 14 16 0 49275 1.0473390201071417
13 5 25 6 57409 1.003597674530899
1 20 11 17 38114 1.038725188134954
18 23 7 0 70964 1.0857601144597064
12 27 0 26 35298 1.032391015181528
19 17 17 0 58490 0.9425233220507528
17 7 4 15 45989 1.0784719188889682
1 16 10 6 37350 1.087237170852937
13 28 4 19 44127 0.9797902746761571
5 20 10 11 27798 1.0887119595223795
14 26 11 13 46609 0.9060177127745711
21 16 12 23 33331 0.9537052248093285
26 12 10 27 80934 0.9287741611994698
23 0 8 28 93611 0.9866712247380526
18 16 1 4 61963 1.0401379139890161
27 7 21 18 46583 0.9641009162517612
6 16 26 6 69679 0.9809356032188679
24 21 13 9 69697 0.990094616284172
13 16 24 26 48360 0.9170238505474589
23 21 6 26 51213 1.0559493515569436
26 1 0 6 75780 0.9039570885086071
4 29 24 24 64816 0.9319243616159358
13 3 26 29 111571 0.9091865679555997
13 12 26 2 63271 1.0311049710523905
29 3 8 25 102685 1.0526559299297134
22 4 7 22 75186 0.9619989739043686
18 25 8 15 43620 1.0382984778915072
20 23 0 12 76073 1.0996846127992619
23 26 8 10 67190 0.9752345620977741
22 14 27 23 60933 1.0894416951176653
5 24 29 25 60869 1.0332872089300096
18 13 7 22 46790 1.0682755942331914
8 6 2 24 52622 1.0063308130715563
5 4 2 12 30066 0.9665686357262825
27 1 21 11 43819 1.016443099466454
10 19 18 9 52449 0.9963060056921412
12 7 14 15 32353 1.014465722377345
1 7 9 22 55023 0.9024833043301755
12 17 22 27 53334 0.9234095534317008
18 0 25 8 34659 0.9894675171068466
21 23 5 24 31497 0.9209552427674152
7 24 25 22 47854 1.0690885299837891
4 19 3 8 39775 1.0572374913198197
2 17 25 29 82654 1.0077464584318674
22 0 18 14 49427 0.9070919959715684
18 10 19 29 70111 1.0811389107078087
0 27 6 23 25764 1.0840602364848613
29 22 0 2 114158 1.0530404053314408
7 17 29 5 78837 1.011015584915775
9 2 22 14 54311 1.0487015768850163
21 14 10 7 46460 1.004297430555094
9 13 19 25 49836 1.0541063939165787
23 16 8 19 45021 1.0392481646214118
11 7 21 20 58469 1.018488134841347
9 26 26 9 83626 1.0113181699725255
5 29 0 2 71667 0.9186955108818284
7 15 10 25 29949 1.0403821582221788
22 20 11 8 60770 1.0372947360953937
4 22 10 1 58066 0.9026168291058416
24 19 8 14 51245 0.9082784326256642
5 13 2 2 46093 1.0260950046157495
3 10 24 14 58066 0.9767143013607443
29 18 16 29 78227 0.9383911455728555
29 14 13 2 73307 0.9443555253773332
12 19 19 8 48558 0.9462917569613823
10 15 24 24 61478 1.0061445835448215
3 4 26 0 73058 0.9388126437840705
28 9 4 7 76145 1.0624312562771188
5 22 22 14 52979 0.9977846187898363
1 12 10 5 39729 0.9039681500459753
18 12 20 20 42470 1.0558001697284296
6 1 11 23 68395 1.0287905402526043
0 7 12 15 38307 1.0620430722578682
13 10 24 17 46869 0.9625714115407022
29 15 19 26 51766 0.928037713269233
5 11 16 0 47566 0.9021185648129156
1 24 15 16 41374 0.9275649146763093
18 23 23 11 54727 0.9287235171200624
15 8 22 27 69506 1.0052034030811807
16 5 27 26 88686 0.926375183598758
9 15 23 25 57861 0.9343769239390848
16 11 9 3 31232 1.0449949974899493
6 28 12 9 61338 1.0384161195239574
15 10 3 8 33472 1.0109493695288323
27 5 11 21 93205 0.9016846239430577
19 20 2 3 92361 1.0168483196017895
5 17 26 11 64395 0.9624488443693875
3 20 21 17 52466 1.012821605601066
14 28 11 10 61480 1.044870462802848
17 10 27 9 32247 1.0838571519817324
5 26 18 21 35233 1.027019835205813
16 13 8 27 56597 1.070166071474999
14 5 25 4 45545 0.9793100370077138
4 24 27 10 77046 0.9193936387348195
17 9 0 21 71501 1.0288496743439832
5 29 21 21 48891 0.9470483961418702
0 6 26 25 100406 1.098004302821189
1 20 12 2 68665 0.9945114352774849
13 23 14 9 44163 1.0880601570745572
17 27 0 23 38176 1.073901828273097
3 13 8 8 28385 0.946820748715997
8 3 19 23 71530 0.9495484615198438
7 4 2 28 80135 0.9313881316949931
29 29 24 8 92734 1.0080173127255172
8 27 1 13 49653 0.9420748400591215
19 6 6 3 70729 1.085826871374384
26 14 9 26 66731 0.9524676035850437
0 2 29 14 84695 0.9837446632353858
26 8 17 22 59760 0.9241799177278577
19 5 26 8 35183 0.9678734755339825
3 0 17 4 58490 1.0316985842194741
17 1 11 27 88666 1.0918716930537813
28 15 3 0 87292 1.092199668455476
17 21 5 27 34170 1.043925081631608
25 7 17 5 34631 0.9196162948586798
13 13 26 0 59550 1.0224848365194974
0 11 7 14 24848 0.9173448401046107
19 28 17 6 78109 1.0324598540464358
1 10 9 22 48265 1.0427522065812445
10 12 27 6 62787 0.93665604264892
24 27 9 4 83282 1.0674183542049707
6 24 24 7 77423 0.9337694214216382
20 29 7 20 49992 1.0167776964297883
5 9 3 26 44730 0.9985040771637308
10 6 23 24 81458 0.9011800742258552
10 6 14 22 50578 0.9316903195528258
5 2 1 11 33509 1.0306006434367285
18 7 29 19 66668 0.9045371705945607
15 19 23 21 43649 1.0245582572671683
13 18 2 24 33997 0.9925586155659779
25 4 5 15 77283 1.0033469462049212
16 1 4 12 60115 1.040153213167788
10 16 8 27 32777 1.0405553854803173
9 22 5 5 50864 0.931302845089262
14 6 2 11 46388 1.0310688885840649
18 11 3 14 43349 0.956453941669466
8 24 4 6 52395 0.9502814351569606
0 14 26 5 93241 0.9384611332494592
15 6 5 9 34881 1.0988725674048292
17 21 22 27 34129 1.0352109137482315
23 12 9 13 43136 1.0163345846724345
26 17 10 6 64470 1.0917543897501285
13 2 18 11 39891 1.0331255298008473
12 24 17 10 46917 0.9660605706957018
26 11 0 16 70502 1.0397701869886968
21 1 0 24 90344 1.007965901042612
16 6 23 12 41100 0.9686712879519352
17 5 10 12 37463 0.9056737126426622
12 19 16 29 40898 0.9853837300176277
29 20 20 18 49603 0.9055818454553027
18 20 18 1 73213 1.0536341294292317
16 15 9 2 37081 1.0518730046939044
18 14 8 27 53971 1.0385982127106708
27 28 9 2 102198 1.0720315230841695
25 6 14 28 91568 0.9401158626606065
3 2 29 17 95375 0.9587142558636057
4 1 13 13 58118 1.0550767659896263
25 16 27 8 46116 1.0831788253931434
23 24 28 15 51948 1.0545820704936495
17 10 5 26 58984 1.0986679475605108
12 20 17 5 56310 0.926022425432117
9 9 0 6 23797 0.9547266742603092
21 4 11 13 54885 1.0780636854762893
17 12 17 22 32985 1.0702881299594171
22 2 23 23 72095 0.9957435479051271
11 20 19 10 55838 1.0878838170939806
23 1 4 3 65805 0.9942954937197126
28 16 0 22 76008 1.0019593967257034
2 3 17 4 75826 1.084067029323449
6 29 6 0 77572 1.044193920080902
16 13 15 27 43818 0.9344328098739643
23 18 10 19 48711 0.9289923615093524
24 19 2 2 101738 1.0553153532697666
28 21 0 13 96558 1.0583011090097854
9 20 23 17 55903 0.9558117160874167
6 0 13 18 54350 1.0682172242655072
9 1 17 4 35019 1.0503146056327028
6 18 29 16 56312 0.9017639641258176
4 29 26 20 83102 0.9400548423694537
24 3 8 12 67348 1.007584866362955
21 23 14 6 60915 0.9402425861270524
20 26 10 16 45658 0.9095822058995707
17 14 8 28 55774 1.0173584809520604
22 2 17 17 53086 1.0252799474663692
19 28 29 12 77023 0.9089719526999329
3 11 22 0 60453 1.0312457174851672
10 28 18 4 91335 1.059775616216488
3 20 27 22 81917 0.9027008470658827
18 9 19 0 37461 1.0301477256703522
10 16 27 8 54407 0.9674343489935266
12 14 3 12 32280 0.9482346674848321
6 0 0 24 73679 0.9929960378205424
2 21 6 28 36285 1.0410668566743846
13 9 0 17 49998 0.9271382352709898
10 29 17 4 85106 0.9547810919540912
10 8 15 16 30006 0.9301861531269763
25 6 29 24 102652 1.0003957029966082
7 24 21 26 31468 0.9644159921760344
16 4 17 23 60137 1.0728914873152726
29 10 19 5 48359 0.9562348256424799
23 7 7 13 56559 0.9341914740861119
5 25 24 21 54573 1.0302990093121722
7 22 5 11 27867 0.9483823762047392
3 26 0 6 61025 1.0159871524271629
16 0 25 5 30442 0.9744349494524641
13 13 2 0 68208 0.940298064368986
28 23 15 24 49266 0.946952158475831
4 5 2 26 65634 1.0781283278751932
6 2 21 10 62257 0.930351525613744
23 4 3 12 75468 0.9344274539499441
23 27 5 27 49101 1.0092394093520494
20 21 14 10 48859 0.9796712249801659
6 21 3 5 53836 1.0227119880903055
7 10 22 4 56422 0.9682837603462627
11 6 10 27 66315 0.9707370535088145
11 8 28 8 40065 1.0400699865479912
0 15 10 19 36157 0.9395567127837144
23 18 27 3 74356 0.9929418937496676
25 8 20 16 32361 1.062868739222353
23 10 15 17 34875 0.9316246999237764
12 15 15 27 36128 0.9078529170522592
12 10 15 3 26518 1.078494429262905
0 26 28 22 82193 1.075498465989087
14 9 22 2 40058 0.9766525887743942
27 11 19 0 50780 1.0978561129575808
1 19 26 13 69230 1.031326241833833
28 11 15 8 40665 0.9065114324616536
26 8 3 12 64102 0.9018537110071981
21 22 2 11 62865 1.0163324899088642
16 20 19 5 68625 1.0983423439021651
17 21 14 8 43282 1.0719958799087643
25 16 5 17 46998 0.9042276731341058
9 19 13 4 67859 0.9498222750688154
1 8 13 18 43980 1.0412146861326481
5 2 27 24 115366 0.9384235049840519
21 14 19 27 45857 0.9277471605520081
15 19 16 6 39563 1.0419192574679517
9 11 17 5 35823 0.9566590538923363
25 24 21 14 52441 1.0907248092594897
12 26 23 16 51435 0.9883662336443239
15 0 11 17 56062 0.9746509329242645
14 16 21 5 42058 0.9616240494962259
16 7 22 13 38221 0.9883756563052568
18 19 8 18 38996 0.9131774483944163
6 24 18 0 73071 1.0973720605012836
17 2 28 0 21834 1.0939150335331231
0 23 29 28 74976 0.9367872239153248
28 17 1 5 86210 1.0518167061016135
1 3 2 29 89928 1.0955347980562269
29 5 18 14 57815 1.0932348867017114
20 3 28 29 101865 1.0373853801561093
10 10 23 22 58840 1.0625291329200994
24 28 13 28 40884 0.9983121853775797
15 23 3 25 27069 1.0213814494610904
10 25 19 15 44865 0.9318612417214579
28 4 13 15 63695 1.092487553212735
29 25 7 1 113500 1.0176690184876578
27 26 18 13 64628 1.0216937147878162
3 15 28 7 77965 1.007425936797808
27 18 20 7 59071 0.9319575317818933
23 14 14 10 36759 1.0620357894255217
12 20 18 2 71065 0.9778106737666646
12 25 27 15 56971 1.0227521954968255
22 1 9 4 38866 1.0366354968455453
21 2 7 26 83146 0.9588135236988911
27 12 22 25 64286 0.9377883553699157
19 5 13 28 85614 1.08929322889625
11 1 27 8 54247 0.912326030911431
16 15 2 27 56209 1.0548224168473004
6 17 13 27 38148 0.9490492400843296
7 14 22 25 55347 1.0334904912139238
18 16 17 27 38161 1.0746760820814807
22 21 19 8 45808 1.032021205444133
6 5 6 15 34858 1.0188270410174964
24 8 14 13 37421 1.0000503136073409
2 14 13 16 27174 0.9249769158245652
29 26 28 9 90057 0.9443444049530014
8 0 0 2 38718 1.031499644995845
22 12 6 26 63355 0.9600111593167446
19 20 0 4 80536 1.0088843309039992
10 4 3 16 39332 1.0490372865496116
10 20 18 25 35891 1.0014995701033795
21 23 27 29 38165 0.9039548265497223
7 26 18 4 78485 0.990803680937082
4 27 0 0 80069 1.0428915021543752
25 11 15 16 42686 0.9594464029456375
24 15 7 23 47579 1.00661048990947
11 10 5 15 22324 0.979566537623329
20 18 1 0 85603 1.0857692975832083
28 5 3 23 94801 1.0361936714458657
18 27 16 1 82460 1.0280916073978683
4 16 7 2 43553 0.937686993564641
27 14 4 26 71062 0.9642124784354766
18 6 23 18 57898 1.0100130130082428
14 13 6 6 42565 0.9524427824321997
26 18 28 27 54459 1.0806082732655655
11 11 4 29 52774 1.0005956583572604
25 25 17 18 49598 0.9032622094194479
19 0 7 14 54260 0.9503311646427512
26 27 6 20 63090 0.9573349913779527
21 28 15 2 82395 1.0357640970749171
10 4 2 23 54976 0.9572122896919515
15 0 17 13 42221 0.9251195320747753
14 11 9 26 49987 1.0316095638251488
26 11 6 11 56773 1.0274882988364311
1 17 20 1 75624 0.9957495703176885
6 16 18 7 50649 1.0574229468141156
6 18 9 10 24628 1.076180821191684
7 6 15 2 46968 1.001063055429109
22 11 27 20 58058 1.0393870696973715
12 21 24 16 47073 0.9667422385274291
27 19 13 12 59563 0.956594417725124
9 25 8 8 50301 1.0551335265448167
24 22 10 1 81937 0.9383915114696968
25 4 29 12 50389 0.9529924123981139
6 28 27 12 90116 1.03730040842887
23 11 13 12 34401 0.9983992340785021
22 9 9 21 71072 1.0439091727775458
16 0 6 29 83802 1.007880023616791
22 3 18 10 33073 1.057435902975794
14 15 24 3 62713 0.9081487165191762
6 3 19 2 58646 1.049672908410747
12 14 14 22 27423 0.9350116241813016
19 2 2 6 78887 1.0031912662581883
21 25 6 14 53084 0.9695787700974238
27 1 13 5 51413 0.910328439666186
16 6 3 22 70843 1.0873496400057086
25 20 5 17 65612 0.919049228785173
20 2 27 18 69523 1.0593102462763673
23 13 29 25 74048 1.0619100506480368
2 12 4 20 39618 0.9778427284230904
19 2 2 0 65304 1.0484532560435489
12 21 22 7 65071 0.900942003965236
0 13 19 1 78281 1.042265622360778
22 23 13 28 36347 1.088778153847947
27 16 22 28 62449 0.9579912700766039
11 23 28 27 47291 1.0701967492545292
12 28 10 8 64451 0.9989137978180753
19 18 16 26 38259 0.907407047429611
10 1 13 21 53536 1.0770965082718735
24 0 20 17 53705 0.921060727914487
10 20 16 9 51703 1.0940881409619991
2 4 1 22 70206 0.9280620143400855
18 13 29 23 73955 1.073582016681201
22 7 16 18 50475 1.052230153949832
28 15 21 0 52725 1.0944171853746538
29 28 4 21 78252 1.0144516185976986
18 14 4 22 47842 0.9889656534811778
5 9 22 18 51606 0.9624267328017525
21 16 11 26 44417 1.0394207225011889
16 23 5 20 23952 0.917995087057929
28 10 14 22 63070 1.0044390332200266
27 13 13 21 53238 1.0921452846655724
29 10 5 7 66439 0.979116778169474
19 27 9 27 35500 0.9198495063759614
5 12 24 25 72814 0.9615506187349985
21 26 4 8 74713 1.0169207363528021
2 15 11 12 32767 1.0227867388910943
24 3 10 28 110027 1.0656477294910967
27 7 1 9 69948 0.9548716110062943
5 13 23 6 65692 0.927109760721195
9 25 22 18 50938 1.065056580066942
21 3 5 0 50707 0.9578223631930731
1 8 11 15 33521 0.9912693690286921
13 7 10 27 74157 0.9073091896108105
11 26 22 7 76307 0.9162621555184567
5 24 14 16 32134 1.0509824632646019
