7811 7408 7964 7338 7502 8115 7614 7811 8140 7917 7713 7415 7405 8173 7398 7914 8034 7242 7598 7248 7547 7920 7545 8185 8087 8071 7884 7954 7488
5335 5051 4939 4547 4536 5295 5174 4652 4612 5257 5233 5013 4906 5043 4711 4457 5182 5154 4529 5301 4586 4560 5297 4496 4386 5116 4417 4371 4758
6098 5517 5563 5441 5288 5525 5391 5932 5701 5969 5926 5423 5379 5434 5488 6158 5918 5874 5827 6202 5369 5588 5429 5991 5368 5509 5740 6148 5436
4551 3837 3837 4353 4712 4430 4424 4063 4668 4426 3986 4693 4078 4640 4655 4082 3915 3973 3905 3942 4555 4624 4060 4658 4508 3859 3835 4676 4157
6474 6235 6683 6409 5887 6458 5914 6576 6357 6699 6353 6094 5907 6651 6266 6410 6660 5876 6072 6300 6097 6425 6444 6462 6569 6023 6024 6760 6113
5476 5418 4649 4868 4915 5094 4996 5011 5140 4794 4837 5364 4955 5301 4730 5193 5221 4659 4945 5519 4895 5163 5501 4946 5505 5086 4805 5226 5160
4008 4529 4210 3786 4054 3794 3783 4477 4275 4337 4139 4177 3959 4599 4676 4074 4230 4682 3806 4515 3981 4472 4678 4199 4327 4655 4744 3852 4478
5992 6646 6238 6611 6306 6200 6492 6484 6765 6252 6795 6554 6003 6459 6309 6648 6270 6001 6633 6830 6054 6788 6345 6434 6640 6599 6254 6445 6644
5169 4729 5199 4876 5427 4882 4996 4569 5383 4605 4881 5388 4669 5362 5425 5287 5168 4788 4944 5552 5271 5519 4724 5144 4684 5390 5117 5507 4755
5646 5127 5860 5906 5815 5727 5763 5714 5724 5058 5344 5379 5659 5479 5862 5307 5075 5309 5520 5641 5194 5864 5791 5841 5845 5880 5684 5020 5706
4885 4986 5441 5674 4982 5012 5403 5747 5743 4940 5364 5260 5320 5194 5260 5238 5704 5742 5153 5618 5380 5318 5213 4928 5000 5503 5475 5513 5250
4734 4315 4732 4891 4654 4370 4923 5116 4321 4928 4833 5175 4331 4539 4361 4882 4612 5096 4461 4421 5063 5183 4626 4728 4680 4765 4675 5267 4632
6507 6525 6439 7013 6780 7165 6715 6974 7121 7083 6825 7352 6487 7134 6831 6608 6596 6922 6394 6986 7139 6676 7039 6845 6672 7185 6704 6686 7088
3577 3089 3886 3406 3167 3645 3116 3902 3387 3768 3981 3245 3932 3779 3129 3330 4004 3660 3977 3593 3429 3395 3559 3514 3160 3810 3645 3673 3218
3983 4798 4553 4785 4633 4582 4695 4229 4226 4350 4125 3999 4833 4608 4149 4482 4106 4159 4840 4774 4299 4943 4292 4825 4886 3993 4713 4566 4828
3632 3575 3720 3366 4064 3957 4106 3413 3905 3433 3277 4036 3597 3924 3551 3724 3644 4134 3778 3909 3450 3693 3355 4109 3643 3578 4098 3650 4097
4152 4272 4520 4152 3884 4574 3985 4431 4254 4217 3969 4163 4534 4056 4111 4148 3766 4375 4451 3959 4325 4121 4177 3925 4545 4192 4621 4465 4261
3866 3719 3699 3974 3428 3371 3896 3609 3707 3932 3247 3397 3415 3200 3840 3645 3336 3518 4131 3823 4083 3926 3390 3891 3654 3813 3705 4064 3878
2112 2692 2065 2156 2618 2108 2025 2825 2098 2693 2725 2167 2321 2752 1953 2669 2731 2516 1963 2236 2216 1912 2330 2794 2633 2427 1927 2759 1987
5277 5220 4938 4910 4320 5262 4443 4875 4766 4592 4556 4516 4426 4453 4402 5165 4506 4880 4319 4491 4953 4463 4449 5111 4905 4851 4622 5009 4457
5903 5699 6392 6514 6383 6551 5736 5837 6360 5959 5750 6358 5818 6505 6043 6187 6507 6468 5915 5782 5766 5807 6192 6606 5649 6039 6182 5851 5703
5546 5237 5330 5303 5059 4948 5302 4667 4735 5428 5536 4809 4672 5375 5107 5006 4621 4819 4917 5104 4838 5039 4649 5216 4892 5429 5011 5487 4638
5101 5790 5973 5423 5528 5290 5478 5436 5109 5553 5783 5784 5389 5864 5822 5154 5771 6032 5336 5647 5151 5952 5563 5625 5140 5957 5245 5998 5937
8561 8370 8554 8786 8728 8515 8617 8002 8719 8703 8561 7938 8725 8105 8188 8397 8583 8240 8529 8111 8463 8721 8002 8805 8141 8536 8613 8007 8641
3618 3422 3939 3988 4145 3841 3669 3656 3351 3485 3693 4048 4070 3893 3883 4136 3434 3776 3949 3671 4276 3658 3718 3531 4192 3433 3425 3683 3452
5138 5481 5092 5147 5275 5318 5326 5581 5533 5312 4988 4913 5780 5147 5809 5756 5546 4990 5869 5796 5544 5705 4970 4917 5825 5191 5796 5426 5452
4862 5328 4682 5138 4921 5401 4826 5116 5488 4671 5399 4792 5225 5628 5045 4803 4832 5023 5118 4843 5384 5219 5206 5228 5547 5461 4672 5269 4663
3478 2772 3416 3129 3467 2930 3275 3274 3113 2958 3435 2973 3384 2963 2636 2742 3007 3000 3513 2806 3080 3200 3103 3097 2894 2565 3037 3134 3395
3892 3773 4089 3464 3925 3415 4113 3682 3675 3539 3200 3381 3715 3267 3653 3610 3466 4142 3828 3916 3281 3788 3902 3347 3746 3273 3673 3555 3473
2271 1657 1487 1688 2390 1551 1817 2100 2375 1500 1982 1768 1819 1854 1901 2127 1969 2378 1512 1426 2313 1454 2077 1825 2068 1603 2173 1436 1969
3148 3423 2382 6115 8685 5492 3749 2858 4111 6830 7780 3147 6114 2327 2706 7822 6318 5007 2600 6918 7832 4814 3900 6273 6180 4122 2610 6072 3668 7943
2904 3380 2124 5622 8081 4850 3448 2652 3926 7109 7130 3296 5696 1882 2678 7721 6546 5305 2107 7470 8345 4910 4050 6905 5681 3674 2933 6093 4220 7806
2719 3299 2579 6216 8294 5141 3968 2133 4317 6461 7037 2506 5799 2282 3264 7565 6154 4437 2124 6990 7744 4922 4177 6244 5820 3851 3476 5948 4202 7829
3031 3039 2652 5781 8535 4812 3222 2424 3764 6630 7388 2947 6233 2650 3027 7902 5673 4602 2732 7793 7698 4544 4189 6382 5986 4065 3002 5628 4235 8177
3035 3313 3077 6226 8676 4660 3415 2979 4451 6669 7382 2950 5388 1724 3314 7656 6100 4921 3039 7190 8530 4446 3932 6807 5980 4117 2567 5683 4588 7672
2571 3454 2967 5792 8200 5087 4049 2575 4538 6775 7037 2581 6235 2323 3002 8394 6039 4781 2774 6924 8213 4616 4534 6748 6298 3655 2984 6031 3907 7706
3079 3324 2183 5833 8131 4926 4054 2860 4682 6514 7705 2830 5570 1738 2933 7775 5723 5234 2959 7592 8051 5362 4140 6323 5802 3827 3432 6134 3679 7312
2915 3514 2104 5318 8061 4934 3990 2506 4282 7065 7161 3299 5281 1839 2956 7585 6464 4662 2161 7171 8553 5345 3714 6542 5763 3752 3492 5668 3799 7696
3083 2905 2328 5602 8403 4937 3991 2328 4111 6454 6834 2906 5962 1774 2922 7553 5862 4572 2707 7830 7753 4986 3674 6532 6315 4136 2792 5609 4285 8158
2439 3561 2422 5831 8481 5410 3162 2433 4570 6227 6936 2387 6166 1704 3151 8069 6544 4535 2309 7835 8265 5226 3656 6767 5533 4439 2900 5533 3768 7436
2785 3294 2292 6249 8108 4814 3885 2425 4316 6531 7593 2914 6071 1859 3136 7678 6050 4998 2765 7309 8101 4953 3635 6668 5846 4358 3077 5549 4315 8253
2598 3059 2289 5962 8027 5233 3707 2259 3735 6660 7355 3183 5546 2372 2799 7560 5579 4879 2738 7525 8205 4595 4187 6956 5875 4579 3216 6021 3633 7429
2595 2813 2171 6125 8594 5396 3983 2332 4231 6720 7580 2411 5912 1695 2610 7866 6511 4706 2392 7032 8495 4571 3940 6432 6104 4025 3341 6067 4187 7532
3162 2869 2134 5423 8620 4980 3624 2197 3991 6447 7623 2350 5625 1981 3300 7500 5866 4540 2089 7170 7634 4949 3970 6639 6414 3745 3370 5703 3867 8009
2994 3657 2845 6135 8543 4703 3355 2704 3770 6237 7713 2523 5817 2471 3488 7674 6037 4686 2144 6932 8523 5156 4519 6457 6196 4486 2644 5442 4104 7811
2501 3729 2200 6207 8088 4891 3876 3005 4267 6648 7608 2998 6222 2211 2925 8167 5863 4711 2718 7645 8458 5324 4423 6180 6343 4532 2899 6215 3715 8026
3082 2927 2587 5375 7978 4966 3744 2342 3747 6448 7758 2615 6121 1799 3154 7562 5710 5180 2668 7366 7960 5165 4319 6635 6019 4246 2626 5847 4235 7558
2557 3632 2517 5473 7945 4944 3428 2613 3757 6822 7145 2928 5843 2041 2534 7519 5799 5245 2301 6943 7612 4437 4458 6173 6348 3774 2885 5415 4612 7710
3024 3314 2223 5338 8142 5438 3773 2815 4094 6430 7528 2699 5733 1790 3284 8269 5621 5199 2281 6957 8437 5205 4372 6834 5630 4225 3199 6014 3838 8222
2298 3195 2546 6152 8327 5407 3682 3040 4359 7035 7637 2613 5917 2214 2853 7439 6499 5206 2794 7630 8218 4489 4022 6171 6411 3758 3159 6006 3997 8252
2554 2901 2761 6039 8741 4600 3656 3069 4079 6722 7363 2624 5701 2327 3122 8245 5904 5287 2751 7282 7877 4954 4391 6967 5955 3862 3254 5406 3971 7803
2738 3305 2591 5891 8683 5001 3104 2707 4056 6408 7365 2597 5525 1826 2652 8120 5742 4753 2203 7116 8093 4647 4105 6372 5726 3771 3085 5718 3890 7635
2424 3192 3059 6131 8428 5017 4054 2593 3945 7016 7582 2594 6019 1899 3028 8343 6282 5203 2512 7234 7777 5128 4573 6719 5885 3905 2721 5758 4507 8184
2927 3423 2597 5998 7864 4897 3424 2710 4082 6200 7723 2647 5431 1756 3032 7661 6470 4541 2341 6885 8053 5412 4124 6915 6037 3714 3414 5680 4566 7539
3099 3365 2547 6132 8660 5248 3366 2205 4212 6974 7613 2547 5736 2532 3265 8079 5947 5183 2152 7773 8031 4507 4265 6166 5936 3825 3492 5921 3997 7975
3237 3103 2342 5922 7834 4732 3937 2915 4610 6749 7732 2880 5616 2169 2597 7896 6340 4687 2102 6987 7639 4475 4145 6509 5578 4554 3290 6074 3972 8094
2559 3597 2499 5653 8298 4582 3660 2563 3953 7037 7615 3192 5333 1707 2884 8230 6534 4741 3002 7662 8292 5134 4256 6403 5578 4163 3508 5472 4436 7700
2551 3132 2172 6282 7918 4613 3883 2887 4400 6990 6944 2340 6237 2300 3106 7621 6306 5004 2804 6968 8461 4546 4113 6855 5616 4549 2872 5929 3712 8018
2892 2911 2597 6268 7800 5048 3726 2602 4655 6412 7252 3105 5756 2633 3310 8279 6411 4355 2355 7443 8497 5284 3766 6453 6065 4246 3531 5775 4078 7479
15 14 24 22 48918 0.911104979011823
6 11 16 7 41836 1.030391937855857
12 24 28 11 79029 0.986430285433256
2 24 20 25 68715 1.011238289740962
5 2 15 23 94343 1.04339466379951
22 15 16 3 54427 0.9991316424044463
6 5 27 18 84978 0.9709280733146077
6 27 8 6 97364 1.0529323942419784
19 25 11 28 36214 1.082716849169636
18 15 4 8 58065 0.9979080511493658
3 20 17 23 62518 1.0079605701290046
8 8 2 19 64416 0.9225864098134374
14 18 8 27 50969 0.9012341965131029
0 9 26 12 83322 0.9460000899467285
4 4 3 18 66732 0.9331759619624052
27 26 19 17 48995 1.0359945932972203
11 25 13 16 40895 1.0962754437498992
15 9 4 16 55115 1.0865804570906588
29 20 17 29 60041 1.0075577462531533
19 9 22 18 38985 0.9332309758223183
4 11 15 27 80791 0.9422160655871151
15 24 17 13 43653 0.9260680423097547
29 5 7 3 65626 0.9880088003974928
16 22 4 21 53392 0.913188032101396
7 21 26 26 83675 0.9840918868731474
1 6 10 24 106577 0.9955962546952565
14 0 13 23 84233 0.9485937154415478
3 17 12 15 46723 0.9498320888080252
16 20 3 9 70124 0.956659124765218
14 0 2 4 47896 0.9891033989057624
6 8 28 18 79743 1.0651830252077266
23 26 9 12 70342 0.9885860571600038
22 23 8 25 63948 0.9034031865534535
13 29 27 6 96724 0.9026458861895957
12 6 21 3 43230 0.9453554914283874
8 4 26 18 86529 0.924790576419453
12 26 26 17 60435 1.0441981126034308
9 4 1 18 82556 0.9924264383342496
2 13 14 28 79484 0.9882591738500013
5 15 25 9 68592 1.0761805312001405
29 24 10 2 88282 0.9846789883685585
29 8 12 1 57152 0.9087044277986553
12 2 6 23 98300 1.0083465792940554
28 14 16 10 37787 1.0278895367309637
15 24 2 5 103070 1.0378515573139604
15 4 26 13 51429 0.9985735979309459
2 29 14 10 106855 1.0378347142210256
28 19 13 23 58643 1.0906458653723459
12 25 2 13 68514 0.9234048707257044
11 16 11 6 47409 1.0634137307815852
7 23 23 24 80578 1.0667582100943287
2 9 21 21 87037 0.9836239173356508
7 24 28 28 84537 1.056835104393278
15 8 24 10 38623 0.9222578711613126
11 15 27 21 63177 0.9429477609883345
8 15 28 7 67993 1.054536694864197
11 5 26 23 96203 1.0265367480790857
20 24 13 17 41072 1.0705970262516673
28 22 6 17 72401 0.9394778801317019
17 23 10 12 50545 0.9951694687944671
13 0 4 15 76046 1.0588615555332967
18 22 5 3 82437 0.9020856784142712
24 14 15 8 39349 1.0534495003913884
9 19 19 20 38735 1.0010011069492213
24 7 7 6 50558 0.9866004523812317
4 26 2 2 108627 1.0292376559256646
9 13 19 16 31128 1.0049642472402547
19 18 4 22 57472 0.924618037170122
19 12 18 29 44021 1.0262638245030373
11 4 7 18 73727 1.0588270274251312
19 9 0 4 77583 1.0950930219062918
18 23 7 2 74968 0.9748964826858459
22 21 11 18 42760 0.9355200780929148
23 9 14 26 75494 1.0606843615607677
6 20 14 23 43661 1.0692843937295056
16 28 6 26 39727 1.0145171516783151
9 10 28 12 58154 1.06359161045548
18 14 7 23 65334 0.902323386681851
26 20 16 24 54303 0.9368130627092927
7 1 28 20 100767 0.9646257292114586
25 29 25 1 84484 1.0659062704999462
3 27 6 18 46491 0.9374433256778401
13 15 20 28 53946 0.9604061331076658
4 16 23 27 90511 1.0082661440726874
12 17 29 11 56191 0.9802224569750269
10 0 17 27 90450 0.9527757914107465
15 9 3 10 43977 1.0208622656773
29 24 5 6 96393 0.9663026188794839
27 12 21 18 32044 0.9500417919432416
0 22 13 8 86363 0.9495668217502902
15 10 29 4 54575 1.0765368649637554
4 1 23 27 120001 0.9747359647336249
6 17 6 3 58360 1.0228274475916623
7 23 3 4 95697 0.9168581798785186
27 18 2 23 87266 0.961365853264197
7 8 13 13 38550 1.0080889230832486
21 23 9 9 77359 0.9112271834151432
0 27 16 5 121600 0.9071272445785804
6 15 5 6 42210 1.0263518030694219
14 23 11 5 76657 0.9411590052055392
29 9 23 5 30054 1.0919786613457707
16 23 6 11 65522 1.0794355889981364
26 23 13 11 72309 0.9853417041864031
24 10 8 4 67369 0.9193795788496879
17 12 15 20 33451 1.0195346560187968
10 28 5 20 55446 1.0183732248267738
18 22 9 15 46142 1.0046859843956306
28 4 27 14 31781 0.9358150526778362
14 23 24 10 66582 0.9854746760606783
15 8 24 28 80716 0.9403999660405009
25 9 12 12 51192 0.9089757733859182
12 13 23 17 43897 1.0924975128046306
12 16 14 0 66012 0.9008731558458609
2 20 13 17 44389 1.0859845826463945
2 10 8 25 83718 1.0667042124158423
2 16 8 1 80066 0.9161710662624327
23 13 7 7 52029 0.9575552184675689
8 12 14 2 53581 1.0837906813929825
23 15 6 17 66300 1.0438539634400483
5 10 23 13 49094 1.061759206063078
5 16 29 9 71230 0.9351598417981193
16 6 10 15 49448 1.0711029734777011
25 1 19 9 44889 0.9986986148090944
29 23 22 0 63105 0.9728470836636043
3 27 7 4 110081 0.9606132824107514
14 19 17 28 42480 0.9270655825085518
3 28 29 19 101058 0.985347220666079
3 1 9 14 68354 1.0155120870387395
8 20 29 4 88403 1.0378668839224843
16 14 22 5 44255 1.0707114193310914
11 0 17 25 82422 0.9511381213534783
23 15 2 14 63134 0.9951509617092686
20 8 2 16 70000 1.0581496250095948
23 0 13 17 68388 1.0625793958674623
2 14 27 26 91960 1.004811152884576
4 13 18 26 58663 0.9326821167882287
11 21 19 0 77245 0.992181847236871
25 1 2 29 142873 0.9604039357276735
1 1 29 18 105162 0.9350636823620796
22 22 29 17 38325 0.9684185263360853
21 29 18 1 80755 1.026958431039698
8 6 24 21 83862 0.9393518549171535
13 4 24 29 98142 1.0284882988975976
27 3 9 28 118935 0.9659338160991826
18 1 15 16 45743 0.9604900666948535
0 22 20 17 77146 0.9171115357570827
2 28 11 18 68270 1.0103973567688511
5 9 26 24 100777 0.9064913711623629
20 18 1 27 79639 1.0623421260448451
18 7 26 3 36320 1.090272890724172
17 27 4 14 71904 1.0409024406880878
26 13 0 5 90070 0.9862779879386474
28 0 15 21 81895 1.0651699885173214
23 26 6 11 78170 0.9710349033946098
16 11 13 2 39139 0.9170903479698885
24 9 20 27 70780 1.024800488061093
1 12 13 11 35925 1.0589895794357786
1 12 29 17 70255 0.9677886789093948
22 22 27 14 42892 1.0922551396081723
5 28 24 16 89780 0.9306123922074367
18 0 24 5 32653 0.9505774143140816
3 18 21 28 73499 1.0642556357670783
8 19 19 24 48856 0.922876238551166
22 15 11 0 69786 1.0938823667666908
14 15 18 24 36029 0.9814734397315891
19 7 5 13 43451 1.0429687209515703
2 4 23 28 127169 1.0868694870110085
17 12 10 20 48445 1.0667023232149322
27 11 7 14 52782 0.922972491223577
4 12 7 2 50663 0.9632077373763808
4 1 0 28 128787 0.9534209530752908
4 11 2 23 59615 1.0148618745378202
28 18 12 13 47570 0.9637699616261721
26 17 3 23 83741 0.9923117624305503
24 15 10 24 74445 0.9523012855529083
22 19 8 11 57950 0.9086521315793331
5 1 5 20 88473 0.9576816210501979
9 2 4 7 31796 0.91486050976246
0 20 25 14 91278 0.9919712019541145
10 3 10 24 104501 1.0955781062443755
28 9 11 15 57126 1.095960654041949
12 0 23 9 61708 0.9479201473017578
24 7 29 21 40196 0.9834662949751221
13 25 26 17 60706 1.0724383776748498
7 12 18 19 42333 0.9558510859528627
26 13 6 17 57576 0.913440667294071
28 14 5 29 109256 0.982844600100583
9 4 10 26 104942 1.0409548939072972
0 17 17 29 84256 0.9760914091835996
4 10 9 3 55807 0.9798256844634576
29 17 5 21 76544 0.9670953648656827
28 23 1 14 87143 0.9339987234186301
13 0 7 17 81409 1.086340833543204
25 11 4 27 101858 1.0886136628657663
25 10 11 9 52078 1.0027506270039566
8 19 0 11 56252 1.053412476699185
29 13 7 17 68767 0.9772530660351668
20 14 8 29 79646 0.9246590151803393
26 1 17 19 70521 0.9512323398523768
17 25 18 2 58280 1.0159584500136494
14 10 5 27 90030 1.0505048187898276
26 5 14 16 68871 0.9759914538207171
11 11 1 10 33849 0.9614609343015743
16 23 12 9 66051 1.0196189503549178
16 26 26 25 36155 1.05116695563274
25 5 15 19 68202 0.9261480148192043
26 13 19 27 55466 0.9847876058102023
22 5 26 15 53174 1.0438092988656293
1 3 9 5 42534 1.0849276751765162
17 22 25 1 73771 1.0502481712121516
15 0 4 25 118125 0.909617184671072
22 11 26 23 56176 1.095818575303243
28 3 17 19 67464 1.029901294379046
15 24 27 15 59878 0.9732248826660977
10 18 26 3 83585 0.9060013834130164
12 22 24 6 78307 0.9535966626277717
7 16 11 26 60140 0.9874638575819684
24 16 8 0 81974 0.9623442372504514
27 6 17 19 59685 0.9990546760127017
29 0 7 10 87616 0.989618503630577
27 2 24 18 47890 0.9404338145629553
11 18 20 29 53785 0.9026039606107478
11 28 19 26 32761 0.9609960032074331
3 17 24 28 86920 0.9147778072670044
23 21 20 29 53336 0.9272724504627271
22 7 11 13 41030 0.9051637302223602
28 25 18 26 35267 0.9008762786535061
17 12 27 13 23676 0.9747075862742685
12 2 21 24 83853 1.0328196148468578
15 1 2 27 122255 0.9813299957732673
19 26 27 24 31382 0.9142204251780136
1 7 11 2 43719 1.0251301247529852
23 16 7 7 72167 1.04708122285251
16 1 26 5 44570 1.000202056120634
15 16 22 19 30830 1.0190634310073519
28 22 25 12 35289 0.9763713411998879
5 7 24 22 90465 0.9984699820999254
2 18 0 2 78144 1.0096035218703538
14 9 26 24 80972 0.9390086293837366
29 17 19 9 47304 0.905899822436231
0 19 13 3 90921 1.0914471266679813
10 14 28 14 45410 1.0387105469087405
10 26 4 14 71227 0.9983696913338236
25 10 16 8 38329 1.0559271688939846
15 2 28 17 67621 1.023334481517645
26 1 10 25 112161 1.0251184296057256
15 10 15 25 55824 1.0694405981201398
18 11 27 7 34958 0.9684049198407891
25 21 5 11 78107 1.0470392697403206
29 11 20 20 47735 1.0180686906488563
4 25 17 26 45363 0.9768944412090659
25 9 6 11 61965 1.0328471402651158
4 10 4 21 56282 1.0523400510377556
12 16 23 12 46033 1.021927767600093
11 26 0 21 58932 0.9891276224832417
1 9 8 0 55839 1.0523599464546691
20 23 24 7 67297 0.9340795928926884
28 5 10 26 98303 1.0191222665313322
10 10 3 17 46988 1.080831381320636
19 1 20 15 46739 0.9816692206317487
4 11 29 1 82438 1.0654755585663032
29 19 12 0 81696 1.0172960643898945
23 8 6 8 55493 1.0100770558309002
6 3 17 20 80959 0.9549057513209676
25 15 6 17 65842 0.9515994902325404
25 12 28 26 42627 0.9566808225447387
1 29 3 10 88088 1.0071786447777482
14 18 10 3 70293 0.9359793176481143
8 8 4 18 56577 0.9095134515868535
5 2 17 15 65921 0.9108069988171933
21 25 7 20 68384 0.9266319222190784
22 3 23 28 97137 1.068054336514052
20 27 8 14 68941 1.0808804925919182
20 3 4 23 109482 1.0768303713782903
21 16 9 11 50394 0.9255153667323562
7 14 12 19 40248 1.041027536130866
13 15 27 25 66745 1.030350713816481
7 3 12 13 57900 1.025172089851055
10 7 3 12 39941 1.0140692910605147
7 2 17 24 84110 0.9590378774249353
21 17 16 11 35297 0.979143380603167
1 28 2 19 49124 1.0559972983458557
17 25 8 6 76942 0.9236634521349297
27 28 7 21 93354 1.0489683299036543
13 20 27 23 57330 1.0496673570968502
10 6 13 21 63535 0.9427678226500686
9 15 28 15 56914 0.902084365592525
17 16 14 6 42914 0.9275345052047795
20 7 6 29 101564 1.0563882641628013
8 7 2 1 40825 0.9662225160850026
10 1 26 24 106767 0.9277771278584014
18 21 22 0 60255 0.901670350058246
19 28 9 27 41166 0.9819669847160489
11 2 19 21 66785 1.0785552904238391
3 14 26 4 86852 1.0836534892979055
16 29 28 3 97337 1.0886218898640003
22 8 7 13 50338 1.085840648517513
6 19 11 9 54248 1.062557859035264
15 28 12 3 93984 0.9999360195824979
9 13 22 25 62454 1.0456173742687696
8 10 22 23 78246 1.0494807760530431
2 18 20 1 88243 0.9971960319593007
8 4 13 24 88666 0.9940325863786635
15 20 15 1 64675 0.9659718335647822
27 19 2 22 85350 1.0319233565583739
19 4 27 27 85820 0.9644821608711943
14 16 26 4 73792 0.905772040389719
7 29 1 7 113209 1.0370113867162538
24 4 9 24 109403 1.0031455041565303
12 6 3 5 37905 0.9810502799473597
27 2 26 29 70251 0.9035490212856223
4 11 14 3 58659 0.9791191466300885
20 4 3 23 108393 1.0942600726687408
24 6 28 23 52987 1.055892187965515
24 28 29 14 46454 0.9241991473775301
23 4 14 28 101498 1.0061909514835992
13 25 26 4 101199 0.9257333834427602
7 23 15 2 101191 0.9483202546400037
3 10 18 14 45690 0.9861149696311667
23 16 1 22 89817 1.018288005307889
3 13 19 27 69134 0.9821506160524869
15 9 26 5 47559 1.0392367029427496
27 16 23 6 42254 0.978448342053057
10 29 22 17 73699 0.9191916994097119
10 16 26 4 84152 0.9116247512459036
29 1 0 13 81959 1.0637093715557389
29 6 6 28 112916 0.9378703404053991
28 29 19 19 54773 1.046742621551501
3 3 18 1 43297 1.0858803568851005
2 2 0 15 69560 0.9082872157329503
10 11 28 4 71220 0.9652492605045258
5 6 17 14 57578 1.095391505723564
4 22 3 2 90150 0.9494397694631509
28 12 16 13 28075 1.0590968732901092
2 24 26 25 88949 0.9520229128127242
15 16 19 27 41797 1.0315178907258886
4 0 23 3 63949 1.0601641537019673
16 28 1 8 104031 1.0662571467798498
4 2 18 19 74501 1.05572977916277
27 29 29 17 31450 0.9543426965595283
15 6 25 18 56550 0.9958050715386989
25 19 8 3 90309 0.9012862016180986
17 1 5 28 112346 0.9061889871015826
29 21 28 8 29579 1.0641446868749194
20 28 16 20 38544 0.9083445723193905
5 24 15 1 111007 0.9948739014983884
6 14 15 20 46550 0.9719535994319605
21 24 16 9 61815 0.9457914053502746
2 14 25 10 65362 0.9580153371236257
21 6 3 19 82987 0.9065393926380257
12 18 1 10 59288 1.0461281491579524
19 11 29 2 44029 0.9722142828460587
12 24 18 10 59325 1.002865122136925
27 1 18 20 67991 1.067137435267011
6 22 19 22 53007 1.0642702710867866
25 4 9 27 113165 1.071594415223045
4 1 25 8 75060 0.9141563184721341
3 15 26 25 97900 0.9557740976416942
28 27 3 14 89685 0.9383200198830223
21 20 2 24 87907 0.9885549925049786
6 23 7 4 87886 0.907399276969033
10 23 15 10 64598 1.0521206252417807
10 28 13 8 84105 0.973156466104235
19 14 8 25 66804 1.0880623366463684
25 27 22 18 44569 0.9952789300403948
29 27 7 5 104112 0.9926623729559926
23 1 12 27 99668 0.9961500274915986
18 8 13 3 29020 0.9866026198697667
1 15 6 4 57610 1.0910321640089429
19 12 0 26 91594 1.0574635129874101
25 15 13 10 46440 1.098785525081617
21 4 29 9 40966 1.0880647520480529
16 17 18 4 41501 0.9452396464730461
7 18 29 28 72176 0.9522936378941785
6 11 24 28 88692 1.0859141511753099
27 3 4 10 92324 1.059839706557923
27 21 12 15 62317 1.0281132296871998
8 17 1 21 37100 0.9494917627269494
6 20 11 7 68200 0.9962154799971867
14 12 19 6 31202 1.0180794560597608
27 1 7 10 83265 1.0544423129932365
9 22 20 3 89579 0.956417403877427
27 15 3 20 77230 0.9007963674882874
18 15 0 24 85592 0.9379916831221284
12 16 17 8 42909 1.064411230247114
23 1 24 22 76958 1.0499619752595515
6 15 5 2 57233 1.0247714332875388
18 0 10 20 73812 0.9160537224968652
7 15 2 5 59501 1.0267010248887147
11 27 24 8 87247 0.9457875334093793
10 27 24 18 62926 1.0987390333461442
9 19 17 8 56026 1.0223488774436726
16 17 6 8 56612 1.0222195973268735
27 14 9 14 44795 1.0000423429041465
9 24 11 10 75880 0.9203826168895638
21 22 3 6 90968 1.0459266441821573
16 29 27 11 73503 0.9526840449079415
8 8 21 28 91660 0.9764453294808381
18 9 26 2 36561 1.0997163371105108
16 29 3 22 69626 0.9109768702319794
20 2 18 22 51518 0.9673417157638369
6 20 2 5 76242 1.0930311425408286
21 0 13 14 52763 0.9176197537089154
12 23 22 20 57317 1.0033146973352336
21 25 23 1 84950 0.9993709627925638
29 13 9 18 57898 1.0222486308922272
10 17 13 27 45719 0.9607929420975518
27 26 20 0 80296 1.0480206046428142
0 13 7 26 73514 0.9975321099507748
25 7 6 1 62712 1.0857712688858563
9 14 28 8 60864 0.9208936985354793
22 27 6 24 63598 1.0739757891203459
23 27 27 18 43653 0.9069466585105553
26 15 6 19 67551 1.080803937540787
24 28 14 20 62183 0.9316935790767863
7 14 4 4 56107 1.0772821741480547
27 8 16 8 37277 1.0599870965168656
22 4 4 19 96344 1.05391695540806
25 8 22 27 79642 0.9887203627377421
10 6 27 11 60014 1.0648479150506902
19 24 4 3 98302 1.049120936953439
16 9 8 5 38246 0.9378901600369852
9 13 22 15 37976 0.9386089313812248
8 12 18 24 50648 0.9750509195483598
4 2 21 6 54174 1.0258234564836077
7 3 13 18 77181 1.0476771873516932
6 2 11 23 100273 0.9743147064375369
17 1 7 27 102665 0.9590309894285066
14 19 5 24 56715 1.034102773504813
9 12 22 15 43635 0.9425994461064037
7 4 23 13 70641 1.0520369061017596
9 2 18 10 40045 0.9176245923925482
19 24 29 4 72157 1.054291266565783
4 8 18 13 53360 0.90645656425268
7 1 23 27 112661 0.9167951220989213
15 13 2 16 43492 1.010789964704719
29 20 27 1 41185 1.017663507807352
20 26 18 8 49494 0.9666847980374925
19 4 23 15 53957 0.9023481246849522
4 22 13 29 59111 0.9669475008589328
18 27 23 16 48552 0.934435091844702
12 6 18 13 34789 0.992536492167941
12 26 20 7 69581 0.9600327652929193
8 17 19 14 42772 1.0062351724710086
9 28 18 20 51957 1.0628337894053164
14 29 29 8 88819 1.0831309918308283
25 23 6 28 81424 1.0469462300560148
14 13 17 6 28804 1.0823101129663675
14 29 2 14 89746 0.9502166110347076
18 14 8 29 73509 0.9504189799189164
20 8 11 24 76873 0.9440441998201312
16 27 29 9 71486 1.0496235444868838
12 8 22 9 43170 0.9888176850357888
18 9 1 20 75084 1.028232385955412
1 4 17 0 56025 0.920507361946138
26 1 24 12 46140 0.977658488758002
16 13 15 27 47480 1.0856792999696037
26 22 3 12 83682 0.9237372735829065
2 12 26 29 106000 0.976656846927398
12 20 17 8 56074 0.9107328879549969
9 23 26 28 78433 1.0465338500187014
28 18 21 21 31975 1.0424368432833249
25 29 9 20 87185 0.9940192169267215
7 18 13 3 68523 1.0288864446209849
19 8 20 20 45491 0.9843949772929625
8 2 25 26 103042 0.9228638983460162
26 1 9 11 71289 0.9070817764773065
12 1 20 22 73328 1.068155582511657
11 16 12 5 52221 1.0292242681069685
1 18 12 9 66820 0.9648911603810093
26 10 22 22 60803 1.0467447287596225
6 3 9 27 113075 0.9722371502377796
19 11 15 25 48444 0.9090504739751323
11 23 27 0 104689 1.0907710302226523
3 3 14 24 108894 0.9165769164766823
18 16 6 0 69784 1.094482165370276
0 17 20 24 78061 0.9069192906483637
15 10 22 18 38956 0.976603305985118
17 2 20 28 71971 0.9883091383844815
29 27 13 20 63238 1.0228908010867122
27 6 22 28 77689 0.9528482707522636
16 2 29 12 51696 0.9309989296750089
2 13 2 1 57088 1.0994813338438254
23 12 3 0 87534 1.0212848528431078
27 0 21 4 32518 0.9413339815231223
20 4 8 17 77339 1.0019802148946844
12 14 20 8 37349 0.9711311029608838
19 5 27 29 86854 0.9880077031788045
7 4 1 10 46093 0.923046271615062
5 8 28 28 104256 0.9660397668829008
1 0 21 26 117324 0.9106995352365387
1 12 15 29 90638 1.0807062587272434
11 0 22 3 40236 0.9863076915388335
0 27 9 2 130577 1.0649804070694104
26 20 17 22 41882 0.9621556939180044
4 24 28 0 130757 1.0292975385776182
17 19 4 24 69516 0.993324263926029
18 17 20 28 33548 0.9569322118643454
27 11 5 24 98904 0.9518382054190191
27 5 18 22 64510 0.948874796324594
18 2 19 25 58731 1.09794169801686
15 9 3 19 63608 0.919951122473163
1 22 29 28 106887 0.9156798866287716
26 20 21 7 61077 1.0202444216494866
27 8 19 14 36746 0.9858759519700516
12 5 7 27 105783 0.9692669101646423
12 20 26 24 74207 0.9501398474664383
9 7 7 28 102227 0.974964596379135
18 9 4 12 43344 1.045131891541494
18 7 6 20 65722 0.9733130069174288
2 12 10 27 88787 0.9235468897709026
19 22 28 6 65560 1.0586061969743001
27 20 1 2 106159 0.9785719335017572
24 7 17 25 64242 0.9883756665859277
26 26 19 9 73081 0.9490926185573904
29 19 7 13 56640 1.0727633727949637
4 7 19 28 90043 1.048868554197785
6 17 21 21 55696 1.0504164852492506
26 29 15 7 90947 0.9751563925056692
5 23 1 3 102164 1.0959107078800543
8 16 19 4 64701 0.9599109289688026
28 3 14 20 80477 1.0652660300274328
9 16 25 13 49125 1.089585850364334
18 13 4 22 67812 0.9987972417086574
24 29 21 4 98496 1.054963978575525
16 5 19 19 47564 0.9954733483617177
15 27 27 7 80997 0.9390906238772541
11 20 5 4 84229 1.0288409523577489
23 0 2 26 123478 0.9933966203872575
2 27 27 2 133974 1.0846034446190131
2 25 1 10 74684 0.9301452888844219
19 22 22 29 40875 1.0029607469008033
5 29 8 1 128564 1.0818939937085783
9 24 9 5 102500 1.0352826165240054
28 24 23 14 43241 0.9080773716874172
8 17 2 1 85642 0.911200257109517
7 18 11 7 59780 1.0498510665091074
25 1 20 18 66061 0.9230341273573573
20 6 7 6 43104 1.0531717549633832
21 5 7 4 61022 1.085333084063848
0 16 19 0 88503 1.0631080347480295
25 22 7 26 71213 1.0257179183763756
12 21 29 28 72674 1.0084168136170661
23 22 2 7 97355 0.9102520558058345
22 12 6 16 50379 1.0515289302560613
1 2 5 10 46807 1.0943225365326457
29 19 2 26 96023 0.9013065398111954
24 27 18 14 50637 1.0690143606680218
6 28 1 3 122438 0.9264736389314135
6 4 16 14 60695 1.0206278075703188
17 4 0 10 73150 1.0816055312148238
6 5 6 20 63523 0.928827828644798
0 12 7 1 68965 1.0915448031755044
20 11 3 20 68764 0.9815702150958099
7 3 24 17 85086 0.9729215521464595
4 25 28 1 127578 1.0916116691383344
1 13 24 8 64804 1.0481819242228914
12 25 18 17 43088 0.9081981410557022
26 28 16 18 57389 0.9267869940723042
13 3 20 28 84677 1.0819636651337718
7 13 13 2 50678 1.0483798087008676
17 24 28 26 41849 0.9185711940460349
22 3 19 11 40106 1.0927926335707527
1 24 8 4 106997 0.9377242931741453
14 10 1 0 70718 0.9999617815745727
25 19 12 8 68571 1.052084685930842
19 16 4 1 78164 0.9875606611009418
5 14 15 24 64159 1.047469484612557
22 11 11 1 52904 1.0506547838316687
12 2 1 24 115549 0.9746877393168545
11 28 23 11 78309 0.962777290709202
25 25 14 20 61110 1.0395496342869004
7 29 28 3 130360 0.96552305481294
18 12 28 25 52624 1.0533968493840207
10 14 17 7 39065 0.9562095725130454
12 19 17 12 38565 0.9901500036410635
12 0 1 19 98399 1.0114075238179256
9 15 26 27 86612 0.9640720507882501
22 23 2 0 117077 0.9613236147415473
10 24 4 28 40210 0.9283746915178817
18 14 6 17 43815 0.9277657049313569
12 20 23 18 40233 0.9505360423308779
22 3 5 19 92186 1.0827117779067919
24 15 10 18 46043 0.9650797917642993
8 15 21 18 47900 0.9224706668473475
2 27 10 21 56130 0.9378048375825133
27 14 27 1 35914 0.917016413882411
2 4 22 2 60472 0.9324366946967642
13 5 4 15 58921 1.06594360463136
21 27 12 20 58195 1.0445150218676804
6 24 21 4 106195 1.0112686605794063
15 14 20 7 30659 1.0509163963959707
29 6 8 6 61557 1.0050444120951
29 26 14 21 65319 1.0192630504462503
13 26 28 7 82855 1.0132375768500224
1 29 28 9 129970 0.9238250751046061
16 28 21 0 83146 1.004979040377385
1 1 16 2 41418 1.0891366139409888
8 26 12 17 52129 1.0354765182786159
11 23 28 25 70421 0.9878538292515521
23 15 6 27 92925 0.9653864346157922
29 2 4 21 107566 1.0567760894349103
11 28 17 3 89903 1.0696339786569535
13 14 15 25 44293 1.0764803282076236
13 26 21 19 45678 1.034857068838344
26 25 10 16 78959 0.9391068772170876
9 10 28 9 63125 0.9944787069105574
27 2 5 10 81661 0.9758242912221171
25 13 11 14 33453 0.9876734632359181
14 1 9 7 32627 1.0869861112973915
26 11 15 29 76744 0.9789149583906912
21 23 27 7 71280 1.0303968850558398
15 6 20 11 27719 1.0303857875759932
8 26 21 27 44373 1.0859046929703144
12 20 0 2 104679 1.0755619709929942
19 20 29 20 36764 0.9394150698886133
12 21 20 17 39033 1.023214825144668
17 11 22 28 58930 0.920755483197396
21 14 12 12 30391 1.0928801392256986
28 0 19 13 48660 1.0481300844525312
17 8 12 24 67873 0.9835608602355623
5 26 15 22 45933 1.0507837838028358
15 19 25 21 42750 1.0993128022078442
2 22 4 13 45118 0.9170859254099002
27 26 17 12 59519 0.9112701199085791
8 26 18 23 37604 1.0819160652757753
6 16 21 10 54793 0.9352000393654906
10 25 23 16 76186 1.0328134867120753
21 23 22 9 64739 1.0717715165712227
17 21 12 12 42158 0.9007258703909162
1 1 21 26 113067 0.9129759565473293
18 11 3 8 52386 0.9418622910510811
28 7 3 23 109502 0.9798142202068723
24 15 8 11 49552 1.0922395845245991
29 15 28 28 28439 0.9675510395677468
8 10 24 22 77902 1.0671636158212179
3 4 12 29 123565 0.989403499161933
15 9 27 4 49567 0.9412103668465797
4 29 22 24 83061 0.9296239348292618
16 28 0 9 106249 0.9095618907074057
9 26 16 17 52297 0.94845395605077
17 18 28 21 38268 0.9585445116837874
19 21 13 0 68991 1.001835458510253
4 11 14 18 46639 0.9204158845068987
6 27 17 22 53281 1.045165253059049
17 13 29 11 28781 0.9887992285441646
29 9 0 18 88170 1.0902416264795045
17 15 27 7 46438 1.0973293809740803
4 23 1 13 52897 0.9409821686360863
20 5 3 11 67141 1.0421322770092754
20 18 17 6 37978 1.061506624005779
6 29 19 29 60972 1.0118347926167541
12 19 29 1 78614 0.9452531046017314
15 29 5 15 81471 1.0828474451285528
26 13 14 9 40540 0.9989935812973842
0 0 24 20 114851 0.9877569897641156
20 20 29 8 53592 0.929521539514575
15 10 19 24 48008 0.9803496116250134
0 27 23 2 132238 0.9794427727511706
22 11 28 1 40763 1.0216498531784548
6 19 20 5 76185 1.013365195450202
4 24 28 14 104094 0.9604666527375834
2 1 0 11 54984 1.0586472720768132
29 10 12 4 67464 0.9349033633529193
21 22 19 3 62807 1.0831748647477677
25 9 24 24 62890 0.9560107054169771
15 14 13 26 47723 1.0152805178675626
12 17 15 9 37708 0.9743364788865455
15 15 21 27 52323 0.995124107069412
25 15 23 25 49153 0.903032444330515
2 20 22 20 73661 0.9615835668948918
15 24 9 3 94730 1.0663293933457836
22 14 5 14 45106 1.0598239997563554
29 22 1 23 101002 0.99298492990435
4 21 13 16 47059 1.0428384278044702
12 19 18 28 43903 1.0592446156108668
5 22 14 25 45458 0.9782455355129135
24 16 2 16 73267 1.0416291715597363
2 24 12 29 57987 1.006610125013699
29 26 2 0 120793 0.9545673501837364
2 5 0 17 67527 0.9708154528357267
14 14 25 0 62799 1.0889702964775423
2 11 29 1 86745 1.0015907768096615
12 28 2 11 88799 1.0770156531275814
10 28 17 12 70465 1.0682770672308706
27 11 26 23 42766 0.9957807679752624
22 16 26 22 40620 1.0096961573915741
26 9 14 20 67493 0.9687535242867689
23 12 27 2 45202 1.035426158114107
18 16 6 0 69784 1.049098550391979
16 14 1 5 71565 0.9718754195830364
2 6 23 18 85497 0.9295364973991354
27 7 29 25 39937 1.046163523609438
28 27 4 18 84543 1.0354447749303661
24 2 9 28 110355 1.0736576458351221
0 11 18 12 49732 1.045395514130759
13 23 1 18 48760 0.9967825977340586
21 6 19 18 42867 1.0125016699742235
12 27 29 3 97411 0.9956852489517639
24 7 29 27 51396 1.0874549487007474
25 9 9 14 56389 1.0604841152348607
21 14 28 6 39284 0.9183677246601953
8 11 23 15 55201 1.0491009438403351
29 9 26 18 25459 1.0624675126271637
9 1 2 29 136955 0.9897430535596493
21 5 2 28 121985 1.0236787354570747
5 10 28 2 83833 1.0164963574962291
21 22 16 2 64638 0.9265432887398865
29 21 14 28 64814 0.9313629649492032
2 17 23 21 77332 1.0968052470552367
23 4 27 10 36547 1.0002581029065667
12 8 5 12 40098 0.9066361390566834
5 1 27 4 65765 0.9035343080306403
3 25 21 21 75830 0.9728292851064302
2 26 16 13 83675 1.0836209413811033
9 29 15 0 113228 0.9954345494639422
20 28 18 15 38948 0.9240995826174658
14 11 7 16 40186 1.0204560400366338
5 7 20 21 76138 0.9393135335743406
15 26 19 16 37789 0.915303530422957
11 4 29 20 82548 1.0682807466162232
23 24 11 5 96485 0.9556596700386901
16 23 29 6 70416 0.9309011028008917
5 3 1 24 105455 0.9347769782616763
10 15 2 21 52689 0.9334606849972258
27 19 7 25 83054 0.994659298382624
19 8 4 28 100995 1.044227632340872
16 5 24 7 30448 1.014663029499852
5 26 15 28 38996 1.0970195388101247
8 12 27 8 58659 0.9794251486488668
0 26 13 23 50306 1.0789889709132374
29 1 22 7 29065 1.0761669991167748
22 3 5 20 97705 1.0184285351392341
20 2 2 11 70410 1.0252373121161142
3 25 18 28 53772 0.977714918956261
22 25 0 13 80993 0.9391746086866706
22 22 18 13 37838 1.0158372825430833
17 26 3 6 91252 1.081439561996538
2 18 3 7 49303 1.0940780558667367
27 26 23 3 73481 0.967763049455111
15 24 25 27 43751 1.0391850094032793
18 1 19 19 47714 1.057005691887376
23 28 24 19 38153 0.9005265913699126
11 12 14 27 62820 1.0624419525950253
21 24 6 19 64734 1.0378573767024137
12 20 27 13 58533 0.9518467116944986
16 25 7 15 68693 0.9361045444003441
3 1 15 7 50443 1.083675056348397
4 16 15 5 70496 0.9894320028939053
18 22 7 26 43426 0.9656106211478122
13 24 19 7 63652 1.0437634806682485
19 4 7 25 98744 0.9757282453912223
18 23 20 1 58280 1.0420821208400022
26 11 3 8 73587 0.9478065668931575
27 7 13 2 47872 0.9104953689255205
7 1 23 26 104379 0.9113863194436207
26 18 15 14 37618 0.9146124994374056
9 12 12 27 69340 0.9528725730991011
26 7 18 14 39635 0.9536015294470838
12 1 0 21 109741 1.0822635160563776
5 7 23 10 64608 1.0898798485015657
6 29 0 19 68304 1.0218145767133298
0 28 21 3 133885 0.9570321282685195
22 9 11 5 48921 1.0775033772875249
18 16 29 6 43888 0.9813592109347792
11 11 24 19 54726 0.9819102882684664
25 21 1 16 84348 0.9724954672949058
3 28 3 4 103367 0.9508388937515304
18 17 15 1 46785 1.0227832092336477
7 2 6 14 51773 0.9220783163670639
28 27 3 8 106896 1.064247684489013
4 2 27 12 81521 1.055510107613033
12 18 27 11 51510 0.9573221006822417
17 23 18 10 36009 0.9122698948990319
0 1 22 19 103732 1.0267514024616355
18 19 13 1 55757 0.9782651765538016
3 24 16 19 63722 0.927949015294894
0 14 22 27 91168 1.0144825068715013
2 22 20 11 82120 0.9676582090783356
24 29 17 12 65980 0.9481161265790797
20 23 13 8 64350 1.0190172853429327
29 6 15 17 57408 0.9487825475177236
17 22 7 10 65464 1.0998901203720832
12 12 19 1 49890 1.0770295160373389
12 27 8 5 99921 0.9775258523144251
12 17 14 9 36950 1.0558562196013603
29 24 0 23 110962 0.9582211466157626
20 6 7 29 106258 1.0962306874943888
13 27 24 22 51775 1.0860075751702887
23 1 7 3 50726 1.0863727286049891
13 19 9 7 53543 1.0965454311262441
28 5 14 17 68693 1.0940845802505252
21 9 28 1 44085 1.036058518776564
5 23 11 4 100635 0.9778758945749697
25 10 24 25 61770 1.0809934478181318
8 26 5 17 48990 0.9427595941951452
15 28 23 24 45226 1.0502628332929842
28 28 13 8 84163 0.9679658011078902
8 22 15 9 70148 0.9522111061229721
19 26 16 1 69295 1.0771338802517205
0 29 1 9 103171 1.008108715391771
19 17 14 12 28659 0.926059734453968
2 5 4 20 75332 1.0494234769152853
18 29 1 18 67911 0.914899778916444
24 22 21 2 76388 0.9667920056906159
13 29 26 17 67630 1.0479260350696862
11 27 24 19 62998 1.0778646415518092
7 8 14 26 88259 1.016652772194209
11 5 3 11 46966 0.995472268521229
8 21 13 12 50512 0.9659266881168894
10 15 28 15 54323 0.9886057847473664
28 12 0 28 119459 0.9898324170965265
4 17 16 8 67194 1.0335026391624949
6 19 18 11 50866 1.0060887608674363
20 14 25 27 62637 0.9023087047590682
3 29 4 9 91857 0.9122190913737073
29 20 9 28 84510 1.0245202307214383
16 24 20 2 68397 1.0526036499928981
17 13 6 13 21443 1.027615999831387
25 5 18 20 60936 1.0059113009022758
1 16 20 27 84114 1.02820075784097
16 25 25 0 86394 1.0726667712056566
15 13 24 29 66575 0.9397216797711334
6 17 7 3 64193 1.0235141043161313
12 6 19 10 35104 1.0573250329008228
29 9 23 4 37166 1.0628356731674728
2 8 9 5 35227 0.9044346079894471
22 25 3 0 115278 1.0269707540371702
24 11 27 27 51598 1.0757901375014611
22 14 1 27 96344 0.9817473935393812
15 22 6 13 49946 1.0770183563716087
27 19 13 22 51965 0.9123512352012059
4 25 26 12 101118 1.019509506263879
24 0 10 23 102480 0.9554566954512315
27 26 5 19 84066 1.03588614329707
2 20 25 23 92320 0.9378443177508107
2 3 23 19 104402 0.9117189995337894
5 7 27 20 86295 1.0065794098737002
21 6 28 1 39787 0.9257414158764034
13 2 26 12 59589 0.9193448443327353
14 15 8 0 70339 0.9433322792415442
19 20 6 24 66693 1.0265725612923355
22 23 22 3 85296 0.9438922209886962
15 9 17 23 48535 1.0764189201010241
20 3 0 2 55014 0.976874327755693
10 15 17 7 44325 0.937778942080226
19 24 6 22 59389 1.0052903931393093
2 28 25 10 116537 0.9911333766999736
22 13 5 28 88466 0.9874192119611118
29 14 19 14 27670 0.9116846076791286
14 26 22 19 44930 0.9691358827682767
14 16 3 0 87528 0.9923030600945857
1 20 22 13 73335 1.0477266643069552
8 23 17 6 83033 0.9402454084996271
18 0 23 21 74064 1.0708646545987786
19 28 14 7 65149 0.9254002671104357
24 4 20 17 63928 1.099654382274385
15 29 14 13 59909 0.9088278627633709
7 20 27 29 96417 1.0777430655794884
1 10 10 0 65819 1.0915236660758147
16 27 5 18 61368 1.0294391922753487
1 7 10 4 38287 1.0092170365981716
13 6 4 11 43018 1.011765174373536
22 15 2 1 89548 1.0842012492614101
10 27 13 10 72606 0.933293704103655
5 6 24 6 58178 1.0379127084287143
21 29 10 19 64609 1.0788929586801028
11 21 7 4 90522 0.9680764554892023
15 9 21 24 63337 1.0179547063668355
2 20 27 25 96480 0.9918046364244298
1 23 27 2 128020 1.0997692885202937
4 1 20 14 74058 0.9653538150249819
6 29 15 24 48559 1.0463801052049502
6 25 2 0 117033 1.0937749707000564
18 9 6 10 42901 1.0596367115808851
18 3 3 10 60046 1.0937659798181514
21 8 11 10 43889 0.9132799785888074
5 24 3 8 78710 1.056261352094665
17 14 2 22 71737 1.0594388367680143
24 3 1 27 132702 1.0056505996278298
21 8 2 1 68467 0.9123940827635372
22 22 5 11 72039 1.0397602403972932
4 21 5 12 47540 0.9132960937011994
0 24 12 6 109437 0.9902450734164294
21 5 24 18 59685 0.9785829104588718
15 12 27 27 66748 1.0552080025523187
0 23 9 10 84347 0.9816085836072422
12 22 6 5 82158 1.044798658573132
7 28 26 1 126773 0.9571052775924963
12 9 15 27 75789 1.0966652154110117
27 20 7 6 87340 0.962347370131377
25 10 27 29 59393 1.0335942609037392
5 25 23 3 123411 0.9707584104979856
10 19 1 7 74946 1.0879199398838193
19 13 17 1 33827 1.0369603059212762
15 19 7 13 37156 0.9654899525674739
19 12 5 8 55125 0.9250701786205429
15 23 7 2 89193 0.9535847624208897
12 5 12 18 54666 0.9900473850706369
15 25 13 16 37834 1.0476769840248388
11 2 29 8 55710 0.9090931465775504
21 14 11 27 63295 0.925963300084239
9 20 16 4 78133 1.0124031456084162
19 3 25 17 61415 1.095240903008175
6 23 12 5 91066 0.9599556531960995
24 18 29 13 22644 0.9653497357324642
7 20 20 0 89003 0.9664067664541504
9 15 29 18 62856 1.0657673099353273
10 15 14 29 69029 0.9399566489280892
11 25 6 2 106357 1.0057493238900124
8 29 26 15 97434 1.0334103087048219
26 13 5 2 73353 1.0205822072019106
28 24 19 23 49692 0.9009110976695521
25 5 16 23 78018 0.9306550486502341
12 7 28 19 69222 1.0619855839793635
12 17 7 4 74058 0.9986905145475476
21 21 9 26 53702 1.040846451066544
23 11 10 28 82624 0.9123990361276146
18 28 0 4 116877 1.0935520432423453
6 17 3 9 41459 0.9555913736764747
28 12 11 15 47705 1.012824969284147
17 8 7 17 61375 0.9194031890610296
4 15 14 10 43597 1.0516064859075862
4 13 22 4 69418 1.0136513658949688
14 18 18 3 46188 0.9664677814922095
3 17 19 26 64179 1.021679090344335
12 20 6 6 75802 1.0682870745607365
1 8 28 29 118186 0.9942999184681918
20 29 10 2 94192 1.0714478177949418
10 10 6 26 79893 0.917489689983381
29 28 8 21 85782 1.0897804864607918
5 24 8 2 103294 1.0927698401978818
12 8 25 22 80369 1.0481112964170634
0 27 8 24 42369 0.9183732493390682
26 13 12 0 63858 0.9901428177313494
17 23 24 26 32578 0.9946840670279167
25 6 17 23 67594 1.0524025277130489
23 23 1 1 122443 0.9134876845119186
1 9 22 5 73561 1.02308650646709
13 23 19 18 32154 0.9935938933979921
4 14 3 25 49904 0.919716705888356
5 28 23 20 93496 0.9106344341694776
10 5 21 9 48618 1.0187656405206622
12 2 7 21 93531 1.0174977127733371
1 7 25 18 87251 0.901307345661089
14 1 22 6 37698 0.9182785284832141
27 19 22 7 48920 1.090063490548658
2 3 28 18 105905 0.9861444265577561
29 9 4 18 78607 1.0347223017984204
10 18 26 25 67513 1.088183287470912
3 10 7 19 51307 1.0855095017464709
8 19 22 16 51607 1.0215713380951252
9 18 29 11 61485 1.0005241019600102
4 4 28 13 88564 0.9405912255180484
26 6 16 0 48295 1.032043484335393
3 17 7 3 70603 1.0882310320948194
24 12 18 4 36914 1.0322984336636516
5 19 14 15 40586 1.085936746531042
19 21 1 23 78620 1.0646729520450853
28 29 16 13 62660 0.933223522797725
12 29 1 18 77312 1.0432634625063824
11 8 2 17 60928 0.9966765054124922
6 14 4 6 40949 0.9514960343569516
20 22 9 4 83786 1.0796574280977587
27 22 14 11 60719 1.0843128863876956
1 3 25 5 79507 1.0040118401957001
2 10 26 25 105808 0.9058723708043681
19 4 4 4 59279 1.0598917022236582
1 27 5 17 55367 0.9605648420477427
27 11 12 4 66117 1.085951490991117
9 15 4 25 61268 1.037215368355929
5 10 4 27 83907 0.9587746314622391
11 19 1 23 54411 1.0576391053806227
1 15 16 16 52574 0.9449029182026034
3 18 16 14 48787 1.0283907160171548
18 2 5 27 101396 1.0291713813930146
1 28 6 2 122261 0.934663498185277
26 10 20 24 68869 0.9293985773524271
10 4 4 15 67852 0.9695315655136176
23 28 4 20 91536 0.9646409622981507
29 16 21 9 42335 1.0853258334737381
18 20 28 1 65018 0.9312665448378482
2 1 12 14 77075 1.0778340992112643
26 21 28 13 31181 0.9168705864461203
9 4 0 26 121455 1.0295948089730675
13 17 3 9 51103 0.9395501564919906
12 2 2 12 66295 0.9465748165407161
28 20 16 29 68991 0.9245112387236739
4 11 20 29 86507 1.0515076944412152
11 7 3 25 95832 1.0935263251017187
19 12 28 28 57983 0.9285942534486898
18 9 22 22 47744 1.0811376340293115
14 0 25 13 56083 1.0638254917219907
4 18 10 11 45709 1.0895344096525859
7 24 29 12 98630 0.9699838093388716
25 10 13 21 63005 0.9219943413820167
12 29 23 27 56192 0.9339043047744973
15 26 20 16 44288 1.0162450239483227
2 2 0 15 69560 1.0861691415962695
3 22 18 23 63620 1.0901943167702826
