5269 4307 4158 4077 4681 5332 5400 5051 5313 4311 5241 5391 4339 4875 4656 6414 7294 6864 6972 6665 7395 7650 7406 6750 7464 7091 7013 7833 6915
2347 2823 2295 1851 3192 2807 1864 2228 2764 2942 2592 3274 3252 2347 2359 2583 2583 2601 2094 2614 2210 3073 2162 2057 5196 5460 6403 5930 6251
2382 1737 2592 2321 2903 2507 2411 3401 2975 4015 3551 3955 3303 3504 3755 2846 4151 4219 3211 3749 3505 4277 3835 3702 4041 4211 4283 3890 3264
6206 5833 6686 5899 6459 6089 6288 5835 6727 6287 7237 6000 6048 5949 5815 6651 7055 6361 5854 6948 6524 6777 6020 6625 7208 7226 6394 4359 4842
6227 5344 5907 5189 5337 6225 5076 6409 5434 5263 5295 6485 5727 5560 6309 6262 5548 5482 5090 5485 5521 5437 5553 5269 6378 6080 5807 5060 3153
3235 2588 2436 2937 2398 2178 3384 3034 6023 5845 6960 5622 6743 5982 5612 6766 6330 6570 5695 5601 5896 6726 6735 5589 5738 5832 5610 6275 6485
3529 4023 3524 3951 4341 2992 4077 3197 3257 3354 3284 3618 3062 3503 3593 3456 4033 2940 4042 3561 3321 4224 3581 5456 4260 5732 4620 4928 5218
4685 5528 5253 4914 5040 5126 4803 5031 4445 4662 4390 5283 4599 4193 4148 4737 4319 4506 4410 4117 4659 5295 5902 5722 5451 5172 6226 6321 5221
8288 7678 8219 7379 7943 8445 7626 8200 7382 7921 7032 7549 8380 6050 4756 5780 5866 5392 5798 4659 6142 4712 5711 5534 5256 5061 4987 4734 4717
4354 5214 5311 5616 4852 5295 4778 5066 4968 4543 5395 4295 4408 5656 4945 4579 5460 5305 4278 4408 5287 4777 4645 5192 4699 5024 7672 7032 7564
4290 3894 4032 4679 3693 3441 3800 3481 4643 4450 4515 4423 3362 3341 4637 3285 4446 3444 4504 4583 4233 3577 3612 3871 4849 3562 4557 4365 4056
7778 7383 7130 7152 7770 8290 7222 7196 8158 7386 8189 7731 8149 8085 6642 6377 6575 7056 6322 7091 7463 6479 7297 6768 7165 7011 7420 7571 7419
6412 5544 5453 6397 6236 6326 6749 5823 5948 6319 5482 5947 6118 6309 5927 5389 6681 5862 1421 2035 2003 2632 1649 1689 2296 2222 2244 1526 2309
5147 5118 4389 3920 4153 4088 4300 3673 5048 3248 4051 4078 2986 3497 4112 3989 3267 3723 3715 3647 3962 3570 3890 3897 3128 3072 3425 3144 3838
2368 1796 2570 2546 1470 1905 1877 2258 2498 2185 1608 2308 2639 1496 2895 1461 2501 2345 2878 8665 7816 8648 7779 8679 8048 7586 8622 8643 8064
6418 5840 4931 5731 5004 5926 5274 4933 5970 6107 6313 5070 5539 5175 6183 5837 6147 5877 5148 6102 5452 5700 6049 5495 6193 5953 4606 4625 5186
6607 5615 6391 6361 6735 6450 6842 5798 6645 5842 6524 6385 5631 6900 5923 6109 5523 5878 6331 5845 6686 6739 5889 5588 6910 6811 6949 5864 3412
6575 6440 6633 5426 5970 6750 6606 5462 6008 5666 5505 5742 6430 6050 6165 6485 6091 6369 6513 6760 5614 6149 6763 6232 5468 5925 6876 6385 6215
6731 6039 6829 6664 6204 6212 6699 6615 6855 6873 7760 6539 7712 6788 7663 7667 6942 6658 7201 7753 7007 7095 6799 7429 7024 7276 6708 7270 7479
2379 2320 2829 2973 2769 2292 3355 2541 2034 3290 2444 2674 2664 2626 2949 3010 3084 2595 2638 3052 2716 2746 2438 1944 3242 3060 2085 7096 6741
2991 2309 2235 2106 2776 7224 8202 7244 8425 7394 7157 7407 7766 7315 7272 7623 7181 8488 7543 8582 8450 8525 8485 8319 8042 7826 7421 7221 7520
6282 5800 5539 5858 5959 6311 5600 5456 5653 5549 6083 5224 6457 6633 5472 6435 6330 6435 6387 6167 6706 5866 5925 6359 6742 6077 5974 6675 6306
6182 3520 3596 2254 2406 2449 2838 2870 2966 2566 3304 3316 2556 3423 3205 2419 3484 2416 2396 2925 2973 2768 2672 3066 2761 2779 2673 2880 3502
5465 5347 5251 5070 5771 4765 6050 5892 6005 5121 5547 6572 5860 5123 6243 5195 6158 6115 6181 6323 5097 6095 6013 5715 6506 5167 6130 6562 6400
5210 6001 5579 6128 6285 6082 6286 6896 6498 6921 6899 6969 6863 7060 6031 6534 7284 6005 7225 6594 6543 6564 7211 6717 6502 6141 6605 6948 6506
3495 2659 3224 2345 3530 3366 2416 3207 2761 2681 3431 3810 2844 2352 2984 2573 3306 3761 3276 3543 3553 3356 2602 3168 7535 6568 6343 6545 6389
7120 6049 6989 6297 6549 6661 6103 6853 6237 6484 6080 7246 6330 6432 6491 7206 7294 6855 7348 7350 6811 7289 6627 7008 6329 6230 6653 8120 7577
7136 6793 7309 7257 6659 7307 7674 6439 7663 6755 6619 7069 7237 6461 6805 6973 7522 6898 6509 7693 8013 7167 7242 7464 8153 8537 7752 7476 8609
7762 6736 7485 7756 7804 7319 6679 7952 7826 6718 7570 7549 7487 6785 6608 7779 7618 7819 7706 7935 7505 7725 3002 3709 3503 2909 3913 3067 2979
3031 2825 3426 3172 6540 5778 5786 5679 5263 5226 6646 6470 5890 6077 5853 5397 6017 5216 5432 5898 5516 6521 5949 6248 5244 6560 5219 5209 5534
5489 4091 6011 5929 3972 3295 1924 2235 2643 7666 2355 4811 7264 7908 7925 3205 4453 2969 4031 7112 4275 8292 4492 4602 3462 2959 6177 6966 7023 4436
5549 3167 4809 6405 3039 7411 1690 1820 2882 7553 2447 5450 6256 7415 7742 2758 4507 1813 3490 4644 4425 7467 4954 3211 3979 2772 5928 7878 7892 4395
5359 3375 5370 5870 3718 6150 2090 2833 1605 7327 2023 4885 6955 7389 7414 3120 4081 2866 3424 3891 4588 7745 4369 3300 2878 2972 6900 7889 7993 3919
6154 3304 5716 5973 3883 6204 2507 1689 2874 8277 3468 5416 6370 7166 8089 2610 4790 2065 3713 4406 4643 7512 5205 3258 2878 2270 5768 8271 7488 4469
5625 3585 5257 6148 4075 6609 1699 2483 2270 8162 2566 5577 7019 7463 7393 2346 4712 1943 2902 4017 3944 8852 4683 3164 3102 3066 3317 7845 2879 4869
5503 3309 5679 5973 3544 6240 2549 2657 2052 7840 2024 4641 6819 7320 8033 2580 3663 1724 3511 3938 4053 8508 4325 3257 3125 1913 4036 8290 2098 4532
5611 3611 5065 6210 3116 6237 1558 1890 1707 7978 2667 4403 7520 8014 6801 3493 4263 2368 3325 4659 3989 7870 4871 3241 2909 2173 3711 1826 2977 4637
5778 3655 4989 6943 3700 6595 2290 2108 2545 7091 2476 5436 6392 7747 7957 3735 3671 1727 3137 3436 4127 7389 5068 3314 4049 2351 3752 2505 2295 4923
5400 3071 5388 6532 3497 6707 2386 2323 3030 7829 3056 6707 6372 7661 7065 3763 4273 2515 3913 4171 4538 6658 4621 3466 3629 1664 4230 1260 3031 4281
5733 2919 5206 6093 3792 6323 1968 2781 2030 8066 3535 5968 6112 8260 7533 2598 4709 1907 3579 3962 5081 6528 4507 4514 3464 1757 3962 1531 3359 3620
6142 3037 5849 6859 2877 6927 2964 1614 1950 7186 2316 6597 6798 8284 7396 2844 4120 2156 3240 4316 4062 7143 3844 3477 3024 3533 3554 1443 2283 3228
5089 3340 5961 6965 2828 7352 2060 1744 2150 8241 3561 7182 7047 7801 7812 3500 4242 2107 3052 3891 4472 6778 4417 4490 4015 4406 3512 2176 2486 3513
5182 2262 5958 6733 3258 6520 2678 3081 2805 8291 3462 6958 4552 8025 7891 2717 5145 2654 3695 3748 4115 6395 4852 3954 3545 3885 3350 2506 3107 3784
5261 2754 5545 6169 3908 6333 2525 2109 1774 7514 3590 7038 5594 8504 7557 2877 5025 2007 3345 3266 4688 6363 3976 4531 2796 3656 3619 2523 2145 4287
6381 2673 4826 7649 3332 6445 2676 1929 2159 7904 2938 6379 5199 7215 7571 3480 3982 1981 3181 3284 4668 6488 6139 6893 2800 4482 3819 1691 1977 3248
5054 3442 5423 8387 3708 7092 2879 2312 2136 7784 3431 6150 5153 8048 6927 3401 3863 2642 3654 4583 3759 5999 6382 6314 2949 4507 3766 1851 2918 3624
6444 2320 5799 7921 2761 6280 2457 2686 2177 7491 2368 6404 4663 7681 6661 3124 4800 2428 3445 4385 2296 7182 7276 6315 2697 3704 4047 1455 3010 3394
5182 2970 5642 8035 2998 7309 2687 2718 2129 7456 3488 6662 5606 7175 6837 3115 4470 1924 4105 3456 2074 6185 7433 6562 4048 3188 4314 1490 2555 4294
5051 2503 5191 8753 4058 5928 3045 1663 2356 7832 3684 5903 5526 7499 6808 3623 4429 2210 3198 3645 1982 7080 6326 7110 4112 4223 4254 1399 2673 3505
6146 2022 7166 7435 3492 6945 3158 1716 4947 7716 2856 5925 5104 7527 6896 2513 4293 2431 2731 4451 2933 6814 6851 6534 3935 3391 3723 1629 3294 4681
5466 3182 6489 8901 3732 6567 2545 2811 5141 8268 3581 7119 5337 7821 6803 3135 4435 3021 3312 3571 2907 6615 6386 6835 3146 3502 3397 2601 2352 3774
5539 2500 6439 8539 3390 6031 3213 6760 5162 7080 2721 5889 5692 6712 7926 3820 4451 1590 3372 3284 2313 5967 7086 6406 2015 3360 3166 1864 2414 4294
5173 2349 7533 7968 3757 6642 2538 8002 4148 7470 3787 6983 5273 7839 6985 2628 3753 2873 2883 4014 2987 6030 6555 6366 1445 4574 3098 2291 2415 4319
6071 3351 7176 7723 4673 5919 2129 7067 4742 8224 2950 6498 4896 6998 8005 3416 4805 5576 2686 4298 2770 6823 6151 6112 1553 4112 4199 1483 2132 3566
6198 2629 7569 8729 4014 6583 1874 7646 4668 7586 2919 7181 4863 7166 7941 2578 4748 5597 4115 3802 2043 6975 7414 7017 2161 4325 4253 1816 2659 4213
5094 3413 6765 7990 4139 6803 2549 7656 4161 7748 3333 6086 5471 6627 7497 3248 5150 5292 3742 3209 2661 6533 6332 7395 2401 3388 3914 2294 2417 4116
5966 3371 7542 8383 4714 7364 2867 7357 5263 7460 2690 7019 5896 7881 7980 3637 7525 5878 2913 3562 2625 6899 6875 6471 1989 4501 4352 2416 3408 3338
6167 2441 7735 8827 4786 6003 3240 7357 4091 8021 3707 6228 5097 7095 7768 4011 7917 5327 2739 3203 2004 6970 6986 7538 1421 3926 3557 2185 2728 3838
6299 2538 7533 8359 4932 5975 2629 7526 5231 5245 3390 5983 4980 6990 7545 3438 8071 5309 2772 4575 2685 6188 6174 6300 1426 3895 3056 2482 3127 3531
27 1 0 10 88129 0.9074013400521382
7 1 10 20 76426 0.975184785890385
21 14 24 2 56757 0.9405675513473569
29 11 2 7 84431 0.962637769694828
28 21 10 19 64572 1.0434840441046136
4 25 13 10 62471 1.0542898092708448
18 19 29 16 48781 1.0465148539684215
4 7 11 16 52234 0.9625912328381566
17 16 26 21 42276 0.9748683069671569
22 29 12 3 90841 1.0919870437880743
23 25 22 10 48258 1.0625488463032788
29 7 28 23 82215 1.0997654517368174
13 1 20 17 50383 0.9286175737958697
5 17 24 2 86491 1.0368349210983498
13 3 3 9 47252 0.975083378622654
2 20 19 2 84525 0.9336536063469122
20 19 26 4 62190 0.9774663937099248
29 5 11 29 103888 0.9201435026816082
6 11 20 16 57268 0.976374255447546
1 7 14 7 29132 1.0108331687362653
15 3 20 15 48724 1.0427333053516579
24 19 2 29 82125 1.0257254336848916
20 18 8 8 49841 0.9353297380587302
21 4 12 25 71839 0.9156741850184075
14 16 25 1 61453 0.9256204879643226
28 14 2 12 93854 0.9172054110534088
0 17 1 4 37756 0.9141208736788303
19 10 24 23 55121 1.0963367535001727
20 29 10 9 86358 1.0297194591253773
6 0 19 4 50208 0.9032105588909468
20 16 2 0 82792 0.9841725534134647
19 26 14 16 38117 0.9903837427574118
16 5 0 18 70215 1.062425803538358
15 6 25 18 56729 0.9353867931994903
23 4 25 12 32845 1.0471883526867705
11 18 2 3 63821 0.9552891859736391
8 11 24 22 85871 0.9116956167071303
29 28 9 9 97742 1.0169514668204969
25 2 10 25 95415 1.046022470554325
4 10 19 6 46045 0.9988305578659334
6 21 19 24 54943 0.9046132535308807
1 9 24 25 96727 1.0605663464004647
7 21 11 12 49710 1.0354837642699455
22 21 14 8 48528 0.9326455588587766
19 17 6 20 39169 1.0960882823693132
14 8 21 20 44901 0.9914782582357395
8 13 1 23 50688 1.08590787457852
27 4 16 5 45845 1.0881852273255588
17 21 7 18 45517 0.9614734243146572
1 4 22 26 101672 0.9012948496158778
19 29 26 1 103135 0.9865601260447732
7 1 15 28 91382 1.0729735047939633
28 16 22 12 36481 1.0041103948724235
16 19 14 27 36680 0.9501734097741443
20 5 4 9 53837 0.9620294920634562
15 27 15 14 47921 1.0435437259553295
0 7 12 12 51737 0.9466706387472775
20 21 10 1 74406 0.904955724059647
27 7 27 23 76562 0.9964458381104789
21 2 10 8 44915 0.9991876328275193
2 19 8 23 34900 1.0406116133967211
1 9 11 5 35961 1.0034450342896184
17 17 6 22 42580 1.0367452582804013
5 18 13 5 54231 1.0270950952792317
8 3 11 20 71953 0.9508227126380275
20 18 28 29 50228 0.9332962427066832
8 9 14 27 73317 0.9172774372369462
25 26 20 6 75011 0.9213536655942439
21 11 13 4 40219 0.9331717579181026
1 14 7 28 60782 0.902668557684565
4 5 19 4 47707 0.9288303162888928
4 27 12 12 73718 0.9815139191112896
24 25 4 1 107769 0.9367900251131073
2 23 8 10 54626 1.0724990214769712
25 0 12 25 90559 1.0790735155236022
25 13 17 7 41145 1.0401803441656292
24 2 14 23 94936 1.0382858921037863
19 29 26 13 71598 0.9188276055474998
7 13 15 19 40977 0.998479694649015
28 21 12 20 54330 1.0324728108872514
26 8 1 1 80917 0.9164682869577591
22 25 2 11 87757 1.0492333364926856
26 16 28 25 41029 1.0742097045419843
16 8 1 27 85608 0.9532410019808212
19 3 4 18 71068 1.060477286080418
3 8 19 9 38178 1.0112192100286737
24 28 22 9 59129 0.986342577988477
22 11 24 22 44587 1.0900782813333154
9 29 23 1 99521 1.0305248711531096
6 2 18 8 45973 0.9412753307043586
16 8 28 22 75376 0.9113526034696489
3 24 6 17 34079 0.9527340774229042
4 12 18 12 65570 0.9533828651067995
29 4 3 12 101810 0.9344339662058332
28 29 28 18 51074 1.073934302991213
29 5 3 19 104352 0.9106002534657563
16 0 5 12 65293 1.0093934740147024
9 25 23 1 90780 0.9257923365490718
26 15 11 0 81532 0.904945432647761
26 6 13 3 42953 1.0184564796438451
23 16 23 2 51454 0.9141636752272799
5 0 23 14 85908 0.9173247778934653
22 9 16 4 32468 0.9618152191644161
15 26 20 13 56513 0.9408375411551921
1 27 23 23 78921 1.0591629118577073
26 28 13 29 35988 1.0570600622099176
27 16 15 4 72428 0.9480419893081116
9 0 0 23 86667 1.0305528033364673
0 24 26 22 85817 1.079062676552501
4 0 27 5 84299 0.9720210605304227
23 15 12 2 65863 0.9799151473910674
25 11 11 0 69082 1.0976783992794445
29 8 9 10 74796 0.9208067003080781
2 25 29 15 96301 1.0370328764651289
14 3 5 8 30099 0.9291654322968796
3 28 11 17 54294 1.0580126484777126
2 18 29 9 96777 0.9280386759867277
5 3 27 26 110599 1.0211138223505973
16 1 5 13 62423 0.9270222418851507
7 17 6 4 48135 1.0870303988869545
4 3 24 25 105308 0.9534833633560637
12 5 27 18 72237 0.9423137702092962
2 25 29 4 124719 0.9009540768208391
17 10 29 3 60624 0.9387257236730511
2 2 22 13 76347 1.0063207147949993
10 11 4 15 34278 0.9868133721369685
15 6 6 29 74865 0.9907645015151717
0 26 12 21 47193 0.9341442010892625
2 25 22 9 91575 1.037475017826351
29 12 10 19 79248 1.0212505179620406
26 17 2 15 70601 0.9118906895678099
19 6 0 21 82107 0.9554176383246465
24 13 19 2 54636 0.9315890330138054
16 15 29 10 55153 0.9603190443973503
19 18 18 2 49320 1.0140487829149032
27 2 9 4 67093 1.0663846072851582
21 29 21 8 70506 0.9737118898764834
7 25 14 1 70834 1.0687821514496094
17 22 17 11 53676 1.062097553767872
28 20 22 7 52936 1.0694545675634974
5 28 24 26 46746 1.0535380749771701
6 25 24 25 52830 1.0932896617807564
1 15 23 26 76801 1.0651097791300255
11 2 27 24 96673 0.9342790924605574
12 24 11 8 47134 0.9417503770376381
29 18 27 8 52093 0.9282687946735935
7 0 4 23 85439 1.0720604242295793
11 11 24 24 74151 1.0730719081507658
24 7 21 17 44615 0.9118594886792503
13 0 17 8 28523 1.0513475019424916
29 7 2 12 90669 0.9171560423730735
21 2 11 4 41173 0.9285631821767544
12 11 18 4 37526 0.9002828702483143
17 28 10 22 33044 1.0047052721081933
1 13 16 18 46904 0.9783871756828761
7 6 22 4 44386 1.0285233062312806
22 16 28 2 67089 0.9863268513507879
12 19 27 29 58148 0.9535812641009946
19 18 14 5 39411 1.0538205671627185
25 8 11 26 82459 0.9252216226382503
24 1 8 10 65010 1.0734218604829422
29 13 7 29 105252 1.054111611603062
13 16 26 8 61758 0.9354262610714476
5 2 10 10 36764 0.9517402316554051
27 3 6 0 79005 0.9214152848563647
9 22 24 16 60513 1.0166548232142387
24 14 9 16 52496 1.0399935027581997
0 1 24 3 84372 0.9095240515504347
0 7 0 18 35791 0.953018911737618
18 17 13 7 32933 0.9979430932043459
3 19 29 20 79127 1.0972010311443914
5 20 14 29 56484 0.9752153640862986
29 8 16 12 63336 0.9863183972880522
25 21 15 1 74003 0.9466104917948784
14 20 24 16 42148 0.9313544966160766
22 10 7 28 80809 1.0364101215084174
1 11 1 24 33209 1.0007474375668555
27 17 1 13 81167 0.9248979839689553
16 24 3 5 87903 0.9807210844810083
9 18 26 11 66775 1.0123583525811222
16 7 1 11 43899 0.9343608514403173
23 15 8 17 40104 0.991063001617088
28 25 13 0 93558 1.0580223429309314
9 17 0 1 62868 0.9548611021445397
15 19 22 0 70314 1.0942524712450246
11 23 16 8 47501 0.9554796590120064
2 23 23 0 109256 0.9149563350272801
26 15 12 19 46806 0.9729752705792921
13 7 17 27 61560 1.0998451991657066
28 29 10 17 65467 1.060563829153152
26 7 13 5 44466 1.0092104078276556
23 20 3 4 86189 0.9625967317748059
2 24 16 11 74471 1.0537185077929818
15 13 1 16 46003 0.9143943629461163
17 29 27 28 32534 1.0485493061649316
0 9 23 3 76577 1.0149974487526596
9 2 3 19 79268 1.0975118004001774
8 15 6 4 45506 1.0048199512243912
6 4 6 18 48707 0.9881606929058401
9 27 1 23 36078 1.0975351400069242
8 23 9 2 88611 0.9808480409297338
3 28 16 19 59785 0.9011559204381698
2 21 7 4 63249 0.939458328597872
1 23 25 21 79923 1.0299729952077916
25 20 28 12 41103 1.064221738391979
21 26 19 15 37645 0.9407063441598296
23 28 7 26 39445 0.9548110987973922
1 16 23 0 93874 0.9281825815475692
17 22 6 10 71998 0.903203433802097
10 4 23 12 57713 1.0108725926292852
7 28 1 14 60782 0.9819668266281047
1 23 8 1 74640 0.902022083317198
26 0 8 20 101598 1.067784770691226
7 26 17 3 84321 1.0031648385974525
27 10 20 29 77848 0.9946106914799672
23 2 14 4 36220 0.9934653622705389
29 7 2 27 126681 0.9104924023141376
15 13 13 25 42563 1.0035141309903317
27 12 26 0 53386 0.9600408708248996
23 3 13 27 89124 0.9520325397154588
17 7 4 17 49884 1.081550562300036
25 20 20 10 43546 0.9155333177083171
17 18 25 16 33469 0.9914650519008487
4 6 20 4 44974 0.9614434375243829
29 23 11 5 95366 1.0176421923809376
14 8 25 1 44363 1.0795466476949152
3 25 27 16 92853 1.0907228579473414
13 13 10 0 47284 0.9865692151869362
0 13 14 22 63363 0.9902728492879336
20 15 14 8 32151 1.071930064472599
10 26 8 16 43037 1.0258857264471852
13 6 24 5 35934 1.0781669156524902
27 1 22 25 83373 0.9328805605802197
17 0 12 29 80434 1.0208398058417623
19 15 26 9 41988 0.9021994600936613
13 29 27 14 79129 1.0105766403304897
8 28 15 10 56566 1.015652048114458
19 28 15 4 75230 1.0636597438820066
19 19 13 11 36756 1.0871489871980116
13 13 20 8 33083 1.0692937598133376
24 8 24 20 44033 1.0058557381866626
27 15 4 6 81425 1.06160970278616
17 20 21 6 48715 1.0538465240483192
12 4 5 16 59105 1.064829234586385
0 22 19 17 56121 1.0725691513076643
14 26 1 12 64704 0.9700831160400964
11 25 13 13 40414 0.9336663574931605
25 25 8 8 83467 0.9488989144108348
10 3 24 9 63655 0.9978697663260454
25 28 3 8 98659 0.9192060819082685
15 29 28 26 38498 1.09863840650699
10 22 21 2 81564 1.0627522004161272
25 23 18 28 30153 1.0479496175195313
5 18 12 6 52821 1.0168103493689693
25 4 5 27 105404 1.0114830525443128
18 4 1 19 72447 1.081102459546303
22 2 17 10 38013 1.0192631855686556
9 6 20 2 38833 0.9430107549707852
23 17 15 19 29607 0.9184703131818784
7 21 22 1 88390 1.0839773270840596
29 22 5 26 70474 0.9372369416449312
20 6 21 29 76810 1.014952940098667
21 13 7 18 54611 1.0914674964948186
13 27 22 28 19383 1.0417535152257482
20 26 5 7 81495 0.902702961770862
17 13 27 2 75905 0.9098741839870189
11 0 18 8 39157 1.0816658479836658
24 10 17 16 41161 1.078422455337027
3 26 0 17 37946 1.0171148013909916
7 0 12 22 77212 0.9286332526929629
24 18 13 9 47958 0.9095306740951067
25 15 27 5 39209 0.9384591983762882
10 10 4 27 81119 0.9290098992715078
11 28 6 8 69170 0.9460992095312393
21 25 26 14 49601 0.9674946630553716
5 8 25 22 80307 0.9805156933746451
21 8 6 26 83573 0.9612281109949118
13 3 6 10 39940 0.9606241073074294
16 3 27 3 55346 0.990606369819656
24 4 15 5 37573 0.9179693243170897
2 13 21 7 62616 0.9934248112466934
14 7 17 21 48127 0.9564644501419142
6 4 2 13 38027 1.0434618800720474
26 17 8 1 88961 0.9539186770639012
18 8 11 3 33257 1.0069084371622918
11 14 25 11 62559 1.0110474173653918
16 0 12 24 67549 1.0928632064161854
27 2 7 7 71442 1.0405494548046204
22 28 10 13 65525 0.908024916549231
2 27 23 16 83173 1.0114602386609282
3 6 20 18 65421 1.0485401439631652
26 19 19 10 45078 1.0469162512140782
19 5 21 18 41601 1.0524179680345056
12 12 28 23 73260 1.056390943379304
22 15 19 3 42079 1.0907957114455287
19 22 10 21 41811 1.0180368906371502
29 18 14 8 62084 1.0552197678036557
8 13 1 28 75734 0.9381714330576293
16 22 8 7 67294 1.090966480818878
29 6 24 29 92135 1.0294564704033802
26 15 6 29 84463 0.9833751925872368
1 6 7 1 27443 0.9759053636274402
21 19 10 27 45839 0.9727034085723227
22 2 23 12 33838 1.0177566357210563
20 8 3 15 64596 1.0533139272721252
5 14 11 21 46171 0.9486377621179038
2 3 8 29 97232 1.0170355915894416
20 15 26 23 45301 0.9483076568172601
7 6 3 14 44932 1.052578369891668
12 13 7 29 66478 1.0377382050519386
26 23 4 27 67496 1.0819034948724335
23 28 13 23 35320 1.0929566127701715
28 17 19 3 72353 1.0936828397240255
20 28 16 12 65494 1.0843719542470045
6 1 24 16 88931 0.9454331485626372
1 8 29 3 88255 0.9687467589887417
3 25 23 27 48232 0.940903239321845
8 13 20 0 75322 1.047406710071658
11 2 23 24 88569 0.9692966606213124
17 26 22 3 79695 0.9040486450977674
20 1 3 2 56610 0.9551043222876182
10 11 16 28 63094 0.9844993559285222
3 17 28 5 91049 0.9581462460110515
25 27 0 12 91842 0.9003204515733466
24 22 25 13 36118 1.0191569004728134
13 11 3 24 70971 1.0966210231251532
10 29 10 9 70214 0.953858833731244
3 26 18 14 78214 1.03888213123328
18 28 16 20 33252 0.9013189768949249
20 24 15 10 51095 0.9776072155743083
18 14 7 9 54226 0.9362626419881555
6 15 15 11 41244 0.9828071310876514
16 17 20 5 46470 1.023944266343058
26 28 17 8 74373 1.0109457609859782
8 3 22 6 53574 0.9843390868988703
23 6 11 19 62595 0.9760541483113343
13 14 29 22 66727 1.0207110243323916
28 6 4 10 70158 1.0147990229264272
8 18 27 27 61284 0.9658570084174131
11 4 26 12 65311 1.0295649351794502
6 17 26 3 86573 1.0728284744469088
3 29 28 10 113747 1.0712662212809765
17 12 16 3 44525 0.9012085182853538
8 16 23 25 63990 1.0853300362523162
5 5 26 23 97552 1.059699872646274
18 19 7 15 44192 1.018908906735195
20 14 9 0 66673 1.0816965207154716
23 14 11 15 44176 0.9489217265122738
21 24 4 15 66251 1.0509047363510289
17 1 6 14 60926 1.0746615757967268
25 27 15 7 73163 0.9519793747442478
16 22 12 10 53753 1.0714636651317306
14 28 19 10 58764 1.0988683826353214
8 3 4 17 63629 1.0299478115771068
11 19 15 7 38475 1.0850201833457451
13 1 27 0 46615 0.9997967678106111
8 3 4 13 57510 0.9167214050146119
6 19 28 2 104338 0.9051630955553706
21 14 13 12 40487 0.9637365925548705
25 4 16 0 38661 0.9294930502335834
23 5 16 20 61527 0.9828122053996519
14 21 6 12 53796 1.0934144379592912
17 18 1 24 57288 1.0043332439250419
17 1 8 8 36596 1.0106903872764965
10 0 12 22 67172 1.0983611690275463
5 17 19 26 53168 1.0632024523483254
28 6 4 5 66759 1.0301460726276126
16 16 1 16 40581 0.919252742098926
29 19 8 6 86232 1.0320456497954553
15 29 5 16 58081 1.0747065278214114
19 13 17 28 47459 1.0987913268016114
9 28 16 21 46420 0.957473220783162
14 3 20 27 68977 0.9632392015423217
14 18 21 12 38304 0.9727945276142653
6 28 0 5 85170 1.037080532225852
21 18 27 14 34003 1.0131040238333504
15 26 25 16 56832 0.9943211473920072
20 17 29 21 35639 0.909027342797153
28 28 1 2 120349 1.084552450652517
29 0 1 18 109201 1.000357201507474
23 14 21 6 34037 0.9953454564111117
13 7 27 18 60940 1.0272785721319653
14 19 19 2 52530 1.042584905301429
20 27 8 16 52759 1.0228459893211435
12 3 24 8 53170 1.0328972695323628
2 14 23 21 70839 1.0851105651367345
2 8 14 29 85865 0.9894400711497155
14 12 19 0 39308 1.060246349212594
12 1 4 9 47185 0.9803386403964972
0 7 2 16 29597 0.9422774897825512
26 6 4 14 87118 0.9397135591325717
27 24 12 0 92433 1.0174126344229242
14 3 28 20 70701 0.915960214154487
1 25 14 11 63159 1.0698512385673749
2 21 15 9 64676 0.9549900424297112
14 2 21 8 31659 1.0438856200169435
14 17 0 12 48240 0.941467602501056
26 8 12 27 85352 1.0890931714568217
12 25 27 16 69720 1.050241423954347
29 16 14 24 72621 1.0225579577956816
26 25 2 20 88550 1.0215372156860796
4 17 14 2 53325 1.0734466445214146
0 17 19 19 47239 1.0299538427199615
3 9 21 11 60715 1.097258995891727
18 12 18 26 48544 1.048218594307298
15 21 0 3 86530 0.9189880833781899
24 13 16 27 62905 0.9433911474494016
22 28 11 5 85954 1.038374490843325
20 4 10 20 66372 0.9259669523670208
18 20 28 6 65051 1.0480154754592208
28 1 10 17 82103 0.9406273612811393
19 29 2 21 72037 1.0133775196049508
23 29 4 25 54372 0.9352027634794393
4 28 11 19 41307 0.9461471939746601
12 6 15 22 54690 1.09996857196573
29 11 19 3 54322 1.0436670441086076
14 21 26 8 76927 0.9350541966232112
17 15 21 8 35507 1.046705662998218
21 5 3 5 57031 0.960403616294785
17 14 18 23 42292 0.9944943153980202
0 14 11 29 67230 0.9022259403359107
6 16 15 18 27000 0.9910613318579414
6 23 21 10 76183 1.0910584789463913
4 9 17 28 85529 1.0916014545298685
8 11 0 8 33052 1.0082014290185706
15 10 27 23 72302 0.9509929098754971
15 26 4 13 69272 0.9047051918727865
10 14 16 6 41894 0.9581711397318472
22 9 6 8 45996 0.9368584944252489
7 11 7 22 48627 1.0393830305238814
7 28 23 12 79602 1.0425823424553335
5 0 5 16 55032 0.937998608605727
27 27 16 18 51063 1.02937040601534
9 5 25 2 59156 1.066190887246389
8 9 2 15 40780 0.9835681519103889
25 29 25 12 66609 1.0502785520609188
11 23 14 5 49246 0.9535133710685382
7 15 8 2 59300 0.9194740153054503
22 21 9 12 62289 1.0024789796686522
8 23 2 1 80037 1.0993086874309699
9 19 5 3 63336 1.0704988756770457
25 15 0 11 81813 0.9224658213760751
27 2 12 7 60872 1.0782465555157446
19 1 22 22 64374 1.0483243270976637
20 5 27 10 36611 0.9921174672931524
27 5 17 12 55650 1.0916699835739558
12 2 0 21 89383 0.998044357527378
1 9 13 13 47658 1.0799321341102261
16 15 22 24 42214 1.0791348285184492
17 20 1 0 88669 0.9925870316693597
23 11 3 14 81894 1.0710698586697753
25 16 0 24 83142 0.9206144596384139
10 17 9 7 42102 1.0136525923049216
3 4 28 8 81851 0.9223713378569899
11 23 28 4 96051 0.9839504162368734
29 22 3 3 118913 1.0791816300807704
10 8 23 5 41751 0.9599003719149183
0 25 8 13 60900 0.9609829204470766
11 5 1 22 70485 0.9767396585389454
28 10 5 17 77068 1.0707854203566496
11 25 5 2 82169 0.9663037426956365
18 15 12 21 31926 1.0051529237416525
0 18 22 10 74278 0.9161569082705002
24 25 7 15 71072 1.0363732598074582
23 5 12 28 81765 1.0605858061022702
21 28 2 8 94989 1.073379033522532
12 12 27 9 61563 1.0292394719258897
23 28 8 23 48702 0.9851630916042364
2 28 23 18 82356 1.0656218446819905
14 16 1 2 60334 1.0330208275692827
26 6 25 22 52403 0.937007202641939
27 15 1 27 101359 1.0789735420601803
22 19 26 8 44361 1.0203589043201338
22 9 25 0 33834 0.9485380127830286
18 20 5 18 45344 1.0154577054423621
9 27 17 13 58908 1.0283182645900202
20 15 10 19 36664 0.967805405548594
11 11 23 1 61868 1.0127868613733506
26 29 19 26 28259 1.0191948778221405
10 20 17 10 45020 0.9874233795118106
29 19 22 15 35601 0.95387958486068
15 16 5 10 43076 1.0035783020059383
29 12 7 24 101371 1.079253411910643
17 29 29 21 60172 0.9496867798763262
27 3 26 24 81031 0.9841381350079088
23 6 0 7 57484 0.9210780156714016
13 0 7 16 61034 0.9540062263452996
17 5 6 24 80392 1.0712729941119814
7 14 24 16 58546 0.9315981711716945
15 6 23 0 39767 0.9197006200606314
27 18 1 24 81645 1.0374052967806493
7 9 19 7 34227 1.0304440006010052
6 3 17 7 38517 0.9512161094263685
29 13 16 5 73287 0.9784422081700476
25 25 25 6 63159 1.0208106867521411
21 13 9 14 53977 0.9443695184492631
22 16 26 9 36279 0.9172810260312266
6 12 18 14 56468 1.0784647496714157
8 8 25 29 93600 1.0692901035251223
14 1 15 19 42520 1.0348980030504427
12 17 7 6 45258 0.9942625430538686
26 5 21 0 35672 1.0264447476370062
25 6 18 15 43657 1.0296461515679223
19 7 22 15 30690 1.0264063869878008
7 6 0 10 24246 1.0332879094592244
19 18 14 10 28688 0.9597527240639011
10 11 20 3 49639 0.9281852928029704
1 26 29 8 127101 1.0758695754448937
27 1 16 19 83388 0.9975394918621711
8 22 6 9 55930 0.922003794122328
21 17 5 1 73878 1.087550583933408
18 26 15 10 57716 0.9861729501342833
25 4 14 27 87426 0.9124849451926629
12 0 22 3 40156 1.0190451721790246
14 11 2 25 62515 0.9920814246877327
27 26 16 16 59282 1.0385139426638321
4 11 10 21 56764 1.0417433419066702
28 6 20 16 53546 1.0005316537213984
29 8 23 23 76071 0.9976520929739743
1 25 3 7 53584 1.0858584997023568
27 20 5 18 62942 1.0393700503766472
29 3 25 24 82399 1.062955981975673
7 19 16 12 45333 1.0867806615633302
18 18 29 17 39679 0.9293730429442121
16 5 29 29 99982 0.9282183532505216
22 3 2 4 62453 0.9653332755899569
22 12 7 2 73047 0.9718577895488012
17 29 15 4 76488 1.0431463296006849
2 9 6 23 56396 1.0910368584414976
11 6 26 8 46248 1.0464427127225027
10 10 27 29 94001 1.0422997413380681
11 0 11 11 54041 0.9410924342970964
16 20 26 17 38177 1.086532637094163
29 26 5 3 110098 0.9071003016025293
24 17 11 4 63771 0.990540445373076
26 28 13 23 42528 1.0821506137154078
20 2 7 23 87724 0.9927052916965718
10 10 1 17 43252 0.9382588768678766
19 1 25 27 82054 1.0727555896688779
4 10 11 19 49920 1.0304643343055064
22 15 15 23 48542 1.0677854827912596
8 3 26 22 101645 1.0989292315332797
26 0 28 13 65970 0.9315663942073888
2 5 28 18 93228 0.9431588338214678
12 29 14 12 42403 0.9728095644758684
14 9 23 2 46228 1.0034162386714072
27 10 11 4 58622 0.9752332301344957
21 21 9 23 54893 1.004414083774315
28 7 12 5 56065 0.9087058666514735
6 15 22 24 62373 0.9132749831794841
1 24 27 27 67181 1.0973503834827565
14 5 24 17 52307 0.9142431010871865
7 6 13 15 39512 0.9012980720581923
27 28 3 15 86389 1.0462512699569857
8 13 0 2 63168 1.0322177068873808
26 15 14 4 58486 1.0323512422899803
4 8 26 26 99466 0.9705888707325587
27 20 20 14 40953 1.0935681227707255
25 15 3 14 71033 0.927090871179589
17 20 25 17 30589 1.0896945156951559
18 5 4 15 67128 1.092444666473442
4 13 11 26 61996 0.9631892309084331
21 2 18 15 47583 1.0231647951089147
1 0 3 14 49287 0.9300451632094211
8 25 19 28 35070 1.098403110409872
0 29 15 22 66085 1.015235371986195
2 14 22 12 70105 1.0681345878625095
23 2 6 4 63196 0.9973855924188462
13 20 3 6 61046 0.9907478015949766
1 0 14 18 70350 0.9241902858179158
21 23 3 18 70273 1.0935513234615186
25 7 4 22 98854 1.0607065540704643
18 10 20 1 30107 0.901599068606979
29 19 26 12 40889 1.035482329763933
19 3 11 10 40183 0.94529371076905
28 3 22 8 40540 1.0461787784123557
19 24 28 13 63985 1.056364235594558
4 19 16 28 60833 1.0633771893813642
9 3 29 18 91873 1.0582095465960029
2 17 8 6 44984 0.9760472818076099
14 25 25 20 49143 0.9205800829169198
26 10 5 5 65719 0.935201728283197
12 14 3 20 51702 0.9170593743085722
29 10 17 10 39106 1.0080447780435045
12 18 29 9 75904 0.9371578266583506
18 17 8 8 42305 0.9982707446121014
2 21 11 18 38483 1.0515502253415805
16 3 0 24 88627 0.92706339923415
29 6 18 22 77486 0.9348964806498022
17 25 24 5 79118 0.9156536212476512
21 10 14 26 67024 0.9057924794377874
12 18 1 4 63451 1.0289279943759269
21 0 18 19 63209 0.9697255265180538
13 25 5 2 81648 1.02716723209778
21 8 7 8 37329 1.0501305100777432
17 0 25 20 78481 1.0268714630289217
12 16 29 2 85563 1.0329186364210545
5 22 4 2 77249 1.0508439996487575
3 19 2 28 39384 0.9768417148324418
1 26 16 9 82438 1.082660740984744
16 25 19 4 68218 1.0992975139200363
6 25 4 11 62868 1.0527997833167977
21 23 6 19 65162 1.0701865796259789
7 1 3 28 101387 1.0598892985816213
28 14 11 15 61431 0.9201592319973867
14 13 3 1 55777 0.9747887680209324
25 3 27 28 86796 1.0348767387230535
1 12 24 13 84241 0.9427948334732047
10 13 15 24 46015 1.0453122102518273
21 6 26 19 52365 0.9491163323008966
28 6 21 10 29158 0.9303160937444278
25 16 0 15 71240 0.9666547602475761
21 12 21 28 53502 0.9072390453279262
27 15 15 7 55576 1.0052278101928602
7 13 12 3 57501 1.0989538806914236
18 7 5 2 42449 1.0340235480650968
14 6 4 23 69257 0.976934018365216
3 1 4 22 73033 0.9580455951586219
11 14 16 5 47505 0.9279612921200032
15 29 11 11 71959 1.0271508274902275
3 29 12 18 46459 0.9180891046249352
16 13 0 29 92210 0.9576917995001725
12 24 26 16 60981 0.9012818680656633
15 19 11 13 36290 1.0425271844382524
8 2 23 6 60399 1.0335338591627588
14 4 13 19 35590 0.906360354892459
14 27 22 19 36597 1.0336464596810324
10 16 3 6 53221 1.0831380806567457
15 14 23 7 53092 0.9135831339696361
29 5 19 14 54148 0.9267143647350978
10 17 5 6 48147 0.9378302964849251
22 20 7 20 54015 0.956011040361869
12 11 28 8 66214 1.0126632616716014
14 21 19 10 49787 1.0003259238247635
9 5 1 15 45686 0.9851819913995474
29 14 4 11 100514 1.07413056759323
16 29 14 14 49518 0.9874639278674494
18 0 9 1 32448 0.9886161155073596
14 22 6 3 77083 0.956861585811777
4 10 8 4 32624 0.9444856709897995
5 12 21 29 90595 1.098692135187213
0 27 22 19 89961 0.9582915421542965
16 16 6 13 41929 0.9218607008790634
4 19 14 15 35642 1.0050731359367493
3 20 16 14 57390 1.098503770715385
5 9 15 22 71418 1.0337992132979144
18 15 9 19 37307 0.9995305365092952
13 19 27 4 76139 0.9598199298577675
18 0 26 23 90769 1.0297989814009498
11 10 17 26 69454 1.0367195887930818
26 19 12 8 60982 0.9169898924793435
4 9 22 15 66853 0.9697465310813375
10 20 18 13 51728 0.993598966804512
10 3 4 22 85545 1.067621027962475
11 17 24 22 51179 0.9031217541637129
28 18 2 28 96724 1.036405788107657
6 28 28 24 53861 0.9821398566927193
14 22 11 12 51829 1.0132601323191386
0 20 22 4 89651 0.9258727485964758
10 29 27 7 102918 0.9409777026685497
14 23 4 25 33333 1.0324889301163978
7 18 3 9 45159 1.0885288049994595
20 13 5 2 66652 0.9066009828420355
13 1 8 18 55505 1.095648995897755
29 26 8 24 58878 1.079013711783055
15 7 26 10 39391 1.091229537221016
25 4 1 20 93958 1.054980893382759
21 27 27 16 54476 1.0880824722202198
29 13 9 17 69847 0.9251935490212502
0 28 25 7 128992 1.0549912662041592
12 12 20 8 34649 0.9773230417019658
12 25 18 12 54154 0.9373294449141437
29 11 4 28 116161 0.9165712413223758
5 6 13 14 45404 0.9587814432672194
23 17 12 19 31906 1.054678756599296
5 7 23 5 51189 0.9164872827825058
5 13 14 4 49396 1.0597776600615603
23 19 21 8 41227 0.9768682046159308
4 25 20 27 39206 0.9217504359389375
19 2 13 22 66975 1.0648862706573718
18 28 4 12 83693 0.9700836150854782
14 14 21 28 55463 1.043809648901878
27 2 6 18 97912 0.9332849335934108
17 18 0 8 64533 0.9801185692657741
7 10 20 20 59307 1.0689190244737845
9 26 11 16 41519 1.0433581357606274
15 1 24 19 68037 0.9812445817985995
14 12 7 9 29328 0.9442492619334778
28 20 11 22 55877 0.9532134712830711
25 15 9 4 71901 0.9055907110312486
5 0 25 6 65951 1.0405923367729786
25 18 13 7 54285 0.9940155487136288
11 23 1 9 64826 1.0380089116334794
22 3 2 29 112232 0.9950062035161479
22 18 29 4 65507 0.9371962949942992
1 8 25 13 74854 1.0660644663034564
10 8 18 29 78619 1.0095868794522962
28 8 1 24 111793 0.9616742502342288
12 25 14 6 46836 0.9039732134593976
5 12 10 6 35634 1.0825324459913621
10 12 1 14 40702 0.9589490402836609
10 0 8 16 68908 0.9312458966223286
28 15 11 2 88714 0.9305806077994973
18 8 24 17 42622 0.9479165992097031
28 25 5 28 56083 0.9608532043860212
26 29 6 29 59976 1.0776020396616983
23 18 15 29 49996 1.074277028238164
20 27 4 25 39206 1.0830170590460368
29 22 15 16 59942 1.0125190912063082
12 2 23 17 64820 0.9495731141201654
28 26 28 15 52257 1.0599461413943585
5 27 22 5 94416 0.9113674515062378
19 8 13 29 65743 0.9154220420179257
22 25 3 20 77626 1.0702405703746753
19 17 19 29 40353 0.9431407194324024
20 22 4 1 92609 1.0589514216342644
12 27 0 15 55226 0.9401630584325127
16 23 29 5 97142 1.0007349400779428
2 26 1 7 55914 0.9236968648897697
23 12 21 2 40277 1.0146181098698084
1 25 29 28 70364 1.0357821099222582
16 24 24 14 54006 1.0287296025954349
26 18 1 15 67087 1.0567382890010324
8 24 5 9 66176 0.9031025990915753
29 18 12 8 66663 0.9075417041973777
3 8 19 7 38685 1.0398435438844078
24 22 8 20 68335 1.0093776429969343
5 20 15 26 53601 1.0189446078269042
27 7 27 26 81644 0.9788067906619273
4 18 29 0 105338 0.9657605402160535
11 11 14 25 61093 1.0143640314583449
23 29 20 6 76835 0.920253644621834
1 23 25 19 76209 0.9065844272270394
14 26 8 19 37835 0.964964623666559
27 28 18 24 34504 0.9188225280879431
20 18 21 6 41700 0.9816715585542919
2 21 14 27 50788 1.0430900211023093
18 15 2 2 70481 0.917092816278695
25 4 25 24 62520 0.9091998425923008
4 2 19 27 97611 0.9083057019894092
19 27 8 12 72397 1.0052012898228369
16 8 6 12 35799 0.9546901599791298
25 3 20 15 49781 1.0212606738693406
7 29 26 17 79592 1.0623770819044869
9 17 21 1 63956 0.9694007503816484
17 23 7 26 42198 1.0343737393372858
5 16 20 16 43699 1.016405912709827
1 3 12 18 65302 0.977839507679101
29 4 28 27 95363 0.9443575739760613
17 24 7 20 45040 0.9205768501661948
21 19 1 27 85665 0.9568023408018455
0 6 11 25 77190 1.0299565961090429
27 16 17 9 58143 1.0855540973300715
7 4 26 1 64126 0.9668118986251766
13 5 14 23 57949 0.9761341711698703
22 18 17 11 39030 0.9249727461421005
18 19 2 1 83123 0.9697677801703336
1 19 5 4 46045 0.9538592789867174
16 11 24 16 49866 1.0811758630538006
15 0 21 13 61468 1.090220802196414
26 26 16 23 45463 1.0099849548136284
24 15 2 3 84290 0.9633348451911556
4 15 0 3 45889 0.9155775837119198
24 2 19 14 54214 1.0578946177750699
11 10 21 21 57537 0.9126192543959816
0 18 22 10 74278 1.0032715663103031
19 14 16 4 36506 1.0254577842624857
8 25 5 11 61815 0.9625369409398086
8 2 22 18 79570 1.0858254749451797
21 29 13 5 84810 0.9066593608591433
6 26 22 15 67067 1.048416371375219
26 1 9 13 82094 1.0418095386242814
8 23 15 8 56822 0.9755615721008117
4 9 28 13 94034 1.0789850511527985
2 20 24 3 101991 0.9748545480397169
9 22 25 16 65261 0.9668719717480945
3 15 1 7 27636 0.9308102724350505
29 19 1 19 80472 1.0952511806663114
26 24 25 15 31539 1.0349264494242363
6 10 18 10 36888 0.9484863492072529
20 2 8 29 92775 0.9741782755812539
19 25 17 14 40368 1.041522400203927
2 25 27 28 64824 1.0863463748633009
7 28 17 20 47700 1.0682408703153574
8 3 26 10 73477 1.0404637823176892
27 19 24 7 51403 1.079524163302815
1 18 9 21 38900 1.0105101571159805
16 28 1 3 95166 0.9494318512369941
7 13 0 5 45367 0.9922030522473497
24 27 14 20 42878 1.0613555662767649
6 2 29 0 73407 0.9684230157193443
20 1 5 29 101771 0.9037273012648309
10 15 19 19 32318 0.9574737360535885
7 5 27 27 99818 1.0252181728436318
16 27 27 0 104665 1.087830519719326
16 0 29 15 82410 1.0745358199420476
28 13 21 5 57278 1.043002251111721
3 20 5 10 45816 0.9172996694747768
5 22 17 7 68630 1.0292853759865734
13 3 18 16 49543 0.9786707890926208
20 14 9 28 64294 0.906983726744319
8 14 25 19 60620 1.0669488499291089
0 23 3 8 48539 1.0093557257375243
25 13 7 4 76352 1.0975981941325124
0 4 20 15 75221 0.9299209508750492
2 7 7 21 58346 0.943716915630694
17 29 14 22 37407 0.9621231743540676
3 7 7 17 42786 0.9825107880756646
29 12 27 26 74542 1.00351759724193
21 17 8 22 51502 1.0830338964510888
13 1 21 11 45977 0.989121363369058
24 10 13 5 42924 0.9925367459745924
24 4 6 6 54374 1.0394954291300604
18 18 6 17 33074 0.9068953226811047
16 24 11 16 38063 1.0323818771461402
5 20 14 7 53886 1.0172093291792514
1 19 6 0 60844 1.080356058497297
18 14 3 2 79532 1.0263931089078042
0 11 2 3 26622 1.0373089732388314
14 20 7 16 32463 0.9859544613075178
6 12 7 22 40606 1.0334668707896948
13 11 27 13 66957 1.0753484991002786
10 11 24 1 63861 1.0681539405816771
7 7 3 22 62211 1.0231481135478373
14 18 28 24 50758 0.9408338665806038
4 18 10 27 48469 1.0658622755561118
1 20 20 9 75459 0.9516333565574827
12 5 8 12 46234 0.9421106557229575
12 19 6 10 44223 0.9197441726933437
23 15 22 26 33287 0.9642283452838278
27 5 0 6 72812 1.0598354143467614
12 26 25 2 89698 1.0435093544739606
26 5 14 26 93412 0.951153421795299
17 20 26 25 36885 0.9288495210012221
1 24 27 11 102510 1.0536703330390103
3 20 2 1 58860 1.0199003656243817
9 12 20 11 50432 0.9550228363614462
26 14 1 8 84703 0.9942358774142834
15 25 28 4 103656 0.9365263346516135
10 7 23 16 55861 1.0776906630504597
3 17 17 10 46818 1.0299384703251002
12 18 26 19 46197 1.093502981191739
9 13 11 4 42931 1.0748132599924072
3 19 23 6 83286 0.9377652061823962
12 26 27 29 43622 0.9464124104753148
23 17 22 27 30302 1.0956733582844895
0 7 19 20 72686 1.0493854461586882
14 12 7 29 57228 0.9456666117331649
4 14 18 2 84125 1.0568346033647633
11 3 11 14 56021 0.9415236451005302
26 21 4 18 69826 1.082892106041481
0 11 22 9 70788 1.0450153153167752
24 18 4 25 70185 0.9508071883399344
10 29 26 2 109058 1.041441275028069
20 21 27 26 42027 0.9982715614254157
9 1 2 18 68989 0.9323551495264306
5 6 21 13 63410 1.0333602061626075
26 7 13 0 55769 1.031758860092728
28 21 5 14 81681 0.9163958373583192
17 24 21 16 38071 0.9499520729873844
21 28 14 0 84987 0.9934961366275281
1 28 22 11 104282 0.902217632508492
4 5 3 23 62565 0.9200861257359766
24 21 29 11 60232 1.093235685051364
18 25 19 7 52910 1.0115235278080037
18 20 8 4 68713 1.033911777473903
16 6 15 24 59236 1.081833406320861
6 5 16 22 76940 0.9556971187414831
6 3 14 0 34564 0.9004286008443563
5 19 18 13 58714 0.9822043218239865
19 5 24 18 47990 1.0414314188466307
5 12 25 0 86007 0.907861855456971
23 28 5 11 86654 1.0875977868549493
14 2 0 10 49608 1.012734309097992
29 10 14 15 58789 1.0523827958858196
7 5 24 22 90134 1.0326956507294218
12 4 3 2 39700 0.9341063629220957
18 15 1 16 47517 1.049608484404574
1 6 29 0 83986 0.9218688766635923
23 6 5 6 46176 1.0970616244701168
4 9 15 15 46856 0.9149146852434632
13 15 22 17 25066 1.0808511062600643
20 17 5 16 38753 1.018142383373144
11 7 6 17 45073 0.9449085649679186
12 18 1 10 47654 1.063383883446735
19 4 16 20 50369 1.0394783964787984
3 13 25 19 77833 1.0829196045252578
24 18 8 7 61713 0.9776067235735154
26 27 6 17 63337 0.9415593649874856
19 0 22 17 53275 1.0088846828751215
16 8 28 5 43990 1.0360999216649536
19 5 3 23 87525 1.0487876240289324
21 4 29 21 72220 1.0092038622702826
12 18 21 3 63972 1.0407377951452934
20 10 25 3 33324 0.9874585461556871
19 18 8 14 40797 0.9530306397840319
10 17 3 7 48935 1.0434784276517206
27 7 7 18 84570 1.0370115773463418
12 29 22 23 34123 1.0591238986441252
16 28 5 12 72583 0.9302911772993405
8 28 14 13 47073 0.9493120265245002
1 11 17 2 65893 0.9896875457263066
15 18 1 19 38073 0.9037235777836702
28 11 5 16 89212 0.9690877005941214
3 11 24 5 76415 0.9158556762686042
18 20 14 8 41043 0.9835154167816742
0 17 14 26 54549 0.988015745670635
22 20 7 21 58674 1.0198402474324766
13 7 29 2 58802 1.0846857527657905
0 26 18 3 106473 0.9301812804826652
0 11 18 20 70513 1.0361706803279813
4 21 10 11 56072 1.0202493838458029
15 28 3 27 40484 1.0399295668798725
19 0 0 18 84784 1.0150415095635597
11 6 15 26 67109 0.9652943170034012
7 8 5 21 53359 1.0421962029467042
25 21 12 1 76346 0.9786349328961359
0 9 20 13 69220 1.0684127106125774
28 24 12 9 76692 1.0805228739802122
0 12 16 2 70296 0.9107329202498076
15 13 17 4 35764 1.0331752252606314
10 19 22 24 50258 0.9451464681969619
27 29 16 26 39756 1.0543406556570931
25 5 27 19 49539 1.0156695715001842
25 4 18 18 58817 0.9488638754047719
21 29 7 26 44826 1.0963470948674254
2 23 18 14 70562 0.9134520603782769
10 14 16 8 36499 0.920948433182673
26 0 19 29 108311 0.9728589393155487
0 8 21 24 88303 1.092638212886319
22 7 8 17 57722 0.9357545765192983
19 19 29 25 39632 1.0752145329876095
4 24 0 2 71490 0.995227173158117
17 23 1 22 61607 0.9226695318761834
1 1 7 16 57723 0.9300599997745165
0 15 19 5 71050 0.9737831341789503
2 23 4 8 50022 0.9937446821701499
27 18 6 1 95644 0.9034558788855913
13 23 10 8 51349 0.9735595146158671
9 27 12 3 73390 1.0738721400793638
28 12 13 2 76971 1.00333840840749
22 8 15 0 44010 0.9563193129304628
13 27 10 17 30433 0.9026602741031409
27 0 16 13 80898 1.0366898309986317
10 16 25 28 61468 0.9371552586248022
6 5 27 3 73628 1.0405230535860563
8 5 0 25 76582 1.0413535947420378
27 15 16 3 70067 1.0455337163858145
3 13 5 3 44809 0.929744105602256
23 26 7 16 63175 0.9243290197491546
19 14 25 5 40451 0.9375791075642024
16 13 8 3 59631 0.9171459562513167
21 8 3 11 60942 1.0374492589391409
1 24 17 12 70670 1.016064903838518
14 10 13 0 26734 1.0891028172628625
3 11 13 21 64783 1.0120477445768754
4 2 5 22 77249 0.9846642262775089
10 24 6 0 90044 1.004635509685567
6 25 25 27 44282 0.9149269539789958
21 8 4 13 67744 0.9044116052680982
6 27 27 5 102941 0.9692114862954176
17 24 18 9 56297 0.9203976745607825
14 19 1 29 60366 1.030798771940511
29 22 10 9 88063 1.0333660901603694
28 10 4 8 67138 1.0816136045645053
28 7 15 21 85311 0.9601307276049589
17 10 14 29 63127 1.026895792619641
19 12 27 25 58293 1.079051633301306
4 24 7 17 35720 0.90868216359491
26 24 20 9 62179 0.9636164085058792
0 22 15 21 64997 1.0528991272195296
21 29 26 16 55763 1.055503662893951
13 25 9 7 60173 1.03554513759931
0 18 9 5 57484 0.9324306623201021
1 9 24 10 64614 0.9805151271444544
6 8 16 28 76831 0.9033272269441207
18 27 22 15 40825 1.0676899993951539
22 14 12 27 54911 0.9071254782021411
8 20 17 13 55237 1.0715387526663465
21 17 24 28 36446 0.9760862080870769
26 4 23 12 39100 0.9366088160124404
22 29 19 10 58443 1.0059535276598788
8 26 26 11 89801 0.9295423792897135
7 10 22 1 61425 0.9162595972696113
4 10 15 16 45642 0.9344174109193151
18 0 10 4 37919 0.9008062304905379
29 15 5 23 89453 1.0542901378527036
0 19 9 0 79118 0.9141040594008589
23 0 16 19 76089 1.0394737230666182
7 1 13 14 55751 0.947286700918188
11 12 28 10 65562 1.007049144839309
2 15 24 6 81894 1.0662374294531598
16 2 23 14 64881 0.9947322241409278
5 25 8 4 84797 0.9991214364933712
14 19 9 6 41144 0.937565562845777
28 21 14 27 47599 1.0237516128477704
13 21 2 23 45552 1.0751344635764755
9 13 0 20 49245 1.0874954459120958
1 28 27 24 79604 1.0196210647334802
5 25 24 19 71038 0.9150869203961559
