8561 8690 8583 8500 8543 8854 8696 8840 8745 8494 8638 8778 8820 8660 8777 8817 8646 8746 8552 8826 8857 8729 8690 8778 8629 8590 8560 2142 2219
2150 2316 2053 2108 2090 2350 2036 2043 7890 7547 7702 7552 7621 7582 7661 7587 7857 7841 7597 7546 7610 7674 7863 7625 7768 7715 7555 7784 7837
2503 2703 2437 2377 2366 2674 2564 2500 2469 2480 2599 2620 2554 4188 4323 4417 4140 4433 4386 4222 4180 4068 4259 4180 4185 4222 4430 4096 4250
3651 3515 3875 3752 3710 3824 3829 3817 6167 5879 5950 5952 6002 5887 6197 6141 6230 5958 6032 6142 6041 5937 6017 5995 5861 6226 5972 6118 6074
5145 4961 5225 4896 4996 4967 4976 4944 4847 5170 5171 5009 4970 5144 5126 5019 4948 4962 4927 4887 4953 4855 5190 5058 5206 5180 2396 2336 2433
1793 1900 2014 1965 1936 1976 1799 1859 1988 1747 1720 1679 1753 1724 8220 8027 8075 7992 8111 8319 7970 8268 8269 8097 8153 8221 8172 8178 8040
4444 4535 4675 4465 4576 4515 4687 4572 4770 4497 4640 4844 4693 4826 4844 4603 4802 4516 4559 4583 4591 4601 4798 4687 4487 4681 4688 4791 4564
4916 5096 5141 5053 4925 5305 5167 5094 5275 5260 5097 5233 5235 5309 5242 7832 8137 8102 7964 8095 7958 8112 8065 7968 7917 7781 7874 7855 8021
2254 1879 2039 2059 2179 1919 1947 2193 1913 1911 2202 2149 2218 1964 2121 1923 1874 2182 2221 2202 1897 2184 2139 2229 2270 2098 1483 1301 1256
6426 6429 6420 6510 6385 6486 6659 6635 6561 6630 6751 6492 6715 6401 6420 6708 6467 6612 6719 6543 6480 6460 6672 6424 5001 5149 4889 4951 5087
5926 5964 5609 5901 2553 2713 2376 2488 2616 2535 2532 2576 2401 2666 2407 2601 2722 2480 2620 2624 2536 2766 2543 2412 2579 2491 2429 2603 2383
2350 2580 2608 2654 2391 2538 2372 2368 2586 2682 2683 2457 2656 2428 2474 2653 2588 2661 2715 2691 4522 4785 4563 4605 4564 4765 4451 4638 4426
7002 6951 7166 7001 7232 7096 7289 7190 7167 7102 7307 7187 7064 7167 7069 6955 6937 7032 7304 7189 7023 3613 3615 3635 3597 3518 3776 3699 3495
7035 6860 6786 6836 7034 6901 7014 6967 6896 7099 6896 6909 7025 6746 6754 7086 6793 6908 6728 6763 8080 8394 8186 8332 8358 8457 8325 8421 8330
7795 7899 7859 2127 2222 1922 1852 2018 2055 1857 2220 1852 1970 2155 2140 1886 1889 2012 2157 2060 2101 2104 1978 1867 2171 2053 1907 1854 2124
3319 3339 3325 3078 3079 3414 3176 3232 3354 3312 3080 3385 3203 3249 3339 3185 3394 3200 3230 3359 3354 3123 3346 8330 8235 8202 8243 8403 8207
7026 1383 1601 1515 1610 1393 1588 1522 1492 1589 1666 1453 1330 1455 1470 1676 1593 1494 1646 1539 1609 1465 1551 1485 1349 1390 1640 1334 1506
4179 4208 4253 4451 4365 4342 4482 4193 4256 4156 4498 4288 4272 4322 4188 4369 4340 4488 4263 4367 4221 4225 4290 4282 4287 4344 4492 6621 6393
6699 6579 6652 6554 6500 6707 6517 6530 6603 6513 6544 6673 6624 6813 6632 6686 6539 6703 6485 6434 6652 6501 6587 6708 6531 1444 1373 1461 1535
2749 2580 2852 2617 2632 2678 2915 2925 2954 2579 2685 2591 2817 2859 2707 2687 2750 2766 2594 2805 2828 2779 2869 2926 2593 2648 6587 6531 6716
1965 2060 1976 2065 1984 1930 1769 1819 1800 1823 1850 1769 1855 1789 1965 1824 1989 1861 1767 1889 1866 1917 1786 1975 2094 2078 1950 6195 6283
4542 4482 4592 4330 4483 4637 4456 4486 4586 4660 4603 4644 4338 4646 4410 4515 4417 4524 4348 4385 4428 4540 4473 4339 4505 4671 4598 2193 2452
6017 5996 6058 6329 6027 6351 1373 1194 1298 1236 1377 1012 1215 1203 1322 1014 1078 1038 1298 1227 1033 1176 1222 1022 1046 1112 1093 1007 1098
8627 8749 8713 8756 8486 8737 8509 8735 8748 8510 8743 8679 8502 8419 8427 8625 8684 8495 8509 8762 8686 8740 8708 8730 8533 8628 8701 8710 8737
8130 2065 1900 2156 2128 1905 1948 2069 1949 1965 2206 1915 2150 2084 1957 1996 2037 1958 1864 1954 2221 1971 2227 1877 1962 1978 2047 2147 1955
4120 4123 4093 2452 2087 2319 2194 2117 2386 2408 2146 2350 2377 2422 2412 2138 2237 2303 2455 2339 2468 2080 2405 2074 2222 2236 2263 2200 2090
1308 1475 1260 1500 1481 1326 1473 1373 1583 1424 1258 1605 6003 6006 6232 6132 6141 6011 5898 6122 6250 6211 5866 6174 5919 5942 6234 5911 6029
8545 8740 8643 8760 8821 8882 8842 8707 7934 8223 8110 8222 8003 8069 8141 8158 7910 8073 8111 8089 8059 7961 7962 8062 8257 8016 7933 8215 8069
3030 2764 2913 2759 2849 2843 2843 2875 2725 2640 2869 2695 2883 3005 2895 2898 2799 2881 2798 2740 2723 2718 2738 2750 2856 4644 4450 4627 4433
6954 7014 6978 7014 7097 6796 6841 6983 7139 6909 6893 7014 6948 6923 7190 6799 7025 7010 6190 6072 5997 6082 6170 6146 6250 5983 6022 6275 6267
6918 3898 3008 6053 5461 1095 8345 2489 5728 2740 2171 4253 7554 2742 7374 8342 5836 2652 1488 4399 8659 5460 3551 4966 8694 6162 7640 4539 5512 5205
7017 3794 3112 6070 5476 1376 8317 2495 5892 2689 2365 3921 7519 2635 7364 8328 5961 2626 1523 4392 8846 8415 3446 5223 8409 6434 7730 4579 5144 5244
7054 3879 2918 6067 5345 1060 8009 7403 5969 2502 2181 4029 3933 2634 7485 8183 5934 2909 1506 4497 8715 8217 3625 5254 8473 6457 7764 4517 5241 5430
7177 3808 3080 6149 5280 1078 8337 7174 5790 2636 2270 4096 3700 2687 7499 8184 5805 2920 1398 4553 8717 8390 3575 4921 8534 6181 7938 4573 5470 5087
6848 3905 3247 6022 5405 1286 8256 7171 5894 2604 2183 4176 3676 2515 7508 8240 5711 2768 1641 4311 8483 8483 3605 4912 8685 6244 7873 4509 5202 5397
7203 3871 3294 5943 4508 1229 8375 7234 5885 2704 2146 4074 3901 2409 7343 8307 5756 2616 1466 4272 8515 8153 3548 5292 8769 6074 7905 4847 5388 5241
7146 4063 3060 6067 4632 1412 8261 7417 5736 2376 2320 4142 3858 2532 7559 7987 5732 2748 1465 4358 8580 8231 3442 5253 8643 6451 7784 4822 5341 5139
6865 3759 3235 6153 4767 1342 8159 7176 5927 2723 2283 3886 3711 2731 5025 8193 5789 2880 1451 4496 8707 8395 3742 4898 8592 6357 7679 4479 5379 5304
6914 4036 2936 5944 4477 1390 8142 7085 5910 2496 2410 3966 3673 2605 5370 8199 5730 2974 1533 4495 8610 8436 3562 5209 8551 6269 7786 4567 5307 5284
4002 3771 3059 6150 4521 1221 6942 7388 5830 2569 2114 4111 3795 2566 5182 8239 5833 2894 1581 4225 8737 8120 3697 5223 8457 6385 7825 4705 5463 5326
3988 3778 3052 6120 4791 1300 6904 7112 5840 2583 3490 3951 3829 4101 5155 8268 5979 2742 1521 4429 8764 8221 3654 5129 8645 6373 7968 4644 5442 5083
4076 7902 2957 6163 4545 1338 6900 7265 5761 2403 3512 3919 3896 4156 5306 8240 5875 2823 1587 4381 8780 8135 3597 4929 8515 6288 7961 4571 5421 5408
4080 8070 3153 6186 4712 1348 6833 7061 5739 2354 3455 4108 3951 4131 5376 8127 5774 3000 1702 4586 8514 8377 3590 4955 8714 6194 7850 4830 5423 5309
3816 8254 3236 5880 4654 1421 6807 7284 5847 2442 3425 4014 3690 4040 5347 8147 5834 2813 1465 1349 8852 8289 3666 5242 8439 6367 7693 4822 7262 5350
4057 8049 3069 6149 4627 1198 6845 7115 5832 2689 3236 3901 3872 3958 5384 2072 5715 2902 1487 1350 8762 8442 3594 5235 8410 6124 7968 7486 7318 5400
3907 8219 3045 5955 4531 1280 6759 7097 5760 2638 3609 4019 3972 4019 5356 2200 5887 2820 6555 1192 8570 8123 3609 5201 8559 6364 7914 7625 7185 5241
3781 8244 2926 6170 4499 1428 6808 7087 5999 2666 3235 4202 3737 4038 5200 2109 6027 2790 6257 1202 8483 8373 3590 4980 8719 6155 7933 7664 7257 5469
3798 8110 3226 5857 4711 1395 6678 7285 3390 2581 3468 3962 3961 4289 5024 1918 5675 2895 6484 1303 4193 8284 3717 5143 8558 6166 7801 7863 7004 5109
4016 8069 3033 5876 4520 1159 6679 7208 3131 3463 3432 4207 3700 4173 5412 2178 5666 2640 6439 1507 4206 8302 3684 5000 8419 6195 7944 7560 7010 5227
3979 8269 2976 6117 4500 1381 7026 7156 3232 3435 3569 3923 3999 4166 5096 2074 3241 2695 6386 1215 3915 8323 3414 5015 8574 6251 7877 7521 7067 6425
3871 8175 3249 5971 4461 1088 6695 7142 3154 3301 3588 3959 3904 4129 5175 2096 3480 2834 6529 1214 4238 8270 3751 4972 8765 6388 7776 7708 7335 6621
3767 8216 3065 5937 4595 1080 7009 7400 3322 3579 3614 5776 3924 4104 5062 2240 3505 3682 6288 1264 4102 8299 3593 5004 8728 6436 7695 7657 7047 6649
3919 8203 3290 6163 4681 1224 6840 7201 3115 3444 3503 5538 3812 4020 5137 2014 3529 3669 6345 1178 3940 8429 3563 5110 8601 6403 8145 7851 7147 6404
3996 8085 3622 5857 4520 1139 6695 7341 3106 3245 3630 5461 3749 4088 5176 2190 3432 3686 6397 1220 4120 8315 3377 8604 8486 6223 7808 7541 7280 6702
3802 8118 3515 5982 4597 1699 6969 7131 3098 3523 3443 5757 3627 4143 5412 2277 3345 3843 6487 1455 4179 8320 3700 8564 8600 6199 7876 7691 7203 6338
3716 8257 3523 6008 4701 1735 6935 7301 3137 3454 3305 5690 3738 4250 5256 2008 3423 3600 6292 1387 4194 8314 3643 8373 2609 6244 8094 7802 7257 6618
3901 7984 3834 5933 4620 1531 6895 7128 3240 3344 3347 5792 3855 4139 5027 1950 3475 3584 6498 1351 4154 8176 3509 8556 2669 6239 7877 7749 7202 6351
3741 8189 3806 5823 4514 1387 6963 7245 3193 3314 3586 5803 3637 4265 5200 2268 3241 3814 6383 1275 3982 8158 6139 8565 2959 6425 7954 7489 6997 6554
4077 8198 3594 2118 4546 1476 6861 7289 3330 3322 3600 5778 3621 4074 5341 1938 3475 3727 6228 1298 3899 8425 6300 8326 2888 1948 7785 7597 7234 6428
23 4 28 11 27063 0.9867460085818287
24 2 7 29 77068 1.0619555739017807
10 24 19 19 30487 0.9514891423811453
6 3 11 19 45661 1.0281704923323676
26 7 7 24 70177 0.9800258989996212
29 16 16 8 42150 0.9217557670562359
8 3 24 21 50379 1.0565710625251676
1 28 13 12 80702 0.9780526980091591
9 21 9 4 47928 1.0148737901300116
10 19 28 21 34628 0.903609028458597
10 26 17 16 41483 1.064912640004356
5 28 10 8 62357 0.976737502685015
0 6 25 21 66960 1.0690021544920372
14 18 5 2 43744 0.996167459723309
11 8 16 1 19972 1.0643271436287394
22 19 16 12 18369 1.0585687524735365
9 15 29 29 83694 0.9586134179974186
11 10 25 19 41611 1.0756386290714275
10 1 18 9 31838 0.9360988152242742
4 21 5 8 47413 0.9097338367783626
8 25 14 21 30508 1.0698914840785543
17 27 14 18 24391 0.9342487152009296
22 27 17 14 28053 0.9481867517407987
1 18 6 26 43081 1.0085514393248391
12 13 4 4 38674 1.0108244737798209
18 19 25 2 39271 1.0937737640111538
1 29 26 2 109885 0.9242505496595493
10 1 8 11 28048 0.9663430180950239
15 5 0 0 35634 0.99972356935297
11 16 26 17 34618 1.0333749306413602
2 14 11 0 47022 1.0217002056954032
5 5 28 6 33568 1.0784131839529292
9 18 27 4 52302 1.0738681200937046
1 13 4 2 34154 1.0086875190532627
23 19 6 21 39620 0.9989747312550922
7 21 20 1 62569 1.0141758692488296
6 7 1 1 23798 1.0166159842679234
12 25 5 3 66158 0.9587226917039152
17 0 20 17 43089 0.9002338179039657
6 14 8 2 32016 0.9804718229160534
0 27 8 12 67870 1.0769015891582832
21 3 9 10 37991 1.0185289939022488
23 8 2 4 39191 0.9797128737331614
22 1 5 16 70669 0.9495003352850412
0 14 13 17 51860 1.0684328059786488
16 18 8 21 22054 0.9785437943190068
18 4 5 2 29717 1.0917847911942067
0 12 5 28 75901 1.0296475926748907
2 24 21 10 70186 1.0348560397807143
2 28 15 25 69927 0.9725392314264506
5 18 20 18 25464 1.0294109529243975
29 14 5 14 66624 1.030276484352788
22 10 6 23 52836 0.973182957996427
4 5 19 19 41144 1.025821574444054
24 3 1 0 44174 1.0260493142357388
14 3 9 10 24598 0.9744877191113024
20 3 6 22 59506 1.073293201534056
2 6 17 10 31396 0.9282211676272072
27 28 10 4 78109 0.9329136097692713
22 12 12 8 39940 1.000150481241311
6 17 12 2 44483 1.085291371321224
20 3 27 16 39315 1.013100350272006
21 23 14 1 57473 0.9408809567363527
0 1 19 19 57123 1.0565949066973854
3 22 22 16 51623 1.0642409636799681
22 4 6 25 75914 0.9381621096554897
15 8 29 16 46650 0.9731597228883192
22 5 1 21 72067 1.077992179694166
17 27 11 18 29145 0.9801283008300803
24 15 21 5 22865 1.0565276534908934
21 15 11 5 31918 0.9748121890951162
16 19 5 4 37782 1.0448647963479936
19 23 13 29 39818 0.9308664709953313
25 8 4 14 54882 1.0022622013181701
24 7 12 11 36271 1.0649255820746988
11 27 0 22 52669 0.9832483317481178
6 8 24 1 44141 0.9784723668397679
25 1 13 26 69652 0.9329075463267658
24 17 6 5 46599 1.0549340650021228
10 19 6 10 26970 1.0446834500680897
5 7 12 14 35424 0.9491232118211591
10 21 13 6 44768 0.9583820668497071
23 15 12 15 35175 0.9395427489730971
1 9 9 28 60022 1.0642754150759477
0 15 8 3 53392 0.9761066789764147
0 13 9 9 29521 0.9623837502432373
20 27 29 6 57029 0.9891936983478403
14 13 9 7 30173 1.070939507838213
5 12 18 25 54896 0.9039652711643325
0 16 1 26 59789 0.9874431038048169
20 16 7 6 42204 1.0422815766585374
28 1 9 26 86963 0.9243630467641255
22 1 9 23 73302 1.031873790022605
2 14 15 14 46827 1.0704924799421203
25 13 17 8 34618 1.036038032466199
14 23 25 19 22343 0.9372082863555218
22 26 1 24 72262 1.0215860028627837
20 20 0 13 52153 1.0967313441077255
10 26 26 10 63688 0.9648120352582297
23 1 8 5 36724 1.040005752472885
6 27 17 11 57382 0.9551921262662536
25 10 18 28 51558 0.9736788716060835
3 7 13 0 38650 0.9610224891645665
22 0 20 10 26829 1.0579091588025133
23 13 28 19 18839 0.9740031260292482
12 18 24 7 36952 1.019562968278932
17 1 11 22 52887 0.9451902295591463
27 8 18 10 31519 1.07078755616113
5 2 10 22 50074 0.9107871981603177
19 25 1 8 67887 1.0119308498618205
23 13 28 23 29758 0.9803745025441177
16 18 6 3 42012 0.9659677578911342
8 3 24 2 30812 0.9537048497247551
15 10 11 19 26829 0.9330322894191625
29 23 1 25 93745 0.9657216955719005
5 3 5 20 54466 0.9186287411121872
5 7 2 21 50197 0.9158361469852552
5 5 7 29 57083 0.9100665013018858
28 18 10 8 51466 0.9858428336380969
20 3 6 1 35577 0.9442862317019542
16 15 9 20 29722 1.0122285477355888
19 26 13 21 38452 0.9343823422065904
5 15 27 12 66169 0.9228208699693142
21 18 5 20 44943 0.9785490752497057
7 23 23 27 54116 1.0480559085119774
26 7 26 21 40108 0.9644508738098724
5 9 25 13 51586 1.0502268435040651
4 18 4 6 42775 0.9246027381024174
3 2 25 8 44944 0.934829547658283
14 11 22 7 29657 1.092501782319471
15 29 18 1 58933 1.0915310717734161
12 26 14 13 40125 1.0385672682809408
8 29 25 16 53921 0.9757020920534825
3 26 11 0 90724 1.0240568831325378
5 6 0 22 63061 0.9685191534913044
2 1 5 8 18941 0.9045283156604272
3 20 28 1 81532 1.055687746949832
8 1 1 24 77303 1.080084165461475
8 6 9 15 26817 0.9056718556564288
19 24 11 0 58754 0.9381074636229527
7 12 27 3 50683 1.0503967011243645
24 26 1 14 71985 1.0323522164880177
27 26 20 7 57034 1.0615211629657029
16 9 24 26 39665 0.9792026269304561
2 25 0 14 61531 1.0699212842423003
13 7 13 28 56852 0.9429499305566602
1 12 27 23 83292 1.055563356930811
17 5 29 3 22544 0.9971118944389207
13 26 24 4 57958 0.9709568471283477
11 5 25 12 33693 0.9947760623363254
25 24 21 2 48670 1.0211782962133416
5 28 15 8 69545 1.0581550426016297
1 28 18 6 99507 0.9580062547254025
23 11 5 22 55747 0.9423357802333712
18 12 4 6 39133 1.0653190908884496
0 10 15 21 53667 1.044994512633486
21 16 3 0 62199 1.0276994397865327
24 19 6 18 27107 1.0450408424520157
2 6 24 27 68284 0.9481325785174359
0 9 2 28 79411 0.9393281525042211
19 20 9 5 37290 1.0701962188213776
8 26 10 6 48329 1.003120479055587
6 23 12 2 61523 0.9940307060052577
25 3 21 24 44611 0.9973558663604823
27 25 29 8 57368 0.9579130252251101
25 7 10 17 45686 1.0195795532748444
10 25 20 10 50950 1.018301360264621
2 17 26 26 62924 0.9878084270447187
15 23 2 27 66672 0.9909725623985592
2 18 0 7 41707 1.0381776971620833
7 2 14 27 60158 1.0739997026877077
29 16 5 10 64500 0.9903274817679013
27 19 22 6 22249 0.965091377174988
28 28 10 2 84474 1.0475709462909133
16 20 3 19 29080 1.035204466276904
2 10 24 28 72097 1.063734794854906
29 25 18 5 53056 1.0167126997588012
5 27 16 28 58412 0.9184405235213454
21 4 6 16 55411 1.052029038885913
19 25 1 11 69567 1.069646806155484
29 11 4 27 93564 1.0272822051703745
22 17 10 25 39095 1.0725482289621442
11 19 4 9 34589 1.037348309932357
20 19 0 17 37953 0.924786447728071
26 0 13 26 66288 0.9135584429826594
25 21 7 1 60143 1.0342053267699887
11 27 18 9 53625 0.9663141749351625
26 27 7 22 63781 0.9542885184881593
1 26 18 24 87442 1.0038400398924043
7 0 14 5 24849 1.0023458020223097
3 10 1 22 51757 0.9506253022519459
12 21 24 20 31733 0.9095606019501633
27 1 20 4 23649 1.0449551611707277
8 0 28 6 39995 0.938596655501783
4 17 23 17 38783 1.0657514166960453
25 14 13 27 44631 0.9803494548714012
12 8 27 5 34483 1.0996185654422905
21 8 0 12 64068 1.0698418239600043
29 7 8 11 51802 1.0676160718694991
18 28 11 20 40456 0.9795918656988475
21 23 16 13 26701 1.030580179754391
6 22 10 10 36845 1.0161192947068005
16 0 5 9 35236 0.927363745544452
28 18 16 11 30486 0.9246194291652278
11 3 20 15 34867 0.9384645798482004
27 8 18 15 32947 1.0296339013776308
21 17 14 24 24341 0.9085680675972779
5 17 2 6 42659 0.9929725731190879
9 18 25 5 44466 1.079003481755993
15 0 16 25 44794 1.0449037326103876
20 17 2 19 36256 1.0985901400609717
17 20 25 29 37100 1.0039116832594335
8 1 0 5 18034 0.9909226673738191
3 15 28 8 70219 1.0344401153392184
17 21 3 4 51710 1.071801286878708
8 15 28 29 70317 0.9869509077513247
9 0 29 27 94574 0.9437006769305566
4 0 16 5 30935 0.9520523284166373
14 19 17 8 24836 1.0975290804837963
26 27 9 20 61809 0.9201072571682014
19 7 15 20 34512 0.9399900669353723
23 22 27 13 31131 1.0160312326536374
10 16 17 20 21745 1.0005933628692234
28 22 25 3 46657 1.0910891867803139
24 2 19 27 56110 1.0173249040829373
7 27 29 14 70366 0.9514983985816639
7 15 24 7 52926 0.9546445443866828
28 7 5 4 38347 0.9213743386159616
16 17 6 14 37049 0.9648790213527911
21 5 28 28 61201 1.0042807494631385
12 25 5 14 51218 1.003537062813671
28 3 16 22 47834 0.9001038659740858
29 24 27 8 49762 0.9073658274827503
11 4 5 16 42777 1.0421975757452933
6 14 26 27 71688 0.953066201403529
3 20 9 1 58303 0.9406041985513776
0 13 9 25 52360 1.0753422437990399
20 10 26 27 47501 1.003197371429987
11 0 5 23 68788 1.0855646628716278
18 28 5 18 44067 1.0868730296949947
16 3 1 4 24494 1.0526290875103455
21 1 6 2 42187 1.0805779459422735
17 16 5 10 44275 1.0934896055550243
9 2 21 24 62782 0.9506744415455041
20 5 20 19 25810 1.041264850894253
15 20 10 6 36516 1.055416336528289
1 14 15 21 53213 0.9663127761467861
17 15 7 25 43056 0.9391159724396001
7 13 23 0 56649 1.0020512949819533
20 14 13 17 21104 0.9990159976421528
28 29 11 11 77620 0.9985818658299422
2 8 18 28 72605 1.0490800845632267
12 29 8 10 58224 0.9872517164653639
8 5 29 20 54073 1.0819317975480331
29 24 5 5 67974 0.956895941954568
26 27 16 25 46445 1.0225254655144442
11 20 2 0 56350 1.0771896028546786
0 18 11 8 40716 0.9768572031436397
26 28 29 1 79715 1.0457218580859435
22 4 1 17 63950 0.9178196872245535
9 24 4 4 58204 1.036809148952464
14 15 26 1 38274 1.0221390587175452
0 2 14 18 51888 0.9438196674241686
5 19 19 5 50135 1.0116326453449265
4 28 10 11 59928 0.9946543893927355
2 20 5 8 44158 0.9207870193585153
22 14 20 0 28477 1.01654939461561
14 4 25 10 27717 1.0367806879704282
2 21 14 13 41186 0.9607088990641715
19 17 26 12 28274 1.05256044304867
16 12 22 3 30590 1.0987088617104934
0 29 29 24 106165 1.0616018575978345
0 12 9 9 37341 1.090131925771249
16 4 17 29 43314 1.0256884223291347
28 3 22 29 47368 1.0073924170031865
19 23 1 27 80430 1.0039676302796054
11 14 27 28 66133 1.0598953984865576
4 10 3 29 72307 1.022610142246554
27 5 27 25 56556 0.9888954709621995
19 1 16 25 45028 1.0534339846115985
16 24 24 21 21927 0.936788662810999
10 15 15 27 38430 1.025095007123625
18 24 2 24 71305 1.0653962074291923
14 16 1 19 30995 0.903769836376493
24 24 23 11 27366 1.0846737551285237
25 22 2 23 62575 0.9515935206588645
23 28 18 14 36042 0.9668955640558234
10 12 13 24 42258 1.0764060384755516
21 7 9 20 52966 0.9829746301112591
23 21 25 3 41299 1.065649031056525
25 15 11 25 51812 1.0310263459839641
6 1 27 29 94436 1.0346159635221461
5 8 0 17 39069 0.9596796771790064
1 8 13 15 51418 1.057616529208651
18 2 22 24 41891 1.0189728662696558
27 16 1 25 84380 0.9711922146429506
10 19 2 8 40205 0.9356515189401586
2 6 15 6 22711 1.0346350049922817
24 24 9 28 59772 0.9359755947810933
15 23 10 28 34703 1.0122095551719776
15 19 6 9 36539 1.0986795109935066
3 20 0 27 45997 0.9642631695999776
25 22 7 19 39250 0.9130779354689448
12 13 24 5 36289 1.019042877596412
16 9 22 17 23670 1.0533010752093208
16 29 11 14 34697 0.9431027535251336
8 6 25 18 47795 1.0980476525368392
28 9 2 16 71410 1.0630977661523922
17 15 16 29 23386 1.0751430353059823
16 24 25 17 23965 0.979846134464867
10 27 12 19 29190 0.998072278599666
22 19 28 25 24391 1.0400504019195749
27 23 25 0 62865 1.0345914187747556
19 29 25 11 51201 1.035473911572191
16 5 2 1 27786 1.0948353435817488
18 27 28 10 60335 0.9058821327499958
0 26 8 1 92671 0.9745919920571776
24 9 14 22 34994 1.0722647678165287
15 10 12 23 37070 0.9329440832221576
15 8 29 17 46341 0.9436263874725553
26 6 7 24 70524 0.9861902097538126
27 14 1 15 75046 1.0461304430662857
22 17 6 0 57813 1.037816044671938
24 16 14 21 22665 1.0945443638170822
8 8 3 2 22284 1.0948854046717549
11 12 23 13 41234 0.9448468825832677
20 26 11 4 49175 0.9560908662532946
22 6 22 27 24589 1.0467599528363285
0 10 12 15 46408 0.9504180747437907
14 28 8 1 60656 0.9009198943356823
0 19 14 15 35666 0.9057493084539936
18 7 4 5 31812 0.9272121289296418
13 29 18 16 43475 1.0608013039152948
3 10 18 1 45758 1.046623407028814
9 27 6 9 46933 1.0726792588851386
3 3 14 26 62548 1.0618137621943942
28 9 12 24 63135 0.9129642641080615
13 23 8 10 41664 0.9916222853865557
16 24 21 18 18438 0.9383710050267777
1 28 15 17 69647 0.9722786740556111
26 16 22 10 18171 1.0461786626397458
15 26 23 21 36696 1.0502584500713081
0 27 27 23 103235 1.0904138213839987
16 9 2 19 41724 0.9072078571165976
18 13 11 2 34598 0.9415543388619549
23 14 12 10 40173 0.9171118017999672
25 8 16 1 24332 1.0080055623547433
6 10 27 20 57569 0.9599161836915745
22 12 1 17 45947 0.9521494199072567
29 19 23 10 23224 1.0656298712878367
19 5 8 6 16397 1.013068871946663
23 2 16 14 33188 1.0675544720448664
29 17 10 7 59318 0.9606836972044978
7 10 24 28 61491 0.969051956532013
28 11 18 16 38948 1.0329728561565803
3 22 9 13 39085 0.9928619620635663
10 17 3 29 52830 0.9172246204606307
3 8 26 22 71768 0.9267938148393725
15 22 25 9 37932 0.9600855769910389
15 4 21 20 36552 1.0996463910323935
7 29 0 20 55900 1.040592514878568
4 14 12 27 60724 1.0290136117674802
6 8 2 28 78840 1.0779149713008747
22 13 15 7 30457 1.0363114742385375
27 17 24 6 32079 1.0537316183301153
2 12 9 22 40192 0.9847325069413503
28 8 19 21 41306 1.0131857472189199
3 11 15 14 48182 1.0642131378295598
23 21 11 26 55851 0.9973340539839485
22 7 11 10 34386 1.0619873430402886
17 20 6 5 40186 1.0569663459977094
9 8 1 5 20752 0.909284522827443
17 14 6 28 56489 1.0036049421135125
5 22 27 17 56824 0.9079938021177011
12 21 18 17 28501 1.0942812153129442
13 6 6 10 27984 1.0263874731888876
1 15 22 23 56696 1.0627409633981177
17 21 1 22 53107 0.9426672222958108
18 14 3 0 57370 0.9933425798106182
21 2 14 23 46789 1.0241942351797158
11 1 1 26 91019 0.9530528867382865
1 29 3 13 75857 0.9510917124042321
8 26 21 26 54566 1.01902107046366
5 12 10 20 27847 0.9392368686924341
5 5 29 4 38120 0.9995342421323657
29 22 24 1 54968 0.9413725272536005
27 28 18 29 60915 0.9391511595442732
6 2 16 4 24678 0.9503161793158512
9 3 2 25 75105 1.0837275991562882
0 20 25 18 57417 0.9491244823593679
15 0 29 14 56520 0.993217569530713
6 12 15 28 54486 1.0164700395177433
21 23 7 20 44585 0.9260753744001315
8 25 20 11 49276 1.0420059541518876
21 0 23 14 37485 0.9580735731315179
21 21 10 6 47219 0.9853053671737739
1 27 9 16 60835 1.0338037379089284
24 17 5 19 39760 0.9294742921559271
24 19 5 7 49724 1.0887728143754953
29 28 16 17 55464 1.0528021405356718
25 0 7 17 61778 1.0226411495442744
23 14 12 25 45502 0.9623667256806419
17 26 8 9 50953 1.0499818745470675
5 18 18 0 58625 1.0160302228660225
19 17 5 18 27842 0.9294267148612994
27 4 11 23 65019 1.0034302551697551
28 9 10 17 53276 1.0839669836866983
10 21 9 6 43633 0.9659116806995568
28 21 3 20 54717 1.078025153958768
1 2 23 26 70585 0.9817717462834031
28 4 0 8 50531 1.0391626542410077
2 27 22 23 72921 0.9483156178031049
10 24 14 18 21776 0.9529573687972301
20 2 19 25 49309 0.9176235997954777
12 11 7 25 47970 1.0417175871734916
9 27 17 4 63489 0.972919640820221
16 29 24 22 31117 0.9316243247898506
21 6 13 22 42845 0.9220035997744082
15 27 17 19 20855 1.049315175614453
27 1 12 7 45788 1.091997970987052
13 2 10 13 35300 1.0728972068627658
10 0 12 21 64199 1.0489120741367577
26 21 4 9 65668 1.0027002816042367
8 27 25 21 49176 0.9040430858530465
19 0 23 11 34564 0.9782080213304412
23 13 18 4 29777 0.9827611159808568
8 18 20 11 34134 1.00287700368653
6 1 13 17 50316 0.9388169360326691
22 4 4 28 87680 0.9946094343679364
26 24 1 27 90670 0.9261631690526692
23 25 14 27 39617 1.0962797635741448
7 27 11 1 63862 1.0230077913771263
3 28 25 9 88984 0.9108156921140858
4 18 14 20 19629 0.9518640213660199
26 1 17 4 21981 1.070338448619641
15 3 16 14 20925 0.9378607717103514
19 22 17 13 25796 1.0655657212117344
14 0 2 17 66252 0.9914690562876902
7 5 25 6 25750 0.9881230917563054
21 11 27 23 40810 1.0596507307938605
10 22 2 20 31195 1.084612263465244
3 25 26 17 78293 0.985616376692372
17 26 12 14 41670 0.9641633206092616
15 15 0 15 53349 0.9016526516185137
11 10 22 25 44484 1.0775258064257194
3 5 19 11 36812 1.0584949998235453
2 27 22 4 94434 1.029734012823406
3 23 28 2 91606 0.9521555696271273
21 13 23 25 24186 0.9264464754510328
21 22 29 3 45479 1.0700444049797484
13 0 17 7 32370 0.9601442393776143
23 19 0 15 59072 0.9838323731341742
28 0 17 6 30908 0.9977596335103375
6 11 0 23 62690 1.055677504119835
8 20 18 7 49676 0.9166448083712346
29 27 26 12 54573 1.0347224896649003
28 27 2 21 76993 1.0522155917378617
26 15 10 12 46873 0.9072506758602209
26 1 15 5 20324 1.041953708026588
27 13 6 8 59510 1.070500344376204
7 18 2 28 49704 0.959764629456584
19 8 25 2 22980 0.9916961277163908
26 15 18 5 30778 0.9334136061634026
17 17 9 2 40726 0.9824243034614074
28 19 29 28 36753 1.0747048060253275
7 18 25 26 42921 1.0585719666113236
16 9 6 13 33917 1.0249495904487411
12 17 29 4 52459 0.9643608473176349
26 4 5 4 31224 1.0867761458926362
25 19 3 5 49768 1.0571430581099428
12 28 19 1 68164 0.913244400827855
5 14 2 3 24412 0.9561555624302159
22 17 2 7 50345 1.0765584257170007
27 3 19 20 43218 0.979301980915984
8 0 29 27 88322 1.0382912051720845
22 14 7 10 46452 1.0812493602542264
3 3 9 8 25778 1.075828946137942
0 23 14 2 85477 0.9282343806751843
18 13 0 7 46514 1.0251201721904013
23 5 11 8 22618 1.0338243889094003
2 8 16 4 27251 0.9159785188209288
0 4 12 22 63761 0.9386411523037013
1 17 26 27 67521 0.9809653142601172
5 29 7 7 66790 0.9778611165326935
10 29 5 6 61381 1.0630904493253976
12 3 27 3 40035 1.083404872459316
7 24 29 3 79842 0.9151362758107036
29 15 2 11 71612 1.0545126249836334
2 1 7 7 26420 0.9129838432977583
4 11 26 6 44398 0.9330308097758043
29 3 5 7 42226 0.9626616875774553
17 24 13 16 29860 1.0944403763259491
8 23 25 0 69117 1.0170391736982594
2 12 14 7 36997 0.9192628794320112
16 5 3 25 78695 0.9796522545415369
15 0 9 17 51095 1.0538562457179164
28 3 15 20 47772 1.0122247306557124
14 20 19 27 32905 0.9374774176080369
26 24 17 3 54756 1.0246865215146694
0 0 29 1 72289 0.9797448761678056
8 16 25 4 46636 1.0581163295572211
12 9 3 29 75831 1.01246236626438
25 8 0 22 76983 1.0594354711218128
17 1 20 24 47887 1.0640192762182819
11 10 18 16 34884 1.0578727786025945
27 3 8 26 73888 1.0142156714030468
28 25 9 12 62139 1.0589331941163542
1 24 21 15 71092 1.0578690260092019
20 3 26 26 55997 1.0401052522366077
2 16 24 5 59658 0.9557099597229708
1 19 16 26 42181 1.0052161963760378
22 26 8 29 50911 0.9401623517508166
26 23 9 8 66881 1.0160072068563786
6 23 0 6 65734 0.9953241687401317
21 14 28 6 32879 1.033732569174978
7 22 8 7 34896 1.0803716406766093
4 8 12 22 52997 0.9973722918885665
12 29 18 10 53906 0.9564791374515529
29 14 4 4 62852 0.9706485560298491
24 15 11 27 49343 1.028861278629769
12 8 25 29 66597 1.0932552551565016
0 11 17 7 51323 0.9584535689445668
3 17 20 16 38311 0.9220842383379745
19 11 10 22 44059 0.9933759032297406
4 3 21 20 56595 1.0753629520823589
25 11 17 21 35561 0.9834493596107076
1 28 10 16 63887 1.0539704059459523
2 1 20 2 39174 0.9803459109158246
28 4 18 3 26238 0.905178919049915
11 19 25 18 26181 0.9065354953226885
5 28 8 0 73058 0.912615738257329
11 5 6 15 34494 0.9129109302080196
16 3 7 27 60733 0.9735198329093726
16 8 21 14 25240 0.9507750107367388
15 10 26 12 34563 0.942746905572388
13 12 2 26 67760 1.054770920775554
14 5 2 28 84961 0.9759093831397575
28 5 3 29 97888 0.9775901892820512
2 20 21 1 71060 1.0297806322629246
27 24 3 22 68706 0.9898057743695148
16 28 19 10 37280 0.9824298355442322
13 9 24 8 28583 1.0312717635585862
24 7 16 24 36735 1.0014152189187868
29 9 0 2 57601 0.9456301434043621
22 2 20 29 60822 0.9243477153583967
13 24 6 13 45422 1.0503873158268267
17 6 3 14 45859 1.0266599973628328
23 25 20 7 34515 0.9973886412472488
1 18 10 8 36675 1.0469387165708992
26 28 21 13 42454 0.9024507182543341
0 5 25 23 62591 0.9178837572202497
11 5 26 0 26937 1.0160705212646648
16 7 26 14 38360 1.08381960113852
24 13 14 15 25132 1.0861281892187769
28 26 17 15 43969 1.073787639179207
15 2 8 20 46600 0.9374062462061931
15 4 17 25 40879 1.0562503581927238
3 29 19 6 88302 0.9565434395978385
19 7 2 12 45276 1.0012669743851665
1 4 24 27 69076 0.992165252242186
17 20 12 7 44686 0.9739483306109383
25 5 20 28 50299 0.9463289778307868
27 11 28 1 28432 1.096044019340434
6 11 15 20 38714 1.0234590035959137
9 5 24 23 48949 0.9777617800581709
21 27 11 17 36407 0.9503150222122245
17 16 9 26 49052 1.0341181933363828
18 23 1 8 63362 1.0415444652666268
0 0 25 21 74646 0.9534746935297528
27 17 24 1 42233 1.0916735195691605
18 25 29 11 60538 0.9364872304714086
8 7 14 24 44306 0.9791616728889735
14 29 6 17 39197 0.9256432777252881
5 25 0 5 70418 1.0989764946839224
24 24 24 10 28417 0.9691953522232306
14 12 21 18 27540 0.9274916474131857
6 21 26 27 68184 0.9895875251841504
2 29 18 26 88946 1.0757914952845402
2 29 19 1 101735 0.9416552044362191
9 25 21 18 46228 1.0217797129672541
5 11 9 20 34201 0.9293080031686175
26 25 18 29 54301 1.0358036224197702
0 11 16 15 55204 0.9438480908867498
5 8 28 2 44880 1.028603618507337
22 23 8 20 30874 1.0728183207051465
8 19 22 9 35807 1.0732868742248183
0 10 9 21 48814 0.9120461179514399
26 16 5 0 61241 1.0936452688615164
29 21 5 6 66029 1.0258432874012726
13 0 25 6 36214 0.9207476329956972
27 22 7 10 58601 0.9365731595532303
23 23 13 5 42739 1.080251308803786
26 9 11 16 47866 1.0656663512447053
29 27 2 5 85319 0.994289226880382
11 22 5 11 38482 0.9583151215012153
16 29 7 25 50455 1.0052435874731849
6 9 22 17 47772 0.9360398379651288
19 1 26 16 43372 1.063896980179415
29 8 20 1 29985 0.9980350618604238
6 8 28 7 47930 0.9933753757454614
26 1 22 20 34749 0.9156762459962979
17 23 28 11 47462 1.0587949700884314
13 22 0 20 50793 1.0490499807116993
20 19 8 22 27819 0.9979624234163058
27 12 1 13 66696 0.9360034579466076
29 8 3 7 51759 0.9806044748045653
15 2 19 14 31641 0.9354017894718251
5 5 14 15 32042 0.9672821000065939
11 29 16 7 57214 1.0209730606844312
18 16 29 23 44113 0.9097922450744591
7 27 3 3 63527 1.0721864693588357
16 23 2 22 46035 0.9654856107399518
5 20 28 7 76404 0.9500358838189401
11 25 22 26 48741 0.9334635572623194
2 20 20 1 65389 0.9041288364670104
27 10 22 17 25449 0.9251601366424272
1 20 16 26 49727 0.9384415122032244
29 25 16 23 40208 1.076757051744529
26 15 15 10 32087 1.0163021587674477
27 27 26 16 44056 0.9507028277155203
27 3 13 18 48724 0.9421054565744161
20 17 15 26 27157 1.0189948893296614
13 21 27 26 58345 1.0112988885764442
27 29 17 23 58048 0.9947901792670185
16 25 13 1 51301 0.9548213202259911
24 0 13 26 72209 0.9257748879128056
5 12 13 16 37901 0.9569535918115806
19 6 10 19 40572 1.0823855709424608
26 6 8 16 47610 0.9227124914668771
8 24 18 20 35899 0.9639292449287344
8 29 23 14 53960 1.0229596782556467
5 26 22 11 71509 0.9527877666153155
1 14 28 12 77915 0.9155015551897339
26 14 25 5 23786 1.0284485031089277
23 1 18 29 72666 0.9800703891855028
24 13 15 20 24929 0.9672752106859516
29 13 23 25 40238 1.0130526053352937
26 8 18 1 30750 1.0979959575107858
28 0 27 19 47528 1.0100894213176208
10 15 0 26 68916 1.0478192609993706
8 20 23 11 40934 1.05962960037511
27 2 28 20 44952 1.0235471224832045
12 15 8 29 42057 1.065797658430198
27 8 6 20 62638 1.0375007473874465
22 5 3 6 28198 1.0697315103641525
24 2 16 5 16078 1.0995163623815958
13 12 27 14 45422 0.9173891304712013
11 16 27 20 36947 0.9364430683586705
11 4 22 9 26723 1.0340245646489088
27 14 10 21 49467 0.9118635691621446
21 14 2 20 50140 1.0145965618741508
5 5 20 25 52600 0.935497793987339
10 2 15 28 59204 1.0844997685867133
22 10 10 16 34438 0.9304035806612615
15 23 15 0 47161 1.0806832547446719
17 12 2 24 61662 1.0561656305603775
1 1 20 1 41294 0.9256784228196551
16 5 15 21 29272 1.0461347032236232
19 15 2 25 64060 0.9191922036701982
16 20 2 10 45149 0.9626456397226222
28 10 23 22 38370 1.0880950986994993
1 20 22 12 55212 1.0724469891016135
9 7 21 1 39481 1.0175519863896567
10 9 7 2 22316 1.0413631457181602
1 25 24 10 84324 1.036837187958642
25 25 3 27 81187 0.9666382649163665
14 16 4 3 43851 0.9333822027557375
0 20 3 11 51093 0.9738744580420793
12 13 15 25 38314 1.00117929933049
19 28 5 29 77208 1.023273959363323
22 17 0 17 42767 1.0508542231457154
17 20 17 7 31042 1.0238431385338613
11 12 8 26 37335 0.9597588159549755
19 12 20 22 22721 1.0694858032922392
7 7 23 25 63739 1.0061307988364103
17 19 26 10 30941 1.0247717184423126
23 29 12 11 51870 1.0767020141034296
8 8 17 2 24207 1.061676179789361
9 19 6 0 53345 1.065358021599126
6 6 6 22 49473 0.9666007077127415
20 14 11 12 32318 0.9108398688714853
4 29 26 13 83935 1.0669156899356287
16 20 3 1 52913 1.051333034462806
9 22 17 17 30815 0.9436285304886363
24 5 16 0 23029 1.0351055930289366
17 8 25 12 32340 1.0877916539180852
8 2 7 17 33491 1.096495913776339
29 26 5 23 79893 0.9124579802621616
5 2 25 9 41003 0.9752391313546939
24 8 9 17 43365 1.0739722169014403
27 12 1 5 46504 1.0917496579822275
22 5 2 5 25434 1.036707263848465
14 7 23 28 49562 1.0965795631987234
21 23 14 28 38004 0.937352066304968
26 15 19 19 16610 1.0628591530817917
12 3 1 17 57621 1.0437352711346701
25 14 20 22 21471 1.0462300457500686
26 18 5 9 57566 0.9765212026051308
28 5 1 28 106223 0.9786213493753788
7 23 21 20 40455 1.0843446182701668
15 25 27 14 46075 1.0612346986628214
15 14 23 26 35636 1.0846202238038076
19 10 12 17 31369 0.9953639521151326
28 16 9 24 58981 0.9487512699830288
26 9 7 4 35846 1.0967415109966885
27 8 16 24 44141 1.0707870146181322
22 7 3 21 61714 1.0525263715280744
17 17 10 26 37143 0.9339434561893816
2 0 20 12 48412 1.0406691456659474
23 26 12 9 49183 0.9306121245670012
1 10 10 23 48090 0.9325517375312725
1 19 18 28 57390 1.019444530552597
7 8 12 27 61713 1.0019027878757696
29 1 21 25 63015 0.9468731929322706
4 15 12 6 43634 0.9092506636922923
5 4 17 26 56103 1.028629492750215
1 26 14 0 103251 1.0827049418290253
23 3 10 8 35497 1.064827289580129
26 21 16 22 28954 0.9327420219246486
21 18 23 28 22697 0.9136848504310426
10 16 0 12 42550 0.9539286114171993
7 6 25 8 35366 1.0955902763372862
24 10 18 27 46654 0.9326916121089868
15 7 2 1 33096 0.939040191408088
4 21 12 6 59651 1.0344070904957756
18 22 3 0 66945 1.0314479909143663
9 23 9 11 34249 0.9915897037765588
3 12 1 23 54326 1.0710098494892597
13 7 16 18 30410 0.9150398780534573
28 21 18 26 40920 1.0633460074159218
6 10 28 25 67420 1.039582831905804
11 7 18 24 55847 0.9274015943510756
6 12 13 15 38923 1.0557437808966188
16 3 10 10 23738 1.0660962256909996
22 20 14 12 25683 1.0046004808330753
0 17 22 18 41729 1.0577757680235562
25 1 13 4 33070 1.065523463419475
4 0 9 7 31390 0.9973670493949313
3 16 11 2 53495 1.0420436811151734
8 11 4 29 56580 1.074206948260288
9 20 26 20 42453 0.9152882813901322
14 7 1 13 40767 1.0696120456762201
25 18 16 11 26130 0.9322558028971443
6 10 26 27 72771 0.9633478455944819
1 4 27 29 89640 1.0389454562381302
13 22 2 23 43896 1.0976104431586713
29 14 13 20 43730 1.0406183042611221
28 27 18 27 62449 0.935872233759321
13 5 1 5 15380 1.0576864943908932
21 2 19 24 49965 0.9730456683410542
13 19 20 16 14735 1.0325278251639416
11 20 26 18 33702 1.074829269802712
11 8 8 22 37282 0.9084049379337827
28 1 8 20 66360 1.0443278307706574
24 19 15 14 22051 0.9140849607335063
4 7 18 18 55782 0.9921334334503873
5 22 11 7 50382 0.9193726904613935
25 26 2 9 73472 1.0254970278861197
28 26 4 25 89123 0.9197694451704544
23 17 14 0 49359 1.0506379983834486
12 18 10 28 28711 1.0910439371657181
12 14 1 17 36303 1.0823676874340598
3 16 1 25 49486 1.0546601366630965
23 20 0 25 77963 0.9550707804905116
4 29 24 5 86449 1.02753617872839
0 17 15 28 53273 0.9286664324041783
0 9 16 27 63547 1.0603300080471776
17 0 9 18 48912 1.0165725329881887
22 14 19 0 32456 1.0671967213941844
23 22 5 26 69328 0.9152385757466663
18 18 20 1 42167 0.9042226389664172
12 20 26 23 43620 0.9119707345028244
22 22 7 16 35074 0.934441014936928
9 20 21 25 45229 0.944193667661378
0 16 6 27 55308 1.0470984143083921
17 3 29 13 45207 1.0790648888919818
27 5 0 6 44087 1.0653830418638695
22 10 8 13 42414 0.9948368910578026
25 5 16 8 16096 1.0201294377295353
28 16 26 27 38380 1.0647023040038628
25 26 3 22 67886 0.9251266750916538
27 11 29 26 53113 0.9039395068434602
14 14 25 12 32719 0.9860472898893428
25 25 9 15 52162 1.059994715442351
18 27 14 14 36762 0.9173431320265825
9 4 1 25 78013 1.0315606460159623
14 2 10 8 25192 1.0076834639303767
12 20 9 2 54550 0.9682177057203143
2 19 1 0 58440 0.9683845317068791
1 1 23 14 56773 0.9609421680936365
24 17 20 28 30448 0.9869070977724165
1 17 17 23 41218 0.9335456092873946
13 20 29 6 56539 0.9378656986862736
2 17 28 6 66855 1.0225927406403903
8 21 18 5 43549 0.9107666342596226
14 18 0 3 52880 1.0177390987398054
1 12 24 2 59298 1.0361291130433554
8 18 6 28 30744 1.0149557929385296
12 12 6 16 32826 1.0743854985387002
3 2 19 27 76391 0.9166589594256757
5 6 12 14 37223 0.9678804076276842
25 3 23 18 35657 0.9432047281836423
14 20 20 15 17270 1.0098845963555467
11 26 17 11 53776 0.9483177977401565
3 3 22 10 43288 1.0855666124396945
0 23 22 4 88195 0.9968516539651855
17 7 7 18 39963 0.9682646858833948
2 6 12 5 15330 1.0983752920600383
3 8 22 27 66316 1.0359416723547472
29 10 14 4 35740 0.9716164471460961
1 12 23 26 73421 0.9127303942783442
25 20 12 3 53057 0.9490056588230895
10 12 12 28 51191 0.9060798445947442
12 27 1 0 79798 1.0843074686119656
8 23 27 8 61223 1.0736692207301768
12 1 10 14 41764 0.928531340830737
11 3 29 18 56056 0.9929976317414889
27 15 10 21 41326 1.0090840304383182
2 15 1 4 32437 0.9079512515772941
3 15 28 1 73817 1.002883894608807
1 28 11 9 81763 1.0982529488628217
23 20 13 3 46946 0.9311749310895621
27 20 20 5 38717 1.0731474940762846
20 18 17 2 36013 0.9193427353452249
12 10 6 29 59882 0.980586061983631
10 12 0 13 28457 1.0130061609399519
25 1 18 16 47149 0.9609317100883454
5 19 23 12 45520 0.9368575408947235
4 27 25 5 83379 1.0504464551767314
20 16 18 27 32103 0.9081255626064745
1 27 9 18 52582 0.9088215845764177
8 26 6 6 51025 0.9129200126847071
6 27 24 20 54169 0.9474757493435376
16 3 19 23 39785 0.9841044239763466
17 11 7 7 34990 1.0362790263358639
4 4 26 12 44131 1.029333615636566
14 6 26 26 61243 1.0526249519201576
22 8 10 17 34250 1.002926369072069
18 23 12 8 48949 1.0593909078551516
12 14 25 16 38369 0.912327523884609
5 8 8 20 31046 1.0151669976954107
17 16 18 28 35867 1.0205264532880045
3 20 19 15 45248 0.9233647161942692
16 25 3 7 54861 0.9197365730557411
21 23 27 4 43569 1.0982667404964266
11 3 13 13 28938 0.9264897184976574
13 13 5 19 35258 0.9034197990833995
10 7 25 12 40082 0.9852906135867421
29 29 12 21 76354 1.018196676952484
14 18 11 29 38443 1.080361732768627
14 20 24 18 16569 1.0144477602809134
14 10 5 12 28554 1.0451705158424165
18 24 10 18 33969 1.0015251088896895
13 4 5 1 25429 0.9355779340957683
5 27 29 8 89974 0.9675691839094006
18 4 7 16 48068 0.9445891083932061
11 4 24 21 44621 0.9806570659632871
13 1 23 3 40971 1.0503508472295748
11 11 20 29 59381 1.076760078366982
9 4 12 27 64761 1.0123535075150254
29 19 0 20 60273 1.0754082829023572
6 24 18 2 70457 0.9669760208976308
10 1 6 29 74202 1.001909130423274
25 29 12 17 46459 0.9104052971219129
27 14 5 6 56861 1.0357192598257607
10 17 26 13 41152 0.9817988646376237
8 21 13 29 41370 0.9712381739237204
6 28 0 9 68175 1.0459860109560482
8 28 28 14 61847 1.0496389075362642
22 23 16 15 18772 1.0383053029823055
9 9 3 28 66226 1.06539956650657
15 17 6 15 30913 1.0872380538381543
3 9 10 6 22169 1.0485834836044807
23 16 1 28 84307 1.0446253512354886
23 11 0 29 96460 0.9765452006169143
11 7 8 27 49869 0.9389532916378658
8 5 29 0 42567 1.0958440570444568
6 13 5 27 48198 1.0998869469514019
7 28 2 8 59874 0.9148045143812883
26 18 17 14 30260 0.9346762106968995
27 29 6 10 82228 1.0624773607439506
0 6 14 22 59402 1.0243467201605116
0 17 28 12 66349 0.9674575988118966
14 22 29 12 46051 1.073010526122496
15 0 21 24 57502 1.095957063546526
5 12 1 2 23819 0.9488457585554019
23 19 0 7 56404 1.0599595276942309
7 5 17 5 13266 1.024416275704957
4 15 28 2 66552 1.0936405296470306
3 23 26 6 81493 1.0246240438239336
0 10 21 14 61960 0.9715625670373551
5 24 18 8 72598 0.9220271634278803
19 19 2 4 45648 1.0137913788341124
8 6 12 19 36328 1.0693592500964175
22 28 5 2 59404 1.0165204121044507
26 28 15 16 48456 1.0151032042513048
17 0 26 1 35083 1.0808652136388668
0 17 9 12 34593 0.9094102856537267
23 20 5 25 60984 0.9727963347868869
1 4 22 27 59372 1.057000209175752
11 17 24 6 43148 1.0703184967690649
22 1 20 16 38528 1.0165590222942036
22 25 5 4 52213 0.936528586921456
7 4 4 11 22831 1.046398670584054
4 6 12 3 25355 1.0523261929187882
27 8 0 29 110529 1.0006592865154613
19 25 10 7 55153 0.9333202156995711
1 19 29 20 54003 1.045086686609908
15 26 29 8 61317 0.9243580897511311
6 2 20 8 33949 0.9271431953692454
28 2 9 28 84504 1.028887838379599
19 6 12 11 29184 1.0211988352195962
4 18 9 12 21978 0.9839332758449726
3 8 21 19 56121 1.026955684003002
29 24 5 24 80091 1.0274341465080268
7 16 23 4 55287 0.9689703074579563
3 17 10 6 42839 1.074226831512129
12 12 15 22 31709 1.0411504065914532
16 17 29 2 46588 1.0615459974285688
23 11 1 3 49375 1.0579853855126773
25 23 4 5 57982 0.9457320835252989
29 0 29 24 69437 0.9164915714079075
12 25 27 29 73814 0.9613565309194405
27 17 22 10 24169 0.9521823593559934
2 23 19 4 71062 0.920144272376553
28 17 8 11 49769 0.9714013132490846
26 1 3 13 53246 0.9749448877529944
4 15 18 9 52018 1.0806816097737628
22 18 6 29 54814 1.0545377178294861
23 19 28 10 31925 0.9273673985010142
11 27 26 4 69182 1.0090326363827617
12 23 15 10 37070 0.989711888897108
1 16 12 29 65052 0.9101840516764547
10 4 20 11 26792 1.0325394182344383
3 23 29 26 86548 1.0202117062909288
5 3 5 16 36393 0.952224858337561
3 14 15 15 46073 0.966801704969863
10 18 25 24 33898 1.0012040685237025
2 16 4 1 47005 1.0607955318213655
26 19 10 15 31722 0.9611859980659883
5 13 18 3 44107 1.0965191755748933
23 12 18 3 32327 1.0435746829237436
11 25 26 20 51289 1.0456328659465133
1 17 25 5 61985 1.0646311243621747
20 23 9 20 37047 0.934888512636506
15 26 0 21 67980 1.0754333002187777
1 6 11 9 24908 0.9874803067008794
24 21 24 3 35229 0.9025480742083495
22 6 19 15 17640 1.0388297625557796
6 14 24 17 48166 0.9499232800562846
26 0 10 18 51644 1.0638440004622773
17 17 7 15 33858 0.9157259364641388
18 18 25 15 22594 0.9978360749525084
0 7 20 14 47921 1.0455814671133559
19 6 5 20 61132 1.0030731972701359
27 16 29 24 28276 0.975202785429534
5 5 28 2 39246 0.9595573226688173
27 5 12 10 33921 1.0105819553972937
6 1 4 29 84334 0.9085760541914848
6 6 11 0 23763 1.036486280455577
16 25 26 18 27841 0.954716300966786
8 14 28 24 51428 0.9308704224560942
25 8 24 27 41045 1.0992870931258572
2 1 14 15 45349 0.9357806616144093
23 19 15 16 18237 0.9668993507480952
15 22 17 3 38884 0.9121390465454752
18 16 28 23 35787 1.0447389916074452
28 23 2 26 83207 0.9411046325055937
5 14 25 11 55887 1.0265867335345762
21 11 15 7 28183 0.9559858911008433
17 26 1 29 90319 0.9846060810537359
8 13 25 5 38541 0.9961182597385555
19 12 8 20 38459 1.0572919565271466
1 6 19 26 66456 1.0133431596174796
14 4 8 26 53996 0.9178796001926925
0 11 24 15 69345 0.9854785908277054
29 15 6 5 53007 1.0023740015555593
25 21 0 2 66270 1.0067531470665778
9 24 7 14 34548 1.0546174266126733
7 16 18 8 48568 1.0515190096502127
17 7 5 9 32169 1.0093438856395953
1 13 4 25 62116 1.0532955692516974
9 29 18 18 49642 1.0766046674372656
19 5 25 20 31750 0.9831248977244715
18 4 8 6 21738 1.071449955715972
12 2 22 16 43321 1.0048846064694674
5 16 24 6 58770 0.9882525491881344
17 29 20 4 49051 0.932862582165531
0 11 5 5 26776 1.0478374535346002
13 9 3 20 49407 1.036560052739518
19 4 2 24 75242 1.064627294700076
20 18 23 1 44908 1.056826406889249
0 10 6 27 62082 1.078884312200426
3 0 4 16 51504 0.9288905969231438
4 1 14 10 33425 0.9328832003469197
20 29 11 14 51840 0.9854056697210978
23 8 5 3 37302 1.0514614225457466
16 25 10 21 27752 1.0482707319728615
17 21 9 26 47375 1.0518244575053939
16 19 5 14 33548 1.0755500903807689
