3660 1820 4059 1495 2110 4784 3929 1870 3069 1409 1711 1806 2529 2406 4433 2315 4274 4150 2809 4826 2291 2059 3988 2796 4174 1569 2603 2054 2589
4701 3509 6669 6590 5635 3328 6162 5521 6229 3621 4324 6325 5647 4129 5144 5268 5805 4958 4556 3610 3224 4939 6138 6091 3955 4608 6435 6050 5756
6366 6411 5449 6454 6595 4556 3423 4803 3440 3386 4111 6283 6437 6173 4660 3981 5718 4084 3530 4737 6726 5828 6482 3167 6210 6309 6616 4219 4522
4170 3540 5888 4324 4434 4676 4739 4965 2990 3853 6158 3080 3791 6346 3176 6220 3705 5039 5327 2875 3120 5158 5070 3682 4870 5028 5599 3562 3049
5197 5884 2624 3668 3206 3532 6275 2995 4213 5558 4721 6140 5247 5812 5946 6271 4796 6216 5589 3643 4422 5244 3525 2891 5384 4193 3832 2900 3773
6536 7953 7515 5230 7828 5593 6101 6135 6939 5677 4570 7289 7886 5727 6202 7618 5183 4232 7067 4240 6952 5903 4389 7005 4271 4483 5379 5283 7941
7223 6685 5557 7267 5496 6807 5877 4774 6374 8290 7614 6944 7608 7309 6873 7852 5768 7198 6129 6523 5755 6533 6634 6225 8328 8088 5858 8160 6763
8462 4922 7197 8603 7932 6509 5370 5870 5032 6996 5228 8082 8525 8417 5864 7527 7370 6726 7745 4942 7107 7584 6373 6899 8185 8257 6831 4984 7218
3945 3364 3020 3195 2378 4701 2915 4751 2269 3493 2693 1767 1857 3747 4362 3270 3916 1518 4225 1409 3243 1818 2318 4530 4252 2566 2941 3731 1979
3604 3650 4463 3998 6477 5048 4780 3236 3840 6865 5903 4917 4293 4952 5068 5816 3722 3479 5154 6632 3896 4810 6566 6876 4726 6497 5152 4678 3338
5582 5660 2795 4760 3334 3510 2541 2229 5140 5031 4943 3612 5700 2738 3097 5427 4390 2584 3395 2300 5007 2378 2370 3820 4991 2281 4897 4905 4716
8267 6579 7639 6462 6912 6060 7456 8323 6768 7833 6475 5332 6644 6971 7860 5729 7844 5950 5490 6351 8688 6461 6774 7384 7953 5602 8311 6816 7423
5165 8422 7026 7416 8549 8044 5682 7530 5650 8098 5808 7661 6992 7762 7817 5424 6879 5193 7941 6891 5106 6245 8223 7305 5159 6081 8589 6243 5289
2993 2611 3762 2392 3028 2342 4391 1995 4101 1994 3181 5038 4616 4247 2878 2401 2852 2513 3097 1608 2208 3182 4117 3658 2124 3611 3902 4011 5043
1283 2348 4388 4200 1110 1875 1546 3709 3423 2443 3563 1370 4208 1791 4075 1805 2964 2476 1925 4367 1691 3539 1962 1857 2534 3619 3625 1983 3588
6081 4242 5552 6445 5646 3714 4707 4874 4780 4793 6009 3498 3406 5641 3617 5755 5503 5440 3861 3124 4844 6332 3302 6687 3771 4536 3660 5339 6254
7764 7215 6526 5801 8672 6092 6527 7047 5815 6459 6716 7931 8548 8149 5937 7005 6488 7826 5074 5753 6381 7665 5333 5799 8114 6480 7597 8141 5592
6070 7240 7397 5173 8400 7005 5737 6410 7413 5692 8323 5372 8458 5203 7722 7616 5541 6274 6709 7074 5283 7666 7063 7843 7902 5763 6091 6641 8168
6793 4844 8088 6186 4664 7138 7007 8082 5589 8152 7967 7971 4566 6660 6247 5321 4833 4743 6688 7671 7837 6087 6231 4511 7402 6399 7220 7952 7765
8539 8337 5108 5073 5590 7827 7919 8020 7635 6538 6135 4930 7597 6111 5858 4925 5428 7898 5356 8017 6670 8240 8441 8434 7274 5786 5233 5509 7787
3190 5282 4667 3691 3952 4083 3282 2222 3172 4530 3698 4826 2870 2116 2304 2442 5253 2949 3181 3615 5297 2438 2588 2203 5018 1876 3161 3427 3905
8151 5288 5962 7096 5413 5272 6219 7414 7930 6697 5372 7403 7220 7496 6700 8029 5569 8212 6035 6582 6335 8705 8628 7817 6735 6445 6886 6810 8733
6672 5014 8217 5286 6429 4932 5320 8273 8072 7392 7420 8089 6799 8006 5434 5903 5422 5277 7556 6006 5595 7285 8554 4899 8345 8160 7846 5880 5154
5663 4340 4006 6013 3143 6034 5237 3246 4945 3512 2849 2868 2759 5485 2545 3474 3096 4579 4387 5280 4198 4777 5487 3147 2384 3836 4320 2422 4663
2873 3006 2650 3564 3674 3779 3556 3349 3802 2061 1501 2177 4054 2087 1944 3649 4502 1783 1648 2181 1414 2982 2901 2111 2424 1941 3565 4837 1967
2967 1684 2088 3028 2410 3362 2432 2221 3210 3255 3550 3934 3697 4849 4606 2704 3985 2400 2539 1949 4379 4243 4266 4926 2394 3632 1415 4898 4907
5470 3475 4646 5497 6872 6975 4241 4816 4425 4896 4456 5876 4720 3681 4347 6133 5357 5743 5131 4914 5214 6430 6351 4343 5978 6422 5603 4932 3493
5375 6134 7038 6661 5877 8422 5353 6762 5399 8335 7074 5325 6835 8020 7383 8213 6019 5621 7541 4840 8196 5774 7339 8420 6595 5900 7958 6728 6432
3980 4820 7323 5858 6124 3959 5301 6023 5256 4880 6880 6829 4535 4803 6175 4540 5898 6138 7201 6965 7415 7021 5621 6586 6237 5911 6879 6691 5280
7784 5209 5614 4230 6110 6815 5787 5417 6668 6780 5367 7868 5781 4778 7662 7691 7459 4728 4735 5860 4770 6066 5502 7011 6673 5610 4432 4402 4264
6800 5310 5301 4799 6991 5646 5290 5613 4220 6860 6276 4787 5882 1405 4378 4294 4332 6917 5261 5512 4556 2631 4932 5141 6860 3943 5596 6634 4184 3615
6883 6674 5370 4224 6104 3332 3842 3151 5404 6123 4224 5626 5806 3816 4873 6896 5138 7371 2675 4476 6969 2196 5395 5528 4730 4778 3460 8172 4981 5523
7268 4983 5584 3877 6332 3856 5883 5585 4988 5571 6886 6785 6918 2519 4045 7474 4046 8196 3078 6099 4608 3349 7719 5630 3736 4284 4100 6534 5364 2307
4399 5035 6077 5505 5209 3521 3381 3532 5130 4313 4778 5412 5426 2731 5693 6196 3414 5475 3480 7538 5557 2349 5581 7563 4326 2969 5455 6016 6016 5417
6018 4864 6007 4107 5745 7016 2823 4917 4545 6189 5535 3591 7102 1986 7424 6496 4022 8065 3918 4887 3931 3054 6542 5343 6849 3875 3419 7466 3326 4485
6026 6208 4259 5455 5827 6700 4715 5122 3966 7258 3240 5320 4594 1504 6256 5205 6067 7579 5030 7860 5585 1753 5271 6368 3611 6467 4571 5972 3268 4084
6081 5874 5983 4343 5140 3535 4106 5799 3151 7388 6690 6360 7739 2818 4794 7113 4503 6987 4117 5259 6760 2850 8232 6956 3677 5654 5738 6374 3192 5060
5808 6570 7328 5016 6830 4207 3194 6330 2892 6383 3525 5775 7034 4123 5560 5863 5986 6734 4438 4455 5322 3392 5559 7225 6640 5245 4119 5430 4963 4144
6500 5361 4878 5077 7400 3845 5976 4976 4214 5607 4567 3191 5720 1276 6700 6304 5030 8001 2197 5203 5887 3621 5107 7571 5870 5176 5187 7102 4892 2457
7131 3822 6622 3810 7936 6626 4679 4736 3927 5029 6758 4005 5957 1973 5284 3988 5839 5887 3681 7871 5761 4237 6956 4579 6467 6181 3545 7014 6196 4182
5858 4712 4948 3555 6022 3475 5741 3033 1947 6505 6874 5101 7972 3424 4936 4809 3258 6721 4994 7032 5971 3072 5539 6490 4123 6198 4561 6378 4181 3609
4894 3718 6127 4976 7668 3640 6413 2800 3517 5659 6639 4039 5766 3658 5074 4325 6469 8277 4490 4573 7065 4489 5258 4163 4006 5962 5331 5729 3721 4426
6024 3723 3805 6138 6609 5546 5195 3619 5131 5279 4835 3261 8077 4540 4880 4391 3901 8394 1974 5105 6496 5044 7475 6084 7050 3843 6232 7990 3745 4866
3965 4628 4629 4207 8016 4542 5399 6410 2372 4237 6452 3674 5150 3791 6139 5088 6601 7284 5188 5934 4271 5174 5390 5027 6449 6208 4876 5144 4337 4163
4377 3968 6369 4659 6406 5666 6333 3526 4565 7397 6879 6318 6936 4131 4668 5563 4303 8023 2119 5879 5187 4938 8260 4729 4851 4875 4386 6212 5072 2348
5005 5099 4548 6748 6737 5975 4979 5902 3028 5320 4585 5002 7912 2942 6076 4823 6132 8311 5002 5431 6018 4448 8377 4361 7086 5680 5898 5676 5294 4300
7523 3973 6263 6715 5351 3484 3236 3156 3138 5666 5694 5472 6462 3526 4781 4621 5625 5849 4788 7362 7161 3600 7643 6125 6557 6417 3756 5646 4868 3166
6865 5576 6035 5516 5451 6912 4589 3516 3570 6824 4029 3179 5011 1793 5840 5982 4139 5548 4524 6150 6605 4967 7610 6642 4596 4471 5699 7125 6316 3057
6035 7018 4692 6292 5036 4975 4164 6216 3705 5308 4114 3785 5749 1602 7464 6527 3500 6713 1777 4817 6873 3615 6768 5698 3920 3154 3742 7318 2845 5715
4942 3527 4222 6500 5395 5149 2983 4413 5651 7590 4268 4957 5462 4569 6026 6040 3773 8817 1960 7108 4251 3016 6946 7252 6693 3991 6348 7171 2764 2889
4152 3770 5230 5249 5757 5119 6259 5560 3720 6590 4794 6682 7487 3169 5129 4350 3173 6472 5211 5513 7056 4397 6711 5550 6551 5018 5145 5335 6171 3883
7134 6207 5852 6121 6073 5317 3959 5730 3202 6978 6379 5540 7078 1938 6440 3886 6379 7855 3527 7493 3931 2201 4855 4808 3481 3293 5874 4921 4329 3712
4526 3728 6389 6360 5332 3799 4383 5445 5278 7650 6098 5110 7678 3100 5908 3988 6240 7726 2965 7546 5285 5264 5020 5680 6584 6511 3428 4720 5557 2868
6936 6614 4369 3440 6212 4012 6314 4138 3238 4080 4163 5843 7059 4367 6688 3963 6385 6975 4629 6162 5240 1724 6029 5553 5521 6444 6578 5970 6004 2626
4895 4454 4288 5148 8247 5245 5939 3561 3133 5518 6239 6726 4617 2840 6063 4908 6500 6884 1758 4867 6589 3325 4996 7281 5332 4386 4245 6833 3559 5612
6092 3956 5017 3339 6085 6792 3510 3754 2129 6807 5543 4139 7600 3010 4468 7496 4127 6026 3865 4767 4497 4409 6464 6100 6074 5796 5158 4561 3422 3970
5198 4326 5665 4492 7475 6768 4849 6342 2624 6228 6426 4618 5568 3659 5649 4646 3776 8711 2397 6097 4210 2228 6111 7465 5599 3378 6440 8253 5383 4516
6699 3981 6017 5716 8075 5041 5811 4380 5378 5712 5002 5239 5155 1222 6106 4097 4911 5328 3766 4801 6728 4766 6461 7804 7045 3914 3804 6574 5784 5400
6754 5004 7166 5625 6008 3848 3211 2887 3184 5624 6827 5975 5180 4160 4098 7093 3370 7663 2180 7009 3560 3661 7424 5741 6432 3723 4484 6511 5407 5547
11 2 6 20 78866 1.067766653500023
17 13 1 18 72233 1.090647126997325
10 4 3 27 99213 0.9466854390531656
24 5 15 16 66298 1.028574920940652
5 20 13 15 48403 0.9939217754017504
20 23 18 6 63930 0.9889950512368404
25 14 12 21 68656 1.0802399724779264
4 18 25 11 94586 0.9158514271217552
16 12 11 6 43889 0.9721748166360441
12 27 17 18 50162 1.017831089384603
29 26 22 13 63165 0.995778674278337
1 15 8 0 69118 0.9911080334296756
8 27 4 14 60358 0.9477593104575602
24 28 11 20 78454 1.0336842806454023
5 26 26 23 109628 1.021479741241544
26 20 9 10 85391 0.9757395785884413
3 28 0 19 40889 0.9852416955747967
24 20 14 25 49476 1.0388249452361231
16 25 6 13 67144 0.995038572513148
26 11 12 5 73028 0.9754280052638566
24 14 20 4 44659 1.0406143857460386
0 2 3 13 36511 0.9757565540253185
18 9 26 17 61209 1.0455914684973313
1 12 12 10 50912 1.0969435073655187
6 27 16 27 56478 0.9423896425541368
11 21 18 5 78493 1.0091992397932863
23 15 6 20 83262 1.04598037284158
21 16 10 25 69384 1.0778129280201678
7 26 21 11 96896 1.0882788250351116
9 18 19 2 92634 1.0887762347231156
19 24 11 15 61517 0.9002088737952075
28 19 15 7 85951 1.0057679849889223
23 28 22 16 47653 1.0653152821989809
29 2 2 5 132660 1.0490944928520438
27 5 4 15 110150 0.9122014789472136
24 17 3 5 103617 0.9265440856017386
3 18 22 3 122569 1.0785947093342403
9 13 15 26 56377 0.9462456239899295
10 0 29 3 98902 0.9696698671365781
15 24 1 14 75591 0.9184388310298303
23 9 0 1 108913 0.9227203954356499
19 4 27 0 52535 1.0182244690431697
22 11 15 29 83656 1.0421374840063116
11 2 24 1 66389 0.92478940398127
25 23 23 0 78024 0.9591160544516453
6 8 10 27 71046 0.9346383597122467
1 19 10 21 33635 0.9317510021786977
12 11 14 25 43499 0.9091416003535117
24 4 9 1 78392 1.0908524187205448
7 11 21 19 70036 1.0999604910980008
2 21 22 6 114480 1.0506546145650635
8 29 1 13 69322 0.9567856507405121
7 20 12 1 81248 0.9390945085368076
20 14 27 27 64501 1.0705850508079113
15 19 22 11 55920 0.974785558821086
8 22 29 25 97240 0.994488825907962
22 26 13 2 105805 1.052795456222704
17 7 0 28 115987 1.0645071649822975
3 26 17 20 79996 0.9692545788706384
12 0 14 29 89256 1.0713344088420764
5 7 25 12 84354 0.9486909685982947
15 24 8 7 68795 0.9832586932199928
14 23 5 16 55494 1.0685985756420853
18 8 23 3 42334 1.081449583148717
7 17 17 14 56493 1.0828283819000446
12 14 23 16 51084 0.9867046315875609
28 13 3 0 121930 1.0433024362115009
24 29 20 20 41611 0.9337575042743903
15 2 17 17 66930 1.0704815398879113
25 5 6 1 101552 0.9400341211218393
25 21 3 10 98523 0.9026134989506148
25 0 11 16 91636 1.0477761940117785
15 17 0 28 79777 1.0178884222791416
11 13 29 8 73169 0.9592386535667793
9 21 25 19 68648 0.9360040096667728
5 16 28 19 100003 1.0550251589557933
20 0 12 4 52091 0.9138111662937674
26 9 14 25 84241 1.0153755279126098
13 11 16 25 50793 1.0112439247812637
12 12 4 1 70820 0.9512379661308368
13 24 4 20 46891 1.0148801333087833
24 2 21 15 50035 0.9102700562123432
20 7 12 12 48449 0.9787233087845401
22 11 17 21 57699 0.9207943679152166
4 22 0 29 35921 0.923805017024742
15 27 9 16 54564 1.078751596541544
28 25 9 20 91974 0.9833282707748345
5 26 15 15 74121 0.9526487945851091
0 18 19 22 86945 1.0071838452493975
23 28 28 18 41345 0.9897876757372881
16 2 29 19 104808 1.0633432279494415
26 25 18 12 63119 1.035960626163566
12 12 14 24 43775 0.9579737823579638
0 22 17 6 102313 1.0656040698670244
5 21 20 19 62747 0.99047280745344
27 4 4 27 152320 0.9512490345318478
11 17 15 10 46733 1.0092496549033647
29 16 20 8 56860 1.0091089808224352
14 6 22 0 57558 1.0058721710457321
11 4 23 4 70179 0.9105211239465054
22 7 4 7 75826 0.9715206272183743
25 17 17 4 74082 0.9645850649236537
22 12 14 15 36335 0.942706753956145
26 0 12 21 103979 0.902737302798628
28 0 13 4 83308 1.0662524793123755
27 28 11 8 108094 0.9405167607572347
21 8 24 0 38169 0.947728964507265
14 8 13 17 31068 0.9070391629716914
7 9 5 21 49878 1.097318529600898
24 7 4 3 94134 1.0936591589926785
3 0 17 5 83530 0.945161592094655
27 8 3 15 93964 1.0920197210628144
24 8 13 14 52662 0.9854700498963661
17 3 29 25 114450 1.050895017912885
21 15 3 12 62948 0.924084818522504
27 6 24 13 29740 0.9656724006693729
28 29 22 17 57862 0.9797022892757044
3 8 20 25 108046 0.9192177292162742
29 2 1 16 138804 0.9055805020753666
11 4 2 12 59974 1.0835299238203602
7 29 27 23 98158 0.9302677273170846
17 16 18 28 55865 0.9323192576530316
29 15 9 8 90332 0.994112120013789
13 22 20 2 87524 1.0185673535890327
19 8 12 25 73881 1.039263138170306
0 0 8 10 61297 0.9112416107314553
5 15 22 11 76543 1.0345132958547296
5 23 25 2 126045 0.9839347700833079
3 26 26 23 115464 0.9470101031093181
12 1 18 14 60675 1.0525434691111375
28 11 19 9 53344 0.9502354250265209
2 23 24 14 106633 0.9522419307106647
0 11 29 28 137157 1.0672079698663746
20 4 16 17 62299 1.0571980583041485
12 3 7 8 35938 1.0741096438849242
4 2 18 19 102507 1.0009639705133644
13 29 18 8 77272 1.093056560272281
14 8 2 15 59701 1.0016385125413905
3 8 11 5 39580 0.9498171532250185
22 26 14 22 47836 1.0808509057891942
22 27 8 3 121595 1.0127433321921897
19 15 13 28 65503 0.9932031890651015
24 3 20 27 81595 0.991216631007861
19 8 4 13 61624 0.9477677100387323
9 17 19 7 75806 0.9433830655580724
16 29 0 0 124264 1.086983581440606
22 6 8 21 97733 0.9971705069622642
28 2 2 2 134656 1.0127279941890033
24 4 28 21 61889 0.9230285860292692
1 8 16 15 69207 0.9072638850092427
4 27 19 11 106991 0.9816379058780678
9 14 15 9 41319 0.9868550112100146
23 23 14 28 55976 0.9599881462427754
11 12 19 8 42286 1.024383290659615
20 25 2 16 98306 1.0063003738237544
21 1 10 24 113073 1.01586205754959
3 15 13 14 41802 0.9249353556225565
10 22 26 10 89972 1.0340954248291234
25 8 5 15 86901 1.0503050467486132
11 17 15 23 33311 1.037997982626579
29 13 7 22 97757 1.0949440497259784
21 22 11 11 71075 0.9877575109818685
5 19 18 23 72041 0.9011513942232763
6 0 26 17 123163 1.0912235410192848
18 13 15 4 42045 1.0615823629952343
14 28 8 12 60732 1.0711108924579835
21 19 13 2 77264 0.945360170575134
23 27 20 3 87365 0.9181466067261058
28 8 20 5 38289 1.006187757742937
0 27 1 12 51745 0.9299268730297328
6 6 25 10 82439 0.9840674187284102
2 24 10 21 38629 0.9186834409721102
7 26 0 12 68724 1.0974485663289562
4 15 27 15 90512 0.9500213312811674
13 29 13 13 51452 1.0770440000097488
27 25 9 3 121104 1.0313218626456544
3 26 27 13 121088 0.9714270766605233
11 7 28 27 113545 1.026061090394604
13 5 17 19 57836 0.9218728793546427
13 16 23 1 87222 1.0101314752278376
21 18 17 25 41167 0.9435641221360397
10 4 21 1 62343 1.0396712297317339
20 4 28 25 89672 0.9720438160381473
12 24 2 5 94376 1.0961546150322783
25 28 10 8 101236 0.9781603744279677
25 21 8 28 86299 1.0162433090283658
7 10 18 3 66473 1.084052730878631
13 27 16 7 71518 0.9194173330381494
22 25 4 15 105428 0.9459454568019335
13 11 29 21 77986 0.9607244887068043
23 29 15 19 62693 1.0191530508559128
27 26 19 8 82094 1.096355569260706
28 16 15 10 64376 1.0350672367485216
20 0 10 14 84685 0.9543277085459215
8 16 4 8 38012 1.054448741089273
13 18 23 8 62002 0.924307616565515
7 27 29 19 110459 1.080896299076533
4 28 23 25 87610 0.9906330031453794
24 29 7 6 114674 1.032120640798928
0 21 20 21 71795 1.0411116048825475
4 13 26 15 74108 0.9364483279495859
7 23 17 25 62502 0.9417543697018759
18 5 10 14 62325 0.9349080790905343
28 8 5 27 137639 0.9608864539899564
28 9 20 23 69935 1.0184640850872846
26 29 11 7 105970 0.9450359020386218
19 29 22 15 58478 0.9143348158986216
20 9 2 5 79022 0.9732937315448364
27 7 1 26 145488 0.9421754665521067
15 2 25 1 53572 1.071464660117897
2 25 18 6 118615 0.9550955276705262
27 8 21 13 30886 0.9085063181043904
25 20 8 27 89936 1.0137142850978915
18 27 11 15 67153 1.057072906663807
0 18 20 5 104388 1.020448878302085
29 14 18 17 51174 0.9357317327800848
23 21 9 11 77546 0.9758110152101067
26 26 5 13 99214 1.0268286693778306
12 9 26 20 75551 0.9645393045833681
27 1 24 9 32442 1.0109907227893236
10 0 24 17 98954 0.9950401074735704
8 12 23 20 74690 1.0132364949747692
11 24 19 5 95106 1.0589612282150105
15 23 14 6 51586 1.010487406599565
20 9 21 28 69963 0.9024886342132692
12 1 27 13 82269 0.9395503493082922
1 1 14 18 88576 0.9444815812089111
19 1 3 29 149657 0.9850592050299545
24 14 13 10 45657 1.0160428912369739
23 8 17 13 33104 0.9251807549966856
20 28 21 16 44179 1.079530633459639
27 0 8 15 105518 1.0603152872742625
11 18 24 17 49937 0.9469292892589466
6 16 4 27 58123 1.0307989165320959
25 9 9 1 84306 0.9438702905366858
18 22 11 9 70499 0.9076559129705879
24 10 3 29 129191 0.9992654458750557
15 21 22 29 51857 0.9818200824187129
27 7 0 23 131353 1.0010179866942686
16 6 25 25 83521 0.9210915618320692
6 3 16 25 99581 0.930239548088061
4 21 23 10 90647 1.0661529777542447
29 10 0 15 110977 0.9342100792820325
20 28 0 0 139900 0.9973138616521141
25 13 3 14 72147 0.9535138876540287
23 8 15 15 48830 1.0911398731511721
15 7 25 26 88811 1.0251286261526242
20 12 11 8 47460 0.9660457588548252
6 25 6 1 98354 0.9424072112923944
6 28 22 9 121071 1.0877861136828633
27 12 26 29 65178 0.9619519859520084
2 6 23 26 130112 1.0536196053941156
9 1 27 17 110577 0.9258781850601986
20 4 1 3 98731 0.9466262754294196
4 4 17 24 106929 1.0783820060276206
14 10 14 22 33774 1.0851551162548814
2 15 13 18 54789 1.0058062682669737
16 1 3 24 114155 0.972723475778215
6 11 19 29 96808 0.9183989201591689
23 18 10 27 76890 0.9277653518683612
13 21 8 10 42992 0.912050618606914
6 29 27 20 106610 1.0621319113308811
0 20 21 21 78483 1.0841386551116043
22 26 6 28 76824 1.0080716753336214
26 27 26 17 38007 1.0705243483053246
3 12 28 25 113852 0.9952112455434514
24 25 24 1 66799 1.0552928672661668
18 10 4 9 66928 1.090355286365051
4 28 20 13 99820 0.9260356352297592
23 22 7 7 96349 1.0891452947970734
5 7 7 28 80827 0.9924421330351807
23 8 25 16 28476 1.0698474011786947
9 24 25 15 86664 1.0110535232516042
1 17 6 29 64553 0.9523303436977719
7 6 10 24 63694 0.9032331291705985
19 3 19 21 72999 1.023835937751255
13 9 10 0 42357 0.9991056753879535
5 23 26 14 103307 1.0319536623635837
29 23 21 12 65790 0.9350380309411428
24 15 12 6 63843 1.0203201588752941
9 6 10 21 56496 1.0994584296529992
18 24 12 20 42906 1.0436023680818511
24 18 19 8 48649 1.0704025599096856
0 16 4 10 33898 1.0964127969890218
24 26 7 21 79558 0.9327783643262777
28 29 5 26 100844 1.020301090876006
2 1 13 14 81331 0.9923738360031432
4 6 29 9 103495 0.9775208268271005
12 21 24 29 67348 0.9239877283782925
20 27 23 18 40742 0.9764085878088
15 5 25 6 50519 0.9055087293141095
19 0 0 13 104353 1.0814322957753115
21 20 5 22 74851 1.0558100699470327
17 11 1 29 112882 0.990626498623259
27 13 3 19 102283 0.9970582442285197
11 26 6 16 52904 1.0485600036673013
21 24 9 5 100248 0.9924337539666098
10 22 27 26 86529 1.0657465914107904
26 24 7 20 91772 1.0195179571713249
25 29 9 17 92168 0.9834946733998355
1 22 26 11 113981 0.9609458962577474
17 11 0 23 93482 1.0491404328303036
16 9 15 22 56665 0.9081950389924919
7 6 27 13 82247 1.0935461071058437
29 18 29 6 66693 1.0918897176813342
13 8 2 11 54345 1.0877318049736853
23 27 12 15 79668 0.9644258254278146
4 14 19 17 69531 1.040050460481316
27 29 23 18 44220 0.9428020377385055
28 26 1 21 114756 0.9206750338888111
24 4 12 18 79363 1.0208549433591
14 18 6 9 55354 0.9394906357219511
1 7 3 25 71533 1.0315667111626767
22 24 8 2 114336 0.924252661727741
28 8 6 4 95529 1.0443531977061022
19 0 14 21 86365 1.0239318924735157
17 27 15 14 56850 1.0154932252659163
24 14 25 25 31925 1.0041710047197567
28 16 7 7 95097 0.9447281151517946
17 13 10 10 37195 0.970613462059538
12 14 27 27 92669 0.9452240958054503
0 18 15 23 67226 1.048290939638576
10 17 24 22 63957 0.9574709929497662
19 10 6 20 85847 1.0614983277170058
1 20 17 14 80413 1.053583962384918
21 7 17 25 77898 0.9827042874702189
28 5 13 29 118611 0.9604984632382904
9 9 26 7 68937 1.0852127415429618
22 9 3 20 107278 1.0042151831792017
22 29 6 8 109655 0.9760149147773567
11 3 4 6 37554 1.0736477395625552
29 20 19 3 91289 0.9895085803967782
15 5 7 29 99451 0.9564244735999097
25 2 5 11 102664 1.0416640644522048
14 26 22 24 46469 1.0352426470551561
1 20 16 17 68515 1.0447225171362264
13 21 23 4 86149 0.9757667189367369
25 13 16 25 65914 0.95229092648765
16 9 6 29 101009 0.9894024417112242
4 23 15 24 57523 1.025712588127464
26 7 3 10 95838 0.94792911017998
12 1 9 24 92618 0.9404842738127848
14 24 24 18 50771 0.9376837414348624
16 1 21 17 77417 1.053043852377225
24 7 20 26 63861 0.9209777569041456
1 6 29 26 148012 1.0563502362514894
22 4 11 21 97347 1.0501630153751393
22 10 11 17 71843 0.9591067467234395
10 11 0 20 56935 0.9467190331142427
19 24 25 3 76897 1.0406896990026393
27 22 4 4 126064 1.0613587760137018
26 13 2 29 129616 1.0742082497413445
11 17 16 0 75561 1.0184009683602233
23 0 8 6 90588 0.9871583078597177
29 9 22 17 59001 0.9690891370189549
21 15 5 27 101856 1.0987149104149967
19 27 10 26 49714 0.9190655012837938
22 1 5 27 152482 1.0504364496604663
0 15 25 16 89183 0.9492661567213292
22 4 2 23 136437 0.9836015001572621
25 6 8 4 79191 1.0166495833276712
8 9 3 18 47458 1.077929527063659
15 1 15 19 57242 1.08881943883871
0 15 7 21 38847 0.9365974904943812
5 3 11 27 104135 1.0436440291664457
6 23 16 21 53340 1.0038035102659786
19 3 19 19 65206 0.9041099138076907
15 20 20 12 42970 0.9366151263937706
2 11 25 27 113844 1.0848479588725535
27 23 4 17 111063 0.9766998043253996
8 17 26 4 98332 0.9035583729019258
20 6 9 4 56632 0.9804449021805062
12 4 8 24 78520 0.9506431804198859
5 10 20 2 85879 0.926604740830387
10 9 25 10 66800 1.036492777246633
14 26 14 14 32814 1.0938520001119258
21 25 7 15 84419 0.9245312244147691
4 20 15 14 62860 0.9182782403535208
8 14 14 6 42189 1.0815600136567511
23 3 7 21 113838 1.072552354096347
18 6 7 22 90646 1.0147066894254666
11 15 7 8 28864 1.0800394670274887
4 1 29 11 131366 1.0505440814258937
16 11 26 6 55527 1.0665000239019597
26 1 4 26 145684 1.002158986406262
11 20 28 21 72421 1.0369489706606678
3 12 29 18 94683 1.0063265908744747
14 19 28 16 59384 1.0175128631711823
22 21 17 7 69218 1.0555165111460338
27 10 3 3 117199 1.0440773320545278
17 18 3 2 97372 0.9331313658397168
29 6 6 23 132568 0.991871206021772
1 27 10 9 91533 1.031277977784167
1 24 3 13 50947 1.0692506112015512
7 8 17 15 53153 0.9145237629805628
2 25 28 8 137694 0.9615670201484441
16 1 9 9 48977 1.0141431104360503
6 17 14 9 57882 0.9852199738549341
9 1 1 4 50665 1.0194087581958942
19 17 12 25 53865 1.018083107950924
6 3 24 11 91323 1.0710155671981667
12 7 27 16 73676 1.0510006164488797
8 24 3 9 64400 1.0622084396844276
12 16 12 4 50722 0.9759075386801097
29 5 22 14 58041 0.9694086590612639
6 3 28 27 145792 1.0090085110470122
5 12 18 21 74040 0.95365855576278
16 6 28 13 60240 1.0154889878600952
15 26 22 1 112312 1.0976100032694083
26 17 23 25 31326 0.9642164057782999
26 15 15 4 74668 1.0750095519953353
4 11 18 29 97152 1.0962418990021858
21 29 0 27 88339 0.9313322426990587
10 11 12 27 71094 1.0628243287386199
8 27 12 5 79730 0.9078543361986186
26 8 18 17 50399 0.9672062808669556
23 12 15 21 55561 0.9734997714770978
19 2 4 20 118537 0.9630600886196607
0 22 11 17 47693 1.0049620063052418
7 26 25 13 97932 1.0899975987935928
14 2 21 6 44116 0.9280691743475911
3 2 24 29 145425 0.90645448765951
10 14 7 21 33645 0.9952194642403727
12 24 26 13 78938 1.0647988829829802
19 25 4 15 94775 0.912894258343724
14 29 28 25 63123 0.9866974830491808
4 10 16 12 59418 1.0648068508107782
10 26 25 2 116637 0.97702734350349
20 4 7 10 67591 1.0702238816441747
26 23 20 4 79714 1.0005311672473463
19 14 8 21 64457 1.045067305188573
13 12 23 26 77689 0.9321348997605785
14 22 15 12 32170 0.9756120344495768
27 24 6 15 110948 1.073170651156227
19 18 22 26 39195 0.9640916082924543
29 15 12 28 102632 0.9522806379624176
22 26 20 3 87836 0.9525544707644286
8 20 23 29 83019 0.9570074095425842
13 19 22 11 58477 1.059164551353986
20 29 2 7 122683 1.0434349095264992
27 26 11 18 81599 0.9153980380245971
9 14 16 10 42943 0.9952817950354781
7 5 21 20 94448 1.0995971711106531
3 2 18 24 123894 1.0968588234268517
20 19 2 24 85523 1.0605961454732866
5 16 29 27 127181 1.08195346295671
2 21 14 25 52135 0.9344111927460819
16 10 8 1 59219 0.9560247138187544
22 20 17 7 68310 1.0741586707224557
16 12 22 6 50877 1.0863220550917965
22 29 1 10 124757 0.9106990478733936
25 2 9 16 94458 1.0416924922965916
1 0 14 29 123967 0.9418078530580826
18 26 18 16 49619 0.9253571065484193
19 12 19 28 58964 1.0263729667594699
25 7 13 6 53207 1.055639552185005
1 15 6 27 70400 0.9893353801577622
5 27 24 10 118512 0.9719064766560008
4 28 25 23 97786 1.0893232197611231
1 17 11 18 42566 1.0929478248457136
19 7 1 28 129903 1.0490047181502193
18 20 1 27 95908 0.9618723322310105
18 20 18 9 60492 1.0511122786754707
17 21 24 12 48446 1.0559910981370382
15 3 13 26 71587 1.0769431763411461
18 5 7 2 65458 0.9589923373098813
25 12 4 22 98319 1.0272724878223798
2 10 7 26 76222 1.095551287551027
9 19 10 7 46613 0.909973342412175
29 12 9 22 98021 0.9096356256377395
11 23 0 14 65768 1.0163250297975726
6 29 11 12 72346 0.9234509064171356
20 8 23 16 38807 0.9868059547348267
1 20 8 16 36478 0.9912299230402798
24 5 2 27 146574 1.0622501379300406
8 10 4 29 72685 1.097095805143875
24 29 18 5 90680 1.0940602010172966
13 2 16 21 65769 0.9347824448083759
12 13 0 7 43627 1.0542915628853637
13 10 25 14 51259 1.0244757072236514
1 22 6 4 84923 0.9737468457180167
25 25 25 13 36852 0.9870506119394191
11 19 21 12 59173 1.064156644595347
13 0 1 16 87458 1.0676188931957251
28 16 21 0 83099 0.9549584099759225
8 10 4 29 72685 1.0071356315447022
7 1 2 10 57654 0.9404880134989207
1 6 12 6 50753 0.9877727684142382
2 6 25 10 99241 0.9982280206362397
16 28 5 23 71861 0.9736295563255434
12 5 10 16 50126 0.9471852189020076
23 21 7 19 71190 1.0974595466946202
7 0 27 5 112421 0.9862963171524873
29 26 29 15 66105 0.9317871759716405
26 12 4 16 88829 1.083577934607108
3 10 1 21 50904 1.0018854990627237
18 21 2 1 119922 0.9882854750966589
16 23 28 10 89965 0.9985980490208226
26 22 3 20 94357 0.9913018731566081
5 21 1 15 38369 0.903050632145471
4 23 23 29 91569 0.9588598109932434
9 18 17 15 42579 0.9985611969286798
29 15 4 28 134984 0.9345303793235897
5 11 4 28 82000 1.0185577401706052
25 7 7 0 96091 0.9867313466383535
1 14 28 20 109071 0.9629623095461981
29 28 0 19 135411 1.027818809377541
24 8 2 8 84875 0.9004613872349504
13 7 24 2 64034 1.093255646533799
26 20 15 3 87951 1.095271586161318
12 2 1 14 74090 1.085470105993605
14 23 25 2 90001 1.023855421158743
9 8 26 21 89980 0.964692431475995
1 1 13 9 76583 1.0852239385807274
23 19 22 29 37979 1.0231285972755129
21 0 9 10 83278 0.9624515466447221
16 4 11 19 66643 1.0689962069098562
17 1 11 17 77936 0.9217503680713927
2 27 4 16 58004 1.0563877489093059
22 6 3 6 84044 0.9733702194993625
10 12 28 9 84365 1.0203875936122278
0 28 8 19 45469 0.9738204092647312
18 22 10 7 73960 0.9094257284766728
20 10 16 16 35293 0.9014578330834792
22 18 0 17 87579 1.0378268593445497
2 6 9 9 37965 1.0833564100085686
26 4 3 20 125245 1.0319449046090665
18 19 14 12 40440 1.0134868275597158
9 5 23 2 82356 1.0377266850997704
8 5 4 23 69954 0.9333115567909405
14 1 4 11 67662 1.0919141018213285
15 24 6 6 79010 0.9464422946939521
2 6 13 11 57452 0.9514644639828054
25 5 4 23 120050 0.9145849055206473
6 22 29 24 113550 1.032143454047998
20 5 28 26 89834 0.9211120819385001
2 24 23 25 107221 1.082086237365761
9 14 20 3 77227 1.0362671541921942
14 25 9 3 77767 0.9872529013144726
21 7 6 16 85971 0.9849923968915143
24 14 5 0 110149 1.0568505732395566
25 14 16 2 79831 0.9250421006609265
24 11 21 4 36589 0.940593698333893
2 25 18 12 96656 1.0720314674337168
10 4 6 28 87835 1.0264981585748905
27 27 29 1 101261 1.0335955439835718
27 16 26 2 56832 1.0846942461517646
22 20 3 4 115796 0.9751432933858042
14 6 17 14 36064 0.998754215241786
23 16 8 9 66746 0.9922780941930818
24 3 8 16 92695 1.0467392542955152
2 27 26 17 124893 1.0576932021297623
3 15 28 5 111993 1.0607628493337193
17 2 6 6 64775 1.033204408840973
1 11 18 13 61078 0.9227773832844227
2 12 20 14 61459 0.927258671512898
18 26 27 4 97720 1.0268762568773566
26 28 27 3 83559 1.0017916413545989
5 9 8 16 36828 0.9958041793656798
25 20 19 12 41117 1.0673547435190172
0 26 3 9 66712 0.9721710165935818
21 28 14 11 77834 1.0198589505934093
2 5 18 27 125252 0.9195076743853935
10 18 1 20 36922 0.9274960937734623
26 25 17 14 65549 1.0406999069671306
28 27 7 20 109779 0.923400833561988
14 18 29 9 80959 0.931429309638085
23 12 6 8 66313 1.0268489487625048
13 5 29 2 90419 0.9999278806531386
10 20 21 1 102566 0.9336962334932731
24 14 29 9 38798 1.0954535572225137
21 9 7 14 69046 0.9624506074149808
28 0 16 29 120048 1.0205763636011356
16 3 14 29 82655 0.9877525630787969
9 9 3 14 34925 1.0089291634557551
20 18 25 26 38179 1.0613327842594613
7 1 20 19 98097 0.9350703401103222
28 9 7 6 87255 1.0758799257963476
2 24 8 2 89500 0.9350660582125643
18 20 11 17 46361 1.0444950868743046
26 15 3 13 76839 1.03223666266218
22 24 7 11 90696 1.0462256031908312
28 27 23 14 59092 0.9223356542786778
14 6 5 21 72127 1.0697601778726629
26 4 17 22 85296 1.0992646947067426
25 29 9 6 114215 1.0149668337756843
1 24 12 21 50920 1.0831053621651032
27 24 7 20 97371 0.962489491221123
8 11 12 23 51212 0.9573259681430004
23 10 26 22 45135 0.9341210808401611
4 9 8 26 72020 1.0069973055652306
25 22 13 18 54501 0.934709339378168
6 7 12 18 53865 1.0844765695019492
12 20 21 13 50806 0.93523394864759
23 23 17 18 41272 0.9962317874994815
22 12 8 22 76639 0.9415624706387354
25 5 26 22 57983 0.9645657750010217
21 1 29 15 80105 0.9300237442982343
14 10 27 22 75222 1.0426959187936435
22 27 23 9 59695 0.9754470510803362
25 11 22 28 59552 0.9590201169835216
26 7 4 8 83865 1.0708416697416359
25 21 12 0 99125 1.020840365210581
9 24 20 17 62434 0.927566576990147
19 23 22 5 77162 0.9442242843664671
28 9 10 24 109211 0.9677186852451912
19 6 25 21 60053 0.9524811961364047
5 27 3 19 38379 1.0221666019631879
18 5 16 18 64406 1.0641102382474208
16 8 2 2 73568 0.9616138167719949
19 11 2 7 80959 0.973757911907967
29 4 4 17 132523 0.9746086670685832
1 28 28 29 110854 0.9245902352624482
25 28 3 21 100122 0.9798200336999168
7 14 13 19 39059 1.0817578306912525
0 19 23 18 89203 0.9207308237148962
14 20 5 16 48302 0.9567021534324408
25 4 25 26 62965 0.9685595849700417
20 20 0 7 92035 1.0050157736680927
26 1 15 21 90349 0.9819770209651382
6 11 24 0 105604 1.043019759489684
10 8 21 2 63751 0.9270182076563215
5 7 14 1 56223 1.0814588220494017
24 9 7 10 69434 1.0110814791089922
8 2 5 18 63437 1.052619168570259
25 19 7 1 111034 1.0982715901132263
19 22 11 3 93543 0.9961334914966066
8 29 7 16 44432 1.0495433636847735
7 13 27 11 73150 1.0265481932987015
22 13 12 11 36183 0.9581502586676311
28 29 12 8 112603 0.931513308139383
5 17 12 8 58802 1.0895429818530624
11 22 25 9 87149 1.0578059586811792
1 24 11 12 74508 1.0674439201736894
13 1 19 26 95986 0.9108243539629286
24 3 3 4 109788 1.0996973008267337
21 23 11 14 66425 1.0318964452016188
6 28 25 13 108640 0.9190031492767615
16 8 27 16 64643 0.988750362099682
21 20 10 28 70419 0.9796443538632487
28 25 16 12 79712 0.9704761355022161
26 16 23 25 33412 0.9760936337543229
22 23 1 8 115066 1.0525583983997797
15 1 29 18 97219 0.9787890487970229
19 11 5 29 107313 1.0266850875840907
23 18 3 6 101545 0.966417844148876
9 15 4 1 64793 0.9921354961463894
7 20 20 6 89594 1.0883618310227618
1 12 1 26 54738 0.9622483249519008
19 20 3 20 70393 0.9930102413484989
7 23 25 2 119119 1.0511086802996468
24 2 11 2 68484 1.0502108883705525
10 4 1 15 60604 0.9235801465016191
16 28 15 12 58116 1.085329678848318
15 8 19 20 63029 1.0194557162011701
27 29 11 15 97142 0.9486959553934198
14 10 6 5 43540 1.0000145093722952
15 9 21 21 63692 0.9375966952722524
12 10 16 19 41790 1.0500977746873703
2 3 9 13 55547 1.062166927102849
10 4 22 10 65736 1.0503535357480298
23 8 3 0 103958 0.9492367194075868
22 8 4 15 85432 1.0473549708197585
2 3 0 29 83071 1.093054337744356
8 29 21 12 96424 1.0213966464179687
14 5 20 0 44397 0.9541847316267785
18 0 29 28 132500 1.0733813002397279
28 11 17 21 66487 0.9262497291530564
6 11 2 26 79659 0.9104503627925112
18 29 3 7 108494 0.9283578947789164
25 29 2 18 114947 0.9611309381754451
13 24 28 21 66705 1.0436913019933762
28 26 25 19 40468 0.935090033537211
26 9 14 16 60926 1.076094936366714
17 13 9 20 51812 1.0266473511241923
28 8 3 19 119633 0.9111970376909287
24 3 27 18 53502 0.9453419167426358
16 4 8 0 53069 0.9800170115483519
18 9 2 19 96904 1.0498402065976038
11 25 13 6 70006 0.9688494797357748
14 5 18 27 83235 0.985986814638637
15 24 26 23 65703 1.0509581927089076
26 17 14 28 72716 1.0403432064229934
23 24 20 13 45297 0.9498318568040618
4 27 27 0 159217 1.0238062536371153
21 13 8 12 42251 0.9042592912558065
12 12 25 6 67841 0.9934349471652213
14 2 17 17 61107 1.0802784468603963
0 15 20 7 86284 0.9695537273054247
12 12 9 5 43913 1.0913480998537857
18 10 24 15 36381 1.0114970899108746
24 22 16 3 91796 1.0744441403917357
10 8 21 16 56572 1.084308141181461
23 2 16 19 84297 1.0869993734294445
9 11 0 14 30123 1.0536676975435904
26 27 13 8 90304 1.0465788414397843
6 27 1 0 113716 0.9905289036960387
21 12 27 8 38106 0.9420047096838626
25 21 11 17 62672 1.0368949335959432
0 28 9 5 94798 1.0896276129956386
24 26 20 15 43723 0.9496589179401991
24 5 3 21 113166 0.9196375880470035
9 11 22 5 71734 0.9612871706138526
3 12 19 13 49609 1.0732898393096497
29 1 25 21 73753 1.0219470972982418
8 22 18 5 89862 1.0615839430524097
3 23 18 28 83513 1.0322167140898615
3 1 10 24 97985 0.9818287306112203
9 17 26 5 97446 1.0236402921667354
22 21 5 22 70717 0.9074361952259553
3 11 10 2 59422 0.9280338603171528
4 28 1 17 52211 1.0487944916822116
15 24 0 8 83391 0.9491547056147006
4 22 3 4 79836 0.9350312162808194
26 27 8 11 95211 1.0767174272531885
0 3 28 15 117122 1.0334125390990865
26 18 4 3 114376 0.9667281581660998
20 13 18 0 60442 0.9902829260339754
23 17 18 10 42583 1.0004206255570678
12 0 3 19 101619 1.0759707416308697
17 21 2 10 83671 1.0696348213038327
20 10 10 23 72096 1.073912143299816
24 19 27 4 56326 1.0668744777217396
1 13 21 1 104791 0.958829260831614
24 24 15 13 54208 0.989736473532477
12 16 23 7 64059 1.0450281596088038
28 20 23 13 40013 0.904141362205986
17 12 1 24 98910 0.9892583733577401
13 23 2 1 106187 1.0465443440131708
6 2 19 16 92795 1.011925078192244
28 9 26 28 77662 1.0336920348918324
4 16 13 1 78887 1.0778673138314907
16 17 11 6 57843 0.9097401289306792
27 9 13 16 71226 1.0090048162069616
19 11 22 4 41726 0.9750031211778456
11 1 10 21 81301 1.0349493279128643
28 0 10 18 111090 1.0932280997242303
12 21 20 9 64317 1.038649923074486
7 6 12 1 37268 1.0866272975997877
12 27 13 17 38010 1.0086153560259576
19 29 27 21 48668 1.0471228498069078
17 5 27 24 97485 0.9579223412618436
9 22 1 0 94119 0.917362117843824
21 17 6 4 90513 1.0505314350802772
0 23 26 13 108960 1.0717031344285115
2 11 12 29 91317 1.049486669042584
8 2 20 22 99513 0.9783709382177681
19 24 1 15 102894 1.004779805119425
11 14 7 27 59044 1.031626348281228
4 7 23 16 86564 0.9632917262107006
23 3 27 11 40813 1.0610559078130315
6 5 28 13 92718 0.9520381698303205
16 4 8 9 44760 0.9756382352707574
3 5 27 9 100717 0.9011261618159092
23 1 11 27 131106 1.0058422022377314
4 27 17 25 70132 0.9923822484629068
18 12 12 4 52702 0.9111437900175468
28 25 17 21 53076 1.0606090931371017
24 4 16 0 56486 0.9895433843634261
7 25 25 29 80341 1.0796657849310136
27 29 1 26 108840 0.9098442265452868
10 19 9 0 70051 1.006285640704099
20 18 2 28 99856 1.0935659077514226
29 5 7 18 114408 1.0593268249150785
3 16 29 27 134617 0.9061104716033335
20 29 13 4 94411 1.0292879433847304
11 5 16 15 50192 1.041117266872699
6 24 27 9 121352 1.0868833725936895
16 10 19 29 82992 0.9315257478818084
12 24 9 13 47608 0.9737712026183349
21 4 17 24 87987 0.9065724098917288
10 19 21 5 85517 0.9187814404809126
16 25 25 10 77045 0.9764813343486174
7 2 28 10 108348 0.9196383610382628
13 4 10 25 78654 0.931654414501968
26 13 18 22 51362 1.0983590411076334
23 22 18 11 54721 1.0856226184121178
26 1 8 20 110155 0.9177086902217584
25 0 5 2 103602 1.0460250306143957
16 21 28 0 98188 1.045991464459275
1 17 2 28 47387 1.0279614632930605
19 3 7 27 125026 1.0048381210026618
26 25 12 12 86268 0.9491171961747549
28 2 3 19 141742 0.9372090522598681
5 4 16 24 102562 1.001687859194356
16 23 26 3 94510 1.035858051852524
6 0 5 15 72611 1.0185197146805123
18 11 9 7 47955 0.9683204794308076
7 29 25 22 87153 1.0229041189513106
3 12 11 7 42435 1.0967858308105016
28 13 10 17 72933 0.9735117639113653
1 24 2 9 63139 1.0401435993294545
10 7 0 22 71772 0.9228243070824889
1 10 19 10 84542 1.038237124826155
28 5 22 24 78817 0.9718754175988971
25 4 28 12 39677 0.9811383213799558
13 25 27 13 77671 0.9214935283880484
18 29 8 19 65361 0.9438974489357714
7 23 1 5 82894 0.989238904568619
23 27 6 20 94478 1.0032227056906886
8 19 21 12 68620 0.9920660123934557
0 6 15 20 78102 1.0702121878779245
4 7 26 21 106369 1.0881746985557548
1 1 20 12 96898 1.0124374905109246
16 22 3 19 62081 0.9508889584475584
29 15 2 15 103607 0.9625758145406308
3 27 23 21 103772 1.009026821988042
13 17 1 22 52608 0.9466524848633996
26 1 26 23 75051 0.972367179840222
27 29 8 11 106979 0.9389951279972912
15 22 16 3 71218 0.9832414227805596
9 11 16 16 43583 0.9269913853424612
26 7 6 1 102536 1.0502969001056135
19 4 23 11 42440 0.916314558683674
27 29 14 14 86484 1.0448368720870078
9 9 14 16 41750 1.0133884146453012
3 19 19 27 87114 0.9389227023307745
3 3 25 1 110511 1.0639656710510907
22 17 10 6 71766 0.9229923835148396
17 1 0 0 88182 1.0561791422328177
16 24 24 1 98962 0.9274542424527028
14 25 20 6 74149 1.0048700821824523
25 27 10 1 118417 1.0781476287176457
0 10 8 22 54456 0.9366586771327582
7 26 27 26 94474 0.9113397413010297
23 17 0 19 93782 0.9893877078788811
13 0 17 10 47448 1.0722874291910718
6 24 22 27 88552 1.043875421234991
9 1 21 17 88042 0.9631431029728467
18 20 3 22 69067 0.962037833271601
1 14 18 7 76622 1.0570355130441031
23 13 5 29 107562 0.9648956045610325
5 18 4 1 83755 1.020204989843123
17 18 13 3 56547 0.9367816575340191
10 9 17 15 51147 1.0644225688670088
0 7 16 24 92347 0.9932350911853317
0 16 8 3 60075 0.9747758135295355
28 27 6 10 122946 1.031873845174268
28 7 22 28 81704 1.0179506384570423
12 5 26 19 85819 0.9503897429732883
22 23 4 24 88314 0.9743161086658407
29 26 3 28 112736 1.0810457893083871
21 29 3 26 77976 1.0913546057395338
2 6 18 28 122593 0.9720592300724482
18 15 15 27 57774 1.013939439694732
12 7 19 29 85380 1.0838589776662901
23 2 9 9 81375 1.0717839786231913
9 18 29 23 92029 1.095484138497413
10 13 2 23 57996 0.9266254165158504
4 3 27 22 129732 0.9488379334962553
27 19 4 15 101114 1.0337219110539557
3 21 15 9 76731 0.9160764298698535
18 27 19 13 63159 0.9493622241583974
16 26 25 20 54672 0.9364299147929988
14 6 14 25 51248 0.9249795047502142
12 28 2 13 80706 0.9276957578642635
2 11 23 16 83754 1.0431744988182814
2 29 26 16 124005 1.0399140074767594
24 5 21 20 56529 1.0167621131832127
5 14 20 21 78208 0.9849126309448548
1 1 14 7 76897 1.054243223416618
11 9 21 0 73090 0.9018242361433506
20 0 9 6 69360 0.9785519990167648
29 2 7 7 110328 0.987410391619167
5 12 21 18 73485 1.0974115850130397
11 11 3 14 35429 0.9589977997709236
5 15 9 22 42687 1.0806239099998758
3 19 21 6 111059 1.016921421167251
17 13 23 28 64062 1.06196092124447
10 0 2 15 77145 1.0407831238683756
25 19 14 18 40799 1.0871571951024495
25 16 11 27 87555 1.0435804452834636
28 9 12 22 98695 0.9942964386359833
2 27 25 6 143676 0.9378984215873962
3 6 27 17 113263 0.9948969089643384
23 1 8 22 120183 0.909826618474438
18 7 4 11 68295 1.067673515570823
25 2 15 2 51888 0.9272074044211618
24 2 27 11 38601 1.0252591867963212
23 5 23 16 39759 0.9788043207960518
20 6 8 17 77120 0.9855502540375458
13 10 7 21 55484 0.9272269069562686
18 29 17 3 102241 1.0630507290433366
11 29 26 29 57601 0.9101083569293963
29 21 15 1 106885 1.0315523498122081
20 16 11 7 51218 1.0059236401412073
28 6 10 20 102140 1.0835117962158125
14 5 22 28 98722 0.9258241725508113
12 4 21 3 54887 1.0601460075662854
24 18 16 24 47824 0.956525513409716
26 8 7 5 78496 0.9043520260336197
23 9 29 24 70049 1.056496229926062
8 22 9 6 51817 1.0855231766623252
18 17 18 4 62034 0.9686483824966441
7 17 16 19 42187 0.9568327750832196
4 28 3 12 69917 0.9432814800416344
9 4 28 26 128498 1.005986748171764
27 4 14 17 82485 1.0064880648495849
29 10 18 20 78995 1.0218075648778513
2 15 27 2 119264 1.0700295322833326
4 17 18 9 86333 1.015687934630039
29 10 14 28 104787 1.0300801802464281
1 11 15 19 67777 1.0156089733226499
10 29 3 26 35554 1.033994261463283
27 6 13 11 66888 0.9718239684689353
23 4 9 7 69177 1.044692817972011
2 29 14 22 68368 0.9211591767890873
6 19 3 4 76822 1.0170909452487753
18 18 24 25 35730 1.0132728770540895
3 16 8 22 35282 0.9101429128921348
22 14 7 12 59229 1.097384484328062
23 3 12 24 108045 1.0965306564166355
29 0 8 15 114858 0.9010241757573231
11 18 25 8 72628 0.9595849862480211
7 17 1 2 77003 1.0902333847001797
13 5 9 14 44862 0.9180614146558178
14 16 9 10 37217 1.018568386670195
3 19 18 28 85558 0.9485823296563067
25 22 18 10 59126 1.0419723017545266
19 19 3 0 116739 0.9745072941612105
5 27 8 11 64605 0.9743849976053579
9 5 11 15 42184 1.0416296599088182
6 28 22 9 121071 0.9654862289159416
16 23 19 8 68698 0.9581409968998912
5 3 6 15 65807 0.919110846811861
27 11 7 19 94520 0.9838965514037189
21 27 12 20 59661 1.080455400117331
8 8 16 1 49351 0.9172557595277789
29 9 10 14 85999 1.0314380745503313
21 14 9 5 66902 0.9367696098960007
27 19 13 4 89398 1.0995843446255038
11 21 13 13 31337 0.9924462037201198
28 15 19 18 43789 1.0162965004111915
17 29 0 15 99891 1.0275075918956829
22 9 29 28 83644 0.9915288920743897
27 13 18 18 40884 0.9859856857929992
18 22 1 29 96698 0.9511329306173637
19 13 19 25 47964 0.9800335507758485
24 8 12 13 53063 1.0629759758282005
28 21 5 24 101129 0.9691209967502895
27 27 17 11 82232 0.9992810456464994
26 7 0 11 97739 0.9737367270512454
10 6 18 2 52855 1.0813508867567447
13 11 16 18 29484 0.9843027258500816
14 8 15 26 53998 0.9439357697085542
21 8 1 10 84207 1.0231934144318977
21 7 15 2 50150 1.0248921738377827
2 13 7 28 68490 1.040483523136133
8 13 17 4 59921 1.052948308977574
27 10 19 15 48526 0.9354790471509633
19 3 2 26 141361 1.0848022623059628
26 28 10 19 88125 1.0389453348535096
21 24 8 8 89895 0.9976913703206357
25 24 12 7 86664 0.9982221578159498
21 3 21 24 82512 1.0552031544111014
29 28 13 18 89846 1.038898287020909
1 23 12 22 51053 1.0874396534814708
9 9 23 3 77369 1.0401737484063451
14 17 3 15 51981 0.97585007032222
3 11 9 18 39043 0.9659323209696661
24 28 10 14 89257 1.0213087441033468
11 7 20 9 37615 1.0841961745879118
28 12 4 24 113464 1.0901669248443364
4 26 5 4 101487 0.9625861410411793
25 2 5 6 96230 1.0251244620033764
2 21 25 12 98773 0.9479241355371526
25 13 2 3 106910 1.004397177360711
7 23 2 10 67980 0.9546640173702876
1 23 23 12 103901 1.0978248627722105
14 5 19 16 51335 1.006817077909939
29 5 10 26 127726 1.089883261513823
4 11 6 1 53743 1.0889914816784076
5 0 4 22 100246 0.9830995549212229
13 8 8 26 71989 0.9908233213870556
0 7 12 2 69320 0.9532108727512407
23 28 7 21 87831 0.9784158453293262
7 27 5 10 69317 1.0230934142789538
25 0 18 16 63629 0.9849305120873764
17 8 24 23 67050 0.9027437304758504
7 23 22 13 79383 1.0074358139903639
23 26 13 5 95389 0.9635933512595702
15 23 21 10 66075 1.0195373756239436
23 19 6 0 120270 0.9930183455515482
5 6 12 23 79348 0.9635183224257591
23 5 11 16 81799 0.9878520686707979
18 13 29 15 46039 1.0137202268937826
8 18 7 7 37654 1.0368070706403745
3 20 8 5 66654 0.9389364914978214
25 18 18 14 41128 0.9552555400800183
1 2 9 11 61789 0.9658553929880398
5 2 9 8 40576 0.9588658662792743
4 24 14 3 94026 0.9408046441755338
15 18 5 17 42460 0.9631839728808254
4 6 9 0 40264 0.971427679267863
6 8 11 20 51273 0.9144162195299695
27 15 1 10 101547 0.9147271957417249
15 20 28 29 77824 1.0144558210185621
19 17 25 27 49452 1.0394351832456312
27 14 20 0 74582 0.9678472755235832
27 24 19 22 47969 0.9707166388121838
