7189 5803 6636 7171 7815 6176 6878 5391 5664 6213 5827 7491 6309 7418 6844 6189 6242 6602 7820 7271 5556 7782 6254 5927 7895 7960 7538 6835 8011
6615 6992 6659 8023 6884 6437 7291 7354 5980 8341 6405 6179 5890 7924 8481 7332 6160 7948 7323 7567 5983 7681 7470 8111 7110 7934 6018 6534 7413
2749 2795 2516 2553 2788 3437 2844 2855 3475 4245 3686 2913 4317 5050 3452 3756 4361 4254 3367 4408 4556 2878 4376 3420 4294 5470 3565 5400 3888
6386 6299 6656 7812 6683 7391 7680 7610 7015 6433 7500 7835 6122 6090 8264 7174 7929 7222 6864 8075 7548 8165 2046 1874 3869 2486 3845 3928 2566
6931 6133 4838 7322 5697 6423 7351 6565 5473 4990 5833 6057 6384 5834 7259 5413 6867 5959 5457 7297 6567 5759 7215 5425 7329 6119 5961 5028 7429
5631 5874 5105 3854 5762 5740 3562 5270 4090 5505 5652 3726 5013 4078 4850 4839 3726 4600 5725 4574 7152 6013 5895 6964 6216 6722 8251 7230 6131
4633 4028 3716 4097 3048 3869 3584 2233 2496 3392 3120 3242 4076 3048 2264 2233 1796 4085 3463 3866 1797 3791 2242 2680 2469 1866 2008 3697 2526
4704 4287 5256 4550 5061 6805 4491 5402 5796 5324 5918 4599 4360 5663 5707 4964 6697 6053 4900 6454 5803 4667 6728 5165 4725 4479 4652 4287 5495
4068 4232 4568 1707 1521 3013 2066 1300 2827 2277 2264 2751 2161 1527 2443 3718 3611 1984 2545 2103 3092 3521 1501 3297 1642 3483 3154 3053 1676
4840 3348 4159 3456 4432 5016 5183 4530 3890 2531 4002 4260 4102 2411 2571 4279 4333 4838 4330 3374 3140 2340 4136 4475 3947 2764 4244 3532 3643
6753 6161 7164 5545 5750 6479 6431 5774 6491 5750 5839 7176 5214 5881 7288 5172 6142 5406 7448 7416 6416 5535 4952 5121 5985 6717 6259 4908 6043
4160 4637 3892 6524 7886 5776 8025 6877 5859 5562 6979 6902 6844 7540 5789 5655 7152 7532 6797 7390 7255 6175 8099 7458 7539 7231 5911 5806 6034
7322 6441 7484 6958 8016 7402 6907 7423 6888 6214 1806 1903 4102 3923 1953 4147 2332 2153 3306 2269 2591 3781 2683 2483 2216 1897 3006 3509 1915
3885 4425 6030 5848 5992 4708 5235 5508 4473 5931 5800 5280 5750 5913 4555 4019 3899 4631 5229 5039 4603 4036 4694 3691 3126 4854 3745 4105 5235
1309 3480 2658 2731 2822 2628 1471 3145 3336 1668 2218 3548 1734 1473 1318 4067 2760 3672 2166 1845 2243 3719 1880 3183 3210 3518 2253 2153 3430
5020 3755 3474 5369 5303 1958 2473 2873 2662 2384 1970 2100 2797 1676 2610 1234 3706 2545 2849 3455 1183 3787 2864 2139 3084 1443 1459 2643 2868
3786 2597 4366 2508 3296 4148 2931 2747 2792 3976 3757 3430 3674 3811 3143 2474 2625 3059 6295 8012 6324 6763 8103 5601 7071 8099 7126 7095 7738
7870 7005 6277 6650 7500 7066 6600 6430 6208 6479 6733 6884 7711 7535 6173 7476 6239 7508 6762 6471 5651 6607 5734 7142 6892 7329 6671 7231 7644
6388 5767 2633 4783 4273 3044 2746 4120 4508 4460 2614 2252 3267 3497 4745 3893 4773 2918 4108 2979 3233 2409 4735 3188 3078 2230 3609 4670 4380
7262 7305 7304 6016 5684 6810 6884 5897 7112 6264 5975 5701 6394 5412 6957 6472 6431 5014 5470 5823 5259 6691 5179 5132 6195 5801 6266 5734 6918
7746 6835 7007 6289 7180 5797 7079 7579 7385 7491 7461 5540 5474 5744 3580 5786 3843 4806 4562 6073 4740 6089 5275 5895 4861 5593 4181 5950 5922
7770 6129 7759 7097 7980 7762 4235 6158 5612 4260 4793 5988 4797 5424 4191 6467 5048 4361 5193 5083 5518 5659 5219 6565 4401 4192 5248 6550 6066
3318 2537 4018 2491 4023 4432 2373 3774 3497 4068 2512 3904 3180 2272 3573 2939 2910 3894 3259 2987 4321 3207 2792 4406 2754 3089 4009 3309 3638
4224 4259 4497 4064 5852 5367 5598 5635 5424 5233 4487 4889 4321 4110 6109 5797 6229 4950 6462 5371 4256 5806 5700 4837 6203 5451 4497 5067 5794
3891 2951 4156 3612 2806 2742 2902 3714 1748 1837 1854 3420 3343 2740 1194 3554 3134 2123 1167 2272 2058 2038 1453 2126 1839 2515 2761 1822 3278
6053 5043 5566 6715 6392 5358 4690 6194 4564 5645 4962 5249 6531 4860 6230 5602 4871 5789 5068 4649 6878 6799 5147 6469 5700 4982 4284 5381 4526
4814 2783 4073 3780 4512 3736 5018 2680 4769 4471 4949 4184 3775 2812 4418 4915 4174 3294 2876 4414 3883 3466 3697 3034 3562 3105 4082 3633 3815
6007 6503 8119 6689 6015 5950 6405 6902 7354 7530 6137 2602 2678 4753 2869 4843 3074 3593 3433 3365 4223 2429 2675 3109 3867 4684 3196 4150 3466
5473 5821 6128 4194 4354 4119 3986 4488 5508 4289 5749 5334 4897 4334 4241 5461 2720 2842 1279 3114 1306 3366 2460 1904 2258 3599 3659 2515 2735
5391 4264 3218 5169 4827 5177 3517 4563 3225 3585 3355 4623 4868 5464 3887 3762 4016 4818 4643 4522 3363 4342 5272 4045 4689 4011 3979 3901 5470
3034 7903 5856 7118 7633 3395 6522 3692 2741 6650 4641 6091 3568 5707 5668 7132 7675 3157 2618 6280 4324 4327 3415 5297 3549 6972 8056 6804 5916 4876
2999 6646 5371 6880 7977 3134 5754 1642 3998 5128 3923 8243 2989 5096 7503 6453 6366 2678 3544 6024 3248 5201 2793 4612 2455 7409 6427 7573 5854 3085
3429 6819 5997 8018 5821 3706 7463 3245 1881 5672 5360 7215 2580 4534 7036 8128 7005 4914 1556 5978 2865 3960 4071 5174 3916 5880 7502 7844 6601 3222
5148 7480 4552 7923 6026 2431 6144 1822 2043 5419 3045 8235 4493 4061 6010 7017 6322 4540 1523 8258 3391 4475 7121 4604 3238 5721 6300 6792 4940 5736
3814 7611 4771 6786 8275 3336 5024 1321 3107 6657 1952 7062 4262 5005 5442 6573 6253 3763 2267 5977 4242 4076 5507 5171 2773 7666 6918 7458 7082 4149
5108 7799 4040 7567 5916 4366 6848 1353 1847 4577 1607 6895 4246 5916 6023 7222 6411 5234 3376 7304 2663 4642 6493 3888 2827 7310 7019 6039 6423 5054
5201 5813 6282 7721 7290 4115 5908 1813 3166 4632 2790 5378 2441 6328 5908 6589 6640 4676 2877 7043 3873 4520 5810 3647 3931 5717 6596 8378 5562 5764
3273 7862 4786 5795 6280 4052 6147 1106 3175 5958 3544 5460 3707 4245 6265 7530 7748 3968 3181 6415 3612 4696 6153 4910 3105 5844 7577 6033 4713 5536
5236 8050 5669 8165 7947 4840 6359 3402 6748 6850 3880 3567 3358 4414 2646 6128 6762 5178 2648 7185 2594 3569 5741 3796 2450 7749 8047 7311 5047 6109
4097 6062 5364 6541 7575 3824 6447 2381 7027 6068 2127 3641 4069 4463 3458 7424 6649 5191 3663 6083 3600 3360 6674 3651 2186 7002 6034 7901 5870 6011
4831 6643 6303 7419 7683 2782 5615 3526 5175 5667 1805 4901 6586 3880 3305 7599 7293 4640 4188 6556 2732 2906 5754 4472 3757 6160 7748 6745 6858 4855
4639 5704 4470 5302 8313 2874 6249 3103 7226 4380 3336 4770 6370 4884 3061 6771 6905 2949 3223 6869 3276 4225 7470 4744 3563 5468 7962 8203 5433 6009
3065 6222 5492 5358 8362 2979 6837 2756 5272 4042 3061 3617 5363 5502 4689 7069 8115 3489 5207 8433 2792 3088 6217 5802 3935 7691 6320 6124 7050 3615
3838 6055 5251 5718 7676 4150 6606 1730 5163 4979 3243 4386 4820 5665 3930 6225 8354 2974 4894 6840 2968 4211 5436 5985 4032 7256 7335 8089 4764 4736
3621 5883 6022 5852 8032 4657 6417 1215 7386 5356 3448 4954 5930 4395 3927 7675 5829 2746 3981 7777 4236 2885 6370 6218 3319 5614 6182 7972 6147 5444
5343 5599 4209 5510 6368 4077 5138 2322 5616 5668 3797 4544 5057 5778 4910 8283 5092 2980 3322 7746 4391 3752 7290 5444 4335 7487 6426 8267 6484 3745
3663 6456 4975 4663 7753 4773 5305 2395 5517 4262 2959 4603 6268 4981 4637 7850 4843 2783 4774 6192 4843 2749 5198 4317 2965 7780 7977 2477 5623 4530
2850 6866 4875 4421 6388 4596 4004 1585 5815 4153 2383 3588 5861 4442 3766 7968 4396 3354 3458 6942 3951 3110 6109 4926 2661 7279 6139 2821 5786 4640
3524 7335 4237 4005 7257 3403 5086 1121 6961 5205 1435 4462 5943 5858 3197 7468 6349 5342 5106 7795 3747 4853 6077 5125 4038 6462 6211 2204 5113 3575
3995 6546 3956 4584 7828 3030 5569 2182 5896 5372 2415 3788 7232 4916 2637 6123 6317 2886 5211 6737 3664 3513 5671 5636 4015 6303 8054 3839 6362 5541
5026 7774 4650 4532 7722 2905 5467 4670 5688 4559 2602 6058 6978 5647 2584 7298 4108 3440 4375 7640 4902 4493 5067 4479 2320 7040 7819 3256 6143 5973
2976 7117 4931 3764 5090 4973 4349 6404 6920 4283 3232 3522 6103 4107 2783 8358 6141 4235 4518 4654 2987 2816 5107 4704 3765 7434 7211 2699 4627 5417
6172 8121 4966 3916 5361 4541 5090 6868 4980 5020 3860 6023 5534 5715 3285 6674 5332 3562 4118 4891 4887 2481 6979 6085 4337 7276 5865 2652 6319 4271
5108 7404 4666 5014 5166 3783 3418 6522 5075 4785 2254 3945 6416 3940 2854 8109 3976 3193 2754 6075 4723 4718 7028 6283 3034 7859 5888 2821 6513 5935
5445 6873 5282 3984 6416 2620 4918 5387 7536 5280 2309 5423 5784 4807 2620 8064 4617 4271 5068 5859 4235 4201 5918 4121 1746 7631 5777 4356 5409 6093
5699 8072 4273 4673 5446 2831 3768 5311 5538 5115 2847 6026 7232 5881 4022 7244 4893 4110 4119 4656 2462 2530 6510 5659 2219 6730 8080 4239 5032 6096
6097 5324 5350 5509 5288 4468 5645 5472 5145 3308 2144 5385 7179 5451 2779 5923 4873 3507 4048 6431 3225 5026 5018 6231 2174 1928 7050 2146 6918 3965
5291 4621 4626 5691 6486 2528 3531 6857 5184 5813 3442 5170 6908 5656 3116 6953 3768 3640 4962 4435 2494 4027 5855 4515 3780 2034 6928 2583 7178 4489
4978 4227 5378 4975 5485 4161 5307 6647 7169 4999 2306 5767 7363 3930 3770 7187 4565 4145 3089 5878 5077 3425 5278 5977 4833 3018 6438 2912 5488 4823
5 4 14 17 60310 0.9101102344917008
1 22 27 0 143349 1.0286638581807368
18 16 19 0 66514 0.9892300891219075
24 8 23 17 26017 1.0265719373217759
17 17 19 27 38045 1.0378893382478513
12 23 2 19 44052 1.074812557731116
19 9 19 19 46234 0.9434390302687989
2 23 17 28 66900 1.0250055474125208
16 8 2 6 36686 0.9488292139213347
18 25 29 22 44148 1.0624583994284595
29 25 6 2 119185 1.050587984539021
0 2 12 26 95016 0.9537064514595575
4 5 16 18 64902 0.934480561305469
24 10 24 23 30350 1.013674766653176
12 12 18 26 58372 0.9368541103675456
19 11 1 11 65741 0.9123411951711617
24 12 2 15 88827 1.0826427267106307
20 14 29 6 50801 0.9237382458945144
28 21 7 12 88565 0.950507233286944
5 13 3 25 49888 1.0474197658421278
7 2 27 8 88171 1.0774306470836112
21 28 19 5 85175 0.903335520710761
17 25 28 18 54410 1.0894545489283123
19 14 7 15 51499 0.9620068827408417
7 8 21 20 76707 1.080197749154184
26 24 10 26 66544 0.9001870033663509
20 14 9 20 51256 0.9556917075099689
0 13 11 5 57225 0.9125475865375046
7 21 26 14 79786 1.046512081777232
10 15 13 25 45230 1.018922647058225
20 7 27 25 70419 1.03521483581218
26 28 18 12 63570 1.032936984330482
0 22 26 15 109306 0.9023117304391004
1 2 15 22 86113 1.0694967083031264
10 21 21 19 47555 1.0828740166429252
0 24 6 18 36597 0.9916620182309813
15 14 22 6 39321 0.9336519267307131
25 4 21 25 69968 1.0428408177578918
6 7 24 20 78689 0.9332948839560304
1 0 26 17 111930 0.9680289808361484
21 27 12 9 77229 0.9922036132565041
24 17 12 15 47463 0.9158125718889841
1 18 1 4 62207 0.9436710540508126
10 7 1 10 30941 1.0743472941752943
19 6 9 0 52918 0.9560332274462615
17 4 7 3 50255 0.9852215938523907
2 15 28 10 94295 0.9214470868238775
25 18 18 15 37158 1.0942176863862922
16 8 24 5 34534 0.9895172927893999
9 24 23 18 66130 1.0177855754805072
10 8 4 19 54945 1.0734777639695292
21 27 27 15 48329 1.0497453670434829
16 28 9 16 59632 1.0576734992269183
19 26 10 0 99001 0.9273750195754302
14 4 1 2 53988 1.0569959417396486
2 22 20 25 69982 0.9010107078588807
5 20 5 5 52632 0.9256075042520916
9 7 19 22 66852 0.9400423722606857
9 15 28 18 80181 1.0740814053718186
14 5 9 19 53386 0.956227441587705
1 27 22 29 101757 0.9798645037878152
12 0 4 15 80563 0.9031491020571213
23 12 27 27 48980 0.9956358960166245
22 9 7 4 58943 0.9165225947762824
6 8 16 14 44637 0.9362346249864433
26 29 10 3 116888 0.9206632716427648
28 13 23 27 47926 1.0181184329439061
1 6 23 19 97447 1.0284995767180676
26 25 4 2 121016 1.0635203759169363
12 28 26 23 60383 1.0815760009851372
24 5 26 26 56051 0.9258799970839281
10 21 0 8 60859 1.0369886547528797
17 18 7 10 51178 1.0602085680616635
27 0 16 1 54341 0.9484870081790044
24 14 1 20 87852 1.0199836566985347
21 21 29 12 51186 1.0563091231388568
23 0 23 12 46155 1.0414183549314875
3 15 27 22 109393 1.086596703535725
16 11 24 13 33514 1.065786746484503
3 5 22 6 60313 0.9702222244101564
7 15 13 29 61016 1.0132019222307465
9 0 27 13 90357 1.067570202421333
29 4 15 9 61079 1.0687702199419538
4 13 8 19 32950 1.0816561927295878
20 1 5 28 122891 1.086081485148577
27 2 1 23 141200 0.9275455851773343
28 18 24 2 61126 1.0509724384138144
13 17 4 4 62105 1.0127160575731358
13 18 25 27 63528 0.9631153201903787
20 19 27 7 64237 0.9368501669521502
17 0 5 23 97338 0.9804402669148111
15 7 3 27 86657 0.9771784951623118
2 2 22 23 108240 1.035109960467957
3 29 13 16 70845 0.9523560554189232
5 16 20 5 72072 0.9883756738787467
2 15 23 18 85267 1.043443972534888
29 23 12 10 84965 0.914024919687943
2 24 12 7 74672 0.9308842451911974
7 5 16 29 85320 1.0850945727025476
24 2 20 27 74536 0.9102159334037399
9 27 18 29 50318 1.0210464225520892
5 14 8 22 33720 0.946757829293016
15 10 26 2 55696 1.0547107700285987
2 1 24 5 79815 0.9005461578281898
25 25 18 9 60180 1.0331192973086185
6 3 21 25 103199 0.971517147435226
5 23 4 11 51114 0.9190129484543602
16 20 6 15 45409 1.0306385242511453
3 24 27 15 103628 0.9440695944438566
6 8 25 5 59994 0.9434819252173482
10 9 21 13 51812 0.9257883986254056
0 29 26 10 129287 0.9008829333089842
16 10 2 26 88794 1.0852701267383078
21 24 1 6 100539 0.9925876058614653
4 17 23 20 77421 0.9919143411842299
9 29 21 9 91307 0.9571185833833671
19 23 23 17 38830 1.0930451235369871
21 10 25 3 32691 1.0283346714844923
16 2 6 6 43294 0.954194887896188
17 20 0 12 79810 1.0106677564511102
25 3 21 9 35579 0.9953985801527675
24 21 14 23 40969 1.0236413976096497
16 12 2 16 65559 1.099380092115194
20 3 2 8 61365 1.0786548864480008
23 26 9 21 65272 0.968943588796079
19 6 26 26 77202 1.097874204736154
22 20 7 21 57084 0.9923310640099444
16 15 9 3 54326 0.9029589222897151
29 6 19 8 53010 0.9101883540932193
0 7 23 2 75437 0.9185173227987616
8 26 17 15 60737 1.096608046633548
3 4 3 27 90654 1.0500521837135046
29 5 6 26 121302 0.9892937595778586
6 20 24 12 78924 0.9836050181373494
26 27 2 9 115149 0.95363982870125
19 25 2 26 72297 1.0182541882940817
4 24 4 11 55506 0.9536813873302443
24 13 1 27 119263 1.0465962501626667
28 26 17 13 61486 1.0238102900447696
21 23 28 26 31569 1.050598111545706
0 4 29 5 100115 0.9013582484279469
15 12 3 5 49443 1.0864472737280346
5 2 21 12 77677 0.9883248361330733
8 11 19 6 40915 0.9360035428434272
19 11 14 28 63908 1.0514686641420723
20 18 24 4 52876 1.0283214351409444
13 15 21 28 67187 0.9712287230427586
6 16 8 25 29640 0.9128835055676958
19 8 27 22 68784 1.0471579454954187
26 23 21 14 37040 1.0110021550973944
17 14 24 3 50555 0.9977474813116859
7 25 18 20 51417 1.0105959106280042
2 25 8 17 41675 1.019010931300338
28 25 25 5 59528 0.918987142201118
29 5 13 29 111080 1.0217143528520356
25 24 1 20 86832 0.9580481529884116
19 1 17 24 85457 1.0269397058999994
13 3 12 23 63135 1.0424896455004065
17 9 2 19 71359 0.9365025987244893
19 15 19 4 49749 1.0094728653394565
25 24 9 21 60523 1.0296810528400782
1 3 29 2 110572 1.0644252195800563
15 2 23 24 86943 0.9072445734938878
18 29 7 17 66892 1.088163457600725
25 3 10 5 62610 1.0934638619920494
29 1 7 0 101387 0.948923119434373
13 12 4 7 32217 1.0258264135096655
0 8 28 8 91762 0.9988757507312829
28 19 1 14 114614 1.0838155972662589
0 24 22 8 107625 1.0770779288015564
25 9 4 8 68192 0.960395201028915
21 22 27 10 49672 0.9716685351913255
22 2 9 26 104615 0.9798750825752661
6 7 0 20 56054 0.990062715664196
15 28 3 13 79623 0.9075527150634884
17 24 10 15 53609 0.9512917490574663
24 7 3 11 73574 0.9639162333286431
8 26 23 29 70461 1.0732529704599048
13 14 2 16 52310 0.941424448213632
2 12 13 24 69123 1.0978054595591749
26 18 7 3 95620 1.0156542008919789
16 5 9 1 40738 1.0254980156289544
27 27 11 21 69371 1.0023488829995755
12 11 8 26 54597 1.0298660644573514
26 6 13 28 97269 1.0358519117086653
24 5 0 7 68216 1.0711654198543523
7 2 22 3 68691 0.9231045307016508
10 2 10 23 70980 0.9009755994408178
6 10 29 6 80109 0.9265686617245441
13 20 4 17 37302 0.9367716904311844
18 26 29 27 37316 1.0139601531100457
3 0 2 18 65475 1.0633483235056702
23 3 26 16 49990 0.9044076360262439
0 23 16 28 70076 0.902572490756756
24 5 8 7 52222 1.0137307973661893
26 15 16 6 56003 1.004129353700912
15 4 29 13 68484 0.9683855996788696
4 16 14 13 51896 1.0673050253489267
9 21 17 1 80404 0.9995227294080312
27 13 22 26 48507 1.0206004193620002
1 4 24 14 89285 0.9663260611090566
0 29 8 3 94528 1.0736905500471727
12 25 28 15 79343 1.013827066702839
17 18 1 19 59896 0.9131354485579872
21 11 9 1 65621 1.069732333584472
29 6 14 11 58541 0.9945479481396318
15 10 9 27 64281 0.9138816659043311
18 15 7 19 50948 0.9075826703985193
8 9 3 16 44047 0.9893620960611165
25 3 25 18 49775 1.0235093799861605
29 19 20 22 44046 1.0357488362244684
25 24 18 18 38942 1.0810764859886466
21 18 9 18 47582 1.0611450172093244
18 20 23 1 82060 1.0685116338651133
26 22 14 25 48695 0.9469754897676872
20 23 9 11 74663 1.0713442333197847
16 15 1 21 64949 1.0578675821278412
7 2 29 17 107542 1.0143466413642857
14 27 29 29 62405 1.0319074578603602
14 8 23 23 70022 1.0321565044041998
29 28 14 23 62988 1.0717739904195718
22 18 3 28 95479 0.9932889990358834
22 13 6 22 74562 1.0396435767422867
24 21 29 9 43492 0.9976125811479833
13 3 27 8 68982 1.0209231021462433
18 7 7 13 42240 0.983085953995934
20 0 4 0 66098 1.071407025033865
28 11 10 20 79718 1.0715433742533766
11 28 25 14 82556 0.9590410798241208
5 0 25 14 99703 1.0571840787976803
5 6 17 17 55722 1.0701861097490004
4 4 10 22 68747 1.0438005595982134
22 2 13 24 86157 1.0841550507911337
9 15 14 21 36558 1.090141701907135
28 5 10 2 81597 1.076098688655773
15 19 28 3 80362 0.9280393205984849
23 13 9 2 76023 1.0572054569774212
9 4 18 14 55043 1.0549439574129194
25 10 26 27 49499 0.9706635761892628
13 3 26 7 61352 1.0009195461364044
0 15 22 16 90314 1.0367705920124968
28 16 11 10 70283 1.070917698501638
9 1 23 15 85322 0.9999086172479535
12 28 14 5 64975 1.0426997255942605
19 1 6 18 86357 0.9929712465521285
1 9 10 19 61191 0.9029848127069967
25 1 11 10 71366 0.9545746276132809
23 3 13 1 52151 0.9188904473930036
15 29 5 27 54157 0.9101371433168188
27 14 14 11 50756 1.0538180936706516
9 12 20 27 77096 0.9934292842462072
22 1 1 5 77660 1.0722609991010859
17 23 0 19 72912 1.0877041353175574
17 4 17 27 79121 1.0704751716437648
18 27 2 14 86009 1.0264844576878434
7 24 17 13 62773 0.9184613773292261
22 9 2 5 63004 0.9706338725256244
16 12 25 4 50282 0.9090799471898533
1 12 26 3 96788 1.065438399495676
12 14 9 2 46121 0.9623900423556234
16 4 13 12 31754 1.0277224763641168
13 22 0 27 70835 1.077760731394896
9 12 20 18 56129 0.9632632129729898
0 19 4 27 47260 1.0209007994616934
16 16 28 28 65919 1.0392317294177675
21 4 5 24 99856 0.9267036404369211
9 12 22 2 68133 1.0560351348510313
18 14 13 3 45273 0.9362346411757553
5 6 12 28 73340 1.039838927458209
1 28 26 1 156379 0.9731267672960031
14 11 22 7 32261 0.9268528931877895
16 6 24 26 70416 1.053113008099825
16 15 16 5 33023 0.9591518116027355
19 20 13 2 65657 0.9656792937626776
7 5 0 22 72191 0.9451173591723301
8 18 2 1 54456 0.999363269145813
18 3 21 25 88717 0.9589991281972586
7 15 21 13 62144 0.9791228872604111
4 12 7 28 59451 1.0798409173722396
1 14 28 6 111979 0.955653701172699
13 29 6 5 81408 0.9542823295688708
6 0 8 13 43229 1.0084555098903472
21 6 28 20 60275 1.0853643734726783
3 24 24 4 112003 1.0512560084516527
27 17 6 25 89342 0.9612890994736383
18 17 18 28 37157 1.0504995450372712
9 15 13 23 42964 1.0611477982030553
14 26 21 7 66193 1.0337478381974625
27 2 27 15 59572 1.0061050751479783
22 15 20 29 56256 0.9377667221820273
15 28 11 19 37445 0.9959892472889509
12 25 26 8 85369 0.9992559516753561
16 19 14 2 49699 1.0870010968521713
21 14 27 5 43141 0.9544914069020093
3 1 6 17 59393 1.097085906573982
1 14 18 26 89903 0.9090840194782775
16 0 9 17 70573 1.0382433665543738
18 6 1 3 56323 1.033108581020163
5 24 22 3 103363 1.0710773413873478
19 18 21 9 43777 0.974221674069907
23 11 27 29 59043 0.9104397591193033
1 15 14 25 70449 0.975386268740513
29 17 3 26 107276 1.0553720155522095
19 5 7 2 51269 1.0137016701113915
10 27 18 20 54042 1.0117346380008891
13 13 6 24 55782 0.9046572881102576
25 19 10 24 65882 0.9013907174034516
2 1 0 27 110008 1.0222815591216128
5 4 27 1 97481 1.0268132576969617
8 25 22 9 80309 0.9295945023499524
16 23 5 6 72086 1.0654595651544536
13 19 1 28 73449 0.9046130760188803
15 15 9 1 56390 1.0958203588242093
18 8 2 18 70178 0.9869114892688443
3 29 18 11 98776 0.9843944713380051
3 11 29 0 116209 1.047492148325851
26 11 1 11 84568 0.9283645027106645
27 22 3 1 126426 0.9356143104865862
1 26 14 10 89499 1.0579023373288454
20 13 16 7 33764 0.9095913345805104
19 26 18 4 80679 0.9762469366293424
22 5 29 12 42293 0.9958681753373501
28 20 2 21 95251 1.0876230602174504
29 2 21 26 94336 1.0366107538545748
18 27 28 15 58957 0.929829890743509
8 10 19 14 44866 0.9642243111787484
16 26 15 0 75722 1.0238370569262671
2 20 6 12 33999 1.0466977620211886
3 12 24 13 78618 0.9998109913141138
19 19 29 17 47473 0.9576599431891155
22 25 21 1 84054 1.0809473351604701
14 13 27 7 58433 1.0284377430507614
1 20 13 29 62069 0.9454093602082552
26 0 4 14 113626 0.9164438045700813
23 26 10 23 58792 0.904730205824289
21 24 15 8 60295 1.0197433947029693
20 6 6 20 73793 1.052988511065583
6 21 20 12 74350 1.0007541858278746
18 21 21 14 35067 0.9051510241146967
17 29 26 24 42241 0.972754340411371
15 25 6 13 59096 0.9373191354297985
9 19 20 9 63339 0.9626842163452697
21 8 28 18 56827 1.0037198945093968
25 21 0 27 112026 0.9214698805120947
2 23 25 19 93440 1.0951756668084647
27 3 11 10 70220 0.9505010637325394
21 25 14 3 78436 0.9539454173698305
16 10 10 19 46111 0.9738327143946872
6 18 0 6 51938 0.9642513030424118
7 13 3 20 37379 0.9225519648279601
27 29 3 17 110762 1.0932787290608474
27 2 18 5 45801 1.0174903658245
23 28 5 26 80227 0.9431422547819672
3 17 10 23 40655 0.9308311377655898
12 2 18 8 34690 1.0410666612662887
26 11 5 11 69535 1.019457517595201
18 26 3 19 71885 1.0292399499413734
19 17 6 14 55979 1.0218874611808095
7 13 16 15 38841 1.0914731687170247
21 0 3 23 122237 1.0411662738673622
20 8 9 9 40315 0.9088859192601063
4 16 12 8 59698 1.0931539401307255
3 4 0 15 58468 0.9167607238725174
4 29 11 13 69568 0.9564883534262619
21 9 16 27 69019 1.0499806825404379
17 11 4 21 69661 0.9054529775879829
2 14 7 3 51303 1.0131618759725671
13 11 17 29 60626 0.9895762008865351
18 6 0 18 74966 1.0070126099348822
19 8 9 14 49186 0.9916547540032308
28 17 13 28 76877 1.0298409050756576
21 27 11 12 77650 1.068290427147823
5 28 19 17 77308 1.0633774356656343
13 24 6 11 56784 0.9452148017443498
8 21 20 0 91596 0.9337974437302279
22 13 11 4 59541 1.0944486032075995
11 6 24 29 94376 0.9537914040244243
12 5 29 26 96293 0.9264881231507768
20 9 3 3 72982 0.9717016640223649
25 15 5 23 92722 0.95506560846412
27 3 21 14 52474 1.0089301971702895
15 12 0 27 98869 1.0784763603337792
17 19 10 24 43339 0.9657217454319991
9 21 3 12 44975 1.0790983251248847
7 21 21 27 64434 0.9196803851252183
1 24 21 0 126734 0.9860834447594459
7 28 20 4 102785 0.982253174890907
18 14 27 11 36794 0.9866846938462124
5 1 25 26 124723 1.0609203208918778
5 24 27 2 126352 1.063749288467609
14 10 27 1 67251 1.0914526042863955
1 16 21 21 78080 1.0989857453799032
2 9 25 15 88166 1.070026608153525
19 18 15 9 35618 1.0938386708595789
0 27 14 14 92245 1.0526909310223669
19 17 0 5 80054 1.0324663758480939
12 27 22 24 42504 1.0025991521055277
13 17 26 8 61146 1.0705877628509017
10 15 5 7 32020 0.9868917408897349
12 29 23 18 69167 1.0605512963896746
12 28 4 6 78364 1.0985826346559384
7 25 21 27 58905 1.0169049055024826
28 12 7 15 86338 1.0157253970358966
12 23 21 27 41946 1.0393594382830829
3 11 29 15 97826 0.9950318365536077
6 15 16 13 46907 0.9928842848114146
15 2 3 22 96153 0.9225682502842053
8 23 16 8 62807 0.9108164675360506
3 26 24 18 88055 1.042710813018564
25 5 24 24 48039 0.9343602583807469
29 26 23 15 44662 0.9572524928863091
4 18 5 7 38981 0.9899173096085908
28 14 26 0 62066 0.9095833797861491
19 10 16 24 49824 0.9969764784781832
7 7 4 23 56991 1.0496712244860662
6 29 8 3 70379 1.0512761646931574
18 15 15 8 30560 1.0933866382094524
13 24 29 0 118302 1.006056133470698
28 23 23 2 72482 0.9505234460309719
9 17 9 0 55347 0.9509015069617515
26 9 2 23 110106 1.0916459202183508
4 15 15 16 56757 0.9906490247530355
6 18 25 0 107976 0.9747218058636318
17 18 17 1 62384 1.035652879722657
18 20 28 3 83649 0.9652385581425276
18 25 11 16 49682 1.0488424511143652
8 8 1 28 83627 1.0306682940714516
19 20 10 12 57971 0.9735193011433042
28 11 7 21 93700 1.0454319483343504
0 8 23 2 79697 0.9089169065796266
26 18 20 3 66626 0.9055601579603653
14 12 13 3 29285 0.9803548861314945
14 17 22 19 34919 0.9685921728233715
1 11 19 18 81837 1.00007041551087
7 2 25 25 108552 1.09813239097215
2 27 13 3 107857 0.9179505907902604
3 2 22 11 78162 1.0483617973695576
20 2 10 2 49790 0.9680164141136172
2 29 28 7 141197 0.9534834064467561
24 26 10 26 66933 0.9931548441281328
21 0 27 15 64277 1.0489176330984216
2 22 18 29 71519 1.0676243718138048
24 12 22 29 46737 0.9181116997313795
24 2 0 9 88714 0.9624181344498266
11 14 11 4 48927 0.9622648979988163
15 14 2 21 59745 0.9929935633976257
17 19 13 8 47111 0.9578802222409635
15 14 20 29 59900 1.0816696440794988
12 14 7 25 47140 0.9575431143533439
21 22 28 3 76310 1.0983228565176717
9 19 20 10 55848 1.0866570480381508
15 11 21 21 46625 1.0164201917257523
6 4 22 28 108552 1.0489128516441855
21 18 9 29 79172 1.04433597600724
16 11 16 27 51742 0.967565371744154
22 12 7 26 87926 1.0612224097982255
3 21 22 23 76850 0.913501098995813
0 13 3 28 69004 1.0572584387250246
13 2 23 7 46323 0.9624953104226196
27 18 8 20 74307 1.0938020058780944
0 21 15 6 83132 1.0025905464457023
3 18 1 27 45463 1.0766069101572457
24 1 6 26 118219 0.9671793045578094
1 8 27 15 92129 1.0234819806403088
3 16 23 12 93443 1.0236531803246653
16 4 0 6 52789 0.9434306381397256
27 0 15 23 102166 0.9831781370071475
1 20 27 16 97624 1.0979684342023253
18 23 0 10 90642 1.0629713817375794
1 25 4 9 72571 0.9328771263231037
21 18 16 26 53476 1.0939357850704805
8 26 26 7 102914 1.05859509390182
11 28 14 15 47869 0.9035507025532009
1 1 6 23 78464 1.0652804024051017
20 10 3 16 75659 0.9033443453494131
21 21 17 27 34929 0.9904774953721004
12 17 13 1 53575 1.0034953031793894
25 19 1 3 108519 1.057499578238919
25 2 23 13 41356 1.0875461900057755
24 3 12 9 57244 0.9034152264728489
18 27 18 13 49395 1.0132475492801634
0 24 3 9 70715 1.0771875473734338
26 14 2 6 82472 1.058971273652845
6 28 12 3 93919 0.926296916318378
0 10 21 24 103011 1.075564734383165
28 1 2 18 124381 0.9423062933055351
6 4 9 23 56841 0.9246259883603009
16 22 3 2 93467 0.9030265208011363
19 22 5 7 74526 0.9761428704914977
27 26 6 27 82230 1.0906168813683068
6 22 23 15 79007 1.0132266702097321
4 22 17 4 92940 1.0507862561186943
1 22 24 3 118257 0.9366823231823844
29 23 7 21 84842 1.083089752145145
23 8 6 21 85134 0.9171386397181273
25 5 16 24 75174 0.9825436310851736
17 22 7 27 55045 1.0672515172924195
26 19 7 7 85119 1.0618632724530581
2 8 23 6 59577 1.0770891917564365
5 22 29 13 105723 1.0345505684843772
7 6 29 6 78246 1.0182930840183315
2 13 16 20 66890 0.9648833672628765
2 12 27 12 86773 0.9536275173729957
2 21 8 28 38075 1.056100332285686
3 23 20 11 92206 1.0893039097340158
9 9 17 23 62088 0.9621891983982243
2 4 5 20 58787 1.0813155031281039
22 26 0 17 91339 1.0515618957998722
23 12 28 27 50867 1.0958335316521906
12 0 28 18 95682 1.0957817330235484
19 0 7 29 114464 1.0333400164010362
7 22 28 26 80751 1.0223879598825458
13 24 26 11 76621 1.0426940650690566
27 28 10 12 101124 0.9678872215944029
6 8 28 3 78369 1.0287605213594373
3 26 4 9 65445 1.0049196608041238
0 9 0 21 67469 0.9939788070761387
24 29 1 7 107962 1.0596475331809383
9 23 19 18 49636 0.9235424071225931
20 2 17 18 66627 1.0205851604331782
10 24 15 15 39987 0.9560593336788209
6 2 13 21 70625 0.967890709720379
17 2 2 8 55281 1.0770251959987285
5 3 26 6 81356 0.9960889531632607
21 3 17 15 59675 0.9394768029503084
29 1 23 21 77972 0.9178444676862418
0 7 9 27 72321 1.0458950936901907
8 18 20 17 42429 0.9058646675756967
26 25 20 21 27652 1.0308991785295847
16 26 11 4 76990 1.0192430030060184
16 10 1 1 64068 0.958130993598026
15 8 28 7 55010 1.0719490698273024
6 17 24 8 74002 0.9149415613551103
26 14 22 0 55653 0.9784984260955869
6 20 13 26 39935 1.0540682143885183
26 9 18 22 61769 0.9774015567261704
3 28 4 8 75511 1.0929123603139288
12 7 24 29 83248 0.9668544720815688
4 3 0 22 89134 1.0830657239099402
27 14 8 6 73813 0.9245294989586403
25 21 3 21 82251 0.9439786380252897
6 4 15 27 80353 1.0797588714177728
15 20 5 4 70310 0.9005449415363258
26 2 19 11 51097 1.0461523168287343
14 15 21 10 29330 0.9851775623480488
22 6 26 22 55765 1.0738426955606832
26 22 18 27 35282 0.9502393111083676
23 26 5 6 101521 0.9603808920385759
4 14 27 26 107880 1.0808433575984453
29 18 10 24 76513 1.032603988267562
29 2 29 26 92083 1.0383068651380742
11 5 3 9 35689 1.0287909484596016
8 7 26 0 77635 0.9507828265122491
21 26 4 3 119803 1.0867593898086116
7 22 27 1 120742 0.9774262362043787
12 10 9 1 39444 0.9699723914134272
25 22 6 12 87298 1.0635776603862879
19 1 2 4 73165 1.020857529770293
28 27 5 2 127465 1.0321601525011115
15 9 16 21 32261 1.0205672444725975
15 6 21 20 57920 0.9197303977003762
10 22 18 25 40976 0.9742264538735306
26 21 15 12 57359 0.9327144895492887
13 20 14 1 51708 1.0928583101642746
10 25 19 19 54850 0.9229402914224807
28 10 28 26 54864 1.040497977912533
23 28 17 1 104436 1.072338662969281
15 3 4 4 54420 1.0116961428798215
3 18 25 10 81647 1.0712163661535463
9 23 4 9 51900 0.9901688016115899
15 0 2 24 99878 1.0761702894046978
3 15 17 13 72700 0.9040461617648876
20 12 3 18 74985 0.939891307901373
22 23 19 11 52606 0.9309472020288289
19 17 1 14 77649 0.9678270467781732
13 11 1 11 45197 1.048017295600593
1 28 21 8 123363 0.9752358157235801
13 7 12 17 33460 1.0154065735908633
25 5 23 27 57975 1.0083454655200417
5 4 25 11 77576 0.9644026350547421
23 1 7 5 72833 0.9348614252975378
15 25 24 15 54479 1.0580671367099534
6 23 26 23 71427 0.9099590004412872
19 26 0 0 118802 0.9678713227162198
18 6 29 2 54867 0.9225163658868444
0 29 28 8 144670 1.0435486419207742
4 25 8 4 69035 0.9117607863601012
6 5 10 20 48077 0.9413058174635469
25 7 17 1 57235 0.9887125668370627
5 13 14 5 47658 1.056397469249082
2 27 9 18 51374 0.9295612762664426
11 7 28 5 55360 0.9478876051249078
22 13 27 27 46390 1.0819799707361404
1 21 17 13 76855 0.9751989562543664
28 11 0 17 107474 0.9315388611980879
13 19 27 11 69891 1.0751545832739613
15 8 27 27 79319 1.0217692803256961
2 7 23 26 104347 0.9111909478571125
12 14 11 3 51771 0.9860101157066573
11 3 26 1 78152 1.0206502569114608
5 24 22 3 103363 0.9083636402986264
4 26 17 24 55850 0.9862713235970106
19 13 14 26 56416 1.0079016280982709
0 23 17 3 106402 1.0240453480653942
1 23 27 14 110447 0.9985224396208038
14 22 12 5 50140 1.0278492255151603
25 22 4 9 95535 1.0983840238655445
13 1 25 7 62516 0.9557940625481727
8 22 22 2 93172 1.068971632148552
19 6 9 17 59859 1.0934794641135044
24 7 9 23 83742 0.9942746704835013
20 12 22 23 46467 1.0745961462770004
23 7 18 28 75553 1.0485694913047914
19 1 0 22 116496 0.9278451318317648
19 25 26 17 45284 0.9953445913845733
26 29 0 7 121601 1.0276803992198107
5 17 27 23 89122 0.9810362134402543
13 5 3 4 42282 0.9209796035516685
8 14 14 27 54372 0.9275852296344679
28 2 5 19 121339 0.9353706298418943
20 3 27 9 47943 0.9591996991927946
28 29 12 19 75256 0.9158076769139655
29 25 24 6 57184 0.915813455787708
6 23 3 6 59320 1.033107255882574
0 1 19 22 112082 0.9668959884540899
0 28 6 17 63261 0.9266114572289326
12 12 12 27 42842 0.96266252925174
20 29 10 0 111049 1.0766997627525845
22 26 27 11 53787 1.0468700240568258
23 0 13 18 83049 1.0473272216137415
21 16 13 22 46215 1.000981539936257
7 19 15 22 35395 0.9355478774619214
24 15 1 12 85269 0.9012566934518527
29 18 15 21 54441 1.010631874359995
21 16 4 18 62081 0.9614842909641561
26 28 2 17 103221 0.9267087596408373
29 16 1 1 120521 1.0590910097424988
25 27 16 2 91851 1.0901754570339919
24 9 8 5 57885 1.0180408763021733
0 15 23 3 109184 0.9972325401994324
0 7 19 26 98421 0.9585436438442827
13 22 26 14 64526 0.9326363706898058
27 7 16 29 97642 1.07060140291856
16 17 23 9 46984 0.9493890938600971
28 12 19 9 42452 0.9244021247526311
12 13 19 10 28137 0.9722469382473132
11 20 17 29 42726 1.0368389391622852
9 4 0 17 66083 0.9519586951222342
25 22 1 26 100190 0.9507161832848579
27 7 4 22 115728 0.9575498517923923
27 16 4 6 92317 0.9189966318315342
21 24 15 1 85500 1.0932097760409403
12 11 26 1 70037 1.0835394077844642
5 3 17 12 64617 1.052494418009686
10 29 13 4 87896 1.0813287032251517
19 28 10 12 80115 0.9293617156055948
26 8 5 29 119432 1.0736574333311841
4 5 4 17 50888 1.0929977440940741
7 25 27 17 87323 0.9847280551599443
11 2 1 2 53135 1.0101498103295685
27 16 3 29 115479 1.0820328344367318
12 25 29 19 72919 1.0913129054829636
3 22 22 17 84051 0.9654230505705483
25 2 10 17 86627 0.9446426395944373
9 20 29 25 73105 0.9487650828056502
18 18 25 4 65712 0.9925313177821077
1 27 4 12 76170 1.0536163539092511
0 0 10 0 41339 0.9343852686374139
18 18 4 28 79048 1.0331473325331229
20 24 25 10 48241 1.013033014340703
9 21 21 18 52746 0.9329620418423483
10 22 19 6 69316 1.0531645437851225
9 24 26 14 80023 0.9996094843848635
18 0 28 6 56798 0.9152764964971567
13 19 11 29 37921 0.9895470437991777
17 28 19 7 70993 0.9930013671311418
18 22 5 12 65596 0.9852949704198881
22 14 15 4 48344 1.059076493013696
0 17 8 28 52260 0.93918178018496
3 28 11 21 48156 1.0338269616087299
11 28 12 3 87037 1.0896329002274707
19 2 15 18 54575 0.9978370893688451
7 12 17 4 52796 1.079515372060985
24 29 3 4 121210 1.05254777646021
17 6 20 13 38745 1.0685422793660788
11 0 27 12 78751 1.077407190141875
0 12 3 27 65147 1.0876341734394896
7 28 0 14 71157 0.9714288778448156
10 13 19 22 57392 1.0626202028405474
11 1 20 16 77263 1.0053364766009782
29 15 9 18 79595 1.088393715356457
27 12 3 2 97803 0.9528863985116801
13 8 23 25 80265 1.0288234159334508
7 3 25 24 99293 0.9048580706610725
14 7 9 22 53798 1.0658650235915723
26 19 21 0 73674 0.9167580579005997
23 20 10 10 69354 1.0980214768845455
1 6 25 19 98615 0.9136092803303265
24 2 21 13 43334 1.088244724814776
22 4 10 11 57074 0.9648885619617631
23 4 27 27 70251 0.9452845042473972
19 16 27 1 77412 1.0883063836308895
20 13 1 26 106534 1.0591093502441271
5 6 15 19 55353 0.9770580058418018
20 11 3 25 94201 1.004786609276836
7 8 10 20 39580 0.9561531074852471
19 0 24 7 42352 1.0535121791798032
18 23 28 4 86621 1.0646176766144215
5 6 26 4 70019 1.0723999667283681
21 11 3 15 82647 1.0733948453589335
22 21 13 29 55753 1.0004145267522315
24 7 14 0 52383 0.9100487625400834
17 2 23 15 66388 0.9474587789993638
7 18 12 29 43739 1.0241579246992418
26 4 11 16 81888 1.0934380589270785
7 18 2 25 37764 1.0838038166204214
15 22 1 3 85106 1.0087370818778787
0 1 26 25 132800 1.0611628511667823
21 20 7 10 71972 1.06223779081426
10 13 28 23 86723 0.972150782806547
27 15 2 29 123544 1.014386413128468
20 25 25 18 34499 1.0180656174429026
22 0 27 8 46741 1.0016952309656595
3 19 27 0 130655 1.0849867063620062
4 4 29 24 120804 0.9270547803857868
5 10 9 2 31191 0.9203305991829335
28 19 16 27 51953 1.0502937123567735
0 8 9 18 49765 1.0794535167002386
23 1 21 18 65194 0.962942030810205
20 27 5 15 82843 0.9314474039560405
17 10 9 19 49615 0.9256555823980217
11 6 18 16 51466 0.9251496238534741
27 12 15 13 47843 0.9189067769279315
18 27 26 21 36934 0.917286042411407
3 3 5 20 69358 0.9624324757008598
23 9 15 6 35443 0.9967862678795143
22 10 9 26 78860 0.9573293566659704
18 25 1 0 107327 1.0314935969132522
28 21 17 26 50605 1.0124873782930697
22 28 1 18 89037 1.0569733409043671
18 6 29 24 78860 0.9785146107821764
14 1 20 5 35530 0.9394178377637529
28 3 29 21 75640 1.071466171815631
5 18 16 3 68722 0.9104449069539444
3 3 17 18 83066 1.03899403946303
27 23 20 6 70249 1.0108608661652718
29 7 9 4 83632 0.950739735697432
15 17 3 20 46172 1.075318621340622
8 21 27 2 108622 1.0286266627582865
13 26 27 14 77341 0.9689768423802962
21 4 29 29 91676 1.0091924598410955
1 25 6 19 36695 0.9081893628940875
27 5 21 17 53091 0.9431355292313355
1 13 8 25 58450 1.0404325271420014
1 19 22 10 84171 0.9664918260421025
6 8 1 23 62671 0.9396672227767864
20 13 29 14 33557 1.0750429561444523
28 12 15 13 53629 1.0326390964378007
2 1 27 19 116592 1.0626917500602941
17 22 29 15 64148 1.040819407387465
24 14 13 15 42123 1.0916342361127067
13 18 0 9 69287 0.919121108073991
9 19 29 13 84532 1.0045457192901188
11 15 1 1 64544 1.083751856853085
25 15 0 21 105895 0.9727176556891137
25 16 4 27 102576 1.0164794631601053
10 6 25 29 102401 1.0949078992455585
7 13 20 25 76931 0.9713442069989493
27 10 12 14 53277 0.9660309133075882
2 26 3 12 60539 1.0470896016066777
24 5 15 24 72795 0.9734540417813644
13 29 24 7 88828 0.9605550893027706
19 21 1 2 96790 1.0413315922019124
7 3 16 8 37284 0.9192354357519771
4 8 11 5 26631 1.0754000844081997
2 5 21 17 79851 0.9866870511779668
22 24 0 22 77414 1.0869075684822418
8 16 22 17 55699 1.0288809451956995
23 24 4 12 95064 0.9047398031923918
26 10 1 25 114891 1.0949124201893106
27 11 11 15 68138 0.9024962234358331
14 20 19 5 49660 1.0862860874952784
2 18 29 1 127289 0.9201820694646606
27 26 11 18 71927 1.0742366918266222
27 21 7 10 87997 1.0255102051303884
8 25 20 11 76433 1.0650646387891731
6 15 18 24 60661 0.9516749547654221
28 9 7 24 98849 0.9840735178953803
27 1 11 7 68836 1.0890271135861656
26 29 16 27 38812 0.9353479815848426
25 16 7 13 70806 1.0194087376599077
27 20 26 8 48731 0.9746354434195768
29 29 21 4 91676 0.9738169807003315
22 27 23 2 73247 1.0676431719774813
22 26 1 10 107978 1.0621865502587107
25 20 21 2 65766 0.9536140048143205
13 18 22 12 46629 0.935952911569415
21 14 6 10 56421 1.0332716745396786
26 11 2 4 80803 1.0678647437103757
1 7 16 9 38276 0.976254859261463
6 7 13 17 42417 1.0281423077111842
12 16 7 22 34717 1.094088923484219
25 13 6 24 90347 0.9128329022523837
5 25 16 23 46904 0.9579142557510545
16 27 4 13 81186 0.9173427001662118
24 15 13 28 70612 0.9437686736665277
3 23 10 28 39997 1.0750815742996735
29 12 24 20 39113 0.9754898962580082
17 24 0 8 88501 0.9082468657067373
0 24 14 9 80980 0.9363718564443104
25 15 25 0 56011 1.0126792633852606
21 29 16 0 107396 1.0159694227963938
27 14 13 25 72487 1.0137067373967577
0 29 15 12 95124 1.042103227503906
8 17 1 3 54041 1.0808521087144984
10 18 16 24 36999 1.0274949515447993
3 9 24 12 70482 1.0874609118741347
17 29 13 14 53415 0.9426270727843558
18 3 9 5 40231 1.0119435764723068
26 11 24 20 30857 1.0396541984926428
15 17 4 14 52985 0.9144829516716465
0 29 17 1 132065 0.9042890345898362
11 25 20 20 47070 1.002653955545146
11 1 25 16 86953 0.9823102331312721
29 6 14 26 97150 0.9377648959087168
15 3 11 13 42652 0.9328510222322481
19 19 17 3 65598 0.9003708439193078
12 12 0 7 37255 0.9477123917099837
18 5 17 27 71656 1.0923688353116783
6 14 12 2 59207 1.05030615795355
20 26 22 16 44315 1.0395512167899188
16 29 3 12 86363 0.904860043895408
14 27 28 24 53689 0.9148745628768713
20 4 2 5 60759 0.9044077412968473
5 28 3 4 88918 1.0356707572292494
23 3 8 20 86457 0.9900994736161461
17 3 29 7 61414 1.0066471043276182
14 28 0 5 94286 1.0558268673953508
4 6 27 18 98424 1.0621861397832788
20 16 8 1 79108 0.9105087221789969
6 9 7 20 38445 0.9922490352502451
20 21 11 18 37663 1.005245657083079
6 12 15 7 35515 0.9873066059912109
0 21 10 12 58554 0.9982075757499089
11 2 1 22 89856 0.9581475386893197
29 12 18 23 71189 1.0699546366859622
23 11 16 5 39967 0.9109114057524886
10 24 10 13 41971 0.9525808797325639
5 6 14 12 37456 1.0567429306973743
18 12 2 28 102342 0.9975123975733344
29 3 7 15 103272 1.0310751908941382
18 12 24 5 33607 1.003910362264716
20 15 10 14 41639 1.0473566611636402
16 14 0 18 57248 1.08852742979447
5 4 18 21 81104 1.0418621979822178
28 3 10 8 73208 0.929738707589977
26 2 25 20 59795 1.0619317452553032
0 5 12 0 63434 1.00575659631039
20 13 28 28 59631 1.097667693610036
17 22 28 15 61282 1.0401480621997385
3 26 12 5 84098 0.9405224349840636
24 15 27 6 37083 1.0449862492936073
23 4 20 18 58042 0.9629415183763222
7 16 27 0 112748 0.9596105276444602
19 25 27 21 38018 0.9726782580975682
7 8 28 25 98081 1.0090170052386778
26 29 14 10 83023 1.0374173740657207
11 2 9 11 42446 0.901124486753194
16 20 6 9 59959 1.0978822831734771
10 29 11 7 77359 1.0881088483657
10 12 4 2 48890 0.9853228858903699
29 13 21 18 42196 1.0731170221973
9 11 29 2 88090 0.9872001921756077
1 21 2 3 70992 0.9759221562689123
9 20 27 5 89689 0.9093973558952935
3 20 26 0 125558 1.042061049364535
5 5 27 25 106474 1.0312053548322235
4 14 11 18 38400 0.9659917210232972
26 8 16 19 67588 1.021299201181208
17 21 0 16 65350 0.9059291943297857
29 21 3 7 100332 0.9509846670320697
23 11 16 29 77327 1.0035667253482774
10 22 20 7 64787 0.9456579499446293
0 17 9 10 49208 0.9521235230101005
1 0 20 8 68638 1.0000736410724613
6 29 7 8 63323 0.9617955326241393
12 24 2 6 68382 1.0426921093619916
13 17 18 8 39878 1.0479862335293655
26 29 0 29 119385 0.9943180902449655
12 22 29 7 88012 1.0520644953225802
24 0 9 0 62748 1.0317140492332544
22 4 13 13 52955 1.0922111436194992
20 6 10 26 87970 1.0368452289312027
24 10 17 4 45337 1.0917786550411877
27 28 26 2 84245 1.0255782843668304
7 19 24 24 69710 0.9434949694190241
18 24 4 9 80659 0.9890546150638568
19 18 27 22 40659 0.98882372039017
17 18 3 20 51831 1.0019377490977086
23 8 24 26 45490 0.9578962781790252
14 7 0 14 65016 0.9108170043185773
8 12 27 28 99821 0.937861365309997
9 26 24 28 65674 1.0574986039185712
1 4 6 12 38523 1.0464870610938135
28 2 10 19 107317 0.9771718931766131
5 2 19 23 99310 0.9905652682765854
4 23 15 13 61991 1.0002275148413917
28 20 10 28 84630 1.0716133523519886
0 25 12 27 52764 0.9700847261927628
13 8 23 27 80964 0.9472338235611388
5 22 3 2 79271 1.0042194630085253
22 9 13 26 72450 1.056648634047214
27 26 2 6 111088 1.0876419391970522
26 17 17 16 40208 1.0631513140904918
29 17 1 10 106970 1.0897791479154084
7 19 18 21 41219 0.9520420057392125
11 0 28 2 77558 1.0202852828846003
10 8 19 23 74028 0.988974733369374
19 28 25 23 34363 1.0355660418389288
17 29 22 14 65534 0.9177323265661168
23 7 27 29 70773 0.9548816641484786
20 28 19 3 97630 1.019280053746843
13 8 22 23 71025 1.060919228164809
2 9 14 2 46198 1.099382657000222
29 3 24 23 69263 1.095041230051516
3 18 7 10 33820 1.085709234911096
12 21 19 17 33239 0.9612802304331615
21 0 3 3 90882 0.9358828334528912
13 5 16 27 66551 0.9555752948691281
9 23 1 10 59238 1.0360748082182232
22 22 11 25 50267 0.9631362526993807
29 28 22 24 32931 1.0162169261184015
15 23 24 4 73462 0.997708476843526
14 16 10 0 55979 1.0445097324599435
3 9 0 18 47868 1.066088719999461
17 15 28 25 59887 1.0517979153280683
10 27 1 8 81741 0.9639224115304019
17 12 28 0 75485 0.9270872492493974
24 13 12 17 48914 1.089015244798418
8 21 29 1 118908 0.9985005916102194
26 13 7 21 82598 1.0727884678820856
29 23 17 20 53475 1.0805291484848105
9 12 2 25 58493 0.9411163208091458
3 11 17 2 66910 1.0946849521914164
27 5 21 9 35096 1.0454327733446787
21 7 5 8 39387 0.9355793028201884
28 7 16 21 79841 1.0306129279539271
25 25 10 21 62863 1.0918572017279062
2 6 11 23 65048 1.0659238568005638
28 27 24 1 77691 1.037040412220826
25 5 20 17 49232 0.9216499157518275
2 15 14 11 57386 0.9254195981213181
22 29 25 16 40523 1.0044062321678902
8 28 23 8 98476 1.04509471200641
8 20 15 27 37866 1.0146681397204642
29 2 9 22 114438 1.0770751857219212
11 11 10 0 51285 1.0722161478260908
22 24 18 1 91979 0.9699350441566554
21 23 27 0 89214 1.0263815694597898
27 0 20 23 93693 1.0245568065251092
29 2 8 10 87814 1.0823133529964843
15 13 26 22 58028 0.9867006090550894
22 23 19 14 37886 1.0099905921486763
12 19 25 2 84497 1.0276094435596186
28 19 24 12 33614 1.044936400099397
23 16 1 15 91950 0.9350747109054446
9 1 15 20 70179 1.0442690909693262
25 26 8 4 100176 1.021737907334651
17 17 20 6 46459 1.0461490739203323
4 18 13 17 31065 0.9556938839680119
16 20 7 23 39613 1.0989668940746158
27 17 6 11 86418 1.0521106196200896
5 18 12 0 76275 1.0034266614736618
2 24 9 5 72179 1.033462503631321
16 29 4 24 51120 0.9217723379906122
12 25 6 11 55065 1.0305461930799091
20 3 22 26 81767 1.0453972558740934
12 8 27 17 74951 1.0293835388476058
9 26 29 23 76773 0.917923728871502
28 16 14 23 65398 0.9768317593575068
23 8 15 27 72269 0.907761998181606
14 17 12 7 29753 1.0356525036386957
18 8 1 13 65248 0.9379431131340985
16 14 26 3 62498 0.9859538474253338
17 26 0 26 83821 1.0684577643203694
25 0 17 5 50092 0.9968016518137582
24 5 3 20 100145 1.0837977493849122
24 2 21 17 53746 1.0228382745329547
2 0 22 13 84793 1.0902338296927352
22 23 4 14 86924 0.9972547872881294
6 21 4 1 74369 0.9806856963688761
29 8 27 26 65301 1.026192360728333
23 1 24 26 69272 0.9315317933342682
1 29 29 25 108094 0.9597856071186723
22 28 21 19 35528 0.9090462886104879
23 15 19 6 50359 1.0774958939961659
20 2 26 8 45322 0.9445696711390315
19 19 7 0 89184 1.0890729260130168
5 9 21 17 71224 0.9820230283647248
11 13 24 21 65843 0.951957173058083
