6914 6433 8000 6411 7960 7430 8350 6380 6916 7228 7644 5976 7263 8119 8188 7234 7152 6014 8040 7083 6214 7583 8056 6251 6428 6709 8106 6992 6644
4413 6504 4797 5723 6295 4948 6158 6124 5668 5542 5203 5347 5629 4818 4987 6954 6532 5671 5778 6331 6592 5163 6852 5531 6844 5499 5107 5246 5603
5296 6472 5582 6392 7434 6346 5659 7317 7049 5011 5188 5835 6054 5829 5868 5006 5208 6889 7204 5377 6523 7163 5671 7527 6989 6037 5164 7222 6629
4378 4877 6259 6148 5632 4480 5879 4934 5689 6368 4551 4561 4251 4606 6507 6752 5093 5188 4441 4913 4326 6044 6160 6370 4531 4550 5044 5236 6347
4455 3931 4885 4663 5730 4584 3858 3305 3438 4237 4252 5418 4367 5529 5527 5783 5142 4088 3560 4235 3477 4978 5365 4845 4852 3296 3938 4782 4907
7489 6900 7060 6324 7857 7598 6617 6912 5688 7509 7272 7418 6949 8177 5876 7131 6460 6949 6592 5699 6090 6788 6875 8090 7439 6204 5736 7698 7349
4889 4835 5327 4924 5518 6914 6451 5107 6885 5568 7059 6336 7278 5874 6352 5784 4855 6375 4855 6227 7140 6776 5724 7050 6234 5607 6703 6475 7078
5813 5969 8027 7177 6401 6192 7632 7266 7607 7071 7108 6138 7380 5923 6899 7428 8178 6892 8135 7676 8003 7840 6098 6638 6421 5941 7043 7800 6125
2308 2505 3307 2581 3759 1608 2386 3024 3477 3731 3800 1899 3730 2699 2634 2536 3587 1808 2342 3538 1551 2561 3551 1640 1747 2089 1946 3059 1387
6831 8265 6668 6325 7655 7141 7408 8757 6309 6548 6522 7060 7864 8285 6829 8356 6803 6595 8420 6347 6263 8292 8638 7097 7281 8317 7820 6644 7707
3898 3935 2014 3818 1432 3946 2938 3904 2404 3355 2234 3686 2799 3990 1728 2955 2094 2447 3128 1863 2496 2276 1740 1693 1497 3677 2914 2075 2648
3491 2930 2661 3909 4527 2400 4415 2244 4390 3957 3992 4180 4350 3401 4422 4479 2415 2707 2959 2557 2381 3472 3219 4285 3719 3414 2848 2765 2812
7431 6130 8383 6930 8055 8265 7717 6610 6655 6763 7693 7113 7339 6773 7092 7778 7018 8342 8297 6237 7517 7466 7821 8467 6325 8598 8188 6707 7588
1460 3328 2078 2333 3342 3752 3542 2774 3887 1986 2216 3541 1547 2885 3727 1678 3779 1802 2566 3459 2426 3185 1424 3626 1595 3478 1441 1897 4021
3292 3327 2165 2315 2486 3876 3636 2704 2528 2635 3321 3246 3886 2429 3142 2091 3473 2189 2309 2808 3671 3330 1963 3729 3177 2366 2062 2348 3290
7206 7666 5253 5398 5411 7133 7541 7201 7520 6059 5372 5303 5679 6619 6421 6329 6178 5680 6040 5634 5110 5826 5098 7617 5866 5336 7133 6676 6302
5096 4946 4192 5087 5798 5164 5960 4908 5015 5175 4262 4559 3656 5001 4167 6099 5003 5764 4747 4619 5621 4169 5403 3946 6224 5594 4062 5445 4282
5991 5299 6972 5395 7078 7115 7011 5943 4696 6173 4758 6953 6287 7065 6627 4899 5648 5323 6401 6729 5219 6449 5001 6953 5115 6028 5788 7095 5993
4165 3876 3613 3179 3367 3312 4183 4447 3207 3445 3060 3061 2700 4737 3985 4560 3213 2716 3455 3187 4551 4528 4569 4790 3703 4419 4206 3617 5193
2974 2568 2272 1933 1887 1732 2602 2830 3487 3947 3663 2271 1594 3972 2773 1794 2677 3771 1536 2966 2724 3381 3362 2676 2995 1830 2512 1567 1762
3750 3535 2852 3204 5112 3206 3964 5089 2925 3402 4987 3367 5069 4361 3524 3670 4718 3276 3756 5276 4380 2884 4825 3787 3373 3025 3242 5322 4916
5845 6250 6482 5493 6069 4550 6320 4966 5778 6324 6581 5460 5817 6339 6371 6568 4486 5953 4917 5153 5330 4263 5835 5935 6120 4331 5183 5409 5769
5472 4266 5511 5849 4570 3876 6014 5579 3876 3743 5977 4522 5677 4937 5739 5222 4444 4403 5631 4290 3636 5255 4455 3658 5085 5770 5933 3904 5356
3340 5036 3975 3904 5051 3832 4670 4464 3383 2984 3409 3147 3052 4031 4146 4359 4447 2844 3388 3606 3126 4625 4783 3937 3247 4261 4184 3743 3266
2514 2270 3160 3997 2060 3455 3981 2950 2427 3440 2404 2546 3278 1720 1623 3446 2967 3074 2522 2565 3791 2667 3684 2264 4063 3832 1655 1607 2196
5611 5158 7012 6689 5713 5741 5499 5197 7411 7396 5221 6219 7654 7474 6519 6775 5474 5163 6025 6591 7330 7072 5847 5760 5645 6607 6677 6375 5214
3805 2121 3563 3695 3949 2095 3112 2243 3009 3822 2616 3374 2922 2669 2930 3453 2370 3022 2392 3514 4115 3982 4373 2808 2643 2688 3983 3816 4347
5006 4084 4639 5552 4300 5746 5442 4328 4265 5208 4161 4083 3759 3606 5280 4337 4970 4027 3697 3755 5180 4509 4993 4836 3693 4618 3550 4819 5226
1970 2600 2422 2203 2985 3539 3846 3373 1984 3580 1842 2242 3055 2886 3935 1811 3755 3336 2055 3565 2893 3569 1856 1948 2265 3927 3777 3035 4116
3024 2884 3280 3138 3191 4508 3368 3640 2674 3309 2369 4419 4149 3100 4073 3703 3561 4164 3701 4224 4858 4724 3756 3690 4560 2613 2491 3479 2928
4653 6549 3130 6872 4300 6834 4166 6589 8312 5739 4342 6334 3770 3407 5996 5200 2420 5378 1675 3190 2863 5238 5186 1935 6372 4614 5764 6695 6713 3696
3426 6621 3636 6515 3068 6462 6066 4882 8932 5318 3750 7068 3555 2610 4784 5030 4407 5085 2026 4149 2681 5827 3823 1667 7780 5041 6204 5839 6358 3345
2433 5508 4012 6641 1932 6910 4699 5104 6653 5667 4504 7042 2547 3972 5172 4425 4096 5281 1418 3319 3568 5392 4692 2020 8568 6041 4161 4968 6783 3043
2365 6328 4189 7220 2012 6766 5280 6726 7132 5517 5150 6029 3312 4557 6682 2937 3640 5165 2240 3564 2858 3602 3272 2128 7311 4703 5361 6570 6672 3337
4510 6413 3526 6971 1963 6475 4279 6452 8237 3507 4316 5971 3289 2637 5943 4334 2295 4034 3173 2716 3217 5129 3995 2745 6968 6152 6237 6675 6163 3631
4126 6762 2068 6493 3370 6149 4478 5304 7750 4255 5322 7000 3413 2885 5991 3588 2035 4387 1962 3145 3520 4422 5088 1445 8615 5431 6153 7333 7052 3882
4575 6396 1809 6238 2622 7621 5905 5424 6948 4599 5023 6216 3262 3896 5062 5258 4246 4054 1497 2614 3841 4191 3193 3885 7962 4805 4347 5115 6606 4490
2416 5761 3241 6557 1925 6696 4335 5928 7582 5417 4425 6398 4394 2140 6187 4897 3580 5479 2384 4089 1933 4056 5145 2624 7281 5117 4442 5458 8420 2887
2565 6762 2139 6144 3863 7707 5938 5588 7341 4778 5510 6269 4088 4117 5121 3648 2202 5634 2080 4444 2727 4975 5744 3699 7312 5504 6235 5822 7092 3443
4060 5831 2796 7001 4133 8078 4176 6021 7076 4773 5036 7408 2687 3520 6010 3373 3349 6217 1749 4333 4118 4312 4318 1909 8679 5602 5546 6430 7969 4353
4570 4980 4318 6336 3850 7843 5099 4886 6833 5072 4746 5826 4825 4567 6135 2868 2581 3940 2044 3256 2369 5866 4467 3390 6426 6909 3826 6883 7367 2442
4239 4733 3555 6831 3091 7048 5233 6496 8129 3894 5135 6586 2486 3648 6179 3686 2022 3783 2963 4325 2327 5141 4501 2902 8685 5689 3892 5541 6347 4349
3547 5202 3693 5900 3826 8157 5467 6503 7472 3722 4106 7666 4655 3490 5373 4356 3630 5313 1566 3771 2974 5413 4361 2033 7893 5492 5439 7464 7363 3314
3825 5151 1994 6697 2258 7625 6515 5583 6673 4070 3011 5905 3646 3627 4984 3224 3027 4500 3660 4509 3358 4861 4436 2785 6639 5404 5766 5145 8599 4140
4222 6372 1859 5363 4058 7735 5769 6055 7077 3965 4972 5998 2944 2863 4322 2993 3029 4896 3559 4903 2200 6003 4778 1557 7989 4749 5500 7341 7031 2477
2526 4411 3173 7050 3891 6398 4544 5547 6535 5703 3061 7286 2592 3566 6318 3744 2477 4148 1752 3277 1779 5078 3965 3956 7870 4581 5608 6322 6808 3570
3507 5724 3675 5853 3218 5984 4478 6655 8501 4099 5173 7234 3055 3738 4742 2782 2377 5785 3669 2931 1810 3908 4823 2983 7618 5449 5308 5152 7872 4305
4720 5811 2435 7727 3754 8081 5740 6271 8430 4370 5260 7531 4401 2522 4779 4044 2040 4645 2758 2959 2237 4375 5185 2978 7294 6542 3945 6937 6903 4561
4500 5113 4317 6021 3426 6888 4805 5422 8412 4038 4892 7226 4723 3617 6623 2744 3921 5341 1256 2878 3281 5130 3672 2129 7734 6557 5461 7153 7857 2971
4399 4720 2897 7383 3785 6063 5420 6480 6802 3502 4599 7822 2286 2304 4272 3526 2543 5687 1399 4628 3846 4520 4178 2876 7656 4628 5224 7286 8124 2214
3643 5274 2771 5810 1852 6504 5507 6952 8427 3688 3146 5694 3794 2741 5495 2926 3432 4935 2143 2682 3322 3604 4682 2311 7479 5157 5531 6870 6574 2662
4460 6499 3446 5404 2337 8030 4400 5016 7591 3732 4205 5875 3032 2841 4773 4642 3694 5759 1292 3024 1677 5331 4603 1396 8612 6923 5062 5579 8474 3352
2170 4683 3199 6815 4021 6733 6358 5982 6638 3530 4239 5809 2413 2512 5535 2930 4028 4530 3637 3078 1786 4966 4033 3032 7335 6368 4825 5590 7404 2957
3489 6293 3714 6473 1843 7936 5724 6375 8604 5200 3161 7354 4016 3355 6387 5098 2578 4690 2325 3704 2637 5409 5670 3289 7894 4757 4969 5856 7052 4088
2512 6052 2178 6127 4308 7800 4354 7199 8180 5771 4594 6519 3254 2714 4279 3756 4177 6229 1250 3252 2350 4872 4456 3876 8234 6163 4314 5914 8161 4731
4273 6320 1744 6966 3071 5934 5014 4891 8206 3495 3498 6485 4378 2723 5082 3574 3640 5096 3328 2875 2268 4224 4143 2127 8789 5196 5413 7159 7896 3234
3337 4420 4202 6835 3610 6651 6211 5520 8542 4338 5106 7596 3499 3288 5592 3665 4358 5533 3664 2952 1779 4547 4698 2342 8296 5535 6080 5096 8257 4547
2805 4544 2339 7500 4343 5779 5525 5098 7371 4863 5196 5821 3816 3629 5556 4083 3177 4395 2469 4851 2905 4004 3441 2514 8146 6776 4038 6750 8165 2929
3412 6719 3003 6466 2115 8278 6391 4680 6712 3562 3817 7495 4680 2306 5513 4252 3754 3791 2716 3229 3738 4876 3790 2500 6326 6023 6330 6527 7407 4424
12 1 9 12 44399 1.0343754521652089
9 18 17 26 49855 0.9436801785675437
2 3 20 5 67534 0.9265817004497265
6 18 26 12 62922 1.023284776729409
13 24 28 27 55694 1.091452283053637
1 12 6 3 54493 1.0618989724535979
4 15 21 19 58227 1.00659988101144
20 5 29 8 47319 1.000351397444186
3 8 25 28 128002 1.0472880013892003
15 0 13 28 82469 1.0837110872697095
27 2 16 24 91453 0.9180853314822646
7 26 19 14 59708 1.0920063840804117
1 1 24 12 104245 0.9930681459384398
28 4 18 11 52251 0.9222432095521281
18 16 4 28 73880 0.9599076377123293
3 0 10 5 33594 0.9851878052398093
8 9 9 18 28504 0.9567810332283546
7 18 1 23 32441 1.0788297579559758
16 15 29 22 52343 0.9473401403959891
15 7 8 16 46311 1.0481194914721932
19 18 17 4 46180 0.9313169133786663
9 22 25 0 100365 0.9041376059315743
1 6 12 15 73665 0.9776428581743416
10 9 4 1 39966 1.0416490811674513
23 4 3 17 93845 1.0576617875530876
9 1 8 12 38839 1.0045053099454915
5 28 23 21 78688 0.9929680530099307
28 28 24 16 43700 1.0739172790777993
0 23 21 0 114013 0.989021594993194
10 0 26 11 80865 1.048611282197231
13 24 27 16 54770 0.9714082952671721
3 1 10 21 77592 1.0176516969649136
25 26 23 13 45887 0.9186758142493789
24 25 9 28 63769 1.0717146552905772
12 7 4 26 83701 1.0132796528309473
11 17 5 5 61604 0.9343057123546277
14 21 7 8 60333 0.9195459359558366
2 3 5 16 65360 1.017789477344604
9 14 4 23 39928 0.9571738112280647
18 7 3 17 75509 0.9933056261811886
4 14 25 20 74150 0.937012744947112
14 7 3 24 74934 0.990925342634841
2 16 27 28 105565 1.0540375827442285
19 1 28 21 73851 0.9344138515091662
3 22 22 17 64831 0.9217692822916657
6 18 10 7 39306 1.028831293151815
23 10 13 2 51632 1.0373193999231274
27 16 6 14 73994 1.0751718187166943
24 9 28 0 37063 1.0105036949880504
9 10 8 19 30545 1.0948170950812777
2 4 28 28 130013 1.007662448192512
24 9 17 23 54370 0.9295652870848957
23 19 1 19 59393 0.9039261674307656
12 17 16 9 40000 0.9453881096093643
14 6 1 21 78601 1.0887271208069869
23 22 15 7 72029 0.993588466995712
19 7 10 10 48125 0.9506205281848802
22 9 9 10 57766 1.0094923250239725
17 22 9 4 76852 0.9257049880040193
27 2 29 26 75920 0.9571988592462923
19 14 23 21 29274 1.0784790534200817
6 6 15 11 55682 0.9831560518994943
23 1 13 14 68353 0.9288600694629429
1 21 22 10 93381 0.9559139797547542
10 22 27 28 67397 0.9800171912472744
8 10 15 2 44227 0.9222044840335863
24 14 12 23 49959 1.0158471292716407
1 24 14 29 55735 1.033175657181606
28 4 14 28 100699 1.0155064089781323
11 28 25 3 108277 1.0670875537274829
26 16 13 26 55485 1.045169691647218
3 17 8 10 38187 0.9361456671025937
11 5 4 14 53543 1.0977803846995062
7 6 23 11 77426 1.0245343931647473
8 25 21 2 91035 1.0173865052641449
19 16 3 24 64420 0.9447511089949528
1 15 11 27 62730 0.9355473734305242
7 29 6 1 84749 1.0907047112912072
20 1 12 7 45435 1.0170198815781641
14 5 2 25 92612 1.0535167438571456
12 0 20 22 82360 1.057755690060683
15 16 27 9 55616 1.0346567928484178
4 11 20 21 72337 0.9218863905632791
26 22 9 26 60406 1.0550307446700216
27 24 9 26 63211 1.0952143756885173
16 0 13 25 78179 1.0972349490989783
19 22 9 27 44286 0.9585656616216329
26 25 1 3 127501 1.033361246600157
1 25 11 15 56364 1.055313244551405
23 8 7 15 72669 0.9673363157477141
6 12 29 13 76290 0.9157215575385863
20 26 9 18 50495 1.020907390833322
8 7 17 6 49605 0.9930485484538494
25 20 17 9 53103 0.9064002556801738
15 14 9 7 44685 1.0418877353281537
3 16 1 2 77200 1.0470058688868176
25 19 6 22 60715 0.9245803148513395
13 22 23 29 42339 1.071433622267993
5 24 15 25 44417 1.0395374848327292
19 2 5 14 84064 1.0272785254956949
20 2 28 12 51609 0.9360618303102424
29 11 1 11 106321 1.0666188059068953
17 29 29 19 59705 1.0733040404276553
29 1 12 14 88754 0.9556755300275436
25 20 12 15 44402 1.0869562463526612
28 10 17 23 62195 0.9882230508570398
6 11 21 6 82821 1.0667745433398736
4 8 28 7 106265 0.9692245133377584
27 3 9 13 89550 1.0642308323115088
3 23 7 9 58211 1.0848125728255016
29 25 13 10 79440 1.0535664625084395
5 0 1 18 77196 1.019852649074832
13 8 8 23 50732 0.939803532161388
9 1 22 23 98114 0.9178343721281835
6 17 23 16 53074 0.9056514790200559
4 23 5 2 77926 0.9007358498298617
0 25 17 6 105292 1.0539471993124632
2 4 18 10 71176 0.9258563171328019
16 12 4 16 44959 1.0270814270456126
11 14 28 1 87748 0.9655735766862864
18 1 4 4 49281 0.9654717851870732
23 19 9 17 43430 0.9933041676989447
20 11 4 29 87767 0.9008556252534909
29 26 6 24 80492 0.9503479876217852
27 2 19 20 69950 1.063127720509185
21 24 15 29 38558 0.9303025272057486
9 24 26 2 103419 1.081737335666119
14 11 22 3 53356 1.0540314666824093
0 26 24 15 96895 1.0457001572687281
6 19 8 9 35160 1.0185389760380452
26 17 10 6 76157 1.0835125407018458
4 8 21 20 84188 1.0410424142675225
6 3 27 23 111248 1.004266669041271
13 5 19 10 40432 1.0395493156994708
25 4 5 1 70323 1.0519760096748454
16 2 18 10 34653 0.9375949278109428
14 17 20 8 43758 1.0892690871165598
15 8 19 21 54689 0.9227969574935153
29 13 14 20 53913 1.0302769209654092
26 12 3 13 77502 1.0823357486736953
12 16 22 17 33002 0.9301872151201286
8 23 20 21 40745 0.9574231426230184
0 11 9 21 60755 1.0233130178091954
2 19 17 6 79898 0.9823685371309405
24 7 2 27 117049 1.0693644243968488
8 27 19 16 52645 0.9514965760684306
28 3 18 28 98035 1.0256212755101197
13 12 20 19 35099 0.9454017934377709
7 2 2 19 68823 1.0839302333847627
24 1 11 20 83880 0.9050615477399285
1 16 16 19 51023 1.0470052738648516
19 2 25 20 61438 0.9484676420152148
24 20 27 1 62078 1.0664157387463877
15 16 6 15 32531 1.0991689547942174
15 10 4 7 56729 1.046958968023873
28 20 17 12 50890 0.9603983351898014
9 24 26 13 71236 0.9437201249516634
26 4 12 15 74687 0.9268363098740043
5 25 10 14 45075 1.0202273700646471
1 11 18 17 68502 1.0229413624859063
25 27 21 12 57639 1.0343172484248209
17 0 16 17 64860 1.065033627052959
5 3 0 20 83700 0.9040285940781541
17 29 8 17 55379 0.9993483334715249
2 1 20 25 121670 0.9239143163693201
11 1 4 20 73632 0.9708944172866621
16 19 21 9 43956 1.0840771620660479
26 29 5 22 81636 0.9131245726183687
13 21 29 21 47430 1.016855308653958
17 20 9 0 78776 0.9144940962348448
18 28 3 25 72655 0.900893490456743
10 25 6 6 64073 0.9681815326243417
20 11 5 0 78518 0.9538486811901353
22 14 13 20 43627 1.0994938008137483
15 22 6 14 52772 1.0963111097097833
19 16 24 2 52784 1.0768850257851652
29 11 25 3 42609 1.077519097905311
17 10 9 14 45226 1.0376924779769374
5 19 14 23 37721 0.965690884136324
28 10 7 6 96119 1.0885550274546607
27 11 12 22 68524 1.0706499442582145
4 13 23 8 76875 0.9579205100664956
27 27 0 29 104733 0.9910862393184008
27 2 3 22 121042 0.9865548565097335
18 12 0 4 79637 1.0348619463408266
23 27 23 5 76311 1.040971835923072
20 12 6 18 49154 0.9364264872707577
3 8 8 25 70596 0.9708018598373892
12 21 26 22 48487 0.9288033444557268
20 27 3 24 65485 1.0797308097367317
22 4 9 2 43994 1.0510378998488266
19 12 0 17 65376 1.0332117662237774
15 29 23 1 103272 0.9048781523382928
13 14 20 5 51007 0.9522087823033054
11 7 1 19 60789 1.0199528581536637
16 4 28 24 84849 0.9826134094110923
5 13 0 18 36065 1.0570462661611235
3 15 26 3 108995 1.0496776455671517
2 29 25 6 120919 0.9158779541450801
24 13 29 22 37471 1.0491376388875349
0 0 21 10 92654 1.0232939875017983
16 25 11 9 62305 0.9329104130945957
2 6 19 20 94162 1.0758929534845258
7 23 15 6 67766 1.035932543110864
16 24 5 26 46595 0.9352087111378196
4 24 28 19 76134 0.9623818278610826
20 19 15 4 58444 0.9880082683896426
21 6 13 9 46091 0.9219262003059422
8 8 7 26 53362 0.9409491313972068
12 4 8 14 43975 1.0915750117798753
11 19 16 4 57488 0.9431496583088798
7 3 5 14 53614 1.0165423398836666
9 8 23 7 70712 1.0308542717420037
16 8 9 27 75791 0.9168469591410746
0 21 26 6 112212 1.0056829607187863
1 22 27 13 94492 1.0673625293982991
19 0 18 19 53161 0.9750399550439385
16 4 27 19 70116 0.9649977276215814
11 21 25 22 46529 0.9498140695857918
24 21 11 0 91643 0.9678672752398095
26 16 13 16 40901 0.9730969113929258
6 1 27 22 115476 0.9400634604139999
8 14 0 2 60655 1.0285232009508014
15 28 4 21 58473 0.9330025136557506
20 6 11 27 86022 1.099092712017409
10 1 27 1 59101 0.9914568736472509
28 21 19 1 73851 0.9540464742184939
6 16 28 5 96588 0.9771328575224651
2 15 2 29 75376 1.018701987613135
13 10 12 19 27512 0.9315905169114956
6 24 18 26 54663 0.9400985690709409
0 18 15 16 38414 1.0365283736174742
2 19 15 29 64712 1.0740733940153788
3 12 25 7 94279 1.0528877023849192
29 0 9 15 102074 1.0975622337776996
24 2 14 10 53831 1.0664044126138505
17 29 1 22 67408 1.098920073784873
20 18 11 22 31538 1.0705093716522947
11 11 10 2 31871 1.0615322824040367
25 21 9 5 93624 0.9911030557065182
3 24 16 16 56995 1.04492359513528
27 28 27 8 70055 1.0620447183646713
0 17 23 19 61304 0.9473881622532481
1 21 29 20 83698 1.0408665304607785
14 3 27 9 60625 1.0168749525588159
10 4 22 27 102962 0.9960373411306728
8 21 25 12 64645 0.9670040460307725
17 19 2 26 67116 1.0301143095055842
1 3 26 12 106716 0.9248568674385481
18 21 2 8 89887 1.0716618608148596
18 18 2 20 49037 0.9549038298742751
27 15 2 24 89033 1.0262557153498446
4 17 24 8 77881 0.9949571444088587
9 19 6 7 51063 0.9293690042802406
7 7 20 20 73185 0.9600370545330279
10 3 8 25 64228 0.9447043441101086
10 15 17 28 63231 1.037481710563835
12 19 8 8 43058 1.0583824580808077
7 10 15 4 47489 1.092227382620496
29 6 6 23 105211 1.0926412291877963
18 6 15 15 43275 0.9795822453460651
22 3 1 22 114964 1.0226359386874977
25 18 19 29 39357 1.0994351285328503
24 12 16 7 47852 0.981916503341263
17 4 27 13 53671 0.9096424539069712
22 28 1 18 81476 0.991381008707766
8 4 20 10 58810 1.08906658679798
22 24 1 12 88694 1.031161601423971
19 2 2 3 58381 1.0548817861227184
0 7 10 12 64027 1.0570244540447047
26 2 19 26 82716 0.9990536018732936
27 11 1 17 86994 0.9522115632699476
6 0 7 23 74537 1.0057797027071678
23 13 16 24 51390 0.9707170498874012
6 20 11 29 35543 1.041743567499037
6 13 12 3 54242 0.9110480704383283
18 28 11 21 46620 1.0645042661219946
20 29 25 11 65494 1.0883391912909304
4 14 15 4 68505 0.9797819563688431
27 6 8 27 102569 0.9492368370171582
9 27 4 5 83075 0.9066730573443609
19 29 8 1 102263 1.0656858132751865
16 7 28 13 60012 0.9161111913623633
16 22 11 11 48705 1.002120517477648
20 11 13 15 32348 0.9345094823493261
28 26 8 28 72705 1.0763931508876414
2 20 7 26 36518 0.9868430077681026
22 8 18 26 68191 0.9015639315542056
17 22 19 10 41979 1.02487368657872
7 25 28 19 69094 0.9665444380051509
16 3 11 13 48354 1.076022965673664
15 0 3 12 76357 1.0372747829431692
13 8 29 13 61523 0.9225103708790092
13 17 1 23 42000 1.003360568361264
25 20 23 9 34640 1.0436113034821353
11 16 7 9 34578 1.062949008437985
9 0 19 25 99329 0.9214376577161661
27 12 9 4 83737 1.0034515827476291
14 13 18 20 26467 1.0801713724382918
9 26 6 9 61694 0.965682852725753
5 28 8 15 51950 0.9690008014085922
4 15 16 26 69961 0.9378308631157042
21 17 5 16 50977 1.0912217100850872
1 25 13 6 85937 0.9267016442982074
18 13 24 27 56443 0.901331700431859
20 23 8 6 78037 1.0708326237455112
1 8 15 20 81742 0.9663235251439735
7 15 27 19 60602 0.9953675080401461
9 9 2 16 45699 0.9108072224848852
13 2 4 25 88949 1.0065332098275968
12 23 18 5 70971 1.0718891890520008
15 7 0 4 58266 0.945041505236883
24 28 16 21 43987 1.0060612228958428
8 26 4 5 75307 1.0156256653439095
18 29 0 9 116597 0.9524896111615553
8 16 13 10 29378 1.0065689844020131
24 13 24 24 30323 0.9021499086385244
14 16 20 4 50181 0.9402173513219112
14 2 15 15 41362 0.9455031378635965
28 2 17 1 38541 0.9721777985255038
25 8 10 12 67865 1.0852756160864163
0 18 5 24 39809 0.9135652871675758
8 27 16 12 55706 1.0965544269299086
13 1 4 20 75410 1.0216049476380828
9 20 16 13 38165 1.0965439485780806
5 27 1 11 82821 0.9979320203000239
1 18 12 12 41853 0.9169471412118574
0 10 23 17 91866 0.9218965226798866
12 4 23 14 62873 0.9961006032272474
0 11 9 2 65229 1.0336296554713793
4 13 21 13 55878 0.9224157293539709
0 23 22 19 66022 1.0006780268079172
5 17 12 23 34416 1.0653883775247128
12 11 5 8 47511 0.9190381030907157
7 21 21 13 57925 1.0377005259829453
20 25 28 1 91272 0.9710140976667168
10 24 20 10 61974 1.0101408719506901
8 8 21 7 69798 0.947547377186522
26 17 18 12 36566 1.0593004740571965
19 10 29 8 46701 0.9567836210146912
7 25 25 17 64488 1.0208730736359488
29 11 26 4 32849 1.011885550496359
3 14 29 29 115084 0.9012626092881357
23 9 8 14 64633 0.9837958373897544
24 23 7 27 56105 1.0360710022755115
7 28 24 23 62126 1.0619266424659743
23 2 7 27 107173 1.0416565726627594
17 18 29 7 60573 1.034247012614809
20 11 0 13 72626 0.9976411992839974
18 29 10 25 40472 0.9230920922654904
27 4 17 22 79279 0.9751674346604324
5 6 9 17 53639 1.0431520852416325
13 11 7 29 57398 1.0437102100477667
22 1 24 26 81946 0.9285527510719424
15 25 25 22 43885 0.9375400813597794
2 5 6 18 65817 0.9952592684357575
0 9 26 28 135129 1.0931390203648952
27 17 0 4 111991 1.0362535074301118
9 3 1 18 64103 1.0708397613296528
28 3 18 19 69043 0.9503500310802755
13 9 15 27 57681 1.078467710334931
4 29 8 13 53565 1.0965816987180614
29 28 10 29 70195 0.9213810762460944
28 24 24 5 61966 0.9163899147399059
14 16 0 24 56992 1.082456023302607
29 0 17 1 46523 0.9187559469610237
15 3 24 15 60796 1.0949749073363841
19 2 6 17 79867 0.9233429010678769
25 6 12 3 52545 1.0723825144420165
27 9 1 21 105701 0.9263891735518615
3 14 15 7 64300 0.9273975121545306
13 23 1 29 50416 0.906499482503683
16 28 10 24 37385 1.0752816564881058
1 10 10 4 56432 1.0224354562029543
22 25 20 0 82441 0.949628527958415
18 15 29 16 39919 0.9605150724489095
21 22 8 26 46819 0.9045787011107239
2 23 13 27 38920 1.0580093348409065
14 27 28 6 91827 1.046346853521525
23 4 22 29 79105 1.0596725705048957
9 9 2 29 77883 0.9554689486463117
17 9 5 19 62871 1.0702856464612758
27 28 12 21 67354 0.9688190090292542
23 3 8 20 87185 1.0453159289576353
15 10 27 25 83094 1.052501369306111
16 11 10 0 53778 1.0510875982711119
11 25 20 23 32203 0.9899339902456354
22 4 18 28 80380 1.0183974140376146
13 0 17 9 40259 0.9286210522259991
15 1 25 19 79559 1.010974578427468
2 7 17 23 96412 1.0817856872041454
7 18 22 5 80334 0.9247235065643343
25 20 29 26 28119 1.0736252948487586
6 0 26 25 122578 1.0939210782781834
7 1 20 4 50210 1.049775176663598
12 20 18 3 67564 0.9003142705508314
29 18 3 23 75825 1.0858286172899259
18 12 0 17 64234 1.0646218319179281
14 24 5 10 67439 1.0629535914731136
22 15 1 0 107183 0.900859810552578
15 10 4 2 56456 1.0102951940394265
17 1 12 18 62103 0.9340688848527545
12 25 23 12 64839 1.0101892981005118
26 26 18 28 38622 0.9105645119512212
0 27 19 13 99705 0.9067642853205
0 4 12 9 52778 0.954622956473733
27 22 15 7 81114 0.9052872860317787
22 9 15 14 42459 0.9675634580919035
13 4 3 10 58945 1.0111518259912644
4 3 10 14 51791 1.0398390628950849
15 9 17 28 77775 1.089487259209246
23 13 17 29 60228 1.0013886809241517
21 7 11 18 64929 1.0005861400049525
24 3 1 26 127327 0.9945530838194521
19 20 24 29 37988 0.9274066226210979
5 26 20 6 99994 1.017684494047464
15 23 16 5 66395 0.9956390964073845
19 10 15 0 41485 0.9326446203678374
8 26 3 20 28508 1.058164509126529
21 2 4 11 84794 1.0142812757820525
25 1 16 28 108090 0.9638250447894781
7 0 1 16 72699 0.9485881146430672
11 27 0 4 90743 0.9671762390080887
3 6 26 2 81795 1.0447734884401876
18 12 1 20 67763 1.0931842659540916
17 9 24 0 45962 1.0321353794103851
20 9 16 21 47233 1.001273891507904
9 14 25 23 68035 0.9620650310302884
14 3 23 24 82924 1.0109614656339312
2 14 26 8 100101 1.0510479043813628
12 0 10 27 81061 0.9971039998165182
13 4 18 24 72567 0.9629570735283298
3 24 23 15 78093 0.9196495132470645
1 14 3 0 74084 0.9711013385075068
11 14 16 20 31308 0.9576357131312389
28 2 16 5 46891 0.9310549901170109
26 26 4 26 81059 0.960548962388316
24 8 9 6 67210 1.0528091936962811
10 10 17 6 43292 1.014062843857546
19 28 0 12 93803 0.9605433968396673
10 9 13 23 44921 1.0099238985028582
11 4 2 24 83247 1.0009680003282222
25 14 19 6 40146 0.9327048163770347
11 25 9 7 59219 0.9071013922966465
25 0 6 25 116704 0.9009594638010316
8 28 14 22 29162 0.9868720323962608
22 0 2 17 107218 0.9717516229692751
12 28 12 5 77733 0.9217887244994376
6 0 10 22 71962 0.9138858016409463
1 24 23 29 76893 0.9040982039532959
26 13 13 3 66141 0.9195283423358123
29 2 24 18 59258 1.0041739823449725
6 27 8 17 33346 0.9090939744091933
7 8 15 28 84443 0.9556738975162382
26 8 3 1 90485 1.032062140586376
26 8 13 3 55554 1.0781090222829752
17 11 17 22 51360 1.0246742759898129
9 4 2 20 67778 0.9054261095869957
19 14 24 4 41823 1.039625168894808
22 6 18 18 51964 1.0541695501346682
0 3 12 16 73040 0.9426528821102566
3 1 19 0 59206 1.0184781199277149
2 23 17 24 47014 0.9909883521462377
7 19 24 26 68628 0.9147927085595865
24 22 13 25 38197 0.9536934506686537
22 23 29 13 49040 1.0726282856102143
18 17 25 21 28518 1.0877214213057136
8 29 4 19 35633 0.9640721365841831
20 13 11 0 60549 0.9195312685506293
0 27 11 24 59226 1.072305776664206
17 5 26 26 91746 1.095888637474485
4 22 26 11 87681 0.9039095565563701
14 20 5 29 46275 1.041399576082852
25 24 18 0 88908 0.9434009393174942
3 13 16 14 50514 0.9016004188891279
2 27 15 6 102745 1.0972523342264178
29 7 1 24 117379 1.0447642074256909
28 0 29 28 84121 1.0948147744059278
13 14 22 15 34352 1.01067049609252
29 2 20 11 58127 1.0564175175233887
20 10 29 26 71365 0.9932753345590948
15 23 25 4 80490 0.9034044077310946
24 10 13 20 50839 0.9525036411504372
12 14 24 20 46796 1.0826474040984284
27 25 22 9 62836 1.0532294589113094
16 10 21 5 40900 0.9865235207649539
16 4 24 15 51507 0.9567888129718215
28 2 11 24 102291 1.0887895071678557
22 3 2 29 124736 1.0656326433117025
21 3 4 1 60088 1.0464868299640107
29 5 15 7 64592 1.0022961203356198
23 7 8 16 69700 0.9293436447117742
13 0 10 15 52382 0.9114807342117243
14 16 23 17 28423 1.0713217583018952
2 23 8 13 41654 0.9646332175745364
22 10 3 19 76568 1.0248758178638946
5 17 29 22 75285 1.0227148839683036
8 25 15 2 75461 0.9970195067738579
7 5 21 11 76863 0.9007927134953918
24 22 11 29 56697 0.9054061749261543
23 20 0 10 94612 0.9930986394964069
10 21 18 11 48564 0.9740679310356298
19 1 0 9 94234 0.9950326323456542
3 3 12 16 63477 1.0557077940185082
5 18 18 8 60461 0.93786935112198
12 9 4 5 47196 1.039337094213087
25 27 20 14 57542 0.9516103152443391
24 3 27 14 42869 1.0055421629872858
7 29 9 0 82242 1.036162503387621
26 23 13 17 50157 1.062568724718275
5 3 28 21 110053 1.0055014759172398
21 14 5 13 59580 0.9946537249850909
12 26 3 3 88635 0.944356715353235
19 25 20 0 72786 1.028865526105824
6 22 28 11 86663 0.9764379484354936
6 26 23 13 78425 0.9947925792689488
29 24 7 11 92040 0.9370615917000589
5 4 11 0 29479 0.9263132244715845
28 23 13 29 56209 0.9797242397141694
9 2 1 22 85614 0.9513228342941
3 28 18 22 69203 1.0530616491490064
25 18 3 11 76164 1.0459196760496594
24 4 23 13 29896 1.0879679655479124
25 29 19 5 83486 0.9435660418641216
3 17 15 2 75236 0.9606401887351668
23 8 2 15 90134 0.9914786664594254
9 9 4 25 65141 0.9705311421414894
22 3 29 25 84027 0.9959330678526928
28 24 2 11 103390 0.9552562653800605
13 22 6 0 80408 0.9456164961461883
0 5 25 23 126460 0.9154854858726147
13 15 0 20 46442 1.0338072221596561
25 1 1 24 125480 0.9087917795041304
21 27 28 15 62538 0.994418657077856
20 2 1 14 97378 1.0771229050751006
17 1 19 10 32741 1.0322498543990042
29 2 21 16 63517 0.9492902136118304
16 0 27 4 47301 1.082020732425279
26 2 15 3 38802 0.9328733990904927
26 26 5 18 72739 1.0213336356684415
1 18 3 28 55059 0.9387466339787139
3 17 26 15 67719 0.9666478163709885
15 22 19 6 59744 0.951102561220389
28 15 18 9 47687 0.9391719304837484
15 17 3 14 52563 1.0257871220736188
9 16 25 22 57914 1.0142891303204264
2 29 8 16 52076 0.9102055624373778
17 20 1 0 98788 0.917612670352278
10 21 26 3 89051 1.0902134649645001
23 24 13 12 57465 1.0700081118847864
19 28 29 3 93228 0.9504525438124238
9 14 23 26 72315 0.9626831843556247
5 28 17 11 88768 0.9041921363455152
11 29 28 23 63872 1.0901682001718438
27 22 6 10 91166 0.9158258287596319
2 11 23 28 108526 1.0087665969721809
8 8 21 9 59151 1.0696487790392122
5 24 1 8 89950 0.9247548414465172
11 28 19 13 62973 0.9775198914500076
26 11 3 17 78859 0.9366015481476786
18 17 22 0 61935 0.9414992145229746
10 14 25 17 49660 1.0094325773360378
1 22 26 25 78045 0.9933626349342791
11 18 3 7 62438 0.9730881636537831
0 17 13 20 38816 1.028727622872884
15 3 7 12 55771 1.0483808378371406
6 2 23 23 101081 0.9151713491200981
9 10 17 1 54193 0.9684044759814759
12 23 1 28 53986 1.0715832542193868
10 27 17 20 33110 1.0606330043878285
23 15 28 4 47241 0.9324056597732784
3 27 10 10 72366 0.909523602298662
14 10 4 29 74628 0.927619716471919
3 21 8 15 31821 1.0750944146822312
1 23 7 1 84889 0.9553993761236625
9 18 24 9 60270 0.9856870696319774
26 15 14 25 55716 1.0740037878350768
16 16 4 1 77479 0.9789702646766887
16 25 9 16 45991 1.091283820092492
7 26 11 11 52047 1.054124883014903
22 15 8 3 81407 1.0639191004320414
16 4 7 12 56042 0.957670004862945
26 20 15 16 34580 1.0870634012493987
26 23 7 24 58149 1.0442062069909583
28 4 19 23 76395 0.9162768747375518
22 4 27 26 80120 1.0337652152761276
26 8 15 21 63343 0.9379805272533281
26 7 19 15 43921 1.0064857821291555
23 18 15 15 28879 1.0506357624886946
0 22 21 6 111588 0.9051500580896646
11 23 8 4 59400 0.9478984531706689
20 27 10 24 42373 1.0018930641369606
29 10 1 5 114252 0.9691415473297191
23 21 5 17 57035 0.962946901376099
11 24 3 4 75577 1.06617484364453
15 7 18 24 68044 0.9860279749901509
22 24 9 23 36863 1.0075908655707615
1 26 19 6 108544 0.9016085012027154
3 15 5 27 63171 1.018956418659417
24 29 24 0 82158 1.051239363389849
11 18 2 16 30644 1.0005667544665497
12 0 24 24 96019 1.0132395498595852
3 6 25 10 98117 1.052824170005542
19 11 2 14 69033 1.0144059926306994
17 20 0 10 78463 1.0749927517517932
2 0 12 10 62455 0.9624551459646774
1 4 27 24 123505 0.9439253477150413
3 28 0 14 85104 1.0133122731548219
27 2 1 5 87180 1.0525966142342038
28 7 4 13 93016 0.9352631535703426
5 6 14 3 43421 0.920148018854812
15 20 27 10 56508 0.9360777336113499
15 22 0 16 60281 1.0678088631572602
24 21 3 15 73001 1.0265786141633755
1 27 14 24 59942 0.973859414510178
20 27 12 21 42377 1.0962551952001862
11 17 12 8 36024 0.9418561455473404
13 0 24 22 86524 0.9565196586386785
17 21 28 4 77483 0.9067256806976997
8 26 27 6 100623 0.9515282686839903
28 21 14 27 54125 1.001140525280959
18 13 0 28 99250 0.9464092922464957
19 22 28 15 40719 1.0037363901957654
8 16 21 26 63501 0.9478564579152261
5 6 7 19 56460 1.0767541497268729
12 10 5 26 69343 0.957085305832389
7 8 19 26 84834 1.039520715440513
16 14 25 12 35163 0.9421032651391175
3 29 10 13 60420 0.9098191806856847
7 3 28 2 70308 0.9846782803335246
18 23 1 1 112315 0.9489097474140515
25 19 12 7 67421 1.0326510648231775
27 12 19 6 45472 1.0141977792958747
2 16 5 5 63358 1.0504001529646443
12 8 0 26 95059 1.0503663381781179
12 26 5 13 52102 1.0043135493010333
0 3 29 2 96938 0.978683542687469
13 24 25 13 55986 0.9923467527446983
27 27 2 25 95809 0.961569191063147
2 28 22 15 97445 0.901634842834176
13 4 29 8 66597 0.9659287983436666
20 2 15 28 91406 0.9869091592323006
5 24 25 6 103825 0.9375247376666356
0 26 23 21 86049 1.0176202449266116
8 25 18 20 34561 0.9791352355303238
5 17 10 26 34991 0.942253120254018
27 12 2 1 111609 0.9606567883306767
26 26 22 14 51018 1.0775883296738855
16 13 24 25 57216 1.0518670324807182
28 5 23 15 44256 0.949844425242149
1 9 21 0 99511 0.9184397659873269
0 5 25 1 92357 1.0963842160286064
7 23 17 11 60916 1.0333537202381833
5 7 28 7 103317 0.9149326556025493
28 9 10 27 89647 0.9636374527796452
12 27 24 17 57494 1.0742072009910895
6 4 8 20 51105 1.0085063927324909
17 14 4 19 49107 0.9628418350214926
1 24 1 12 70838 1.029537873616333
15 21 28 11 59814 0.972680254975649
26 1 24 21 61449 1.0044254015929357
7 19 12 14 31225 1.0744613208208418
12 24 29 9 86765 0.9710730666519173
17 22 26 19 36362 0.9580666675014076
1 24 25 23 69146 1.0216521877541886
29 9 7 25 97524 0.9115675861122985
13 4 25 29 101357 0.9947645636949095
5 18 17 9 56833 0.9289644426176336
3 16 29 9 95362 0.9452190944508447
4 15 27 8 97660 1.0784180189306454
22 24 2 4 104593 0.959444967413025
13 16 1 12 46992 1.0427812009223818
12 17 10 1 53917 1.0753144714014389
3 9 25 12 91622 1.0561247810061851
26 27 2 18 83553 0.9225200801839757
14 13 2 3 67815 1.0258154571657387
25 14 5 16 66139 0.9434158685710963
2 21 0 9 77552 1.0338066326343163
10 14 26 29 81731 0.9478421171275115
21 11 15 29 70646 0.9140524314740952
1 29 3 13 79405 1.0052413033508805
10 4 6 13 40371 1.032157611251988
26 21 16 14 45689 0.9882384364177803
11 20 1 4 68759 1.0831151028694226
10 17 11 8 32078 0.973637409079366
5 23 27 17 69794 0.9518251293323543
5 28 20 2 115353 0.9380188095336761
10 7 23 7 65236 1.0205905988623785
13 10 11 19 28663 0.9901667047344337
19 4 6 13 69324 0.9527433677283463
17 12 6 7 58261 1.0374801901275348
24 3 21 27 87436 0.9415606677602629
4 5 5 27 95159 0.9400888870325591
3 5 10 11 45733 0.9091077766211381
16 21 17 9 52139 0.9937526829775886
7 15 0 26 64208 0.9567391932084894
22 24 2 25 69925 1.0867753704201173
20 16 7 21 46884 0.9645164414932578
21 12 3 27 94758 0.9050859827775969
5 4 27 17 98716 1.014369159995912
26 22 17 21 36720 0.9567819136796745
28 7 0 29 131010 0.9285842816068582
18 3 0 13 91564 0.9733434822473807
16 22 11 8 57133 1.004764267554652
7 4 6 21 58281 0.9897618840607232
28 21 7 19 61565 1.0769459577985645
21 25 15 8 76625 0.9312390432551292
4 23 4 6 76559 0.9179363679134788
27 20 5 1 109920 1.0103178841265887
22 6 0 17 99503 1.097743736730153
12 7 2 2 49310 0.9712962992221623
7 26 24 4 98860 0.9415282138253293
0 19 26 16 71490 0.944718147599117
20 4 26 26 78795 1.0267261251235567
8 22 1 13 45953 0.9594985558375351
16 28 4 16 71099 0.9919883015608291
7 15 28 14 73931 1.0695570856281509
10 7 23 20 68884 0.9897335973329923
13 3 2 28 106242 0.9247847313988851
28 15 18 3 62792 1.0319401489702806
18 25 6 16 59435 0.9016390243055826
17 9 5 23 72226 1.0750795573735217
20 19 24 4 52524 0.9172959797256759
2 2 29 15 116603 0.9670183576779103
22 28 15 9 82718 1.0092612140565331
29 1 5 23 119667 0.9490487336786759
20 0 9 29 105170 0.9152511760422036
1 7 12 5 57285 1.0698586369299452
5 11 26 9 90632 1.0839300731844703
21 21 12 3 78567 0.9820726335614467
2 1 21 16 101904 1.0544602665315241
26 15 12 27 67843 1.067769849869111
6 28 6 6 83564 0.9161144082526645
17 3 15 16 55571 1.0708818266686246
27 8 18 22 64679 1.0640289749852128
27 6 15 21 74909 1.0131512611687357
16 7 19 21 56118 0.9879231390432196
9 6 20 21 72611 1.0794722401046921
10 16 3 26 49930 0.9446538623416759
16 28 20 6 84231 0.9106212024135248
12 28 7 9 69826 0.9638309783435682
0 1 29 12 125184 1.0675231973577033
19 29 11 13 62846 0.9243050829836137
12 24 22 1 93105 1.0996232578633243
4 22 10 6 63629 0.9658053377026554
21 1 7 25 102190 1.0444906192981407
29 10 6 5 101130 0.9335500187435988
3 8 27 1 99149 1.0973815881014348
15 5 2 3 50706 1.0328539085694377
1 4 18 11 77304 1.001195927995201
2 27 18 24 70585 0.9497261486013254
13 0 28 4 53356 1.0368120420974076
28 24 27 3 67758 0.9400218513563874
12 29 11 11 57816 1.054019668528897
29 13 20 7 47997 0.9530398805068755
11 18 23 14 45450 0.971208922150937
12 7 19 15 47959 0.992307197057829
0 20 15 24 57990 0.9911013914188485
12 8 25 17 65273 1.0003569234028111
28 2 22 20 65765 1.068793128694077
0 9 14 27 98015 1.0715478474162803
20 8 10 18 55466 0.9371992318497486
1 23 18 2 97871 1.0859642820269697
11 7 15 14 33918 1.0939927480539131
7 12 18 24 63899 0.9019773208779375
8 7 21 17 68646 1.0539042157073406
23 14 29 3 51439 0.9406426397646128
2 10 17 23 80814 0.9851800098339093
13 2 25 24 95056 0.9090386014563411
21 11 4 4 78417 0.985023663958707
28 18 21 13 32249 1.0796361790696833
18 29 2 26 74047 0.9985761542045797
24 16 29 9 33408 0.9591557517598968
2 16 26 18 67201 0.9177428886669216
17 16 3 20 46562 0.9479758714485456
24 19 10 16 41086 1.0502870956717243
3 8 16 2 62232 0.9000603500063467
4 17 12 10 48747 1.0100701996633026
8 15 18 17 32483 1.0298548814469686
12 4 12 28 76744 0.9524569651097123
3 19 13 10 47274 0.9708246003506594
3 13 15 9 52372 1.0715052850429936
16 16 17 5 53195 1.0676407766619043
7 16 9 2 46890 1.0263822627480352
5 18 27 21 60359 0.9717108025357806
26 4 15 1 45206 0.9423714124540452
24 24 25 4 61172 0.9580778723496256
25 18 18 2 59568 0.9201696925403108
18 17 8 4 65230 0.9101447828141711
25 2 0 23 116726 0.9819502584139789
19 21 25 28 41229 1.0575914249129443
0 15 17 2 97394 0.9420346650309903
21 4 19 15 36395 0.9759573629522016
24 17 2 16 65697 1.0459850379703723
23 25 12 2 93856 1.047472166870072
15 29 20 7 80696 0.929827793410362
24 5 16 1 35476 0.9232749356162769
17 8 19 19 41102 0.9909973746069609
14 20 22 17 24864 0.9385380669564961
10 3 8 12 34492 1.0203156698033422
17 21 6 9 66627 1.0661458431462973
11 7 27 27 101168 1.088115174759131
19 13 23 3 39912 0.9834291259130481
13 28 4 2 92709 0.9828005484473148
9 7 1 3 35956 0.9605641863832859
0 25 7 13 60075 0.9953331568655542
27 19 10 10 65878 1.09106713057115
19 17 17 4 42409 0.9229762568559242
27 17 11 26 65438 0.9602424935901446
0 11 24 25 107430 0.952556074965811
12 22 1 4 79113 1.0483565381843167
27 9 19 7 39573 0.9868692632120722
4 21 22 2 99013 0.9864613664865534
10 21 12 1 65212 1.014946483009822
1 10 0 19 54109 0.9759272973349329
17 7 10 28 80242 1.0925275712248033
8 24 25 6 89421 0.9857936998643814
6 2 10 17 53282 0.9805803742698702
1 0 24 4 79251 0.9818973160113678
1 5 12 24 93956 1.0996105602127908
8 29 28 9 97342 0.9349390255578015
18 7 18 20 45755 0.9793070880858968
16 1 24 6 38931 0.9714944372368537
25 1 25 26 83566 0.9762091238568251
29 6 10 25 96284 1.0222219023379138
23 10 11 10 51799 0.9558353680538059
15 3 6 28 97883 1.0057964237265153
16 4 4 7 53022 0.9634919469777503
10 14 5 22 36471 1.0789852887315647
15 10 29 1 69863 0.9005140834233721
20 17 4 5 88019 0.9557630155249205
28 11 18 20 48878 1.0850645319768517
26 19 6 10 76963 0.9246521579836119
0 26 4 14 69293 0.9803287563870045
25 3 6 26 113331 0.9047200644363543
10 19 20 27 48923 1.0507106587556023
29 17 20 1 73732 0.9872116910942377
20 12 0 16 69793 1.0142406350349051
19 29 2 4 107694 0.9222925496430031
25 1 0 7 103856 1.082777678970975
9 0 17 28 113372 0.9482095880564546
25 8 17 2 45360 0.9142803893831994
0 23 12 5 84641 1.075169853164834
8 29 28 23 65952 1.0587499592542784
25 29 6 22 75462 0.9520704181186683
25 9 29 18 39522 1.001852351433273
16 26 28 4 98610 0.9352274232527057
25 29 27 18 43819 0.9950422333623394
16 17 27 21 40907 0.9811496645583705
15 15 24 14 34059 0.9295577297312757
13 3 18 14 49212 1.0283819607124747
21 16 9 4 70583 0.9691605812605224
13 28 24 0 100165 1.0561490886374765
23 20 17 12 40838 0.9583669833056425
6 2 15 9 47220 1.0503045277266296
13 11 18 1 42590 1.0097623771528528
1 5 6 11 51983 0.9859981966569675
22 21 1 16 69870 0.9922069846480523
10 29 20 7 85649 1.072440953503214
11 1 11 22 66205 1.086145441327804
3 4 20 23 95296 0.9387517088990242
13 3 24 13 60704 1.0517353700492054
22 19 26 26 32997 0.9742615000214052
24 11 28 23 41361 0.9749273562618009
17 6 6 3 51645 0.9091490363243225
15 4 8 11 46864 0.9670283619310616
14 1 10 16 52510 1.016989082529136
18 24 16 3 75373 0.9294631622186258
17 11 14 26 56107 1.0769206178418123
20 23 0 26 71034 0.9994917932063011
28 27 21 12 59306 1.019364852715091
1 18 25 19 58326 1.099553500001933
7 3 6 16 52211 0.9270708398667855
3 18 15 5 68958 1.0439306511327648
10 2 21 29 99983 1.064193388013996
2 26 20 12 90081 0.9361136331773817
16 3 0 5 62759 0.9417547476405135
24 1 0 29 138548 1.0876823780201719
8 11 29 11 79101 1.0984793287117196
9 25 28 10 85078 1.0988313066180921
18 18 6 1 82251 1.0100399712232884
29 23 24 10 46265 1.027352732300574
17 11 17 28 72205 0.9430387832618341
20 9 25 0 43568 1.0177394139419391
3 28 10 6 88087 0.97433884288395
6 28 21 16 75668 1.0662751708566154
24 16 21 27 50109 0.9007330763842765
17 12 22 6 42251 1.0860295294841082
10 28 26 13 74086 0.9867725154570011
19 19 9 25 40423 0.9418694055698348
22 0 26 15 54364 1.0755076919035753
8 29 27 12 86127 1.007500769754447
25 10 12 28 81868 1.0845739311149691
13 15 4 14 38928 1.0894150655822517
25 24 8 24 54501 0.9858943073880666
9 15 9 25 31164 0.9643228861906538
13 25 29 4 95782 0.9832547610196931
28 9 16 20 58347 0.9432021864737425
20 20 15 8 55811 0.9211246895061919
0 20 5 8 73303 0.9989397151960328
28 5 5 16 98623 1.05399140634647
9 19 0 1 84439 0.9347821913868467
3 9 14 15 61205 0.9124942597653514
16 8 22 12 36515 1.0726232695689666
8 12 7 21 28481 1.0758598805675568
13 14 3 1 69964 0.9697298160818479
7 9 21 28 95678 1.0065288596718476
3 18 20 26 63831 0.9626232300200632
2 8 24 28 124306 1.0080433722619773
15 22 25 6 73369 1.0108115351868585
16 13 0 23 64616 0.9044622132375546
17 28 28 25 54316 1.0984034032085972
4 25 21 13 79203 0.9265795840614742
12 13 26 25 69366 0.9184836494761991
2 23 20 27 61135 1.0858072585973726
24 13 13 5 56931 0.9437135836824191
17 12 26 5 51988 1.0093897869740285
21 22 7 22 50039 0.9875068024344693
18 5 28 24 78949 1.08061899087904
29 3 0 25 137582 0.9056536128256818
18 9 25 28 78107 1.002008823580993
4 15 16 25 65264 1.0408844405118909
20 22 24 6 55629 1.0909003268472646
18 28 8 13 71720 0.9551648497051298
4 12 10 25 47711 0.938367250731354
14 26 20 1 83500 0.9632881302532438
15 26 1 4 98589 0.9860233678074374
8 20 13 3 59073 1.097368939270473
16 1 21 24 83669 0.9545266104228662
15 4 28 27 98709 0.9656407043516367
19 16 10 20 33103 1.0421786179696337
5 15 10 25 40196 0.934333173373209
13 21 24 0 83519 1.0706298074417744
5 19 10 27 36438 1.0421707009120478
29 15 19 21 41590 1.0552516446708173
26 19 15 23 42913 1.041338032004988
25 14 18 26 53116 0.9877832830129432
23 21 12 11 59410 1.0395358780688015
15 28 6 1 103411 1.026926365009634
8 28 17 9 74753 0.9876228583543059
0 18 29 3 111110 1.0165943951153975
22 2 0 19 102393 1.042846190280289
13 21 22 4 68385 0.9512304342183587
13 19 3 25 46977 0.9660904234127202
20 20 17 4 54528 1.0933982895557948
27 20 11 29 65086 0.9136580433595732
4 3 10 9 37163 1.0867745457393307
11 18 12 9 31412 1.0943028426992814
22 8 27 29 77967 1.0235968367106292
26 15 6 22 69605 1.0650849294096103
23 15 5 12 69141 1.0742077949828486
5 14 20 7 79364 0.9891977611634093
14 5 16 20 48252 0.9548155071816478
9 15 28 3 94140 0.9681146613845115
14 14 1 3 72643 1.0724521274282652
5 19 24 29 79845 1.095434525775305
3 4 4 19 65146 0.9533811953361474
18 18 18 4 43682 1.0770679805280141
29 7 25 27 74377 1.0342640285003213
23 15 11 19 44263 0.9470337528324639
13 18 3 11 47464 1.0948137433066225
22 4 24 13 32405 0.9314617760783411
20 19 18 3 50760 0.9390846851296015
26 13 23 27 51166 1.0614434231563066
2 3 13 10 57510 1.010804125966968
7 29 9 0 82242 0.9334428820097648
25 19 7 8 81109 1.0836716591979723
2 29 2 12 81729 0.9370319545524533
23 17 13 9 49002 1.059179709202376
18 1 15 10 42335 1.0491251088133953
14 4 9 17 53014 0.9206901022001256
9 24 9 13 37243 1.0607323846118617
20 16 13 11 32764 0.9107604837781343
22 9 3 22 92328 1.0901679532479749
17 5 3 20 87221 1.0333942187625835
14 5 1 29 99732 0.9664479286723935
1 12 15 16 53048 1.0019967174719393
21 28 14 13 62726 1.0811411093818817
3 6 2 20 74445 1.0748176846785833
3 16 23 15 62269 1.041609246714744
3 16 13 29 60711 1.0075056673227472
4 2 9 9 35564 1.085953702036358
3 12 16 15 52462 0.92071954094592
22 16 8 16 40324 0.9136297610478008
6 9 21 26 94546 1.0272528563600067
28 3 8 23 103404 0.9582097466575024
29 25 9 21 67040 0.9013766003886088
10 4 7 20 51554 1.0782011407146785
9 19 1 26 50033 1.0586039444363955
8 10 23 12 57326 1.0854189456174916
3 8 16 0 70567 0.9447614533946164
0 12 24 9 91575 0.930714305860183
7 1 25 7 75631 1.0265940810865553
7 16 20 8 60676 0.9868443129204787
10 18 25 13 49567 1.0703795698147913
8 3 16 6 40277 1.076364393087128
26 9 15 18 51232 0.9526006950379324
12 10 6 23 55434 0.9991099441539568
9 19 25 13 57028 1.0663037382234812
27 3 4 14 110754 0.9811428353976358
