1310 1084 1117 1451 1244 1076 1473 1386 1475 1128 1028 1565 1498 1216 1386 1464 1436 1336 1579 1560 1574 1131 1220 3531 3410 3634 3139 3257 3667
1505 1294 1327 1410 1312 1280 1674 1754 1388 1448 1815 1681 1731 1531 1382 1446 1264 6491 7003 6482 7003 6594 6972 6770 7016 6945 6541 6586 6913
5853 5584 5620 5619 5540 5723 5770 5980 5442 5655 5912 5891 5662 5656 5909 5966 5564 5975 5759 5435 4152 4535 4361 4469 4171 4464 4418 4063 3977
7289 7029 7510 7460 7593 7443 7238 7468 7156 7168 7142 7350 7552 7148 7197 7484 7088 7266 7109 7142 7115 7032 7498 7292 7251 6921 7184 6984 7458
3439 3293 2987 3005 3408 3216 2946 3069 3050 3210 2893 3029 2907 3184 3271 2749 2735 2751 2754 2654 2235 2652 2448 2422 2476 2370 2478 2650 2441
5697 6157 6130 6115 5758 5639 6110 5696 5659 5649 5612 5765 5929 5950 5619 5740 6100 5701 5823 5818 6047 5903 5981 5966 4716 4768 4338 4288 4500
4810 5141 4966 4867 4637 4589 4924 4635 5034 4991 7529 7610 7464 7596 7295 7736 7736 7471 7340 7523 7346 7564 7542 7533 7301 7538 7547 7570 7335
2425 2588 2381 2688 2701 2341 2441 2362 2386 5875 5728 5590 5671 5575 5511 5843 5399 5800 5603 5602 5752 5879 5953 5847 5820 5760 5819 5644 5971
5959 5859 6010 6010 6235 6161 5748 6086 6133 6286 5934 5990 6135 5828 5888 6123 5919 5884 6106 5752 5734 5712 5971 6029 6223 6154 6139 6052 6088
3662 3740 3473 3616 3671 3217 3430 3615 3691 3507 3419 3409 3718 3533 3416 3625 3571 3789 3630 3264 3371 3457 7665 7624 7723 7448 7783 7718 7420
4101 4122 4450 4110 4218 4067 4455 4098 4070 7408 7126 7008 7005 7166 7056 7237 7380 6900 6930 7022 7214 6891 6909 7352 6949 7012 7316 7172 7217
6633 6413 6432 2297 2063 1885 1885 2122 1872 2116 2354 1830 1835 2301 1833 1900 2279 2139 1974 1829 2210 1781 2263 1867 2070 2110 2147 2195 2038
5888 5524 5155 5300 5174 5108 5422 5396 5530 5101 5181 5072 5411 5086 5237 5472 5052 5283 5007 5141 5128 4994 5103 5397 5177 5181 5339 5415 5205
7193 7541 7516 7447 7505 7494 7187 1737 1970 1732 1876 1787 1685 2118 2199 1697 1989 2200 2187 2219 2176 2177 1920 2096 2078 1905 1903 1986 1815
3988 4191 1437 1755 1611 1317 1289 1569 1506 1220 1257 1714 1197 1658 1530 1610 1728 1516 1619 1546 1709 1565 1273 1379 1193 1644 1207 1431 1396
3900 3943 3768 3959 3811 4227 4127 4086 4279 4316 3830 3731 4236 3935 3788 3882 3910 4286 3834 3896 3732 3741 4218 3257 3389 3152 3446 3292 3371
1803 1345 1585 1591 1852 1863 7209 7190 6713 6969 6896 6833 6954 6712 6828 7028 6898 6799 6913 6891 6879 7079 6981 6810 6929 6865 7048 6687 6790
4814 5216 4832 5011 5027 4764 4941 4860 4911 4666 4791 5061 5005 5251 2486 2448 2241 2195 2240 2756 2241 2609 2569 2426 2672 2747 2555 2583 2744
4259 3861 3873 3858 4118 3816 3993 3882 3955 3965 4072 4241 3755 3998 4137 4056 3761 4192 3684 3993 4066 3762 4097 3983 4007 1486 1795 1614 1678
2119 2226 2273 1831 2121 1962 2277 1893 2264 2147 2015 1976 1846 2203 2127 1973 2126 2100 1801 1837 2052 2199 2682 2660 2335 2491 2617 2510 2257
8031 8550 8162 8503 8390 8264 8170 2411 2209 2358 2003 2299 2258 2036 2512 2456 2433 2415 2052 2421 1941 1996 2060 1946 1944 2516 2229 2308 2511
6243 6008 6252 6262 6006 6032 5879 5858 6388 5932 5956 5893 6244 5893 6169 6107 5916 6244 5973 6336 6024 1740 1952 2048 2124 1764 1633 2055 1623
4470 4953 4869 5023 4530 4437 4612 4883 4820 4562 4628 4744 4560 4770 4681 4856 4994 4546 4478 4999 4824 5007 4943 1074 1495 1335 1095 1349 1602
2737 3003 2749 2976 3161 3093 2937 2755 2940 2739 2852 3109 3099 3175 3182 2981 2962 2812 3195 2996 2684 2920 2919 3125 2887 2511 2654 2900 2387
8259 8264 8500 8645 8194 8582 8204 8127 8263 8263 8337 8363 8684 8310 8536 8406 4860 4775 4780 4998 4774 4664 5042 4644 4908 4664 4920 5070 4944
8192 8138 7934 8130 7774 7999 7732 7946 8140 7657 7827 7727 8143 7690 8008 7840 8129 7987 7671 7639 7864 7833 7843 7766 7973 8155 3837 3854 4039
3716 3670 3943 3670 3703 3578 3755 3980 3556 3603 3475 3551 3510 3745 3482 3718 3720 3838 3563 3718 3943 3769 3456 3879 3620 3809 5870 5938 5995
7344 7076 6892 7261 6876 7156 7337 6905 7193 7156 6930 6951 6888 6970 7354 6846 7069 7004 7048 7319 7313 6999 6842 6967 7375 8344 8415 8329 8352
2298 2380 2369 2174 2475 2014 2079 2114 2360 2295 2073 2274 2480 1971 2148 2338 2169 2301 2295 2365 2379 2038 1965 2073 2415 2155 2156 1948 2115
3304 3254 3655 3699 3276 3277 3219 3471 3601 3629 3481 3224 3341 3364 3455 8464 8707 8677 8478 8422 8677 8292 8375 8442 8663 8618 8556 8682 8832
3562 8234 6285 4708 7853 4298 3137 6064 5278 7681 1755 3017 1834 7149 6290 3197 3364 6937 2612 5741 5494 6959 5532 7454 2451 1900 2732 3771 2867 4171
3682 8236 7238 5018 7965 4335 2986 6300 5553 2425 2484 3049 1274 6901 6307 3403 3211 7027 2868 6175 5746 6470 5092 7401 2529 1706 3112 3542 3167 4355
3511 8524 7520 4621 7679 4035 3481 5897 3458 2240 2597 3223 1500 7327 6144 3780 3072 6911 3074 6151 5232 6943 5463 7459 2490 1679 2910 3666 2659 4368
3303 8302 7522 4752 7662 4135 3287 6108 3260 2573 2529 3099 1253 6887 6288 3664 3132 7032 2716 6056 5184 6834 5099 7018 2581 1873 2691 3663 2896 4224
3234 8091 7216 4932 7813 4592 3417 6423 3215 2239 2556 3562 1594 6978 6492 3565 3486 7174 3047 6036 5424 6500 5508 7399 2182 1808 3071 3429 2832 4592
3514 8297 7509 5002 7804 4533 2992 5959 3394 2670 2192 3586 1746 7025 5997 3356 3277 6879 2627 5686 5756 6890 4954 7188 2632 2110 2755 3856 3181 4150
3457 8080 7265 4549 8002 4523 3044 6090 3710 2517 2544 3547 1499 7041 6017 3740 3163 7090 3061 5595 5463 7006 5408 7222 2325 1609 2983 3689 3140 4400
3254 8181 7448 4999 7565 4098 3348 6164 3296 2624 2339 3144 1705 6835 6114 3417 3317 7079 3122 5775 5466 6875 5154 7250 2424 1633 5299 3933 2816 4575
3636 8590 7470 4629 8117 4416 3487 6097 3430 2283 2428 3333 1573 6810 6253 3704 3014 7011 2867 5681 5533 6736 5246 7011 2614 2053 5013 3512 2970 4230
3412 8406 7438 4931 7640 4136 3299 6025 3414 2303 2478 3545 8641 6980 6509 3373 3385 7094 2665 5706 5739 6675 5043 6944 2125 1919 5141 3734 2659 4670
3735 4653 7167 4781 7848 4577 3059 6365 3570 2636 2404 3114 8597 7098 6412 3384 3384 7207 3013 5938 5204 6591 5018 7203 2484 1717 5391 3481 2956 6809
3620 4698 7273 4934 6902 4476 3324 6364 3790 2389 2311 3595 8835 7284 6539 3376 3160 6876 2943 5993 5450 6548 5492 7284 2524 1611 5022 3606 2828 7092
3637 4968 7448 4748 6554 4099 4577 5854 3439 2434 2432 3485 8693 7322 6251 3676 3445 7090 2957 5836 5718 6537 5099 7310 2202 1631 5235 3858 2755 6873
3768 5016 7270 7575 6679 4592 4139 6274 3452 2197 2285 3066 8899 7226 6079 3861 3113 7114 3137 6061 5529 7016 5017 7468 2558 2074 4930 3845 2694 7204
3436 4521 7296 7273 6863 4570 4054 3354 3378 2729 2124 3542 8460 7220 6087 3406 3076 7325 2934 6125 5344 6853 4836 6995 2229 2039 5204 3942 2962 6903
3486 4939 7195 7674 6806 4370 4309 3255 3785 2472 2640 3501 8608 6797 6352 3625 2993 7068 3060 6037 5269 6883 4914 7031 2604 1948 5367 3871 3069 7283
3560 4769 7636 7693 6518 4579 4028 3415 3424 2408 2477 3607 8608 7296 6522 3677 3382 6895 2779 5602 5591 6540 4667 7503 2575 1671 5078 3445 2623 6830
3414 4511 7202 7482 6583 4341 4298 3513 3611 2228 2496 3845 8381 7137 6451 3574 3270 7365 2715 6136 5491 6598 4689 6971 2255 1890 5141 3576 7165 6801
3520 5058 7404 7496 6754 4132 4141 3472 3540 2519 2549 3858 8610 6951 6186 3365 3472 7208 2733 8549 5211 6636 5058 7344 2575 1558 4958 3688 6681 6845
3363 4695 7365 7510 6707 4448 4306 3168 3234 2316 2116 3549 8370 7244 6106 3399 3301 7314 2994 8158 5539 6954 5075 6938 2706 1727 5327 3672 7169 7004
6474 4698 7381 7476 6827 4311 4382 3659 3268 2201 2341 3428 8884 7075 6341 3414 3379 7122 2859 8169 5559 7012 4717 7213 2142 2033 5035 3422 6883 6780
6690 4706 7660 7576 6785 4198 4324 3505 3603 2296 2182 3678 8684 5750 6466 3679 3388 7293 2607 8344 5316 7003 4830 7153 2576 1840 5416 3919 6795 7261
6960 4907 7483 7646 6517 4327 4134 3516 3664 2608 2415 3400 8665 5568 6501 3427 3406 6880 2695 8120 5210 6807 4630 7252 1530 2931 5219 3636 6841 7319
6680 4564 7568 7770 6491 4361 4531 3660 3421 2156 2248 3890 8922 5976 7640 3801 3243 4442 3077 8444 5695 6737 4590 7173 1448 2380 5070 3908 6846 6763
6941 4482 7172 7636 6856 4566 4411 3225 3334 2588 2193 3502 8752 5702 7896 3597 3531 4445 2675 8118 7079 5499 4603 7423 1663 2708 5299 3733 6992 6768
6604 4552 7654 7446 6927 2357 4464 3657 3756 2632 2453 3426 8454 5925 8032 3308 3265 4652 2692 8530 6906 5276 4823 7278 1801 2841 5378 3853 6680 7135
6779 4536 7252 7701 6433 2530 4478 3461 3605 2664 2425 3486 8671 5807 8130 3555 7852 4764 3165 8354 6985 5326 4703 7285 1496 2394 4909 3846 7132 7173
6878 4691 7339 7780 6638 2449 4045 3547 3255 2346 2470 3756 8907 5775 8075 3564 7978 4478 2513 8423 6764 5700 4520 7016 1478 2399 5141 3571 7061 6950
6743 5018 7168 7535 6841 2679 4360 3327 3236 2574 2325 3307 8723 5926 7651 3453 7879 4842 2525 8197 6610 5653 5043 5214 1319 2559 4934 3885 6891 6752
18 12 24 23 48735 0.9874011812076559
0 7 2 15 16463 1.0784877233301204
4 19 26 22 63030 0.9698388711733209
20 7 28 3 36972 0.9008551992298133
19 25 28 4 60717 0.9145783399037409
18 4 6 16 63795 1.0290883099184884
6 5 14 22 50788 1.0500157496601725
14 2 22 8 34236 1.0011130647679787
13 0 2 6 52639 0.9176668862775738
25 27 15 18 41631 1.0305540820209396
19 22 23 0 62174 0.995214465770394
10 4 11 24 47070 0.9606122966757836
17 23 7 12 53151 1.022733071693935
26 13 1 1 82959 0.9084537284824094
10 7 28 6 57276 0.9994883499892614
7 6 27 29 91125 0.9266543175549805
24 13 12 12 49094 1.0126488536489622
3 21 24 21 68026 0.9082784140421672
7 6 25 23 76377 1.0612042901507448
10 18 8 2 54075 0.997218140656209
14 20 23 10 36715 0.9790375556913847
17 9 16 0 28779 1.0526577262441585
8 9 27 22 72131 1.004484705732254
29 21 1 16 82810 0.9965628692168355
13 24 28 15 49291 0.9913070218701276
16 18 26 9 43537 0.9648732090778088
10 17 25 21 64870 0.9478557633527521
2 8 23 4 70723 0.9033544919083523
4 15 25 25 66766 0.9656528378738781
12 16 26 2 72082 0.9639502239452047
3 11 28 24 78072 0.9363901696787721
24 2 16 6 48167 1.0352211406110055
29 22 19 26 28083 1.064223571481108
21 25 25 7 56848 0.937869770254703
16 27 28 24 28371 0.93579235848856
0 22 7 11 30470 0.9737536420628597
2 14 2 3 28349 1.094638610661314
12 18 3 25 31659 0.9163361304537071
24 10 15 11 25294 1.020714001873917
2 5 7 27 61548 0.9314517679378977
22 11 13 6 33234 0.9700941352990433
18 20 23 28 31705 0.9766042266117049
11 4 9 22 46269 1.034237287337744
20 23 8 27 35023 0.9741660823353457
13 26 19 7 44206 1.0033160123481775
0 17 22 8 64688 1.0944336806478279
9 27 1 2 68405 1.0168126950763035
5 9 14 27 48618 1.0772891450554074
19 15 1 27 64588 0.9279243095969351
17 3 8 27 69740 1.0829001515798062
29 4 19 4 41623 1.0812820242903733
17 14 10 8 34232 0.9974239630637282
28 20 11 14 60853 0.9859439521763341
24 10 11 13 36635 1.0380689866183275
13 28 0 7 57966 1.086411206423033
26 25 14 21 30976 1.0263015678963878
27 29 15 27 47915 0.9601920348844303
27 10 10 21 64510 0.9020675637139626
27 12 10 16 64214 1.0334513403360222
24 25 0 11 69246 1.0643933362510956
18 15 24 11 29328 1.0619848388999114
25 22 8 25 43973 0.9845434806341998
1 21 26 9 83097 0.9944134772685288
19 27 28 16 39204 1.038295636000389
8 11 15 6 28300 1.0795001734736174
21 4 20 16 40749 0.9383628089447129
21 13 4 7 59668 0.9724553821791323
20 2 23 16 49747 1.0594564754162619
19 2 13 18 43544 1.07041663355554
29 2 16 5 59908 1.0502675988365866
17 16 8 17 34871 0.9468210185194681
4 29 15 15 46648 1.031144583510285
13 20 19 6 39763 0.9740569958623082
18 25 5 3 72598 1.0965950500704684
20 25 28 5 56515 0.9037595717319458
20 3 5 0 63577 0.997397398602725
12 7 24 4 54912 1.0499277392824165
11 5 26 29 81939 0.9569315189199185
12 2 29 22 83614 1.0097771728525617
12 2 11 18 40800 0.9582548901179728
5 5 2 22 52978 0.997512205074135
12 9 24 26 53026 1.014521782412871
3 27 12 23 31351 0.9775892425317961
20 16 12 7 40705 1.0041514889396927
13 17 26 12 49328 0.9631123473612347
24 22 6 8 75041 0.9094880049131688
14 0 15 10 22007 0.996303769551063
7 9 25 8 48338 0.9809212276605298
7 1 15 12 46504 0.9232758027511314
24 15 25 29 53981 0.9762689381312736
3 4 28 29 107763 0.9106264942002268
2 22 12 27 37089 0.9851166654179903
15 20 13 28 19439 0.9177036660416787
20 22 22 10 31345 0.9281349926285618
23 22 10 7 64049 0.95305049679835
10 0 12 24 60704 1.0738094043731736
9 5 25 23 74796 1.0258165461712665
28 18 5 21 73395 1.0172724177741843
8 15 14 7 31937 0.9449954466168629
0 21 29 14 87063 0.9949877477142528
4 8 25 3 82387 1.0104714876388174
28 22 15 29 40270 1.0169750279780065
29 0 25 15 49955 1.0574605735181368
27 13 7 4 74894 0.9219438177465608
12 27 28 2 83202 0.940524436438684
2 23 18 10 62412 0.9369175359743463
9 15 27 20 69705 0.9373351299506377
14 22 22 19 33598 1.0185223806480543
8 19 3 7 56919 1.0055435850790417
6 15 9 0 62044 1.0902935430868945
7 19 13 12 35058 0.9807932909849093
8 1 28 2 91513 1.019287603902303
2 23 21 0 95054 0.9073667551469652
3 5 26 25 89988 0.9492997040588187
27 25 17 19 37311 0.9992982163948608
19 15 16 8 25153 0.9334582907930791
13 0 27 26 80429 1.0326564807293122
24 26 2 20 65495 1.0734823850677224
2 22 3 3 49057 0.9412696510110565
13 23 20 27 21425 0.9476000831300329
11 26 1 26 26042 1.0679211950856986
0 26 16 17 52034 1.0540840217563914
22 16 28 7 40362 1.0534100992443625
12 6 0 0 46143 1.0198942195932725
3 14 9 28 57872 1.0499885785171679
9 13 26 11 54165 0.9771573264162009
16 16 12 9 20886 1.0714475439869204
20 20 29 5 55153 1.082113722362888
24 13 3 19 84713 1.00348189396288
26 27 0 17 72930 1.046297678847526
20 29 4 10 66860 1.0068772658455543
22 29 19 18 26547 0.9984292566345646
29 20 13 20 52802 0.9001770097322388
11 8 2 14 37411 1.0491187172914622
18 1 28 23 72035 0.9676852723811523
18 27 16 15 32998 0.9086433350117734
14 23 21 0 62301 0.985975908456495
28 26 20 18 31120 1.0423124610350998
20 4 6 20 80382 0.9303255764851229
10 27 20 24 25831 0.9370258835796437
25 24 17 22 21890 0.9968409054864534
20 24 1 23 47788 1.08856715369542
14 22 0 28 39198 1.070876604490105
18 16 1 0 67381 1.0314679543579648
21 16 28 19 28985 0.9997294432076476
18 1 10 18 55723 0.965412417354996
28 3 16 28 76512 1.0504025373263106
27 24 15 19 38929 1.0910571857492668
18 28 9 9 48116 1.0038387335317924
20 2 27 26 79407 0.9054055774667605
3 23 29 2 109834 1.026822999416558
4 15 9 0 55123 0.9214887223092186
20 15 6 4 62286 1.0033408123190402
25 5 11 2 68005 1.0483809383541915
2 12 17 8 42921 1.0715295335536204
11 12 17 17 29279 0.9527467909697845
9 29 11 5 59832 1.0638787554369138
6 25 26 8 70670 1.0458822399575634
3 18 26 5 89607 0.9105431708045693
0 25 19 7 65550 0.9923523679787007
16 6 27 26 70725 1.0162822845704036
1 4 16 25 64855 1.0400686630817384
7 28 12 16 39425 0.9846110003991414
5 11 10 23 51646 0.9747965088556293
5 6 21 10 48054 0.9301805513994782
12 26 23 0 80728 1.0789227063480882
25 24 1 24 49083 0.9885175188235967
29 15 12 14 63530 1.0096213551225357
7 19 24 28 66330 0.9475703676467803
14 6 14 25 28078 0.9867580101937925
22 5 7 17 72112 1.0879569286578719
10 22 2 28 37120 1.0713075155756324
28 15 11 20 59146 0.9987236580979199
18 4 27 13 51084 1.0540265134450582
25 3 19 15 55003 1.0816949462840453
24 8 19 21 39985 0.9353829245626161
1 23 29 15 84004 0.9761026897552313
4 20 2 7 40252 1.0817985319129728
25 20 7 17 70845 1.0665212412224394
12 8 21 2 49329 0.9302360945973545
17 25 21 11 39372 1.041293570415747
26 8 22 1 36092 1.0823358649846866
3 18 25 0 107334 0.9320894972053064
8 4 21 10 51088 1.072106765285762
19 23 18 6 39659 0.9981338640180283
8 0 22 14 77496 1.0323588412584772
9 19 6 2 62175 0.9967104316165059
11 20 0 11 43088 0.9731943420198464
5 15 19 5 60127 1.0795587762184278
25 3 15 19 75243 0.9951829319628831
7 18 20 6 57230 1.059446917088424
23 5 0 7 72045 1.0112866343933755
17 7 25 1 47727 1.060336920787294
2 17 27 11 80458 1.0035015010522055
17 8 1 8 45011 1.04130694783168
17 0 29 15 63289 1.0629101432567332
12 2 10 10 26733 1.0855424964091565
29 3 11 16 72288 0.9724853321950861
23 26 5 4 85072 1.0677288711899793
20 15 28 22 37892 1.0025925338577115
23 18 14 3 47853 0.9493769415527131
4 15 8 1 53989 1.094612848052685
17 15 1 0 63758 1.0270577987029037
4 8 28 29 87462 1.0554034934400969
22 10 1 7 54817 1.0653109976894277
17 6 3 2 67215 0.9655954299703047
17 20 12 1 51858 0.9928642319873232
5 1 22 5 78673 0.9685655128064865
0 23 28 8 85859 0.9442435948068882
29 19 9 14 75025 1.0404349528619865
22 15 8 28 59943 1.0316598338239267
15 16 0 19 48608 0.9222690406251103
10 18 28 3 72859 1.0374849323368494
24 8 5 8 54494 1.0214627577575972
10 29 28 28 54906 1.0725994589389258
17 26 0 8 61265 0.9818472817862026
28 9 0 10 68717 0.9168142111922971
25 5 20 16 43679 0.992406089053254
27 14 2 7 91262 1.0405547691821195
0 0 28 22 92656 0.9469769683689417
1 14 13 10 31859 0.9767520288922147
1 17 7 2 44262 1.085276525791577
16 17 11 24 29168 1.0228183403227868
12 26 3 18 39998 0.9717616488952674
5 19 20 18 49430 1.0735225274634559
3 12 29 26 85723 1.002291380803342
28 13 12 5 55548 0.9788208915487615
2 9 18 3 60591 1.0984215929434116
0 29 25 13 99164 1.0789658270489426
6 11 17 11 37260 0.9325795524530597
19 27 10 19 37488 0.9473054349443875
16 21 16 10 35584 1.067616838424076
15 0 7 2 33511 0.92858515683674
15 28 3 24 30466 0.9871340595464577
20 18 0 21 59808 0.9889658271491334
17 16 3 8 50239 0.967115301718245
6 0 13 16 53533 0.9098449957631327
9 13 12 26 40810 0.9449672316807212
9 8 28 1 67778 1.0963412402420984
4 2 19 16 71619 1.0874580584174225
2 16 19 15 57114 0.9154009346413305
7 11 22 2 71157 1.082751313997857
11 0 18 9 39525 1.0005813980206844
12 23 27 9 64495 0.9763080992208776
5 17 13 27 44100 0.9191950898202614
17 4 3 22 77284 1.0252617940451183
17 26 17 16 24696 1.0933252838724454
12 20 22 27 34974 0.9946303666033152
14 8 24 2 51462 1.037323148757861
19 29 25 25 23494 1.0004761145231635
10 11 13 28 40261 1.059538940225669
19 24 2 12 62213 0.9086432905156614
23 26 14 10 42642 1.073788894951028
8 19 10 0 62816 0.9503831842644898
1 8 21 2 74641 0.9965545632211936
8 23 29 2 99096 0.9175281245592756
16 22 11 17 27365 0.9452409320278109
22 0 16 7 41659 0.903367319542905
18 0 6 27 81360 1.0060394155836025
26 27 4 4 95961 0.9875457486814188
10 24 21 3 71979 1.009655061987891
11 26 26 7 67829 0.9795696720719054
24 1 8 9 64197 1.0212685919475757
23 9 12 14 38999 1.0551453579616934
20 8 15 19 37079 0.9282805084006599
7 10 11 20 29923 0.9437310895487708
4 0 1 16 34474 1.0316797708060188
20 19 18 6 34134 1.0576990874524252
0 12 15 20 53435 0.9495203406045213
5 10 25 19 72422 1.0414881391798638
10 24 18 3 63775 0.9173900223039295
20 3 13 15 44651 0.9921215935706587
4 18 19 29 54787 0.9491639050024502
25 22 26 11 45380 0.9054987966384654
23 10 18 0 33687 0.9530672330951901
1 12 27 25 77458 0.9381748658488126
18 15 8 3 56343 0.9004590856156787
28 29 9 1 96189 0.9603068286383022
11 11 12 29 42596 1.0123713336920843
5 4 11 10 36306 0.9464712950153311
16 13 25 26 62323 0.941763406589879
6 29 10 15 51920 1.0760519250226208
5 24 11 0 74097 0.9252878206495375
25 15 1 2 86323 1.0669156535439228
4 10 16 19 48984 0.9741927175693144
0 19 5 1 48082 1.0383640388315218
10 29 11 6 53759 1.0992142719549838
3 2 13 22 77340 1.0315066328515066
8 2 28 16 87128 0.9156405830480391
18 15 0 12 54354 1.010093317434852
24 0 27 8 44207 0.9763058506470566
10 6 7 26 54601 0.9102722577240024
29 13 21 8 36680 1.0921832694512423
10 23 22 6 69943 1.057703727878441
1 17 9 4 47457 1.0775385244452682
1 14 6 23 41808 1.0765966962579647
14 6 2 25 49795 0.9102167821921984
4 25 6 2 73404 1.0477824655448416
19 28 23 16 37640 0.938484661063006
1 1 10 16 46204 0.9603132414904161
5 21 5 10 40218 1.0558381286094358
1 8 10 11 25430 0.9969366962843047
11 19 12 3 37619 0.9145290726567354
1 16 27 21 82857 0.9135489735230633
3 19 9 11 37933 0.9559828665807928
19 1 6 27 80823 0.9222162965099623
13 19 26 3 70149 0.971855141704917
11 3 6 28 65698 1.0613497485283303
20 9 15 19 34870 0.9447437764465821
4 9 29 28 89188 0.9575132041142027
11 26 23 26 27574 0.9572686984909415
27 21 9 16 67408 0.910041454338664
8 1 18 0 41663 1.065259352127478
25 20 17 11 52174 1.047645394246917
3 15 14 22 47777 1.015591201251065
26 9 1 19 78745 0.9351335993022132
10 13 2 2 45169 1.0271256354125429
7 28 22 18 53828 1.0266287538113599
19 20 6 14 57634 0.9625985545243416
24 22 7 13 78475 0.9698626327189686
20 20 15 6 43536 1.044582373282194
15 25 3 29 34367 0.9408145665886256
21 2 8 18 72735 0.9463936498158717
22 17 3 17 66449 0.9021273110705821
15 28 13 3 47580 0.9144620597825251
24 27 4 24 45321 0.9016197239654234
5 22 5 12 34994 0.9523377961664841
3 13 21 11 55493 0.9700695745741121
11 9 18 19 35622 1.0315429752182594
17 4 5 24 67369 1.0218052247588463
12 9 18 20 37226 1.0464172274880919
10 20 29 15 67803 0.9872442863021976
28 27 1 6 90619 1.0886549630462568
14 13 1 27 52210 0.9673804142119538
17 20 28 11 49726 0.9241057288042612
5 4 23 11 66622 1.084501710604633
26 25 13 11 49869 0.9328476099321981
23 15 12 8 44856 0.9889140259281087
29 15 7 17 76263 0.9317434842897874
21 20 12 1 65336 0.9655804002655911
21 9 11 5 31657 1.0574267901455086
2 28 21 15 67129 0.9048395744532859
26 26 23 0 82151 0.9998305914679249
24 23 21 14 40913 0.9841607887463881
25 28 13 20 44387 0.9848738322352172
17 3 0 16 65226 0.9165773370150281
12 27 26 9 62607 1.037567246617472
15 9 3 7 39248 1.051692307969775
10 6 20 12 35882 0.9847988278399302
20 0 3 12 64013 0.9500749322689915
17 10 21 23 39484 0.9939224574182388
26 19 27 6 39888 1.042289653027022
24 27 16 9 53595 0.9476150590009864
17 26 11 19 25741 0.9276456266220194
28 4 12 14 62427 0.9190349917913254
6 17 17 15 45616 0.9045947469275889
3 29 10 19 44970 0.9610486551754288
0 24 22 5 86156 1.0879282933909258
25 2 26 29 90592 1.0831207678296877
29 15 7 14 80790 1.0880471864094166
15 23 29 27 40717 1.0598728772725148
28 6 29 29 57258 0.9137802824866482
13 28 12 17 28637 0.9158494076461512
5 6 0 15 27883 1.0311516206617046
22 2 3 20 101592 1.0208458943839354
2 17 14 10 45263 1.0277909571105717
8 9 18 8 28034 0.935882030227015
7 24 11 7 44152 1.0480957682680376
21 20 9 28 43662 1.0618156637164171
7 23 12 0 71367 1.0903581048651372
0 16 2 1 31035 0.9954659008946387
22 19 21 10 30697 1.064100732187672
11 20 25 15 54369 0.9654657291650547
21 16 27 5 48981 1.0403822057731609
24 21 12 12 63564 0.9001319950844994
25 12 16 21 62616 1.0948365632646588
19 25 28 20 24966 1.0383757000164533
6 16 17 23 48150 0.9163746345181619
1 4 26 14 82673 1.0678755819319314
25 16 20 8 35078 1.0665233781170635
5 27 9 6 64965 0.9093902618616183
25 14 2 27 87857 1.0214469297642632
1 27 20 8 74479 1.0196874361239683
20 28 4 16 59178 1.057221733201159
3 10 23 28 72664 0.9068243530880735
8 14 3 5 41944 0.9461187297819242
6 18 11 11 28845 0.9866506437679253
10 28 6 17 45601 1.0673071832017775
28 4 17 12 48959 0.9433616882254396
22 22 29 15 38809 1.0257683099750876
18 19 10 27 38510 0.9663796823610307
21 28 19 4 53808 1.0051118412958697
28 1 1 27 109726 1.0635157433455262
22 3 15 13 55012 0.9027613593392201
14 8 19 16 27152 0.9955482294281959
21 16 19 26 26805 0.9430054670104011
21 28 2 28 49536 0.9605678407988791
17 16 16 4 36079 1.0093168832033421
22 29 0 11 69316 1.054259248631368
29 29 9 13 82010 1.003948170461206
20 24 6 22 47018 1.0218485710396141
28 23 21 17 36710 1.0811655368055049
8 2 6 16 60180 1.0920173739912173
20 16 23 3 40889 0.9321372725084558
12 24 23 11 50253 0.9183982263721724
6 6 18 0 53653 1.0072620660814913
3 18 16 21 50765 1.077619321753596
16 0 4 12 50841 0.9361168012006772
18 14 22 27 37297 1.025497830106967
5 16 18 15 44731 0.9159131020919259
25 4 3 16 93328 1.0187968751991379
12 3 1 10 43016 1.0572879755783597
6 16 16 23 49959 1.03613169714803
25 5 28 23 46994 1.0078369982593198
26 4 3 15 88826 1.043637306743615
11 15 5 24 32846 0.9302364628408671
15 14 24 1 63088 0.9544929896988961
29 20 13 10 64438 0.951155894385763
14 2 22 10 30629 1.016749183465903
15 9 6 8 25691 1.0260528148228245
21 1 4 20 86873 1.0432544026112311
7 5 26 12 62876 0.9105811005725909
18 26 19 7 41280 1.04230518579951
25 25 9 5 68913 1.0151439369065627
7 24 1 17 35185 0.9506205734558467
28 6 20 13 34135 1.04955751926094
11 21 7 2 51746 1.0565333475612442
20 21 27 27 30433 0.9070333191112185
4 29 16 22 41699 0.9820221872176884
5 11 24 11 55107 0.9078988521746644
6 17 22 21 68218 0.9380741056526314
21 12 13 8 31113 0.9400314709909595
4 12 22 5 61784 0.9973240695955197
1 24 11 28 29377 1.0968926959766765
0 20 12 10 39474 0.9537102121293823
16 7 23 14 37993 1.0450776637930874
19 29 11 14 45960 0.9079681036725418
21 19 3 3 87215 0.95940651266212
25 8 12 21 61158 0.9983724000812685
7 27 4 18 33463 0.9799260212356701
5 20 27 17 80455 0.9041853233134337
24 1 1 26 102917 1.0280293004561811
18 2 27 20 74193 0.9635330517067159
19 17 25 8 35529 0.947582274758874
13 3 21 28 58654 1.0998939754054478
9 14 11 26 32595 1.086908956419168
11 5 16 18 34208 1.073687163328678
22 16 4 5 72287 1.070622017485455
29 13 7 28 78754 1.0983022839554113
13 20 25 28 44387 1.0898159477881544
25 19 19 25 37671 0.955830339181327
1 23 16 18 51289 0.9186971981901692
2 4 13 2 63015 0.9724824147952875
19 4 6 24 64650 1.031841314996162
9 21 2 24 35337 1.0972834773270501
8 10 29 3 67942 1.000144333082087
4 27 5 16 31461 0.9552499694911261
25 7 5 19 80002 1.0970944302177272
20 2 24 22 68039 1.0559819645718176
0 11 28 21 80922 0.9569434854196354
29 8 12 9 44390 0.9589068139920994
14 9 26 6 40444 0.9739210164341803
6 4 28 7 74193 0.9264964032476802
27 29 22 10 62812 1.0478971425903274
25 13 16 18 46172 1.0743939111489151
2 9 28 29 89225 0.9960554397180688
26 14 13 28 63117 0.9605999351609039
20 26 1 21 54923 0.927089963142612
23 1 20 12 37379 0.9322940258516823
24 9 9 24 58347 0.9604066324969385
8 17 14 12 31415 0.9432804779388937
21 20 12 1 65336 1.0265749008966885
28 18 8 0 92574 0.9636597549523804
21 2 16 11 44839 1.09088836661476
10 0 23 29 83196 1.0114467360078196
15 4 14 21 32366 0.9314893383937979
14 17 8 23 31143 0.9309937774499567
19 10 26 1 48780 1.093518575035864
21 7 5 25 63022 1.0627619772686656
26 25 6 10 67281 1.027926414157055
8 20 2 0 65743 0.9757356239556275
1 16 26 25 71030 0.9038229083519532
23 8 6 21 82814 1.0561573474464867
11 11 9 21 30060 0.9551275191266286
5 1 29 16 107359 1.0632577477886316
7 23 20 24 35657 0.914163791546715
0 19 29 0 104301 0.9487248188619426
5 8 26 25 75636 1.050109200361205
3 4 29 7 89607 0.924701009135199
3 27 26 3 101785 0.9363441062130289
11 8 3 12 25068 1.0466759445519997
10 3 15 21 49082 0.954242948929584
5 16 25 4 89454 0.97736163757405
3 13 24 3 84289 0.9698810839243093
14 11 19 27 35451 0.9094383806912284
2 11 12 19 48453 1.0905632998007464
6 25 22 29 34334 1.0873141323475177
1 4 2 28 51609 0.9986542857195074
23 3 12 22 69624 1.0599055226421543
17 27 8 24 25569 0.9976876292706593
8 15 20 10 42044 1.0119247329864318
0 1 26 29 105132 1.0189397148216268
23 16 5 24 60201 1.0489216259111822
26 1 13 9 61186 1.0782558173565333
0 7 21 29 74187 0.9818396083163994
25 28 5 19 71355 1.088706481487553
25 24 15 5 54807 1.067692124971865
5 22 20 20 51739 0.9232218157614146
4 18 17 6 59624 1.0721210694523027
4 5 2 15 30777 1.005625717983969
15 13 28 2 60682 1.0276142163497455
17 14 17 4 43635 1.0751283866949746
28 22 12 27 39395 0.9230460339389744
5 20 17 11 59636 1.084790213847288
11 25 11 7 36575 0.9621005049992816
14 19 27 4 66892 1.0440759143330487
10 18 6 1 59414 1.0790265723462327
28 28 3 4 105648 0.9284866709231459
4 8 19 10 40848 1.046822842939677
29 16 8 29 77522 0.9952342101878283
23 23 8 17 54595 0.9340701772137154
13 4 8 10 29529 0.9918603811498001
18 1 2 24 79669 1.0027748963700736
16 24 4 21 34189 0.9070500713079646
12 4 0 15 48633 0.935810434544638
17 21 26 2 74180 1.0255543055925957
7 23 15 28 30124 1.0099925900864053
17 15 26 17 35769 0.9054431848406613
12 29 18 13 52072 1.073215174224428
13 8 3 13 37077 0.9105220142002395
6 20 15 28 48822 0.9583826410265366
5 5 6 15 42288 0.9290131015933394
25 4 29 23 59982 1.0447560781259608
0 18 13 12 41249 0.9671303226971935
28 17 4 17 73989 0.9346354035835189
14 3 8 17 44653 1.0977950809582357
13 13 18 6 29458 0.9878944053854795
10 8 16 3 30495 1.0650765961767716
7 9 6 18 39829 0.9044610216946154
27 24 0 18 63467 0.9124427560434906
10 5 25 27 71488 0.9129740539460369
29 9 2 5 78698 1.0737109100621247
20 28 6 1 86434 0.9575879828632116
0 28 6 22 34996 0.9452570970232841
22 19 9 11 54698 0.9057487708242974
26 3 27 27 64380 1.024836176469209
10 0 9 21 64108 1.08996801206665
26 29 10 29 64056 1.0983948789402953
0 28 29 28 76535 1.0554757972859372
18 28 26 15 50006 0.9586022097498683
8 20 19 11 53653 0.920433649953405
28 7 8 19 75755 1.0645974893867522
17 21 27 12 58911 0.9368431621970656
0 16 2 7 20802 0.9481172349591294
26 5 23 13 34044 1.0018657823682515
22 17 16 7 43906 1.037490392788661
6 17 17 16 43168 0.99262757802796
16 4 22 22 62080 1.0871899360724513
23 19 0 0 86859 0.9441540691117312
25 7 9 20 69396 1.0150016789942602
28 16 9 5 70107 0.9197825290529341
11 12 6 23 43716 1.0767294033973367
8 15 16 2 48480 1.041176307912293
28 19 8 2 93893 1.061409753674011
21 10 12 18 35047 1.0568311529266181
15 25 28 20 32033 1.0602420587668966
23 12 14 18 39511 1.0580995150046681
17 27 16 6 47401 1.021623387024053
18 5 6 29 80764 1.0886014114694182
28 4 10 24 77494 1.0695747741466748
4 23 18 10 55294 1.0027639730552869
8 23 4 3 73579 1.0601326570694254
11 0 23 19 71689 0.9435054123182138
3 4 18 28 83800 1.0160535263020933
29 3 26 13 35947 0.9577522799380662
9 19 24 27 53298 0.9110692853543824
18 24 4 11 57826 1.0400987630213303
15 14 22 6 44201 0.906690324270077
4 7 1 26 47860 0.9517862903046577
3 24 20 27 38800 0.9674700487858048
28 20 7 14 78409 1.0517827569244118
21 12 22 23 41202 1.0300988682171794
1 15 13 19 44836 1.0056356930913162
24 12 4 25 76882 1.0862277363181687
22 0 3 23 101567 0.9255521355225349
27 22 16 19 48431 1.065099512698156
9 18 22 22 47206 0.927452261237405
1 8 11 8 27770 1.0989970614727862
22 22 17 3 66371 1.0360094672177502
21 4 2 9 64622 1.0743279255748677
18 13 20 0 37264 1.0248176998259397
29 1 0 26 109817 1.0098476670210401
14 14 24 11 33908 0.9094546663836618
19 28 6 2 81738 0.9413727646918751
1 26 21 18 57300 1.0232003927871178
1 16 27 5 83371 0.9481731369496771
9 20 28 1 87167 1.0791573539536359
13 5 14 17 22187 0.9462601106695873
26 25 5 15 71686 1.0462283787720499
8 28 23 16 59481 0.917028085618105
10 13 24 24 55557 1.0535978666302048
16 17 27 7 57959 1.0976851820236468
25 25 2 1 95860 0.940417304898701
17 24 2 29 43525 1.0728408646756349
4 22 11 19 31606 1.0076157335123448
10 26 2 19 45238 0.9972459082864424
1 0 21 24 81323 1.0429313347803677
6 22 23 13 82707 0.9418601156785301
27 25 12 17 49621 1.017000319235972
5 26 25 5 87268 0.9793928709121578
8 7 19 4 48039 0.9401749116364269
13 2 24 12 55197 1.08099052177259
1 20 26 19 83091 0.970050465345994
24 24 8 7 68059 1.091141238751339
14 27 26 14 58992 0.979251988678102
15 29 5 11 60134 1.0458794438972425
29 27 11 3 79086 1.0510399144433267
27 2 1 24 109042 0.9658572612201747
3 19 11 12 41499 0.9722367601493518
19 29 12 5 57067 1.0224861860676153
7 22 9 3 68678 0.9459989571887739
16 23 10 0 67587 1.005134348519148
0 3 10 7 40704 0.9404927917086027
22 23 27 15 33977 1.0663560148341538
19 16 17 24 22287 1.0770590260780837
21 24 11 12 46034 1.0328228543023683
24 22 14 13 46691 0.9964208110726638
23 13 6 25 62713 1.007504006998275
20 10 6 29 70436 0.9985058360540772
28 16 7 5 74029 1.0887752752430655
20 3 4 8 59556 0.9560885608828498
4 24 13 0 66786 1.0102683760365354
3 2 28 1 105623 1.0515372909314373
1 18 24 17 70727 1.0929059421318628
14 25 13 14 20537 1.0324227984402305
9 28 11 7 48642 0.9990418012774873
17 15 27 17 40533 0.9468761540156553
2 3 3 21 53053 1.0046052492966455
14 1 4 29 66493 0.9778763965066399
2 2 20 18 79558 1.0348719270712985
1 26 28 6 93678 1.023998334293664
17 19 16 7 34127 0.9286153792008699
29 24 14 29 32614 1.0944050517860187
28 24 7 27 49834 0.9823297177296443
22 8 10 12 44476 1.0347440630961002
28 26 2 7 93089 0.9730196836838266
9 3 3 20 67881 1.0053613733282725
11 22 25 12 68352 0.9050218764212774
20 24 20 9 33186 0.9369834049769376
15 25 9 13 40891 0.945200217691142
20 18 10 0 64068 0.9532440007590135
3 18 23 2 87973 1.0624906250613542
23 22 0 19 61524 0.9762291386480174
4 17 2 4 38557 0.9961336735443104
4 25 20 25 28998 0.9513907615164994
5 19 15 1 64841 0.9015852061980697
26 4 17 29 80666 1.0920375974396195
20 22 25 1 68945 1.008013555417107
6 21 12 13 53366 0.9709952586441571
13 10 9 26 41179 1.0633253133541605
5 11 25 28 81786 1.0400773096780644
7 24 8 12 46445 1.076324655004062
27 20 23 10 40967 1.0486386900738442
6 25 19 27 28461 0.9922572786018662
24 29 6 13 86295 0.9049255374839251
6 29 28 7 95891 0.90258940744772
27 24 18 6 57154 1.0183360492314313
29 20 3 3 111111 0.94253370092336
23 3 23 28 72936 0.9783074624805528
26 0 15 4 61985 0.9325907155264237
14 14 23 24 34399 1.0092387631037707
16 6 17 23 45082 0.9537975686967307
14 11 4 3 45463 1.0027176121291208
7 12 25 22 77478 1.056452508212205
24 18 14 22 34892 1.0233654065081654
14 22 18 29 17966 1.0124685078299296
2 21 24 16 81448 1.001159329762951
4 17 24 29 71379 0.984043049024769
2 8 24 23 81597 1.0432997035450633
9 24 26 28 50199 0.9822796317172797
25 6 21 24 60007 1.0914824352930272
9 25 26 6 73110 1.0499375548294378
20 24 20 0 56252 0.952281467533229
14 12 16 22 25428 1.0669038799538315
17 5 28 18 57613 0.9107576999353185
20 19 26 11 37771 0.957936690866602
8 19 3 11 41688 1.093908294477662
7 13 2 20 39086 1.081347709193873
26 10 20 19 34296 1.0653086075607767
21 10 24 2 35515 0.9304465732897415
0 22 26 13 85666 1.0890623245005622
6 19 10 26 43563 0.9201498554446905
6 21 22 26 57594 0.9065982178354378
21 25 2 19 58125 0.9819808413383055
18 8 10 16 37080 1.097918941055182
0 14 1 25 21527 0.9026639083951985
8 3 28 26 87386 0.9120503974697913
23 3 11 13 53906 1.011583124154429
10 26 2 19 45238 0.9487666187730753
21 2 3 0 73506 1.018181743833241
26 26 2 26 55511 0.9956805162118681
24 10 2 9 53913 1.0766958143506538
16 13 5 21 65641 0.9761900133711131
13 7 22 14 42929 0.9537882817111214
14 5 4 2 48619 1.0158898566012786
24 10 4 6 58165 1.0580697418595832
11 22 17 5 49430 0.9839211339329166
3 20 19 11 66542 0.9380079978264027
7 15 21 21 59381 0.9926334340299791
24 26 7 23 47561 1.0095912067842996
23 5 21 27 59390 1.0595154572388454
15 17 16 5 31762 1.0824187641267644
20 13 12 3 43552 1.002020397392971
28 22 29 5 40372 1.0673761461610247
2 1 8 9 36963 1.0239934063218081
1 3 15 29 72893 1.0109790843398665
23 3 24 15 39819 1.074544091531961
25 0 7 14 96231 1.013623147799242
17 13 6 1 68027 0.9467265832607734
13 8 29 4 52852 0.9971066244141786
24 19 21 5 54680 0.9196590812706034
13 6 9 13 31324 1.0772813576410898
15 3 10 22 51599 1.0466724108064802
11 29 19 11 50601 0.9282080271794853
9 17 24 7 61376 1.0079109437174407
17 12 11 17 35417 0.9392557912276144
13 17 3 14 43928 1.043439972762969
7 13 26 17 77484 0.9177612922756838
28 6 18 1 49070 0.9722021156110069
6 3 14 20 52929 0.905118407922743
14 12 3 6 40835 1.0501689027418186
1 28 24 14 87316 0.9401846613310797
3 9 5 0 31339 1.0056474488091836
4 23 20 28 40949 0.9431050336680067
19 5 28 6 35561 0.9964687241287625
17 0 0 6 65809 1.0516217140625854
26 23 18 16 38147 1.0297215866952738
16 12 17 21 35471 1.0894003170592803
29 25 25 2 70654 0.9877991269877268
17 10 6 20 56823 1.0454676403607284
2 3 12 7 48704 0.9584720050886374
3 1 20 12 77492 0.9261161910213688
8 28 11 0 73755 1.0538168064245734
12 19 0 20 42761 1.0484197977175884
26 22 15 18 43196 0.9685112092851309
26 22 14 15 45116 0.9451306534594577
11 27 25 26 39553 1.0554048629984905
21 20 22 0 66955 0.9211690281158855
28 11 4 5 72995 1.0735098727409276
15 8 23 19 46769 0.9494385528254871
25 16 1 13 77287 0.9771855629199869
7 20 25 10 69900 1.0313924513557222
28 21 3 23 61774 0.9092329738093653
22 15 1 27 73474 0.9367504780940829
24 24 14 3 51940 1.0500336052306056
18 5 1 26 76472 0.9504544016236205
0 16 5 10 19903 0.9374654547984672
5 14 26 11 68849 1.0417673538943952
21 20 24 8 44268 0.9151288550712012
14 29 29 21 43024 0.9478287652737188
16 2 13 29 52123 0.9525777515556635
3 5 0 18 28598 1.0326731209056486
7 23 3 16 36769 0.9313589084253101
12 13 6 4 43955 1.0002900217690116
8 1 18 6 53054 1.0778575024977786
9 17 28 20 62662 0.9783348617432261
17 11 0 11 46188 1.0203130105326914
24 19 18 7 45154 1.0433346688789404
12 15 6 1 53459 1.0032051195701335
21 8 26 13 30376 1.0939325291731448
8 23 10 5 56104 1.0416177848064976
27 24 14 28 28421 1.038281922309361
6 10 10 17 33732 1.0305932797417177
10 10 29 18 62840 0.9836873166259515
7 16 12 0 59072 0.9417960090344054
7 15 22 22 61242 0.925543367837299
1 10 12 20 48635 0.985622910729762
21 28 21 8 48092 0.9840273328254805
29 23 22 28 21977 1.087640241111359
18 23 24 10 44712 0.902685765475311
16 6 23 19 51764 0.9697376173499217
26 15 8 14 69534 1.000582792935919
10 24 21 2 74012 0.9976304844085367
0 16 20 23 56823 1.0123341589310348
9 0 19 10 50341 0.9344250938339752
18 21 27 24 29524 0.9059928718766752
11 5 20 16 43731 1.0816875623644087
19 16 4 4 65627 1.0394466703238658
25 11 29 19 36841 1.078710538796205
4 4 5 14 37404 0.9727304970016675
26 23 8 22 53131 0.969107225557976
12 4 23 14 54341 1.0838344889352438
11 19 1 18 31034 1.0051278192316904
1 14 7 20 37669 0.9771137635159024
5 0 26 7 82839 0.9714928689836797
26 0 11 11 73307 1.0355165456161686
13 16 0 18 41761 1.0683712299296309
3 8 6 29 64375 0.9785616182117802
6 26 26 3 96490 1.0006339683717966
9 5 21 27 62451 0.9120348428440472
21 17 27 7 50695 0.9185704897910608
19 6 15 25 44543 0.9199634702959033
2 2 16 0 60440 1.0818253871030843
8 26 27 24 41298 0.9665236390455746
13 28 21 24 21895 1.013169385599414
23 8 4 15 62154 1.0092310141942404
5 17 2 3 43871 0.9389786085115831
19 16 29 14 40625 1.0953855605851248
19 8 3 9 41485 0.9096010422313449
19 24 2 16 58937 0.9674821153342736
20 12 19 22 24293 1.0183225883223377
1 12 29 10 66336 1.0298733458884655
15 12 0 1 53298 1.0400177433392126
10 14 1 27 57125 0.937486370110747
28 20 4 6 90120 0.9551719707232446
14 28 22 0 75768 0.9250209783080078
6 17 3 0 55085 0.9770318777045869
13 1 27 14 70913 0.9175632037370093
11 2 15 17 42748 0.9130602147620378
18 0 24 29 80281 1.0207028812446084
4 4 14 17 51895 1.063474595259224
24 13 17 27 53751 1.0265327339538388
4 19 15 29 43667 0.9575284891743718
5 9 25 9 48574 0.9092194170366432
13 9 21 13 31454 1.057557690571347
5 0 19 25 78970 1.0730337554852076
21 0 8 11 61041 0.9749336197593681
15 24 28 1 76878 0.9569864784932355
7 4 10 24 55072 0.913913431825911
1 13 7 17 29099 0.953604530890979
9 17 0 28 53342 1.0921995996840426
19 1 11 23 60875 0.9095447661443673
5 29 19 27 46910 1.0937856377034505
9 3 20 2 58173 0.9065331976442735
6 24 11 14 32047 0.9668707745254141
4 19 24 5 83486 1.0164754296047633
19 16 4 6 59003 1.0085902000671416
6 6 16 21 59139 1.023604490549436
18 5 4 1 62724 1.0747484070735003
25 15 1 18 79626 0.9749450650632393
20 10 13 14 24153 0.933624479614434
7 14 26 10 61496 1.0603350736860646
5 23 23 13 75505 0.9632088229037612
10 3 16 9 29126 1.0008786770692963
12 29 1 16 54633 0.995209884355869
7 9 13 4 30837 1.065010537489961
29 19 27 28 34752 1.0734834396889326
11 26 17 16 30405 0.9503436720396372
27 20 12 2 86718 1.0676051181561377
20 0 16 20 56877 0.9294306882759433
1 25 12 28 27387 0.9798318309844523
7 5 15 10 29740 1.0658804850160735
12 1 10 18 49337 0.9574752746370239
1 6 20 8 53227 0.9829015729972266
6 7 19 3 52301 0.9824229118098302
8 16 27 28 74381 0.9219387524820458
18 0 27 8 46444 1.013113889925259
9 7 3 14 38137 0.9723456817453369
21 8 25 22 55396 0.9498675570349913
3 10 1 1 17968 0.9742397399523264
4 13 20 24 63273 1.0091925175817558
7 14 15 24 45571 0.9275030233062883
22 4 23 19 50688 0.9950904180857493
3 18 2 29 37387 1.0181728696970307
24 23 0 26 52780 1.0492410209238574
29 28 21 4 86783 1.0185617850464839
25 22 9 15 64871 0.9419570138370623
13 19 20 10 31936 1.0248298486210445
10 7 25 8 48032 0.9565037688050356
6 18 23 18 49141 1.0371034107408466
28 20 8 22 60681 1.056122407073182
9 21 21 21 45693 0.9863932365097581
1 23 11 6 56537 1.0702919451222512
0 0 19 9 59121 1.025652160288176
27 5 21 13 45478 0.9183867909247622
17 7 25 13 43081 1.0200618518149716
11 7 10 27 44313 0.9907299289757188
10 12 22 2 68855 1.029923020209353
10 24 3 29 30941 1.0700359134896111
14 11 3 21 54869 1.0803857260926333
10 15 6 5 39552 1.042741500722656
8 15 12 2 44943 1.0393485185820888
27 3 16 4 58546 0.9896517589846425
29 11 19 25 48614 1.031504170688601
29 17 2 3 100010 0.9802286639047719
20 12 28 8 27684 0.9140618458315625
18 9 10 1 42334 1.0482322981606427
28 5 2 28 97662 1.0411265104574712
26 6 0 26 93115 1.0540958691533429
28 25 18 6 61047 0.9170571028187718
5 22 22 17 66224 0.9790260573134241
20 12 13 6 28427 1.0833664864446273
21 25 11 1 65937 1.0452440276076165
18 29 18 18 26430 1.0155049177737487
15 13 5 25 41903 0.9911966493336111
3 27 9 15 48429 1.0135344394733785
1 23 6 13 39519 1.0761164656925286
15 29 27 14 66378 1.0098381244134216
18 11 13 29 44523 1.052454705876431
5 23 23 12 76456 0.9609829031457799
2 0 3 20 50369 0.9435306070453203
29 29 5 5 102324 0.9642157140972432
22 0 13 7 52986 1.041274524893788
0 27 5 15 42623 1.020755377942463
20 16 27 5 45602 1.0696142715646135
21 24 17 9 40812 0.9393839262564028
22 17 6 25 49452 0.9568466202253892
10 7 15 25 42313 0.9901415917200667
10 15 18 22 41554 1.014437407581295
2 15 10 10 29497 0.9063973977912116
9 17 19 20 36363 1.0795842293109883
0 0 26 12 81338 1.0715842038240075
22 18 19 2 41594 0.9293190993592535
8 24 21 0 78187 1.016754541253946
23 18 22 4 47493 0.9290684387393123
28 24 17 26 22706 1.064388388460063
17 18 24 1 61560 1.0674012556911503
20 2 26 12 47107 0.9226055763902555
12 29 3 20 44751 0.9313723394304846
2 1 20 9 65877 0.9006442785430724
12 15 21 4 51630 1.0472419965653696
29 16 9 1 91581 0.9472095362914248
12 3 23 24 62815 0.9721549853880012
18 20 24 4 58160 1.0493366015374823
13 11 12 0 31449 1.0405845231378859
9 7 19 25 52085 0.9312933582059042
7 10 16 14 34942 1.0455045328319212
26 18 17 9 42859 0.9691137899819099
12 23 27 21 48743 0.9210889160157035
8 16 0 28 52829 1.0270960411739274
25 11 14 14 37410 0.9557547349363072
20 17 24 9 27616 1.019213356791514
27 29 22 9 65744 0.9314749295917266
8 2 16 10 45479 0.9612527679629546
23 20 6 24 48737 1.0988695902378187
19 0 23 13 39227 1.0771612746947108
18 6 2 0 67368 1.0843603262402088
25 19 23 4 55220 0.9687166789882921
10 6 6 22 61188 1.003244614408282
4 14 21 25 60178 1.0775375025104632
10 18 15 4 39542 1.0663136796028696
9 21 19 12 51576 1.025546734176406
21 15 6 4 65700 0.9786765739990526
25 12 22 29 61178 1.091973191096338
25 29 18 18 45499 1.06143604729828
4 21 0 5 36380 0.9612425078958209
4 8 10 4 33528 0.9729054455761046
26 25 6 9 68663 0.9222918276235281
18 24 20 6 45059 0.9529672085934299
21 0 21 27 70039 0.9205380158838578
15 5 2 25 55682 1.0202389425081866
21 16 6 6 59425 0.9282014437899546
29 19 3 28 73193 1.0891382712030797
26 12 8 18 65052 0.9774816676905024
19 10 5 19 56711 1.0369694430629235
15 2 0 24 70227 0.9512751830443931
9 24 16 3 52447 1.0664545677168809
26 21 17 0 75236 1.043600200562131
13 7 26 9 35057 0.9376223211971713
2 29 21 22 54114 0.9896761312375
20 22 4 16 58075 1.0693213278319802
9 20 1 1 57073 0.9420131042909232
10 12 17 24 45927 0.98515141712164
8 10 9 1 34388 0.9840933609567108
25 3 14 22 74914 1.0247092093749792
19 14 29 1 54161 0.9076040162936857
2 16 3 28 39725 1.0881799608692837
14 28 25 4 78006 0.9325224629130583
23 4 6 6 63762 1.0285289312519308
16 11 11 4 26367 0.9605032179396894
8 28 19 22 37136 0.9900411765213142
9 25 17 19 29883 1.030541041510129
4 25 11 2 63986 0.9255266448281964
6 15 12 4 46616 0.9006896093882496
2 10 9 27 59296 1.0044500287074483
20 10 0 24 65629 1.0755702207775961
23 7 22 29 57184 0.9527477513028693
20 2 19 24 53730 0.9439887797100714
16 2 3 4 64226 1.0023912123857772
13 13 5 6 34974 1.065328659247872
29 27 13 25 38302 0.9019501616355156
18 26 27 21 31331 0.9823916398487914
12 16 17 2 43998 1.0038114875123512
14 8 19 16 27152 0.9745466320728388
24 2 6 25 87917 1.009233568959771
19 20 7 16 43921 1.052320439575243
2 22 24 3 105665 0.9553127070536406
25 22 3 18 71490 0.9324476124183927
14 21 18 11 30322 1.0361831000487203
29 22 12 9 63043 0.9116161489528112
23 1 15 15 57373 1.0224879802849514
24 15 9 27 62698 0.9934936873374364
0 28 12 12 65084 1.0090697627842988
13 5 0 9 45180 0.9766786875307631
23 2 3 19 94067 0.9363849319200374
23 27 19 8 48009 1.0100547847996466
29 26 14 8 60341 0.9300251902949839
29 9 10 4 60316 1.0963200692956823
28 14 26 1 38285 1.039807826696811
0 29 12 7 74200 1.0316092478418961
