7381 6295 5099 6800 6545 7764 4929 4456 7319 6620 4758 4665 6052 7193 6969 6203 6986 6758 5950 5193 6191 7061 5458 5351 3920 4536 3897 6824 4522
6244 5719 6926 5381 7925 6372 4695 5842 7096 5988 8395 6320 5560 7754 8018 5679 6456 6550 6562 6155 3731 4066 5622 5369 4958 4935 6364 5846 2785
4593 3628 6325 4578 4412 6441 6383 6079 5735 2988 4780 3428 3503 6031 2920 4202 4412 2974 4590 2554 2598 3623 5232 2285 3786 3150 4366 4930 2919
3545 5802 6752 5662 5674 5986 6503 4042 3988 3242 5707 5400 4648 6344 4442 4899 2589 2546 4601 2335 1698 2090 2327 3493 3283 3457 1432 4540 4854
4279 6551 6661 5875 4387 4477 5328 3246 4555 4041 4662 4969 3503 4391 5690 3842 6047 5015 4986 6002 5649 6855 3832 4419 5582 4369 4377 3266 4029
4967 3106 4938 3520 2035 3650 4469 2394 5633 2160 2552 2410 2256 5316 4562 3885 3631 3289 5670 2232 3737 2591 2173 4141 4501 2958 3237 2856 5355
3047 6367 3616 2773 5050 3957 3774 6415 5492 6065 3040 3281 6296 2667 5464 5277 3532 6268 5075 5280 5401 5948 3157 3129 5063 4002 4808 3284 2700
4762 3460 4073 3879 3432 2025 3929 4136 3912 4824 4503 5196 2633 3361 5616 2433 5069 4308 2778 2892 2103 2013 4026 5315 4734 5368 4857 5491 4479
4601 6323 6304 3985 5064 5360 5121 5395 4567 3627 4368 3867 4602 6631 6702 6199 6353 5409 5732 5300 7100 4271 6785 7191 5948 5716 4342 5948 4385
2931 2508 1964 4888 4039 3055 3822 4565 3451 4156 3445 3955 5987 4880 3004 3823 3664 2839 4662 3569 4976 3363 5002 5972 4578 5229 4308 5203 5773
4371 7152 3958 3916 5398 7085 5164 8781 7156 7290 6552 5697 8795 8497 8131 6919 7540 7683 7285 8761 5379 6373 5165 6369 5645 5843 6569 8609 7390
3513 3948 3168 1396 2222 2019 1888 1180 4208 1255 4606 4016 4527 3647 3132 4134 2542 4711 1129 5901 8173 4750 7505 5787 4982 4996 5730 4461 5420
6961 5457 3956 4104 3302 5994 6073 4207 3672 3896 6856 5219 3264 4236 4989 4895 5486 4299 4274 3992 3580 3097 5107 4818 4835 3741 3398 4986 3404
3822 6796 4528 6824 6636 6250 7163 5488 7475 4844 4635 5306 6307 6378 4926 6819 7140 4088 4272 6172 3934 5239 5988 7393 7058 4756 5211 7143 6686
6852 7418 3828 4101 6798 6375 5363 7116 5763 5551 5305 5847 6889 6150 7338 5467 7639 4503 5055 4451 6759 5117 7568 6842 6062 5065 6042 5511 7272
2714 2381 4044 4964 5032 4712 4191 2031 2634 2592 2687 3023 3626 2652 3079 2548 3510 3819 1488 3308 2556 2956 4152 2014 3722 1640 4886 2569 4171
6653 5165 4630 5058 6116 6571 5958 4960 3157 3622 5537 6144 3338 4701 6554 5963 3311 5947 3569 6246 4871 4873 6030 3326 5793 3081 3207 6698 5984
3073 4722 6121 4924 6410 6375 6631 6378 5031 5339 2388 1926 4223 4639 3734 1845 2266 3017 4057 1185 3563 2133 3306 4718 3359 3347 3593 4295 4600
4453 6383 7637 4433 4058 4231 6139 4269 7361 8840 8136 5615 6773 8697 7356 6913 7749 5132 6317 6618 6803 6529 8677 7512 6350 5184 5902 5806 6544
2991 3271 5717 6645 2867 3924 5187 6125 5176 6472 3171 5637 4219 4657 6394 3839 2964 4907 6552 3296 2956 6625 5653 5700 4137 8690 7513 8855 8388
5917 7172 5824 5995 4811 6923 7359 6336 7166 6435 6274 6955 4571 5168 6947 6423 6386 6121 6756 6659 5305 5371 5163 5610 6942 8349 5008 6635 6283
2347 2940 4803 3977 3154 6061 5556 4202 3737 4117 3385 5130 2998 2342 3665 5284 4845 2552 5654 2587 4285 4784 4833 1173 3451 3251 1186 1442 3157
4442 3630 5412 6484 3399 4359 4548 3993 6316 6967 5104 7129 6804 6874 5168 7326 5224 5083 6368 6013 5070 5593 6121 8485 6031 5568 6919 7658 5329
2714 2974 2847 2484 2581 2618 5727 4133 3183 4071 4582 3941 5251 4958 5709 3227 5599 5313 2576 2075 2853 2431 5765 4529 2171 2323 3040 2142 4079
4835 5173 3652 3746 2927 2159 5554 4752 5063 4281 5894 5755 4814 5803 2195 2135 3342 4496 2157 5706 3773 3559 3298 4626 2165 4732 2216 3160 7027
5881 4117 6395 6042 7070 4646 5846 6274 6389 5711 7623 6319 6430 6637 6560 4637 6011 3825 3856 5439 4362 7068 5145 4868 7199 7461 4872 2125 3756
7017 3951 5290 6931 3472 6429 5160 4679 6076 5021 6188 6693 6445 4876 5010 4516 6887 4971 6684 6166 4091 6967 5567 5187 5678 6412 6374 7292 4899
1818 3787 3127 5052 1577 1390 4985 2225 4350 4593 2744 3464 2908 3531 4467 4085 5300 6873 5803 6057 7276 4431 5907 3970 3669 3840 5150 6222 4257
3025 3180 3224 1284 1471 3951 3715 4677 3520 2211 2230 2318 8212 5293 6054 6530 4931 4778 6507 8147 6711 7422 5596 6532 7497 6957 6103 6072 5726
2353 4008 2209 4789 3673 3519 4461 2639 5332 3845 6581 3360 5888 5435 3787 4873 4103 5980 5746 4015 3732 3141 4316 5296 5052 4287 3179 4350 5899
5062 2936 5955 2253 6972 2579 7259 3958 5518 6432 6178 3940 6049 4984 5341 6729 4434 6201 5886 3284 5862 4446 4249 4880 4585 2936 6049 6999 3359 7528
5754 1862 6753 3251 4106 2770 5535 4938 5614 4170 4943 4888 6292 5912 4681 5250 3926 6987 5549 2536 6330 5181 5527 5587 4711 2236 6359 4669 2855 4810
6008 1299 4829 3450 5432 3151 6079 4172 5076 3836 6192 4941 7181 5514 6268 6460 3278 5000 5070 2332 6572 5214 2477 3944 2999 3133 5447 6671 2097 7522
7137 3428 7691 3252 7173 4067 5279 4063 7193 6004 3178 7004 4540 6928 4907 6420 4104 8003 7676 5942 8364 4979 3013 4715 3738 5196 4240 3986 5038 4817
5754 3750 7598 3518 6442 3791 8083 2949 5335 5473 3101 4366 5539 7357 7139 4285 2114 5413 5674 7143 7539 3688 4248 6834 3859 2593 6266 7399 5307 7612
7574 4000 4435 3970 4827 4691 6088 4318 5851 5817 1578 4866 7014 4359 7207 6030 2665 4195 5569 4528 8050 1960 2183 6208 3850 4826 6841 7188 4261 8745
6938 4801 5509 2796 7057 4372 5351 2201 4312 6790 2729 4335 4632 4330 7626 5189 3084 5632 2005 6671 7904 4484 5931 6634 3401 4294 6303 3995 2256 5867
5129 2167 8196 3273 5027 4245 6606 2918 5921 5830 4300 4536 5981 6356 7237 4082 4056 5009 5554 5302 7117 2708 5444 4718 3629 3605 7837 7175 2879 5661
4674 1657 7815 3874 7373 1613 4982 2148 7231 4675 1605 6240 5474 5033 4926 3778 1665 4550 2143 3602 6341 7749 2303 4451 3128 5183 4176 6026 3447 7292
7633 1924 5186 2100 4976 4170 7781 2588 6254 3079 1699 6933 7256 4401 6366 3599 2864 5238 3409 5871 8252 8112 4596 5025 4863 5884 7582 4855 2479 5876
6952 4371 6843 3594 6276 2429 6071 3388 4101 4928 4810 4410 7670 5364 7551 5020 4272 4365 1865 7034 5932 6063 4099 3700 3877 2552 5084 3751 2519 8838
7689 2836 6492 5799 6439 4632 7035 3946 6631 3095 3927 4461 6749 6497 6027 5770 3448 7570 4493 5650 4802 4388 4106 5431 4914 4042 4893 4859 3754 5881
6706 3800 5488 3810 6591 1488 6889 5264 4427 4724 4019 6169 5048 7307 6368 4765 3985 6456 2655 4411 8122 7190 2161 3742 4253 4451 4747 4140 5137 7976
7376 2288 4561 6547 3986 2352 6049 6761 6512 3145 3613 6622 6121 7654 5729 6666 4649 7727 4507 6071 5588 6316 5601 4832 3882 2178 5760 4396 2271 5942
4734 3553 5527 6620 5433 1965 6659 3907 7329 3040 4276 6022 5733 7623 5498 5198 1476 4157 2771 3522 6320 4477 3693 4587 3471 3299 7865 4558 4736 5209
7036 3501 4440 6929 4597 3843 3577 6846 7284 4208 2553 6134 7929 7551 4448 5145 3848 5009 5602 4373 5324 4993 3343 6189 2581 3529 5012 5937 2384 5180
4542 1159 5687 5146 5298 1733 4421 6016 5689 3383 4451 7235 4497 4600 4117 5647 3220 4302 4091 6967 6433 6954 5292 5188 3969 2206 4128 5690 3414 7234
5892 4857 4827 7002 3826 3967 5151 6401 5922 4963 3493 8416 5958 5365 6116 6870 1491 5384 4009 6331 7904 7602 5480 4137 3614 4227 3936 7455 2192 6267
2129 2294 7242 5469 5846 1397 5941 4080 4601 6059 2944 8027 6690 6250 5105 5586 5616 5573 3205 3783 5946 6763 3050 5444 4036 4071 6712 5149 4799 8062
3541 2467 4582 3656 6046 4086 6760 4742 3946 4233 5188 4612 7950 6349 4821 6762 3109 7779 4339 6711 6820 6272 4246 4071 3793 2501 4271 6585 1798 5244
3985 3122 6988 4316 5739 3893 6772 3825 6544 6306 4172 5858 5066 7309 7183 5069 4855 6351 4459 4862 7817 6185 4835 5473 5250 3002 5241 3949 3627 7526
3921 2794 7861 7092 5023 4453 6671 5444 4646 7807 2605 7250 6929 4323 5081 6943 3591 4784 1848 6185 5652 4802 2312 4620 4552 6165 4560 7271 3879 8086
2373 2050 7319 5096 6281 5522 5426 5506 6379 5611 4153 4991 4539 4441 6918 6024 4473 7671 3310 5793 8625 6552 3086 4948 2112 4975 4045 6130 2760 5362
3835 5113 4687 5800 5583 3150 5496 6633 2889 4266 2032 6981 6719 4010 4866 5619 5073 5023 3496 5578 8751 6005 4382 4580 3284 6235 3256 6194 2973 5330
3774 4659 4991 3918 6306 2904 4597 6291 4704 7691 1624 5522 4767 7395 3202 4049 2606 5286 3245 6286 7382 5753 5704 6115 3501 4263 5527 5783 5095 8377
4983 2735 5689 5744 4974 5557 5856 3789 3488 5220 4400 7436 4537 5819 2411 4149 3184 7666 4698 6337 6873 4844 2969 5243 5056 6208 3604 4533 3963 7853
5888 4074 5799 6025 6309 5577 3788 3750 4216 6982 2100 8005 7785 4341 2429 7024 5678 5711 2169 5835 5713 7456 5221 6835 4501 5744 6050 6510 1726 8645
2787 2639 5585 4457 6584 4189 5649 4244 5053 7249 1766 6193 4915 6953 1766 5439 4039 7384 2186 4746 7697 5326 3253 4268 3632 6263 4819 4323 2819 6873
2596 2470 8204 6673 5058 3286 5083 6897 5293 5213 5295 5225 7648 5966 5028 5084 3766 6248 4767 6736 5754 5423 4236 4561 5188 4415 6851 5339 4482 5382
15 18 29 1 96128 1.088058664149257
22 6 2 6 77138 0.9684697921741752
29 0 2 18 133912 0.9653482764518969
19 26 3 5 120139 0.9467401924810801
13 21 28 19 71309 0.9449362088835835
2 25 28 5 143273 1.055385292597483
3 27 28 19 117482 0.9586998553530675
2 17 16 15 53664 1.0431729162164647
28 11 16 28 83877 1.0142627224693788
25 18 13 25 56544 0.9152058641145862
26 2 28 28 114603 0.9997736452018455
24 7 0 1 88665 0.9205898764774321
13 15 19 6 57469 1.0078944642934669
0 19 27 14 103918 0.910670526281681
0 16 23 29 111858 1.094177876386734
29 13 5 20 106863 1.0844978499725146
22 2 14 22 93659 0.9209413343028889
15 2 22 16 73545 0.9592130676971546
19 2 16 23 86954 1.0406403767591899
19 24 5 10 88174 1.0454954146305855
26 7 21 24 72610 1.0215473064344462
27 4 28 22 78174 1.0560888306223268
24 11 6 24 110885 1.0903664505700346
6 21 22 1 110498 1.0775474494192188
27 15 13 11 69353 0.932736578363185
13 6 3 4 47422 0.9893841405698403
5 28 14 5 97740 0.9711224493417416
12 18 25 1 99446 1.0229834251642873
25 6 27 25 95038 1.0449964515431998
0 7 11 19 75468 0.9851862358256914
14 27 27 16 78212 1.0478633308466558
19 7 4 14 76154 0.9652336458963497
14 23 21 9 70909 0.9927302490432094
13 13 24 5 72075 0.9840599143637438
28 20 8 4 120751 1.0682223753050215
14 17 20 25 44004 0.9360809405534138
29 27 27 17 52590 0.9218277831900622
25 16 15 26 59906 0.9809923236931124
15 15 28 8 62279 0.9278564495042696
5 16 11 7 44345 0.9927758673884344
7 14 6 4 43547 1.0931408410689945
13 11 19 1 56916 1.026055173800691
11 22 0 8 90918 0.9751319343133111
13 12 19 3 54176 1.084239076414777
6 9 15 20 66783 0.9818498856849677
0 20 2 7 62655 0.996672479574688
11 0 18 10 50635 1.0563061131195866
26 21 5 19 93974 0.9306368359595268
27 3 21 16 62328 0.9000946554847536
14 3 28 12 75053 1.0847310171305247
8 11 21 20 82507 1.0198442166703086
1 10 22 22 110797 1.0538554303452066
4 18 7 9 42706 1.0306041884115704
17 23 7 28 50129 1.0029705921467864
23 14 18 8 48180 0.9548896716411552
28 24 2 28 100096 0.9319376375855982
15 16 13 0 59859 0.9743955899058844
6 0 24 16 104238 1.0811209526748013
10 2 0 21 92487 0.9634983785711849
0 24 8 3 94154 0.9760063022654619
10 11 22 9 57224 0.9777774478424395
8 12 21 15 69459 0.9683160337742636
10 14 25 24 87638 1.0601027116936168
18 24 27 11 68027 1.0952875867872187
8 23 18 28 54388 0.9132547847113361
19 5 16 23 71725 0.988050879439806
19 5 23 14 54969 0.9739442003512082
13 7 10 14 40200 1.064946876874036
17 7 27 7 50461 1.0464815774535845
5 8 18 15 71133 1.0984245198878575
26 15 5 5 107212 0.9177861445965956
2 11 19 11 66095 0.9005563215863684
6 21 7 2 75544 0.9342709769751927
26 9 13 3 75550 1.0930084448131037
24 15 16 29 65952 1.083595052007227
15 13 27 15 59108 1.0293554289417335
17 27 26 3 112081 1.0233123583406813
1 27 18 29 69416 0.9368422350914971
5 1 17 27 110115 1.0045100745332147
15 0 2 16 83673 0.9043262893426175
24 4 10 27 121948 0.9756242790798912
10 7 26 19 93442 1.0396256838043558
5 16 27 0 112106 1.0502920073605826
16 20 24 28 52804 0.940587279818768
28 29 15 7 106753 1.0931930270579366
5 2 3 10 35078 0.9486396405487014
25 0 7 6 70260 0.9563411263705796
6 9 19 5 50266 1.0247235456195525
20 27 3 17 94064 1.0302711249448386
29 2 12 26 125825 0.9381190732561849
7 5 18 24 89930 1.0446506427324302
22 3 0 8 89583 0.966026371222267
0 11 10 26 90242 0.9903633395125541
28 18 14 8 78325 0.9103968681012329
18 9 1 18 86272 0.9551067822951463
11 16 15 29 54349 0.9654234299198563
21 2 7 1 42936 0.9746625168393824
29 19 2 3 136779 0.9595811901979692
27 1 25 17 64722 1.0548981091035967
28 6 2 18 121806 0.9267530882528325
10 10 20 5 40823 0.9603340689510519
12 27 1 16 73146 0.9862137447981215
17 4 9 7 32306 0.9967866362158391
4 23 18 27 68190 0.9433660906281829
18 10 21 28 69532 0.9649502292042386
6 22 23 28 75482 0.9457189576371824
4 28 2 2 104708 0.9783660923451171
22 16 18 9 47110 1.0779273834969216
27 4 23 10 29276 1.00563515722779
14 11 18 27 67395 1.065762863097763
23 22 9 16 64150 0.9370749255123386
9 4 12 21 66854 0.9172813617015545
12 23 2 2 102934 1.0343714175820597
2 5 16 1 56960 0.9198574937391091
1 9 12 15 59946 1.0823635992490777
28 23 10 2 125257 0.9023449269999136
18 18 25 23 40891 0.9099692256388491
4 11 16 23 80149 0.9601570772354785
12 0 29 7 78258 0.9113214616745208
0 17 19 29 107842 1.075464332191173
25 22 11 13 78013 0.9521483084761617
22 23 10 26 51145 0.9871711204575003
5 17 6 0 63564 0.9031932986030632
18 22 7 16 55184 0.9820383075715108
18 0 27 20 101559 0.9442818993402509
29 19 14 6 93970 0.9586524115621811
21 5 13 2 40172 0.9032403974815283
9 9 24 20 87098 1.0823155550577352
27 19 14 3 99571 0.961985566124528
24 23 5 17 86738 1.0871927218314592
6 3 21 7 58310 1.0884969715067465
22 0 16 6 42789 0.957533386749416
2 14 29 23 122319 0.960748065542647
25 20 4 4 122761 0.9618154041058006
0 4 15 13 79650 0.9482187016918171
27 27 24 5 105079 1.0477820536210212
14 27 20 16 54639 1.052576463704286
3 0 22 6 75300 0.9569187295266297
28 13 18 17 49069 0.9656237025323771
26 7 1 15 121300 0.931271535694926
14 11 1 6 61885 0.9429612872461168
17 24 6 18 52426 1.0086944790602372
10 26 28 25 78290 0.9619261038888449
27 0 21 25 94047 0.9546639773097683
9 15 6 2 58186 0.9632059743649727
9 2 13 28 98409 0.9739944538400167
11 16 2 1 69498 0.9286752806950601
6 0 21 8 68713 0.9438747386989474
21 1 26 17 76056 1.046473423869369
29 27 23 2 114748 1.082520443685173
13 10 6 3 37751 1.063452670593199
24 25 21 1 96501 0.932753342356697
6 9 9 21 56492 1.0429819852138627
3 27 23 12 115678 0.9627135717265802
12 20 28 22 71305 0.9196343213255532
16 23 22 0 100846 1.0631826999869993
4 24 21 25 64387 0.9750721737675481
8 7 4 22 65695 0.9932532136207455
20 0 27 26 121235 0.9200552039418168
8 13 18 7 59023 1.0966340174229545
15 19 20 6 63730 0.9206285489193634
13 27 14 2 93436 0.9405614715575812
1 23 25 25 97355 1.0319338214983187
15 22 25 18 47484 0.9022210877355822
26 26 14 25 47078 1.0895195732976029
21 27 12 6 96566 0.985048500223827
7 11 29 20 109497 1.006055319632122
15 13 7 2 55759 0.9513557387490329
26 10 8 22 99426 0.9531288502658539
22 14 2 21 91771 0.9534519029740474
28 16 24 4 58098 1.035130645076809
12 28 2 14 73797 1.069778397691014
19 27 28 29 40917 0.9424188952529073
12 8 25 2 68563 1.0441944112715882
7 26 24 0 136069 1.0931918964433127
18 14 13 27 60478 0.9066328418498183
19 24 10 5 83938 0.9239431321716697
23 20 12 6 83240 0.9875828484483395
6 16 14 24 54953 0.9499763379857105
29 2 2 28 162111 1.0984221157057512
28 22 21 29 45420 1.0757530783414033
5 9 28 14 88844 1.0726408698950987
12 4 16 29 87870 0.9735933906496061
7 21 13 16 35430 1.046343800471213
16 17 29 15 57692 0.9502841100295256
21 25 26 4 86572 0.9966286032153071
20 2 14 6 38272 1.0153826195194193
27 14 2 28 118770 1.071447520543514
21 26 7 27 53555 1.0825672890840685
10 21 5 5 78423 1.084674630629327
13 12 1 29 92674 1.0524162700281225
21 14 23 3 45410 1.0471819549086732
4 21 29 11 118232 0.9815194838284539
4 4 28 16 120542 0.9913439965848551
18 9 28 3 60224 1.054674442297966
5 17 16 5 66163 0.9850048976100872
9 27 4 3 102252 1.0053869016499393
29 23 1 10 141122 0.9490233748748209
2 28 29 19 121371 1.0728027781873186
17 26 2 12 93103 0.9379998672287464
2 10 11 9 30447 1.0293075545372994
6 13 16 10 46148 1.0977926285003652
1 27 21 7 131134 0.9760229841304392
20 23 13 15 53191 1.0281929273311252
4 20 24 23 88643 1.0591722324375634
24 1 13 3 44354 1.0693852456093675
23 12 16 16 43597 0.9204877114212738
17 14 26 19 48966 1.0702849541689403
2 15 15 0 85686 1.0618879351730814
24 22 18 28 35340 1.0010930202532384
10 14 11 27 66276 0.9030614139263441
2 21 26 24 98996 0.993071675981533
3 10 14 3 52921 0.9125636427764143
5 6 18 17 76347 0.9484112999002373
16 9 25 23 77011 1.0264628018804167
6 7 28 6 80708 0.9475747763002244
18 15 17 1 68025 1.0085438039516141
5 22 25 23 85447 1.0507642411577551
29 22 5 10 119392 0.9268480262978843
21 0 8 20 103272 1.034792349294408
10 2 7 9 34167 1.0147996262305414
9 2 26 6 66369 1.0821796989203212
10 25 18 23 34471 0.9763740106956942
17 28 26 22 46205 1.0206721481465446
6 12 27 28 116606 0.9339561131279558
26 11 8 29 116902 1.0780357536267953
11 29 19 12 89428 0.9662169931140648
6 24 22 15 88841 0.9665940248961048
23 7 24 20 55005 1.0571549858256613
11 15 27 13 68871 0.9559646736261703
9 13 26 9 78367 0.9626805163303827
23 28 5 3 126310 1.0601552019815936
15 27 20 10 70245 1.0634523942140541
9 28 23 1 129928 1.014287453060249
24 0 20 22 95915 0.9816887188331893
17 29 16 12 61174 1.058890840928003
24 28 4 28 66872 1.0815515895854872
26 15 14 14 56707 0.9823904609476349
7 13 0 3 54749 1.0953729144753797
21 28 17 4 98701 1.0746357966300508
28 8 21 4 43698 1.067624384418607
7 5 23 28 115542 1.0830402874207903
4 13 7 21 38280 0.9178424243197301
12 2 24 13 80415 1.0747797930136573
12 24 21 29 43335 1.0009984121113398
1 12 25 29 134191 0.9902814220681545
19 21 27 5 80656 0.9500474006648447
1 9 21 10 72884 0.9509696573164024
28 8 16 3 66794 1.012577979248456
10 16 26 23 79908 1.0546098953363157
14 20 20 0 85329 1.0037040270358355
11 23 8 6 78661 0.9725045966982828
12 20 1 18 55285 1.0490576371456317
22 19 17 26 44446 1.0153365097491442
2 6 23 11 91253 1.070093240488583
20 11 25 4 47842 1.0477600598131966
11 26 5 6 93424 1.0001041467513563
5 5 29 4 88757 0.9669790987438275
20 4 10 17 71793 1.0233693778566946
19 0 9 28 122514 1.0083948416649533
4 22 19 20 71111 1.0525484640161236
17 8 2 14 74172 1.0253065732232702
6 28 27 19 97772 0.9334410066878843
6 23 18 4 97748 0.9231475068434628
21 16 28 27 63899 1.0412126591142616
12 16 26 17 58063 1.0770062181465934
24 0 21 21 86652 1.047561595781139
23 12 7 15 76293 0.9986345936262595
19 29 26 15 66122 1.0414805122829607
18 16 29 23 66151 0.9009162239236433
26 21 22 10 61654 0.9243474466496417
10 17 18 14 39228 0.9324676546417134
6 14 13 22 50193 0.9503356341522374
21 22 3 29 81442 1.0956853413491523
0 8 16 23 106898 1.040128630137768
1 20 13 29 73930 1.0167693471504369
29 9 4 6 96727 0.939369667928867
5 24 21 9 101437 0.9635865456224323
10 11 14 29 83424 1.0202782465129918
2 14 18 2 92949 1.0248856471027454
1 9 17 7 67034 0.9720581070137659
27 27 8 24 82145 1.0206116575509878
7 28 1 0 117002 1.091975376538306
11 21 25 18 63771 1.0067688694881032
5 14 29 7 100234 1.006869045741928
25 6 19 0 34216 0.9921449779546894
9 13 28 12 81760 1.083776194369922
27 2 23 16 57391 1.0995288757363002
4 22 11 26 40885 1.0226345211335017
10 18 24 24 65956 1.0162543319256665
17 8 11 20 60045 0.9076021427932399
12 22 1 29 62192 0.9507013103056202
26 12 21 25 57388 1.0698195352790223
18 7 24 29 99376 1.013799241120924
16 8 8 4 41931 1.0478240030107004
10 1 10 21 75311 1.0737210409394438
24 24 1 4 140315 1.0274860603941334
0 1 5 13 52398 0.9741742931339958
19 15 22 4 58150 0.9841803803556681
2 13 11 20 52926 1.0664174493881324
26 8 16 22 81158 1.0145192678476733
9 5 16 23 77115 0.9976857629479241
21 18 25 8 51806 1.034815680825088
26 21 19 5 89199 1.0280746360988486
16 2 4 3 47234 0.906059256238387
11 15 13 24 43013 1.0089219437958565
27 19 14 26 72101 0.9730894331051455
28 19 21 26 50342 0.9694975977269971
10 1 8 19 70119 0.9169720139499486
15 21 3 14 60584 0.9803174102013944
2 2 15 0 46216 0.906445645897405
8 15 12 0 62639 0.9639263961670976
12 29 9 13 71221 0.9403887774882095
4 29 23 7 138075 0.9690188385209065
14 19 28 21 72019 1.08961125503216
10 28 13 8 88904 1.0079586010688777
10 3 16 26 84853 0.991982593353591
28 28 9 5 126260 0.9379671789022228
23 18 1 0 120019 1.0523162599015372
5 24 29 10 121295 1.0954101818956479
15 25 29 1 112148 1.0666289171688397
25 19 7 16 70533 1.0122022194905567
4 25 12 17 51979 1.0878539972831924
16 21 8 3 76366 1.0862966958391695
6 6 21 1 60444 1.037473992761973
19 28 4 14 91399 0.9920119454101469
17 11 1 0 78275 1.080459873586029
22 9 3 9 74450 0.9826866783652886
1 15 7 8 50783 1.0935532817137565
18 16 0 14 67363 0.9310729101923936
7 5 27 14 90710 0.916846977764474
3 14 23 5 89904 1.0938883449681165
18 22 29 9 73007 1.0131115503581336
29 28 2 6 155364 0.9667329175169972
19 11 4 1 72662 1.053880563523705
0 16 16 25 79254 0.9762697376849439
8 15 24 5 84589 1.0897628478497432
7 25 20 5 104160 0.9884863943025533
6 11 22 13 72655 1.056656797123495
7 5 18 24 89930 0.901968376383496
24 12 6 19 91085 1.0980766053521385
17 0 26 17 91869 0.9297926256509704
18 24 5 21 56312 1.0676537192645805
3 28 24 17 100959 1.0581843904532144
24 12 8 3 82317 0.9152151544456508
3 26 14 0 109399 0.9618559986873106
26 27 0 27 98798 1.0005695645903154
17 25 7 5 89223 1.053019118952125
16 29 11 14 65812 0.9655047711304577
14 19 7 15 36641 1.0378214410224351
14 17 22 24 51543 0.9041313092002635
28 26 3 7 145320 1.022382471053623
19 3 10 17 72408 1.0151889922317574
7 18 17 14 46429 1.090032758222901
3 19 15 21 55638 0.9358516810056833
21 26 27 13 55278 0.9931513902058331
5 13 0 8 36935 0.9615819533496874
9 29 21 14 93123 0.9886499711824027
15 14 4 11 51462 1.0579161890176658
25 15 1 10 109045 0.9756644942425039
10 16 14 2 61200 1.0004351268168115
6 2 8 19 73748 1.0537938582274875
28 16 16 27 72588 0.9403601822005988
19 25 25 16 44233 0.9496747844756459
6 20 18 16 54701 0.9067137413724992
0 1 8 24 102810 0.952830595559944
9 21 21 10 79708 0.9092554053933765
20 18 19 7 55283 1.0465470701476496
17 7 11 22 70932 0.9675040664800302
16 18 25 2 88006 0.9567782775164103
17 26 5 27 50281 0.9936969520698523
3 3 16 29 118489 0.9285599322250347
1 0 12 24 112230 1.063855463148973
15 18 28 17 51435 1.0524374102883125
29 19 23 5 73818 1.0083091992998856
11 29 12 16 60787 0.9163526811790118
24 10 22 25 65305 0.9434651629542539
7 21 18 3 91080 0.9481348205510486
2 28 24 1 141526 0.9518413527080681
29 15 20 12 45264 1.027811745134715
11 18 23 6 83814 1.0549695230321947
23 26 11 20 63501 1.074024605484816
1 27 14 6 109597 0.9506483002153514
15 24 2 2 105823 1.0924419078717196
27 20 1 29 119111 0.9745390835438552
23 16 25 27 46890 1.0580805301804348
4 20 12 17 43142 0.9709420758627669
26 13 9 7 81132 0.9692854505922052
16 26 20 5 82936 1.0438055019149433
21 12 13 14 48357 0.9206785487297788
4 13 21 14 79289 1.0149135647484013
26 14 29 21 41459 0.9793870329798212
5 8 27 25 130453 0.9782456967023818
17 0 24 6 36852 1.06493802598004
8 29 20 25 54357 1.0190877334054713
5 22 26 3 128218 0.9030672852216644
9 2 6 28 104805 1.0092385276608924
12 3 21 22 87886 0.9199509550297956
13 13 29 26 110211 1.0643615605033938
0 13 14 29 105404 1.0488678212529559
26 3 3 23 131472 1.039765024733513
17 13 2 2 79946 1.0110587955231387
12 8 16 22 55768 1.0992095995079
0 11 10 9 43202 1.0224906749775964
0 14 24 28 119536 1.0397616206077018
29 18 8 2 116679 0.9106572494393546
16 2 17 22 75544 0.9117228794227701
2 16 10 4 65575 1.0161387589458442
4 13 22 26 101253 1.0329251258255914
19 4 20 13 49060 1.0504856772793265
16 27 6 10 85935 0.9214884443770017
25 5 11 5 45385 1.0930550162795294
23 9 8 4 68268 1.0155303493771966
19 20 23 12 50989 0.9010039314799392
6 18 0 27 51265 1.0462750886260848
27 25 11 6 113976 1.0934328806342646
0 24 4 12 55241 0.907733159707829
29 0 14 10 77813 0.961397441249085
29 22 22 9 74656 0.9459052561339191
25 4 18 20 91580 1.02350984470366
26 28 2 29 85984 1.0331940355165676
5 2 19 22 102631 1.013583403661151
27 2 13 16 90754 1.0342842404024306
26 24 19 6 91967 0.9120545989498845
11 11 22 17 63968 0.9339806270147837
12 22 8 13 45965 0.9256667758469789
17 7 0 4 73442 0.9225307490648981
20 17 4 12 75374 1.0428332486404606
4 24 1 2 96562 1.0318048852239292
17 13 7 22 60854 0.9170982520686307
2 22 24 19 90459 1.0126072411269507
11 23 1 0 112315 1.0799703914423493
6 18 3 25 34527 1.0304841827319582
10 14 27 21 93458 1.0436707261253029
11 11 0 12 51747 0.9017665621451543
20 13 1 15 84969 0.9386084931286021
14 11 24 20 65830 0.9495535185836252
28 18 4 23 98942 1.0019205534885964
29 7 28 26 94259 0.975719941892835
16 6 10 15 52640 0.948927191610299
28 15 20 7 53262 0.9307807704704819
8 0 17 28 105966 1.0056540240548058
21 28 11 1 107180 1.0124148549715506
21 24 24 8 68613 1.0681437011743193
1 8 15 24 98173 0.9078039148859455
8 26 25 17 86703 0.9484380834118495
13 1 18 24 90004 1.043658236154176
15 21 3 2 94934 0.9936625591104997
20 3 28 15 71777 1.0129560257288075
18 1 15 18 67042 0.9867038588091812
20 9 1 1 82770 0.9786600567772389
10 11 9 24 62629 0.964579212506832
19 26 29 5 97032 1.0120720278892716
0 15 6 20 46457 1.009667015224233
11 15 5 21 38575 1.0463721741551062
17 26 4 15 72907 0.9055872240120267
28 11 2 0 109081 1.0784812773210466
4 20 1 28 35636 0.9975601482949119
8 6 3 1 37073 1.0482662375253269
20 18 13 25 45086 1.0374764376256147
10 7 29 26 129966 1.077804017619903
12 28 22 0 122600 0.9587859401380789
5 13 4 24 45086 1.0245398781642414
16 19 7 14 45834 1.0584329491847206
19 13 3 0 89491 0.9200649558757866
9 23 26 21 79440 1.0710627686930037
17 4 28 27 125718 1.081756991616132
22 4 8 26 119882 0.9265113094850564
14 7 7 27 96647 0.9000497227959772
5 8 25 5 69247 1.0898250761656396
9 12 24 16 73664 1.0036557414113092
16 0 25 5 42139 0.9660927294076366
26 16 24 3 60868 1.0153776518772244
13 12 23 13 60642 0.9002437697454483
18 14 5 27 86363 1.0097459019437296
0 11 26 8 106205 0.9647523234412425
12 26 8 8 82619 1.0033181427907871
8 18 23 12 75673 1.014590649747166
29 8 21 5 45257 1.0779773528567949
14 13 25 20 65459 1.028489920293197
18 6 1 29 120809 1.0972400426762776
2 20 0 28 35541 0.9965241443612624
28 8 1 10 97182 0.9683068195132262
27 9 12 9 57809 1.0954393166394847
19 19 4 26 81389 1.0641580386637484
15 1 17 28 92614 1.0608813708431886
19 18 0 5 100949 1.0004768405716513
14 12 5 14 51966 0.9380313079038024
19 23 0 29 88456 1.0464422027170928
12 3 0 19 81775 1.0180489151468204
6 23 17 0 104654 1.0429236067796945
2 1 28 25 157144 0.943229502150798
25 19 9 24 79130 0.9565508078652823
0 13 3 0 74020 1.0583755966005315
21 22 1 2 126873 0.9806661070157334
4 3 20 9 72765 1.0928497589908668
24 18 29 23 38015 0.9274212408780235
29 6 13 9 68382 0.9758484153817206
9 15 28 26 104157 0.9013409002008947
17 17 15 27 37599 0.9974149612288057
27 15 26 26 62538 0.9469645085398473
3 7 25 18 104434 0.9418453895360369
18 0 14 15 66471 0.9343673578885017
24 7 28 16 47458 1.0151518417798668
20 27 15 14 61074 0.9113521952869884
11 24 8 7 78369 1.0613959644254114
20 7 11 28 103735 0.9126842803493432
12 22 24 21 51040 0.9012852385599349
16 28 19 21 41187 0.9105355815665296
20 25 7 5 100022 1.0480066799883527
15 22 28 19 63044 1.0227826488965512
27 8 29 22 63761 0.9668144564905682
21 9 24 1 40967 0.941064135703336
28 18 3 6 119990 1.0546208835816728
7 0 9 15 60700 1.0877471419204265
21 15 7 2 86744 1.0148654175064418
1 13 1 2 64416 0.9200695622927869
28 2 3 0 86764 0.9171559330870938
18 27 8 25 46509 0.9357273857236053
2 25 2 15 35575 0.9475666421438357
3 12 8 19 46630 1.0197145954094935
16 17 25 15 40923 0.9958067411694973
26 14 2 16 86879 0.9697781909755702
17 21 23 3 80195 0.974481644796537
5 22 27 19 94479 0.9749846373597809
18 17 1 2 100691 0.9235489623616276
29 3 20 15 68771 0.9861336845769983
9 22 20 23 49849 1.0936516017522941
17 0 4 9 63162 1.0951815144163157
27 26 3 1 153422 0.9015761517381303
6 12 3 29 67832 0.9951443911011877
8 4 8 26 93586 1.0651653325384705
0 21 16 21 71054 1.000053311237741
2 0 22 9 92504 1.0108200634941675
24 14 13 5 73368 1.013746869209134
26 15 20 28 55936 1.0455248381231859
18 20 26 16 46874 0.9770604871530021
2 28 27 19 114475 1.0605105983096466
12 19 29 3 108134 0.9660313262358924
6 29 11 20 58398 1.0942862193465541
10 5 3 16 56899 1.0841480222494906
9 17 27 16 71102 0.9522058781012447
11 1 12 22 70047 1.0626843331372278
20 9 23 29 79766 1.0768343761469912
11 19 21 1 83605 0.9048229869820466
23 19 11 0 93850 1.0437192476166874
18 27 4 9 103758 0.9723143300401729
20 2 27 10 55546 1.0646069899651476
2 17 24 3 111213 1.0619447073127262
8 27 22 13 100177 0.9346845687623343
4 8 17 24 92221 1.0317223552766512
14 28 26 18 65058 0.959830087261235
25 18 0 24 106922 0.9500364608800234
19 5 27 7 41245 0.9010072513124302
15 11 28 27 97155 0.9639710577569179
13 9 22 14 50514 1.0665361436600815
24 2 16 27 109739 1.0826517984941268
27 1 10 4 65928 1.0659947629441147
0 28 27 3 160320 0.9437798643707088
5 8 18 16 66523 0.936943205082174
8 8 19 29 107555 0.9217254335293078
4 0 13 10 52934 1.0181244347977918
3 1 24 16 112369 1.016656853599098
15 18 23 20 35514 1.063840903511776
11 26 22 13 82586 1.071149228973578
23 7 9 15 83078 1.0214710990501352
17 22 8 26 48929 0.9174470898676711
11 3 2 0 35861 0.9607882966762812
23 26 5 23 76525 1.0561161120319307
22 12 0 28 124441 1.0317611399993334
3 0 21 28 133578 0.9179562290380839
2 3 14 23 103327 1.0007330505545977
25 15 12 4 84342 0.9020385603772859
5 22 23 19 77644 0.9929314786889889
20 6 11 23 94543 0.9268195332978856
17 17 9 25 53479 0.95612469068497
9 29 4 11 82427 0.9543789633376882
26 21 1 11 124259 1.0304611979017726
24 13 13 28 77357 0.9427977082289004
21 20 4 27 84931 0.9187281068396904
29 28 1 12 143425 1.0981563216960257
14 18 2 19 51134 0.986144716471137
3 4 11 28 111676 0.9893410735394595
2 23 13 23 49103 0.9463727081148409
26 10 7 20 94682 0.9618643064364042
25 22 6 1 119457 0.9181791102560859
2 28 11 1 101692 1.0058874994486098
16 9 21 3 42853 1.0315630394456172
7 15 19 16 43023 0.9704787875842417
5 24 14 17 52251 1.016496592226979
3 29 8 2 105992 1.063339352910107
3 23 27 27 102187 0.9819253489191324
14 13 23 0 74470 1.008739738033864
26 26 23 14 56181 0.9032356652102314
23 7 14 11 49655 0.9153204784935779
10 7 3 13 44049 1.0158706747400308
1 5 18 12 78466 0.9594383316522901
18 10 27 1 60304 1.037154325200493
19 20 6 17 61908 0.9773490330679497
13 17 3 1 82772 0.9191528254409561
12 7 26 21 96622 1.0882608786398331
26 13 26 26 61804 0.9398471864323461
29 20 0 0 154414 0.9086769801366988
13 27 7 23 40407 1.064628035626593
13 27 3 20 58011 1.0486114957262613
5 27 19 18 78122 0.9331152420805858
21 22 21 6 65123 1.0523703422012975
26 10 29 20 50045 0.9590578662155214
1 23 19 3 113076 1.0239496189240218
27 12 6 28 108506 0.9041135813377732
13 24 6 19 47684 1.0651198835241653
28 20 21 1 95219 1.0635950150771063
9 27 22 27 53026 1.0913468333324698
29 6 2 16 118880 0.9113885808726142
26 28 17 17 63688 1.0353971228311105
18 23 4 6 96169 0.9259375631891407
10 14 1 8 59044 0.9003915170658906
18 10 15 20 40237 0.9154003023691378
2 25 16 16 70325 1.0177738049774767
6 8 24 13 88385 1.0780175396688927
16 21 1 6 97651 1.0828138762294344
29 3 8 11 93168 1.082753791220973
0 21 24 9 118716 0.9993420416792729
29 6 3 6 102496 1.021720925397408
26 17 5 6 109582 1.0834504044118827
3 23 16 22 53048 0.9272081342064128
8 27 26 19 94799 1.042032051813284
7 10 21 2 64254 0.9781200698957714
0 20 23 14 100602 0.9557773315198252
15 14 19 20 35040 0.9092697615708455
23 25 26 0 97545 1.0161175806967349
23 17 11 5 79308 1.0979512335615684
16 19 28 4 85720 0.9611663778486758
8 19 2 12 48702 1.0395004483206396
23 15 14 23 59806 0.9486408930602496
27 16 23 28 52707 1.0480329619941995
24 14 18 7 54793 1.0942904776025832
16 10 10 0 47920 1.0877678011989835
29 1 16 21 103977 1.0958090401059513
6 24 11 15 46361 0.961841659890841
16 6 3 4 53778 0.9754586754170547
2 13 10 29 80945 0.9169627682148305
17 14 25 5 61243 1.028655410085235
3 12 17 5 58325 1.0276328041482192
5 0 1 16 71275 0.9608652629740767
2 17 15 9 66178 1.0612926620087566
13 15 24 11 64416 0.9175433414198767
26 16 12 19 62194 0.9072542916131565
18 22 2 22 63970 1.0308680893087963
10 11 27 1 81602 1.0923866908014035
5 23 23 3 115971 1.0367600116064166
17 22 6 11 71660 0.9619966837798628
25 19 11 7 83717 1.0799281532813323
22 15 24 2 62588 1.037238665825317
28 17 8 19 79010 0.947493175217212
5 17 18 9 67931 1.069025871596073
23 23 10 2 103897 1.056054488398679
24 10 11 14 64222 0.9777017486564036
12 12 15 25 55019 1.0340116017292544
29 11 12 8 66109 0.9433747336267438
0 19 27 23 115642 0.9219458921482797
21 14 19 26 55876 0.9069939904512416
12 26 7 20 41011 0.9226700849466987
3 13 12 27 81627 1.0481277723015399
8 17 24 10 77918 1.0430477416408235
18 7 3 0 67482 1.0219484090237922
7 9 21 5 52353 1.018368065973434
6 0 14 23 95338 1.0809566773842567
12 12 28 28 103649 0.9356299339508496
8 6 1 24 81070 0.9427629709981491
7 9 3 21 50099 1.0166636407321117
19 16 13 4 58903 1.0856468084795023
8 2 27 23 130236 1.0912651914511386
5 9 25 14 90809 0.9920253073069724
21 2 26 29 117801 0.9306463148467408
3 8 17 9 53080 1.034101900439618
1 2 23 22 129429 0.9478449041693325
8 24 23 17 78283 0.9807818633234706
5 4 6 14 34585 0.9117161322111096
2 14 24 16 84058 0.9386510813962546
4 7 24 21 107139 1.0127747880885867
13 18 29 12 79964 1.0022784350678378
24 27 14 19 58381 0.9555250479051668
29 25 13 24 67474 0.9694165131605439
1 26 16 28 61920 1.058374827734481
4 1 26 10 93665 1.0413262539059578
0 25 17 1 115608 1.0603218822940754
29 22 9 29 91382 1.0466494292668371
22 24 27 3 82866 0.9846204792462955
6 9 15 14 49031 1.0376826262923236
18 28 3 20 71460 1.059507831602836
27 19 3 13 106999 1.0725515123726872
24 26 9 11 101983 0.9263095221590111
18 5 8 0 40022 0.9864684843524305
24 21 25 11 45507 1.0484121614105477
12 16 6 1 60469 1.0799750425052408
9 13 5 20 37999 1.051295348530381
1 1 17 15 86553 1.0814423414499312
6 5 22 23 109668 0.9063992780867886
15 0 26 11 69820 0.9825644026516464
3 28 6 15 48551 1.072078707610594
27 1 17 2 38887 1.0082255883936606
14 29 29 10 101677 0.9274496810226851
25 14 15 16 42808 1.0662107869797302
9 12 22 12 67383 1.0066272764245012
2 3 14 8 56102 0.9050643259097934
28 4 17 15 70932 1.0374570421356766
4 7 12 24 84581 1.0641115975035795
16 12 11 28 70632 0.9629977232147987
10 18 22 18 43844 0.9221420342912442
14 19 21 22 38588 1.0344919640650465
17 10 27 1 63797 1.0340444133137834
12 10 11 24 67529 1.013556955932093
29 21 6 1 133490 1.0993970559967137
24 13 5 22 95999 0.9714261866976049
22 0 15 9 53629 0.9698627768343919
23 3 13 17 80999 1.0216936026319992
23 3 29 14 54394 0.9384101338735087
6 10 17 4 48116 0.9466402530049203
18 19 10 21 46850 1.073858413207052
8 15 24 13 73704 0.9847816249539183
15 15 11 23 42178 0.9500669373754469
14 14 22 6 61328 0.9875755069931449
0 3 4 16 62680 1.0746015944449596
11 24 1 27 48946 0.9792070462612165
9 29 24 29 60931 0.9626947696362318
2 0 8 11 57950 0.9139394860153708
20 25 25 17 38358 1.01945460213682
25 10 13 2 68987 0.9165530237809076
6 28 15 29 33649 1.0902518336118734
11 19 7 26 43329 0.9266689745210425
10 25 14 19 38752 1.048378612896264
21 25 20 4 89345 1.0005243982256873
27 4 3 29 151811 1.067977979950425
21 16 4 0 100083 1.075315466596405
15 8 29 12 57522 1.0159377929118814
3 5 12 24 97609 1.0363694824784182
11 18 25 5 87250 1.0503445661390531
7 4 4 24 78396 0.9006697508825249
20 10 21 24 57689 1.0965118558409903
5 12 22 7 74949 1.0850456858328226
1 10 22 11 80480 0.9650073412926353
10 12 5 18 43293 0.9654057232555618
3 25 16 7 95062 1.0498019966182968
20 2 14 17 71374 1.0733349385614974
23 26 15 19 49387 0.9131943853064718
26 2 20 10 53941 0.9646165604800602
24 21 27 11 41749 0.9326430273706823
4 26 24 2 139059 1.0848939400976587
20 19 0 23 96206 0.9253769962398737
23 1 3 7 73935 1.0723346432215066
3 29 11 8 88628 1.009415499418642
4 21 15 23 47822 1.0495195396535517
23 3 15 29 108525 0.9666250199220981
4 19 13 4 78588 0.9413466945368321
19 12 15 4 43441 1.054496701927704
21 29 26 10 72279 0.9463598831711627
25 1 2 18 119902 0.9937025680062608
29 20 27 11 45201 0.9101450945853493
22 2 6 26 132939 0.917610240462603
20 12 7 19 74988 1.0297067688570392
21 20 24 29 40453 1.0032548432327146
2 29 17 26 62786 1.0561023018330045
25 4 10 1 59286 0.9330214448561804
6 4 24 13 94858 1.0926949673751112
7 4 4 25 81631 1.0403593151460226
10 3 13 18 56225 1.085430629953703
15 22 4 27 61274 0.9963006382005825
24 6 1 1 80175 1.0576722519034587
10 13 21 14 60923 1.0904341440481613
25 6 9 11 69741 1.0022970305894534
0 18 20 3 110655 0.9866397403863708
3 6 15 26 99840 1.0021965387338727
16 18 0 3 95386 1.0539702785740728
19 25 8 3 98250 0.9559940119337054
29 2 24 28 99726 1.0215293936748329
8 21 29 3 130861 0.9979519544371188
2 26 1 4 95531 0.9495339981408235
17 0 2 28 121902 0.9219505748612709
5 22 29 21 100667 0.9059605721151801
1 3 9 12 54944 0.9813576308476984
22 19 7 26 83396 1.0656679059896974
4 25 23 14 103137 1.0570385277562329
26 28 2 28 83065 1.0244878090973941
6 8 5 26 69039 0.9787979562222809
6 19 17 3 89263 0.9479907911745225
18 3 11 17 65625 1.0117147618678084
26 24 10 2 118995 1.031582039339555
26 4 2 21 126104 0.9765761935693279
23 25 28 16 47903 1.079705525636207
22 18 14 13 46113 0.9526714487441167
23 26 26 16 41847 0.9238024341199059
20 5 1 29 122061 1.0190202602653522
23 7 7 8 66761 1.0594543301178323
7 14 20 19 65124 1.0531416361785984
29 2 21 8 50748 0.9359559152719155
16 5 27 11 56489 0.9496014204035483
26 26 1 16 114357 0.9154048644309504
29 25 2 25 111101 0.9540895361507319
0 10 16 0 83824 1.0368426296468898
27 1 23 16 61178 1.0473109825034068
4 21 26 24 91584 0.9538037263078385
22 2 8 25 127443 0.9284606114441193
19 14 3 0 94148 0.9798062544175377
18 5 23 25 88890 1.0123023646580072
21 24 2 5 122928 1.0765119609991953
10 13 24 20 74715 1.035843971327349
27 9 10 9 65832 1.0141862374814568
25 25 26 0 101196 0.9327454017758771
19 0 26 17 84636 0.9508821007197992
1 29 11 22 58086 1.0838875449733385
14 23 23 28 42377 0.9691388282539263
1 21 17 13 78069 0.9290861599432939
26 2 12 27 130540 0.9336259031567489
29 19 22 23 45097 1.0717101609617767
15 16 29 13 59877 0.9985653195393774
29 8 4 18 114878 0.9994359606516638
10 4 16 27 88675 0.9304467863308507
9 15 27 23 92156 1.018105685294432
23 24 5 13 97817 1.0830095185461568
5 17 19 10 66851 0.944962925443816
24 18 12 15 52022 1.0890689861064717
22 20 28 14 38748 1.0641723551355533
13 4 2 27 102837 0.9588329487420435
0 7 18 3 70019 1.0155823292863255
14 20 5 13 58171 0.9065104889009843
2 9 5 21 52897 0.9909018637211383
17 7 17 28 74342 0.9520014881625615
29 0 3 13 116197 1.0071218188808793
26 11 0 29 145091 1.0607275886401144
28 26 27 0 112048 0.9930189062871807
13 0 24 5 45943 1.0162318152448193
5 3 15 13 58452 0.9747734208720017
13 15 15 2 57131 1.070196310336795
21 4 5 12 64743 0.9311712133128189
11 5 22 4 37208 1.0976517679253301
12 24 7 6 80302 1.0296844667353626
14 13 13 27 58871 0.9299375888808461
21 25 9 14 72762 1.05366727285291
19 27 0 6 133763 1.081800352414336
23 17 8 12 77838 0.9509369766775662
24 25 23 3 85836 0.9254598617728454
14 27 10 7 81596 1.0234575999428264
10 25 23 28 48576 1.0897469212546977
8 21 25 25 76615 0.9808239021887307
16 28 1 9 106702 0.9927722952945701
29 10 13 20 86769 0.9417656267159843
29 8 27 16 33989 1.08268350403836
5 27 26 29 78378 0.94801984435321
3 18 20 4 89879 1.0369157276363639
29 29 26 17 63106 1.0797877317629776
17 3 28 24 118229 1.0690287283974906
4 20 26 5 121555 0.977493521487121
12 28 18 8 86890 1.083409104390442
24 13 14 20 61791 0.9844561610023022
29 22 20 8 85457 1.0649638753311594
16 11 4 22 75900 0.926624159378763
29 25 22 15 69334 0.9873936346389971
21 7 26 16 52266 1.0892346417912298
15 4 12 18 56069 0.9162090308736118
9 24 18 16 57373 1.0594595842604428
14 13 21 25 62963 0.9822514665111272
0 20 6 15 37241 0.9124415019835798
7 3 14 15 62615 0.9366582784313418
6 4 24 15 102796 1.0740534483874216
10 7 0 2 48508 1.062559030248483
29 17 11 6 95791 1.039653787789098
20 22 29 27 52218 1.0542512606005956
25 27 10 19 84719 0.921314259264535
23 19 0 21 98561 0.9093019989526512
8 27 5 2 101197 1.099394569888626
7 29 20 2 132028 1.0694439622546006
21 20 29 16 42668 0.993863984302142
27 10 12 14 69298 1.0656420974238192
18 24 7 7 84608 0.9167201309327747
21 12 1 8 88071 0.9146786192871738
21 1 8 18 89893 0.9623761554631947
7 15 2 4 57868 1.0464987721319754
5 13 18 28 88717 1.0108228660386402
28 28 14 5 111895 1.0317911676454188
11 19 29 3 108538 0.9419980086045093
27 13 15 5 64991 0.9497922381943837
19 24 0 3 120458 1.0409920115884728
1 16 10 6 63927 1.021436710716938
9 18 28 2 109234 0.9289535960146922
18 24 9 4 88111 1.0478033358430348
28 11 7 18 95102 0.9938816456230998
19 17 9 20 49745 1.0680118442331232
7 2 23 12 84505 0.9445831122627721
26 29 1 2 162482 0.9679156735563275
19 7 17 21 57053 1.0079205290340183
4 9 13 17 61146 1.0695231311682458
29 6 26 15 39976 0.9614013092877286
19 10 16 28 67445 0.9235262536067913
23 23 8 10 90785 0.9483673944555597
26 26 12 7 109433 0.9964808505026446
25 27 13 25 47724 1.077881868056912
9 16 14 25 49698 1.0829771050305268
5 9 13 26 86928 0.9803495911449203
26 22 9 7 102086 1.0071725753834269
26 22 24 10 58302 1.0901331805268795
28 22 8 5 116703 1.0134107857914554
0 5 25 7 92961 0.9229595771857296
7 10 14 14 45735 0.9975908067247606
5 13 26 20 102357 1.073755657072748
8 5 16 26 85853 0.9027051776881929
16 23 12 1 83409 0.9454380093067096
5 18 17 2 87765 1.026506248655351
18 29 13 16 57279 0.9284863664025208
27 9 5 13 84082 1.0864156451593827
3 7 16 0 61441 1.0009542787715016
21 11 26 0 56067 1.0134856533709737
19 24 7 16 62598 1.008074762062634
6 7 19 4 41394 1.0791944623132075
19 15 29 28 75321 0.9608111784652529
27 10 6 3 84861 1.0793036924130515
20 4 24 13 56195 0.9760166158822795
17 12 27 4 56145 0.9742502104369448
4 5 15 13 60538 0.9487466543950084
24 28 20 8 82635 1.0140364491558163
12 2 11 16 47890 1.0556284666171203
24 22 29 6 67942 1.0658458290509305
2 7 23 23 117565 0.9135236381029582
28 1 3 3 85129 0.9742324046107019
3 12 6 5 37277 0.95585825314994
0 9 15 26 103295 1.069684252961774
5 13 15 27 78158 0.9602562144979668
3 26 28 29 94885 0.9613335567851882
26 28 25 9 85872 0.9009165238163445
23 26 7 17 82580 0.9241512746251368
21 26 26 10 66494 0.935322861802967
12 8 16 23 61798 1.0680989104313774
21 27 5 5 116524 1.0193316998557866
9 5 0 25 88984 1.0722518102311684
17 28 0 27 65017 1.0947199864617019
25 17 4 23 93714 0.9006714306706459
14 1 0 5 55255 0.9200491971492473
28 22 6 17 97997 0.9407855179206303
19 13 4 23 87195 0.9417378086621423
18 19 27 12 53623 1.0665361232798227
20 29 8 12 97706 1.0512572579553383
27 19 6 24 99411 0.9916727144500296
7 24 4 12 52560 1.0697018323685863
9 8 14 2 36764 0.9672951918746001
25 15 26 1 59207 0.9953058111908867
28 17 3 6 122944 0.9034500875003121
18 7 22 0 40888 0.940430479166803
14 9 24 3 55325 1.052058340243236
24 10 3 29 126833 0.9173316758174469
28 0 11 3 63023 1.0284103625404883
12 7 14 20 55785 0.9117683414710012
9 9 25 23 99469 1.0130082160206322
4 27 26 26 84146 1.0607345133491917
5 0 24 5 72644 1.0692990625497885
9 26 14 1 104148 1.055537531329295
3 20 15 26 58300 1.0059910856243015
18 6 28 4 46430 0.919167382874093
26 2 26 17 64587 1.0735774258298272
27 4 11 20 104291 0.9482567219722788
23 8 11 28 106896 1.023869151899254
22 1 16 6 39315 0.9367770957502324
12 27 22 19 63901 1.0949672345967383
8 22 1 0 98691 0.96687666160727
13 21 18 11 57325 1.0412012147153262
20 19 21 28 31854 0.903147347233674
15 2 21 10 53001 0.9188010878804352
25 13 19 26 63056 1.0341547732241898
19 18 8 3 76257 1.0056847598533085
6 8 3 16 40334 0.9297270212293179
25 5 1 15 110396 1.0915757059087636
28 15 12 23 88831 0.9484747369708517
6 13 15 21 55016 1.0410339520924659
0 28 21 1 137783 1.075895006534727
22 10 23 20 42615 0.9227951886512132
7 24 29 25 92138 1.0861237499021406
8 12 16 20 57665 0.9028418554940788
24 21 11 10 80480 1.044839275151386
1 8 15 28 110990 0.9072758695829564
15 12 22 25 65131 1.0291711097255234
26 28 10 5 117545 0.9458621681796441
27 22 17 22 41285 1.0738513785669563
9 5 24 19 89279 1.0182225270712604
8 23 23 23 67766 0.9620701203670972
14 25 24 1 108349 0.9936844792821902
29 13 22 19 44304 1.0145138544013206
24 20 3 23 93063 1.0034335236147005
17 1 24 10 50234 0.9440739662383082
22 12 0 27 123439 1.0780285273916868
23 17 1 14 89265 0.9103047675324151
22 8 8 5 54921 0.9742248576313073
1 21 10 17 48991 0.9508145418637908
0 3 1 14 64543 0.9230050985915655
14 21 0 14 76142 0.9697711718882588
8 12 20 6 58960 1.0264670062976393
20 14 10 9 57470 0.9082430514738797
19 10 10 14 53623 0.994792904263031
4 22 25 14 97646 0.9314598692453107
12 29 25 1 134352 1.0545697375169436
8 21 9 10 49505 0.9265161691618045
10 14 23 24 81932 0.9927103709279624
