6668 7582 6950 7193 6556 7058 7256 7571 7887 7579 7373 7248 7865 7479 7949 7050 7313 7905 6832 7001 7336 7197 7149 7449 6545 6866 7140 7312 6822
5691 6113 5108 5978 6217 6413 6038 5424 5285 5120 5019 5685 5863 5450 5841 6247 5061 5203 5899 5829 5340 5417 5068 5270 6096 5413 5877 6170 5799
8007 8328 8347 8219 8833 8185 8480 8364 8572 8298 8521 7993 7996 8579 7885 7862 7429 8273 7902 8321 8725 7902 8558 8436 8198 7513 8553 8512 8687
4514 4914 4197 4813 4140 4005 4095 4483 4876 4276 4200 4658 4085 3897 4376 4451 5064 4035 4321 5027 4429 5053 3944 4271 4453 4054 4005 3825 5090
6435 6570 5964 6892 6033 5852 6599 5994 6901 6962 6710 7150 6102 5809 6752 6891 6251 6827 5914 5854 6907 6897 6759 6045 6961 6962 6838 6480 6505
2155 1563 1483 1364 1636 1578 2277 1430 2225 2096 1783 1141 1500 1812 2394 1253 1247 1995 2185 1313 1452 2272 1682 1189 2379 1558 1803 1349 1779
2241 2849 2342 1647 2312 2286 1767 1833 1772 2722 1864 1909 2570 1887 2008 2597 2668 1769 1792 2214 1901 2902 2237 1585 2465 1866 2022 2961 2410
8197 7430 8340 8244 8675 8308 8229 7829 8225 8623 8202 8589 7963 8331 7559 8092 7388 8670 7320 8601 8312 7761 7729 8122 8044 7963 7833 7859 8055
4673 4793 3963 4774 5086 4591 3876 4155 3794 4770 4647 4857 4093 4873 4940 3778 3749 4625 4037 4230 4429 4078 4619 4131 3908 4387 4563 4099 4524
5375 6329 5631 5698 5086 6330 6279 4979 5473 5679 5538 5696 5128 5144 6177 5052 5527 6191 6331 5644 6039 5365 5003 5877 5621 5802 5898 5357 5246
7264 6393 6946 6223 6705 7503 6688 7177 7420 7054 6312 6258 6425 7094 6955 6245 7619 7548 7246 6447 6913 6343 6987 6730 7524 6927 7469 7133 7292
4162 3992 4726 5130 4684 4485 4437 5336 4131 5154 4002 4155 4189 5341 5095 5213 4624 4931 4022 5061 4437 5201 4292 4380 5347 4968 5103 4895 4105
7265 8197 7519 8319 8181 8400 8205 7901 7940 7467 8390 7281 7653 7631 8379 7049 7484 7657 7582 7654 7049 8305 7379 8316 8330 7360 7361 7254 7220
2780 1989 2628 1709 2027 2228 2117 2945 2590 2989 2110 2360 2725 2180 2606 2801 2730 1891 2339 2947 1924 1791 1894 1662 2382 1637 2670 2868 1649
8232 7506 8085 7468 8234 7759 7101 7611 7133 7753 7108 8026 7653 7382 8114 7697 7003 7611 8224 8034 7101 7111 8136 7669 7915 7755 7746 7086 7316
6309 6113 5388 5756 6743 5700 6149 6342 6390 6468 5865 6392 6137 6106 5696 6167 5537 5429 6331 5715 5548 6631 6220 5641 6778 5739 6624 5898 6597
6119 6446 6143 6465 5885 7005 6248 6664 6429 6757 6674 6343 6759 5965 6063 6132 6186 6215 6523 6482 6823 6117 6129 6306 6705 6574 7112 6022 6011
6689 6692 6404 6613 6311 7068 6612 6833 7184 6155 6425 6449 6712 6466 6709 6953 7250 6311 6904 6865 7308 6107 6957 6025 6284 6450 6405 6945 6821
2468 2700 2991 2943 2347 3212 2480 3197 3187 3340 2908 3283 2340 3097 2664 3316 2657 2801 3274 2872 3141 2876 3518 2553 3532 2470 3060 3504 2695
1515 1400 1285 1441 1547 1555 1343 2095 1355 2325 2123 1687 1596 2027 1340 1367 1602 1424 1935 1331 1610 1445 1640 2423 1665 1942 2385 2508 2456
4250 4167 4346 4427 4510 4343 4507 4341 3761 3555 4292 4328 4047 4398 3973 4545 4755 3390 4326 3913 3732 4735 4209 3844 4696 4116 3643 4404 4288
3791 3703 4073 4593 4764 4892 3865 3674 4743 4261 4135 4472 4637 4885 4665 4681 4787 4194 4067 4098 4494 5056 4719 4067 4570 3902 4950 4744 4261
1786 1820 1683 1898 1523 1721 2184 1936 2522 1601 2272 1917 2245 2406 1833 2543 1451 1902 1888 2543 1755 2015 1532 2385 2045 1563 1605 2050 1970
7581 7499 7918 7345 7578 6861 7862 6670 7375 7668 7830 7950 7752 6806 7106 7120 7943 7646 7066 7327 6773 7134 7935 6727 7284 7382 7116 6729 6994
4233 4207 3807 3377 3098 4016 3085 3936 3579 3794 3457 3170 3921 3281 3568 3203 3745 4080 3415 3827 3488 4025 3367 2999 3055 3533 3818 3792 3845
7192 6675 7561 6592 6930 7107 6322 6164 6408 7183 6708 6549 6782 7561 7132 7375 6871 7025 6302 7038 6257 7071 6284 6570 7355 7410 6746 6500 7459
3187 3109 3033 2968 3172 2856 2268 3496 2690 2772 2237 3245 3319 3540 3536 2343 3491 3586 2217 2484 2741 2899 2279 3454 3534 2252 2196 3473 3000
7456 8323 8274 7258 8301 8233 7936 8261 7790 7978 7924 8276 7613 8149 7567 7393 8215 7853 8136 8132 7466 8126 8132 7608 7979 7607 8532 8330 8393
6423 6684 6700 6046 6077 6789 6598 6070 6274 6322 6209 5844 6129 5987 6055 6545 6895 5672 6527 5713 5885 6463 5679 6689 6391 5909 6925 6881 5911
7510 7041 7753 7103 6427 7628 7714 6371 6626 7719 7440 6962 6965 6793 6794 7701 7569 7030 7505 6682 6689 6806 7714 7012 7502 7470 7419 6430 6685
5144 3688 7244 6401 1540 2707 1630 6030 4102 5278 5483 5851 7694 4242 8770 2950 3819 2430 7149 6192 5846 6190 3343 3129 7190 7681 2909 3537 6470 4619
4457 4242 6511 7081 1179 1703 2117 7130 3043 4209 5567 6162 7959 4392 8636 3400 3667 3375 6412 5206 6900 6865 3260 3194 7821 7428 2668 2495 5893 4797
4083 4418 6383 6216 2084 1708 1966 6846 3268 4919 5454 6868 6936 4025 8112 3196 3542 3141 7304 6348 7209 6482 2583 2825 7234 7063 3615 3333 5404 4722
4892 3638 7032 6840 2250 2357 2165 7192 3190 5274 4786 6754 6797 3259 8636 2119 3821 3361 7153 5250 6024 6812 3411 3635 7967 6735 3220 3369 6098 4651
4100 4288 7079 6152 1314 1901 2072 6302 4000 4625 5501 6198 7765 3983 8664 3127 3540 3091 7391 5501 6100 6589 3373 3252 7865 7722 3073 2417 6240 4360
5140 3744 7253 7361 1584 1538 2223 6074 2912 5001 4852 6283 7030 3272 8419 2425 3491 3152 7772 5102 6539 6244 3109 3147 7313 6794 2868 3252 5791 3679
4460 3937 6783 6579 1765 1989 2301 6854 3211 4507 5395 5976 7613 3532 7559 2942 3196 3288 6798 5319 5953 6038 3389 3452 7467 6641 3011 3049 5491 3680
3842 4678 6715 6321 2352 1847 1281 7306 3553 4336 4868 6629 7940 4261 8669 2692 3638 2642 7514 5954 7017 5877 3049 3734 7320 7306 3133 3601 6409 4959
4353 4010 7305 7472 1182 2278 2430 5984 3458 4386 5259 6053 7029 4127 8574 3307 3262 2112 6968 6311 6140 6596 3451 3077 8333 6974 2964 3631 5830 4944
4096 4611 7005 6422 1655 1592 1854 6592 3907 5472 4204 6979 7850 4313 7839 3274 2947 3352 7777 5768 6508 5859 2833 3273 7850 7266 3511 3345 5980 4970
3893 3512 6972 6281 1823 1994 2237 6186 3520 5166 4484 5800 7446 3291 7628 2111 2842 2884 6980 5405 6878 6033 3035 2668 7406 6394 2617 2457 6294 4744
4613 3416 6456 6323 1343 2358 2472 6565 3945 4085 5171 6039 7811 3435 7723 2766 3590 2762 6598 5498 6436 6508 2268 2845 7548 6936 3029 3239 5605 5000
3993 4225 6975 7351 2310 1633 1084 6938 3006 4535 4267 6979 7969 3654 7798 2384 2919 3071 7132 5974 6212 6256 2110 3106 7837 7293 2663 3313 5634 4575
4265 4736 6354 7084 1853 2564 1840 5964 3824 4813 4631 6156 7520 3893 8392 2351 2673 2660 7268 6037 6057 7120 2490 2536 7255 6708 2383 3281 5902 4715
4951 3856 7112 6372 1285 1797 2091 5923 3378 4529 5580 6502 7578 4314 7635 2947 3504 2193 6603 6172 6675 5974 3223 3694 8258 6945 3365 3136 5644 4554
3907 4381 6921 7250 2076 1643 2389 6546 3815 4114 5112 5881 7390 3372 8534 2698 3117 2926 6943 5735 7165 5804 3361 2557 7524 7421 3628 3368 6286 4423
4460 3676 6395 6482 1952 1423 1578 7179 3597 4960 5212 6320 7883 3265 8303 2149 3207 2051 6857 5945 6342 6285 2326 3134 7529 7465 3506 2873 5137 3663
4029 4212 6627 7455 1474 2420 1580 6066 3314 5352 5495 6222 7563 4433 7765 3424 2841 3179 7542 5383 6766 6470 3271 3112 7678 7131 2221 2964 5994 4603
3793 3964 7341 6496 1177 1929 2127 6311 3684 4382 5213 6364 6974 3607 7789 2860 3935 3057 7486 5156 6415 7025 2538 2368 8054 7305 3214 2473 5124 4475
4428 4651 6583 7477 2287 2220 1391 7147 3960 4378 5437 5966 7802 4227 8781 3398 3709 2838 7700 6074 6493 6859 3102 3126 8090 6454 2368 2922 6197 4357
4857 4685 6661 6537 1266 2420 1632 6095 2826 5339 4952 6199 7121 3483 7569 3251 3391 2526 7614 5586 5969 6508 2107 3248 7740 6454 2887 2387 5959 3869
5079 3856 6865 7107 2221 2241 1189 7044 3478 4731 4355 6287 6792 4086 8728 3362 3394 2965 7393 6477 7143 6413 2705 3709 7181 7140 2486 2739 5504 3992
3979 4492 7049 7556 1011 1941 1802 6884 3570 4412 5261 6593 6797 3102 7915 2443 3829 2818 7724 6128 6550 7092 2480 2382 7770 7292 3402 2667 6149 3896
4372 4600 7290 6874 1411 2451 1947 6056 3195 4336 5218 6396 7831 4240 8671 2494 3100 2312 7612 5507 6588 6042 3415 2703 7554 7039 3100 2839 5933 4105
4499 3490 7064 6748 1280 2336 1463 6075 3033 5149 5025 6425 7234 3297 7524 2358 3717 2047 7098 6260 6340 6651 3013 2595 8228 7317 2747 3506 6107 4355
5085 4565 6616 6947 2127 1973 1891 6015 3070 5454 5388 6200 7335 3730 7726 2348 3361 2221 7169 5715 7203 6980 2999 2785 7686 7297 2689 2730 5281 4599
4000 4479 6391 6186 2018 1958 1899 6926 3809 4228 4869 6503 7925 3396 8271 2260 3823 3082 7532 5311 6485 6394 3458 2947 8271 7478 2862 2409 5905 3704
4765 4082 6370 7001 2104 2382 1507 7071 3474 4433 5465 5905 7428 4206 8701 3345 2702 2217 6715 5779 6227 6001 2815 2912 8111 6745 3039 3007 6072 3627
4307 3627 6414 7044 1563 1816 2457 7247 3407 4060 4252 6003 6898 3798 7964 2190 3301 2867 6501 5139 6958 6262 3296 2507 7638 7362 3031 3615 5904 4383
23 7 7 9 48423 0.9292792528784484
17 19 24 12 41723 0.9613642177258692
1 4 20 11 48967 0.9230192714640283
6 21 22 7 62933 1.0485825832681495
26 23 18 13 37599 1.0436079386138635
10 0 16 17 61671 0.9394020445264188
27 20 23 5 50742 1.0242734941438096
14 9 2 1 47488 0.9342458042490795
9 23 17 5 62486 1.0199230271721693
18 19 27 12 48566 1.001911162804922
24 9 13 19 53641 1.0216191595507138
26 3 19 7 17596 0.9294877826655763
14 3 23 10 36250 0.9153957478617549
23 2 28 21 69605 0.9032026628617584
8 8 23 7 42993 1.043689693690441
22 12 6 10 50002 1.0267217306699943
1 2 26 5 56519 1.0495768264446124
18 21 3 25 57946 0.9775299693355005
4 24 6 13 28773 0.9090127778909453
28 27 16 18 56421 0.9761041697213124
9 17 21 24 47961 0.9583034633789965
20 23 29 9 63599 0.9005178931413782
18 4 7 17 51466 1.082621108302986
19 11 18 22 19902 0.9597645462057336
7 18 21 10 63690 1.0644888182161725
8 20 15 25 41266 1.0338652580582446
17 0 26 10 39106 1.063420208350999
22 0 16 5 20280 1.0499705000451383
20 2 1 11 68986 0.9846262706620341
10 0 13 8 30922 0.921461447968518
22 16 1 7 67516 1.0303498716593795
14 23 29 21 52701 0.9842491254281072
1 3 29 15 80304 1.0495947178551177
16 7 3 11 50965 1.0992580146694615
16 4 19 12 18633 1.099428165453813
24 28 28 17 42969 1.028344637125937
7 4 21 5 26669 0.9263074894135906
1 29 7 16 47420 0.9752489987994116
20 6 26 25 54819 0.9926596461277546
21 1 4 13 56942 0.910170540991309
28 3 18 16 44646 0.9857929127591042
19 12 2 17 55386 0.9013856576220176
11 6 26 27 70524 1.0751828866929205
19 2 13 13 34634 0.9153892711545173
0 0 13 9 55162 0.9382757873654844
16 24 8 19 43421 1.04914873625184
7 8 9 27 52770 1.0191539594029486
27 27 11 11 78529 1.0574766035130576
3 9 17 1 54487 1.0681231319854112
10 1 1 17 60730 1.0895448426689984
2 3 4 12 35798 1.045333609171679
2 15 14 16 35817 0.9012834024727517
20 3 29 1 35041 1.0880931617367946
22 7 12 10 32909 0.9434434952461261
1 19 4 5 46707 0.9682438655562646
11 6 5 11 22137 0.9024375885349597
12 14 26 14 50023 0.9257112035594804
16 6 3 7 30534 1.002007701796444
8 2 26 8 47048 0.9303519259591098
24 7 22 16 28040 0.9910092345807576
28 2 0 28 114965 1.0590023420954318
15 22 13 0 58119 1.0305536598087413
7 26 7 10 42462 0.9393870023610159
28 22 22 13 36516 1.0047653532112542
26 15 0 3 75264 0.9315083030701579
26 20 18 16 31551 1.017159704322406
0 8 20 15 68086 1.0820990708329559
28 9 6 24 90706 1.0394973128575793
2 10 8 29 60145 0.9149647701477761
12 22 18 6 48051 1.05202968649174
4 14 14 19 45909 0.9551863754459159
18 10 16 18 31457 0.999707670682576
26 21 5 4 74481 1.0368389224831436
14 22 0 16 54587 1.0386632877584225
6 27 24 26 55510 1.0177263218614723
19 22 12 29 36484 1.0814802520661821
8 10 3 17 31878 0.9086288022333064
9 20 8 29 44878 0.9144732892449472
25 1 19 13 37283 0.9872724529864985
19 25 26 5 46504 1.0424325284802582
10 3 22 4 27290 0.97858506759128
0 1 8 6 33703 1.0650824884886756
10 11 25 19 72631 0.9271229299119438
3 16 6 2 34059 0.9264368873080137
2 17 22 2 65151 1.0457374724955002
1 21 24 27 81019 1.033438442693757
2 19 20 18 66713 1.0687597320976967
10 29 3 18 53675 1.0102935421349515
12 0 16 7 29922 0.9561487406144733
13 29 11 13 43060 0.9582287580997657
28 16 4 21 80606 1.0170834448848372
12 1 23 10 41186 1.0169418295270385
21 13 5 18 53902 0.9159654372196908
28 13 1 12 98390 1.0342297312105604
2 2 22 17 73012 0.9847431190568321
9 3 24 0 43958 0.9266862013519662
13 2 16 19 55959 0.9074191458492785
23 4 20 27 48049 0.9401506909709756
3 29 28 17 91974 0.9051121829487627
29 13 21 27 54085 1.0170907983280615
24 13 20 1 38110 0.9796831351367337
23 17 8 25 60941 0.9130773909054023
23 18 16 23 34093 0.9193866204050317
15 22 22 13 35803 0.9427516764067501
20 19 23 7 40817 1.0412927155039595
8 18 15 13 37330 1.0673482297465715
5 14 17 16 39597 1.0448253181158356
24 6 1 14 69009 1.0746715447824315
1 17 23 29 84974 0.9944494867545873
6 12 23 28 78299 1.0728647647824916
25 20 21 13 35111 0.9521165241851458
24 8 9 9 50965 1.0149634923669668
17 13 27 0 50146 1.0367747732932804
3 9 21 20 79076 1.056475805144705
5 25 17 13 58498 1.0536954536133385
5 1 15 15 50599 1.0191126200913332
23 4 14 10 35344 1.0414227601567931
29 6 8 22 74689 0.9955946576976775
9 10 10 29 73873 1.0279601510183822
11 13 1 26 56945 0.9036603819021521
19 20 20 9 23135 0.9381216366860462
11 28 0 1 88949 0.9385797137224096
26 26 19 20 30404 1.0094947674769124
26 9 0 21 98798 1.0792000305686593
6 2 18 0 35670 0.9774465652813753
28 18 19 11 38317 1.0137072463847763
28 0 25 7 35303 0.9295294804094607
12 28 27 0 92081 0.9172742615534815
2 3 21 8 51024 1.0497277903445623
25 3 22 20 42781 0.9670513489684087
2 11 12 19 61048 1.0437445673826502
8 1 2 20 63967 1.066191136366504
1 11 17 6 56412 0.9154627360366363
2 0 24 3 55044 0.9358099497101846
3 15 21 10 62738 1.000189061097899
14 10 3 24 63070 0.9925008114776636
1 17 9 22 35183 1.0593726306926377
24 21 12 0 70457 0.929456431558484
28 3 9 16 70872 1.0811586230853523
15 23 29 2 73242 1.0378564298529929
23 26 17 6 49125 1.0216287838250118
19 23 9 4 48295 1.0634813170445716
3 20 29 13 96577 0.9871276620653048
22 6 14 25 60610 0.9580749659506328
12 7 23 24 65820 0.9668894999247742
26 8 8 7 42637 1.0919105690204856
0 0 13 22 84074 1.0843787712897464
23 0 3 1 53107 0.9947276882492055
28 21 24 28 36479 0.9308408868035327
11 13 24 2 53592 0.9373233777035386
11 29 21 20 56243 1.0996363231013007
27 2 10 25 92240 1.0507184637522053
10 2 13 26 69520 0.9556689957298237
5 25 16 3 62532 1.0721116134070239
8 14 24 24 63455 0.971547740185505
22 6 16 13 28041 1.0866335666417533
16 1 28 27 79859 1.0626891541267633
24 14 19 23 30213 0.9558801005857892
10 23 15 12 46066 0.9205105866500128
4 6 28 17 71378 0.9248112429952368
9 19 5 2 48935 1.0690426368557753
7 22 16 3 63780 0.9625092761279729
5 12 19 22 54750 0.9165412555379165
4 0 9 16 45377 1.0476167719769967
5 18 19 2 50924 1.000359587633463
3 23 13 24 33851 1.0027802438178797
25 21 21 8 48350 1.0823087932688218
29 25 5 1 100739 0.9206445707990994
17 2 15 19 58673 1.0928198263783726
26 1 3 0 60101 0.9643018305429109
27 20 20 11 48084 1.0499826792036904
13 4 15 28 65860 1.0932703815237328
10 6 0 27 62226 0.9393456316845644
29 1 8 26 100694 1.0895871341858918
16 21 2 17 57245 0.90803734068687
9 6 23 27 65540 1.0593746653948473
13 3 9 22 55255 1.0798393050339352
24 1 2 6 52835 1.0411788251686258
9 11 0 6 40789 1.03159621278839
16 16 3 3 61363 1.0177725201199896
19 11 10 13 36547 1.0946250700256792
16 15 27 25 53524 1.0675849137589282
23 25 27 13 47466 0.9868946576417088
12 25 22 12 56930 0.9071533654703013
22 28 26 18 32733 1.0281807969269476
13 2 6 25 58819 1.0943035803270154
16 1 29 1 48879 1.059178966381572
13 29 7 5 67737 0.9172874847742915
23 22 27 14 36047 1.058716703263753
24 0 3 4 48707 1.083992576606205
18 29 26 12 58833 0.9644992512538417
10 20 27 18 71366 1.0922450383040703
3 25 11 3 64235 0.9363790937052139
19 1 22 18 36252 0.9477422767991155
9 4 0 8 31407 1.0050065458155997
24 28 16 3 67089 1.0552084359154608
25 3 18 27 56883 1.0038970350115382
23 12 4 25 86311 0.9769897596277196
15 20 6 12 51381 1.0973731189690503
7 10 20 20 65690 1.010051627593078
29 27 25 15 44855 0.9650231964964494
25 26 10 28 53139 1.018359641371875
27 10 1 14 88458 0.9730337849666402
11 9 21 25 67384 0.9619424565690045
4 8 14 0 38306 1.0027393828691045
2 16 24 26 81137 0.9498261552414441
24 21 18 25 27927 0.9780229219716265
16 9 25 27 62534 1.0533293867154219
23 8 15 3 27439 1.0454144666434382
27 28 14 11 81306 0.9092380566481406
5 4 26 14 61815 0.9760130948312448
20 2 3 2 45714 1.0018364294766837
7 9 26 18 75249 1.079836050622776
15 6 10 14 39241 0.9451259591451864
21 8 26 1 25781 1.076836965133401
5 28 14 3 64356 0.961896914984737
7 24 28 21 78018 1.0154678035583184
1 26 16 19 67234 1.0339685423211908
13 13 26 16 43212 1.0274302762013556
2 19 29 6 84979 0.939556415051697
6 28 21 15 67843 0.9278881197191118
17 17 12 22 22832 0.9161270944601394
10 22 28 23 50392 0.9426594036320355
27 13 0 23 97890 1.0072927996562009
9 11 6 2 37203 1.0705042565127096
7 14 5 24 26580 1.030882900146776
26 13 7 13 70062 0.9476993538669222
3 14 23 7 64358 0.9714704944512076
28 5 28 17 45432 0.9724023451907355
19 22 9 18 42071 1.0465125878860795
1 7 0 26 65026 1.0614468906841188
12 16 5 2 46938 0.9371925303021398
12 1 27 5 37101 0.9013191957599073
29 2 22 10 37857 1.0280572880763705
4 26 5 0 48035 0.9814903233053225
29 13 15 19 63415 0.9403853547912905
5 1 25 7 47089 0.9527689314949901
7 7 24 11 57004 1.0335702674549385
2 12 7 17 31409 1.0586939502822166
18 10 1 6 45884 1.0033856655242153
4 28 2 13 43390 0.9517003740333597
14 10 15 21 44338 1.0015930534898856
18 0 16 9 32023 1.0314808178431594
24 29 4 26 66553 0.9851437095833528
28 11 4 19 93512 1.0025883020164066
29 26 2 19 98870 1.0979490530121279
6 20 12 5 43259 1.0389094170716338
1 0 8 24 71832 1.0965186311611566
29 21 5 17 83270 0.9456121603443306
17 26 8 20 42661 0.9943079482799669
10 18 28 25 78926 0.949214005660659
26 8 20 19 44865 0.94067434920405
11 19 22 28 54409 1.0437573541814766
19 19 16 28 28773 1.0850696692027069
28 8 27 23 53609 0.9014592829333833
19 1 20 24 42443 1.051513958896409
24 29 23 13 42589 0.9837674289719595
20 4 9 0 37805 1.0266446580255306
19 24 26 8 47747 1.0340117859543285
14 14 26 24 56271 1.0095426463116193
0 15 16 9 65119 1.0383835337835234
13 21 20 26 29038 0.9032871072825985
2 16 19 26 66894 0.9062380190132638
10 16 1 25 51795 0.9881367450550657
27 2 3 21 90544 1.039595204594209
6 7 13 1 25121 0.9592327272686193
12 26 26 6 65305 0.938647622390674
13 20 1 5 58845 0.9828501890093663
14 9 25 17 52910 0.9960430797226862
1 6 28 1 64639 1.0354450916767868
10 24 18 12 54418 0.9415707578356892
3 28 11 26 29518 0.9888122782023562
29 20 25 1 80597 1.043034298074049
26 23 12 8 66189 1.0541857240195065
28 24 12 11 76452 1.03278875179614
4 29 27 7 92470 1.020822362167034
11 18 29 24 69864 1.0658863189935253
4 23 29 18 86055 0.9094129643030701
28 8 3 1 63631 0.9687679187209938
12 4 23 25 63002 0.961749597180033
13 27 4 23 34844 0.9577897581891079
27 8 11 5 38210 0.9970934513380433
23 3 24 26 58640 1.06754086852015
22 15 7 6 46091 0.9824538985489731
1 6 12 24 68889 1.0735248508980402
23 26 9 29 54107 1.0599535214436593
12 0 27 4 36537 0.9234527417547201
20 1 28 3 29939 1.016886206550362
15 17 6 9 42820 0.9773788285268968
17 15 24 3 35430 0.9223059328951854
25 29 8 6 81679 0.9171012868650426
16 29 8 11 77433 1.0468073489236827
24 25 13 23 38623 0.9794370109593202
22 8 1 24 84052 1.0987963767280378
5 9 26 28 92001 1.009269059491085
29 29 9 13 93567 1.0941353039554014
26 18 5 23 71193 0.9727478660939004
7 24 15 17 44059 0.9670722773238056
3 17 27 2 76650 1.0799393844599994
21 11 28 7 33840 0.9383451169365753
18 8 17 29 50181 0.9087124200618923
7 29 26 12 96676 0.9246047917269145
4 7 20 9 45237 1.0790762361049893
0 21 11 28 55843 0.9364612952699263
18 21 4 28 56991 1.0560116315167634
8 9 22 22 68026 0.9111155194238215
8 2 4 10 31181 0.9023084481418504
21 20 27 9 49990 0.9510404949527842
13 23 29 20 61926 1.081145957667681
20 14 9 21 50905 1.0674950220735808
0 27 0 5 64091 0.9294103790957049
0 10 28 15 98959 1.0087872531208533
20 3 29 12 56653 1.0013970747882637
24 10 11 11 58041 1.092604100999176
15 18 0 4 64284 0.9003466776365386
20 2 13 19 51567 1.046189665056834
5 8 11 27 52449 1.0932953724758572
28 2 26 13 42923 0.978726736797469
29 1 11 2 56227 1.044234745290773
14 9 4 20 55777 0.9629874996648358
9 19 15 14 41116 1.0753251960108672
7 20 19 13 54241 1.0910525919818157
14 6 17 19 42523 1.0884368289706075
13 6 1 28 70652 1.091791988580837
13 9 23 11 40577 1.0150831589140306
22 6 3 3 39522 1.0141744695699497
4 21 13 2 54257 1.0550990400344094
17 25 18 8 44075 1.0362979884559498
2 28 1 12 61071 1.0859788598071134
15 11 23 2 51748 1.0593513939538999
1 10 28 24 111441 0.917483916497642
14 15 2 27 53699 1.0615665083476653
29 23 12 9 74925 0.9403031833404776
6 7 2 22 38780 0.9657199094493149
9 14 19 11 39791 0.9617317861869268
6 7 20 9 36202 0.9305492364261773
2 5 18 26 72015 0.9195788047265862
16 17 23 10 36544 1.0238851571915744
16 20 10 12 54121 1.0586987753055788
3 2 12 23 68041 0.9869518791866114
10 11 15 25 61504 0.9786263492040126
14 13 8 4 34297 1.0798330987763727
17 1 19 18 35688 1.002966674513402
16 20 5 24 48129 0.9163617748938642
26 17 19 14 22036 1.080382091927224
25 23 20 5 47506 0.9380929802472318
1 6 13 15 46824 1.0142856368559965
27 5 15 0 38563 1.0465804893019643
28 5 2 17 74749 1.0828287921731259
22 2 15 22 49138 0.9015078916764651
11 28 2 0 83905 0.9659437912610861
1 8 10 5 28030 1.0131459866885466
18 7 8 1 38056 1.0061397731570252
7 21 3 13 30814 0.9881586943496863
13 21 14 9 34415 1.0071041835810917
16 2 14 18 59389 0.9960554488504461
23 1 8 28 91430 0.9518795070803292
11 3 26 26 75656 0.9695450043697671
9 6 13 24 50248 1.086820903319588
9 10 22 6 44584 0.9226498717086079
12 18 3 12 45882 1.0398959998536692
2 3 27 15 75831 1.0944029822066386
22 20 12 11 50910 1.0636786190563907
15 6 26 9 27443 1.0014103911636225
19 11 23 20 30831 1.0559813757490468
4 8 25 1 57829 0.9822824913425902
28 27 26 12 49287 1.0866385996115968
26 22 5 27 68885 0.9689443394521076
26 27 9 7 80894 1.0943063834166258
27 13 29 28 59409 1.0498336254214995
21 0 2 5 46359 0.9309477096631046
22 13 7 27 71285 0.9394394888621735
9 1 29 2 64051 0.9235356012576735
10 2 2 5 29309 1.0818793099925996
26 15 9 25 72055 1.0716018806297853
20 15 13 0 41314 1.0868484183274685
2 14 20 8 66588 1.031717984383112
8 25 15 11 63854 1.0074226317659805
13 12 18 6 24589 1.0156155480465974
2 28 12 11 74094 0.9904082967669493
27 12 25 4 32788 1.0824840758726384
2 24 17 27 61158 0.9380384940845691
13 1 3 24 64769 1.0355891389970742
25 10 19 22 46245 1.0519764635876003
13 24 15 3 55750 1.0510409214100316
7 14 20 22 54338 1.0458506667290592
8 12 20 12 54071 0.9518842660146005
27 27 2 6 91462 0.9426513502906838
1 0 6 29 71104 0.9096582549969966
25 24 6 2 79639 1.085760099342486
21 12 10 3 48054 1.0925029229098766
11 16 20 19 34738 1.092271431396605
24 16 14 25 54247 0.9867205543755792
10 24 26 29 66341 0.9212359971183269
28 23 0 20 95453 1.0522031145307773
10 5 19 14 33867 1.0470021829935925
24 13 20 28 44338 0.9139644187961403
13 23 25 5 58307 1.009361176016372
28 0 26 19 65830 1.018964585644266
24 2 20 22 46769 0.9759401758150201
8 10 27 15 73308 1.0233855320440284
14 28 22 10 62696 0.9495926467284267
17 0 19 8 20003 0.9666375639824489
6 20 12 3 51322 1.0717701722208277
11 10 20 1 42928 0.9964945465721684
29 27 18 15 51363 1.0212180448592485
13 1 1 17 55680 1.094505865491841
3 26 21 1 81983 1.0123959169449313
9 22 10 9 55425 0.9576504393465175
5 27 20 7 70371 1.0375662653408724
0 13 13 24 62624 0.9812627052780316
18 4 16 27 49249 0.9116040497731349
16 7 17 21 50022 0.9179741285236939
25 24 7 6 73264 1.0288203166465855
24 23 12 25 43906 1.0350291510013232
10 18 25 8 67815 0.9363772086950299
19 7 4 15 48615 1.063337733026992
28 28 15 18 65442 1.0281014004198137
28 4 11 29 85496 0.9134361652813997
3 13 12 3 42931 0.9600304142134859
25 14 21 2 46514 0.9036679814177412
15 27 22 24 24939 0.9321011398089372
22 19 8 25 56276 0.9988852923061602
20 2 2 12 67069 1.095347652797067
19 12 6 23 55258 1.0991494777826
17 0 26 10 39106 1.0680595101539772
17 2 8 23 77455 0.9278828761284343
29 3 10 4 39684 0.9730336468329434
20 17 14 6 31463 1.0570996251250464
9 18 2 9 45429 0.97214708545095
14 6 2 4 25757 1.0732634099363931
11 18 2 9 50405 0.9544825073183889
17 21 25 25 39786 1.0297758498244416
19 14 8 16 35389 0.9742891189976888
10 29 0 29 45381 1.074123115999361
28 23 9 16 64609 0.9278938325724507
25 17 2 22 73071 0.9116914535711873
24 20 0 27 85537 1.0584700910671045
23 25 15 4 57554 1.0797876983557164
12 17 4 24 40145 1.033769943485082
3 16 5 27 26436 1.0962925332796576
11 23 10 14 38484 0.9782528536094105
14 29 19 23 34330 0.9466143775663908
15 18 24 27 46909 0.9532080288511156
29 0 1 21 110436 0.9458570135279365
19 14 12 22 31373 1.084852349906847
13 24 16 17 22227 1.08383386037896
18 19 6 3 54371 1.0242668450928973
8 2 7 22 52525 0.9368389542088653
4 21 26 18 74176 0.913578592224815
0 27 11 9 73122 1.0956775108102932
27 26 12 19 60056 0.9512249344802985
10 3 21 17 48842 0.9066903966971059
12 7 23 11 41980 1.0519689489679076
21 26 6 23 50416 0.9265254130559867
24 15 22 0 34284 1.0283134085490362
20 18 27 7 45597 1.0673463516441277
22 3 1 10 62330 0.9093261656541825
18 1 29 4 25378 1.0485291373358514
24 6 13 27 61958 1.035887543606106
0 20 5 26 36038 1.0414466572410706
12 20 4 27 44199 0.9010609782324688
21 2 29 19 68030 0.9206522687477936
2 21 26 3 87260 1.0021688360882175
7 14 19 1 54854 1.020325618053705
19 22 21 8 29953 1.063359480733936
12 24 0 16 61047 0.9998114139844264
11 6 27 29 80701 0.980014915941264
4 29 3 13 39264 0.9122691929928602
18 25 2 21 63525 1.0265615189576804
8 13 5 4 26731 1.0533453652736748
28 11 18 6 39313 0.9446507072875439
5 7 28 18 77255 0.9812313748262582
13 24 5 1 62799 0.9468039984362547
4 6 17 27 71656 0.9124108819396397
17 22 26 10 51397 0.9185999613079007
18 17 14 28 42757 0.9806856412037778
8 8 16 17 48706 1.0254105231378994
23 25 8 13 71917 0.933445559828002
24 19 5 1 71090 1.0247390624824866
14 21 27 14 61368 0.9391021655630306
19 29 24 11 53759 0.9025162763976466
25 2 6 4 44691 1.0559158334256984
5 13 29 19 85264 1.0869513505147066
27 10 21 27 56355 0.9881727713400273
10 10 24 4 46046 1.0086369885282116
25 9 1 21 97616 1.0022553319241885
3 14 3 25 38494 1.064715731610339
1 9 17 2 59904 0.9532600801133652
25 10 13 26 70967 1.098275282328878
28 27 17 19 49099 1.016585622623427
3 27 13 1 66326 0.9993023984229047
17 7 6 16 49098 1.0846776269073057
23 20 18 8 40318 1.0023901365248398
9 19 20 5 63292 0.974496163937697
26 9 23 29 59435 0.9776602647250374
14 21 9 13 41231 1.0518985537434218
6 4 25 28 84375 1.0837782199744586
21 15 4 9 60330 1.0452488085909286
25 0 27 24 78846 1.048481839783427
23 4 25 15 30466 0.9664696709253596
1 16 23 17 66293 0.962258372361154
17 26 27 14 52643 1.0939602838950953
12 26 23 21 44406 1.069052281816363
27 17 2 19 81294 0.917021171543762
14 1 23 8 35883 0.9673946430196025
11 23 12 12 39748 1.0901172013389173
6 6 24 2 42225 1.0935289658464014
18 0 24 4 17630 1.016018340749029
20 20 26 6 41358 1.0691234497779214
10 24 5 5 55048 1.020935321671466
4 11 23 13 65487 1.070324769108381
21 11 26 1 34916 1.057651942824962
15 29 26 12 71522 0.9667377482198888
1 18 21 21 75510 1.0021342373163598
24 4 24 29 59830 1.0421942192224096
5 15 1 26 31101 1.0949892642109225
5 28 18 22 47875 1.0936464631180807
14 0 3 23 67543 0.9051213575123042
22 6 29 27 62916 0.9267075203346657
8 9 22 6 37719 1.0109395378563166
5 22 18 23 40171 0.9410063411804473
24 8 22 20 31888 0.9350674721271353
19 4 13 0 18923 0.9417404660815809
16 3 8 21 70808 1.0659537243804031
19 18 6 9 50920 0.9761802731206298
4 25 10 17 36735 1.0398062105284194
29 11 15 21 79889 1.0451500753892262
17 4 26 14 40635 0.9114717818978342
10 22 16 11 52246 1.0818637618312703
15 10 13 27 48860 0.9077676101859464
19 2 0 12 69989 0.921015719920961
4 23 4 5 36788 1.032770244413478
11 15 0 0 65864 1.0511863197623748
2 19 3 10 42573 1.0206297801442248
7 5 14 9 26395 1.015085977964926
22 24 23 2 50804 1.0684611693794248
23 15 14 12 42465 0.9293055817928249
27 19 17 0 64199 0.9811207676844227
4 5 27 29 96001 1.0247025544677173
6 29 6 15 29560 1.030249177090044
29 7 19 24 55560 0.9919073184026491
19 18 3 19 55561 1.0384887955974622
13 11 16 18 29396 0.9020036199160734
8 7 20 28 69544 1.094269682100159
22 8 29 27 58796 1.071242957166716
0 15 22 14 64966 1.0096969860795335
12 16 18 21 30746 0.9939970454847032
25 29 25 10 65780 0.9733579026544936
20 11 28 1 46163 0.9841467770077266
27 25 4 4 89229 1.0205307616555936
11 6 27 12 51109 0.942238167859771
2 29 18 28 61874 1.0662481977875597
29 22 1 27 90068 1.010158274818022
26 9 0 21 98798 1.0028820461158487
3 13 6 4 24492 1.0601362435675092
14 25 5 17 45107 1.0564541868927892
4 25 13 3 60284 1.0216225943017985
0 18 24 11 92816 1.0895563768867822
17 20 1 18 70156 0.9936591193010748
19 22 18 4 30884 0.9028874839141741
1 16 16 27 68093 1.0015611745273456
13 13 24 23 46460 1.00466455562567
16 6 21 22 37099 1.0197949207819004
4 15 0 4 31366 0.9820506894153688
19 17 10 3 43478 0.9598335639635562
5 10 22 26 73085 0.9735942236784918
11 23 1 28 44064 0.902971284700244
27 27 8 4 79004 1.026330480177087
5 22 14 7 52338 1.088476922017093
0 4 21 29 85150 0.9461401790537798
16 23 11 6 52020 1.0033550172651284
18 8 1 11 63669 1.0627623107983317
26 23 17 27 31548 0.9225337636117706
28 29 7 20 88992 1.0792856274446676
1 26 15 3 73881 0.9052967544014204
3 2 18 18 64225 1.062786136538465
7 4 14 14 43328 1.0741694906414545
25 29 22 6 58519 1.052425425844604
19 15 12 7 36551 0.9984798490291074
16 12 26 13 44229 1.0719688125238427
21 28 11 1 73599 1.0384860789582568
28 18 0 23 94613 0.9977589392907531
18 18 3 26 61391 0.960248270316538
18 22 28 25 41388 1.0172968550238837
16 8 27 27 64929 1.0556469207619432
16 21 22 1 53714 1.0277194346090295
13 12 29 7 51608 0.9856780921340944
19 28 16 10 47970 0.9307783158397774
4 13 14 27 56461 0.9900530384843983
29 9 20 16 50341 1.0105146020782187
1 29 19 24 69181 0.919300007823493
20 2 2 24 84559 1.0187280613257976
26 4 4 1 44132 0.9944492580453953
24 19 6 4 65096 1.0022882634478443
12 27 16 1 76157 0.9693581510731133
28 12 21 2 52508 0.9139803502718115
19 9 13 22 39021 1.005486582389333
28 2 21 5 26461 1.089383093067938
13 29 28 0 92861 0.9385797267351448
25 1 12 16 62799 0.9859614673483524
6 7 26 9 46800 0.953527154610245
14 0 26 21 73838 0.9572433091099974
23 28 21 14 39453 1.050174367573517
3 0 18 29 87822 0.9715993631915112
1 13 7 21 39231 1.039747983540141
16 5 0 2 44555 1.0643144058900695
12 22 16 4 50624 1.08276257470326
18 21 13 10 42609 1.0762026421821524
29 28 10 25 70102 1.060174328984811
6 29 22 7 77676 1.0958593233483174
1 19 10 26 49637 0.9405990703778817
0 20 20 5 85706 0.9351625419658991
10 28 21 5 76334 1.003086688337321
10 13 25 14 56033 1.0110499882567026
17 17 19 9 20303 1.0380609267197305
9 5 27 8 41796 0.9385218359794353
5 29 7 9 43348 0.9357786441653432
10 14 22 3 55890 0.9508763293494119
1 8 20 27 84277 1.0115844900219517
1 21 27 5 90035 0.9253619813120129
27 4 4 6 42738 1.0678604208578075
1 7 23 18 78593 1.0700444840576215
26 9 3 24 88471 0.9779234111284146
13 28 11 11 49755 1.0793778182567038
24 26 2 9 96501 0.927690038341152
27 2 10 12 71923 0.9344590025522946
0 5 22 28 84607 0.9612715369589179
29 2 4 14 81433 1.039272615187971
22 17 1 19 71728 1.0993448948555464
6 9 0 13 31422 1.0228359288779223
5 17 11 6 31484 1.0508678228730597
1 15 22 6 60199 1.0405220867619125
14 12 9 20 50797 1.0156859094533592
26 7 11 1 40469 0.9717328894271726
23 6 16 18 39376 1.0918980269704304
4 19 19 6 56326 1.025892739161054
8 18 22 8 60558 1.0112590237978365
15 10 1 20 76492 0.9576903309712264
12 13 2 29 66468 0.9939375680722282
28 5 17 10 36337 0.9860424728452648
16 15 26 28 51378 0.9143277990577862
12 22 22 26 34730 1.0122895496576418
15 26 17 10 50434 0.9248264720437154
2 19 18 23 62307 0.9624786139521717
15 28 28 1 85192 1.0057125933269493
27 24 25 0 78846 1.0201935715104655
16 2 28 26 80168 0.9521031351731261
1 23 12 12 63237 0.9427158725053308
15 8 11 28 62877 0.9012803730986728
20 21 4 20 58114 0.9443241903848769
6 12 0 17 26788 0.9592882781442911
13 8 6 24 55733 0.9767425001868254
3 27 3 3 54363 1.0673590465731653
10 20 18 23 37596 0.9904601746139059
18 12 8 16 39290 0.9376701387466615
5 12 20 24 63360 0.964701229393115
14 19 0 12 68002 0.9907099023586982
21 3 12 2 29275 1.0387275680911898
23 2 18 26 55575 1.0419058354982704
29 7 9 11 70802 0.9909522114101466
12 4 9 29 72294 0.9591409794079923
12 14 1 29 69882 0.9186976464407549
10 22 19 3 55770 0.9831421476459383
14 24 2 7 77113 0.9551763980350737
17 26 9 29 38509 0.9461644893145811
0 10 26 22 104286 0.9947224651089674
12 6 10 23 50642 0.951618562300022
20 25 4 14 71105 1.099940617107697
5 26 22 27 51459 1.009792032648063
8 27 18 12 63405 0.9281160305473874
17 7 1 11 63024 0.930400302432554
17 28 27 7 69140 0.9693594878441701
19 12 15 22 27173 1.0500002466194964
0 12 24 25 101601 1.0167389408745517
0 15 9 17 28486 0.9756332211857943
4 22 24 14 71936 1.0133872962490402
3 18 18 3 58456 0.9941581239379396
17 23 29 25 47591 1.0701405469547047
8 2 4 21 50344 1.0174957266387878
8 2 18 15 48720 1.0011670849815737
29 13 22 24 46133 0.9577519040658693
6 7 17 20 63762 0.9448949658357759
16 22 28 13 52524 1.092479256634563
22 15 8 6 44810 0.9686979361206826
17 18 29 23 48569 1.029121413062051
14 10 26 11 51655 0.9299523562700625
27 2 4 26 89296 1.0419070709780405
1 12 22 0 73980 0.9466649374188594
6 3 0 15 37895 0.9283414891260314
9 1 14 10 41617 1.0723609061715855
26 3 27 22 59318 0.905289081083314
5 15 16 1 53185 0.9836482323153479
3 6 18 1 38739 1.059107986031499
12 20 17 9 52306 0.9133831664303398
15 1 0 13 64499 1.0496313652648381
9 15 25 20 61054 1.083726533292738
0 5 11 8 34053 1.0780562378537926
19 5 28 11 38741 1.0148965833367392
15 8 18 25 47670 0.9614552980711124
8 1 19 17 53622 0.9372019538634806
5 15 13 11 31772 0.9665757568356104
11 21 2 20 47124 1.0268727207898136
0 24 20 18 79592 1.0578159454900404
13 21 17 4 48675 0.9329995237422946
3 25 7 15 34239 1.018147736446481
8 11 23 16 64675 1.0491764988033652
21 15 2 4 55121 0.9144694237354586
16 3 21 20 50182 1.0427575331317362
4 10 19 7 42359 0.9063802402706801
5 17 13 15 24401 1.0053494738518127
18 3 24 12 36204 0.9435669132671579
12 29 14 9 55543 1.0644529731436387
25 19 10 23 59069 1.0720603321972069
29 18 19 20 37613 0.9857025207643486
28 8 21 20 52417 0.9951201787662907
14 5 17 17 35863 1.0631995052739067
20 12 12 20 44065 1.0052624082287889
7 8 27 6 45289 1.031766019108477
6 6 15 19 58251 0.9320171155876433
9 25 21 14 64372 1.0301984126545038
3 20 19 7 65605 0.955763553314243
5 2 16 4 22075 1.0679881404295557
21 28 27 20 39950 1.0391245020559174
22 5 10 22 57160 0.9716800831669206
6 3 27 0 51794 1.0877347844538219
4 12 4 27 36216 1.0418236839429078
11 3 29 6 38880 0.9621401159235705
3 9 29 11 86449 1.0298784884893237
10 12 15 7 43123 1.046963109483119
20 29 17 2 62821 1.04397283173255
14 10 26 14 56231 0.9596638298128821
9 21 28 9 87855 1.0129078705436503
13 9 15 27 48055 1.054789168855487
25 26 6 18 70351 0.9483099368716805
4 14 25 17 66684 0.9251855839971538
18 0 24 5 20728 1.0306753216648643
16 29 6 17 59167 1.021587082437605
19 4 26 0 23900 1.0924634655023313
25 9 1 0 74740 0.9456115475242975
3 26 24 5 79288 1.0423762007718769
13 10 21 26 52049 1.0180415331811132
26 17 29 1 60263 0.9285712530686819
14 14 26 28 65137 1.0108557013234512
24 21 19 4 47541 1.0567434790678305
24 9 6 8 47425 1.0831950116811249
20 27 12 22 32296 1.013304676453788
12 22 29 14 63619 1.0009285094769533
29 1 7 18 90823 0.9016930633995004
4 19 20 17 51848 0.9273358780216957
13 9 8 27 57623 1.017349693374888
8 2 14 23 64780 0.9869803796715126
4 11 1 28 51157 1.0461138296849135
25 7 15 25 67581 1.0106238151952376
19 11 23 24 35919 1.085244950215099
26 23 3 25 76659 0.9030718362824155
27 7 4 5 50970 0.9800149099280566
28 4 11 2 39051 0.945831247313698
23 10 6 8 46580 1.0586100705601615
19 1 2 24 79376 0.9977099665499183
1 20 15 29 70444 0.9764307272299835
15 14 23 25 48709 0.9801939739333454
2 0 19 11 55814 0.9189512755387663
7 12 15 9 50133 0.9917049110343479
8 6 18 19 49057 1.0918704424596775
21 0 9 2 43203 1.0418241042930851
14 28 6 8 69624 1.0164230016561158
28 26 3 5 92673 0.9358190230346652
2 6 13 25 63760 1.094151578702989
22 15 8 10 61405 0.9156951911218946
29 22 4 19 80381 0.9009375048358259
19 13 22 1 25381 1.0125976214005652
16 22 8 5 57926 1.0306118266307482
12 1 16 18 56832 0.9897677063587231
24 9 12 22 60409 0.9037781233688318
14 12 0 6 48463 0.9120137679752294
9 7 3 13 34100 1.0162200041602238
23 18 24 0 51318 1.022330346056143
24 0 1 22 89359 1.0673936964754518
20 13 10 11 48344 0.9691980007578075
26 16 17 28 50989 0.9194101463267544
10 16 26 13 55311 1.0150873683701973
29 29 19 22 46945 0.9694407888567005
16 29 6 20 53392 1.0297239290409537
22 24 14 4 49502 1.0410529982043073
5 5 21 28 75273 1.0176521391934839
10 16 4 0 48324 0.9007075693662101
26 6 19 2 17143 1.0524555540465168
27 27 3 23 77623 0.9256034833123327
28 12 28 25 61786 1.0155665658716972
21 21 7 0 75758 1.0825621561487508
7 11 24 10 63553 1.0668340157677296
17 2 3 3 42574 0.9700798003985454
5 12 29 16 75859 1.0181867825578814
21 16 2 2 70248 0.9101045405064462
19 10 24 18 29281 1.097554078738912
8 0 19 8 42873 1.0166118262294208
2 4 18 10 44912 0.9734360280336172
13 3 27 19 62262 0.9843938939448977
29 21 17 1 78205 1.0512812649159726
29 17 6 0 79114 0.9130856630026336
0 3 13 21 70296 1.0895844899898994
0 2 7 23 62380 1.0828213972104161
20 28 28 24 40141 0.9745823286605073
26 14 2 8 76534 0.9876476543363188
4 9 15 19 57553 1.0203800534890897
27 23 27 3 66184 0.9715804263260435
17 6 3 2 38741 0.9553912863929335
7 29 28 19 95266 0.9261724425724684
6 12 14 29 61841 1.0901534343959582
20 11 3 16 59560 0.922166067445489
22 21 21 8 30356 0.93709079016843
2 13 22 1 61939 0.9274195732841137
19 6 23 15 25571 0.9602431713189494
11 8 5 2 28160 0.9759138136009331
20 22 10 26 36133 0.9435734352480843
24 14 27 24 40869 1.0828612282782277
20 24 14 14 41516 0.9676291931676541
18 7 3 2 42801 0.9368584634146541
4 27 24 20 72803 1.0730385461204683
19 6 3 14 51078 1.0137224501224633
2 27 13 27 35006 0.916454297706108
4 18 15 25 56704 1.0291749443876006
4 5 8 14 31869 1.0933719501191654
22 4 0 26 83487 1.0438060704106489
10 13 22 14 43439 1.0021056232709176
13 28 9 3 69242 1.0323474286840688
28 20 24 13 38388 0.9941266911109218
22 10 17 2 29295 1.0218405493422187
9 10 1 14 45868 0.9450705884915669
29 7 13 29 83406 0.9273093605671608
16 8 17 26 46867 0.9563608974487305
5 27 25 23 65330 0.9176926548101325
7 29 0 22 35068 1.0280043257827407
6 23 24 24 57111 1.0839471271357957
26 19 13 28 57477 0.9820590364054872
19 9 23 17 25214 1.0887582535168456
0 29 14 4 82344 1.039146134844057
17 19 5 26 58995 1.0531614691586224
1 27 29 27 84417 1.0409635208468413
16 21 2 15 58594 0.9675966990535699
20 21 18 13 23102 0.9233461812082798
17 3 18 21 44385 1.0367317351345913
5 14 11 2 37695 1.0183518299552672
6 11 7 25 37145 1.011265708975549
0 17 22 6 66255 0.9619170478262045
2 11 3 2 45171 0.9452541919467301
29 29 17 4 79303 1.0172362645800068
10 0 0 19 79653 1.038365736119965
29 1 13 4 42718 0.983290525028689
25 23 10 7 67817 1.007825552254686
25 12 18 17 37040 0.9343525843342018
28 22 22 26 25010 1.0200194326097507
19 5 10 11 43041 1.080082142954661
5 21 2 12 31914 0.9353705318204386
15 16 7 13 35881 1.008347172411166
5 15 23 13 55682 1.008065032424555
9 0 8 11 48895 1.0551747390839035
18 28 21 0 60665 1.0068175403831727
29 8 13 2 45025 0.9659210877976301
27 3 28 21 71542 0.9862496922268773
16 19 27 16 44884 0.9245039570886253
28 7 3 10 67121 1.048500799298938
8 27 16 11 71063 1.0062735308834183
29 6 18 29 62510 0.9207556170060737
16 11 15 2 48706 0.9869975964612064
14 10 10 19 42334 1.0896285854852987
13 27 4 12 58462 1.0593108537015135
0 22 27 24 86889 1.00604458717659
9 3 25 18 67072 1.0328828972181725
13 12 25 5 39377 1.0149586021259076
20 18 21 8 28436 0.9064991980431599
2 24 21 25 73304 0.9726300989027118
9 14 1 4 42829 0.9183798617903808
17 17 6 18 31710 0.9947418406863224
26 24 26 3 60505 0.9061558694956153
10 16 19 14 29921 0.9222411573008837
3 17 17 22 50313 0.9637005476535186
3 24 0 4 52796 0.9286031726114621
20 7 1 9 55878 0.9667250359823252
0 27 23 27 69848 0.9677229193042615
24 5 16 3 22362 1.055309477177086
29 28 1 7 112669 1.050856005005504
10 13 28 10 72696 0.954148449934352
16 1 8 16 63796 0.9244845241668146
27 28 14 5 75508 0.9743619160300558
7 11 22 27 77985 0.9618653393554495
7 6 20 18 48051 0.9486442570059022
4 0 13 13 46770 1.0112042692724132
21 24 17 15 29079 0.9999814543114955
16 18 9 5 51952 0.9494994854845286
24 21 17 11 47367 1.008999044863047
6 25 10 12 48683 1.0315313663835655
13 17 4 26 42361 0.9466106162142501
4 5 11 13 38727 0.92322582793078
29 18 8 20 76062 0.9679200259694872
27 19 24 9 42845 0.9065780926615251
21 27 17 21 27248 0.999914878949693
4 11 25 1 66131 0.9984409295094786
13 24 5 22 26800 0.9589835900226302
19 12 3 2 50435 1.0172584628747705
14 23 29 8 70879 1.03614302667093
3 14 21 4 54189 1.0515374204786143
29 13 11 0 73373 1.0864526908003682
24 28 2 26 70665 1.0516425169459258
7 3 14 26 72167 0.9594477292228569
27 17 18 24 35115 1.0191286740897987
29 9 18 27 71623 1.09714102890782
18 21 6 5 59041 1.028198405926438
7 16 6 5 26411 1.0788210081778655
13 3 10 19 54308 1.0349939138337758
23 3 20 23 47183 1.0732809814019821
17 19 11 3 54460 1.0440746180230227
1 19 11 24 52755 0.9097668936491997
28 21 1 20 96394 1.0989837567230722
23 3 8 25 84466 1.0441111731249775
7 9 2 18 40183 1.0025608323151727
8 22 2 3 55003 0.9819182881167001
2 0 28 17 88392 1.0874721778789154
21 10 28 0 42733 1.0516133614230783
22 2 7 24 78656 0.9825333337681158
1 29 24 0 107001 0.904613212570698
15 16 24 18 32241 0.9027775614194141
0 26 18 16 70439 1.0677173627495264
25 28 11 18 66996 0.9301063483232592
4 2 24 10 59214 0.9142229065657786
13 5 23 16 42831 1.069771015178927
17 15 26 12 36333 1.0546543418885084
17 22 20 11 29139 0.9720656265624293
25 2 15 3 34879 0.9127782863072299
15 29 1 15 70619 1.068385523647538
20 28 13 24 31981 1.0657042395320835
12 8 9 26 56384 1.0157270987031006
5 20 21 25 60828 0.9367129270174153
27 29 10 7 89626 1.0192193580522324
25 3 1 15 71613 1.0022583253542774
25 26 17 2 68105 0.9193170895051591
0 16 11 8 53154 1.0686310904076475
23 22 10 14 51753 0.9041195094747455
18 8 3 15 52941 0.9101666971828867
7 29 6 15 33240 1.0370092150354848
10 6 16 11 37083 1.030468343169178
22 9 16 26 48953 0.92566668925726
29 25 23 29 36576 0.9323948517128836
3 20 23 25 77469 0.9310741535628885
19 15 23 2 33977 1.0692961641069072
5 25 15 11 61397 0.9479331071955274
25 20 8 29 79629 1.0951581454837613
24 26 21 13 36449 1.0276077776921133
16 17 2 1 70168 0.9085317340160574
9 14 0 3 51562 1.0350479407783948
18 16 19 27 23337 1.0632597863251487
11 5 26 16 52436 1.0760698246796312
12 20 12 2 57109 1.0398035459229615
27 14 15 5 51568 1.0369267199786956
9 25 24 1 90218 1.0122297771296291
26 19 6 23 67526 0.9404172760145034
17 6 13 17 36051 1.0574978129231785
15 1 11 16 51105 1.0253697373047967
6 29 2 2 65964 0.9541387811478684
7 29 6 3 53918 0.9024537263432704
1 10 20 9 64271 1.0836970492606306
5 19 8 28 27484 0.911139055017616
14 3 0 29 89284 1.0684015694175681
11 4 29 2 45614 1.0987002743881689
21 4 2 12 61313 0.9928901682992821
11 4 28 26 76427 1.0574920958735878
20 17 16 27 28948 1.0670157698245932
15 15 26 23 41756 0.984234726494715
9 8 25 2 54636 1.0991415549705161
14 5 6 16 39380 0.9536477481230209
25 28 0 16 99131 0.9102506637894443
15 0 20 17 46630 1.0612328388025056
25 19 5 21 73488 0.9869712167443047
10 8 15 0 38110 1.0609402127957959
11 29 29 29 70164 1.0415351797902703
12 7 5 18 44156 1.0796566528504223
28 18 11 21 63231 0.9269903846201917
28 7 12 19 66449 1.009157177503791
6 14 25 16 59781 0.9642472146289639
14 13 1 22 54924 0.9752765529196926
26 12 12 13 54918 1.0849058056713998
15 14 1 14 50578 0.9771295804264065
18 19 6 3 54371 1.0812647846840355
26 11 4 19 81104 0.9629897997014427
23 17 1 23 73933 0.9353478689686451
2 18 25 3 80062 1.0060177577110856
24 24 12 12 60153 1.0709393549031736
2 3 10 25 74678 0.9570406321024721
5 20 19 8 55576 0.957503636754697
14 27 2 18 63563 0.9552038476563679
28 7 18 4 25598 1.0589213717035155
12 27 26 1 79705 0.9864744691025646
11 6 26 8 32240 1.0325036870163578
10 13 14 29 51066 0.9102626070716848
22 5 6 16 52126 0.9431418048409659
29 24 6 11 90282 1.0263119468731792
26 28 25 18 34698 1.0999505224410515
4 12 4 28 41388 0.9123319548234201
6 13 18 29 69241 0.9928897797718717
