8208 6863 8311 7048 7199 5629 5696 5690 5891 6361 6210 6415 5853 7183 7172 6054 5656 5904 6034 6281 7443 6346 6593 6610 6229 6487 7368 5848 5864
5098 4588 4822 3317 5215 3741 4637 5116 4928 4687 4177 4792 4568 4102 3524 4935 4617 4601 4296 4553 6915 7280 7260 6481 8212 7670 8456 7986 7708
5710 6247 5813 5551 5942 7198 5988 3697 2751 3426 3122 2928 2883 2760 4069 4619 4424 2815 4407 3409 3178 3035 4612 2860 3886 3855 4176 3068 4606
4143 4255 3459 5112 4495 4386 3165 4987 4496 4838 4586 4387 3453 4552 4112 4347 4401 4082 4375 4381 3425 3609 7481 7656 7548 6340 6588 7668 6506
3255 1614 1791 1924 2242 1974 2499 3285 2450 2932 2229 7294 5602 5947 7509 5967 6118 7007 6280 5851 7097 7409 6594 7309 6822 6404 5788 5822 6832
5113 4995 5706 5748 2350 1363 1231 2401 2838 3077 1642 2038 1318 2203 2078 1641 1451 2488 2012 1668 1845 2162 1937 2804 2457 1268 1452 2243 3077
4426 3794 3175 4845 4373 4597 4291 4518 4821 4656 3619 4517 3201 4104 4022 4031 2525 3503 2254 3435 2317 3228 2557 4020 2803 2677 3694 3952 2905
3659 3415 2547 7493 7277 7742 7146 8480 7589 7987 8394 7286 7232 8070 8385 8412 7568 8432 7029 7023 8522 8496 8415 8085 6563 8422 7860 6676 8163
6555 6657 6257 5323 5464 5602 5795 5936 5602 6754 5519 5869 6623 6931 7103 5380 5490 6015 5442 5779 5760 6348 5803 4834 6803 6432 6266 6664 5434
2588 2537 4205 2373 2522 3457 2453 3125 3063 2566 3565 3503 2888 4352 2714 3923 3936 3904 1462 3079 1920 2995 1233 2532 1264 2098 1358 1252 1716
5528 5917 5711 5598 5287 5623 5603 5459 5864 5382 5252 5766 5808 6775 5031 6113 6130 6223 5721 5738 6429 5534 6208 6237 6355 6051 5926 5020 6097
7859 7148 8013 7274 6539 7059 7381 5905 6847 5649 5594 7537 6639 6651 5870 6691 7416 6449 6081 6662 5671 6430 7612 7145 6961 5952 6665 7446 6071
3656 2022 3425 2894 2476 3772 2110 2461 3077 2011 3416 2248 2708 1892 3599 1938 3746 3143 6256 5384 6522 5560 6706 6059 6196 6935 6018 5371 6057
8322 6928 7761 7280 7818 8437 6862 8398 7432 7497 7643 6607 8296 8322 8142 6890 7473 7477 7680 7973 7705 1749 2095 1827 2763 2865 2781 2077 1463
4910 4720 4238 5140 3942 5261 5544 5163 4949 5413 4386 4156 5126 4496 5908 5543 2968 3504 3779 3804 3997 3199 3310 2321 3353 2584 4055 2303 2846
3803 4211 3795 6420 6543 6032 5573 5325 6759 6123 6675 5458 6264 6595 6038 6124 5258 5414 6300 6797 5534 5397 6092 6403 6930 6730 5164 5704 5217
4517 4721 5586 6159 4736 5713 5245 5015 4482 4923 4998 5295 4306 5994 4747 4556 4745 4537 5437 4695 4442 4224 4169 4798 5665 5356 5063 4296 4306
1949 2044 3410 1994 3143 1836 2008 2450 4303 5012 5418 3778 5453 3912 4821 5016 4697 4367 4416 5601 3926 4325 5159 3722 4361 4400 4670 4344 5287
8289 8620 6987 7272 8383 7766 6841 8295 7589 7650 7352 6863 6736 8160 8149 3334 2786 3722 2855 3110 3768 3798 4602 3463 3880 4213 4611 4676 3496
6686 7270 8039 8280 7360 7203 7619 8111 7857 6878 6730 8570 7541 7314 7890 7323 8178 8276 7512 8092 7929 7620 7131 8433 7469 7842 8074 2713 3555
3564 3406 3658 2524 3160 2006 3036 2214 3120 2292 2319 1998 3367 2865 3738 3151 2258 3209 2790 3349 2804 6790 5437 6073 6408 6824 4847 5439 4826
3420 3061 2449 3031 2937 1929 3595 2901 2664 3339 2897 2288 3337 2859 3667 2639 1701 3580 4938 4924 3261 3590 4610 5051 3495 3600 3864 5171 4807
3433 4304 4840 5420 5331 4732 4490 3568 3718 4627 4239 5112 4503 4308 5402 4684 5264 3892 4990 5816 5781 6164 4980 6386 5338 4623 4999 5369 6040
4240 4690 3881 5204 5361 5956 6773 4803 5355 5604 5669 5489 6785 5681 5043 4807 4903 5377 5015 6372 5874 5931 5291 6233 5444 6487 5868 6091 5924
6323 6477 7190 7157 5996 5410 5442 6827 6166 5430 6652 6660 5674 7094 6361 7331 7061 5800 5504 6901 5682 6695 5625 6340 7228 6528 6929 4363 4225
6443 7424 7601 7072 8134 6807 8366 7123 7908 7136 6700 7745 6585 7854 6566 6971 6866 6504 6492 7778 7833 7947 6688 8235 4684 4369 4557 5873 5675
3787 3650 4177 3652 3853 3212 2673 3388 3725 3506 4215 3597 3770 5530 4061 4683 5645 5256 4545 4375 4433 4468 4550 4621 5281 4665 5126 3881 5382
2341 2153 1831 1975 1675 1537 2252 6106 4579 6124 5548 4788 5200 5158 4967 4775 6019 5683 5258 5843 5179 4931 5672 5230 6307 5375 5112 4737 5486
3652 3136 4170 3790 4158 4394 3789 3152 4292 3134 3709 4417 4274 3255 2834 3135 3252 8387 7030 8089 7971 7644 7129 8250 8492 7559 7021 8293 8743
7166 7604 7227 7208 7833 6814 6852 6177 6245 6110 6741 7025 7348 5992 7383 6402 6899 6302 6851 6392 6196 5839 6778 5751 7082 6239 6159 6178 6218
3906 4861 7573 3297 3020 5630 5074 5261 4529 8174 1959 2382 6247 7514 5533 7222 3035 2608 2998 5554 3208 5666 4675 2645 7220 6812 4857 2291 5212 5140
3219 7615 8064 2523 3409 5013 5752 6614 3578 7828 3438 2445 5904 7327 4941 6804 2630 3472 4637 5143 2617 6132 5642 4317 8598 8633 5101 3418 4948 5675
3644 6398 6916 3320 4132 5014 5667 5850 4039 7663 2723 2455 6058 6172 4979 6757 2399 3439 3385 4729 2817 6363 4525 3847 7790 7895 4799 2279 5701 6165
3704 6110 7987 2923 3199 5788 4593 5380 4758 8174 1660 2431 6716 5934 5883 7281 7019 3924 3258 6016 1483 5914 4592 3704 8152 7602 5519 2906 4357 5857
3461 5985 7520 3279 3201 6927 4371 5567 3502 8061 1694 1960 5202 5760 4932 6838 5564 2786 3232 5245 2705 6645 4863 3032 7745 7317 6604 3667 4191 4690
3844 7098 8151 2901 3187 6830 5644 6351 5150 6827 1813 2575 5878 6116 5722 6276 5925 2714 3906 4927 2754 5201 5625 2459 7379 7333 5556 2336 4960 5860
4110 7240 7064 4002 2542 6726 4951 6409 4653 8175 1822 1549 4762 6014 6430 6497 7502 4282 4773 5779 2168 7914 5132 4327 7070 6773 6435 3069 4964 6277
4388 7670 7367 3155 2875 5882 7965 6704 3415 7872 3435 3203 5367 7690 5544 8048 7348 3746 3879 5512 3333 6955 5810 2838 7109 8571 4932 2990 4606 4495
4061 6043 7233 2489 2549 6634 6700 5986 3968 6493 3634 2883 6150 6183 5698 6162 6575 4112 3641 5175 6039 8069 5254 3442 8560 8404 6340 2244 5474 6237
4238 6253 8157 2834 3922 6307 7111 6728 5223 7299 1731 1817 6488 6426 5754 7222 6335 3731 3116 6516 5495 8223 4947 4179 7992 7829 5383 3737 4779 4475
4499 5909 7178 3643 3428 6363 6065 5728 4375 8060 3016 2597 6514 3060 2793 6566 5711 4159 4018 6515 4224 7072 4838 3310 8809 7890 5317 4910 5717 4465
3311 7775 7640 3193 3258 6557 6809 6868 4714 6969 2437 2708 5523 4624 2804 6137 6789 3757 4331 4891 4428 7618 4787 3186 8002 8567 6318 3139 5735 7457
3325 6242 7316 2969 2955 5862 7091 5656 4501 6474 1650 2203 5605 3047 1308 7299 6890 3472 3261 5826 5306 7342 5809 4038 7682 6784 6362 4448 5487 6815
4343 7408 6371 2860 4124 5544 6483 6336 4885 6505 3315 2142 5440 3582 1708 6668 5893 2964 4362 5698 5921 7424 5737 4151 7912 8253 4931 3035 5289 7127
4062 5852 7840 2395 3070 6159 7973 6416 4832 6575 2227 2708 2233 3284 3011 6602 7226 3623 4047 5500 4321 8283 6330 4050 8014 7852 6413 3457 5441 7694
3693 6147 6508 2848 2388 6040 6415 5350 3966 6490 3238 2466 2085 4248 1667 5921 6984 2839 4708 6281 5602 8488 4831 2731 8435 7777 4705 3864 5534 6480
4576 6318 7127 4735 3980 5310 6049 5844 4851 6622 2343 2442 2405 3305 3176 5812 6282 3676 2992 6390 4865 7186 4608 2938 7364 6786 4702 4470 1575 5986
4364 6518 7133 4385 2923 6561 7553 7086 4745 6672 2303 3352 2452 3271 1612 5549 6197 3611 4356 5269 5578 7003 5150 3917 8042 8541 4914 4694 1757 6222
4679 6551 7811 4483 4026 6722 7819 4546 3567 6548 1949 2969 2335 3780 2603 5744 7102 3009 3698 6137 4803 7717 5885 3667 7262 6975 5916 3273 2581 7159
4869 7627 6653 4948 2829 5529 7092 3567 3443 8474 1651 2788 2867 4756 1823 6449 6082 2672 4666 6092 4850 7355 6317 2536 7918 7468 5764 4208 2103 5957
4128 7643 7481 4749 5316 5199 6888 5363 3592 6640 3305 3432 3073 4083 1742 5772 5998 2944 3563 5950 4324 8705 5007 2625 8646 7005 5582 4485 2539 7394
4126 7478 7588 3491 4764 5539 7777 5300 4733 6763 2168 3088 3706 3910 2606 4864 6056 3257 3712 5969 4877 8102 5405 4100 8092 7264 6380 4649 3170 6090
3950 6194 6764 3716 4682 5854 6936 4437 4192 4733 2501 2177 3342 4167 1937 5721 6714 6170 8342 5474 4944 8695 4625 3792 8119 6930 5181 4714 3336 6007
4091 6885 7903 4283 4899 7121 6778 3585 4222 4312 2188 3184 3680 4412 2912 6696 6343 6995 6760 4948 4440 8089 6225 2679 8467 8230 4546 4826 2056 6795
3901 6445 6458 4465 5431 7121 7274 3871 5293 4278 7032 2596 3248 3560 2424 5284 6661 6602 7268 5990 4951 8073 5831 3925 8366 8378 4991 3483 2352 5769
4086 7011 7661 3834 4903 7625 6571 4433 4336 4202 8078 3686 2499 3245 1353 5390 5965 5959 8019 5945 4209 7438 2451 3006 8817 7693 5513 3844 2030 7210
3679 6195 7525 5030 4546 6715 6429 4785 4636 4429 7679 3864 2977 3661 2789 5687 6859 5635 7605 5741 4070 7996 3744 4636 7340 7154 4957 3132 2011 7113
4150 7199 7813 4809 4384 5777 7917 4616 4597 5087 7972 3738 2899 3124 1298 5382 6051 6940 8131 5138 5831 8683 2191 3079 7401 8270 6118 3658 1801 6863
4452 5984 5967 4008 4939 5980 7796 4598 5390 5407 7420 3468 2866 4220 1701 5173 5831 7139 7324 5522 6068 7562 3419 3473 7254 6573 6517 2924 1719 7660
12 3 19 8 35550 1.076902346945722
23 2 19 27 100478 1.0183897286617614
7 7 1 3 31595 1.0479332722189378
9 10 5 20 29243 1.0590922599081585
24 14 5 18 63502 1.018024162420987
28 2 19 28 117985 0.9225972719475996
20 27 1 13 102668 0.9971225469524158
23 7 20 16 38530 1.0465934081065031
24 19 3 21 91653 0.9724238989285798
15 2 21 18 61905 1.0797663140189944
16 17 23 29 68367 1.0170490202038178
10 21 1 26 47734 0.9582559370242202
27 3 10 4 65073 1.0049780577617284
5 7 11 19 52412 1.041780344557131
20 7 27 16 43680 0.9320397560963106
0 14 17 4 76946 0.9481270314065579
25 3 4 21 102649 0.9258059756043484
17 28 20 16 52394 0.923764012665324
28 15 27 3 41122 1.055980593419203
23 11 2 12 56873 0.9515346756275849
18 2 11 11 50186 1.0900857430081055
20 17 11 12 36178 1.0650002190009498
8 29 1 13 68638 1.0765579660244362
26 23 18 11 65769 1.0121161457615138
26 12 16 8 41516 0.9747730954365115
2 24 10 18 40314 1.0824877438487537
2 5 25 4 89057 1.0892452148473135
27 25 15 8 100121 0.9064434780022645
11 15 26 17 52945 0.9364457386447282
15 29 9 18 50053 0.9909163525644855
2 3 27 22 121542 0.9716375855087276
11 17 29 16 58809 1.032154250903687
11 23 26 16 80695 0.9812445711499627
1 1 2 26 82053 0.984149590406101
21 13 16 1 49148 1.0849322387135234
12 12 21 24 60839 0.9504125506287405
25 23 7 5 110312 1.03038495718432
26 24 20 28 34436 1.0863707329355814
9 1 27 12 79003 1.0089363430995744
12 10 22 6 40371 1.0084059554803573
0 10 7 23 42743 1.0090456818339806
13 0 5 5 37974 1.0742953224301233
29 9 10 1 94936 0.9671518286164085
1 26 19 18 85598 1.0739839000785714
4 10 20 20 62919 0.9309807976017181
25 27 27 4 103533 1.0704626296358777
11 22 24 29 60921 0.9680636079033733
18 25 20 13 46891 0.9516762954198885
16 3 18 25 85959 0.9918775471704263
25 0 7 3 72632 1.028200270103976
16 13 6 11 31882 1.0281060910095594
1 3 24 10 73877 1.0323758186605088
17 19 16 29 46389 1.0218432770402686
2 27 19 2 106543 0.9318378533926606
20 26 19 9 71086 1.0217198395746534
5 6 1 24 55411 1.0842512231850046
19 18 13 12 43071 1.0120258505220585
0 10 9 17 38699 1.0899184798974904
18 27 6 27 44057 0.9543450999432623
10 5 21 28 108412 0.954366553755336
25 1 7 19 115394 1.059193639972618
22 27 13 24 42155 0.9275333338643909
2 1 7 10 37933 1.032274493726059
29 9 4 1 97349 0.9169553948063413
25 13 1 0 97817 1.0405819956533615
2 4 12 6 38541 0.9611572890457394
11 14 26 24 76115 1.0305314642217045
6 20 26 13 75384 0.9580989166317019
9 10 23 14 40641 0.930416457486701
28 15 16 10 38690 1.085469941205317
10 3 25 27 120771 1.080799128300787
4 10 11 13 29423 0.9781756572943008
26 29 7 13 110002 1.0446388290740745
22 1 14 22 92748 0.9927051452308757
3 2 0 20 56136 0.9797183005070256
17 20 3 25 75239 1.0402429409565292
10 29 14 8 74013 1.0357648039842564
25 4 14 9 59266 1.0154027462156139
8 0 13 17 63153 1.0191022899232922
25 25 19 5 90441 0.9085630919142546
12 19 24 6 76258 0.9344249464357871
17 10 25 19 54752 0.9444898459437775
9 27 18 8 78929 1.0290460490689495
14 3 15 14 40921 1.0370215736491153
22 27 10 23 54516 1.0603352480173902
24 21 26 10 60519 1.0063338944896905
13 22 25 11 73602 1.0961583679402025
9 24 23 28 52667 0.9775058179665349
17 28 6 15 72463 0.94558732073752
28 11 10 6 69293 1.0618183567921442
18 26 14 16 49753 1.0055321144446994
2 8 18 18 68549 1.0952180065067543
7 20 15 5 72345 0.9007414258307681
5 28 20 6 81933 1.0161649491659441
23 28 20 2 94526 0.9471043720179317
6 4 21 10 54317 0.9712707863486505
15 2 2 21 77197 1.0610139928110753
26 20 11 2 98577 0.9695586483792396
20 12 18 21 34515 0.9433041555787419
17 11 25 16 42497 0.9351330899854398
21 4 20 17 39635 1.086369219052107
14 3 29 20 100142 0.980977441714319
8 24 6 14 37462 1.0556046755775523
1 4 2 18 51935 1.0208158564306757
10 13 1 9 38871 1.0898218869443186
21 3 10 10 47230 1.0526649049756742
15 18 5 19 41346 1.0281152457716145
1 24 21 17 88554 1.0455167814937436
19 22 22 6 66100 0.973850323617832
3 22 5 13 24763 1.0153860767791059
12 25 28 19 83993 0.9280421968577183
19 18 29 8 62554 0.9403373030854383
20 18 9 3 66271 0.9996716144371502
3 0 27 9 93814 0.9560512268068867
19 20 6 4 82522 1.0387999986188077
8 22 9 11 39930 1.0273192089183136
0 4 25 19 111251 0.9756700441334761
15 25 23 29 43039 1.0958296829458356
2 10 15 21 68560 1.0716886905381358
29 23 14 6 108299 0.9204029256390882
12 21 1 17 54752 0.971491242593661
25 15 11 25 89190 0.9400224229516058
0 13 11 4 57346 1.0720835054981819
3 18 26 20 98438 0.9646763344942897
22 16 28 20 48407 0.9141786459040201
6 5 0 23 59768 0.9079200182792436
27 12 10 5 71869 1.0681069858526244
13 7 25 18 78905 1.056879490820836
13 21 28 16 73849 0.9808245189549158
1 2 5 14 39174 0.94681068872821
3 19 5 3 44732 0.933564442243286
4 1 28 14 81581 0.9343348475493762
1 12 18 15 58894 1.0322487192854297
12 24 7 10 57918 0.9690293706942853
10 14 10 1 52616 1.0655263876164556
6 27 6 3 56092 1.0584586441335029
19 11 17 22 48249 0.904138992257811
8 10 22 28 94784 0.9765699964853083
27 14 6 23 77858 1.0800364329995906
28 19 1 24 121779 0.9105457194301585
11 20 6 15 36612 0.9177944686339938
26 25 16 25 51886 0.9889553479025568
23 4 7 22 98346 0.9376822284501427
14 14 24 29 82140 0.9168944882573595
9 14 2 2 53036 0.9059303139848917
17 28 4 11 75882 1.0476318367050779
2 3 21 27 114343 1.090117956768179
24 14 24 3 50722 1.0374516944019194
23 29 4 11 97292 0.9094801768672305
15 16 10 23 44793 0.99084922066402
17 5 2 27 87586 0.9224985230628173
3 18 0 4 51570 1.030729348207019
12 14 3 5 46444 1.0951956472568143
4 4 29 22 118985 1.0692983167047145
8 13 13 0 54341 1.0125378902548108
19 15 3 20 68240 0.9881876940666758
5 11 9 19 30701 0.9355283777233386
17 26 2 6 100554 0.9063025440288347
22 17 7 1 78527 1.0412073620020983
4 12 8 21 34076 1.0064901152480095
11 9 7 28 64816 1.0956489960028175
0 28 26 16 111506 0.958384613518193
4 22 23 29 79291 1.0010575449848984
23 16 5 7 67181 0.9691553223029903
10 3 0 25 84487 0.9447950012568167
25 5 19 10 44715 1.0995632767487387
28 24 24 10 83812 0.9451362316859004
14 29 1 21 65297 0.9175904397246781
22 19 18 12 33322 0.9185999053460744
5 23 21 3 84148 1.057697563781574
10 28 20 13 67636 0.9817355793126419
25 8 21 23 68037 0.908308369467712
6 4 13 17 55024 0.9380821528899193
5 4 10 13 37929 1.0729262732161384
1 4 12 18 65449 1.05192995855783
11 6 3 17 53437 0.996864469012408
26 1 5 2 89911 1.021492767788042
6 13 5 23 25601 0.9482793594217407
17 8 12 16 37889 1.0095741520255044
17 7 6 18 61014 0.9851888854360719
4 16 9 8 32817 0.974840550698939
27 27 23 17 66295 0.9332822420055922
7 29 7 5 72400 0.9570007844492299
20 27 21 9 68125 1.0377989516099875
2 5 14 6 53952 0.9984005791917665
13 21 3 13 62802 0.9261075414885872
9 16 25 24 82588 1.0273635936181051
0 22 8 17 40445 1.0564043172004187
9 13 27 16 58116 0.9915765230750226
26 14 28 27 68499 1.0383289597860215
14 0 26 14 69906 1.051590646167094
8 3 27 9 76409 1.09224999391683
8 26 4 0 72170 0.9834365645812676
8 9 18 7 47867 0.9648893885741864
27 3 18 20 76530 0.9123212839226376
23 16 6 9 62923 1.0487945774189151
22 6 4 21 85288 1.0245865144736106
19 21 16 12 44945 0.9011981840627413
6 5 19 11 54996 1.0049600301861785
17 1 15 29 111705 1.0741195960155885
24 16 24 27 70293 1.0442863217724225
13 18 2 0 73902 1.0387736969885548
5 16 3 29 37411 1.060533900467037
24 13 24 25 71598 1.039600312277465
21 16 25 29 64374 0.9803281439928546
28 24 8 2 130408 1.0795971910751767
12 28 8 14 55273 1.0312483186557448
27 25 6 21 91395 1.0949780441175965
2 13 29 2 109218 0.962890714632855
25 12 9 1 73527 1.0766225986689646
15 23 20 14 46269 1.0280791265190046
2 1 15 5 59491 1.096844250096755
21 17 1 22 80339 0.9541389321858376
9 1 15 14 49776 1.0483471508991802
17 3 25 19 75498 0.9699261108431589
7 21 7 1 62780 0.9081912460531877
4 12 26 23 97901 0.9288767316500489
9 15 21 27 76316 0.9581819911855338
21 20 29 27 57295 1.0936291795589113
12 3 18 11 37530 0.9029196448612132
22 23 5 27 63319 0.9937019498515379
0 28 7 13 60005 1.078271539391604
6 4 5 24 43734 0.9216552880071643
3 20 9 1 56255 0.9743860827648299
10 10 29 14 51387 0.9954667134978987
3 0 11 22 76282 0.946328624528701
28 11 18 22 61088 1.071242218070753
3 27 13 28 35523 0.9847153359766515
3 13 21 17 63068 0.994641028986561
21 5 19 27 83422 0.9664882111351539
28 12 20 7 37367 0.9061447746080571
27 21 24 0 94403 0.9526813922939339
3 16 5 0 51988 1.0342591355582642
27 6 28 24 92749 1.014787236193422
0 3 26 16 94896 0.9271299956685762
3 24 13 24 43998 1.0336382575384808
24 22 10 0 108811 0.9296405029139658
16 22 27 26 56878 0.9922778032709492
13 15 1 3 62423 0.9113977807595577
4 16 6 25 28409 0.9904011449983212
18 15 25 3 62049 0.9184108033609487
29 21 15 13 76638 1.0557346978555107
1 9 20 26 105387 1.0501643438856343
7 7 20 8 52716 0.9070158483324147
13 7 19 14 38554 0.9893762779103831
14 2 3 2 41945 1.0671147808368358
10 5 3 11 37708 1.066787108340248
12 27 7 16 49057 1.0990164624436383
15 20 24 26 62373 0.9422072213513312
16 7 6 0 59677 0.9970954308043177
0 21 15 20 64262 0.9869115922678702
4 27 16 29 49498 1.0074979899856222
23 24 8 9 91820 0.9697174130594616
20 20 3 17 68425 0.9350600050952241
3 9 25 10 61950 0.9720913529333759
7 15 19 8 64587 0.9348721786465048
28 1 19 0 40632 1.0852373939571522
18 26 28 7 91533 0.9936782524764682
24 23 14 18 51124 0.9559260240954983
2 20 18 8 70265 1.064992597963795
5 26 14 27 31360 1.0829312559359259
24 17 16 29 75383 0.9384282991702777
10 3 17 27 97317 1.0927517947551628
24 3 22 27 96836 1.0308025791449515
0 4 21 15 78360 0.9217699147759341
26 21 1 21 103173 0.9087638687315143
0 12 18 22 86272 0.938086018295118
1 29 10 22 46272 1.0004203816368367
0 16 24 16 93336 1.091304042300817
1 15 21 1 90699 1.0060763094679888
28 2 0 12 108682 0.9383150095510508
5 15 14 5 52004 1.0731776191515896
9 27 9 11 43161 0.9089026855538345
18 12 16 1 44166 1.0692683337333309
10 21 24 4 100316 1.0655274140552293
6 0 28 9 98382 0.9710005942278253
6 2 26 29 127337 0.97822554265754
0 14 6 19 38603 1.020024882965611
4 21 0 14 43074 0.9399683264814404
13 19 5 25 49832 1.0645882581229729
7 9 12 21 63092 0.9246524112965961
12 6 23 5 52189 1.002268860338539
21 15 28 12 26515 0.9932731469684906
28 19 3 11 87178 0.9229959260379977
1 8 22 1 88132 1.0163114042342205
17 15 0 10 52987 1.0802570485386669
28 22 18 23 36815 0.9821152843287032
13 8 3 18 48826 1.0726663273845174
17 5 3 22 76031 0.9413874573491173
9 14 6 24 39793 1.05756207730881
14 3 14 21 65697 0.9841162010685199
21 9 20 26 65358 1.0728751832370083
1 28 29 13 110783 1.0986590144899748
19 20 25 7 62442 1.0438430332248485
0 4 18 15 76674 0.9234049284156879
8 21 25 21 82756 1.0391195566234521
14 10 29 10 52004 1.03036139777595
10 7 7 15 46714 0.9085565644121361
10 14 13 26 53088 0.9909655965464943
20 8 2 3 66604 1.0908383658257703
10 28 27 27 62416 0.9374508307450664
23 14 25 29 75223 0.993022982346318
12 12 2 17 40458 1.067125151970836
1 3 15 1 50492 1.082259133793466
5 3 23 24 110143 0.9669760263815721
26 12 28 26 76958 1.090736832258476
12 18 2 7 54199 0.9740431594302266
27 5 0 14 103856 1.0628015925343384
0 15 22 12 78093 0.9308464274935855
1 21 18 1 98233 1.0495025985966706
5 29 17 12 68698 0.9788159168139252
29 3 17 16 76707 0.9241668435063429
11 8 23 1 64879 0.9930112621053258
17 6 22 24 74991 1.010228084131579
10 19 8 10 40397 0.9820510044335474
11 17 7 11 33096 1.0518542625609835
16 26 13 0 98181 0.9717431568350041
28 3 17 19 83498 0.9095115882456661
0 23 2 3 66656 1.0822830477453451
6 26 17 24 51554 1.0967073852810876
4 10 18 0 64868 0.9470013076483614
9 2 15 9 44263 0.9212322143097235
0 5 7 19 61577 0.9759526984549205
8 3 23 16 72539 1.022333031642466
20 4 14 24 78602 1.0370969202352571
17 3 11 12 44706 1.0778554480520113
20 5 7 8 51540 0.9711457474291842
11 29 15 18 52984 1.0558833086960842
4 3 9 20 51218 1.0044664760666473
28 14 3 19 82231 1.0646282636269118
1 27 5 18 29875 1.0090066675855918
28 22 13 13 78222 1.0167168789197765
10 25 25 10 90125 0.9325391097833978
23 3 4 14 79005 0.9715651274500072
8 13 13 26 57869 1.0074149488006676
2 27 3 18 32947 0.9962021498177988
15 16 3 18 50796 1.00123725406298
25 9 9 14 57947 1.0890173596287698
14 24 16 7 74747 0.9037081780753677
29 15 22 8 45220 1.0465807589406726
16 13 0 23 74843 1.0563373594822818
23 15 1 2 86031 1.061503848255144
26 18 7 15 77802 1.075590814859727
1 9 17 19 73711 1.033277289535956
12 18 12 0 50594 0.9583602915658936
10 8 18 21 64647 1.0389348493979795
25 26 17 3 103262 1.0998585365471858
22 29 13 5 110564 0.9652488320565825
18 20 6 0 92820 1.0299524742140476
21 24 18 6 72460 0.9593845674164531
18 6 2 22 83744 1.0079596240659583
22 11 3 11 49313 0.956233218466283
19 1 29 15 68660 1.0103496971434145
28 21 29 8 69169 0.9908300885639623
21 1 1 25 115620 1.0169733304560782
14 6 8 11 36654 0.9667993701917745
29 6 15 17 79698 0.9578223828033574
20 1 19 16 48936 1.0406992805368644
23 21 4 21 84252 1.037302959062183
1 29 6 19 42315 0.9869047572697079
6 20 26 2 104924 0.9728198110006905
15 20 29 6 95304 1.0123138299242391
14 28 21 18 58312 0.9630923239929345
4 26 18 25 63273 0.919331001907807
27 28 17 28 23935 0.9188550474567454
0 9 9 1 51363 0.969935404803475
10 5 2 1 41020 1.0266678219284804
9 8 17 25 78191 1.0644839741021281
15 20 5 8 62864 1.0349826937535131
28 15 23 0 63204 0.99920732387684
9 19 19 29 56833 0.9883250206407286
19 26 29 13 78691 0.9181187821363938
5 3 0 27 66033 1.0973352193973727
26 10 24 29 91309 1.0397577297361913
0 0 15 10 64598 0.9625417471290867
22 7 2 12 65185 0.9108486641225494
13 9 6 21 49983 0.9898074399425205
21 7 28 26 96339 1.0229916144607432
1 21 24 14 83497 1.0270132271046404
12 11 4 1 40764 1.0030976188256793
17 28 27 3 111298 1.0688351706928392
7 13 12 25 66321 0.9412350681757184
25 29 14 5 120634 0.9669975274818308
2 1 10 20 72626 1.055357749296756
20 7 26 12 31491 0.9553781947067133
27 27 22 21 47371 1.0680332284689822
4 0 26 14 80749 1.0473909190357769
3 11 25 22 97235 1.0151317441017373
16 19 14 11 42478 0.9460056270709153
24 22 17 13 55875 0.9847506868228073
1 28 22 11 92612 0.9979702666984678
2 5 4 16 42120 1.0896441790186524
16 22 7 10 69594 0.9243696205028417
12 24 22 20 52462 0.9600039297566265
13 3 14 22 66036 0.9167081567708912
9 27 9 6 57933 0.9757304242246044
6 5 25 6 87583 0.9047611798447205
19 13 2 16 68918 0.9989213756336834
14 26 26 13 76666 1.0141538395889096
7 24 0 12 54478 1.025020725221495
27 7 17 2 54233 1.0315898980876004
26 5 8 13 78858 1.0747492280840514
12 0 22 10 52053 1.0026863391546665
24 17 17 22 47450 0.971106000368285
20 24 11 9 74857 1.0141032312216123
14 17 24 8 59887 0.9892029922637174
19 26 7 26 58911 0.9484430989240296
9 15 0 11 35340 1.096477970501853
22 16 19 23 37616 0.9921080955596908
17 12 9 14 30712 1.089017386646721
24 15 11 29 86206 0.9879741895638854
18 5 6 10 51018 0.910189566086336
2 14 8 18 35833 1.0248285922373137
8 15 19 23 64781 0.9849786606353657
27 11 0 10 72384 1.007701108087094
5 15 28 0 99727 1.0790740515966029
11 17 13 27 45631 1.0659644463043503
6 6 22 4 63919 0.9833497442152805
4 11 19 4 58823 0.9476738691099068
22 5 11 2 52436 1.072773834710945
6 20 10 5 52968 0.9892094752244294
1 15 26 16 86688 0.9289553116236355
9 28 26 16 81710 0.9607523204789277
13 18 6 21 33124 0.9446254318401865
13 11 24 9 35831 0.9040783800709051
27 20 15 16 62228 0.9280445690956076
10 29 23 11 81674 1.0841229436312558
7 6 26 0 93703 0.9211394292199087
21 12 2 27 82957 1.0249303983160638
10 22 28 28 68941 0.9398073872388679
8 5 9 16 42243 1.0722212207538024
13 25 19 12 65885 0.9000601878454361
9 13 29 6 86085 0.9004348692632204
10 3 21 8 48423 0.9030301305150717
19 25 13 9 81673 1.0860239113033667
14 23 23 17 53394 0.9801358156086082
9 16 4 21 33448 1.0923432855606676
22 18 15 8 49064 1.06216967505778
2 12 21 22 80532 1.0963743688713112
23 8 21 25 67542 1.0318973787079282
4 21 6 1 55290 0.9637013220202088
19 5 0 28 107634 0.9515547376195426
25 2 10 10 70786 0.9350105274902616
16 2 26 2 52852 1.0753745369302128
14 6 7 16 65074 0.9164687487826543
14 18 3 7 60786 1.0352876043840258
2 20 2 6 47483 0.9182847511039465
3 25 13 14 68509 0.9960947166001318
28 28 6 12 103498 1.0071247312106735
17 28 7 5 100030 1.0337417310674502
14 23 19 28 29843 0.9491621904347081
6 21 0 11 33641 0.9057905572502256
15 0 10 5 34900 0.9654390626825721
7 21 1 8 47356 0.966161458589293
2 25 16 22 60209 0.9978224093913962
14 24 29 29 56857 0.9582066969796444
3 19 17 4 75137 0.9904475997709912
2 5 11 0 47502 1.0548098056133293
2 9 9 26 52946 1.0189071189271588
28 25 7 6 136453 1.0976626798047489
9 18 20 13 43664 1.0152927258257303
18 0 11 21 89715 1.006633229085294
8 11 24 11 42956 0.9406363400482891
28 7 27 23 74960 1.018584686747281
9 29 0 6 76730 0.9892011990845554
10 8 22 16 55453 0.9968585443119627
2 22 19 27 72842 0.9645458056824131
19 11 23 19 38380 1.0420504232794159
4 27 19 9 77922 0.9006810611220142
26 16 17 18 44524 1.0859874619727454
24 14 6 5 69667 0.9397947064260691
6 15 24 18 80717 1.0742070410344289
21 25 17 18 39863 1.0721473802877486
3 22 13 3 69186 0.9925782380966421
23 29 10 4 117084 0.9508837146564357
16 27 13 2 96741 0.9632057050669989
3 26 17 9 78808 0.9908106698914444
1 28 8 17 47703 0.9551020253922969
20 3 17 14 34939 0.935282842558135
17 17 2 20 56248 0.9002289193436949
2 13 14 19 59839 1.0119287404933028
28 14 15 17 42015 1.0848256124024949
17 9 27 10 40809 1.0217038758812467
23 15 3 4 73718 0.9873878783611939
0 0 20 16 89137 0.9471926437298235
21 17 2 5 78115 1.011596572624783
3 1 27 3 94202 0.9757422797786777
2 6 5 16 32859 0.9075422313421329
11 28 9 13 48518 1.0488893577738718
12 10 10 21 48839 0.945282065138405
24 7 2 21 90513 1.0243074950770075
29 1 8 0 91767 1.0180490289881654
10 12 25 17 64316 0.9658765212739632
15 29 12 19 48353 0.9188621985184928
13 29 22 16 69651 1.0301412501686595
7 26 4 4 59338 1.0475869581837132
28 17 19 0 70680 1.0576298999386542
13 12 21 24 65380 1.0278549290257208
29 0 23 27 123483 0.9445414731864727
23 6 2 6 86918 1.0094625619767132
21 11 6 16 57037 0.9775988368119009
24 5 0 10 83981 0.9169385497286556
9 4 17 25 89748 1.0355245387641667
26 26 24 1 118987 1.0861883465596678
3 4 25 13 81865 0.9244944490300605
16 17 28 3 78939 0.9351023615130654
17 14 27 0 64378 0.9786407772081414
14 7 4 10 39123 0.9596635700048433
9 13 19 27 75797 1.024124193730392
14 3 7 23 73554 0.9868827621315992
13 29 21 7 89858 1.0394420078448265
7 10 17 21 67731 1.0694482074531344
14 22 20 8 62555 1.0428466926331486
4 29 29 27 86743 0.9287811645740006
12 13 4 4 40391 0.9615308067909929
6 17 20 18 52862 1.0926609240238154
8 12 21 9 44610 0.9532770269110724
14 13 18 20 37918 0.9663092522033381
9 29 13 6 71814 0.9604985600077863
3 8 22 22 89639 0.9111566899261032
3 28 26 7 111004 1.0883791291918585
21 29 8 16 77695 0.9458365241133744
27 3 29 18 60950 1.0892748609487903
10 13 22 23 64864 1.0396188403569937
9 15 20 26 77786 1.075384526487554
23 21 2 4 105036 1.0360982703906896
28 28 0 23 94362 1.0833777959485298
19 9 25 23 67854 1.025404510390964
11 10 18 23 61307 1.0927506544707415
29 5 3 2 106476 0.9803991124999163
7 2 21 8 59448 0.9761807133649607
2 25 29 8 120796 1.0179518803814118
19 9 10 14 39764 0.9204865126919332
0 0 1 21 74372 1.0916634182890195
13 28 25 9 96056 0.953003160765498
21 1 18 19 60434 0.9845911253356532
8 11 17 23 63884 1.0266234114426984
16 11 25 23 68557 1.030337442870432
21 1 13 22 91360 0.9611273306140637
5 24 10 12 43438 0.9210377798672247
4 26 5 0 66122 0.9903044455121692
17 11 0 22 69725 0.9270655370127838
8 8 14 1 42355 0.912833407526
5 7 1 0 27296 0.992884047612918
14 1 0 23 93271 0.9792513065331938
7 2 19 25 108122 1.0194529731725157
15 23 28 10 78985 1.0539192430735613
15 17 18 10 39103 1.0473282322794122
13 1 11 15 49428 1.0692437605417051
19 14 11 10 27786 0.9276343859023919
13 19 27 13 61196 0.9142062079453489
14 27 17 16 48741 0.9370990822928608
13 4 15 17 48468 1.0249996416420155
2 10 26 4 83564 0.9022560589665805
11 18 27 4 83705 0.9835276298403023
10 11 6 27 45185 0.9426019882697753
10 23 28 0 118157 0.9105759768906018
4 29 23 23 77121 1.075483037170476
1 29 9 22 41325 0.9839930636024661
29 2 10 3 80973 1.0148871639835733
22 19 12 17 40949 0.9198705161934011
7 2 4 13 38599 0.9398206585572573
15 8 29 23 95136 1.014916004583183
18 2 24 14 54516 1.0406390760824173
1 24 29 25 117298 0.9483759126238551
17 23 15 15 44663 1.006864594244933
7 11 29 10 70252 0.9753836665175711
27 8 29 24 87934 1.0527766586888014
10 27 6 4 63287 1.0843428805436954
22 12 24 1 51950 0.909430004730668
2 2 25 25 134866 1.047696878605169
5 9 24 7 64868 1.0126755557503149
4 25 28 12 101053 1.0700719988595488
1 13 18 26 97935 0.9763548429170602
7 14 14 7 52064 1.0642474748446233
26 16 3 15 83292 1.0839366158839092
10 28 5 13 44136 1.040315268600167
4 15 15 10 41197 0.9848598614420713
28 2 5 14 96153 0.9872155498048949
27 11 20 5 37014 0.9417188638561979
0 18 20 12 70937 1.0794582524955991
26 26 29 4 103886 1.0613907395123254
12 23 23 22 43836 1.0253209962101617
14 24 29 18 81469 0.9649499703947217
20 4 29 22 86171 1.0996014217587358
5 25 17 28 45820 0.9049597847790104
13 23 26 18 66488 0.9479043045686779
11 5 2 4 35574 1.0767056976139378
0 5 11 2 52176 1.0167020970559486
18 3 18 18 56882 1.0874181751265837
3 22 23 29 83883 0.984077529985942
26 24 24 10 72468 0.9650712860035333
26 13 6 20 75384 0.9314103886983559
10 22 4 18 31068 0.956861494759369
13 17 24 27 71967 1.0030698168250587
13 22 8 14 47672 1.0395950221905461
20 21 19 1 64891 1.0367823969055054
26 15 10 24 78939 1.0530106892011806
22 0 14 26 104737 0.937193559175566
5 7 6 21 31926 0.9504397370709803
26 5 0 28 126507 0.9928132501696667
10 21 1 19 38612 1.0773730903659975
4 6 1 28 62192 1.0791785076601343
17 24 12 18 39153 0.9368408621616049
23 6 24 28 99325 0.9459137274209604
23 17 7 13 65660 1.0784907532875923
22 7 1 27 98503 1.060567202875952
27 21 3 11 96267 0.992997208925157
7 3 29 26 140650 1.0488773348154286
1 7 28 6 101483 0.9058559597936618
25 20 10 18 70114 0.9370744209575559
18 12 17 22 48665 0.9874056476321474
25 23 22 11 58978 0.9217013590726341
8 22 25 9 85197 0.9948856129671065
9 5 26 8 68321 1.067650849839515
10 1 16 21 88382 0.9366549411989029
14 15 9 22 39011 1.0092808055767304
20 16 6 20 58813 0.9617602690304462
6 13 5 29 38902 1.059548935940938
16 4 8 7 37563 0.9887021752047195
2 0 20 21 96422 0.9263747077360094
21 16 0 4 80999 0.9367664119912748
22 2 1 29 122661 1.0476496011022187
4 17 9 6 37068 1.0415751305055048
7 24 18 7 87544 1.0994970061552847
17 23 4 7 76493 1.0378106359141621
18 5 23 19 62830 1.0205988397472798
2 1 7 27 72167 1.0095792996048434
3 22 10 28 36043 0.9284119339551123
27 2 12 26 121718 1.0972386536384706
7 13 24 21 89246 0.9734338261717433
12 10 27 24 88820 0.9024881346715352
7 10 21 22 71095 1.0543573043363508
8 12 2 4 38630 1.0491268433040113
7 17 19 27 68730 1.0216724019328636
26 6 11 17 72412 1.0928401838296566
19 1 15 27 109266 0.9313346932478858
2 23 22 28 73814 1.0169053202020202
14 28 28 7 107814 0.9700364259903518
29 24 11 23 68280 1.0270533260162686
13 16 1 26 71953 1.029422857779585
26 3 29 12 38655 1.0569077670419218
16 26 4 10 76450 0.9693097891364845
20 16 26 11 31846 1.037883415639941
11 6 1 15 59880 0.9843950735096301
24 17 11 18 52706 0.9528305445951084
20 4 9 19 68638 0.9528479865988096
24 15 18 21 43701 1.0157849516586435
3 22 18 19 68103 1.015664750614615
14 9 23 11 30140 1.0830610458380947
13 9 5 23 50856 1.0037008427902632
13 2 7 21 78710 1.0201600634232622
2 26 3 7 61233 1.0382762465281368
20 22 13 4 74123 0.9262997163500298
24 29 19 14 70071 0.9304629716311085
1 28 13 9 75705 1.0607654247893528
1 3 21 12 71105 0.9442808740950748
25 6 12 15 67970 1.023922111192823
13 6 4 12 43520 1.0997187340332049
19 14 4 3 59292 0.9085366971283186
2 6 9 18 52820 0.9851616764957336
2 26 17 27 54727 0.9953141844668392
1 16 3 8 33227 0.9030332401800277
6 26 24 22 76773 1.086385519055511
13 14 18 6 45671 0.992104353297873
17 28 7 10 79199 1.0281934377119926
23 3 29 20 90208 0.9691385269461115
26 1 25 19 79083 1.017865954166588
4 6 16 5 46451 1.0503988845507157
16 2 6 5 41040 0.9864156928806643
15 27 26 12 87948 1.0480495562591294
23 29 23 2 109386 1.02517905490165
8 10 17 22 68621 0.9515138621651934
29 15 20 20 43563 0.964362359859681
14 1 12 25 96147 0.9252513246811259
28 3 21 17 63089 0.9084192194391671
24 17 2 14 82676 0.9461452696017489
9 7 25 20 85141 1.0434586592225565
15 2 27 25 116531 0.9446261514832657
19 1 21 27 93882 0.9528555584017152
16 16 9 26 48834 1.0598871142797592
24 5 15 14 56946 0.9031177815012925
5 23 26 1 111764 0.925734067053791
15 5 12 18 53686 0.9023266609166665
15 25 9 29 36728 0.9695299321402098
20 28 19 17 49120 1.0785998364145393
20 8 6 9 44819 0.9878615528152238
1 7 25 27 121900 1.0799898227724811
6 18 23 2 89341 0.960585427707489
6 0 5 19 49221 0.9468156113630708
3 12 10 20 45464 1.0404675178321967
19 12 8 7 45351 0.9912022399648498
0 3 9 13 48691 0.9031278966559898
1 20 26 29 93953 1.0487759278199893
2 21 10 16 41066 1.0316468637924407
12 3 5 13 41454 0.9437562565587905
1 23 18 25 67809 0.9805708736170161
12 8 4 25 60037 1.0927178266683428
0 5 10 18 68953 1.0376640190924216
12 22 19 28 38705 1.0826688463397764
16 2 0 29 111851 0.9462256398116186
2 21 19 21 77810 0.9239194243283925
2 0 26 5 100931 0.9421200730967481
29 4 1 22 124720 0.9887027111865707
10 18 5 28 33939 1.0359711293115552
27 9 18 11 36070 0.943642415480524
27 27 1 9 118438 1.0873092626390142
12 29 17 14 68608 1.0527006449471126
24 16 19 0 66876 0.9046559927980979
26 21 8 23 71290 1.0754504278387713
12 27 24 28 38217 1.0352792528223147
20 20 0 3 91673 0.944572144029282
23 2 0 9 88588 1.0796123857971345
11 27 20 26 39435 0.9247465530389739
12 27 19 24 43196 0.9413778510619679
22 5 29 20 82572 1.0346320572683663
14 27 10 17 44845 1.080976051496255
21 1 1 3 74144 1.0706867682868568
23 20 15 3 77421 0.9794983919638095
24 19 28 10 55576 1.0046602929552237
6 21 26 8 87971 0.9227779017336503
29 3 3 27 127827 0.9324233152859145
14 9 28 12 48865 0.9913476748384348
6 5 10 18 51737 1.0150645031457484
12 17 5 12 35192 0.9932062604636109
5 5 21 14 55382 0.9742726254875358
12 12 5 28 52645 1.0754353704538864
10 25 12 7 64018 1.0639127864713642
22 0 27 6 31219 1.0501503796706941
15 24 24 28 46101 1.0076456308629267
27 12 6 2 85082 1.0337227887401181
10 6 25 21 99569 1.044126634655354
27 15 11 13 44154 0.9204483322167657
12 24 24 28 49860 0.9685618615979186
25 25 21 12 66521 0.9227332179295508
13 28 29 24 70952 0.944982532218285
23 1 16 21 88697 1.0194012731383937
24 27 1 13 113799 0.9432126801010989
17 10 28 28 88669 0.9946117187689514
19 28 27 5 105356 1.052060914423051
23 16 22 1 58805 1.0111573689149085
19 16 22 25 49283 1.0657308103816272
22 0 29 15 68159 1.0711087505511423
28 21 14 0 114691 0.933817532485086
2 26 19 11 79464 0.9509127530623315
25 14 28 23 51084 0.9405393981797736
2 21 22 20 86859 0.9550484989006714
15 24 23 9 76068 0.9587533508259751
22 6 2 21 86981 0.9463359663749071
2 3 18 7 63613 1.0051037385121064
16 11 29 24 88502 1.0540526533743866
17 24 26 25 43871 0.9609020133200465
1 16 22 0 101098 1.0781162357766647
10 20 26 15 66177 1.0677436106683467
19 10 9 27 69121 0.9149746488607605
27 26 29 1 118662 0.9042677060466197
7 7 2 17 43596 1.084832194205759
15 22 20 2 79229 1.0355560639892467
27 16 0 11 78266 0.9156013586234957
12 11 14 29 61622 1.0598827674237357
26 10 17 12 31961 0.9507051695176483
2 5 1 25 76081 0.9112209334170223
23 2 21 10 31484 0.9351199114275716
15 3 5 0 41113 1.0861420514687974
20 0 29 18 79252 0.9375687858911071
22 20 0 13 92725 1.0555225447295244
13 4 18 18 59599 0.9677632091078326
0 3 7 17 49815 1.0889251188310658
27 12 3 16 84575 1.045595889377265
2 15 26 5 94762 1.0012877459993403
25 12 10 15 49450 1.0580282727730914
7 6 23 24 108633 0.9920642317297785
11 2 29 6 91156 0.9554122774129158
27 3 8 14 85972 1.0945852165517147
22 28 0 7 113765 0.9265180836988032
17 18 12 12 33871 0.9652655770857234
15 25 17 3 94621 0.949868209477241
7 14 3 4 39013 0.9566148527376909
16 21 22 9 59318 1.0049025628296155
13 23 3 18 43893 1.0320885017116213
0 6 13 1 62856 1.086906093871479
14 16 18 9 46945 0.921014005266298
6 22 2 9 36341 1.084970651397976
7 9 15 6 52444 0.9873942941832731
17 15 1 8 57345 0.9161969457913416
3 3 12 27 76197 0.9904215529779313
15 11 23 25 76096 0.9241986515105313
20 29 5 25 57087 0.9438794656138727
0 6 5 25 60403 0.9019701214780361
0 10 28 24 121951 0.9653631786001801
27 6 7 4 79606 0.9927029110687127
0 16 8 6 59519 0.9147052278704035
7 15 4 23 30911 1.02910776800683
28 26 6 2 139382 1.0650170019650775
14 1 23 5 50354 0.963357458331939
23 20 20 4 59017 1.032718558074981
4 1 5 21 42174 1.0119943639214082
25 16 23 6 60088 0.9170008594794724
2 25 21 7 90281 0.9982208377117313
27 0 2 15 107426 1.0707205885706554
28 12 4 29 103979 1.0028846470044839
3 27 11 20 40331 1.0725460854314393
11 28 18 10 78920 1.0235680808678569
13 2 10 17 56994 1.031846249309771
16 1 5 4 44575 0.9058021169806727
8 19 13 25 33705 0.973767473792871
1 29 16 19 83267 0.9103491082229475
19 2 6 26 101669 1.098266276987679
5 15 24 9 61435 1.07655719777932
10 1 6 19 60623 1.0412624313570154
21 10 8 6 47072 0.9964062666765174
6 27 5 3 53808 0.9083722750462858
23 7 18 17 46469 1.0240184844050362
1 27 2 16 44075 1.0473223636681719
18 16 10 7 53865 0.9182085520054162
0 5 12 25 95435 0.9997041769202388
14 0 26 19 94096 1.0202771748173638
10 26 16 0 98648 0.9244387728915849
17 15 27 7 55435 1.0430146412092731
3 7 10 2 37246 1.030893992419017
0 8 11 7 52197 1.0351852527835121
11 10 19 22 62590 1.0290700459130815
7 10 4 0 28680 1.0421745027813383
17 19 22 6 58368 0.9884824786941873
9 26 23 16 73517 0.970253927251077
23 14 11 11 32749 0.9303923415850559
2 22 4 3 50142 1.0355280042044266
22 23 27 1 91267 0.9833680358404716
16 13 8 0 60675 0.9186368392476363
16 8 17 23 68800 1.0852657542590707
16 16 19 5 47263 0.9794690220508679
27 13 7 17 66617 0.9346894614367934
2 14 28 27 116487 1.0087936359613483
29 19 6 19 101920 1.0208259625686054
5 0 5 23 52989 0.9851410115986273
15 12 25 18 56904 1.079980166590179
15 18 2 26 64743 0.921137135365658
12 20 16 4 62774 0.968015446394389
7 7 25 22 107556 0.9608063724648908
7 14 11 2 59599 0.9735247648549749
16 7 1 6 68323 1.0759335539850705
1 9 3 25 58865 1.0776417330248833
15 14 14 24 41344 1.0517464169932262
29 26 18 15 84565 1.02390510870579
24 17 0 12 85347 0.9361043583358846
27 22 6 6 112105 0.9663540594415322
7 14 19 5 68247 0.9215998623237992
10 27 26 26 59655 0.9670520382483725
29 17 26 1 64827 0.9574554514013677
7 15 18 12 50088 1.0772958134588604
5 17 15 26 58622 0.9418122726166804
2 5 17 25 99851 1.0891992196241258
23 22 29 8 82120 0.9702964911630518
24 16 5 2 89922 1.0630146863655128
29 17 0 5 111107 1.039809937228939
7 9 25 7 70014 1.0268665783463318
7 29 20 20 74686 0.9308900594284122
0 4 10 6 41204 0.9843952653358529
18 22 29 15 57149 1.0561014759218457
2 20 5 8 31459 1.0201175021819462
16 0 28 21 106936 1.0974811613839948
22 12 16 7 33762 1.0161619484617053
15 0 13 29 103795 1.060629008140975
20 21 15 9 49455 0.9953397959812235
3 4 17 28 95224 1.0652705180602664
29 28 13 10 101511 0.9112835226248882
21 4 7 24 94962 1.0649713242454355
9 18 23 15 52127 1.0012260429555149
3 25 18 9 85277 1.0278134955607428
3 26 25 18 113991 0.9108428981522367
0 27 26 21 100300 0.9811771089647066
0 24 16 11 73847 1.082373291786208
0 15 26 11 87669 0.9685417196806868
23 24 7 16 85472 1.0019057467840795
5 29 12 4 71579 0.9329652405127832
18 15 9 28 60106 1.038598296975314
19 15 6 17 55836 1.062142154049105
20 6 4 26 84842 0.9587591940253326
17 28 29 8 104815 1.0080711596475311
28 1 2 7 107107 1.0787575087586188
15 28 3 3 91424 0.9897675297160953
20 1 13 17 65628 1.099255899051301
8 25 24 2 115887 1.001112466680319
6 10 4 22 29222 0.90343506394808
12 24 24 11 82239 1.0893494779286426
0 2 6 15 54314 1.0889507446726086
11 20 24 6 86070 0.956529285635291
19 14 0 6 71566 0.925021657828915
14 20 25 27 61399 1.0927742008569838
26 8 15 17 61357 1.0109991021357787
13 5 14 17 45276 0.9060327406578285
24 3 28 21 92315 1.0721644624077304
13 22 24 1 108513 1.0380779123940407
1 0 10 12 55047 0.999506815790688
27 1 21 11 45773 1.0350452461446498
15 25 21 0 102051 0.9193354133962636
19 28 23 20 47105 1.0016876534130512
28 12 6 4 80753 1.054207553858439
4 16 28 29 104687 1.0801778026635849
12 13 17 26 61406 0.9123375911316493
20 22 4 7 81180 1.099252613732813
12 13 19 16 31771 1.067948088608846
10 2 4 16 51815 0.9249126502469921
7 22 15 9 63173 0.9090276097354463
26 6 24 20 68129 1.0833339017386494
27 19 2 25 112589 0.9537191816103583
3 9 28 27 116086 1.0127512046766904
22 12 0 23 87375 0.9065198797029597
1 11 15 2 59408 0.9220283267690329
18 27 10 7 94673 0.9639593580640442
4 18 26 20 95180 0.9587746531546276
10 27 19 3 96326 1.0702958255775044
4 4 15 23 76924 0.9935917341601689
28 28 6 16 94168 0.9090520635820104
6 24 17 22 48369 1.0013862230133839
15 1 22 15 62537 1.0454166072459217
16 29 8 22 48931 0.9404870783414743
19 17 21 7 33846 1.0485845985880116
10 13 0 0 64187 1.030950072961073
6 8 20 29 97896 1.0011026349152552
22 26 6 7 108933 0.9918515321482678
13 22 23 16 60724 1.0133741728662118
11 16 17 1 61563 1.0652222821672837
3 18 2 6 43288 1.0266681144690653
13 25 14 1 89363 0.9911473366068589
21 26 5 16 80103 1.030909209476618
9 26 29 26 73611 1.058563305662217
15 7 5 4 48527 1.0842788320533014
26 13 4 8 68310 0.9187384275837119
14 11 20 18 37121 1.0104071333437377
8 10 25 2 76151 1.0549879308694403
4 14 10 27 44571 1.0740064590058238
29 16 23 26 77059 1.0734447858196625
7 15 26 13 63687 0.9677320876182067
15 3 10 15 47917 1.0693187233553973
8 19 27 9 84543 0.9668182819224009
17 1 16 19 71959 0.9860716828731443
8 18 13 27 37816 0.9991362848595976
3 20 7 8 38445 0.9673650607786487
14 29 15 5 96034 0.9652505868554814
7 11 26 12 55634 0.940873495308068
13 7 25 7 60589 0.9232411984278461
29 16 11 16 58095 1.0419192208549608
24 4 17 23 85433 1.0237022366796902
25 8 21 26 80183 1.0360875699929526
2 20 22 8 75845 1.0259295129766186
26 11 9 13 52746 1.0424191947328243
25 6 24 26 104062 0.974763116816126
7 29 24 0 127056 1.0053774843493437
2 6 8 17 45052 1.0232430701750437
23 22 4 23 70609 1.0432840140916886
24 27 25 2 118442 1.0001527318901844
27 6 8 17 88778 0.96969917059505
27 27 5 16 93316 1.0321865551678477
6 14 2 21 27243 0.9897174896231333
12 3 24 9 53069 0.9413934914075064
12 14 5 27 52471 1.0258417166844584
27 3 25 12 33154 0.9643314572708774
28 28 21 7 91132 1.0255097898991814
13 27 25 8 101160 0.9637008778996856
16 21 21 8 58526 0.9311383297017798
7 20 26 0 112210 0.9429180665479211
5 14 13 16 42166 1.0048976706365085
3 22 15 29 62124 0.995605712371634
18 29 26 4 110551 1.0226754900151103
10 19 26 5 89080 0.9963920667785702
0 20 12 9 51268 0.937639054400378
24 8 0 2 97081 0.9063404735346403
23 20 22 8 52800 0.9905357563093645
5 3 26 8 83369 1.043356982343699
18 19 12 26 46882 1.052018852836179
22 22 12 6 71906 1.0423755829845223
19 28 28 3 113815 1.0651633570009542
14 28 10 0 97906 1.0946027123198276
24 16 12 21 69974 0.9695819210558887
9 16 28 29 92721 1.0411132644279388
13 22 28 18 81744 0.9224928701914102
25 25 8 25 78635 0.9514463756168876
27 20 1 10 97854 1.0110412622695042
10 7 28 1 90524 1.0185359686723887
18 8 2 16 70468 0.9934589468429326
24 11 29 27 90602 1.0754159670541878
13 6 20 18 56278 1.0716243813848376
16 18 20 11 34028 0.995057193353232
28 3 15 8 64933 0.9460369441539686
3 28 29 9 118030 0.9436736731660036
10 20 24 9 74552 0.9150099967229745
29 27 6 21 89738 1.0201182400236466
18 0 24 7 47420 1.099895950623222
19 21 17 11 45993 1.029277500734553
22 3 7 28 106872 1.0215004951505162
29 27 13 20 71645 0.949041250434479
21 6 7 6 67232 1.0108184341372897
4 1 21 9 64998 0.9333795825776724
16 29 18 11 79151 0.9629670995496272
8 26 2 6 69064 1.039104778461804
10 22 0 25 49630 0.9971198064994442
0 10 28 4 93856 1.0486471628449645
25 2 8 25 120763 1.0970972841798723
2 8 22 17 67990 0.9735831210796541
