3274 2907 3289 2834 2720 2753 3539 3535 2881 3529 3348 2973 3326 2827 3491 2759 3337 2744 2246 2278 2806 2536 2504 2238 2622 2981 2492 2914 2533
7283 7616 7360 7023 7251 7253 7810 7034 7840 7372 7056 7225 7460 6967 7660 7154 7077 7089 7149 7796 7633 7676 6963 7186 7381 8405 8251 8023 8472
3499 4053 3665 3677 3767 4334 3566 3767 3682 3511 4027 4005 3710 2504 2208 2062 1960 2041 1964 2208 2574 1915 2172 1912 2337 1804 2498 2327 2096
2126 2717 2232 2771 2633 2238 2268 2261 2815 2608 2447 2774 2044 4330 4906 4752 4840 4702 4429 4659 4718 4678 4705 4997 4778 4723 4157 4350 4998
4898 4992 4831 5292 4544 4855 4742 4559 5766 5514 5503 5194 5093 5150 5169 5512 5722 5417 5492 5633 5282 5488 5051 5149 5357 5142 5883 5448 5493
7659 8296 8082 8268 7834 7973 6141 6598 5766 6204 6337 6318 6044 5908 6644 6570 5881 6176 5954 6236 6041 6340 5813 5952 6114 6375 6004 6542 6239
6277 6498 6505 6793 6510 6817 6652 6508 6381 6545 6634 7012 6389 6637 7030 6494 6500 6265 6744 6529 6645 6648 6667 6503 6444 6677 6883 6963 2644
2382 2309 2124 1972 1932 2771 3469 3090 3223 3171 3127 3221 3396 2667 2690 3052 2705 3434 2846 2855 3112 2751 3193 3199 3108 2984 2814 2711 2692
4739 4972 5112 4794 4728 4643 5142 4867 5201 4344 4867 4828 5061 4324 4773 4863 5222 5019 4345 5164 4378 4806 4445 4508 4752 4421 4953 4828 6987
8344 2817 2454 2101 2825 2756 2496 2654 2459 2264 2499 2903 2612 2618 2259 2199 2597 2907 2846 2445 2555 2661 2487 2896 2610 2349 2662 2138 2287
2916 3110 2812 3188 3030 3451 3349 2859 2625 3280 3094 2720 2632 2895 3135 2704 3226 3475 3404 3462 2839 2496 2377 2710 2615 2326 2637 2337 2996
6151 6949 6754 6767 6402 6659 6229 6496 6271 6208 6278 6619 6582 6750 6492 6794 6374 6360 6437 5688 5152 5559 4848 4901 5238 5292 5370 5435 5248
5911 5925 6063 5538 5836 6152 5674 5548 5764 5842 5646 6130 5989 6388 6272 6017 5846 5807 5803 6407 5573 6409 6188 5679 6413 5734 6430 5794 6686
4245 4601 4158 4711 3849 3994 4298 4417 4568 3822 4338 4471 4534 3868 4519 2511 2918 2660 2936 2599 2235 2241 2779 2387 2914 2368 2329 2833 2537
6573 7468 6958 6794 7178 7268 2617 2300 2506 2466 2723 2546 2392 2291 2844 2921 2724 2876 2817 3003 2727 2863 2411 2700 2409 2318 2981 2832 2942
6848 6700 6665 6160 6587 6014 6655 6614 5992 6355 6345 6434 6304 6464 6403 5987 5268 5490 5913 5607 5768 5789 5518 5783 5440 5446 5897 5253 5353
2655 8194 8078 8169 7398 7668 7603 7915 8205 7553 7429 7929 7373 7432 7407 7430 7862 7371 7681 8002 7405 7377 7459 7783 8241 7705 7698 7715 7974
7220 6726 7197 6514 7104 6723 6832 6626 6992 7153 6493 6932 6958 6945 6816 6538 6881 7142 7119 7136 6926 7380 7318 6735 8100 7850 8628 7968 8553
2659 2234 2166 2775 6416 6114 5970 5630 5964 5768 6387 5926 6089 6171 5562 6221 5816 6149 5999 5742 5701 5586 6439 5975 6337 6227 6330 6068 5602
1847 2324 1628 1831 2166 2061 2148 1985 2280 2074 2354 1835 2150 1768 1660 1770 1564 2187 1866 1972 2079 1468 2159 2214 2291 1983 1927 1506 1634
2549 2250 2448 2887 3013 2271 2674 2835 2545 2820 2680 3008 2288 2791 7306 7198 7177 7266 7131 7470 7388 7586 7027 7201 7319 6945 7721 7375 7363
3468 2983 2717 3277 3401 3492 3242 3170 2879 3007 2685 2717 2822 2993 3158 2708 3346 2984 3105 6711 6406 6622 6245 6770 6311 6774 6734 6286 6411
6863 6775 6396 6811 6434 7227 7010 6459 7063 6856 6978 6439 8250 7951 8110 8135 8299 7704 7883 7648 8545 8265 8230 8382 7890 8074 7976 8414 7943
4044 3769 3763 3842 3947 3958 4232 4514 3800 4613 4610 4558 4504 4572 4176 3823 4607 4366 3991 4163 4263 3953 4437 3812 4577 3980 4431 4608 4083
5575 5805 6251 5626 6087 5837 5405 5778 6083 5654 5490 5751 5552 5607 6283 5537 5730 5527 6151 2812 2920 3190 2562 2669 2888 3082 3028 2998 2986
5509 5287 5669 5117 4880 5217 5672 5430 5159 5261 4811 4885 4987 6070 6714 6258 6061 6186 6078 6633 6886 6105 6405 6366 6233 6904 6553 6511 6368
6582 6212 6550 6915 6617 6474 6157 6032 6119 6815 8420 8301 8546 8370 8442 7797 8062 8027 8308 8625 7872 8141 7829 7882 8419 7928 8695 8640 8245
6809 7026 7039 7272 7058 7517 7599 6925 7146 7520 7261 1968 2619 2097 2202 2349 2470 1827 1859 2379 1803 2050 2463 2208 2571 1848 1896 2036 2273
8069 8053 2155 1998 1665 1952 2298 1904 1978 2405 1747 2213 2445 2031 1832 1926 2017 2484 2422 1929 2368 1864 2519 2059 2476 1808 2206 2474 2285
5002 4142 4381 4615 4531 4642 4245 4182 4680 4729 4928 4471 4967 4313 4135 4997 4372 4341 4295 4549 4448 4433 4500 4712 4677 4931 4800 4694 7886
2566 5791 4669 7250 4477 8127 5540 6776 2563 3825 5300 1546 4270 2469 8384 2248 1086 4685 3606 7753 6547 3119 2379 4011 6905 1914 7825 2550 4893 4200
3104 6401 4595 6399 4300 7896 5871 6901 2800 3841 4864 1474 4459 2893 8441 2014 1786 4494 8256 7716 6343 3721 1934 4216 7048 2494 8316 2322 4982 4176
3169 6025 4921 6894 4050 7909 6035 6413 2321 4020 5331 1529 4448 2840 1413 1885 1231 4528 7888 6926 6027 3505 2558 4190 6726 2474 8626 2585 4231 4450
2790 6561 4500 7076 3858 7370 5799 6107 3088 3712 5031 1672 4319 2971 2046 2174 1551 4662 8316 7369 5498 2960 2640 3570 6720 2362 7981 2252 1236 4467
2910 6380 4166 7030 4284 7660 5881 6599 2930 3784 5543 2147 4308 2365 1468 2328 1499 4763 8709 7262 5035 3689 2247 4189 6831 2529 8553 2350 1536 4389
2389 6153 4022 6669 4229 7722 5405 6619 2779 3822 4919 1532 4077 2724 1876 2663 1216 4673 8397 7786 5338 3104 2030 3903 6622 2175 8309 2491 1655 3794
2435 6471 4296 6383 4046 8214 5306 6062 3056 3923 5386 1832 4288 2883 2130 2458 1264 5092 8068 6931 5820 3419 2653 3916 7413 7021 7893 1745 1368 4062
2846 6082 4384 6589 4173 8225 5502 6394 3023 4302 6706 1785 4500 3029 1573 2416 1940 4489 8196 7543 5476 3210 1982 3987 6996 7510 8046 2259 1635 3719
2570 6514 4510 6716 4241 7586 5268 6864 2770 3740 6404 1738 4684 2993 1658 1923 1793 4600 8048 7300 5051 3866 1892 3463 6576 7245 7803 2020 1412 4008
2686 5673 4475 7080 7514 7739 5546 6810 2978 4127 6141 1566 4708 3070 1964 2146 1509 6942 8704 7770 5001 3190 2563 4305 6660 7472 8410 2433 1746 3930
2733 5806 4216 6437 7401 7945 5596 6560 2550 4265 6327 1615 3972 2997 1787 8217 1308 7471 8431 7044 5014 3292 2700 4184 6721 7353 8175 2190 1952 4130
2500 6370 4709 6494 7573 7527 6030 6078 3120 3760 6187 1368 4456 2539 1903 8337 1540 7328 7938 7530 5067 3570 2401 3520 7163 7038 8125 1733 1832 3789
3083 5942 4175 6722 7705 8183 5393 6332 2335 3787 6052 1625 3859 2518 1955 8304 1873 7039 8541 6904 5871 3680 2521 4186 7420 7474 8124 2224 1258 4093
2378 6259 4075 6721 8063 7557 5729 6460 3189 1882 6656 1284 4264 2764 1995 8422 1744 6942 8103 7273 5837 3695 2316 3556 6664 7046 8199 2273 1192 3938
2787 4271 4651 7095 7899 7420 5811 6836 2534 1919 6690 1638 4533 2719 1576 8764 1919 6905 8664 7210 5176 3288 2465 4293 6803 7623 8631 1842 1647 4007
2628 4014 4057 7087 7897 7486 5278 6656 2982 2347 6419 1507 4506 2334 1720 8233 1845 7050 8325 6952 5808 3082 2437 3574 6761 6730 2791 1886 1776 3916
2903 3927 4718 7036 7748 7716 5516 6184 2480 1541 6672 1953 4341 5026 1381 8070 1841 7046 8117 6991 5858 3317 2377 3838 6831 7061 2411 2446 1927 4299
2741 4407 4035 6821 7417 8085 5455 6871 2924 1553 6771 2039 2207 5770 1731 8630 1605 6873 8495 7160 5752 3005 2243 3556 7153 7365 2520 1759 1530 4245
2818 4773 4175 6828 7224 8066 5611 6273 2488 2074 6038 1977 2253 5689 1551 8714 4228 7177 8135 7580 5868 3485 2613 3517 7032 6998 2543 2115 1285 4108
3163 4592 4574 7192 7794 7900 5736 6841 2891 1932 6180 3870 2840 5245 1946 8773 3524 7370 8080 7493 5770 3172 2114 3429 6874 7256 2815 1858 1290 4259
2876 4374 4667 6927 7936 8125 5437 6454 2510 2384 6063 4176 2396 5008 2178 8176 4013 7390 8754 6991 5135 3760 2175 4077 3454 6915 2736 1783 1691 3960
3001 4769 4312 7206 7443 7835 5447 6416 2925 2202 6442 4325 2869 5072 1833 8803 3780 6708 8446 7477 5714 1552 2026 4213 3667 7399 2995 2337 1177 4617
3071 3951 4060 6755 8057 3344 4247 6136 2778 2165 6705 3969 2412 4979 1890 8686 3772 7146 8720 7174 5307 1717 2559 4278 3885 7490 2650 2403 1993 4545
3118 4182 4570 7055 7973 3459 4469 5970 3169 2143 6554 3932 2559 5785 1992 8437 4057 7490 8391 7506 5192 2101 2670 3819 3312 6850 2765 5361 1625 4484
3027 4062 4204 6753 7323 3705 3742 6028 2665 1540 5924 4383 2286 5346 2108 8841 4164 6976 8340 7219 5269 1887 2323 8462 3505 7512 2825 5284 1430 5202
2555 4695 1938 6634 7717 3071 4214 5757 5937 1810 6135 4174 2779 5154 1840 8568 3398 6701 8424 7348 5443 1879 2496 8390 3375 7396 3024 5408 1992 4823
3060 4677 2596 6516 7330 3526 3974 5728 5696 1908 6346 3787 2260 5436 1944 8338 4039 6923 8150 7180 4976 1567 2368 8311 3856 7085 2553 5253 1563 4767
3481 4334 2070 7074 7326 3320 4030 5738 5522 2252 6196 4380 2248 5191 1742 8760 3480 7577 8172 7205 5372 2167 2503 7932 3783 7021 2794 5176 1236 4668
3577 3999 2086 1757 7802 3686 3926 5680 5422 2409 6386 3571 2113 5101 1508 8325 3392 7432 8032 7389 5461 1662 5568 8018 3818 7624 2884 5409 1181 4916
10 3 18 18 60951 0.922428590928899
11 27 28 5 77864 1.0885341759846958
6 0 3 9 30150 0.9265573397894437
21 25 9 7 67602 1.031091921991009
16 29 19 20 28343 0.9651643028476673
28 8 11 26 77080 0.9502006871821369
13 9 24 28 55919 0.918220851585015
21 3 5 6 72081 0.9311175964977247
7 24 27 8 81386 0.9204576903800217
5 10 12 18 41825 0.9612089580849389
25 7 16 25 71528 0.9296056481223698
13 10 27 13 38317 1.0370256352703713
23 14 9 26 55438 1.0731931299059174
7 8 28 12 54071 1.0793905891297388
5 20 3 4 56435 1.0541512036000389
20 14 5 29 55590 1.0664455143951352
15 29 10 1 88254 1.0109390644194538
4 29 16 12 68609 0.9530405598986431
8 20 9 7 38313 0.9804701828977294
5 19 23 25 71761 0.9050914427637482
3 1 6 10 36975 1.0783624504640972
23 1 23 12 45606 0.9285333258428774
20 26 27 5 65794 0.9150672383370414
13 29 2 10 66626 0.9000700994470651
3 13 2 26 30501 1.0910037066620843
6 4 3 12 32415 1.000733120071108
27 29 12 22 42522 0.9070723218625033
10 15 1 8 36235 0.9541081958095234
17 27 4 28 24592 0.957903560493057
3 28 18 28 23702 1.0686650403159552
2 17 25 17 61237 1.0397574555281104
3 28 20 2 80487 0.9355826029325732
26 10 1 17 69818 0.9271730761181475
13 4 24 18 71770 0.9030743837429794
4 26 29 14 79999 0.9719748344679416
21 19 11 0 69714 0.963036773177144
19 27 9 9 52228 1.0425634474663177
29 3 13 24 76049 0.9713155512144029
22 18 19 0 53217 1.0827038336196217
16 29 1 15 61706 1.0573578817931997
19 5 26 16 42976 1.0762183426485672
18 15 10 3 49967 0.9888220337453424
20 28 26 7 64444 1.0841296972138823
17 29 28 20 41758 1.022325917152092
28 6 23 23 48556 0.9579395369926977
10 8 11 28 57642 1.053887003263955
9 9 1 21 42316 0.9913897247485968
24 28 1 17 65240 1.0957148378873105
4 8 4 26 54451 0.924495384713437
8 8 5 22 47151 0.9496390866159021
25 12 6 22 63516 1.0221431908061407
21 1 11 7 51565 0.970726853268384
25 26 7 15 62519 0.9517330805776456
19 5 28 11 30962 0.9407211331589178
27 15 10 9 45066 1.0846168333783495
13 6 29 12 49400 0.9816550694933018
9 24 4 8 55649 0.9589084819370994
10 1 27 29 93237 0.9421744009560797
22 28 0 26 43067 0.955969853250394
13 12 27 28 56313 0.9579460170817476
0 15 19 8 48658 1.0089005964221065
3 8 27 2 73932 1.0630783058469644
0 21 5 6 54794 1.0309535857479255
5 11 15 25 58756 0.9081546086762395
14 1 20 18 62569 1.0406862304162678
14 1 3 10 60562 0.9495846484908579
4 14 5 3 44644 1.057121144049361
29 22 22 7 54604 0.9936859400894968
15 18 16 27 36621 0.9776391174617691
15 24 22 7 62089 1.0734094712495172
0 10 13 28 66430 1.029410982355869
1 3 16 10 60134 1.0072963352697852
11 6 10 25 60871 1.0495917882482908
23 24 26 12 38931 0.9361662719329757
23 9 4 15 49797 1.0932761408545004
3 6 20 14 47376 1.0009465764023315
5 27 9 20 26735 0.9727120626298429
25 10 0 13 60181 1.0692833290485777
0 23 17 2 84161 0.9873928592132896
16 13 0 8 42462 1.0692401517217902
3 20 26 12 68451 1.0803313885946397
15 21 6 11 43242 1.0559593789120014
5 3 2 25 66965 1.0035920257965516
25 28 3 23 53492 1.0253894576676528
29 28 13 5 78585 1.063318422066261
20 20 0 1 85704 0.9093957391403337
4 13 19 27 56558 0.9850914508034584
24 7 19 28 58257 1.0382312716415008
15 15 11 24 39910 1.0181448787750855
25 14 27 0 46222 1.049776639072378
27 23 10 7 67750 1.0099854233327998
18 18 15 29 39471 1.0498409678878973
4 23 7 0 73779 1.0460956443500606
6 13 11 3 45537 0.9872703389105769
18 1 20 9 22440 0.9802557630536608
14 4 3 25 79158 1.0291164378649582
25 5 23 13 41050 0.9448704300080022
8 16 6 8 29543 1.098281775389369
4 19 23 1 90239 1.015760251425042
20 15 25 7 41829 0.9117733932562069
11 2 0 2 43888 0.9026800903193332
10 5 1 20 57460 0.9098056693908735
19 2 3 19 69212 0.949020043933118
7 0 14 6 44931 1.081646953488771
22 6 3 24 84691 0.9322741705688582
5 18 15 3 75503 1.067281992421515
8 25 27 13 70747 1.0173776164440678
17 7 9 1 46897 0.9094280046938313
23 4 29 19 58071 1.0602271062872428
27 26 5 14 66560 0.9085151079794183
27 25 16 2 77120 0.9512111176761859
16 24 15 15 42977 1.0237125356210208
25 11 17 29 60798 0.993466879456052
5 24 11 20 33234 1.0735784363808154
3 4 1 29 63686 0.9900766185149952
14 26 14 15 29769 0.9017668463408229
0 3 6 9 37198 1.0548128393405116
26 13 20 19 38697 0.9507318537078526
23 18 19 9 35000 0.9585828613332565
9 6 9 21 38313 0.9154884480874661
24 14 27 7 28095 0.9694835148541641
7 9 3 22 43133 0.9882713585676098
24 23 25 11 40614 1.0404781995058625
24 20 1 21 62964 0.9498273762098616
7 7 18 3 53482 1.0999825291315874
12 12 24 21 46165 1.0645372225072425
27 29 10 8 71438 1.0786448230482872
2 24 27 14 64669 0.9395696832769271
6 0 27 18 82403 0.9851979995608542
22 24 5 28 43917 1.0709914336738449
19 5 1 2 67352 0.9591351450003484
8 13 27 17 45926 0.9787871320530698
18 9 27 18 36834 1.0577649256610182
2 7 21 29 83027 0.9204895292316336
8 14 28 0 75024 1.0009536475691359
14 21 21 17 36468 0.9458223820255807
8 1 13 29 84396 1.0514265425125364
13 26 4 24 38068 1.043195490043534
25 9 12 7 35378 0.9702334495489439
17 3 8 25 89220 0.9439907557049722
3 10 7 20 35480 1.0108503319212685
16 14 3 28 56296 0.9009920705349277
14 13 7 8 25411 0.9794142083095909
3 20 12 26 48421 1.0300829488466867
11 18 1 0 72237 1.022955604084117
9 10 22 23 53268 0.9248189038592561
13 22 10 12 31676 1.096649963696845
24 18 29 26 32993 1.070582921796762
1 21 23 12 61095 1.0166081860135723
22 26 28 21 27124 1.0166542705891435
5 22 22 11 62462 1.084486047402672
12 20 28 14 49925 1.0129319502156373
6 17 4 28 42658 1.0402130863786057
0 10 28 26 84105 0.9094149953613768
14 23 15 9 39523 1.0797494073153329
13 1 2 2 40951 1.0747324800851168
28 19 1 29 69190 1.0428939448340482
11 19 20 26 46244 1.0353647475875705
4 19 15 21 45859 0.9473080045445914
24 24 29 4 57575 1.018137759044282
29 7 24 29 59994 0.9957285191873868
5 27 13 23 27093 1.0255491842962063
28 4 8 9 57636 0.9973950411203526
2 23 15 3 82561 0.9750434461773159
23 27 6 24 48109 0.9101696609210888
10 19 19 22 30870 1.0226568509132727
15 18 9 29 45992 0.9255981533749623
5 14 4 4 33790 0.9885497723744227
10 0 17 10 51197 0.9086327472208502
9 0 15 14 49932 1.0625191987383882
15 29 13 10 58226 1.0100754384070165
25 20 4 11 64948 0.9651042204145149
1 18 16 4 81567 0.9924832923835001
12 4 11 25 84083 0.9006930611541266
21 3 13 8 38580 1.0528493443836116
4 6 7 26 69578 1.0243831313543446
2 17 25 12 53432 0.9961753643054794
15 0 18 16 47199 1.0097896497948753
22 1 21 13 41161 0.9423186116439757
19 28 11 23 29894 0.9975554203251271
15 26 9 22 30970 1.0757711653842321
26 9 0 18 65502 1.085701717893258
1 9 23 4 73748 1.0476552701450892
18 7 26 1 47671 0.9264171463781348
26 2 19 28 73576 1.020639869206243
8 28 5 21 28918 1.0802212981728163
27 21 10 2 79067 1.0532842135423945
11 5 6 23 67389 0.9312376231486996
14 8 29 4 46625 0.9679570009161671
22 29 13 20 41544 1.0954883992506848
19 23 10 11 37484 0.9469261683240976
16 0 27 14 52644 0.9966262419477754
29 28 15 3 89754 0.9316929896002228
12 28 6 20 36229 0.920324449172503
11 17 0 9 43914 0.9682278156603468
29 6 1 4 85768 1.0086396267303548
19 25 15 12 38405 0.9930741950086248
10 0 24 5 59506 1.0199745811981986
24 19 14 10 48722 1.0072327137147035
5 16 29 3 69777 1.0418462526487215
27 29 16 6 74856 1.0581442969255188
18 7 25 21 47866 0.9846072442009803
26 18 8 15 54474 1.0812759356285424
8 8 19 22 46883 0.97126254403396
8 1 20 15 63416 1.0551893732017517
5 13 28 7 58965 0.9265192235096241
14 11 24 28 49289 0.9951662621491779
7 4 15 8 33761 0.9789519009393098
28 13 7 7 57934 1.0520572284739225
19 7 20 19 30986 0.965101470694844
23 26 14 0 76737 1.0912727392055042
26 3 6 12 75534 1.0143503862550483
26 28 8 20 52752 0.984753545661934
21 7 8 11 32895 1.05179500431408
10 6 12 29 71843 1.088266328370968
13 25 8 6 60130 0.9268056910001498
16 11 28 15 31027 0.9078875699769459
18 7 7 13 41538 0.939227113811705
8 11 19 28 50709 1.0744213848279034
19 28 12 10 50068 0.9196110574983116
6 3 10 28 78122 1.0644924674745209
2 18 27 19 62631 0.9641483359452463
14 14 16 4 45996 0.9136608511142565
16 4 10 29 87251 0.9346747219658277
15 6 13 22 48750 1.015750366824121
15 16 2 18 24388 0.9457242957033865
11 1 21 19 75865 0.9177945518470931
16 9 20 27 42347 1.0710743456364835
12 25 18 2 73026 0.9881390342230318
28 21 15 19 44066 1.0082556159887162
20 26 2 6 76583 1.0810615046891026
13 29 19 7 52986 0.9402779073585434
17 15 19 26 32154 0.9116284132598421
7 4 17 19 70389 0.9832402632773838
4 15 2 7 30186 1.054397759441092
2 15 10 27 43582 1.0596811412219083
18 9 24 25 46484 1.0845428024643697
2 8 26 25 89862 1.065939999370853
18 1 0 1 55151 1.0119876211338648
25 21 2 14 57014 0.9330283350138944
6 17 12 2 59996 0.93981922570548
3 17 19 1 62405 1.0159517331912313
24 20 20 26 28152 1.0728642516652303
10 8 21 9 27450 0.9308183993066156
5 13 24 27 66488 1.0479250719167004
10 27 5 22 23785 0.9741107721260093
2 28 18 18 56818 1.0990202860519125
3 22 17 5 81635 0.9432308680612137
21 10 27 22 39763 0.9199980734060255
8 6 24 19 71097 0.9110142799144355
17 15 1 15 34687 1.097749504566299
1 0 9 7 42075 0.9464201630393452
1 3 26 2 93661 0.9597036105882563
22 0 14 12 43398 1.0234949243781177
14 7 24 4 48973 0.9030519131510051
6 4 5 16 42335 1.0091107882441455
13 26 22 19 51044 1.0871937719230593
7 17 18 15 27843 1.012289503355874
24 6 11 10 49795 1.0842722234614965
14 24 28 17 47719 1.0974901874794107
19 18 13 11 23332 0.9345423365206733
24 17 27 27 35779 1.0668795977743328
29 9 16 24 66142 1.0171442627529639
27 4 1 8 80156 1.0601043571461668
1 0 10 17 61421 1.044265338767728
23 19 3 8 69711 0.9150064394941515
24 10 6 16 53356 0.9875732825068335
8 3 3 19 62595 1.0547609624351069
10 28 16 14 45708 1.0648434142055558
4 18 8 28 48469 0.91575586447489
4 12 12 27 58568 1.0435091077733287
12 11 6 23 44134 0.912431695012251
3 27 26 14 69770 1.0479259252571025
28 27 1 28 50671 1.0584815963027323
16 13 11 22 35364 1.0625195659363753
19 18 4 6 58410 1.0809997982163366
14 11 0 16 33415 0.9197785195854611
25 1 27 19 49131 1.0180013904621503
19 0 10 28 69496 1.0024600497073601
25 5 6 22 86768 0.9970703478872873
13 19 15 6 41675 0.9007195676049462
26 26 24 5 62919 1.0532190233239462
2 12 9 20 31773 0.9141871205193752
10 0 9 21 58950 1.0396167652329211
2 29 16 11 61496 0.9117062462124935
25 28 27 12 38232 0.9161085517460542
1 11 18 2 52983 0.9853092184519161
19 17 4 21 48682 0.9125738475834717
25 14 19 27 37087 0.9165945490250486
10 21 9 4 47084 0.9581244639828308
20 10 9 16 34001 1.0440835372733142
0 20 22 7 72221 0.9354543813476985
5 10 26 6 66708 1.0801416906938233
20 8 7 22 56241 1.0636710914164749
5 15 12 12 26961 1.0146712994412794
17 0 26 27 80494 1.0892474848570264
22 16 12 28 45148 1.0591549270689584
3 16 24 13 46407 0.9715535809754551
7 4 29 8 68592 0.9644318326750692
21 5 11 27 68490 0.9310746356084275
10 6 17 2 43082 1.0654869230288384
15 8 29 19 58878 0.9833480207217563
25 14 13 15 26420 1.0153128977084704
27 17 11 24 56093 1.0136316854595067
12 14 4 7 39726 0.9173280426586975
16 23 24 6 63515 1.071816658809974
13 25 20 12 43855 0.9623180566882612
26 3 4 2 87034 0.9079189958556635
21 24 21 6 52847 0.9779145762031723
3 29 25 4 104043 1.0904454368280463
6 18 14 6 50423 0.9933084309798839
12 25 6 6 74844 1.051353003210366
28 14 14 26 54012 0.9681137466621604
13 29 3 7 72673 0.9662127876738295
0 29 23 10 89373 0.9678349896203167
8 0 13 15 55887 0.9889228451750691
4 18 18 16 34035 1.0876558164978973
16 10 24 4 47454 1.091186093886064
20 17 17 9 26172 0.9383628243402261
21 24 6 0 87091 0.937387237820636
1 26 15 29 40902 0.9233292517180861
8 16 9 28 32946 0.9616889687723774
16 29 21 14 43486 1.0708557074117042
9 21 5 12 35357 1.0044242363294256
17 5 26 26 77406 1.045937666945819
11 8 7 14 24114 0.9503708613064237
11 20 28 18 57083 0.999104228062337
25 22 23 2 63714 0.9296125542500935
26 24 9 11 60546 0.9017552670801137
24 15 17 8 33995 1.0507124246264188
19 2 10 28 65325 1.0452418949354714
15 17 10 25 38831 1.0584538403695276
20 11 7 27 58172 0.9408256959433714
2 16 26 13 54349 1.0762396232823996
1 1 6 7 44851 0.9600901648487629
20 14 11 0 52235 1.0989897494742418
19 20 16 6 44195 1.0956853759653489
0 9 3 21 38638 0.9832826262563541
11 20 16 3 80856 1.0213493691686764
17 2 18 23 52732 1.0685273515402822
5 24 20 13 62768 1.013427960932749
19 18 7 3 55755 0.9691043494253411
1 10 21 1 67062 1.0864766125631646
4 6 13 10 39416 1.0146912952035279
22 18 7 26 68351 0.9798628732607326
5 24 3 6 58703 0.909207790603116
5 21 16 28 39693 1.0659206654369813
29 26 26 18 29968 1.0824303470070589
16 0 24 28 71335 0.9262291396127234
6 12 24 26 68319 1.0048553057156042
11 13 21 12 27225 1.03577772081543
0 8 11 9 35198 0.9656621806090173
0 3 22 16 76489 0.903571309017053
12 10 17 4 46226 0.9051457863293366
17 0 3 4 47484 0.9862033062469419
12 20 27 25 50771 0.9784519167795355
2 1 16 12 60253 0.9294597745379422
14 7 3 25 62095 0.9192709757591494
28 8 16 22 52091 1.0758579477951813
17 23 29 18 45253 0.9720786933364935
10 13 28 27 61611 0.927476473189778
28 17 20 21 25833 1.053446536324387
15 2 28 9 49420 0.9658540261144402
7 2 11 17 50155 1.0899667949263763
29 5 14 10 42054 1.089432129789933
12 3 2 23 76927 1.0521117516593161
8 4 17 14 41558 1.0604518152221676
24 21 26 3 57971 1.092546911683579
21 24 11 1 85707 0.9265285265805309
27 6 24 20 45935 1.0858912060453625
29 9 3 15 63830 1.0641829376300989
4 0 5 23 70258 0.9143309774764294
1 18 21 26 67497 1.0984464144830839
22 17 7 25 66388 1.0223708367564073
8 3 18 18 64411 1.05570970849318
23 8 28 0 42210 1.0058209763364934
6 5 12 0 32268 0.915042609854951
19 2 17 14 27562 1.0223556983096653
9 5 3 0 30550 0.9158154937163769
13 1 3 28 97270 1.0827351464340687
5 19 24 4 90836 0.9397710304424765
23 4 11 5 69102 1.0108551808590094
8 29 0 20 39142 0.9654739245925278
10 0 10 17 50335 0.9460194087113666
3 17 29 11 63534 0.9538958066496519
27 25 26 13 31714 1.0688820985233236
3 23 11 16 32335 1.036471546004321
10 4 3 24 69446 1.0000335701858714
2 27 25 3 108106 1.0885803137037957
16 20 28 1 78814 1.0567009988389495
12 14 5 24 46445 0.9314450305838833
27 16 19 8 32743 0.9840777217112088
12 3 15 27 82282 0.9133332083840772
11 19 10 8 40234 0.9504421971914354
8 10 19 7 31870 0.9471718791100154
28 25 10 9 68502 0.9507727832250998
26 16 7 21 64704 1.0122996420860346
6 1 25 18 95792 0.9978432453800843
22 1 5 10 64290 1.0475568816347416
26 22 14 4 72413 1.0694252006321452
24 22 10 3 71745 0.9139487078831668
8 9 29 4 64188 1.0062970761249215
9 17 2 13 19865 0.9316764865450256
17 26 13 17 38658 1.0099146603719626
11 17 14 0 65485 0.9960232956945871
12 15 27 25 57667 0.9087359342637774
19 0 10 1 27487 0.9022302031509032
21 4 19 17 35467 1.0348084097798558
0 24 26 27 62715 1.0865298089068942
12 7 28 17 56441 1.0934595785982317
3 13 13 15 27209 0.904103070827441
5 13 18 11 30342 0.9623279170754456
28 25 7 0 96758 1.0267586625364487
25 27 5 25 52614 0.9392066214195054
26 24 8 11 62284 1.066079744718048
0 2 15 24 92323 0.9282149207231594
18 15 21 6 30693 1.0314926779313556
20 8 6 3 55881 1.000661838049614
15 9 27 9 23599 1.0838013898326893
9 9 13 17 26502 1.0181028070973523
25 23 13 23 37502 1.0735455013225494
12 25 19 9 54752 0.9334685238822696
12 11 25 24 52622 1.074467442075559
21 13 23 4 36049 1.0655673153625806
7 27 2 6 66764 0.9244521241054405
13 25 22 16 44984 0.9445501229311685
11 15 21 25 55360 0.9680359234521339
4 2 24 14 69643 1.0792780900776116
9 7 22 1 58020 1.083986904484508
2 25 1 11 35046 0.9620878497802972
26 24 19 6 54815 0.9590392842466748
15 1 5 22 89303 1.019603458818557
11 11 22 23 47588 1.0204565081969572
27 6 20 24 64337 0.9191515556769981
26 20 11 23 49629 0.9964278127827212
26 15 8 26 74114 1.0192205862053605
19 20 12 12 31784 0.9607802964777702
16 15 3 3 56137 1.0894611612835792
13 28 21 2 69524 1.0304699874416243
28 17 20 23 36061 0.9787662931457831
9 19 21 22 36586 0.966197627080285
4 29 15 3 101485 0.9848721618571269
5 8 26 20 74968 1.0396433380249235
27 13 28 2 25182 0.9690853181539012
21 18 29 22 35187 1.0886886221008132
10 24 1 10 57017 0.9821688797796542
24 29 1 25 49103 0.9636398362822152
5 2 28 25 100385 1.0684432886160182
9 21 12 2 61849 1.087122772362043
16 11 6 19 42843 1.02491160929929
2 17 7 25 32330 1.0744890045624835
20 17 29 26 48886 0.9683695394703018
6 7 26 11 64995 0.9457184043833744
4 22 21 16 53764 0.9310491326234217
4 3 7 15 45577 0.9160235173195151
19 24 28 1 69256 1.0875095707546785
28 6 20 28 60112 0.9926696176957159
15 9 0 5 49406 1.0601229049430656
8 15 19 27 45244 0.967556098124654
13 13 4 18 34786 1.040341424866728
8 24 18 4 76212 1.0096306557183612
0 22 3 9 36462 0.9807562224709431
7 14 29 6 59214 0.9119255723707781
22 21 10 4 64029 1.030764067731776
8 29 21 18 57628 1.048029389254994
15 20 24 13 45766 0.9958607862616851
2 15 11 20 32646 1.0601821001009348
20 19 6 3 71497 0.9184431939537913
6 22 4 1 68120 1.0418964743560442
22 14 23 5 36928 1.026420088325313
15 9 8 2 38393 1.0274980301413317
16 17 4 22 46415 1.0429808448524445
26 11 11 22 60141 1.0831750179859803
6 25 9 16 36406 0.951528859358444
14 14 28 21 40410 0.9258877339403612
10 4 8 17 42495 0.9370996770626713
12 18 28 16 50225 1.023003722985477
22 26 14 13 42009 0.9398555004032789
2 20 16 12 46128 1.0610240414325687
2 2 19 15 61885 1.0016244534561702
14 6 25 0 52571 1.0031850284874968
0 4 25 19 98236 0.9778552692986757
5 11 1 0 37208 0.9505336487416555
28 8 15 13 41513 1.0486214305990837
2 5 14 17 55740 0.9996091859213265
7 7 27 13 56258 0.976506517384214
18 22 6 16 38158 1.0446368046031087
2 28 6 16 31209 1.0535159762728639
15 18 22 24 49781 0.9198237622468483
9 5 1 29 70197 0.9428713885603721
10 27 16 21 30472 0.9605504557944698
16 7 8 9 33802 1.0540576343680517
18 2 2 10 55536 1.0624997795019115
26 1 6 10 76153 0.9865453963016606
15 0 23 7 42698 0.9833907158059427
3 23 12 1 83942 1.0654260328197165
27 20 12 19 49336 0.9734794736907602
14 7 22 19 51323 1.0075731787352828
13 21 25 10 56624 0.9524028245204712
16 7 6 17 52672 0.983274430890175
9 13 12 4 43378 1.0927745190707374
17 17 9 3 52992 1.0321975506625989
3 27 17 28 26522 1.0741923319194702
11 26 26 14 60575 1.0407778776731043
9 7 7 29 59359 0.9130794410421211
2 26 24 1 101459 0.9203169931474394
27 26 17 16 44276 0.9980942090959262
12 21 6 12 41298 0.9594733209835602
13 7 4 1 53874 1.0600521610021023
24 4 16 29 84276 1.0301745360205727
18 2 8 27 75404 0.9454228381957441
12 3 22 6 60255 1.0323350431933853
20 29 25 2 81407 1.0194137175820241
2 3 14 5 61130 1.0750970534953213
21 17 8 7 50520 0.9148772147823441
8 13 1 26 47402 0.947416631318541
3 1 3 20 53622 0.9088186996967212
5 2 11 29 89307 0.9481489663598425
7 2 24 6 72961 0.9666642133030914
8 29 25 3 101615 0.9549404443024296
11 4 1 23 72425 1.0906620435837406
11 27 6 18 40924 0.9199957507293719
14 7 9 19 38394 0.9267304843424121
18 1 9 18 57891 1.0477409276433085
9 9 1 18 40105 1.0779741644743268
25 18 26 7 52166 0.9152829336400905
0 27 8 16 36958 0.9783883518322848
26 29 23 12 51601 0.922707513315071
23 3 6 14 66081 0.977356502252688
22 23 11 2 81107 0.9428995775351957
21 3 2 7 69233 0.9094979382599838
23 19 3 18 66270 1.0439297375904242
0 7 10 8 31843 1.0044135356637953
0 21 29 3 90341 0.9709484936352403
0 28 29 3 105229 1.0393559685134497
4 7 23 26 82957 1.0556862727422889
7 1 22 0 44095 1.0950769249010623
1 3 24 20 92747 1.0733130443955858
8 7 20 3 51788 1.0319055949272373
0 12 27 18 65132 0.9481499151971442
19 11 22 0 31738 1.0048386864140806
23 9 18 29 51252 0.9964420944383205
14 5 6 26 80191 1.0045446839407628
28 15 23 2 42001 1.0556310377664395
6 11 18 14 26450 1.0683713304900073
16 12 25 20 46308 1.0805414257047572
10 6 22 10 42716 1.0822265384503011
25 11 25 28 48156 0.9281826382166416
23 26 19 19 25362 1.0809800061582329
23 25 14 6 63304 1.010290019645347
11 3 1 3 53729 0.982898566125735
13 4 22 6 49157 1.0561884571310831
18 28 11 14 41743 1.0699734628010575
25 22 29 8 41475 0.9540686126950021
5 25 25 23 66540 1.0294766093687464
28 3 3 13 66655 0.9954180574284439
26 24 9 13 58402 1.0395168953005895
19 18 11 25 41745 0.9726527826542404
18 19 6 13 42971 0.9597740973314393
17 3 13 28 72304 1.0134957235556652
22 6 20 19 45567 1.059816905961174
23 12 28 7 22379 0.9454530346857057
2 29 10 2 77876 1.0175293079080867
14 6 6 16 37658 0.9357790969875709
9 12 25 20 56382 1.0696877090198276
0 16 15 23 44205 0.9181748872267667
9 22 6 7 50769 0.9059143557215624
3 20 10 27 38068 1.0757764132203782
7 18 19 7 46016 1.0619801364866093
11 26 18 4 74833 0.9208858346990755
27 1 16 28 82748 1.0958856081027928
12 6 26 0 66248 0.9597175165237485
28 9 15 18 52021 0.9504096773590669
23 24 4 13 63107 0.9493513874447084
6 12 12 29 61409 0.9496771295442927
13 9 5 15 33509 0.9538041753828167
25 15 8 12 46138 1.0606174911866308
21 25 28 11 54249 0.9098261914007125
7 27 18 3 78029 1.0031161644054132
12 3 3 14 57892 1.0319294007708337
0 22 5 4 56819 1.076076515374745
25 18 4 18 73820 0.9974979687886938
1 9 24 3 84645 0.9145314387281438
12 0 14 29 85542 0.9763220296783687
2 12 8 0 45133 1.087137647971213
22 27 10 27 24220 1.0777246567095002
20 12 24 22 32868 1.0616271113096216
22 4 15 8 37023 0.9358958910436224
27 25 12 28 29156 1.0507327752483344
4 22 1 1 69708 0.9328635161375395
19 27 17 0 59150 0.9746374703369143
20 8 6 7 45416 1.0949479428498468
17 18 21 28 39076 1.0261001459734398
29 5 15 18 63839 0.9735723583439028
27 18 20 24 34113 0.9447884056717925
4 27 27 1 106495 0.90791483411797
15 6 22 23 61293 0.9698202680494571
24 20 11 24 45812 1.0817150287358843
27 5 15 11 41692 1.067402023972165
16 26 7 17 51833 1.0877784784192834
17 11 19 21 22867 0.9950852441729829
6 19 23 19 64254 0.9853753158812828
8 8 27 14 48048 1.030073828172915
9 12 9 28 40841 0.9994414379836698
29 28 13 20 44621 1.075339633335908
20 29 1 21 53797 0.9314934217952807
6 10 21 17 47650 1.0088256470688017
28 9 1 17 66960 1.0210371582988227
22 14 8 15 27702 1.0655252077226844
2 29 17 9 69347 1.0639306594282487
12 10 23 13 34525 0.9916323779320753
17 10 29 24 58973 0.9705108579181768
6 23 21 26 46908 0.9087830960644968
7 0 13 5 37982 1.0384955134011575
27 21 26 8 37751 1.0964202599489588
13 3 24 4 63060 0.9881530743763682
29 25 14 17 58569 0.9253283403226277
28 9 20 26 54342 1.0751708627863934
15 23 4 18 49690 1.0762644500285523
0 9 24 3 83163 1.0834696199092546
10 16 26 22 45402 0.9920961121925921
28 28 21 21 27011 1.0141754862270604
12 0 9 25 74837 1.0811264014115114
4 10 14 6 34607 0.9257150014674606
1 26 25 5 103927 1.0106689409543606
10 12 21 25 56527 0.9752743191260758
13 22 5 18 40089 0.9121259000792149
7 14 13 29 47655 0.9172297955350649
25 6 20 17 51172 0.9441977333105712
18 7 5 4 56052 0.9258405764914864
14 23 3 1 74833 0.9086332351704738
19 25 1 11 57264 1.0519312089434183
7 12 29 25 74245 1.0312703939193577
9 25 15 29 22078 0.9021561926401466
9 9 25 18 63402 1.0992907198972737
18 22 27 9 43444 0.9299740691782391
5 10 27 0 76365 0.9775121827143616
27 19 19 26 31932 0.9114142830028414
4 20 1 5 63884 0.9536231099477251
19 17 8 3 54089 0.9976397737803239
3 22 6 0 64857 1.0339839918836369
15 6 16 27 64309 0.9346065100631457
27 25 7 29 40425 0.921442672936948
24 14 6 27 60133 1.0069639692888201
14 19 28 0 77944 0.9591479280455888
12 6 5 1 50196 0.9944839750820251
14 3 18 9 36023 1.0036107229571831
18 5 20 16 33675 0.9113533452093834
5 12 21 5 51096 1.015892841475512
18 8 18 22 32128 0.9418710287206534
3 6 12 12 33784 1.0707890648015026
21 29 23 11 55031 0.969576098180876
15 0 8 6 39386 1.0908234720363688
0 25 28 4 93794 0.9737198610540306
27 6 1 13 70803 0.9841740491732863
24 8 3 21 72277 0.9502463588339927
25 26 13 0 84705 1.0937195580252903
19 4 1 6 65741 1.0219113976806047
0 5 25 26 97164 0.9602657195314799
26 15 21 24 45643 0.9200236069229892
20 20 23 3 59946 0.9459221617143454
27 28 14 23 34166 1.0888843377055781
18 14 5 12 33561 1.0571265938010095
29 3 3 1 84537 1.0110837925621117
12 23 2 18 37307 1.0579474713561046
25 14 20 26 37975 1.0480366303807371
23 29 26 21 27332 0.9832074735241361
12 21 27 8 65907 1.0960904118057448
21 24 3 6 74697 1.0218081708639253
28 18 12 8 53377 0.9324193554400276
9 11 14 3 41310 1.0135567256074696
9 18 24 15 43324 0.9778722290091237
23 6 24 17 52646 0.9886470489302417
1 21 24 14 56499 1.0410875657258565
6 7 23 14 52339 1.0362079972118048
12 10 11 21 42413 1.074067495294847
6 26 17 3 93478 0.9680355148949884
7 25 10 2 68959 0.983148323697081
3 3 10 7 35654 1.0171191461782332
3 13 12 29 60615 0.9145711905882553
5 21 17 10 56848 0.9496220284384405
14 13 6 4 40719 0.9765344540303453
1 29 21 6 85716 1.0107773897755457
13 29 17 17 47596 1.0704970684789492
18 7 12 17 43766 1.0671270486803186
20 6 24 27 57587 0.9141410465194738
7 16 22 0 62922 1.0519353258863382
15 10 13 24 43476 1.0576278453332688
3 15 23 18 57489 1.0364280029649662
11 5 15 27 77160 0.9012714638719355
16 19 7 11 46554 0.9694931249800363
26 19 1 9 79557 0.9601829908079992
1 26 6 3 79956 1.0918818046766352
25 24 18 2 63301 0.9207798213866947
8 29 13 12 57917 0.9149169932590617
0 0 24 12 78144 1.033908992593232
22 12 3 11 37218 1.0167864510871794
4 26 18 26 40348 0.9059050359932984
6 23 17 27 37327 1.063880894272166
13 13 6 2 47641 1.0037432441276053
17 7 8 18 54400 1.0498683880537887
12 1 1 26 94121 1.0663225094297613
20 6 3 20 66559 1.070063390926973
10 15 6 29 42425 0.908854588412545
20 26 28 13 45532 1.094359887449816
14 3 17 25 83871 1.0042842811809025
10 8 16 13 24882 0.9161813025217216
15 3 24 26 85104 0.9169675084250744
29 21 12 18 55935 0.9942759072518641
29 15 7 11 48964 1.0764520355066929
2 9 17 5 63103 1.0482777132858205
23 14 23 24 39536 0.9623648106108804
21 5 6 1 63270 0.9844102437931763
26 25 2 4 100991 1.094920773860178
10 4 28 10 56564 0.9753736990765832
27 23 12 18 54197 0.9483766913030474
5 15 23 12 43040 0.9394385735633881
1 19 20 17 52521 1.0415508848437214
22 23 23 10 51921 1.0862274412078317
3 2 28 5 80447 0.952296621014245
25 6 15 4 63539 0.981420701691734
0 28 18 8 78312 0.9029299266204007
6 8 21 0 58458 0.957041228418734
5 8 22 18 65941 0.9027665458496903
25 9 19 4 23006 0.993006230374109
6 18 6 0 61060 0.9552567768130286
19 19 13 2 58526 0.9708653672918104
0 20 27 22 69024 0.9809838905369549
4 28 3 12 42837 1.0322121313808463
5 5 28 17 83831 0.9654225153891167
29 25 15 27 36204 1.0802421828459396
3 24 28 12 77613 0.9666625765776042
7 18 19 21 38952 0.9156526308249511
7 25 3 16 32733 1.0415238229238686
18 15 4 24 58420 1.0722465045679668
14 18 28 15 38629 0.9450907546945527
3 14 10 22 33783 1.0719657416195572
16 29 15 5 78225 0.9967064999848643
14 21 11 9 41759 0.9145892027499345
24 7 12 25 76182 1.0496005621484876
16 27 20 2 60314 0.9979738437674692
14 25 23 7 61399 0.9526672366897504
18 14 29 8 36954 1.0390928103921502
13 19 4 26 45180 1.0394501246045023
29 18 0 14 73024 0.9675706148048708
10 17 18 8 38364 1.0358746845772302
1 13 25 28 70976 0.9841714093530667
9 20 24 7 64104 1.0396767110374985
15 3 5 17 69327 1.0283979747244785
7 21 1 2 67934 0.9106727444576297
28 18 16 7 54000 1.0927255501161734
16 28 5 21 39693 1.0208817044234966
12 15 11 4 47298 0.921528710383416
15 28 18 20 28013 0.90877629170681
25 10 27 19 30158 0.911678150710987
17 25 25 8 63299 1.0767402231415855
20 27 0 22 49945 1.0562996879005373
3 17 14 28 49333 1.0451724461859133
3 28 18 7 72212 0.9238907029143507
27 25 28 6 42944 1.0725344161754333
26 23 23 5 64932 0.909224051817152
9 10 6 27 50129 0.984431777993964
2 10 12 12 26941 0.9507673657940002
20 0 12 26 77729 0.9007055643765219
14 28 18 15 41830 0.9942333204843384
29 5 19 2 42495 1.079461245882372
5 4 25 27 97240 1.086368549606729
25 28 21 8 53020 0.9330419013723966
22 22 25 7 54017 1.095163861701528
27 3 13 13 58449 0.9609661940378121
29 23 4 13 74464 1.0025559194650415
20 15 5 18 48225 1.0519214246696043
7 7 14 12 26109 0.9478059225577053
28 11 3 22 71574 1.006283093006912
16 5 10 0 50603 0.9999274948387269
26 4 16 25 88301 1.0648207444178954
23 0 11 14 54374 0.9245179967362546
0 25 21 16 60934 0.9095128148840792
25 25 13 16 50831 0.9361159784293948
24 4 14 17 61362 1.0452809222017758
11 8 28 25 72134 0.9286418978877202
0 26 26 10 89836 1.0700845692784084
11 27 12 17 36444 0.9296485703352363
8 2 14 26 73582 1.071093994422064
2 0 16 8 59223 0.9724003304572082
3 2 15 27 84281 1.003257774245709
26 11 6 10 54817 0.9258136634451416
10 1 17 17 62170 1.0029575054511728
12 0 28 14 65262 1.0248253621392653
2 7 19 17 51983 1.061475129684807
25 11 29 0 41222 1.0683999732158012
13 8 21 2 37657 0.9683568321985014
11 5 15 15 47703 0.9725061039687013
20 29 12 19 44839 1.0593431394966364
22 18 6 1 84244 0.9535573561621852
28 29 22 21 27744 1.0541749958753037
5 29 10 16 43515 1.0392320549892453
7 24 27 5 87741 1.0350008001774942
4 8 21 0 64167 1.0992979290596971
11 13 4 0 50527 1.014126148853604
23 26 18 6 56614 0.9854996168721597
10 17 18 15 23122 1.0047633002054206
24 21 12 27 38889 1.014791409382981
1 26 12 21 44464 0.9809487924655518
25 20 29 0 61268 0.9658424372063694
27 20 17 12 37195 1.0952102744454693
29 14 26 22 22557 0.9162165372366349
24 28 16 2 71630 1.0066125820652063
3 2 3 21 50957 1.0394220779712502
12 1 23 8 52343 1.0378368438894452
22 6 0 28 92390 1.053869128396109
6 18 0 9 42648 0.9251481485531293
7 25 27 26 44394 1.0603549405640251
22 8 1 17 58739 0.9225520090505723
28 8 23 23 44354 0.9759031269768211
25 14 8 10 40877 0.9534463876519962
3 1 13 9 50030 1.0642877819582606
9 12 28 15 42098 1.0869616357949827
17 24 1 2 95353 0.9248423128250819
6 3 26 28 92801 1.068002254665893
19 29 10 0 81302 1.0017129494573689
13 19 19 12 27900 0.9285162492878519
21 19 2 25 65961 0.9214958738046494
8 20 13 25 28532 0.9270890829481598
1 11 23 19 64844 0.9686762032005852
9 19 0 1 67531 0.9548344931129027
19 5 2 22 63509 0.9747289361306022
23 12 7 4 53201 1.0259594301022534
17 29 4 1 101215 0.9096014467527004
0 27 2 16 28257 0.9487135953202567
17 28 22 21 24847 0.9368501729751577
1 0 1 28 78515 0.9901523374620278
20 9 10 12 24086 0.9754924829868814
6 15 2 7 35177 1.0727374902491054
18 6 20 29 54744 1.0472041010549509
21 28 17 14 32909 0.9685906761334558
14 22 25 27 39533 0.9567831647064784
26 15 23 0 60110 0.9146555176383123
12 26 7 10 59632 0.9361110023615921
0 22 23 25 64879 1.0073848905504617
8 3 21 29 85133 1.0943105719229564
3 12 28 7 56698 1.0799585035910328
23 6 18 12 29745 0.9324775829766077
9 3 5 22 57213 0.9311045909115483
10 15 20 14 20680 0.9861582777890546
29 19 2 23 74739 0.9579705244788965
5 20 26 20 69233 0.9456802914823158
28 2 7 28 88102 1.0032046212561274
8 15 24 4 66659 1.073020474821067
8 4 21 11 46812 1.0253055534456037
27 17 18 1 53441 1.0727355390911555
29 17 0 28 85131 0.9573994250908524
14 12 9 1 35329 0.9379153767216473
1 19 16 10 54798 0.9377071051844709
20 2 2 27 84431 1.0076466405652749
6 15 12 9 32477 1.0946394624610554
10 17 4 24 39243 0.9028331338811548
24 8 19 20 36852 0.9428154541290277
24 0 10 17 67095 1.0749067110144395
23 16 16 1 54869 0.9486448904442543
26 29 15 21 45880 0.984139968244047
17 23 17 5 58181 0.9524426023992041
25 19 2 24 71443 0.913843326168546
24 10 12 24 68264 0.9463737088526653
8 1 15 18 64968 0.9088789217028691
17 18 6 3 72712 0.9338770294394398
0 17 22 23 61129 1.0653465807016316
27 16 9 17 44577 0.9910672417660855
5 13 9 28 47116 0.9364768507882917
16 3 8 24 90789 1.069435543818422
28 18 16 12 38451 1.035784566136645
24 1 9 1 53497 1.0457672428176703
15 23 26 8 60230 1.0483338384037684
29 10 3 23 83511 1.0135750887594086
12 6 28 23 74994 1.0430930698546557
3 19 11 23 36623 1.0812672092978963
28 23 1 8 82856 1.0047294869332881
0 27 14 2 95500 1.0576594758575837
2 0 28 5 87486 0.97459895518627
23 25 17 0 70276 1.013952835129316
20 12 24 2 44790 1.081545267573036
18 1 20 21 46959 0.9186273144490373
15 23 25 9 52301 0.9931645931440679
12 1 5 20 81155 1.0512533368680077
3 22 17 1 82508 0.9627239372792364
7 24 17 24 43618 0.9023057670384296
18 17 12 27 41868 0.9230952436076391
10 20 11 8 39202 0.9684798996452744
10 2 26 13 70032 1.0155571575524172
18 9 1 10 40772 1.0403569192963056
5 21 23 20 53716 1.0184888200888997
0 8 19 29 75618 0.960290941154564
9 28 29 2 87141 0.9307731798495059
25 11 19 0 40708 1.0144466416860862
28 26 1 5 105962 0.99532970826429
13 26 27 9 65730 0.9552408189849401
8 29 0 25 27474 0.9804911689235712
0 10 20 23 61082 1.0903081622843318
18 18 25 11 39481 0.9170601153318586
11 0 14 11 42339 0.9642117592508832
29 4 21 17 49751 0.904102694455312
15 13 20 7 28511 1.0517071581663386
20 25 18 8 43435 1.089013463350064
11 7 23 18 62080 1.008467639538296
21 6 12 3 54808 1.064560598155767
20 20 15 4 62239 1.007159269358452
11 14 0 6 43687 0.9466837945445251
28 14 12 15 35654 0.9842671779175532
25 21 15 6 60136 0.9172322832307006
24 3 15 15 62998 0.9198968786109722
0 15 21 6 59777 1.0293600324460317
12 18 8 9 37104 1.008401717993724
17 20 5 14 47439 0.9579335279318563
3 4 11 29 79359 0.9917843057299506
3 5 20 25 76154 0.9806037736147806
26 11 2 1 84549 1.0775531723113108
24 18 29 13 34972 1.099563462715845
3 13 25 28 68496 1.0357978734351303
3 28 1 4 69995 1.0786310371484047
22 2 0 15 74030 0.9140688201227863
16 1 6 4 39699 1.0610695965139416
5 18 16 15 37438 1.0871215332643724
9 14 0 11 23388 1.0819904816736658
23 27 19 2 57801 1.004901301531813
6 13 6 3 38638 0.9560632339696584
27 16 20 5 42248 1.0342656260853103
2 4 23 12 60950 1.0552307573703148
5 18 28 4 78079 0.9362115844099705
6 25 26 2 105034 1.0273154960612374
23 11 9 5 48040 1.0434503964937258
5 27 27 17 61840 1.023250483948225
18 19 19 9 26808 1.0862991545469245
25 26 3 1 98020 1.0024023393877464
1 7 28 18 78788 1.0505870577752858
24 21 18 10 39517 1.0745063246196533
3 27 24 19 60919 1.0292582395381706
10 3 13 10 32272 0.9668907816960315
21 25 10 25 37457 1.0817438377970732
2 8 18 25 71450 0.9826457576368863
12 25 24 15 60693 0.907246677226049
21 16 7 3 58564 1.029829489190841
5 10 26 24 73770 1.0086832100092826
18 25 9 4 68506 0.9071320566963278
19 8 21 0 22029 1.0919951794847824
7 24 9 1 64193 1.0405764205985204
23 19 29 26 31637 1.0007693314702262
15 28 18 0 64433 1.0228374571886092
1 28 21 8 78014 0.9834495495812415
27 14 25 1 38424 0.926448147159772
6 14 28 1 73241 0.9858413269589404
8 0 21 3 45034 0.9212216672835777
23 19 19 5 47465 1.0309871134894026
18 20 0 24 58367 1.058102409809845
14 0 16 27 73788 0.9967173841782904
22 25 25 10 63181 1.050167798157863
27 21 12 11 48396 0.9344996282775851
6 9 0 14 30048 0.9659663683810682
26 1 28 20 48279 1.048954704708092
17 0 7 14 54804 0.9502998280887638
23 1 15 5 55478 1.021666349452151
24 13 17 25 51039 1.0379209999982772
8 2 13 20 56952 0.9375559925595024
26 16 4 21 73725 0.939617689858217
22 27 5 14 55918 1.0385320696811262
2 5 14 9 45211 1.0764150821970704
26 17 17 22 38750 1.0405288726052448
3 16 26 18 63690 1.0023123729189376
21 10 10 3 46334 0.907915455942914
23 12 4 3 66050 1.0663591298035666
16 7 27 14 43999 1.0627521539711275
27 19 27 9 25542 1.0359867277136918
1 16 7 22 26250 1.045712343691259
3 27 23 18 65503 0.946757010550681
10 11 0 18 33604 0.999147103831423
15 29 1 10 76733 0.9504935117456108
28 18 13 13 38746 1.0630284823244978
27 8 14 11 36772 0.9766379481042413
23 8 25 0 38214 1.059839919350657
5 25 13 14 49009 1.0733400494904304
5 27 18 8 67734 0.9294183031571412
22 16 7 27 56436 1.033449383650963
14 8 20 1 32051 0.9874133522120045
17 14 24 0 46962 0.9922169764239422
10 10 16 2 49555 0.9145108786532399
16 4 26 10 54020 0.9012091108238705
9 27 0 15 44718 0.9415052779291619
2 6 29 8 74655 0.9818629320800514
27 22 0 12 73223 1.051547706727921
28 21 25 3 52042 0.9566409595894542
13 13 29 4 55929 1.0691853436621364
9 24 11 16 24211 1.0891481307730937
14 23 19 10 37219 1.0982394629821064
21 1 21 16 45251 0.9124440186726358
17 11 25 19 48120 0.9308191664109742
19 5 12 13 32236 1.0020995478746013
3 28 2 13 36717 1.0037232078339886
9 20 23 27 46390 0.9443531211621412
17 23 16 7 52066 1.0401700760319215
20 10 11 19 49641 0.9528370158661409
26 1 24 9 32338 1.0177122636511955
