5791 5703 8467 6224 6886 4919 6089 8002 8095 7339 6780 6466 5898 7480 7400 5011 8455 6232 7217 8336 5494 5114 5848 7185 5913 6588 5647 7400 8433
3749 4346 4773 4644 3264 3978 2212 3872 1451 3529 2855 1215 4449 4142 1720 5067 2459 3196 1610 3685 4353 3407 4166 2277 1545 2480 4458 6040 5711
6116 3859 4429 7006 5597 5714 5989 4812 3596 4133 6660 6565 4546 5034 5749 6274 3878 4171 5283 6864 3525 3701 3505 4395 6301 6828 6036 7259 6275
6093 7660 4743 5980 6380 5371 6309 7682 7123 6784 4803 6917 4413 5084 4261 5522 4937 4460 6052 7498 6520 7640 4632 7188 4384 5099 4708 5093 4281
4321 4462 3869 2877 2406 3009 3169 4641 3255 4856 4986 4474 4193 6218 5244 4229 6639 5435 5623 6688 6144 4244 4442 7024 7186 5210 7709 7399 4994
2630 2396 3690 6241 2814 4006 5624 2887 4589 2596 3037 5134 2064 2260 4347 3544 3708 3177 2565 4548 5261 5359 5698 3700 4358 2640 4200 3625 3071
6964 6640 7281 8198 6482 7724 4888 5725 5080 6037 7142 7878 8223 5581 6789 7890 5881 5284 5889 4949 7705 6608 8090 5352 6812 5267 5325 7730 6786
3506 5647 4642 2861 4609 3652 5928 2233 5293 4878 5850 3999 5658 4312 5526 5949 3048 5528 3531 4923 3805 3376 2871 5020 2102 5101 4633 4790 4061
3031 1716 1758 4921 4920 5308 1767 2968 2615 4403 2918 3020 3589 5219 2890 1959 2054 3302 4520 2142 3884 2877 5084 3012 3709 3469 2537 4768 4248
4857 4043 2516 1483 2996 3065 3904 1685 4291 2113 4428 5043 2174 4501 4629 4771 5533 5744 5328 5501 6631 6504 6994 3828 6734 5958 5532 4243 3764
4307 6868 4914 6016 4924 4798 4733 5565 3755 4090 3261 4450 3703 5501 3884 4429 5224 6788 5827 6798 3508 5297 5440 5367 3356 3378 5876 3760 3244
3322 4628 5265 3049 5848 6861 6442 3490 5325 3433 6095 6483 5036 6090 6836 3123 3901 5719 5712 5184 5627 6643 4438 4222 5242 4193 5664 4981 6452
4365 3261 4129 4244 6333 6228 6204 6439 5669 4966 6919 1863 3499 4210 4658 4000 1543 2141 2156 3584 2991 4495 2808 2224 4302 1423 2011 3224 3869
7114 8302 7619 5478 7059 7575 7111 5842 6727 5350 6836 6556 8165 6576 7793 7443 5508 6535 4222 7108 5655 7165 6689 6007 7192 7681 6756 4335 5325
5012 6877 6791 4670 4158 6933 6718 5438 4732 6555 7601 5421 6880 8102 5777 7371 8610 8464 7440 6975 7967 7329 4988 7706 8520 7045 7548 8306 7549
8263 8896 8626 5168 4459 1106 2057 4948 3590 4417 1717 1357 4812 4596 2592 3369 3941 4244 1709 1927 3420 2981 4749 1434 2277 2710 3089 2351 1386
7769 7789 5566 5686 7036 7883 8151 6680 4544 6307 7930 5190 8306 7880 7223 7847 4607 6887 6255 4712 6813 7135 7050 4747 6212 5832 6827 7080 8211
6475 3720 6316 4779 5815 3577 4285 3530 1679 3865 5213 2465 3162 2327 4550 3047 1659 1467 1814 4899 3156 4319 3865 3834 3533 3874 3404 3578 3123
7810 6179 6132 7439 8776 8484 7464 8655 7640 5269 6373 8133 7533 5482 7642 5093 8538 7754 7074 6969 6525 8027 6042 5923 7565 7257 5360 4245 7939
4859 4497 4274 4498 2103 5438 3708 3178 5481 2195 5532 8265 6156 5555 6169 6934 6468 5260 7747 5612 4624 5332 6699 6384 6826 5974 5132 8349 7297
6446 7348 3897 5751 4816 5788 4982 7088 5177 6944 4712 6719 5565 7078 6787 4075 7443 6172 4030 5008 4385 5085 5073 6715 5695 6502 5229 3743 6556
3293 3015 1869 1145 3138 2632 2441 3378 4032 4672 2783 4435 2047 4236 4426 1447 3303 3072 1349 2730 4499 2229 3476 3133 3872 4262 2191 4145 5630
4463 5775 4392 3205 5332 5148 3469 3428 3262 3607 4219 4017 3092 2341 4679 2753 5359 4270 2608 3790 2460 4031 4731 5365 3342 2120 2207 4500 4635
8394 7175 5371 6065 4784 5041 7926 5299 6261 5985 4670 8345 6514 6494 7622 6097 8157 6917 8198 4670 8214 4709 3754 3539 4017 2591 5005 2239 2020
3574 3576 3983 4793 3534 5293 2602 4919 6970 7018 7764 6168 8072 7315 7395 4829 4809 8027 7695 7843 6383 6258 7822 7308 6489 8066 5199 5660 6749
7605 7825 6862 5795 7084 5485 6464 5613 5186 5391 5915 8059 6642 4910 6149 7311 5379 5719 6506 7937 7137 8524 8581 7403 5957 6737 7930 2236 2877
6864 6871 7916 7273 5418 8379 5091 8142 6987 7281 8440 6390 5289 5474 8138 7565 5101 4313 2428 6044 5143 3585 3853 3912 5113 2866 3705 4832 3800
3788 5340 6484 4276 4917 8012 5489 5925 6078 7366 4343 6681 7343 6775 4734 5436 4760 7722 7575 4180 4843 4394 5804 6252 6202 4657 5440 5983 5480
2290 4898 2528 2560 4704 4171 4984 1783 4037 4422 2663 1536 2857 4378 2822 2552 2086 2391 1966 4130 8097 5074 5692 7845 6908 5383 7147 4824 7588
5615 4285 4702 5587 4107 5785 5670 4253 5115 3487 3907 2711 2282 3877 3406 3194 4603 3992 5086 2654 1803 4353 2156 4200 3327 3175 4919 3809 4245
7012 1725 3943 4648 4675 5442 5024 5454 1769 5229 4797 7000 7226 8854 5090 4364 4092 5855 6917 4801 3888 2163 4185 5044 4108 1730 7097 5468 6142 5556
5614 2375 3547 5284 4255 7958 2229 7672 2860 5950 6845 4692 7423 7744 4644 4202 6574 5348 4949 6209 4118 4581 2833 5862 6631 4867 7633 3934 3578 5794
6190 2032 4723 3335 4915 5505 4278 4036 4652 8312 6596 8163 7153 7336 4681 3949 5241 4956 3960 3605 5333 4506 4610 4692 5952 1622 5176 5099 6106 6979
7721 2929 5896 5024 4155 7146 2566 3855 4609 6377 4676 6030 4800 6607 6297 6754 5927 7514 5020 4681 2701 3505 6374 5126 4285 4805 5064 5272 6669 4703
4633 5009 5116 3165 6227 7409 2308 5080 5035 5490 5558 7027 8218 7301 5379 6074 5606 6882 6832 5823 2979 2199 3035 4141 5260 3670 7347 4376 4520 4092
6513 3957 5863 5549 6340 4784 3255 2183 2832 6792 5617 6216 8125 7869 6695 3419 6788 4944 7603 3522 3602 4983 3349 6596 7489 1048 8094 5137 6706 7469
4289 3471 6815 2219 4291 6361 4720 2852 1881 3804 3445 5923 7215 6907 3861 5071 4657 7474 7671 5685 2116 2865 5647 5546 4520 2086 5381 3522 3767 4669
7236 1713 4656 2440 6795 5422 4532 5085 3447 2057 5983 5627 8113 6435 5251 5151 5276 4477 7497 3714 5103 4112 3938 7485 5794 4422 3302 6909 6728 7563
4227 2903 7129 4429 5864 4123 3863 2685 4096 2440 4568 7953 8231 7237 6016 6521 4355 5560 5356 3860 5144 5238 4114 6679 5622 1962 3533 5876 6078 4291
4202 1908 5040 3117 5290 7041 3136 3659 4960 3246 3025 5011 7381 7002 3789 5000 6705 5115 5857 4550 5623 3304 4223 6049 5647 2616 4744 7266 5683 4164
4315 1739 6334 6881 7571 6590 2802 2520 2609 5360 4656 4589 6337 6534 5281 6438 4261 7417 6178 3296 5904 3960 4160 7862 4897 3722 3584 7244 3637 4233
6510 1823 5184 4096 4453 5908 4146 4963 5081 3315 5568 4598 8203 5461 5771 7431 2701 7985 3978 6344 5856 3229 4283 4538 4893 3304 5066 5499 3940 5718
5715 5244 3792 6765 7465 5500 5059 5065 7656 4739 6293 5483 8342 4360 5970 6981 5256 5960 5635 6042 5674 3261 5499 5565 3612 3701 6608 4386 6956 4275
4189 1697 3778 4111 7764 5116 2396 3999 6899 2342 5064 4482 7910 6696 5026 7402 5463 6237 7199 3530 5506 5868 4196 7031 1637 3300 6508 5590 4028 4171
3443 2330 6472 4088 6602 6830 2678 2338 7574 3140 3110 4815 6297 7231 3398 6640 2165 7654 5720 5845 2100 2618 5821 6541 4661 4219 5887 5033 6433 6775
4024 1629 6971 4126 5614 7185 4052 2318 5165 2749 6599 5986 7903 4568 5999 5868 2980 5456 4114 6191 5554 4501 6564 7593 4102 4881 6219 4230 6783 6597
4063 2468 4310 6090 6806 6488 5201 1689 6860 4159 6493 7297 8400 5418 6491 7926 4344 8041 4783 5282 2802 2203 5815 6224 4405 4602 4321 5244 7691 4874
5762 2080 5150 3620 5124 5320 4071 4252 5430 3275 5176 4289 6528 4690 2608 7129 5682 5550 4916 2927 2439 4283 5591 4582 3476 2341 6090 5814 8374 6977
3433 3156 5866 5493 7504 7093 6926 4887 6871 4210 3143 2025 6961 5854 4264 6993 3613 4473 6168 6222 5574 2260 3692 6381 2855 1978 3705 6548 5368 3793
4329 3566 3733 6327 7148 6660 6439 3416 8876 2059 3817 4684 7236 6901 3249 7456 2195 4770 4581 3456 2499 4173 6579 4084 4486 4753 5631 3681 7083 3943
2938 4602 6507 6620 7164 7939 7997 1553 6961 4821 3452 2904 8040 7685 6225 6160 3699 5488 7391 2844 2236 4856 3809 6199 3533 4633 6847 6913 5938 6639
3393 1555 7017 6029 6316 4126 7800 4988 8470 4011 3457 3044 8790 6609 4659 6857 3256 5543 7335 4055 5545 5459 5370 6450 2012 4970 6439 4830 6125 3808
2392 2878 6877 3694 5190 7866 7779 3955 7162 5777 6538 4480 6810 5833 4353 7093 5932 8203 6184 5969 4985 4321 3567 6561 3834 1755 5531 6492 5076 4939
3840 3203 5749 3884 6247 7851 7403 2111 8148 2663 4891 3529 7166 7197 5241 5618 4080 8077 8143 3859 5699 5653 5010 4557 3281 3197 6135 6691 5135 3206
4990 5259 6364 4724 6320 4226 7855 4722 6470 4920 4327 3674 5725 6434 3837 7975 4845 6182 8564 4283 2304 5040 5292 4338 3258 3269 6282 4801 5091 6249
5000 4295 3499 5300 6390 5646 6158 3101 6105 3921 6231 4879 6650 8028 5341 8079 5918 2955 5257 2614 5062 4200 3815 5944 4852 1659 4183 4370 5740 5130
3385 2010 5675 5255 7748 4086 6278 3014 7867 4392 3276 3519 6090 4651 5934 5888 3303 5421 6007 3388 4700 7419 3906 3993 2918 2071 5405 5710 7691 5804
3167 6823 4720 3439 5780 5869 7029 5026 8096 2083 5798 3602 8264 4474 4713 6787 2845 5234 7435 2600 2730 6836 5169 5820 5142 3725 6685 6132 6290 3638
3550 5772 4365 6571 6352 4256 7240 2260 6082 2844 5615 5132 5751 5307 4323 5306 5122 4973 5642 3887 4521 6327 5479 7957 5124 1527 4092 3863 7085 6661
15 22 1 23 57626 0.9147649260988809
26 13 25 0 64110 0.9412573693778551
7 21 9 29 37104 1.05690852044388
22 18 26 10 50340 0.938580126338838
29 26 22 14 60055 0.9920422096944133
22 16 21 3 44068 1.023196575438988
13 7 25 13 64713 1.0970691449932115
5 29 13 8 98003 1.0150662932916281
3 25 24 25 71965 1.0242496067567863
29 12 15 26 88554 0.9820913062071062
2 7 4 18 51684 0.9802943670447586
23 21 9 25 63844 1.085877919252151
15 14 25 29 77628 1.0083334102986738
8 27 5 0 98332 0.9127164110739304
18 7 2 0 71207 1.0232624877620804
19 10 26 7 33665 0.9295652056678586
27 11 0 15 126003 0.9247981532198128
9 11 14 1 42935 0.9318537130265808
9 14 1 11 52630 1.0774718350711914
21 20 10 25 52293 1.066470781681352
5 9 1 16 42879 0.9864501297974428
23 22 15 5 74329 1.06510634010786
24 15 17 20 41299 1.0656669579312459
29 25 5 20 93648 0.911388305052883
3 25 26 21 92576 0.9121731365367319
24 28 20 9 74737 0.9705224376497613
23 27 16 8 83358 1.0243818439655925
29 3 10 3 80245 1.0808886758449363
0 1 5 25 94904 1.0753749584656938
14 15 2 22 72107 1.0439086374735747
2 19 7 10 53007 1.0437378528470376
27 23 1 8 142850 1.0438690219300164
8 6 3 20 59867 1.062353945264393
18 2 9 13 64838 0.9115160700705205
25 26 7 8 117064 0.9892448624093145
17 20 20 9 41490 0.9010510230271496
16 0 12 23 102040 0.9749507338102967
24 24 6 16 91791 1.081340950383692
5 5 12 18 64900 0.9077013498174026
17 5 9 1 39468 0.9863512237524548
0 24 21 0 132423 0.9318063288111637
23 25 2 8 122870 1.0586576282520088
24 17 22 3 63373 1.0358846916354512
13 29 27 20 82824 0.9846308048480678
16 20 4 20 53066 1.0548153484404068
4 28 21 19 82142 0.9031522673243142
21 0 29 28 107240 0.9213227515727513
10 10 15 20 53382 1.047592949737594
24 27 1 6 140389 0.979390036303291
16 6 4 10 53770 0.9443658474443621
14 2 12 29 103496 1.0600568731647528
5 10 19 4 67937 0.9764084197236457
1 28 13 4 126810 0.9743945945571025
6 20 4 11 41976 1.0910626464094286
10 13 24 7 70318 0.9656486211160809
17 26 12 17 45836 1.0994063824183054
5 17 18 25 72252 0.9729879236071616
5 2 18 2 41537 1.0215066121597582
15 24 29 0 115408 0.9313338610545372
24 14 20 2 54685 1.0767605260032442
26 24 18 20 40883 1.081015823241738
12 22 25 2 110357 1.0789981951215286
18 8 27 1 48458 0.9951664695196871
11 0 2 24 104039 0.9060213451964154
10 3 17 0 34989 1.0001359909163965
28 29 26 18 53605 0.9491206873442879
10 23 23 9 93829 1.0579950517635066
11 1 21 21 89244 0.9700657454707879
8 22 24 5 109385 0.9950821644653809
12 15 2 27 70991 1.056599546972837
24 1 4 21 119253 0.9937528833514951
13 14 4 9 53711 1.0225840286944574
14 13 0 20 79796 1.0091444401427532
3 2 15 11 70035 1.0441073184559113
11 27 22 9 89973 1.0223670343538067
19 8 3 3 68968 1.0973021589417984
17 19 16 28 41133 0.9631152878486889
13 17 19 7 57252 0.9981219538038892
10 16 7 3 54654 0.9170118701279636
24 15 18 26 64381 0.96812897625834
13 19 9 5 60643 1.0305679948557391
28 19 19 25 53939 0.9274459781510546
19 24 12 20 37266 1.0329466129554454
15 1 18 29 111929 1.0225371127424636
25 8 14 22 85727 0.9558474534414549
22 11 29 18 47947 0.9954941014449067
18 12 4 13 82346 1.0557061170893018
18 1 22 28 94992 0.9462857191058566
3 11 22 29 134009 0.9383432075988996
19 21 13 13 47823 0.9465296016236295
12 17 25 26 73478 0.9604756217174076
1 15 10 22 55997 0.9625629071353181
23 5 19 13 52841 1.040880784374822
5 1 24 12 90612 0.9905179375621775
20 29 3 4 138937 0.9982235758299459
10 27 22 5 110108 1.0958331715344947
11 6 15 24 72139 1.0035637070506933
29 11 3 16 127796 0.9819501002690791
23 5 25 13 56574 1.0702752187300826
4 26 13 20 50534 1.0500767231386532
20 8 7 3 60337 1.072801981014828
7 23 16 24 40747 1.0415854668096112
4 8 17 23 91755 0.9267252071172312
1 25 6 10 69061 0.9312057905955277
14 26 12 15 44290 1.0835233413990626
5 21 2 2 78729 0.9012799268313648
11 12 4 2 55049 1.0569109968390096
6 25 1 2 89881 0.9150538282739982
18 0 21 21 74642 0.9174755490810296
6 10 24 24 110197 1.0107353903899292
23 2 0 22 134057 1.0222360414508078
29 6 14 0 73930 1.0740091062910766
15 25 27 28 56189 0.9419670619996301
7 20 26 0 119877 0.927942758953831
1 12 13 6 58028 1.0777743859400808
28 22 2 20 108760 1.042043025352624
12 15 27 29 94950 1.081745267339805
5 19 10 2 68879 0.9438831217505355
8 22 0 18 43855 0.9807230368500701
10 7 21 8 40378 1.017951530532655
18 24 3 22 66048 1.0325922365367621
3 16 15 0 90831 0.9704512196441485
22 11 12 25 74237 1.058191519411218
16 3 16 18 58670 0.95687808490528
3 1 11 16 77028 0.979268377988556
2 13 3 29 68508 0.9975791310851916
24 10 7 25 104304 0.9678203123323547
2 23 8 19 34707 1.0181233558087777
14 19 7 26 48351 1.027428618089295
23 8 9 18 89629 1.0713741397617398
23 0 19 15 63876 0.9528804086985906
6 24 17 7 93931 1.020448536438624
28 1 2 22 147435 1.092586227282289
18 7 2 13 82791 1.0495132016431237
5 25 18 7 94990 0.9551661779477909
28 17 5 11 112466 0.9351772654397492
15 25 16 13 41807 1.068320371277039
16 1 2 23 109045 1.0800555616191967
1 7 16 0 63466 1.0558996354452308
7 17 27 4 117266 1.0682711676390795
15 14 3 11 71767 0.9384572701154408
12 27 23 17 69598 1.0085062710426655
16 22 29 14 70878 1.050404231893601
27 18 23 29 56065 1.0705026547853373
6 14 18 16 57873 0.9374600010513846
12 10 21 11 41827 0.9586290025699763
7 5 12 26 81457 0.9666708064186668
20 12 5 17 87540 0.9192907897360539
28 2 19 14 77605 1.0102558731361742
13 10 5 6 43049 0.9424926707365227
28 14 5 2 109515 1.0070505535447118
19 15 13 0 78646 1.0888602546149995
24 15 8 13 81584 0.9836605368888953
4 0 25 25 134611 0.926187050739858
7 10 29 24 123509 1.0602481703697295
11 9 1 16 63405 1.0829056279558573
25 4 7 2 67231 0.9077476796956223
1 7 14 26 103168 1.063949558144559
0 19 4 2 63812 0.9678065938405321
26 14 10 10 79531 1.0378069011672792
4 9 5 28 77311 1.0561517649323775
21 28 10 28 59241 1.0756233774336117
24 15 16 21 46656 0.9973061790414937
19 4 7 6 55064 0.9545550294870436
19 7 7 11 56743 1.0620992739181223
23 14 0 2 110011 0.9717664322927256
2 18 10 16 48998 0.9593139883376002
13 13 18 29 75627 1.0782878894316292
10 27 29 11 115724 1.0929791793927905
18 24 1 4 119601 1.0625068532244737
29 15 2 10 126528 0.9864009130639072
1 13 3 28 58691 1.023116293898548
2 17 18 0 104162 0.9302341346435233
10 11 26 23 102598 0.9777151983839444
0 21 29 12 130795 1.0840996224823383
26 3 8 26 133020 0.9616636488954343
23 17 7 4 101287 0.9919352050486341
28 21 1 23 113451 0.914794316971062
18 6 24 12 47689 0.9095150408408844
3 27 17 2 124204 1.0701697105511851
26 16 24 25 44420 1.0243077153116003
18 21 7 15 60281 0.94752911587913
28 5 10 5 78123 1.0193314314544208
18 23 7 21 51060 0.9000172454197471
3 18 24 17 104702 1.0934135973328303
20 22 22 12 36956 1.0807781193154098
1 28 4 16 57418 1.0264932981756165
6 2 20 16 91522 1.0869115828006044
24 23 6 20 79264 1.010488855491636
29 18 4 4 126306 0.9554253396378845
26 23 10 14 90849 1.0814262236507515
14 14 1 22 76504 1.006404485969289
17 9 27 28 93499 1.0716852822904817
8 28 23 1 126011 1.0448695882039583
17 10 6 17 72999 0.9688893109066079
3 29 13 3 121789 1.0366276457856256
2 9 21 15 95033 0.9054367067143229
8 19 19 23 58782 0.9367652807238143
8 7 15 17 56966 1.0982870508684976
13 14 10 24 46360 1.0614508251572863
5 2 6 23 88147 0.9218519714164989
11 6 9 15 38706 1.0192351538985245
6 8 23 6 67876 0.9594808891026979
12 14 0 19 69128 0.9402307975954145
5 26 9 18 37796 0.9369302198339192
8 8 19 7 41343 0.9983468060483788
15 14 27 11 57236 1.0011360490873646
22 2 7 11 77673 1.0383654188535334
22 17 10 26 68034 0.9598424280833872
1 8 20 23 116566 1.0479944805773307
27 16 24 7 45758 0.9669598927751621
7 25 24 8 112476 1.0746682891554817
25 7 24 24 76834 0.9174662346368034
11 9 15 15 33027 1.073506380760532
7 2 28 28 148349 0.9479345472048176
24 29 13 10 92035 0.98823391251797
16 12 12 0 62797 1.0679246461288066
0 28 0 7 79572 1.0414548866077336
22 2 9 21 102781 0.9391630815278029
0 25 18 17 81485 0.9518890395893872
9 28 17 2 116010 0.9472515721594831
14 23 27 21 64134 1.0354541944460391
25 19 10 8 90209 1.0703067998737814
8 28 16 8 90433 1.0600758670068922
29 7 16 28 112558 1.0627889528506265
21 22 12 19 42827 1.0188367221875374
15 7 22 27 79011 1.0775138866624034
13 17 18 2 76321 0.9410792972177908
19 14 11 19 46861 0.9043467587320697
22 27 28 16 50353 1.037644264995143
22 19 15 29 50368 0.9764819244502028
23 13 17 3 59383 0.9070280355128688
21 9 11 8 40134 0.9145539950269038
14 28 0 6 112541 1.0299768399311406
22 28 26 9 81691 1.0969633997342234
12 20 22 26 52759 0.9986690515110288
0 3 20 7 82473 1.0088540715258785
23 1 8 8 59376 0.9872076081253787
23 11 14 1 56460 1.0625903707596758
27 27 22 20 41661 1.081628764884841
23 20 27 8 57248 0.9222304558212199
26 0 6 9 84619 1.072788952667303
22 22 23 1 72189 0.9577308391149137
16 12 18 21 38764 1.009001918704576
1 11 25 21 126536 1.0230490890231307
8 18 11 7 43787 0.964211458312124
12 5 15 14 43855 0.9312984876869543
29 25 14 19 64770 1.0797024190371864
20 1 19 14 53899 1.0807572450827914
23 5 14 0 46002 0.9065883053891038
7 18 26 2 114690 1.0189663015696586
17 29 25 13 84220 0.9018811172200075
23 22 13 11 71537 0.9725697071443256
14 27 5 13 76477 0.9577360616750399
12 2 2 21 94951 1.035542993225724
0 28 4 10 83383 0.946488678118961
14 14 14 27 46873 0.9614315691021638
21 2 26 26 84572 1.034778300766375
16 25 9 12 64749 1.046038255281698
17 18 5 16 58077 0.9478898165239635
16 16 2 9 79089 0.9884078033154017
17 22 13 10 51255 1.0733628913736057
5 26 20 12 93901 1.0138630662223775
10 16 21 14 48232 0.9222621271965403
10 18 3 1 81381 0.9087045240773032
0 7 9 26 89974 0.958516167599838
13 7 5 4 39986 0.9834057622947753
1 22 28 21 117386 1.0139791670313503
17 26 19 1 95189 1.025197586965792
3 21 11 8 69452 0.9019379872212843
2 1 25 13 112789 1.01981306745561
18 5 21 14 46791 1.0669018006108328
0 5 0 29 90875 1.0846033706795069
23 14 14 4 59946 0.9384713068190532
17 9 2 13 77776 1.069403157200618
19 2 9 22 100778 1.0988803471725606
7 12 29 24 118685 0.9216389102157692
18 23 6 2 105793 1.0277104410734492
13 27 2 21 54979 1.0918004821369491
28 4 28 18 45386 1.0783685107267054
3 17 16 5 89307 0.9164280480725445
9 23 22 14 79042 1.0572132906066134
21 25 12 1 100131 0.9438138413582391
24 9 5 21 106257 0.9121586942237262
8 1 24 10 75842 1.080798437402128
7 23 28 27 90706 1.0028339496450396
10 3 24 28 124344 1.066116985325093
20 17 24 3 63210 1.033586209269706
4 2 0 24 81007 1.0223314340932492
28 15 24 23 43053 0.9298868001130663
2 3 16 16 88335 1.060697185744024
28 28 12 13 105935 0.9331354765163814
28 23 6 10 131119 1.076068617765971
23 14 2 26 106691 1.0950425727638928
26 25 9 13 93508 0.9231178353543995
13 0 14 15 73969 1.0981019514228232
0 25 17 7 107432 0.9448968986953608
27 18 19 6 74556 1.0398542774274868
8 0 16 10 58346 1.0289087609180765
27 6 7 14 100693 1.0108519401981206
8 12 28 13 92521 1.0809529628994161
11 6 0 3 49575 1.044309100699868
8 27 7 8 66650 1.0284002904208942
6 22 10 1 79586 0.9233344626179462
7 4 26 3 69139 0.9474093650724829
0 29 26 27 114198 1.0579196609512467
16 26 6 16 71013 0.9398927718772576
4 29 24 0 146238 1.033038085120124
29 29 23 2 113361 1.0680004968458958
10 0 4 6 34257 1.0383464952742256
25 3 15 9 53912 1.0942054806917592
15 26 12 1 95290 1.0265509208046042
21 19 26 7 54741 0.9178517627276441
25 2 16 29 121689 1.0376602846821583
15 22 6 19 45441 1.0048014342857785
20 26 11 19 59690 0.9600349286765616
7 1 22 2 44188 1.0276034978002302
23 14 6 25 88718 0.9105410214571954
16 26 28 1 120224 0.9644941724587842
7 28 9 8 77345 0.9073891840305672
25 15 27 4 63026 1.0467547882730364
9 20 13 27 37969 1.0002806568629925
19 9 27 5 45500 0.9587360443313652
19 9 16 20 42233 1.092199791875461
28 29 5 4 154673 0.9414741271203835
16 13 23 4 58431 0.9998736208033504
14 17 12 1 76673 1.041563695675357
16 3 25 25 99821 1.0736947912925743
24 25 12 10 86464 1.0938746048693124
18 12 22 23 58855 1.0312381393401162
0 10 9 11 46689 1.0549113644346768
15 3 1 10 69765 0.9423568404140716
20 1 1 20 106217 0.9024306296523616
20 6 15 1 36582 0.9651901530403846
20 10 9 12 54131 0.9507634662985943
2 17 26 29 127765 0.9862782992651481
9 4 27 6 73830 0.9876575619554873
2 4 11 29 115398 1.0507421332541549
29 3 17 28 125597 1.020100988332235
23 12 4 6 83771 1.017827677542723
28 4 6 15 121950 1.0533908465466097
8 29 9 14 56471 1.0545390886075157
28 2 0 2 93319 1.0586883474279567
5 9 28 6 90962 1.0449938904821254
25 12 15 20 66363 1.0482227807155131
2 11 18 20 100778 0.9264503294281171
16 4 20 10 35949 0.9777466695658169
24 7 17 17 53715 1.0415071673762053
26 14 17 10 49637 0.9859156839136354
10 23 24 0 117422 1.097325376342096
1 28 20 24 79923 0.9955565011865779
19 8 12 27 80247 0.9992384896448997
26 20 11 13 83532 1.0521099631839788
28 1 7 1 62881 0.9911181220687916
16 10 25 9 41258 0.9999065454359642
15 20 28 11 71190 0.966501355830589
24 6 22 28 79768 0.9266801749715526
5 29 0 21 42058 0.9920667540759941
0 8 12 24 89898 1.0405155311337309
3 11 20 5 85911 1.0966079199744476
29 1 27 22 77107 0.9008040763790927
2 29 28 13 139430 0.9897168878932434
2 18 15 24 70300 1.0491434599396903
14 0 23 29 113294 0.947230068212357
21 14 18 2 52914 0.9900467301384326
4 6 11 23 80974 1.0445929867769537
9 6 13 12 37671 1.0048609724378985
20 7 25 20 61566 0.9670644075403797
12 5 29 28 122208 0.9176469790872039
16 1 26 2 36947 1.0891467940288415
22 11 4 0 83698 1.0549200615509458
4 6 12 15 55518 1.0245038795392514
23 16 23 1 59317 1.0757783073190457
24 20 28 11 39431 1.0671415853375539
3 24 11 12 78898 0.9418518477847991
11 13 15 20 41033 0.9841922780424629
5 25 18 0 113886 1.0154552017290077
27 15 3 11 123442 1.078936281225091
4 21 25 9 113376 1.0956956216683729
2 0 22 12 96538 0.906735648785624
12 4 9 26 95442 0.977220928932583
25 17 6 19 92178 1.0035470135174185
6 16 11 7 48364 1.005902240603146
13 25 4 0 107492 1.0933171946467672
4 29 12 18 59348 1.0843369274390406
21 21 7 8 87914 0.9393540165911618
27 16 28 1 53740 1.0152696994834864
6 17 25 4 115719 0.9982156657963396
20 18 2 20 81534 0.9600562526993801
28 13 11 28 101558 1.0568009767726863
28 22 9 0 129050 1.0108557083139702
4 11 0 28 80701 0.9059497514315374
21 13 2 29 114300 1.0832313065643258
5 13 13 10 49390 0.9861221840718217
11 26 3 19 52032 1.0260752716786934
22 0 19 20 66903 1.0529626869631332
27 29 28 13 65022 1.072554413156929
22 4 25 19 71695 0.9909140593981168
4 2 27 10 105297 0.9491090921750083
29 0 22 10 58973 0.936771376465205
10 2 5 29 99691 1.0126870983898162
13 24 13 0 100903 0.9632816256426703
6 27 12 13 65642 1.0486509762428522
20 22 4 11 101121 0.9347329230304104
2 25 19 16 80292 1.0255932943148327
18 26 7 10 96810 0.9962398411305803
29 10 15 22 83951 0.949579831591337
27 20 22 28 44728 1.0803870052962987
25 19 9 11 89545 1.0521600760556484
15 9 12 25 60762 1.0184338074923323
14 9 14 22 50043 0.9118027079939979
2 13 22 13 107630 1.000091796633112
8 14 23 18 76315 0.9469850436469573
10 20 27 24 73146 0.9018252654229515
28 22 4 8 131648 1.0708224192203855
4 21 25 16 92810 1.0834756046461957
11 19 9 5 59858 0.9329993982053086
7 25 26 6 122736 0.9701750735970636
11 26 0 27 46466 1.0251259672022779
13 26 24 16 72874 1.0152528909589225
13 24 2 12 88018 0.9599627176508437
23 25 0 8 127499 1.0006916496476852
2 0 23 14 106324 0.933882487424594
13 7 26 14 66551 0.9753808221311286
13 29 7 0 107408 0.9447470074075074
9 1 12 28 92701 0.94554848002966
16 9 7 2 51948 1.0496521402630834
5 6 3 28 89655 0.9588412625029521
13 16 20 9 46603 1.017601481724693
23 23 29 8 73426 1.02573979898811
27 7 11 15 88925 0.90641299643965
19 10 7 10 48105 1.0921827580296408
23 10 4 20 101687 1.0144313002913332
28 18 16 25 64826 0.9377369711287453
12 1 12 27 94947 0.9545312562462434
4 1 0 9 38460 0.9879006897190601
1 24 15 25 46889 0.968632698784947
7 23 28 29 97051 1.0924562800159006
1 20 18 26 80173 0.9920413270527307
16 7 3 2 59703 0.9362015327796946
15 21 18 12 38693 0.9667384853599585
4 5 12 16 62527 1.0106339108280513
26 3 11 7 67467 0.9785218354195984
5 21 25 18 89446 0.9593242643129971
18 1 18 16 66092 1.0658635553634759
0 5 26 4 109004 0.9629626479535383
12 27 21 9 81646 0.9750187200711609
5 6 27 29 144215 1.092017218754614
14 17 9 10 47443 1.0233989328968085
8 11 7 28 63455 1.0399994943791913
9 19 28 11 96418 1.0567902093261934
17 13 27 4 68902 0.9870598811230876
28 3 0 24 160918 0.9343202902782918
26 29 8 28 86839 1.0548426085805407
3 15 26 25 116393 1.0879890750782581
15 26 14 4 74941 1.0371893588694585
7 27 14 19 52984 1.0829644075724791
10 21 15 3 76676 1.0866621120741167
12 1 25 11 70604 0.9112317680235231
14 6 5 10 41482 0.9114894220682476
28 7 20 21 69612 1.0639896706315475
8 28 26 26 74502 0.9661414809779657
29 2 2 12 125539 1.0616159069151885
6 24 23 14 93254 0.9907226967567564
7 17 21 16 59950 1.076162167319985
27 9 21 23 68769 0.9987310945553676
28 29 7 22 98396 0.95928929034722
10 15 2 3 66285 1.0048129445508986
29 14 10 25 97931 1.0914530033256795
2 16 4 24 45559 1.0541490678113916
19 15 10 14 50977 0.9334956007522622
6 6 19 26 108073 0.9586780466580942
22 23 23 0 80897 0.913342616209927
27 3 3 12 119237 0.9305715313629764
8 15 16 9 49208 1.0445571262165807
8 1 12 10 40689 1.0851128572337525
15 12 5 0 65521 1.053174150781237
7 14 24 1 89594 0.9382666930662102
5 26 29 25 78381 0.9335553927687569
17 21 1 25 63489 0.9655589992785734
17 13 22 18 36976 0.9119865513658033
18 18 10 15 39641 1.083084006639556
29 18 7 17 99526 0.9492775226833194
1 22 23 1 123012 1.019048268894044
23 17 11 21 58479 0.9393662701843792
8 23 11 0 80146 0.9823813654905262
22 29 6 13 111089 1.037568254762356
19 19 1 11 100424 0.9450622759231264
24 5 28 16 50808 0.916019595262233
27 16 28 0 56030 1.0636394624102932
28 3 15 29 122993 1.0514317272411977
14 1 24 9 53932 1.095495120569307
6 1 19 6 52971 1.03595493835752
0 5 15 1 59399 0.9470086557692483
24 6 20 12 34828 1.0541536654379484
19 5 28 23 97335 0.9045125634373807
17 19 8 15 45129 0.960563295987994
5 29 17 2 121252 0.9608883789507252
10 19 24 15 68974 1.0420364518604464
13 15 18 0 82056 0.9076215929053167
12 26 29 16 87753 1.0732642571143112
26 5 3 24 143582 1.0403549080160037
25 25 19 12 64424 1.0697303613447913
29 1 10 6 81276 1.0136305691621266
1 2 14 20 104749 0.9344373583968472
29 12 24 24 58097 1.0186648342824594
12 26 5 21 38666 1.0711497195120592
19 25 8 0 107462 0.9328807018111535
5 3 4 29 105145 1.0746030222155953
10 11 26 12 77148 1.0778694111672606
1 23 24 29 94140 0.961102824854483
26 15 10 0 103150 0.9259214045350698
6 17 27 6 114296 1.0036857274148863
8 10 12 16 37617 0.9822221006768217
5 8 20 27 111749 0.9880390953516625
12 11 0 10 57734 1.0260989710185757
11 16 18 6 58918 1.0037711841749737
3 1 27 3 82698 1.074107208795032
1 19 28 25 108611 1.0738683979236148
15 5 3 25 100098 0.995977579672302
13 11 28 16 77354 1.0925630875423595
7 27 20 15 80313 0.9251327869183534
16 1 4 22 99989 0.9849937977757438
18 0 10 10 57849 1.0389713386626753
17 17 20 0 65350 1.045162498903455
8 27 28 29 91513 0.9822041804402658
12 29 29 29 83256 1.0033146197090113
5 8 15 2 53634 1.0113466006611502
25 26 29 8 72384 1.0418212429249114
18 27 17 8 67946 0.9754549131510181
8 11 12 24 56641 1.048186155896583
19 10 2 6 66692 0.9671948760087696
22 17 1 17 100035 0.9832491143114969
17 0 13 9 51007 0.9709416196131221
2 17 9 10 60041 1.070297721995356
2 28 13 12 97800 0.9963361489088491
6 12 27 26 121978 0.9740962030418037
18 29 1 14 106813 1.0644072296934095
23 11 13 25 75016 0.9149948185542275
10 25 19 12 74946 1.0952764644882733
16 8 1 19 91499 1.0165043753223828
1 19 19 6 102060 1.0561283006398985
26 23 20 18 42747 0.9814680860937356
8 21 18 23 46948 1.014286314037755
10 26 11 8 73998 1.0937261252601989
26 21 14 22 55751 1.0105391459819575
14 20 21 11 47212 0.9116773284136489
26 20 25 6 62578 0.983949786618061
24 3 6 0 59848 0.9651784069178908
18 29 10 1 121409 0.9799041432254365
5 25 25 22 78955 0.9799198491822608
18 18 11 4 70932 1.0650334036918805
10 29 27 16 100534 0.9983473592370052
17 9 10 12 36244 1.089224089583926
25 28 26 7 84413 1.051289045619885
12 18 23 9 68969 1.0965893699596045
11 19 22 1 89948 0.9145218857976137
19 4 10 11 57391 0.9620736248180279
18 29 11 10 91036 0.9964510162691479
21 2 7 28 123983 1.0320048175931045
14 2 21 12 57052 0.9147330524279846
25 24 22 15 42185 0.9596856618827898
28 2 8 0 67436 1.0592916101111784
15 8 6 7 38114 0.9481247941271117
16 2 26 21 104373 0.9141671293927296
6 2 7 19 70092 0.9388140516803654
24 17 28 11 34531 0.9680611624055676
5 22 12 11 62187 0.9429216977685546
26 21 5 1 127225 0.9394437312016451
16 28 24 24 45251 1.0971158899906763
20 13 27 0 66260 0.9367604417172521
9 23 6 14 43848 1.0010248809118192
7 23 29 28 91632 1.0629867132199613
2 11 11 22 76375 1.0650051684729038
14 16 6 24 58091 0.9564278992209965
4 26 11 10 76568 1.0121550625550526
20 10 14 15 45047 0.962669835917442
20 13 26 27 63390 1.0338907272143878
14 26 28 3 122054 0.9523676104846545
21 11 4 20 89493 1.0771737196829148
0 27 8 9 87212 0.9013641498293672
8 9 11 27 71786 1.0695668936902016
2 25 12 0 105090 1.0956707479316126
9 1 14 10 49537 0.9887051649917269
12 20 2 14 63750 0.9764654903000439
5 5 10 21 71402 1.0734707296782728
7 9 4 20 50555 0.9071088802703168
27 14 20 7 53618 1.0241905023731446
11 19 27 5 106301 1.0743835693130246
26 25 17 21 39644 0.9029480412535653
23 8 15 23 76533 0.9843256320267193
17 3 19 23 79863 1.0448435902170472
17 7 23 18 60601 0.9515886771652708
22 8 12 9 38767 1.0685105595636673
25 2 12 3 51738 0.9261043757985105
20 0 23 29 94682 1.011181693989967
3 1 18 19 96512 1.0759216493767203
15 6 20 21 59613 1.0819423655143723
8 17 11 27 45734 1.093022592840777
20 19 0 14 99164 0.9928184038834321
10 9 23 11 53060 1.057095931258486
24 0 28 11 55582 0.9956905347781317
17 1 21 9 35054 1.092477384914038
7 28 2 23 38451 1.0737722793870783
28 26 9 1 128142 1.0116388230419036
22 18 3 2 115809 0.9150172050392288
29 3 8 9 95885 0.9474092920737136
8 25 26 12 107392 1.0888032173329454
20 21 29 13 56136 1.0592791389761242
0 12 26 16 131566 0.9434692149660321
9 9 17 6 36812 0.9915747524022207
13 17 5 23 54072 0.9515484635584265
27 22 15 25 54042 1.0045066197604915
8 23 24 23 68621 1.07391134057096
2 12 19 0 88605 0.9715705201144806
5 21 22 8 101079 0.9368860824023535
29 12 22 5 49315 1.0134940364796419
25 19 12 10 78789 1.0031037559178735
27 0 25 10 50909 1.0314442588899273
3 14 6 2 60688 1.0627812701695356
18 7 15 25 64610 0.9146317610706146
2 15 3 27 51938 0.9562335149993874
9 26 17 0 112213 1.0427671838125165
20 16 25 22 39628 0.982532736266944
22 15 28 3 66993 1.0090806028741053
1 11 11 18 70852 1.0968682440816497
10 16 27 1 102371 0.9240281219244008
25 16 21 6 52010 1.0193846908157556
29 18 10 16 81935 1.0940386921934948
19 19 16 0 82656 1.0707673452123614
22 6 18 28 92100 1.0877191353307942
19 29 26 9 98192 1.079155082896582
11 8 20 2 55702 0.9906982620022629
10 12 9 3 30273 1.0246396604496215
22 29 12 21 61110 1.0482242901102405
23 21 0 25 90056 1.094689331427401
26 6 26 28 87730 1.0718960784056852
22 25 7 11 100389 0.9311998918730883
16 11 6 1 63563 1.0045732551606255
10 15 1 12 56452 0.9859590100143228
5 4 15 8 50412 0.9182602585872365
7 26 26 22 79731 0.9478458831552949
14 24 13 11 50904 0.9457589076468416
13 12 17 2 57028 0.9670716426558947
9 8 19 27 99144 0.9687954404250969
24 20 14 23 52625 0.9762620165288379
8 18 28 12 101302 1.0537864680295943
4 21 15 3 96222 0.902088310440099
7 13 29 6 104125 1.0921774911507993
3 15 9 20 45590 0.9066492941240417
25 6 7 0 73597 0.9441449622885116
23 23 11 5 98117 1.0303415390964146
18 17 0 18 91396 0.929314699274675
24 29 5 26 77994 1.0460015038858161
14 8 0 27 113224 1.0313335861768143
20 23 29 17 54438 1.0074597845278292
10 2 25 12 89093 0.9795853307500068
17 21 27 16 53690 0.9777221688265996
29 26 4 1 144514 0.9778171390652182
12 8 21 21 73160 0.9900791293372927
7 1 26 8 78117 1.0976811172223337
16 5 12 21 67045 0.9714659366756212
10 29 0 29 55280 1.0059062784459785
12 29 7 23 33675 1.046391271381236
7 21 26 22 79149 1.0008152397854604
4 4 28 8 93182 1.0362691949830645
11 11 8 1 38315 1.0868818257842947
4 29 28 23 104104 0.9237121946188284
24 24 15 15 55744 0.9907042144214734
23 19 8 9 85179 1.0774493622897958
14 21 26 2 100232 0.94406202758019
3 9 11 27 93365 1.008606348777491
18 9 5 29 102340 1.068518268961193
18 8 10 26 83551 1.0739563436578323
2 29 29 12 145534 1.0390874899559277
6 1 5 15 55642 1.0949913792492814
13 5 0 5 58983 1.0035832565589082
1 25 28 23 101440 0.9152430878629919
4 17 22 5 101832 1.027896826787528
14 27 28 23 66928 0.9898111133667528
17 20 24 5 69790 1.011217176138704
24 12 3 20 107871 0.9204154367407181
13 0 10 16 69894 0.9881716863871799
12 16 24 20 59024 0.9808093160965298
26 0 19 4 41541 0.9938024234667854
29 6 8 9 83774 0.9420140305003084
8 29 19 24 54269 0.9453032231614207
12 11 25 20 78371 1.0708999452000103
8 14 29 8 100568 1.088654321211847
27 2 12 16 100749 1.0367704806819906
2 13 21 18 101132 0.9409739734243538
10 4 25 24 110575 1.0588701351653946
26 1 16 24 104068 1.0583530044707858
4 28 7 13 65241 0.9839309836795076
19 1 28 15 73823 0.9331248737284868
17 26 21 7 75640 0.9797165062198713
5 0 11 18 80576 0.9242629823458179
19 18 15 25 38478 1.0654057508859798
29 26 5 29 92452 1.092077147302323
2 6 6 20 62424 1.0886861605373532
12 20 27 29 81526 1.0132278813536535
18 2 12 20 85493 1.0648925816966837
10 18 7 8 46629 1.0369904420407883
24 21 6 22 77649 0.9245885243455869
23 5 6 10 76372 0.9960660112998068
11 27 24 20 70429 0.9966710397286828
16 2 18 24 84816 0.9860762449915494
9 7 8 24 59127 1.0560803451254996
17 22 4 6 92111 0.9367379930094816
7 1 3 28 109109 1.0129860116064706
26 23 12 2 119326 1.084827157042267
26 3 16 20 88848 1.040372898940932
19 1 25 26 97967 0.9407291581967617
22 5 17 14 44822 0.9520642968522892
4 6 23 25 117391 0.9305807793905846
3 22 14 19 56655 1.0583354194001808
4 7 16 4 52226 1.0342967991767222
8 1 27 1 54345 0.9210013532816833
14 17 3 22 63577 0.9633635820936955
10 26 11 7 76971 1.0973443777210448
12 28 16 16 47540 1.0372443618364757
20 18 28 21 45869 1.0290548073712078
7 18 7 29 44213 0.9101896254182373
1 14 25 10 113224 1.0184000049888917
13 7 1 7 46759 0.9738081984531232
24 4 27 22 76802 1.0401471586898055
10 14 2 23 59237 1.0436488310183023
15 24 5 20 48234 0.9451938212718777
16 20 27 28 62272 1.0800880630576242
25 21 14 21 45367 1.0169545670326046
13 0 18 18 81244 0.9486231075207574
0 1 0 25 81670 1.080857359740844
5 4 13 6 38333 1.0299855478236832
26 7 7 16 97064 1.0657607262039956
27 14 13 19 73534 1.0934041426449095
22 26 23 11 55380 1.070751229735902
26 25 2 23 89211 0.9469926720714028
13 3 12 25 90289 1.0919864883429422
24 21 5 25 79015 0.9941185929286976
29 18 20 9 63267 1.0551844440105071
27 24 14 9 89403 1.083447786013841
2 10 8 5 40228 0.9912288481109848
15 11 8 20 55642 0.9563168181191776
15 0 1 12 73115 1.0213640652985017
8 7 8 17 31635 0.9279700254543732
4 9 22 0 77367 1.0902613532542995
22 1 20 10 31329 1.053389972620915
22 3 8 15 86337 0.9447673303300891
24 14 17 19 40255 0.921510619876189
3 20 19 6 100169 1.0599643316413396
4 22 2 6 63589 0.9332335315622798
11 1 4 25 92475 1.0696080571073416
20 17 27 20 38257 1.051262600900992
4 3 25 4 77706 0.9405344279876585
20 8 1 21 110136 1.0620626708257226
4 28 26 9 132466 0.9168101008024278
19 4 26 25 86699 0.9845152102132988
29 28 28 19 34283 1.0200528260523472
28 24 10 0 129425 1.0356735803893868
6 17 19 24 75236 1.055588137191735
0 1 4 16 67309 1.0812853848478412
25 13 4 14 107618 0.9293536409642893
10 25 28 4 129143 1.0318408263709975
21 6 1 8 74069 1.0783490966399147
22 14 9 5 66781 0.9324177614254959
12 19 5 3 73717 1.0080460509243785
1 20 16 2 102736 1.0204457432458685
6 0 26 27 135945 0.935935311190992
20 28 27 18 65205 1.028500357078163
7 26 5 18 35106 0.9606631096828118
3 20 16 10 80459 1.0781907730660205
2 25 28 16 110465 0.9878853676761308
17 22 0 21 67415 1.0431205020684025
17 18 6 0 84200 0.9383914297810149
27 10 5 22 119289 1.0693895677550869
11 13 19 18 51560 0.9107106985031616
8 2 15 20 79224 0.9165736416207737
21 5 9 22 95828 1.0509524551873726
8 4 5 20 64415 1.087184466236889
1 28 24 8 143552 0.907891872778997
9 23 15 2 101816 0.9644424707577327
20 23 12 28 45461 1.0742845090807327
6 8 19 11 54645 1.0818755087369931
27 0 2 12 114902 1.0259094413367096
10 22 16 14 49745 0.9556031217084476
14 17 3 16 60016 1.0603979964765962
29 23 9 26 78925 0.9484486057763979
20 26 7 2 118626 0.9801787853852434
29 22 8 15 100043 1.0765409126299568
28 25 29 4 74918 1.0499978466931068
13 1 18 10 50003 0.967892834166767
28 12 1 26 130421 0.975161497046211
10 20 3 28 53573 0.9001267924869675
12 23 29 1 127384 1.0369911588836072
20 1 9 7 45647 0.9888047681181862
11 27 26 5 120496 0.9441421655553981
25 5 21 11 34724 0.9002589456900252
28 2 16 20 97488 0.9471847262579733
23 4 26 26 93064 1.0252152303468876
16 9 1 23 99244 1.0296859270729206
10 2 5 29 99691 1.055944084421885
5 21 4 9 47731 1.098662337059135
24 13 4 5 96092 1.0651229478383928
20 0 29 21 89225 1.0827387261302301
1 11 25 7 95239 1.0640452989099078
25 2 1 5 89034 1.0851742115290577
14 23 28 3 115806 0.9457766633422949
28 6 16 7 47698 0.9592895797842482
11 17 3 20 41780 1.0606243656877232
28 2 6 15 119079 1.0797953018952322
13 4 16 18 63519 1.027846252197818
24 11 2 1 94414 1.0645731322124268
27 1 11 18 103071 0.9714217821351684
2 24 21 3 129874 0.9517807148836552
9 26 2 4 97331 0.9954171159727855
10 14 1 16 52382 0.9329760739742381
22 29 15 24 41673 0.9240173243685744
21 28 25 10 75494 0.9791221073751475
7 25 22 3 116371 0.9526185484487681
25 19 26 10 40411 0.9608732950844601
7 1 28 1 62881 1.0741500933414971
25 29 10 15 94519 1.0606963848537145
20 2 26 18 79948 1.066588195235597
7 12 27 11 91131 0.9095168299174577
6 18 8 10 38884 0.9671543223751805
10 1 2 28 112789 0.905149266120222
2 20 29 22 114239 0.9610004897339867
20 29 0 16 111854 1.09211972374232
19 22 1 0 121671 0.989746354006759
20 10 16 1 45646 0.9008493752417436
8 29 17 28 48221 0.9016678633231284
23 25 0 16 106047 1.0257049680311132
22 25 14 20 41895 0.9456870270131439
16 12 9 20 61687 1.0217735419236142
1 19 14 10 87621 1.0560484261862175
24 27 25 0 106721 1.0718582768573135
13 12 23 4 67640 1.0356190087168127
1 24 23 15 104492 0.9564560034219489
13 14 22 18 48761 1.096970745535263
2 6 10 22 79220 0.9825833245651706
18 28 5 15 93012 1.0817624654956548
29 0 12 1 56477 0.9115641284664413
25 25 17 18 46373 0.9225118962964225
21 8 28 0 43773 0.9767970833633277
28 29 15 1 126867 1.0507879660674109
2 6 4 23 67607 0.9436662392480565
6 29 17 20 69049 0.9204072908448742
23 28 4 7 126044 1.023179072291483
21 23 13 29 48749 0.9058648343474339
29 25 17 0 111799 0.9275594624664437
12 29 27 14 101486 1.0385090710226934
11 12 1 12 58607 1.0572298403820435
28 4 12 5 77309 1.0416767041484511
6 18 22 11 90016 0.9693033119225548
22 8 14 17 60661 0.9997710283623451
18 24 18 10 54429 0.9482798549769154
17 14 20 21 31308 1.0696542054010423
19 8 5 2 64469 0.916342500008829
0 12 14 16 82857 1.0019404322698875
29 12 6 17 113459 0.9646111614457524
26 7 16 17 68830 1.0102011396847297
26 16 7 17 83981 0.9447770720184376
19 23 2 15 99839 0.9387311383392675
21 6 0 12 90345 0.9814879167927926
26 21 27 11 40813 0.9299086068065071
18 22 10 6 75888 1.0748046549685413
19 20 5 5 94347 0.9528366016163056
8 13 17 11 54336 1.0947062879312799
28 22 7 15 105928 0.9962597704186086
10 26 7 0 93730 1.0814995144303727
8 17 25 24 83689 1.0684039985358333
29 24 23 14 55936 0.9669148887250735
21 5 17 27 84117 0.9334353631514283
0 9 19 4 84588 0.9141032234854952
1 27 27 1 152705 1.0282396093477588
1 23 15 8 100085 1.0909692201969323
9 6 21 5 45462 1.0782924057701821
26 21 15 19 50250 0.9029740899723908
13 17 27 5 94369 1.0464736266985066
28 8 6 9 83488 1.0703840890346041
3 11 26 27 136998 0.9235878594854444
23 21 19 1 76214 1.0789130400769251
27 27 19 3 103365 1.014049715249413
15 5 11 28 83061 0.9833096327797555
22 9 10 21 77315 0.9499909018553032
3 23 12 16 56117 1.056149127832315
6 3 19 10 57802 0.9310441162786123
26 9 22 1 44497 0.9546532113280077
19 27 27 19 59832 1.0282251830460323
11 18 5 1 77946 0.9463810247933971
19 14 21 2 46282 0.9876167425371538
10 19 24 21 65587 0.9429461989511005
20 13 13 22 56873 0.980693803581542
24 9 28 25 66896 0.9845458235253458
27 4 6 15 118998 1.005218653519672
2 4 18 9 67928 1.0855072883403794
17 18 26 25 48032 0.9526904054487048
20 6 9 21 87968 1.0330724181333453
20 17 5 2 98442 1.0952186132360497
2 15 23 18 103843 1.0659191171880662
2 18 27 1 129673 1.0744467377998332
16 4 22 17 67390 0.9585692961086935
20 7 28 0 41948 1.0574095666740329
19 22 14 10 53747 0.9757639829865287
23 11 17 6 36750 1.0966964116337197
23 0 21 15 52659 1.014029384432627
2 19 29 24 113758 1.0435053921100161
14 15 4 9 64514 1.084034405506566
6 28 23 15 100388 1.085610336074012
22 20 12 9 68537 1.0518265659194501
6 20 19 6 90887 0.9988115124352482
10 16 8 2 53972 1.0155384990359932
17 0 28 23 117215 0.9306774034278651
26 28 21 17 47125 1.049054063511361
26 14 13 21 70850 1.0311022290217764
26 0 24 15 79788 1.0667903284891778
3 23 24 13 114412 1.072839167610957
4 13 14 25 77369 0.9664672507663346
10 22 1 2 97003 0.9448293302844304
25 12 16 6 57213 0.9104696773703261
11 9 5 24 75084 0.9212153364021424
18 4 26 9 52424 1.0995783846700928
21 18 14 23 40475 0.9615971276592644
18 27 16 9 70426 0.9478467771482748
1 17 18 12 100297 0.976862524251032
7 17 18 17 51970 1.0884317213413888
27 14 3 16 116911 0.9403548865753065
9 29 18 19 61990 0.95751116837596
8 9 21 28 105160 0.9273913111523504
22 9 22 26 57703 0.9814152619664233
12 1 13 18 74588 1.0925191060386865
25 18 21 6 63108 0.9652824415732028
13 25 4 21 43143 0.9606619141922645
20 15 2 29 105775 1.0148587515373306
13 29 20 24 42083 0.9612333965030412
26 11 2 20 117133 0.9400450017553051
11 18 4 10 60747 1.0747288543410547
22 28 20 5 81751 1.0493986814776306
20 1 5 2 42080 1.0234530436616414
13 8 21 28 92787 0.9468407229893556
11 17 24 4 90295 1.0855913593139297
0 10 28 14 124428 1.0348581621769242
4 15 23 2 104812 1.0770624405932956
25 12 28 27 71596 1.0924598485394097
8 1 24 6 63041 0.9995560032100691
5 2 27 19 123932 1.03109494626076
4 10 28 8 95915 0.9817211428907517
18 22 28 22 46209 0.9287401513694329
13 10 1 12 61076 0.9996557486875031
21 5 24 13 43121 0.904720185985482
15 23 21 5 75102 1.0121368212899309
18 21 24 2 78981 1.0846842850127134
8 27 21 12 85487 1.0751262788389675
29 7 13 18 95121 0.9530359274730332
12 7 23 12 54221 1.0467815769163193
8 19 27 11 96676 0.9361952590400799
17 16 0 11 93335 0.9957652132423366
1 19 15 21 59929 0.9707768356777815
16 15 11 28 57737 1.0108164275245681
0 14 24 21 116780 0.9850740181115853
2 29 15 5 120933 1.014251565167978
28 9 28 22 44974 1.0761470022815327
24 29 20 12 66157 1.005931787383697
17 24 2 13 99287 0.9343628812125859
27 29 24 16 68577 0.9573788033488108
8 3 22 15 80368 0.9684776598181288
6 27 19 21 62438 0.9605231338752406
1 18 20 8 104225 0.9400398027887297
20 19 6 20 62889 1.0478582774017489
11 25 23 14 73910 0.9146270864409842
24 17 22 25 46877 1.0561559098427895
5 15 7 23 33312 1.0498824383345793
23 13 17 21 45062 1.0190201358752957
3 20 27 22 98258 1.0305727652616967
2 0 20 20 117144 0.9327880982379517
24 7 16 1 41166 1.0186217659205052
29 1 20 25 109787 1.005067680159701
7 4 12 17 59942 0.9723494966496895
2 13 18 10 86320 1.0441361174336816
4 18 16 27 74112 1.093397578692448
19 3 23 12 49452 0.9541849383862213
20 25 19 2 85217 0.9613437819959341
13 6 13 17 51665 1.098347426382909
15 2 11 22 86891 0.9182863914197618
14 15 13 28 54829 0.9468943673062262
23 24 14 18 49643 0.9211664379898734
27 22 22 9 67446 0.9281672251056041
17 0 14 9 48665 0.9600346635434744
24 26 17 29 43135 1.0936308686665983
25 5 11 20 98972 1.0707351114287165
2 26 2 15 46080 1.0857900002360903
21 10 24 20 45627 1.0904053889043697
6 25 4 2 89527 0.9662691803899449
11 17 24 21 67376 1.0538942546385692
22 22 16 16 38967 0.9529997276074162
10 6 2 27 95778 0.9014854655439216
1 18 23 6 117947 1.0850197562385548
13 21 28 28 77958 1.0635415400968848
10 22 13 11 48614 1.0018991213945565
16 16 12 22 32774 0.9549349885930349
