3126 3206 4079 3934 2524 2507 4275 4791 2803 4501 3969 2818 3146 3616 2169 4453 2546 4544 4061 2577 3400 3012 2112 2276 3389 3892 2834 2868 2542
6503 7240 6212 8481 5958 6310 7708 8575 8449 6840 6207 7680 7248 7128 6240 8520 8318 5730 8577 7047 7969 8079 7187 6191 8554 7376 7288 7098 8298
4588 2156 3312 4588 2790 4044 1827 2299 2450 3910 2458 3434 3038 3065 2455 4584 1949 3600 3653 2582 3137 2137 3827 3851 2560 3227 4433 3146 2731
5433 3899 3868 3619 6045 4634 5086 6378 6373 5953 3673 5270 5786 5213 3989 5349 3553 4226 6178 5578 5443 6223 5194 5485 3772 6117 5702 5815 5545
8428 7784 6300 7332 7526 6517 5787 5810 6714 6152 7062 7065 5760 7680 6013 8059 7877 7404 6457 7732 6170 8110 8085 7181 7290 7067 6635 5925 8167
3001 5364 4141 3362 5013 4386 2731 5296 5004 5305 4018 5009 4780 2802 3597 2760 2662 3330 2842 3586 5138 3216 3917 5086 4382 2857 3528 4573 3674
5939 7214 7223 6762 5937 7490 6742 7213 8141 7228 7828 8009 6630 8150 8022 7793 7439 7073 7886 6816 8102 7631 6970 7025 6662 6709 6983 5818 6753
4852 2752 3490 3366 3939 4786 4894 5111 3822 3957 2953 5011 2759 4250 4505 4135 4269 2998 4805 4757 2687 4585 3136 4184 3650 3148 4904 4286 5433
7485 7323 6396 6881 8046 6229 7197 5816 7935 8028 8164 6842 7591 7416 8431 7904 7432 7777 7904 6545 8259 6630 6906 6993 5951 7235 8114 6883 5662
6671 7024 5873 6289 6982 7168 6417 6003 6301 6761 7109 6731 5225 5534 5059 5229 4897 4994 6819 5971 6299 4748 6581 6770 6658 5798 6445 5163 5391
7014 7726 8382 7809 6099 7770 7373 5819 7966 7096 6550 6280 8336 7212 5849 7935 6904 6912 7790 8168 8379 7896 7915 6968 6676 6114 7524 6333 5990
8111 6621 7126 7840 6803 6875 7287 6197 7290 8611 6414 7007 7298 7329 7357 8548 6281 8347 7648 7980 7760 7712 7317 7643 7372 7302 8509 8046 8107
4105 1583 2025 3610 2205 2449 2998 3813 3783 1924 3752 1557 2951 2920 2224 3198 3563 1976 3742 2546 2933 2992 1550 4008 2705 2171 2923 3999 2489
4386 3000 4342 2482 4407 1885 3368 2154 3933 4186 2809 2195 4203 1801 4045 2447 3778 3005 4473 2146 2093 3978 3023 3572 3882 2259 3666 2213 3677
5041 6061 5417 5363 5898 7539 4964 7587 7187 5515 4945 6393 7356 7625 5534 7599 7132 5132 6199 5426 5313 5269 6015 6231 7382 6192 6041 6542 5971
7262 7459 8342 6849 7175 6228 6119 6089 6080 7970 6206 8376 8175 6374 6108 8418 6910 6186 8037 7547 6834 8264 5682 7444 6495 7021 6328 7207 6344
6145 6747 7082 7024 7195 6527 6525 7251 6577 5591 7701 7209 7048 7000 6284 5531 7228 7920 7079 6440 6319 6930 5878 6057 7944 8028 8074 7876 6230
5178 7207 4803 7150 5990 6134 5688 5120 5815 6282 5063 6508 4914 4949 5516 4613 5056 5205 4705 4974 6253 6587 6717 5038 6154 5236 5339 6802 4730
1260 1814 3150 2799 1183 2792 2990 3788 2380 2918 2755 1635 3383 3172 3585 2365 2721 2441 1139 1461 3830 2343 2301 2168 2471 2893 3760 1911 2119
2860 1655 3403 2255 2988 4057 1814 3139 3813 2777 2953 1919 1779 4143 2354 1928 3249 2013 1549 1477 1986 2149 1441 2761 4186 3758 3058 2174 3730
6032 6483 7465 6544 7083 5249 5722 7991 7824 5982 7014 7532 5779 6518 6432 6064 5837 6834 5442 7296 7192 6317 7901 7862 6129 5444 5713 6555 6826
8305 7314 6554 7516 7650 6792 7044 7569 7047 6306 6384 6008 7172 7858 8167 7653 7737 7795 6530 6750 6600 6705 5764 7228 6365 6230 8014 8421 5868
6407 6320 8128 7693 7616 8138 6193 6012 8364 6623 5933 6895 8760 6235 6601 8085 8071 6073 7154 6849 6456 8351 8430 6282 6207 6543 6315 6906 6083
2137 3902 3258 2888 1176 3072 2688 1165 2270 2025 1146 1288 3281 2237 3690 2108 2271 1169 3675 3848 2744 1198 1415 1229 3411 1149 2685 3413 2232
4469 2715 4732 3888 2509 3049 2521 4253 4441 3136 4429 3824 4663 3967 2801 4244 4661 3279 4419 3124 2990 2168 3806 4354 2808 4565 4502 3536 4027
4079 3745 3353 5656 5296 4156 4875 4187 4271 5806 3801 5734 5273 4751 5156 5780 3315 3485 5685 5437 5201 5580 5575 3648 4485 4194 3736 3878 5409
6486 6903 5074 6299 6192 6858 7028 5113 4505 4887 4398 5559 5159 6324 4403 7028 7005 4760 6126 4704 4366 4318 5546 4503 6469 5036 6058 6061 4815
6909 7833 5992 7506 7872 7294 6648 6263 5972 6701 6379 5553 5621 6879 7562 7457 6108 7289 5609 7035 8035 6825 8057 5251 7331 5619 7431 7669 7508
7409 8064 6010 7475 7239 8316 7853 6725 6221 6766 6522 6346 6612 6629 7072 7672 5689 7637 5800 8351 6972 5607 7629 6276 6961 7047 6217 5607 6710
5509 5604 7746 8113 8291 6967 7166 6971 7418 7062 6760 8177 6523 7394 7863 5921 7454 6181 7977 7408 7056 8142 6527 5597 5836 6771 7383 6655 6321
6537 5262 4727 2437 7029 5706 4544 5529 2726 7216 3220 2398 5791 5877 3388 6540 4758 4236 5515 6057 1515 4942 4408 6250 4814 3983 4630 2448 1826 3352
8236 6623 5363 2984 6909 3538 5129 6202 5112 7416 4025 3307 7158 3790 2517 5405 4262 4029 5555 7382 3163 5222 4581 5604 4673 5018 3353 2498 2740 3409
6243 6581 4064 3636 7422 4910 6301 3548 2997 5877 3039 3321 7422 6374 2938 4174 5834 2608 7444 7336 3422 5239 5278 4083 3340 6132 4894 4052 2294 2448
8701 6013 5456 4654 6747 4268 5235 5719 4172 5376 3692 2406 7583 6298 4418 5565 5665 2627 7149 6914 1287 3266 5498 4731 3615 5779 4353 3124 2183 4222
7544 6739 5316 3916 7414 3668 4930 5201 4929 7857 2527 2994 6511 5745 4754 5635 5025 2614 5066 7237 1238 4970 4592 3906 3819 5102 3949 2283 3392 2510
6628 7444 6494 2957 7164 4419 4235 4344 5187 7167 3841 3610 6334 5150 3309 4728 6072 4882 5629 7857 3510 3577 6701 6574 4942 6291 4682 3163 1940 3214
7922 6290 5555 2636 7123 3851 3992 3896 3876 7611 4931 2525 8225 4716 4376 5696 5141 3402 5774 6274 3151 5202 4648 5294 3218 5600 3190 3851 1271 4323
8825 6064 4869 3545 6843 5553 4267 4910 4935 6541 5219 2479 7428 5416 3413 5800 3669 3055 5448 6195 2216 5845 4277 5914 3830 5728 4362 2954 1463 3134
7361 7372 6061 4777 6292 6351 5784 6097 3013 6962 2926 2859 6035 4865 2194 6202 4323 4502 5859 7149 2678 4952 4939 6551 5392 5638 4132 3880 2308 3300
8827 6612 4416 3694 7776 4677 4918 3689 3803 6219 4578 3988 6962 4092 2049 5890 5973 4680 6932 6906 1528 4588 4100 5040 4055 4097 3871 4061 1611 3982
6954 6914 4786 2734 7135 5146 4948 4083 4410 6689 5230 5017 7058 5477 4099 6381 3944 2935 6047 8495 2296 5029 4338 6643 4493 4166 3690 3339 1343 3791
7850 6053 4448 4605 8686 5295 3738 5533 4911 5711 4972 4662 6006 4086 4167 6021 5571 4294 7453 6208 3264 4206 4976 4409 3036 5814 4360 2543 3923 3808
7632 5036 6529 3764 8660 4978 4037 5576 5233 7119 2672 4765 6227 3915 4361 4187 4140 4919 6245 6855 2592 5735 6732 5182 5046 4647 2899 3368 2764 2185
8575 6397 5410 2783 8712 5173 5538 4806 4837 7010 3518 3910 7694 4461 2491 4982 3815 3103 5940 7660 3729 3685 6091 4527 3570 4172 3017 2349 1945 2587
7674 5297 5017 3158 8529 6291 5240 4640 3814 5514 2802 3177 8612 4443 2607 5098 3517 2858 5926 5941 3499 5164 6498 4273 4809 4482 2866 3165 2088 3729
7974 7356 6474 3616 7390 5685 5011 4657 2536 7473 3529 4809 6213 5542 2410 6367 4722 4373 5620 7213 3605 4179 4227 4973 3704 5428 5191 2570 2431 3583
7618 6816 5596 4229 8273 4558 4280 4738 2410 5563 3908 5012 7852 5499 4216 5617 6083 4184 6992 7110 1966 5710 5099 6622 5349 5788 3988 3470 2937 3344
7354 6691 6809 3028 7099 4098 4348 5614 4091 7009 3705 4252 8344 5677 3282 5220 3701 2777 5302 6090 1428 4052 4323 4254 2809 5418 4334 3550 1233 4230
8790 5596 5504 2703 7278 6180 5348 5756 5033 5739 5282 3140 7396 5248 4730 6349 5418 4584 6854 8406 4031 4142 5778 6281 3573 5628 5164 2271 1711 3627
7752 7308 6733 4268 7047 5544 4884 5675 2819 5318 4684 2308 7317 4868 2599 5466 5761 2635 6949 8460 1503 3591 5106 4273 2908 3781 4330 2722 3741 3807
8109 5190 5500 3238 8324 3520 4397 3740 2695 5556 4409 3174 8530 6386 2168 5880 6238 3453 6292 6320 4030 5190 5438 5537 4401 5264 4574 3013 3408 2135
7304 7800 4966 4035 8664 6212 5955 5562 4442 5255 2912 3330 7423 5760 4685 5041 6224 4976 5745 6019 2580 4558 4022 4090 4435 4303 3722 3512 1877 4260
8364 6300 4571 3144 5996 4792 3947 4493 3716 5181 4785 2639 7055 3864 4111 6243 5753 2399 6904 8286 2844 4572 6201 5114 4631 4387 3154 2739 2700 3405
8934 5570 5094 2268 6884 6298 4389 5163 2877 7495 3790 2857 7030 6522 2771 5033 5069 3142 5543 5674 4063 4973 5338 5588 3344 4788 4205 2436 1529 3453
6542 5507 6218 4074 7084 5694 5055 4282 3038 6100 3965 3116 6191 5829 2220 4601 3991 3003 5801 6860 2830 3316 5040 4535 3663 6315 3310 2566 3194 2050
8556 5084 6226 4661 7542 3582 6417 5775 4412 7082 3562 4304 8538 5881 4160 4842 5548 3806 5554 6889 2047 5588 6629 5325 3387 4321 3741 4348 1733 3809
8461 5562 6719 2866 6811 4206 4839 5518 4289 5762 3286 4920 7020 4309 3706 4655 5314 4316 6554 8432 2373 3825 4602 3963 2750 4399 3529 3185 2134 2441
7400 5131 5070 4537 8077 4583 3966 5648 4087 7287 4289 3204 6013 4444 2870 4773 5976 2829 5239 8017 2101 3711 5550 4455 2724 5074 4963 4313 3106 2560
7541 5825 4072 4301 7054 5974 4255 6076 4339 5640 3122 4219 7409 5890 4413 3989 5357 4846 6241 7016 3866 3931 5046 4458 3560 6303 2949 2101 1605 2632
3 6 23 24 110588 0.9764068224523559
0 11 11 8 47454 0.9122369697739396
3 27 14 8 91177 0.9822585627508886
24 1 1 19 113411 1.0576812470344428
22 4 7 18 93135 0.9495587066896047
5 22 20 26 62873 0.9170248399485444
0 15 15 18 67929 0.9038959611926546
23 26 16 3 74516 0.9441481803448012
20 16 9 21 47748 1.0449698896525381
23 13 10 7 61185 1.0472389911795001
29 18 17 15 56476 0.9811577352716963
21 23 23 2 57816 0.9877721556616953
28 7 27 28 80270 1.0722682455122095
13 24 0 29 43620 0.966886459914779
23 24 14 7 68913 0.9527445262412583
25 14 1 3 106331 1.073002780407091
21 29 9 13 79978 1.022168714036492
5 7 26 12 93446 0.9157319258112161
10 4 27 16 100355 0.9541248491064733
7 12 16 14 34800 0.9755660179450536
6 3 24 28 117455 0.9178621650454084
29 15 4 20 91505 1.069897286654537
22 22 11 12 65680 0.909194340680149
1 25 9 11 69084 0.9695003000848432
15 25 28 1 107776 0.9828398518310109
13 6 28 18 85462 1.0623762086492685
24 14 29 21 42782 1.0616780340091494
1 4 14 21 87804 0.9166820475723993
15 11 20 18 41547 0.9462512119946637
28 4 20 19 80015 1.0314376687808506
10 0 6 19 93677 0.9558122591654228
3 3 20 17 96848 0.9307023247832767
23 27 10 21 57670 0.9526578839999879
7 2 1 19 78815 0.9901135894536107
5 8 13 21 68162 0.9582464807129454
23 27 22 14 34703 1.0897768964177148
4 24 3 6 67512 1.0523764001785627
27 24 23 13 38728 0.932338964381877
22 25 6 11 89401 1.0932819867559853
16 10 28 29 78392 0.9817217452662087
29 5 22 11 43410 1.0346378531440217
21 7 11 13 55365 0.9161999548829006
16 1 24 25 87322 0.9268498123526439
3 27 29 27 70078 1.0411984457089647
21 14 6 6 78348 1.0140542959412988
20 7 7 28 85759 0.9675990044065836
25 8 1 22 98513 0.9355661950799659
25 16 7 4 97730 1.0837415374406063
15 19 25 29 54384 1.0398953466400298
11 8 26 7 61977 0.9942930368923264
2 8 24 21 100628 0.9505352764683705
18 27 15 3 74146 0.9230914090695871
8 17 27 24 76212 1.0859780199405293
25 27 18 20 33821 1.0964572186583343
27 25 19 4 79707 0.9811564291234318
27 0 13 25 114093 0.982175294817172
3 13 11 15 41182 0.9506824173650017
5 0 8 18 84302 0.9580775637011039
23 11 18 18 33848 1.0019103476772475
16 29 6 18 64875 0.9413117059959011
29 21 23 8 53325 0.9025637214687439
5 9 7 29 82032 0.9226952320364497
18 13 16 4 38492 1.0267567282046983
5 0 20 24 114433 0.94698816826266
2 18 12 3 76037 0.9336324625338812
12 0 29 6 81736 0.9585114031792723
5 4 8 21 78314 1.053012244115475
13 29 25 26 38920 0.9293824456977493
29 18 2 7 124055 1.0366461793562183
26 16 10 27 75499 0.9229632248969818
22 1 25 17 50910 0.9310700565285718
18 10 0 16 78556 0.9963623860405064
20 20 4 13 68320 0.9248605282912151
3 27 4 14 53403 1.0219349331304486
19 27 7 10 82937 0.9611924966679445
9 6 18 11 48904 1.0559669453580616
28 24 19 26 36208 0.9796171698080484
29 10 5 19 98101 1.0674236305434006
12 28 21 3 88056 0.9716121566430305
6 22 23 7 83220 1.0960880342432746
18 16 20 7 35637 1.0706208185300923
19 24 6 25 56592 0.9290726855241671
10 6 23 5 58980 1.0488977746380532
6 24 23 3 98934 1.030287542776153
24 4 28 11 37642 0.9614628821010269
10 15 19 18 46706 0.9820470264079687
0 14 19 17 73250 1.0008834923351186
12 11 0 15 51219 0.9334728584851983
16 14 24 29 58555 1.0463863820324375
2 2 2 21 59175 1.0457197155642746
9 17 20 20 42526 1.0958152860231407
5 7 18 26 98036 0.9423277612650306
27 17 7 8 93401 0.9484674042235148
23 24 5 19 60622 1.00286121974034
17 0 2 26 117233 1.0143333060961053
14 27 10 8 68456 0.9645566164502785
15 3 3 0 56423 0.961458385135404
16 22 11 16 41762 1.07631079391725
12 20 5 29 40814 0.9440556595111935
20 11 14 3 41084 0.9476620769138253
24 0 14 16 77368 0.9504274468963518
0 15 17 25 82799 1.045194823242825
23 2 29 24 69269 1.0214373234619645
19 2 0 9 90027 1.0082519531486578
11 7 4 16 61222 0.9752606584157717
11 11 14 28 56147 1.0615794369312406
0 9 20 8 83647 1.0379968350022981
10 8 17 25 75957 1.0618570180828588
12 3 9 25 77476 1.079991956207035
17 15 25 0 65528 1.0787345663758598
3 1 15 15 86953 1.0267731679631331
25 19 9 27 67470 0.9611182818667192
20 24 7 26 50752 1.0877542635206168
4 0 17 24 121629 1.0545305832113374
6 8 29 23 118711 1.00543335401507
19 21 25 4 60173 0.9667269062898238
25 19 16 13 54317 1.0275067083971978
4 23 25 2 113324 1.0897689483136896
5 22 27 20 69784 1.0501201411404926
17 19 7 7 78419 1.0436236219586104
5 29 1 13 63539 0.9039644806360713
8 14 3 6 49534 0.9738286723341077
16 24 21 7 62576 1.0293603430479752
13 5 6 17 61231 1.021407956929805
22 6 24 28 55581 1.0921578550191804
22 20 15 26 38900 0.9164134916033997
9 16 19 11 51300 0.9966991132119983
17 10 9 20 51946 0.9132447614171423
10 3 22 14 69955 1.0837665812182835
22 28 0 11 104142 1.096874366490367
5 29 27 25 68429 0.922130608129238
5 0 22 6 85271 1.0957023042437173
17 4 0 18 100532 0.9806915359693051
21 29 2 24 59875 0.9635928138880728
3 16 16 9 69946 0.945782522313706
15 23 9 29 39424 1.0942532013748014
20 14 17 6 32759 1.0716957559928524
1 9 26 2 116455 1.0256449705570314
6 7 17 13 65641 1.0087502937465673
3 15 13 23 54230 0.988139854278778
5 13 4 23 37756 1.0352496709074785
17 18 21 27 35674 1.032025374185375
17 6 27 20 65000 1.0751005213944393
3 24 1 0 87310 1.0967596310763106
24 0 21 7 34063 0.9744867761712067
4 27 7 17 47633 0.9310511184374489
11 12 22 6 61320 0.918543362229282
24 22 14 14 49993 1.0667959978767965
13 9 0 12 52994 1.089338234124366
28 15 19 9 46786 0.9296976758308423
19 6 26 2 39906 1.0536410591114505
1 6 17 27 105227 1.0049230782320626
2 25 8 3 89582 0.9702272147487119
3 7 0 0 32629 1.0316757122754634
26 9 19 18 46186 1.098200379907596
8 26 2 1 96554 1.0912628307241852
22 12 11 19 65722 0.960404289695775
11 26 26 25 56622 1.0432092647821607
22 21 12 20 35419 1.0640143413843046
7 28 20 22 47962 1.0124947720870818
11 5 8 19 65002 0.9227526306337906
4 2 8 20 80382 0.9132373862024746
4 0 17 7 79508 1.0991350795667938
26 18 24 7 41355 0.9228736185528069
12 16 20 26 53288 0.9794705397779279
29 3 21 6 39745 0.9758569100396519
10 9 23 19 71523 1.0258874330616463
9 15 10 0 69853 1.0269903025184721
4 17 26 29 91220 1.0888349405577566
18 23 3 18 58217 1.0005583535886706
12 27 11 10 52683 1.009103828230511
28 28 8 26 60324 1.0439904603633205
5 2 15 14 68649 0.9145356799595231
27 23 11 27 60269 1.0563985690979087
27 24 21 13 48352 1.0533403892865318
6 15 10 25 60274 1.0347410335139453
21 28 9 21 55247 0.9931751635756699
11 0 26 23 113059 0.9479220604557113
11 17 29 3 94564 1.0308909264088235
2 29 20 21 62407 1.0557276562900615
10 8 26 5 71514 0.9384789135740507
4 21 9 8 63591 0.9717855339728549
4 10 20 11 62561 0.9609179648694358
5 19 20 14 58248 0.9325525448248412
2 15 19 7 81551 1.0501269894830578
15 17 26 19 45007 1.0517904663516653
19 15 7 7 67162 1.0949736576789066
1 10 21 28 103790 1.0837119834087172
21 10 15 26 63064 0.9962723644363294
22 16 2 0 119963 0.9882617173834742
3 14 21 23 82587 0.937557853892369
19 28 27 18 51948 1.006075341082059
14 17 3 18 45239 0.9608496202731301
20 2 4 11 83709 0.9769663139873699
7 22 21 2 96343 1.0656964590281224
27 11 15 7 52967 0.9958944315390217
5 8 4 18 44333 1.0601574229905375
14 27 4 28 24577 1.0599164421688045
10 2 28 17 97626 1.073671459671545
23 25 24 5 50296 0.9728146366933837
24 1 10 7 68559 1.0564338651681942
4 28 8 1 113626 1.0091110617976835
25 19 2 13 90615 1.0244181368119176
1 23 11 8 78342 0.9345308561374108
0 0 9 17 82413 0.9296046566212882
28 7 3 4 110372 0.925825193525912
28 21 15 20 42373 0.9581407412677626
25 29 27 17 47809 0.9980771573056862
3 19 3 6 50782 1.017188793547247
26 24 7 1 119268 0.9909030529104625
0 8 26 13 109515 0.9451569714238299
22 7 19 24 51298 0.9903896765081659
13 23 8 3 76707 0.9267206738528716
2 1 5 24 81498 1.0749025260100336
8 25 14 1 98155 1.0404511637708567
18 19 24 26 31800 0.9060174130177943
20 15 6 5 86046 1.0152918121769723
23 12 15 1 60933 0.9283713049897682
27 20 19 10 45634 0.9013542257263134
21 21 24 0 66055 1.059611265290091
11 21 23 18 46469 0.9729447227061154
5 8 0 16 42823 1.0466362638111375
23 12 18 25 46032 1.0674973251564914
1 0 8 29 115541 1.0970553054177143
14 8 4 2 57065 0.9704609269095611
18 25 25 3 69015 1.0352610216546634
26 15 2 1 117378 1.0998494335101066
19 8 8 21 68829 0.9745057738213595
29 17 19 14 42936 1.038162463657471
18 14 16 23 33062 1.0383412431956198
18 2 15 9 31819 1.0970068002159863
25 4 14 12 64559 1.0285477742233644
15 28 29 17 66937 1.0851486797519112
3 1 3 12 44232 0.9670129222477373
15 7 4 25 95038 0.9863224576603538
13 3 19 23 67546 0.9076323721709793
19 25 12 22 38304 0.992971361499931
9 21 22 8 74147 1.0785403256612485
25 7 9 16 78294 0.9173495222528568
3 10 17 14 56161 0.9528572596106764
16 21 24 7 57375 1.0122460567618734
18 26 1 7 103094 1.0509376866530733
25 19 24 10 35126 1.0977218005166318
2 22 24 24 71601 1.0971202145956178
0 10 8 8 37989 1.0888082563835035
16 18 25 22 44143 1.0161320345628113
25 5 0 27 118255 1.0557262865403325
4 28 4 5 85321 0.9366647843818302
23 3 2 12 94241 1.0479088990867933
16 18 15 27 44250 1.0525410343650528
9 8 13 28 72123 1.0777703621641086
13 5 3 4 47790 1.0582128607446997
10 7 27 25 102877 0.9888956916012839
7 27 15 9 81450 0.9526502717266685
9 12 5 28 75463 0.9873335812997198
5 6 26 23 120111 1.0753058285259076
3 24 12 0 97806 0.90839117774381
17 26 21 18 37875 1.002270964672554
6 28 1 13 61805 0.9439009602799087
10 2 25 0 66744 0.9407908124164158
8 6 2 24 81172 0.9807489193177874
24 12 8 18 80576 0.9615540511760121
23 18 16 2 63289 0.9436048874585742
16 6 0 14 84904 0.9068078356589838
1 18 15 9 77772 1.0292370408971854
19 25 22 2 68644 1.0820814806913657
26 27 6 22 77223 1.0316994409628721
11 11 12 2 31221 0.9954356464650176
5 26 13 24 36744 1.0377945493515126
19 5 9 29 87575 0.9615704074634008
24 16 22 29 38913 0.9605643584184134
15 9 26 28 80075 0.9806526767961716
14 12 24 15 50612 0.9853298245150275
14 15 3 21 50007 0.9599398601767114
7 25 12 3 79435 1.0670082708804827
26 6 12 7 63837 1.043720788780094
23 19 26 3 47152 1.008076455085843
16 28 0 23 50781 0.9383089387950914
17 9 27 6 52647 1.075532231736071
7 2 28 19 121301 0.9080707821716754
25 3 20 9 35593 0.9273782217087241
19 1 27 7 49364 0.9489441489273863
25 5 2 19 102310 1.0985922758315934
1 23 21 1 119880 0.9810930484322202
28 9 1 2 119708 1.0309588301500496
0 7 22 27 122500 0.9480311888218131
11 7 0 0 69395 1.0656242939912617
7 10 16 15 45974 0.9025500985178567
3 24 21 3 111417 1.09234345365951
14 4 5 29 98512 0.9540968823846736
10 12 4 18 48304 0.9088776625924119
11 1 28 9 83540 1.060908075095366
28 24 8 19 70572 0.9528613551423507
27 15 1 19 97416 1.0162668116916427
6 28 19 21 46276 0.9490566097067175
2 2 18 4 63843 1.0730047488913894
14 17 28 14 55597 1.05237225085538
25 23 17 7 67252 1.0671390893725594
27 17 7 24 80193 1.0682155743487947
27 24 11 19 60291 0.944844510424776
10 0 11 27 93553 1.0264121359316536
11 11 0 0 69397 1.0505379133416535
6 2 29 15 116390 0.9066283592301266
8 27 25 22 65456 0.9650147508547156
9 11 9 1 57844 0.9528907532670982
25 15 6 4 100102 1.0207786401968002
23 7 20 22 47709 1.06584223844456
15 12 6 23 68174 1.0844000833141627
28 7 12 15 75241 1.056439843424093
27 21 1 1 138345 1.0720742324011132
21 0 28 23 93692 1.0983578691180191
13 1 6 22 81757 1.094858274149901
7 25 25 29 57427 0.9437465586296279
0 28 16 9 96116 0.9666612109426015
20 10 10 11 43531 1.089793754239507
27 27 9 17 78346 0.9106158728821023
10 9 1 17 60182 0.9588966717232843
22 15 22 3 36313 0.9648027887693863
13 19 11 27 26563 1.0406785760775659
13 23 2 18 42511 1.0183719744276196
0 26 9 11 71313 1.0714436269653262
0 11 14 1 79141 1.0651324860937175
25 12 6 1 97990 1.092105036355874
11 5 13 24 63949 1.0591183929970536
2 22 27 1 123092 0.9792312331608932
17 26 26 13 63216 1.0074915434989666
10 17 2 4 66673 1.0133636191182505
26 29 2 16 96579 0.9514145979956876
29 13 27 29 75251 0.9577256470506124
26 25 4 0 144088 0.9896172984628999
19 19 25 8 41741 0.9060893376052129
2 2 20 26 122089 0.9322651709185649
22 15 5 20 66096 1.0424197928468941
12 0 2 18 83750 0.9137006248909795
4 11 11 1 62329 1.0547361969253803
7 26 16 23 46800 1.078441163016779
11 20 11 8 42311 0.9415680477659455
4 8 25 13 94799 1.0138330963915165
28 15 21 20 42399 1.0332044745798532
15 22 18 1 68293 0.9955697219489029
16 21 25 2 71731 0.9342008582854922
24 8 4 5 88765 1.0209709199711166
19 13 1 5 87150 1.0804674649763781
26 26 9 13 85036 1.014672255461808
15 0 23 26 96429 0.9521342984356744
14 0 26 7 72041 0.9415344706395126
21 22 11 26 50338 1.0086317502984006
2 5 14 16 70950 1.0681348192501463
13 19 16 11 37843 1.0644240085411436
15 27 0 28 36785 0.9673448714002618
4 6 15 22 95563 1.0141583437092443
4 9 6 19 48336 1.0409384734198084
20 15 0 6 94258 0.927403779174049
14 9 21 29 76950 1.0760215729360982
20 27 25 7 62205 0.9808255127931536
10 26 24 19 63403 0.9182803690501784
5 14 18 29 75036 1.0857381677404134
12 17 19 27 47120 1.019359059244465
5 17 27 21 77339 1.0172849911640924
13 19 9 0 81446 1.0971453603129835
5 25 13 20 41708 0.9143852461133838
27 5 14 10 61504 0.9298476986054243
22 13 9 20 56195 1.0171842769179584
4 22 25 4 110293 0.9602512076799148
2 25 14 25 47608 0.9428654836729845
8 7 15 26 81230 1.0120039781121903
19 10 1 0 99570 1.0582999420024868
12 7 15 16 36890 0.9558000186811645
5 20 3 11 36768 1.082190761429226
16 1 16 12 56549 0.970331676584649
18 4 5 9 68813 1.075725069537811
16 10 0 25 84407 1.0141012892656662
11 4 7 28 88216 0.9425855589416023
28 5 21 22 72529 1.073949037641977
1 9 17 29 105267 1.0745620120717783
7 26 12 21 33841 0.9162515950065596
20 0 19 20 59877 1.0418952050583234
4 9 26 12 93692 0.9524236883794295
21 15 8 10 64056 1.0431155509250734
22 4 11 8 60634 0.9856515138484285
20 20 12 13 39525 1.0580761068001343
9 0 0 29 127877 0.9428042341948843
0 15 12 4 72143 0.935157150993349
7 25 23 8 88377 0.960419459376996
29 0 14 22 113004 1.0305544903666048
11 18 13 29 41696 0.9797680416317593
22 9 4 14 78861 0.9473415050047486
3 18 18 23 58217 1.0940997350230561
2 8 8 28 76039 1.0738196421330892
5 2 1 18 68393 0.9362336916764933
3 14 18 13 55318 1.08316320002087
26 4 12 26 101271 0.9143600457247937
19 28 15 4 84203 0.9732775244431414
8 14 4 20 31113 1.0222438616155345
15 29 7 5 103476 1.0998930274207566
21 14 29 7 51056 0.9041929076349472
15 25 6 4 105453 0.9464462606560574
18 22 8 16 52385 0.9258245834940887
11 4 20 23 81693 0.939130252142872
22 27 28 2 80983 1.0563433193858451
13 15 29 26 77392 0.9959503482969129
18 28 21 19 35228 1.0533750238003297
9 5 8 23 86818 1.0579768576226822
9 4 24 18 93014 1.0005011019443768
1 2 11 13 74760 1.0337954956141977
5 1 18 1 59995 0.9321813244230148
11 8 8 17 47194 0.9581711941854248
8 14 29 22 91172 1.0190514197176443
15 19 8 10 61706 1.0052993648736417
18 4 16 21 50421 1.0177334326136214
7 29 5 18 47769 1.0404653394897996
18 16 24 20 26813 0.9918110726814248
18 21 3 9 82938 0.9856796474015852
19 27 8 27 33203 1.061396906876193
0 23 12 25 50646 0.9523311848725915
1 22 24 17 76939 1.0450843783349066
8 21 19 29 56780 1.0001748429232817
24 22 28 0 85844 0.9173665426540637
26 4 7 15 94775 1.0216885145553316
28 16 22 26 45777 0.9450557488458295
8 29 2 12 69449 0.9856662639462226
18 2 0 12 88270 1.0299432443321384
3 4 8 22 79717 1.0421452239061297
12 25 24 11 69757 1.060072957237435
11 1 22 27 102922 0.9740977837770101
22 8 11 27 81184 1.068418015955873
18 12 22 5 33384 1.0679321731107612
15 2 26 24 92308 0.9750501574820926
24 24 0 14 91055 0.9794466067207798
6 4 11 20 81228 0.9111530542808672
6 20 4 8 53804 1.082085795133454
14 21 6 0 95407 0.9781280007954969
23 18 18 3 49862 0.9833381790004155
22 13 27 4 46238 0.9107016283612587
26 24 13 27 46357 0.9984369568716662
25 12 4 1 107295 0.993388522084641
28 5 23 14 41603 1.0448427472376567
18 16 11 22 35482 0.9785503395816343
17 18 15 10 38501 0.9851492327435907
3 1 2 26 82740 0.9898153688331635
11 17 16 3 58562 1.0817652070109873
27 22 2 6 119927 0.94629470737887
15 5 22 2 40052 0.9314062669648963
27 26 17 4 86344 0.9745788388155646
11 26 6 19 42668 1.0693958700133699
17 17 3 9 74748 1.0157363955730276
6 12 17 3 71623 1.0777559582500358
7 1 22 6 73414 0.9572390721745124
19 21 0 28 60651 1.086082139854646
28 25 16 19 54237 1.0937618667531395
6 23 21 9 85549 0.9642622230788658
4 9 7 25 68968 0.9520198977368572
9 2 10 12 54830 1.0309600201904474
0 29 7 6 94956 0.9579552827511255
15 0 0 10 93907 1.0963102188720704
2 17 13 14 44836 0.9971896170161734
22 8 8 22 83834 0.9659927832761678
21 4 0 6 89843 1.0207920816060232
22 1 27 20 64770 1.0630129829474613
23 8 2 27 96982 1.0476602783765223
8 16 11 3 61493 1.070393727604437
16 4 29 8 65658 1.05706587344869
12 24 23 8 69636 0.9197155254580022
16 14 3 20 50286 0.9807918182056317
2 25 12 7 78051 1.0301597480503646
1 18 22 3 108666 0.9506402340507109
18 12 11 26 57805 1.0372751353166612
5 22 17 9 77804 0.9192633191014351
12 6 2 20 65537 1.045007405448056
25 28 27 20 33280 0.9109467616288096
27 27 23 7 56539 0.9677994746201167
0 18 1 8 37291 0.9139267096060658
13 4 29 5 69388 0.9659470626110427
0 7 28 11 114225 1.0296967558548118
3 6 27 13 115810 0.94175736375931
9 5 14 18 62136 1.0667566886373496
14 4 0 24 97766 1.074490271344867
21 17 1 1 113897 1.0345124463006916
5 28 13 12 64754 1.0930540509545064
29 8 9 1 94696 0.9857739035617228
28 29 1 18 101586 0.9169798828674727
12 28 10 18 43069 0.92928529792038
24 7 29 21 59653 1.01763884040543
4 14 17 25 77524 1.0000606348952548
1 15 11 14 39410 1.0032549314709818
12 22 4 11 58736 0.9599071040545818
11 10 22 27 78485 0.9435967973171715
21 25 29 15 59651 0.9870753793930939
4 13 15 15 47721 0.9193180500795525
5 27 28 9 111903 0.9588067604901149
25 25 17 27 30739 0.9340287641693599
1 9 16 11 63845 1.0425331325675544
27 2 15 19 86730 0.9530935240935918
15 16 0 0 97677 1.0808213551171701
3 28 29 26 72623 1.0857425765860693
21 12 15 8 31720 0.9391264928924467
23 10 9 24 76925 0.9001556328074314
22 5 19 19 47543 0.9366868912992623
27 28 22 13 48696 0.9838154281853659
0 23 17 3 101146 0.9406582885735184
17 26 26 19 46209 0.9148413923762916
18 14 17 3 32823 0.9856439916257296
18 27 29 21 50688 0.9334615533113573
26 21 24 7 48642 1.056953698654275
17 13 0 1 97830 1.0953378313421855
28 23 10 19 74265 1.054396030470542
6 0 11 12 69923 0.9458636868587519
3 14 16 24 73692 1.082712757648292
5 24 29 20 83821 1.0827377587370826
10 14 12 28 48796 1.046762814675064
27 20 25 5 57306 0.9653421900819282
12 2 5 25 90352 1.0781876995947883
8 8 18 9 41438 0.9475867638673986
24 21 27 10 46369 0.9112410872186116
24 1 1 24 121072 0.9049624378541202
7 13 1 0 65284 0.9388713113037073
4 1 16 3 54513 0.9489848796635517
23 10 12 7 48146 0.9902378584903114
9 1 2 15 73835 0.9247807437899203
9 0 27 21 123192 0.9366250070687672
19 8 5 15 67444 1.0313901795244484
12 16 4 25 56045 0.9622325432226606
22 19 8 11 74018 0.941852986787869
14 15 14 26 42655 1.094560019572109
21 26 22 13 40884 0.9289993421117712
4 10 13 25 75197 1.0032167543228108
24 1 10 2 58940 1.0140406473048977
27 5 21 20 59205 1.0188474694440723
14 2 5 24 95909 0.9552329158857427
13 7 9 15 39499 1.0808211796666605
1 13 11 14 38405 1.0213254192017596
13 1 17 22 78159 1.0855872603862544
5 29 27 21 75591 1.0367061866035292
14 27 23 15 53914 0.9315393823296904
1 5 13 5 56654 0.9836653308229275
14 29 14 8 74599 0.9250971665078885
7 5 10 29 102574 0.9736012032228989
26 8 5 23 99061 0.9164581024677408
18 1 15 29 83038 0.9962486725688131
22 28 2 8 108002 1.0285683703843447
15 19 1 29 68516 0.9244028260576429
10 19 14 6 62437 1.083695171033605
19 25 0 8 102979 0.9516840361605825
20 14 4 13 58850 0.9148450788956398
24 11 12 14 45005 0.936134201707354
23 20 3 3 110209 0.9578639310510634
15 8 23 25 61595 0.9044617287527168
3 24 18 24 61066 0.9315108808347696
17 25 3 12 92288 1.0465761603022974
1 22 22 23 74771 1.0360886686866988
11 7 5 25 82598 0.995345255787664
13 16 2 3 74513 0.9285231805626679
28 17 23 24 32374 1.0602316990808078
3 19 26 23 79358 0.9495703330043488
18 13 5 27 70391 0.9253613722906749
11 1 14 11 39834 1.0802013103649033
22 0 12 5 60179 0.959208341278156
23 13 25 3 27341 1.0701416124593943
9 26 18 0 94830 0.9278161281542984
1 16 22 18 83498 0.9376411297443393
3 18 1 5 45885 1.0546684425148394
29 23 2 5 133356 1.008248074676454
15 18 1 21 54026 1.0944681250026376
26 18 3 16 88772 0.9475087443712882
11 13 21 3 61539 1.057237334835516
17 29 18 3 71147 0.9617019210233798
7 2 9 19 80617 0.9478009142802877
9 24 24 0 106393 1.021293135796197
25 22 27 8 57885 1.0117686634938656
10 14 18 21 45175 0.9095166510652452
19 8 4 12 69416 1.0705077167899262
28 3 18 23 77470 0.9417724502924537
1 28 26 19 81212 0.9509999249088816
8 6 1 20 71383 1.0910823590484997
8 18 20 21 50642 1.0314071103263043
17 1 0 14 102439 1.0674390906707552
0 15 4 9 32795 0.9322486855901633
19 29 18 8 56847 1.0853578167237568
29 18 11 17 72678 1.0525786982517538
18 2 16 14 40443 1.0409892277600197
28 13 8 28 91402 0.9118452550942172
25 7 18 26 64679 0.9615045364384214
29 15 8 19 87935 1.0813922926469084
11 8 29 17 84915 0.9452594667545662
15 29 23 17 51284 1.0963722828290872
13 26 3 19 46004 1.0917688811918382
6 14 29 13 85492 1.0833514260993988
19 11 3 25 85915 0.9005725927455507
6 3 28 12 101134 1.0228654773205013
9 12 28 21 88245 1.098383937065837
15 27 0 7 102561 0.9588678207924771
7 6 18 7 54690 0.9455567590561083
0 18 16 12 79072 1.016663538250695
22 23 13 19 39880 1.0309568368754494
13 3 18 13 43437 0.9887647482786708
1 24 3 5 67883 1.0468951464735998
13 16 23 13 42028 1.0238111234364562
26 3 21 29 78141 1.0002989363125006
27 21 18 15 42246 1.084080080819429
22 15 15 4 66173 1.0302028111727533
23 19 11 21 42794 1.096109823042229
2 9 7 2 39287 0.9074064835385564
22 10 8 10 55127 1.0232629704744074
3 2 25 11 97755 0.9878242845080142
16 24 2 9 86659 1.0054722471411512
14 6 21 26 81519 0.9338039095802779
5 22 25 15 80029 0.991761799516049
28 0 22 15 69795 1.0063113365875225
14 0 5 29 110107 0.9488904511264704
1 27 21 22 70124 1.0407288753253792
18 2 17 28 69567 1.0721300389102129
3 3 19 23 104828 0.9897331114202089
12 4 0 13 66454 0.9823091645045835
25 17 0 1 125276 0.9441846555769025
23 29 0 17 90326 1.0843801470876788
8 12 0 0 64375 1.030287517275159
12 11 2 25 64779 1.0576656894824028
16 16 27 7 64835 1.0261114212609577
8 18 19 12 61313 0.994926411807201
23 3 26 26 62399 1.069410836017885
21 17 3 21 58588 0.9945259220230809
28 15 10 1 100576 1.041002090322485
22 8 26 27 55905 1.064445507787966
19 16 5 25 68254 0.9545743167448202
20 24 26 18 39823 0.9740928671810447
28 9 14 13 67574 0.9044852153061694
27 12 20 0 67535 1.0788967254785202
13 19 18 4 57081 1.0171718018963951
27 14 23 6 28957 0.9426988960626325
27 18 9 9 94163 1.0333875211349595
7 26 23 21 60194 0.9416778329324585
17 15 21 23 34764 0.9159307945432072
14 29 6 2 108153 0.9444515801827806
25 6 8 25 105353 1.063250009711871
15 7 5 14 57178 1.0905361599014107
4 28 22 13 81851 0.9694340535806215
5 26 28 20 78474 0.9903597257178125
2 16 18 21 57023 1.0593965467684479
29 29 15 7 93835 1.016866246550058
8 6 14 0 47734 0.988546155822366
19 13 0 13 73025 1.0178745036520909
11 15 3 2 77593 1.0078816430884374
3 5 14 23 91061 0.956825529349214
28 0 15 26 115705 0.9343367385601454
2 29 8 24 33629 1.013954865919207
17 28 5 15 68087 0.9454955546668163
11 26 6 0 107756 1.0191436220656547
19 13 12 28 53056 0.9037543744121037
29 10 27 19 64909 1.0759923787190344
1 28 15 20 57569 0.9165399402538421
0 29 8 24 38006 0.9902598196301748
17 27 11 0 98978 0.9180919370012216
1 2 11 1 54971 0.9155621418423961
14 27 25 13 67346 0.957534430022891
7 19 16 3 79271 1.0525428860993138
22 18 26 9 40298 0.9379691842924928
3 11 11 20 52147 1.0976321947205163
5 28 19 15 60418 1.0390786804296872
28 2 9 8 90155 0.9387926776606674
17 1 24 12 52154 1.044867075041436
18 1 14 9 38554 0.90582297119395
2 1 6 18 65167 0.9525099763628482
24 5 18 9 32376 1.0849528656902452
8 19 28 0 122079 1.0651777867692829
20 10 21 29 59233 1.0239620867222237
14 29 9 15 60841 0.9692682641513706
20 24 9 17 52268 0.9134748203608082
21 15 21 29 51496 1.0459099386212531
23 14 2 20 71573 0.996233852850496
15 23 10 13 50218 0.9762232335760033
17 10 20 26 50622 0.9459655597917512
15 10 18 25 48912 1.0253214172174065
0 25 29 14 110580 1.0949488775544953
5 26 28 24 74342 1.041488984612213
7 20 6 8 52097 1.0193439638967807
8 13 12 3 47562 0.9932033623522071
6 1 26 9 95674 0.9403258899662865
0 4 8 18 70752 0.9173789439337915
27 2 4 3 86691 0.9907849470126366
15 14 13 25 41540 0.9963992804742591
11 9 25 28 86545 0.9066693282971919
24 11 12 21 58502 0.956676892319875
15 25 29 18 73889 1.0946887686793407
13 24 0 23 53050 0.910717558769022
1 16 1 26 38138 0.9327044332166677
13 27 2 28 26705 1.0741149760811508
5 15 9 27 54969 1.0422561961421284
9 29 18 24 36701 1.0408513064090725
4 7 29 21 126093 1.0661890445130764
5 0 12 15 71640 1.0027119930053472
21 18 15 12 50601 0.9476869447438737
13 19 15 8 45526 0.9354060183147741
1 10 0 23 45643 0.9589054554965779
28 16 23 3 53707 1.0734342603322893
2 18 23 3 99967 0.9535909146341393
20 13 21 2 46422 1.04070826371362
6 6 23 1 80564 1.0524444954492198
8 25 22 29 56667 0.9742052861577923
3 10 25 26 106361 0.9875013134287164
13 29 15 15 54292 1.0374044784410323
12 22 1 27 44728 0.9868521142779465
12 5 28 24 94364 1.0047516385276924
13 8 9 27 68445 1.0211838511492424
14 19 2 10 67155 1.0467303295524102
4 23 23 3 103629 1.0946567399440195
3 6 16 27 102929 0.924478579108749
26 8 4 21 94531 0.9811084774329842
3 29 17 5 102963 1.0718825861845187
2 7 12 24 75550 1.0574188160849425
6 27 14 0 109203 0.96464460704397
25 24 11 25 57246 0.9101851372648871
13 9 5 18 53994 0.9428533112087343
0 18 21 14 74093 0.9662070549822502
6 6 22 16 95895 0.9423233988909571
26 11 7 19 79728 1.0704316814005694
19 12 11 27 60195 1.041909543788723
19 5 9 2 44199 1.0669118633923143
5 9 15 23 79626 1.0874195733616345
20 25 8 8 84134 0.9213285495387185
28 28 27 0 99932 1.0961487693424994
16 1 11 10 52904 1.090071567014439
21 5 5 28 98230 1.0011162039628807
10 4 28 22 114443 0.9685672835256658
21 9 8 10 56773 1.0367135670479763
19 18 19 8 26928 1.0326486007894995
25 17 19 23 30223 0.9738886853020154
9 28 27 14 79595 0.9845099806935815
25 11 15 17 48714 0.9667662816870946
19 5 16 18 53244 0.9834685761812056
6 10 24 19 87563 1.0317218474381058
29 17 19 12 48858 0.9167328077350699
0 14 6 7 45214 1.0623610253288573
2 16 22 19 72186 1.03628406085529
22 0 22 21 64974 1.007120631791725
8 10 24 29 97449 0.9335532069530816
8 28 14 10 67085 1.0584728041227858
24 3 13 26 87230 1.095582962988802
6 16 29 0 127882 0.9567018589873035
21 3 22 24 58393 1.0666648413115032
24 29 5 0 136945 0.9793306873465715
3 29 25 18 84772 0.901145751355417
16 9 22 16 48907 0.9132259072250085
2 5 14 12 65503 1.0270032267645877
3 24 28 25 92603 0.951056962192476
17 29 14 9 71756 0.9974128367449067
25 16 21 26 36174 0.9277131349167874
11 13 0 19 56100 0.905214748332931
16 15 12 26 49911 1.0224983966343426
10 9 12 20 42753 0.9902251027587857
12 17 4 1 82139 1.0426566103977088
25 16 19 24 36299 0.9932130674082743
29 27 7 2 132316 1.0794334798567256
27 1 20 20 73537 0.9319153776418893
16 21 18 3 53220 1.0425164550506596
25 9 19 3 35860 0.9125676493490001
10 7 27 20 87392 0.9667699284081778
5 22 26 16 81024 0.9306951857242428
21 19 4 20 53014 1.0984955887550307
25 22 2 11 99018 1.0195360662646624
26 10 7 28 89778 0.9270355309193248
23 26 3 22 75787 1.0994805624286466
11 1 27 19 104700 0.9714526858486469
9 0 3 18 93873 1.072042807659615
11 6 8 28 77151 1.050462862788641
27 9 4 25 119036 0.9278479066426877
21 25 4 24 66162 0.939758537913026
18 2 1 0 79174 0.9484725080165777
5 18 17 21 46715 1.0274875769937144
21 2 26 11 39502 0.9664940287425575
4 16 28 13 95005 1.007835255705203
5 21 10 14 39256 0.9979121311034312
27 2 5 28 116817 0.9240194926919193
3 20 0 6 54399 0.9217325935014593
8 5 14 25 87872 1.0710379828083962
12 27 21 4 94838 1.0249480414512493
7 9 6 22 56319 0.912238951075344
13 16 9 22 34102 0.9466616789469164
17 23 28 3 81724 1.0262005328853725
6 10 27 3 95635 1.0106102555086007
16 19 25 28 46789 0.9901489643545057
17 11 22 4 38381 1.0362251816968877
8 6 23 22 92791 1.0848794237631043
3 28 25 18 79941 0.9242366225116925
10 3 2 8 45363 1.0847285153899378
13 11 3 11 35305 0.991920636837215
21 0 10 5 63316 1.0268989624536944
27 8 13 1 67149 0.9300597556077062
26 11 2 13 91126 1.0055385577582443
4 15 0 8 38387 0.9390584599545663
18 27 3 19 63331 1.074579027271249
14 14 21 9 40449 1.0188290085463332
3 26 26 16 96341 0.9150563855379071
19 24 29 19 43982 0.9973397290747024
24 17 1 17 80948 0.9484070839808458
17 17 2 25 64739 0.996149376288711
21 11 8 26 79155 0.9236173440351293
10 9 17 4 55958 1.0544291841044569
14 28 4 10 83170 1.00992596529588
17 21 26 13 51788 1.0937815288134005
23 11 18 5 32206 1.0452972811191226
24 15 23 29 37580 1.03456022370563
29 29 22 5 76873 1.050194893197539
4 0 17 29 133203 0.9813501866222093
1 13 15 12 64351 1.0992518350890774
21 9 23 23 42531 1.0902738664563125
6 26 23 0 115001 1.042574509677373
13 12 2 25 67716 0.9860558262185397
13 25 3 21 45446 0.9415997536395967
15 23 11 9 56550 0.9458946245031816
12 10 0 24 68497 1.018656447657222
1 14 23 28 94864 1.094451842346806
2 19 14 0 96465 1.047551957446761
0 26 18 21 63241 0.9359883907440076
14 14 24 6 48979 1.0187833756013531
25 1 11 10 72322 0.9439039203715844
27 5 13 24 93000 1.0381239413683137
27 4 1 15 123530 0.9681479198669452
9 5 22 27 103598 1.0261461535088148
6 18 17 17 47675 0.929168538212695
6 25 0 11 68042 0.9284481233040601
9 17 21 7 73688 1.0384257486942745
23 7 24 24 40103 0.9739498969398561
14 18 5 20 33794 1.0176004853761833
4 27 8 13 66535 1.00807273923928
22 7 2 21 91538 0.9810055132863175
0 10 15 4 82861 0.9713882328722405
6 19 29 12 102989 0.9549087872776192
22 11 3 17 77376 0.9541628403297315
21 4 1 25 121648 0.9449462288470062
28 15 5 5 114332 1.0086127172525499
14 8 0 12 61764 0.93568285489842
21 27 7 25 46004 1.0212722107364312
8 22 19 9 70065 1.0465370489384749
25 12 3 21 88609 0.9762227161326925
29 9 6 5 108704 1.0054379801722904
9 5 29 27 119808 1.0138369988786369
25 7 14 29 83472 1.022374922390466
11 28 25 3 93362 1.0144825682342737
16 15 27 24 55682 0.9109955124634963
21 28 29 7 80842 1.0569721741894935
4 11 28 21 102007 0.9644286345467927
29 29 7 27 60673 1.000883689217637
27 29 2 28 62275 1.055661990491692
16 3 2 1 55943 1.0794111789279888
13 2 25 10 61583 1.0805745517259648
28 20 1 14 91151 1.0419185674343168
3 16 28 8 106946 0.9731104955935895
23 20 5 16 62870 0.9015955577354998
28 20 6 28 68433 0.9896011463106807
6 16 8 2 66988 0.9565628872716003
2 6 28 25 127116 0.9967902146735057
7 4 20 6 60186 0.9284511742523119
28 27 17 8 77331 0.9281263530516064
26 24 10 24 63158 0.9618140295475348
18 3 25 14 45615 1.0402097931293675
25 13 3 0 117662 0.9050111749761529
17 23 11 27 36215 0.9051012193080633
20 16 3 17 68003 1.0828675028646033
10 2 9 27 89695 0.9637716655384226
14 20 5 11 56138 1.0151362788621905
14 29 9 4 96038 0.9173260981779933
5 0 20 16 100661 0.9336184973707962
0 2 19 15 100041 1.0792649426717458
18 8 24 21 49614 1.0783542146775917
20 1 4 29 112959 0.9270443488142599
23 5 10 24 84090 0.9077669679819008
17 19 4 3 96673 1.0884650986121478
8 23 0 26 42802 1.0204609860235372
15 22 25 22 47338 0.9932269712818317
19 12 29 26 63292 0.9105038849679882
14 11 16 21 47124 1.054902310093103
1 6 3 16 39588 1.0503015446246111
12 1 2 4 45350 1.0493612201662854
16 9 2 23 80232 1.0316747953727472
0 18 8 23 40246 1.027937642304907
24 25 19 12 42187 1.0145006120595268
21 23 25 3 60900 1.0070446990106916
20 27 2 27 44879 0.9360942856513841
15 5 4 24 96644 0.9402939484635235
13 23 28 2 100060 1.0752659923935213
8 11 12 25 55391 0.9401778406945676
29 27 3 6 136782 1.0180017156109376
4 21 23 28 73223 1.0811752702779238
22 0 11 24 101322 0.9861724099486959
10 29 23 14 69949 1.0884461322731842
10 27 23 3 91796 1.0790648453206357
26 1 10 27 110320 0.974987407101618
17 21 21 2 67951 1.0452887577572023
17 15 20 25 35682 0.9095412678877862
28 11 17 12 42971 1.0791824839624162
13 11 19 29 64035 0.9984259018220165
8 6 27 23 113617 0.9359590968016973
29 26 16 20 52225 0.927702572182027
3 26 16 27 42602 1.0313492798276842
2 4 4 17 43538 0.9089802203316193
24 10 3 6 95442 0.9922393191798207
23 26 11 23 50987 0.9869181946010749
20 19 0 7 104046 0.983432126231607
26 2 10 25 109231 1.0287252387919659
12 4 2 7 53735 1.0530886899970313
4 4 22 26 126715 1.0408318188171077
24 22 16 13 51208 0.9187845379885738
24 21 3 8 103625 1.0424438040109965
17 11 0 4 83182 0.926382049505741
9 17 26 7 83923 1.0323025152005418
5 25 23 11 91484 1.0719053736832096
10 5 0 0 57517 0.9699359395343365
27 27 18 13 57795 0.989658002940892
27 5 14 9 63516 0.9619500980341467
9 17 23 3 79472 0.9390073548002247
8 28 5 20 37371 1.0306025862695551
20 27 11 17 54136 0.9834311119128443
4 4 16 27 115669 1.0389518678667802
27 19 26 29 46863 1.0190981346731542
14 11 4 4 65897 0.9953963630874656
14 5 19 28 83319 1.0497607361930101
10 22 18 0 81789 0.9001697708092468
21 17 5 21 55425 1.0099535967183793
14 0 25 23 102143 1.0693233777059228
25 3 28 29 79855 0.9349720162624459
15 16 15 28 49453 0.9110686556348632
24 29 28 5 81164 1.099767174309036
27 14 9 18 76405 1.0160850515535864
20 1 25 26 83023 1.0790977924852665
24 25 23 6 45599 0.96671799890344
6 25 25 16 84636 1.0386820980114206
5 22 1 15 36074 0.9836624991382491
17 16 19 27 33500 1.0071949754049483
28 17 24 25 38526 1.0432825881760879
17 16 5 4 84625 1.0824959060544403
14 16 11 23 31666 0.908054119129322
22 25 1 22 80636 1.0805218587938659
18 22 9 6 74693 1.0736055793446106
13 1 19 10 47702 0.9478177703936542
2 12 20 2 92870 1.0099418991229612
14 27 1 12 81673 0.9042755260130791
29 9 17 25 81883 1.0787292552614738
0 25 3 3 75229 0.9050888654182142
17 9 11 19 54802 0.9885492170983754
23 20 19 1 59740 1.0856123485127422
8 12 8 25 63876 1.0863054863991146
24 19 2 25 79096 1.0265426340721058
20 2 16 23 75696 0.9957431702058732
11 6 16 23 70144 1.0769594998640608
26 3 27 24 70730 1.0750729186842445
20 15 5 25 75648 0.9734413370443441
9 16 8 28 56864 1.0004028907145486
18 24 29 15 62684 1.0217201389019301
0 18 9 7 68536 1.0429941511356366
4 11 23 28 98865 0.9837993041928172
22 17 0 11 88121 1.0367064666553667
6 29 24 23 62003 0.9191695224340231
16 21 29 11 68226 0.9582541382591617
21 3 17 25 71512 1.0356181647200273
9 24 16 0 104589 1.0961230647924127
26 6 1 12 110124 1.0613396991816897
21 13 16 0 60893 1.0145008208817308
18 12 14 22 41347 0.9027770482587346
14 0 17 13 62850 0.9830988909321481
13 10 13 23 39996 1.0604322351521156
5 4 3 21 71089 1.0283903992570942
13 24 24 3 81484 1.0056507502151504
5 12 22 3 87129 0.9759152964058518
23 16 28 3 47440 0.9364932739576662
29 6 1 11 115899 0.9734659825087069
7 26 13 16 49339 1.0357974056733397
4 18 1 11 34471 0.9316128420147339
9 15 14 24 49127 1.07337755932905
18 11 25 1 44461 0.9511147033439219
25 19 14 2 83456 1.0444845154987519
26 15 16 9 50910 1.0295505381824506
23 1 7 23 98692 0.9656325787431866
10 27 7 8 79578 1.0739251040118936
25 17 25 4 47345 0.9957601211581466
7 10 19 16 56200 0.9570095172589832
0 11 21 3 92511 1.0660461297503812
10 28 23 28 32101 0.9667578617066939
21 16 16 1 67338 1.069778414026934
7 4 7 28 97531 0.91385083180569
6 16 0 20 29117 0.9639933294693238
19 11 6 16 60400 1.0630439271660443
16 7 16 18 53401 0.9342953858719714
7 16 20 15 56479 0.9705646156525329
19 14 0 26 80769 0.9563617198055597
21 6 14 11 43454 0.9913597556969104
16 0 16 28 90550 0.928539011445849
19 23 28 3 72274 0.9903568342111086
14 24 21 10 60858 1.0832850178148048
9 29 12 2 86785 1.0194882841959507
19 20 7 17 45392 0.981169679605602
14 16 14 26 39041 0.9225099570831277
2 4 11 13 61497 0.9882909555861278
21 1 6 6 76275 0.9131916837744888
10 8 5 26 84582 0.966451364414082
7 11 3 4 42056 1.0514926984505923
10 6 2 21 77360 0.9215106568613963
5 19 25 11 80914 1.0664059529228174
4 12 22 0 109806 1.0830498941329514
14 6 0 20 79548 0.9975763785081705
2 4 20 22 102819 0.9209761718690112
