3883 3232 4077 2764 4121 3892 2654 4022 4722 3288 3527 4008 4133 3162 4643 4416 4382 6167 6735 5791 6345 5298 6986 7383 6427 6291 6810 6569 7307
4288 4437 4905 5143 4559 5556 5803 5876 4992 4542 3915 4939 4416 4883 5406 4599 5777 6025 5066 3674 4316 8550 7486 7468 6799 7929 7362 6356 7905
4327 3645 4075 3997 5312 3758 3937 4714 3255 4757 4484 4200 5251 4227 3925 5154 3099 4853 4510 3551 3375 2780 2175 3974 2575 3550 2543 3460 2612
3637 3863 5777 3821 3634 4884 5782 5363 4895 3924 4124 5681 4457 4642 5683 4457 5088 3977 4439 2811 2773 4422 4545 4153 3233 3336 3838 2891 2943
6032 5003 5819 5436 3125 3942 3868 3665 4001 2885 3960 2642 2839 3138 2883 4453 3390 3400 2545 3651 4654 3077 3756 4585 3534 2967 3829 2941 3394
4468 2740 4358 4305 4883 2728 4195 4272 2768 4701 7287 7086 6875 7620 7627 8151 7060 6612 6354 6785 7326 6528 6589 6905 6302 7409 7718 7012 7987
5476 5196 3785 5717 3886 5019 3841 4663 6183 4857 4424 3913 5342 4138 5518 3975 5078 3905 3804 5391 6194 3940 5839 5179 5731 5358 4065 4797 4336
4572 3713 3455 5172 4089 3816 4124 5585 5550 4406 4912 3425 3292 4687 4300 4299 4051 5460 5083 4519 4920 4815 4318 4169 4585 3288 4890 2982 3514
6600 6695 7403 6066 6298 6556 7850 6523 7065 6348 6599 7471 7614 6649 7149 6132 8018 7848 7052 6018 5721 6920 5919 5802 6272 6298 6625 6283 5784
7464 6292 5524 7131 6936 5604 5971 5688 6003 7525 7664 6418 6224 5429 6516 5964 7118 7469 7089 7228 7539 7704 3671 2933 3861 3696 3423 4561 3471
6680 6332 8074 7346 6159 7289 7889 6897 6854 6469 6225 8300 7824 6324 7993 7482 7737 6730 5990 7264 6450 7240 7145 7757 7006 4791 5963 4543 4244
3367 2418 4180 2813 1963 2538 3046 2393 2091 1977 2400 5128 6397 7270 6498 6866 5060 5483 7142 5598 5403 5252 7318 6309 5902 5049 6069 6243 7342
2739 3799 2550 2183 4034 2479 3225 1770 3463 3936 3994 1963 6383 7085 6380 7473 7633 6105 6745 6548 6236 5614 5967 7326 6591 5402 6928 6829 7524
3280 4189 2896 3200 3238 3945 2964 4037 3130 2607 3764 2892 2975 4893 6299 5051 6737 5435 6558 4706 5006 4643 4653 6483 6091 5532 6398 5784 6129
6189 5361 5162 5533 6311 5428 6143 6135 6642 6584 5992 5825 6181 6012 5907 5398 5389 1931 1444 3621 2976 3118 2219 1675 2560 3344 3383 1602 3500
4779 6021 4776 5608 5934 5384 6100 5707 4919 5613 5466 6115 5534 5030 4727 6329 4630 5760 5969 5257 5820 3973 4811 4283 5803 5560 4131 5636 4201
2988 4554 5121 3129 3464 5339 3263 5396 3918 3668 4022 3339 3251 3726 3960 4500 4468 4551 5121 5020 5399 5305 5118 4221 3818 5253 4168 3881 2808
5821 4634 5997 4516 3852 4986 4723 5893 5290 4263 4858 5253 5963 4655 6078 5936 4720 4526 5903 3917 4215 5036 4490 5006 4453 3454 4084 4370 3419
2438 2138 2189 2410 2389 1253 2758 2847 1919 3160 8410 7491 8778 7754 6968 7793 8774 7918 7868 8239 6571 7286 7288 7265 8103 7122 8552 8328 6672
5079 5140 5039 3473 4208 3412 5371 4098 4238 5044 4163 5253 4005 3394 5342 3789 5617 4505 3294 4153 3860 5128 3619 5384 3726 3633 4522 4776 5255
6654 6289 7966 7546 6391 6644 6345 7723 5707 6877 7749 7664 7385 7181 5884 6747 7407 5925 7577 7893 6340 6737 6424 7257 7194 5752 6661 7655 7020
4419 5254 5702 5937 5913 5124 5022 5390 6536 6085 5506 6243 5344 5556 6205 6216 5776 6864 5334 5834 4552 6611 5706 4547 4599 4597 5746 4646 5763
2123 1233 1800 1918 2229 2245 2270 1261 1267 1865 2402 2836 2913 4305 4429 4300 5618 4561 6371 5115 5117 5342 5191 6009 6568 4850 4701 4611 4376
5042 5768 4060 4018 5478 5771 5538 5406 5193 4704 4950 5099 4611 5502 5199 5657 5337 5670 4261 4581 4853 4581 5032 4443 3770 4391 4669 8602 6812
7269 7194 7939 6393 6328 6949 6906 6517 7804 6297 7778 7949 6340 7418 6301 7226 6651 7732 6946 7495 7853 6250 7530 8373 7036 8290 8036 7106 7431
7028 6802 6794 6882 7702 6772 7519 7397 6932 7335 4648 6021 4645 6075 4898 4130 4418 4076 5901 5436 4271 6342 4406 5811 5539 6181 5463 5027 4716
8184 6962 6415 7117 7192 6604 6696 7174 7736 7576 6191 7989 7795 7677 6536 6000 6794 5088 6854 6958 6749 6398 5642 5753 6187 6243 5303 6696 6716
3528 3680 5634 6960 7510 6666 5594 6100 6328 6779 6654 6455 7150 7404 7650 6272 7276 6376 6548 6937 6084 7453 7776 6380 7456 6585 6597 6085 5701
5354 4383 4768 5169 4806 4966 3630 5467 5577 4581 3761 5148 4375 4208 3573 3550 5359 4586 4464 4901 3961 7907 6459 6595 6576 8065 6469 6889 6918
4313 4298 4290 4827 3277 4146 5104 4786 5099 5231 5402 5522 3246 3951 4168 3590 4225 4352 4423 2520 3161 3000 2752 3517 3227 3782 4383 3125 3410
1115 2508 6993 4974 2070 2758 6067 4156 3854 4222 3938 2598 5568 5152 3463 4419 5752 5354 2260 7796 5326 1929 7613 5782 2088 6949 4444 3044 1880 3488
2492 3057 5602 5053 1869 3079 6514 4354 4433 4529 3436 3383 6420 5800 4745 5352 4849 4311 2605 7797 5664 2378 7736 6903 2300 7416 5481 2438 2455 2931
2410 2691 6602 5264 2910 3653 5766 3811 4622 3719 4303 2267 6096 3903 3498 4564 6361 6240 3552 6949 5937 2322 7698 6459 2204 8184 3327 3012 1875 2111
3037 2774 6485 3558 3502 1857 5877 5550 4169 4282 3803 2231 6816 4599 4491 5623 6125 5389 3575 5834 4924 2565 7112 5489 1579 8514 4906 4282 2327 2093
1797 2926 6132 5906 2175 3451 6515 5712 3790 5636 3638 2400 6253 5184 4450 5865 6376 6108 3495 6158 5861 3234 5839 6364 3453 6727 4354 2717 1686 1487
1906 3408 5395 4505 3343 3940 5408 5292 4427 5028 2772 1551 5463 4722 3338 5101 5486 6034 1572 7299 4973 2121 6576 5671 2856 7084 3344 3024 1553 2603
2394 2482 5601 4170 2096 2118 6086 6193 4655 3970 2881 1825 6389 4696 4392 4206 5472 4658 2387 7730 6324 2314 7577 6046 1351 8231 4212 3517 2328 2690
2314 4161 6361 5739 2796 1852 5016 5364 2827 5625 4699 2819 6263 5210 3619 4900 5975 5114 1784 5791 4950 3788 7298 5433 2052 7120 5440 3734 1300 3261
1956 2356 6835 4208 3865 3478 6818 4697 4106 4350 4061 2289 7418 5623 2558 5157 4774 4715 2287 6859 5243 2264 7541 7291 1648 6940 5413 3027 2793 2881
3094 4293 6028 4298 2842 3537 6992 5753 6250 4829 3686 2404 7117 4089 4513 4621 5449 5424 3543 8107 6215 3481 5473 5513 1408 8347 5357 3278 2680 2589
1618 3478 6071 5037 2495 3839 5924 6012 6307 3413 3251 2472 6261 5586 4315 3778 4480 5559 1991 7174 6210 2393 7112 6352 1923 6792 3397 2795 1192 2053
3014 4024 6661 4942 2665 3434 5038 5279 7227 3625 3864 3066 7052 6028 2810 5527 6656 6160 3131 6441 6650 3780 5394 6617 2339 7259 4087 2839 2045 2445
3350 2261 6315 4593 2487 1755 6317 5919 7473 1918 4026 1808 6525 4410 4102 5941 6538 4626 2007 7087 5989 3021 7019 5053 1892 7091 5065 2437 2907 2085
1376 2543 7089 3815 3001 5281 5439 3866 5872 2506 3537 1852 5769 6001 2406 3819 5576 4404 2708 6968 6385 3849 7333 4179 6258 8509 4539 2331 2727 3215
1658 3416 5965 3925 2030 5538 7215 6480 6521 3557 3222 3123 7480 3920 4373 4575 6493 4360 3523 6879 5544 2018 7453 5569 6884 7728 5079 4263 1448 3818
1906 3868 5175 4465 3096 4699 6682 7754 6346 2536 3617 3115 6455 4899 4114 5663 5188 5276 3008 7244 6879 2007 7785 4429 5534 7961 3816 4107 2192 4826
3429 3924 5458 4461 2355 4272 6441 8362 5447 2780 4593 2696 6147 3870 4461 3921 5806 7307 1680 5878 5066 2184 5405 4701 7319 8306 5499 3123 1584 3765
1970 3649 6887 3800 3713 5574 7258 8171 7343 3932 4104 1239 5947 4705 4683 4490 4320 5272 2599 7461 5230 3031 5797 5841 7452 8470 4418 2931 2959 5179
2248 2959 6334 3609 2728 5179 6847 7753 6928 3448 3787 3467 5890 5108 3277 4129 5411 5485 1651 6341 7308 3081 5607 6302 5761 6360 3436 2374 1141 4817
1732 3265 6031 2631 3622 4428 7602 6680 6311 3528 4523 4235 6766 4052 2871 6129 6335 6742 6500 6532 7416 3409 6262 5696 6552 8621 4703 4199 1880 3046
1377 3599 7320 3460 1946 5436 7519 7367 6447 2195 3403 5460 6124 4354 5133 4786 5704 6985 6730 6609 5107 1646 5019 5060 5849 6417 4476 2520 2469 4252
2200 4298 6255 3804 2515 5823 5755 7095 6387 3398 4321 5748 5320 4781 4862 5006 5510 5480 5428 5954 5781 3155 4502 4880 6665 6583 3725 4513 2210 5165
2889 3529 6374 2618 1979 5041 5803 6691 6596 2545 3089 4957 6944 5870 4521 4257 6166 5034 6762 6294 6531 2860 2828 5391 6117 6464 3385 3260 2001 3726
1152 3172 6837 4639 3670 4873 6081 8145 7267 3298 7157 4486 5609 4653 4576 3872 2594 7290 5711 6248 6561 3975 2953 6335 6354 6410 3602 7312 3120 3320
1409 2239 7541 4808 2414 5045 6357 7917 6039 2127 7141 5233 5998 3124 5475 4413 3385 6647 5294 7037 5654 3842 3603 5891 5463 8663 4475 6002 2005 3012
1656 4191 5245 2728 2560 4805 7075 7656 6498 2338 6864 3857 5850 4574 3687 5086 3781 6486 5383 6631 6914 2662 2944 4220 5602 8237 6485 7673 1819 4348
1104 2887 7024 2582 1741 6399 6518 7678 6731 2155 6595 4245 6101 4902 5096 4068 2505 6077 6011 6272 6032 3817 4385 5558 7515 8278 6156 6247 1828 3655
4135 2793 6938 3366 4536 5834 5663 6185 6346 2191 7606 4231 6144 4005 3831 4814 2612 5106 5328 6127 6509 6728 3595 4391 5890 8272 7527 7644 2766 4405
5970 3361 5444 2699 4240 5441 7647 8504 7313 3066 7779 4674 7016 2800 4350 4275 3605 7266 6920 6398 5573 4942 3973 6377 7465 3694 5942 7038 1153 4966
16 20 0 7 90360 0.9044781849540695
17 16 21 3 60453 1.083329533226588
17 15 1 29 80291 0.9570714557858825
5 19 16 6 78304 0.9389052796674775
24 13 17 2 52108 1.0621480082667711
25 27 15 3 120093 0.9736970946777569
0 8 8 13 39719 1.0708904473363228
0 4 25 11 88336 0.994237154616022
6 24 27 10 111477 0.9951466474159368
1 25 28 10 129305 0.9080121607900056
8 10 0 28 79068 1.000133130108373
22 4 4 11 62326 0.9689995011502328
10 5 16 19 64164 1.025908238020112
21 21 4 3 103538 0.9944848389674615
25 16 15 12 59041 1.0306331367542176
27 21 3 18 74208 0.9342445670989087
26 21 18 4 81490 0.9006438646366988
25 9 12 25 96075 0.9408590979714893
8 10 4 21 48789 1.0145631006547815
25 25 18 28 31497 0.9820139698885779
1 20 28 19 95103 0.9818993017690986
2 10 19 29 97153 1.0212033361452384
6 26 26 7 128187 0.9785562082547036
2 10 5 20 43784 1.0416330196433525
28 14 23 28 65886 1.0579185947249037
13 8 28 12 59154 0.9407565870265787
18 0 19 10 27288 1.0044998066632473
26 5 4 3 73021 0.9675495980019074
25 7 11 7 60206 0.9255504359268247
21 25 4 2 130820 1.0592704333611997
2 29 26 11 126544 0.9940813628177125
4 13 15 29 73760 0.9162344865903711
8 29 0 21 41908 0.9454846221766238
15 18 2 5 79004 0.9342139087522551
24 22 4 27 72978 1.0679811056005533
4 27 16 28 27792 1.0175686402509376
19 13 15 0 48014 1.0299695708824455
11 20 15 26 34048 0.9376911188779908
11 7 24 26 102777 0.9566536203868807
20 7 0 28 121641 0.9494202400214085
18 26 29 7 109688 0.9804587937627989
22 25 4 16 83377 1.0008939796195455
21 21 12 7 70730 0.9784830570423262
26 29 9 2 128231 1.007241545035932
9 3 25 18 94715 1.0679343357602455
14 26 14 14 39582 1.0856668975897144
27 22 26 11 61757 0.9825733631634512
11 9 16 29 73432 0.9014045800725957
5 10 20 19 75520 0.9880522519131225
3 27 23 4 121304 0.9223209068105803
18 21 21 6 70791 1.0964353888419358
7 10 1 19 48231 0.9098649312426123
1 1 20 27 137387 1.0465134095702606
17 29 8 15 70746 0.9186150050174919
22 0 27 8 35137 0.9841400185434729
13 26 6 20 44695 0.9781101309997906
15 21 22 15 49595 1.0190282222311202
13 22 0 3 101608 1.0749669209890085
13 0 2 15 69439 1.0260967504079477
17 14 4 4 63761 0.9141130234446931
24 22 8 29 66729 0.9014244974822553
23 18 3 27 81264 1.0799306368375323
17 20 29 6 92629 0.9548899604992672
9 0 25 18 88455 1.0356500597733826
0 5 1 19 60342 1.095731737645365
28 28 20 2 117068 1.0108027450149073
12 0 24 17 75501 0.9102049059381759
12 15 3 18 43570 1.0500598292553494
26 1 12 27 114773 0.9838131297086332
11 5 23 29 101037 1.0380718297063596
11 17 27 20 65141 1.042699313822675
0 3 14 10 56445 1.010512118930917
7 16 29 10 90738 1.0644528811507485
28 23 17 18 55147 0.9348825913103744
18 9 7 2 51138 1.0319051293332637
23 25 8 11 93088 0.9362599153590276
18 9 8 27 89775 1.086810461038053
25 26 29 12 73470 0.9350495866642937
4 10 26 22 97123 0.9190893536353251
13 0 6 19 78835 0.9283419525509465
4 17 19 12 60724 0.9135408312873398
3 24 22 15 84105 0.9451095361019196
26 16 14 21 57853 1.0071183704374587
2 26 4 9 60381 1.0286428989441914
12 3 2 16 62703 0.9410002618603427
26 3 16 0 32905 0.9012650304832491
11 0 2 4 36161 1.0102672782033655
1 17 12 15 55752 1.0297347762255975
26 6 1 26 142691 0.9954779800788189
6 17 18 21 41024 1.028706728857823
16 16 13 5 47313 0.9227887134050032
13 13 25 25 84249 1.0228144447548808
12 9 9 17 50547 0.9383204105926518
24 22 3 18 67446 1.0959240065984694
24 5 0 10 84523 1.094903036080942
22 10 4 11 52536 0.9007147091716056
17 28 22 0 105823 0.9559126290177289
24 24 4 19 79292 1.0621952488484125
8 7 6 28 91517 1.0507798027209148
13 22 5 16 50840 0.9577430221958981
15 29 22 13 79886 1.0499386204446726
22 14 7 27 89148 0.9210740738868933
6 12 26 16 85688 0.9827419764529768
9 28 20 0 110542 0.9688622463121139
25 8 0 4 84295 1.0987145189062186
21 27 13 12 73160 1.0173872140760971
29 16 26 5 64247 0.9439044426557
3 8 24 1 80191 1.0927220772754747
22 23 29 2 98695 0.9844956107150068
25 2 16 12 58981 0.9153216137368786
4 8 16 14 49886 1.039959842640327
5 20 5 1 73826 0.9941223382172788
29 11 24 6 43054 0.9036609540658727
15 2 22 11 42788 1.0278831735206262
29 19 27 9 47565 1.001748654740375
9 4 19 27 98452 1.0792621702146659
7 28 5 12 67462 0.9714646518511547
24 16 28 8 47056 1.0554810417615181
1 25 2 2 95304 1.057519046688505
16 22 27 0 95314 0.9134507123845717
8 29 16 18 50376 1.008849990824389
18 19 2 22 59714 1.026271562897571
27 2 8 14 91467 1.0622941325651925
9 2 3 21 86000 1.0403691340177654
6 21 12 26 36979 0.997746925095403
14 14 1 24 64941 0.918152021716856
12 10 5 0 43932 1.0636195665080423
18 22 28 18 55787 1.0211224661152962
18 11 0 5 64906 1.0861460363621647
28 24 19 15 71403 0.916785368881467
11 25 2 26 30501 1.049548529811167
8 23 15 16 47244 0.9201537203535421
19 28 9 2 106011 1.0894662372732524
10 22 20 11 74287 1.0155056910527316
15 20 11 5 61719 0.9160292803965765
28 14 9 15 85175 1.0630958787511087
21 24 20 13 59925 0.9385079853364305
5 1 2 8 34622 0.9700259187509422
24 29 25 19 56204 1.0610013284401583
23 4 29 21 76960 0.9221318940900042
28 15 22 10 42165 0.9439896415619309
29 21 0 12 119535 0.9886718408296877
10 18 15 29 41428 0.9636378864397459
29 20 3 12 111784 0.980746610583816
21 0 3 9 74881 0.93464102314201
14 2 7 16 63724 0.9355536054046737
11 9 24 0 50706 0.9562612634498749
8 6 28 19 116753 0.9476258482271782
27 2 10 29 129132 0.9969672823974745
2 3 29 2 78614 0.9677894794394037
29 4 20 11 45887 0.9563659708604648
9 15 24 2 91041 0.9423965987806051
9 23 1 4 91282 1.0986669663793616
13 4 12 28 87052 1.0587933712949782
29 3 8 4 64128 0.9614126714397614
0 28 22 15 97983 1.0204652878943055
26 13 8 28 105994 0.9516230910579546
21 3 9 22 104273 1.0683732164938506
16 29 19 6 95489 1.0287990218008514
25 9 23 24 74718 1.0405062013273967
3 0 7 14 62090 0.971360164943841
13 0 10 16 69699 1.0677578857764063
6 18 24 11 83325 0.910142069236222
12 11 9 4 24811 1.0647669375465967
0 20 24 24 89585 0.9676486710131328
11 0 26 14 73186 1.0626237227366342
0 26 8 19 52765 0.995145688674865
12 9 23 29 90007 0.9190766991309925
10 23 3 19 38758 1.0296490245884287
11 17 25 0 91126 1.025229259046906
8 6 17 16 68738 1.0289866245771209
26 12 29 22 52810 0.9074959297642954
2 0 12 25 115400 1.0471835968118905
16 19 7 22 41835 0.9076311855900393
6 14 5 4 44028 0.9552888284580314
5 17 27 12 106255 0.9607339918401231
13 26 10 10 67812 0.9624392716751146
4 11 28 19 105252 0.9026214751138356
9 2 27 29 129044 0.9383304709572233
10 17 26 22 62080 1.0269215603976982
18 12 24 16 43092 1.0672158877773241
27 3 1 22 130617 1.0847434376157667
27 26 21 4 107243 0.9097909331933995
11 1 29 2 49651 0.9944955475104764
16 20 13 0 83018 1.0604507864891357
23 7 7 4 55591 1.0603946639007658
27 27 0 2 147835 0.9911311856566731
12 9 18 16 44832 1.0786847528815702
29 29 2 9 121316 1.0862793390320273
28 22 11 27 64543 1.0608606796239464
15 15 12 26 47811 0.9561781320163059
24 27 17 15 75664 1.0157417051288824
25 16 0 12 96432 0.9755405369626089
9 25 0 10 74240 1.0891094395415823
18 28 29 18 56282 0.915440202587226
12 25 0 8 90650 0.9589754263607324
26 2 3 21 121612 1.0343473441130944
14 12 5 4 46396 1.0832932467978291
13 16 26 27 70362 1.0363690705630866
5 20 29 15 102129 0.9339719094061422
29 4 9 14 90653 0.9948879471804281
0 29 18 1 126822 1.0131869278177505
23 26 11 18 61495 0.9046589672153439
29 11 13 26 103043 0.9439971261131526
11 12 10 0 35932 1.041215708010908
9 25 12 8 76277 1.0977938118178323
2 2 0 27 100355 0.9614202097268778
10 8 20 23 84245 0.9417131678124954
23 9 16 2 36946 0.9351926140046516
27 14 0 24 112246 0.9837647183323084
26 7 19 1 47228 1.0197188513865192
27 9 20 22 73833 1.0972743084589227
2 29 18 19 67728 1.0074062591428192
17 7 3 0 58565 0.9235004439696162
7 22 16 25 42243 1.0299788970438306
5 20 8 5 68484 1.0452525687851895
7 14 28 10 78423 1.048851019730896
3 26 6 8 72224 1.041950921874039
25 15 8 28 90447 0.9151514139552377
8 10 16 4 38285 0.9503271674848641
6 22 5 3 74816 1.0225206357081142
6 23 20 15 71604 1.0724939375002955
3 15 17 24 70553 1.0376009219821034
17 12 4 24 77367 0.996641074262694
26 27 0 20 88646 0.9911192655505772
13 8 28 5 60896 1.0186717224376445
2 7 21 26 119365 0.9727195295619695
14 21 5 22 33539 1.072252230821791
0 3 16 17 85343 0.9102100668331413
12 2 12 23 82394 0.9035965204268605
8 11 22 1 58682 0.9661948073384846
26 18 19 26 61368 0.9735270321884123
19 15 24 23 51352 0.9800182599025993
3 27 28 11 123503 0.9571519290330809
10 14 14 24 47311 1.0846251671345983
1 8 29 11 102560 0.9580035527407679
8 14 26 24 96088 0.9651993621296487
28 5 27 15 50100 0.9314585966302716
0 11 27 3 92098 1.0666328952232038
4 17 0 23 35728 0.9970704798732204
21 29 29 9 96242 1.0439886845144086
16 11 2 14 45332 1.0126386069481579
11 28 21 19 53342 1.0981195676998212
22 10 21 28 87449 1.0260975631300362
14 27 8 2 100084 1.0464991395867287
27 2 27 15 69075 1.0473542149900914
0 23 23 28 67196 0.9769130505868371
24 6 22 16 39732 1.097070928458871
11 17 25 13 75271 1.0369489118635986
20 17 17 9 47969 0.935336014673634
8 27 26 9 109666 0.9901736705755719
17 27 8 17 59051 0.9448875341043619
17 2 23 25 102087 1.0150093224893597
6 10 26 2 85870 0.9600642600827529
19 25 21 15 53990 0.9126196705485924
11 26 8 17 55438 1.0590022700107284
0 5 29 27 139876 0.9727870209313998
29 19 8 18 78746 0.9613575300763904
2 19 10 29 47905 1.0227225571366039
19 0 2 11 65991 1.0890746984907933
6 29 1 6 97633 1.0260014139102973
3 11 15 7 44600 0.9300530333910686
8 12 16 26 79655 0.9986968878627827
24 16 1 10 90356 0.9413847509652306
20 0 18 11 35891 1.0692047696241296
19 28 29 0 122606 1.0244071484983315
6 21 10 14 45636 0.9316575019757273
28 27 1 27 67622 1.0821977079514062
1 5 27 9 83219 0.9207970977534403
18 10 9 1 50855 1.0363919839489781
22 16 6 8 81865 1.0720538460297908
27 12 7 15 90730 1.085372385817531
23 0 4 8 71735 1.0951021888693624
13 23 27 25 62666 1.0748675507303462
22 16 3 16 77677 1.0123041064841138
2 7 23 2 74696 0.9055928710900712
12 3 4 16 52971 1.0302003888131386
25 28 13 2 110523 1.0800772664079836
10 17 13 24 37878 1.028045828590057
2 25 24 19 77623 1.0625032538517576
18 26 10 24 37128 1.018907790196654
2 20 3 9 48212 0.9146695645066306
6 10 12 26 82411 1.0584339755792684
19 23 13 9 67271 1.0446392479261435
0 17 28 10 108018 1.032092455136769
19 8 13 19 63585 1.035132717313457
27 14 24 23 58552 0.9587052244852199
27 1 10 15 89266 1.0614957943990073
12 22 2 7 84292 0.9209632809056681
13 3 0 8 53004 1.009297297240639
25 24 25 9 78413 1.0500075284620731
16 4 13 20 74846 1.053425185956196
15 16 1 26 66543 1.080490924290637
2 2 22 28 128269 0.9659895561706109
1 27 0 16 46885 1.0914520682217628
26 2 8 0 52515 0.9042675720813078
5 15 0 2 58869 0.944830695683947
24 19 25 6 72920 1.0521826857343357
19 4 11 22 86565 1.05917113908278
12 21 24 24 50671 0.9723355298235618
22 28 17 0 112864 0.9180874457777287
15 21 23 7 76679 0.9657000348341676
5 21 26 29 76456 1.0450510026522246
25 17 19 4 56416 1.0336972250867724
25 3 14 24 96619 1.00678781827682
6 6 22 10 63101 1.0035231535146636
11 15 7 27 67601 0.9126522095205141
1 11 17 26 90882 0.9843539797061305
4 25 26 12 115396 0.9122144797810398
27 3 22 24 94939 1.0904646508476183
15 20 28 21 48217 0.9395387984176011
29 29 26 18 55078 1.0658544378079426
12 13 11 3 30633 0.915584223267001
5 25 15 26 39012 1.0841498289464884
2 9 21 27 105650 1.0962328783510777
5 5 14 13 49951 0.9373935456613158
21 29 25 21 50547 1.0992914910363547
20 4 12 1 31405 0.9024011064442196
19 17 7 13 57214 0.9118239846411113
24 17 2 15 93142 0.918469727047385
20 19 20 29 53634 1.0193560693668973
22 23 10 3 100028 0.9683614104603259
20 8 7 28 101756 0.9665979791761616
28 15 1 20 107855 0.9273421444008725
6 10 11 19 52510 0.9956120381898228
1 4 22 15 86073 0.9201834469335249
10 21 21 7 89018 1.0106512124328992
1 22 15 19 58743 1.0827734976157648
18 26 14 7 88964 1.0155749758295403
9 28 16 2 109139 0.9963919242843745
8 0 22 22 102448 0.9959092646642982
11 19 22 26 64747 0.9330951771255482
25 1 1 22 125215 0.9073306431904017
23 26 27 0 99465 1.0061089335049906
8 10 4 16 31149 1.021678094064863
9 29 4 1 113119 0.9585010872807282
21 5 5 1 57136 0.9303919337394486
7 24 4 10 56633 1.00335522658301
27 17 13 26 80819 0.9984581671084106
7 0 1 7 43030 1.0803777031204156
7 3 9 13 51096 1.0646484808094818
6 19 0 14 39194 0.9756047312732723
20 2 27 20 93840 0.9572224637360991
15 5 8 23 99039 0.956423192052043
10 1 2 19 79439 1.0430975739015067
18 27 9 28 24076 1.0975098133539942
15 1 26 9 46295 1.0608481871509754
29 24 12 2 116476 1.0900907487101323
17 11 3 25 81245 0.9928190297048826
12 4 22 6 31967 0.9732685384649484
27 15 16 6 72304 1.036414879324309
20 2 9 2 48918 0.9698091182174425
27 7 15 28 110592 1.0775384660561038
16 17 13 1 65304 1.0609281780547013
6 20 6 4 67971 0.9771145890159344
8 8 0 17 58694 1.0102672297180129
20 13 8 8 56404 0.9297625993967761
22 11 18 5 25613 0.9069575062435182
4 16 24 28 78641 1.0952099010286076
15 5 22 11 38581 0.9191651462220072
16 18 12 0 70416 1.0089903558644717
26 20 11 10 87725 0.9699908724140356
8 23 0 3 93255 0.9663424232593624
17 17 10 7 56690 1.0116692674725234
21 19 25 2 73956 0.9608905877879825
7 7 21 14 71459 1.0812793783868702
15 26 21 3 98040 1.0558112817128902
6 10 15 27 81501 1.055267936710659
4 11 3 20 33570 0.9631042633504884
11 18 5 14 33806 1.0070050473527787
13 22 5 8 78819 0.9290738845307638
3 10 15 14 44528 1.0575588918360694
0 6 20 21 100113 0.9697416779593598
19 22 4 28 56195 1.097714486755732
7 15 7 3 53358 0.9691044814160177
16 18 0 1 97203 0.9719823815961454
5 0 28 23 131726 0.9364225994160542
16 15 9 24 48923 0.9545804028494914
7 11 29 9 65504 1.0976117288827418
21 19 23 7 53210 0.9202173278149823
17 24 7 3 99025 1.0780717356869627
1 22 19 8 97675 0.9724960906502489
29 23 2 16 100202 1.0080868682365194
12 7 11 29 82500 0.9587695727637012
16 16 27 8 63244 1.01699116501062
15 3 2 25 97945 1.0599409270303926
0 0 12 10 54783 1.0172976091506385
3 16 7 9 36676 0.902652728349395
12 13 22 25 82016 0.9617553991983513
19 2 7 12 60097 1.0499546416859855
6 9 23 8 63348 0.9988059713563288
22 26 5 27 50362 1.0396677455252248
7 17 2 27 46248 1.086400476098975
2 29 18 8 104614 0.964544364553605
17 25 4 3 111356 0.9812126503507789
1 13 10 25 70581 0.9198845695042334
14 16 21 22 39348 0.9667597676433708
7 7 6 27 87313 0.9184543245304981
7 15 2 3 56199 1.0402586210575429
9 5 22 0 43973 0.9878840202877205
19 23 4 12 74117 0.9165526030288373
23 17 4 6 99383 1.0415688350829577
13 0 1 16 79390 1.0792220876194918
24 20 17 9 71276 1.0222223810329065
5 17 26 0 99361 0.9796453517548851
13 20 23 15 58000 1.0115191505727166
13 26 13 0 94537 0.9148148753321871
6 16 18 19 47499 0.9967941062568688
8 13 20 0 69376 1.0676231563146976
10 16 16 10 47542 0.9556402291645202
13 11 19 21 52153 1.002912747801743
23 20 29 7 75819 1.0921954968747527
9 23 28 14 93858 0.9857639785804484
18 0 28 20 86754 1.0844246552039394
17 5 9 22 95348 1.0438511180265917
14 9 12 1 27927 1.0018034375667437
29 27 3 26 63967 0.9858350709230786
10 5 27 15 85678 1.0174149833448198
1 19 7 26 38613 1.0379383759505458
5 6 25 2 74306 1.0834006884495604
25 28 20 3 111759 0.9021068274938023
13 18 24 19 49822 1.0769371292830066
28 3 13 19 98064 0.9270554512867901
12 6 29 26 112563 1.0636071533470381
29 19 10 3 107308 0.9844692754659432
0 11 27 3 92098 0.9551738562290365
5 19 7 9 46542 0.9753525526377894
2 1 21 26 140096 0.9014937441917644
18 23 23 5 84290 0.9882789737197115
5 9 20 0 65747 1.0231667013953256
11 10 20 23 73870 0.9062287383348319
4 29 17 28 29829 0.9900941698606873
3 19 16 7 74352 1.0091773099246057
18 1 2 10 67234 0.918760306139134
26 12 23 2 48657 0.9146171236191251
9 27 19 18 50481 1.0127069986719452
8 16 13 23 49090 1.080707699403289
22 12 8 25 88001 0.9379048123554703
10 17 27 2 106642 1.0668380500274992
26 6 21 12 42537 1.08388841417855
18 7 6 16 63866 1.026251393221819
8 26 8 12 73489 0.9937316224213919
15 16 19 28 46187 1.05179299860927
0 14 19 20 75136 0.9233515491978431
26 7 0 24 130577 0.9757240109600294
10 28 2 22 34819 0.9465878736903167
13 3 25 14 66371 1.0217635544317532
14 6 23 13 58902 1.0316986539363528
13 7 1 17 65944 0.9813823167464963
5 5 2 22 67034 1.0386417793308005
11 28 7 0 108454 1.026839340605933
10 23 9 8 88777 0.9777815169670067
13 29 2 24 38633 1.0467440549937594
10 29 9 19 50676 1.0713256591518314
20 5 21 21 71289 1.0919164184889152
23 29 29 9 92191 1.0213054367607262
24 25 15 19 56686 1.0789609001523148
3 8 14 13 47517 1.0279150679010105
1 15 6 20 38789 1.0973729375995507
28 16 23 2 61409 0.9345188182387194
23 28 14 20 38761 0.9692427782692137
0 29 21 12 109244 0.9141277247371536
1 10 11 3 46777 0.9220939459786818
4 17 29 20 88864 1.0712232794913918
11 12 9 1 38718 1.058322074553156
11 6 2 12 36365 0.9986700961826808
17 22 11 2 79352 1.0683617256355056
5 24 18 11 75041 0.9267447597825106
29 25 12 4 114970 1.0321992857271833
18 2 29 2 34323 0.9229072709826316
23 20 2 24 64219 0.9091267596913876
17 24 29 25 53002 0.9434322192205522
16 22 7 25 38447 1.0377496764735674
5 1 3 22 79606 0.9255544742634522
3 12 5 27 61635 1.0816412256006671
12 10 9 23 69399 1.0878059151371091
25 19 18 29 66653 0.9400256185078629
23 12 4 2 80332 0.9022285080272957
1 15 24 8 93092 0.9710684650911284
28 29 21 3 112560 1.0539340116044573
1 18 24 0 103320 1.0548576796206275
22 5 11 28 98975 0.9381398965619118
13 25 27 22 59938 1.0455268946610405
7 7 24 28 114048 0.9554107273951724
25 14 8 27 96106 1.0358399140338537
4 0 21 1 41558 1.0480680511339033
14 2 0 26 112958 1.0190548235044223
18 7 2 2 59843 1.0277441434397507
22 4 5 0 44616 1.075017337222313
1 13 23 0 86927 0.9684155286971676
3 8 24 6 84897 0.9530983109009029
11 8 19 5 36223 1.019313040192261
14 10 9 2 41390 0.9575946729289773
7 26 10 15 64185 0.9700494404199379
8 12 10 1 43933 1.040731941629497
3 8 28 9 83229 0.9546986905851882
15 21 19 5 72743 1.0339230939742834
12 20 1 24 45727 0.9214785052889466
21 23 27 14 65972 1.033274767840929
24 11 11 4 53140 1.071603931890977
20 26 11 23 49653 1.097617335624381
18 9 14 2 33055 1.0471047703442602
3 6 5 24 72722 1.036452581510757
22 3 6 6 53882 1.0520553078430475
6 1 17 28 110420 0.9228579568558243
24 0 9 10 59620 0.9292865081242626
19 27 13 19 45562 1.0347648604259188
3 27 28 12 118355 0.9949809091055575
8 0 17 11 51514 0.93767673301009
21 9 10 19 72485 0.9020213768374287
8 26 12 16 60296 1.0607158149275324
3 21 13 22 33604 1.0931039323619618
29 22 16 21 45400 1.0115316949398718
0 19 17 14 72103 1.0710107731019827
13 26 25 7 106106 0.9239662967922159
19 2 28 14 62594 1.0944220858833322
23 5 21 27 96818 1.022452728913816
3 3 14 17 78077 0.9818901093032197
17 10 9 2 50888 0.9280747681227876
26 6 1 26 142691 0.9458803138175533
19 26 11 12 83462 0.9998036438200946
29 13 13 26 94275 1.0908616626915464
3 13 15 8 46742 1.0389181043416007
23 22 5 3 110828 0.9123477085657677
27 17 0 24 103727 0.978309822023732
4 0 20 19 100780 1.097907395668321
5 20 23 2 105724 1.0923653509178808
5 2 1 16 66768 1.020290681648641
9 6 23 12 67916 1.0979006353590852
10 4 19 5 28778 1.0155604098233977
10 13 6 26 73714 1.0845100263167686
13 5 8 11 26799 0.9453825202832953
17 21 3 16 51795 0.9446384553184871
11 2 27 25 130615 0.9122299155694111
5 27 28 14 108937 1.0944301360330937
7 11 27 15 81972 1.0199262237266495
28 11 9 10 65333 0.9567255848731615
27 1 26 25 112439 1.065949953611917
18 12 2 14 56758 1.064571251878852
11 23 20 7 95178 0.9020909526418525
29 13 2 10 96228 1.0340931544974858
9 2 4 7 37143 0.9628816465394093
13 9 6 28 82076 0.9114058652466588
11 1 4 26 93093 0.9712882974906587
2 5 21 16 94945 0.9195319864972732
8 3 2 26 95458 0.9575039129825508
22 7 5 15 73455 0.9777607724188487
12 20 19 9 68374 1.08547597853233
28 10 2 4 84689 0.9642071202654693
25 3 20 19 73855 1.0965494440087318
2 2 5 12 47689 0.9955338488152357
13 4 20 7 35028 0.9529622604462252
1 17 14 7 69810 0.9990716876234437
29 7 3 17 105899 0.9459397263283181
19 25 12 18 42934 1.0384328583076359
22 21 12 8 72115 0.913657411938996
28 12 10 18 86471 0.9573579762674644
29 2 11 2 52069 0.9013942121655926
10 10 10 28 77129 0.9259653506841623
14 27 8 23 30557 1.0575519212749418
14 25 19 17 34579 0.9613749921742887
12 28 13 11 63367 1.088030777618601
0 26 11 1 105040 1.072379318110781
19 12 3 18 67593 0.9210628325444336
29 12 18 9 45761 1.0817325136436053
27 20 21 10 69876 1.0927425048727553
15 4 8 18 67873 1.0840162750316877
3 18 24 10 89102 1.0725988416948118
24 26 23 5 90595 0.9834528266998088
28 29 24 1 118490 0.9502410692130658
1 16 18 13 74373 1.0376085246972466
11 27 9 13 74147 1.0702346072584188
11 4 22 10 41295 1.066540612369446
19 4 13 15 52635 0.9724838498335096
26 16 28 25 43593 0.9804419949321095
3 12 11 27 77001 1.069505205630944
10 16 3 10 47641 0.9191108420518913
16 17 5 8 62682 0.9862835377476765
18 0 27 15 64349 1.094819409093301
28 25 2 17 107541 1.0601556204715725
12 6 1 1 47960 0.9404817458502484
8 2 22 18 93798 0.9504621965173777
26 29 10 26 49511 1.047870846098843
17 21 28 12 72467 1.020112635523938
3 0 22 21 108554 0.9311489483499643
2 17 23 19 77751 1.0696611054355465
15 15 0 26 77316 1.085804709433598
0 11 8 14 31278 0.9302002228467484
11 9 10 19 55060 1.0281544903692914
16 28 11 1 92066 1.086764300680685
29 26 4 10 115635 0.9445691689002736
1 26 29 20 94419 1.031379810538866
14 29 3 14 72964 0.9162626912995594
28 12 2 11 86202 1.0207136591793091
2 1 29 0 67019 0.9586308094980811
21 29 25 12 93159 1.0133152030309205
0 1 19 9 68508 1.0179050908975675
1 10 29 3 98890 0.9686480720923025
26 12 2 7 99799 0.9868478575473644
0 28 26 29 61292 0.9030384904094144
20 9 6 16 66076 0.9165146944630828
24 14 12 14 49379 0.9869819817844817
26 0 21 6 24409 0.9612686469372574
7 20 26 6 115478 0.9167942003864928
17 28 10 6 85662 1.0173168973719444
3 13 18 26 86537 0.9980562155531859
24 8 10 2 64892 0.9952549823506743
22 18 6 11 76580 1.0509354880125459
7 18 27 28 70049 0.9352443333057527
29 20 3 8 123224 1.0511171703401099
15 15 0 12 57387 0.9814839662861992
26 17 6 27 97331 0.9529872342080328
9 25 22 16 72006 1.0879048380243423
25 19 8 22 66623 0.978910741882599
15 27 25 0 108710 0.9241395545787523
11 14 13 6 34174 1.026095740075588
29 7 4 24 126149 0.9503619351685975
27 24 12 7 108406 1.0310295576538773
6 16 11 1 59688 0.9897467048681335
15 13 18 6 33415 0.900504033925237
18 19 6 18 38516 1.0148206733734455
18 27 5 22 58635 0.9446312695289149
20 19 7 23 55567 1.023476604339343
16 2 0 7 62159 1.057115444968033
11 22 19 6 87042 1.0879857320639603
15 22 4 13 56201 0.9547328773445722
29 26 16 11 95414 0.9053972618505268
10 18 23 26 63486 0.986143084342078
23 20 2 12 92207 0.9246904180513943
9 1 28 24 134021 1.0749735272846377
17 0 4 2 40412 1.0657236852239251
28 10 13 23 95103 0.964786721978221
17 28 24 15 79647 0.9125319967439304
12 10 9 18 49833 0.9158048962969557
26 24 20 14 69977 0.979675749514225
24 21 27 3 85232 1.0620998195696731
16 19 29 0 91562 1.0865364349009194
0 29 22 27 54938 0.9919001077411205
24 4 15 8 41657 1.0865979893864988
24 16 7 9 82102 1.095599977435011
11 10 24 23 85561 0.9713739871842758
17 26 13 9 73513 0.9913109159812681
29 13 16 19 73649 0.931620448976868
13 24 23 2 97490 1.0530386659830504
6 16 18 3 72034 1.058797737737068
14 27 17 11 61362 1.0221134064382582
6 4 29 0 67043 0.9018956820060127
13 0 12 23 91651 1.0221430781083736
28 10 26 23 67069 0.9056029370082821
27 9 18 24 89512 1.0787878453121
21 3 15 11 40793 1.098787874703884
22 2 0 7 74506 1.0631924333443619
17 20 20 5 72081 0.9477482626433371
20 1 9 11 53592 0.965639094307611
23 21 24 8 66339 1.0413404570844471
20 7 5 12 64141 0.9071987345057755
27 27 1 9 122671 0.993172167180677
21 6 9 8 58221 0.9126231213790668
18 13 3 20 72041 0.9468012280002226
11 17 5 29 62962 1.0532683879273117
18 16 28 18 53948 1.0171750971392486
12 6 6 18 58345 0.946121601363058
0 23 11 19 52074 0.9135445930944815
8 13 18 2 62265 1.0109349161494061
7 2 25 5 64366 0.9480409837870077
19 1 16 25 97061 0.9937279257587465
22 15 24 2 43455 1.0939629986497457
15 1 27 5 46589 0.9655378254972745
0 20 29 15 115949 0.9434749049612696
28 28 26 16 52342 0.968493924532473
9 21 14 11 58208 1.0662984450450044
16 13 3 20 63466 0.9386324997434786
28 27 1 25 78693 0.9827816878437083
1 13 16 16 64736 1.09408585964282
17 0 9 8 47604 0.9788724960577122
15 6 14 16 53627 1.0465320751616938
8 15 18 11 47487 1.045761465692515
21 3 6 9 65675 1.0034852378835344
11 19 28 28 68974 0.9157190295973521
13 4 20 21 79247 1.0895365082932584
12 17 22 28 52645 0.942122974448705
8 24 12 8 74064 0.9068656909359637
14 15 0 11 50186 1.0086680599854083
23 14 26 21 43599 1.0327236036690235
26 0 6 0 42742 1.026701661944537
27 0 5 17 100465 1.0449029828144425
16 13 3 1 70493 0.9308512581477935
19 21 5 27 55389 1.0536797985654398
13 18 24 24 54550 1.0846226653264337
6 3 13 21 84774 0.9243883923511389
4 8 29 19 118294 1.0496892453453652
25 13 12 0 61255 1.0388990700274607
15 0 27 2 30280 0.9437943746814268
1 20 8 5 74899 1.0288434916337716
18 20 20 3 77586 0.9603813968329791
6 20 20 16 57951 0.9462285045849287
16 6 11 17 63643 1.070570630309
4 7 12 25 83145 0.9000139103909508
14 24 25 16 61084 0.9940517487465339
10 8 14 1 32248 1.0917157747808368
29 21 11 12 99008 0.9626025990749933
20 17 6 21 56639 1.0940345609226092
4 8 21 24 100777 1.0059962680604717
20 25 13 19 52360 0.997930975088404
10 21 24 17 63089 1.0497506826305327
2 1 4 28 100723 0.9250241826891122
23 13 3 6 84794 1.09648338180401
12 26 4 11 74036 1.0667380989495765
12 11 23 5 47659 1.015321207052688
7 4 1 22 82058 0.9621597992000497
29 21 20 28 43157 0.9349199120170512
4 28 23 15 92862 1.0291848811376498
27 17 7 5 102304 0.9581587368416544
0 20 10 8 75078 1.003173027121939
12 5 17 19 62694 0.9541922510538818
23 13 5 6 78771 1.0732048609286513
17 0 9 11 46391 0.9488999240701621
23 8 11 7 45645 0.9516143414017483
22 25 0 7 125370 0.9047460483273366
9 26 19 5 99114 1.0540121389481234
27 6 17 7 51922 1.0435304391821467
18 8 6 26 95305 1.0882581314708621
11 12 20 26 88165 1.0792676569658946
22 21 9 20 44594 0.9739167115860766
1 29 29 1 149447 1.0963176164354778
7 24 14 8 79737 1.094562501805996
21 18 5 7 90665 0.9576842094613494
2 16 15 26 66020 0.9540777313726175
21 26 4 10 101617 1.0627645023117327
29 18 10 14 88809 1.0312197775488947
29 24 26 16 36672 0.9086546200154859
21 24 23 13 63087 1.0615449671427315
6 24 6 4 82286 1.0574476433179845
25 21 17 17 38970 0.9129873280644379
5 21 0 27 31200 0.9081956572301307
28 2 14 26 114528 1.0122176111095127
13 14 5 3 53784 1.0037444179145325
7 10 20 26 98116 1.008146589661241
12 10 25 12 57434 1.0177484728633432
16 9 6 15 48413 1.0219652894322704
13 3 3 16 62102 1.057268639688466
7 20 22 0 100142 0.9348254645155679
12 26 1 5 104946 0.9451336475190605
7 5 7 23 81562 1.0557318506614226
15 4 22 12 36350 0.9914615464792289
26 15 15 2 74899 1.0156906119031215
5 15 27 22 87795 1.039096225021647
17 6 7 15 62893 1.086699683059004
27 13 10 28 100427 1.07709583486615
5 4 23 15 79874 0.9774153180969599
5 18 13 10 50638 0.990038120064309
20 2 11 25 107954 0.9187880372513386
14 13 23 9 43631 1.0692731270775302
13 18 0 2 86444 0.9459410069271839
7 28 14 2 109239 1.038937702339891
12 27 1 6 108130 1.018920094489042
27 27 15 12 91224 0.9846560963773454
29 6 8 15 101097 0.9252361838893312
12 2 20 22 90292 1.066897228800335
0 14 11 0 66728 1.0726036291691805
9 15 22 21 62226 0.9182059717344374
11 18 4 7 54315 1.0466503801970486
6 7 3 0 36794 0.9516048631998127
26 22 0 19 89047 0.9689511405550896
27 15 2 18 96021 1.035145630455871
5 26 13 23 33174 0.9481151514070906
11 6 9 23 80378 1.0046436293671899
11 17 6 26 54997 1.0294693382687754
4 25 17 23 45088 0.9646489304604556
28 27 22 20 58710 1.0956268105237517
6 2 1 27 98733 0.9057785176941645
14 14 6 23 57728 0.9366469553186445
16 4 12 24 86599 1.0488579922423455
8 10 21 28 89678 0.9908660219846737
4 2 21 1 52158 0.9525733286640716
14 29 27 11 104805 0.9405965229205205
26 11 18 17 61096 1.0371185226910087
24 25 3 15 97439 1.084914284416892
28 17 9 28 87041 0.9912454426964101
7 13 28 22 93741 1.0807003614010235
5 29 13 22 45847 0.9281526666941535
29 16 17 22 65402 0.9962447132748455
23 11 12 29 93743 0.9643917278929071
2 8 25 14 93189 1.0964025838221436
19 2 23 11 35091 0.9812781779255185
12 13 9 21 54899 0.9344243623901956
26 29 5 16 91793 0.9903448863499257
19 14 3 20 67444 0.9966868715122472
18 4 2 9 63258 1.0492562475347835
26 6 4 26 135159 1.0900069071445984
11 17 8 25 50122 0.9908363941190518
8 8 22 2 60479 0.9024543776082548
24 23 11 3 102382 0.9957998954015197
17 9 21 1 31658 0.9459173902539173
2 10 25 2 92001 1.018492187849035
13 26 6 6 96449 1.0853854491700088
15 14 19 4 42726 1.0179993887756018
5 15 19 6 72729 1.0363252707988737
10 5 9 28 92442 0.9280688573526041
13 18 21 2 80264 0.9689072313675832
13 7 18 0 33517 1.0975830790730117
6 22 20 13 76031 1.047980077328822
3 25 15 1 101410 1.0551002590981495
11 28 0 6 100508 0.9954880312706869
28 8 17 20 80151 1.0221503329915311
25 11 3 2 85165 0.9631206691906085
20 17 0 23 79495 0.9750501740535702
27 14 3 24 105654 0.9812830859312434
19 20 15 11 44287 1.0069591359692691
6 9 15 25 83096 0.9209049504120012
19 27 0 5 120276 0.9200091957169027
19 20 9 18 33288 1.0172958087857193
18 15 11 10 38051 0.971178515964424
15 4 19 21 74652 1.078385372310607
22 9 5 19 85008 0.9640205255394305
20 12 2 15 68558 1.0569564329819436
9 15 6 2 67996 0.9457629589019212
26 7 21 2 41088 0.9488606825509559
24 17 16 1 70199 0.934620532742701
5 14 10 19 37805 0.9486286982790222
13 25 25 5 106435 1.0404332282331221
20 19 4 3 97971 0.9269981654046006
4 16 19 17 48661 1.0094548180861644
21 1 8 11 59480 1.0476954430008
14 2 4 20 78438 0.9765431995372343
25 13 1 18 96579 0.9098172324038674
21 26 0 1 142391 1.050612683773161
0 6 20 9 75352 0.920711922453804
13 21 11 10 50955 0.9220678231036293
22 13 17 25 72238 0.9245711793091221
25 4 16 17 66256 1.0198748210721293
12 0 2 14 62712 0.9781176393564761
28 25 6 0 133881 1.0978309036003027
8 29 21 3 115849 0.9110423663501975
2 1 20 17 106183 0.9577246528370241
19 3 24 18 65911 1.004109495244466
21 21 22 8 54254 1.0708827329407213
21 20 28 15 49955 1.081545471661639
24 28 28 15 59193 0.9109375621101126
23 21 0 9 96376 1.0388008397964492
8 23 11 6 80493 1.0197257561880635
17 10 11 21 60571 0.9449681191123989
13 24 20 7 87262 0.9481376241628864
19 26 26 11 92867 0.9955830003530675
26 15 17 9 52879 1.004982893021678
22 17 6 10 76443 0.9034505898956084
3 21 12 12 56949 0.9887866669756215
10 18 25 18 58723 1.0607212785367683
22 23 10 21 44107 0.9697336818356111
1 2 29 29 150216 0.9796208831511535
23 13 29 20 50360 1.0297698491119909
1 28 22 5 119164 1.0658511933576342
26 15 12 2 77876 0.9264915682384418
27 3 2 5 77698 0.9113484783545425
1 18 15 6 80942 0.9099388090138135
1 19 26 16 95514 1.054048235955758
18 22 26 9 77832 0.9849331703769679
2 1 15 0 33842 1.0700918106914699
7 7 23 2 61363 1.0110353737488693
27 17 5 9 103453 0.9305777567203274
6 1 10 28 113056 0.9953792189185771
24 10 7 23 103434 1.0887166947874838
23 9 10 11 42817 0.9455823760433969
16 17 6 2 76212 1.0922531806627864
15 27 9 14 65374 1.0196092116405533
0 28 18 22 64175 1.0605649953664573
5 4 8 12 42256 1.0597853939399793
16 2 28 10 53636 0.9686859974990601
23 23 9 11 82586 1.0793613715846209
13 2 26 0 32471 0.9304577162348919
14 23 2 26 36763 1.0017310220972806
14 0 9 5 27453 0.9492753877647466
0 24 25 22 74891 0.9537692371606433
8 19 23 28 66312 0.9730626474367676
21 11 26 2 42413 1.0795045131329737
29 28 22 12 82510 1.0219622704128466
1 6 5 23 78657 0.9464322146847355
18 8 28 15 54788 0.9743455465928099
23 23 29 4 92717 1.076032287296134
27 19 11 11 92621 0.923368038574141
14 13 17 27 60173 1.046819143921026
11 10 4 28 76444 1.0206726390924241
14 3 11 10 26175 1.0029393998077234
7 18 18 13 53762 0.9650098582284738
12 22 20 4 86769 1.0080587312413962
19 15 7 13 53997 1.065738679972796
3 19 7 4 63819 0.9890184597054705
9 11 10 25 74560 1.067573019575848
26 18 14 25 61771 1.0904608936366464
19 10 2 28 97246 0.9781926452716573
2 7 16 28 98940 0.9292527192810645
0 23 22 7 111161 0.9032276637595374
12 29 6 24 31150 0.9680344004215892
12 26 11 10 69626 1.065087336758646
4 27 10 17 54396 1.0996545027399274
5 28 26 21 71296 0.9964957608684764
25 5 9 16 94302 0.9188783456042844
12 28 13 17 37911 0.9030201122922227
11 29 27 5 124644 1.0095317298830488
2 2 3 19 69553 1.025791535154157
18 10 3 21 76542 1.0637486596517636
1 2 26 13 100586 0.9859603934055161
5 21 25 15 85213 1.0912731715460104
14 24 21 13 58567 0.9123953077254657
20 24 12 27 38903 1.0618750459796746
6 28 21 26 42037 0.95616747237336
4 3 12 20 87110 0.9671661040704944
2 5 25 9 75647 1.0510270427081518
9 5 27 4 51861 1.0240068512821487
8 17 29 11 104622 0.9711204335507956
14 1 27 18 93586 0.9609463640246678
1 5 10 20 81977 1.0887131007753132
17 7 28 9 40160 1.0622313005322561
23 13 18 2 40568 0.9939923402707695
22 16 12 8 56311 0.9438932631259891
29 4 15 15 75246 1.0012618920815148
29 3 22 11 38307 1.0696273452221314
23 23 17 7 87368 1.006119979300734
10 10 6 21 58463 0.951242094844146
7 15 29 14 93933 1.0232483516252682
23 26 4 28 49634 1.0267407740293644
18 28 7 18 51576 0.9260539247911835
3 11 27 15 89979 0.9557210052038506
8 17 18 2 79506 0.9531821150744237
25 25 1 23 86989 1.0401306684043627
17 24 20 16 48408 0.9861512989529435
26 28 14 14 69395 0.97198056970545
29 13 4 1 96601 0.92687556989098
20 29 3 8 106232 0.9062729270526486
26 6 21 20 79939 1.0338367294199624
18 4 23 9 22628 1.019717849443548
7 12 13 20 52096 1.037018628329565
20 21 29 5 88322 0.9134126460454878
15 29 27 26 42091 1.0090660378776188
24 19 2 23 79022 0.9129879743238983
27 19 1 21 88218 0.970355489059676
8 16 12 4 55035 1.0015341198427272
27 23 2 25 87222 1.0846253961488643
22 26 8 16 82670 1.0247922002647534
24 25 18 6 97021 1.0840315851954483
6 7 16 2 47176 1.062742642919313
3 13 29 5 96823 1.0191864505919834
13 1 12 29 100503 1.0597208627478283
20 17 12 28 55284 1.094516400570746
0 4 20 1 62271 0.9330574805101844
1 3 8 24 92459 1.0908907878254155
10 14 5 8 38584 1.044133585308594
19 7 28 6 46785 1.0533680188516232
5 9 15 13 44368 0.9683303697695007
8 23 4 11 55830 0.9184690476372434
23 18 8 11 78079 1.0274671828029343
23 15 15 23 60516 1.049299765394158
20 12 29 10 41498 0.9889356213044487
9 8 21 11 48683 1.048239073762844
25 4 29 29 110240 0.9645661763021658
5 9 11 27 85725 0.9641719198865771
1 10 5 20 46598 0.9986284540452046
2 7 13 6 44554 0.9207576538183586
25 9 16 19 64871 0.9578209086754481
17 26 19 14 59111 0.941021781924309
21 22 7 5 95844 0.9258664329381178
29 17 2 11 103171 0.936309355353925
15 4 11 24 86049 1.024643241387534
12 16 9 9 44969 0.9098839641062717
1 18 23 13 88802 1.0133673449440153
21 0 10 24 101891 0.9087306414760405
0 12 17 0 71762 1.068946173046129
7 15 6 27 57784 0.9113959345589132
16 13 8 1 55500 1.0710838992081773
13 3 0 5 42436 0.9443556061052698
15 29 11 2 91657 1.0841995296320575
19 24 26 14 68597 0.9166529748316797
16 13 11 23 56963 1.0277520042625072
2 5 13 19 79331 1.0518258939214895
12 22 18 13 56836 1.0358705727697897
7 17 4 10 33790 0.9042417824869234
15 3 28 11 56741 0.9102640589244372
22 10 0 2 73719 0.9330855522838032
26 3 0 10 93043 1.0434382483238178
11 23 19 7 88498 1.0861989816380786
22 4 22 23 69637 0.9865627376505537
6 26 24 29 53513 0.9900799428045057
1 25 9 5 93670 0.956560567893812
0 8 16 5 61395 0.9319492390984692
21 4 8 4 36845 0.9979845048569553
0 15 29 6 112694 1.0664776423531843
16 21 29 23 48152 0.9080444717690278
22 26 8 13 96595 1.0462603979160214
7 17 23 10 73903 0.9007071264621916
21 1 4 28 123607 0.9324471263041137
20 16 11 17 42247 1.0808558964373531
6 13 15 15 41953 1.0988398398665493
23 27 21 16 61261 1.0871104503209363
27 5 15 18 83934 1.066157202924963
14 22 10 29 27898 0.9156412100725865
19 22 15 10 57799 0.9020085549790655
21 6 8 6 58053 0.9326318287399205
10 19 21 17 46520 1.0702100207567329
27 19 8 4 109711 1.0496685222940982
4 17 20 4 77210 1.0023873733006166
