5658 5694 3732 3781 5084 5571 4494 5345 3683 5092 2367 3058 3454 3159 3485 3660 4158 3582 2908 2860 2993 3811 2696 2734 3705 2748 3714 2518 2018
1807 3564 2865 3319 3115 2242 1481 2349 3078 2790 3248 3170 3604 2549 1449 1547 2342 2979 2427 1680 2094 2989 1362 6885 7507 8314 6558 7250 8091
5983 6471 4816 5332 5190 5799 5455 5930 5244 4787 6001 6117 5546 6463 5023 6786 5811 4507 5365 4876 5290 5852 5155 7012 6798 6491 7293 7356 5572
4703 6159 6174 5152 5368 4821 4637 5626 5789 3986 4597 4900 5990 4023 4132 5307 4607 4405 4122 4212 4367 4046 5256 5714 4121 4539 6109 4826 4903
4212 4387 6184 4889 3995 3568 3386 4766 3116 4158 4681 3486 4237 3517 3586 3960 3770 4138 4351 5022 4233 3633 4836 2939 4172 3066 3868 4230 5062
6721 8428 8734 8811 7987 7452 8309 8043 8628 7776 6783 8124 6787 6951 7162 3934 4154 3117 2983 2747 3422 2948 3601 4313 3060 3963 4383 3472 4879
3197 2938 4576 3349 3533 1854 2135 2772 1273 1226 2300 1615 3351 1529 3196 2391 3008 2836 1428 3450 1932 1312 1977 2133 1941 3042 2066 1311 2651
6257 5026 6644 4918 6059 4543 6384 4688 6442 5722 5519 6522 5603 5754 5294 5932 5592 5361 4494 6087 6283 5343 5488 4816 5106 4081 5161 3628 4467
7271 7654 6822 6202 6480 6033 7333 7564 5953 6048 7274 6624 6827 6395 7428 5968 6261 6164 7359 7372 7728 8000 6374 7906 8020 5553 4530 3947 5346
2886 3727 2504 2246 4168 2383 2283 4143 3560 3737 4185 2398 2991 6071 5803 5248 4328 5984 6007 4327 4997 4332 5617 4960 4882 5642 6042 5726 6044
5119 6493 5193 6672 4653 5205 6471 5340 6297 5794 5973 6079 6419 6402 7221 6529 7197 6077 7216 6624 5852 7922 6651 7428 5976 7093 7828 6728 6601
6295 5025 5214 4829 5358 6700 5848 5984 4896 5117 5001 5511 6680 4849 5836 6883 4916 4887 4507 4699 4177 4673 3673 4059 3182 4011 4680 4298 3515
6962 5085 6562 5613 7063 6514 6420 4819 5681 8051 7525 7719 7597 8110 7232 6881 8356 7973 7158 8386 7467 7290 7380 7061 8374 7667 8541 7044 8710
3327 3080 2658 2460 3514 2356 2596 2699 4396 2449 4351 2416 3681 2473 3831 4112 4206 2511 3304 3978 2981 3684 2760 1738 2437 2215 1741 3511 1558
3281 2523 2711 1542 2691 2701 1766 2766 2341 2993 2993 2999 3478 3565 1606 1873 2196 3160 2279 1657 3474 2501 2418 2550 1771 2879 2160 2118 2522
8198 7575 6847 8565 8563 7443 7775 8367 8143 7172 7000 7949 7943 8710 5219 5556 6904 7331 6470 7196 5898 6549 5705 6478 5548 5124 6598 5414 5965
4479 4001 4662 4884 3569 4498 4396 4959 3259 3139 3550 4683 3893 3000 2821 3301 3211 3196 4139 3109 4658 3741 3440 3028 4185 4740 3953 4235 2993
5512 4508 5605 6505 6420 5705 4603 5251 4635 4377 5747 6638 5997 4553 5061 6295 4782 4745 4582 3780 4003 5159 5002 4141 4581 5365 4620 5069 5387
2765 2805 3458 2286 3452 2209 3240 4198 2818 4109 2948 3796 3333 3446 4211 3489 2877 2683 2376 4355 3602 2672 2782 2718 2909 4197 4231 2219 3016
6183 6247 7674 6651 7065 7749 6229 8026 6821 7815 8232 7369 7621 7182 7578 2085 2638 2065 2813 2610 3371 2093 4118 2309 2773 3551 3038 3655 2614
2719 1334 1516 3017 2698 2165 3294 1539 2159 1714 2061 7445 6988 7706 6041 6905 7038 6343 7552 6522 5853 6046 6068 7788 6056 5709 7453 5827 5726
3187 4537 2951 4476 4317 3018 2899 3573 4050 3805 4844 3993 2858 3013 3279 3989 3541 8121 6897 7353 6725 6626 7595 7892 7303 7740 7973 6503 6388
4117 6095 5414 5833 6383 5974 4557 4708 6067 5572 6099 5202 5563 5314 4737 5893 5445 6465 5154 4616 5343 6444 5109 4743 5783 5267 5649 5374 5331
6140 5992 5889 6098 6263 5473 6377 4671 5567 5159 6391 6335 4404 4605 4385 5300 6322 4636 6159 6289 6485 4585 4354 5080 4831 4585 5464 5145 4039
5845 7247 7132 7088 5922 6569 6965 5063 6780 5427 5479 5718 6451 6478 6484 5687 5162 6207 6315 5872 5637 5921 5348 5250 7106 5771 6668 5431 5287
5374 4601 5126 4319 4527 4245 4093 5503 3750 5292 3763 5067 5354 5453 4877 5414 4979 5792 5638 5311 5822 4043 4436 3784 3655 3527 4457 4487 3242
8196 8377 6533 7069 7073 6717 7046 7078 8061 8571 7070 6592 8642 8006 7075 6270 5213 6989 6950 6099 7058 5431 6575 7092 5326 5451 7028 6989 5410
1190 8099 8380 6453 7123 7478 6983 6294 7343 6580 7235 7258 8009 6871 6775 7886 7283 8453 7420 6272 7291 7615 6997 7036 8421 6368 6460 6676 8042
4949 4475 5782 5761 4284 4305 5397 4956 5475 5931 5648 4128 5136 5894 4594 3888 5720 5860 4335 4719 5285 5732 4462 5170 5292 5921 5386 7681 7338
3264 6284 5865 5905 5636 4499 6375 5426 5384 4542 5054 6427 6252 5362 4512 5195 6287 6143 6052 4845 5870 5817 4894 5077 5694 6036 6165 4736 5024
3136 5899 4412 5653 3115 4889 6465 5153 5358 7108 6475 4245 4450 3834 4101 2579 2715 2444 6599 1947 2877 6650 3539 3795 5359 7447 2588 3553 2846 5506
2393 6949 4722 5792 1733 5931 5209 5628 4770 6299 6028 3714 4875 4324 3423 7842 1366 1675 7833 2346 2250 6706 2780 2374 5784 7775 3967 2428 2256 6352
3591 7730 4685 4259 3515 5171 5961 5521 5596 7402 7578 5279 5200 4168 3322 6742 2773 2781 8755 2490 1614 6815 3339 3823 5092 8064 3795 2710 3689 6416
2835 7146 4380 6229 3472 5740 4787 6015 5713 7531 5906 4704 3286 3710 4064 7708 2561 1897 7878 3277 2758 4268 2730 2847 4956 6112 2561 2070 3838 7190
2776 7047 3008 5716 2609 6580 4838 5886 4540 7275 6773 3449 3258 3363 7928 7955 2129 1743 7144 2787 2768 5120 3363 4523 6934 7750 3487 3372 3508 4890
3071 5795 3094 5165 3423 5485 5243 5799 4449 8460 7308 3374 4929 3833 6822 8210 3236 2763 7862 3763 1224 5567 3390 3937 5249 8136 3466 3358 2961 4872
3559 5950 4319 4444 3566 5386 6272 4796 4942 8356 6730 4535 4059 3015 7765 8034 3847 2132 6678 2498 2566 5272 2657 3208 5448 4998 2971 2096 2626 3549
1727 5951 5149 5476 3208 5265 6278 4808 4866 8286 6578 4580 4659 4732 6447 8192 2904 3158 7681 2529 1337 5457 2374 2594 4943 6626 3675 3087 2267 3558
3791 7280 6020 5032 3527 5451 4986 6220 4618 7951 5786 5038 3467 4820 7012 7535 4029 1979 7987 3781 3303 5003 3684 3123 6160 4789 2203 2789 2390 3901
3754 7516 6993 4379 3391 5877 5568 6482 6165 7741 7534 3769 4611 4423 8115 8617 3755 2330 7635 3863 2496 6207 4383 3761 5567 6357 3571 2576 4253 4954
2850 5987 5071 5207 2764 5675 4532 6006 5189 7531 6552 4106 5464 3031 6200 7694 3565 3394 7399 2784 3010 4731 4388 3001 4949 4781 2694 2555 2838 5398
2597 6676 5936 4990 2549 5583 6652 6452 2275 8412 6792 4274 4149 3055 7714 7528 2438 2804 8005 1959 2026 5049 3019 4522 6291 6035 3826 3154 2259 3868
3718 4736 5514 4072 2607 6301 5382 6197 2008 6543 5904 4256 5238 4557 7919 8473 2113 1669 8237 2661 1791 4740 4366 2488 6972 6102 2912 2787 1971 3559
3485 6069 7123 6176 3864 5686 4826 5864 2527 8385 7407 3605 4585 3788 7553 6667 3924 3262 8059 2618 1151 4837 4067 3919 6234 6504 3043 3337 3745 4392
2832 5282 5603 6213 1786 6842 5651 4560 2948 8192 7131 4729 4102 3162 8055 6894 3670 2065 7631 1633 1050 5183 3254 2374 4799 6373 2402 3259 2375 3675
3882 4587 5801 5132 3461 6076 4941 6495 2362 7365 6551 3706 4983 4459 6116 6715 3690 3100 8550 3177 2247 4937 3913 3871 5142 5507 2176 2546 2229 3851
2069 5320 6098 5678 3709 4769 4602 4636 1588 7063 6758 3606 4999 5435 7300 7958 3543 2270 7068 2155 1530 5036 4027 3716 5496 4844 4004 2571 3729 4655
1811 5334 7046 4325 3133 6650 4827 4890 1832 7859 7389 5372 3741 5891 6258 7474 3136 3416 8434 3512 1149 5579 3640 2345 6257 6054 7028 2202 3262 5631
5489 6481 6524 6184 2035 3699 5738 5336 2475 6617 6444 4002 3349 5037 6997 7141 3404 1435 6626 3345 2969 5018 3938 2992 5028 6099 7180 2066 2251 4846
5148 5606 5215 5495 5904 3585 5189 6643 3098 6285 7903 4714 4670 6540 6687 8238 3860 2292 7063 2279 2823 5864 4353 2747 4781 5032 6874 2377 1918 5595
4483 6133 7276 6219 7652 3493 4692 4439 2073 6801 7354 4770 4978 6824 6677 7161 2000 1362 7792 3388 2913 5492 2302 2417 6883 5009 8312 2053 3217 3526
6289 6473 5633 5722 7455 4973 4490 5780 2709 6972 6178 4748 3756 5329 7336 7995 2330 2581 8693 2924 3260 4722 4496 3019 5725 4875 7254 1855 1890 5545
4958 4663 6194 4914 5629 4347 4770 5590 1724 8156 3690 4568 4020 6105 8168 8004 3994 2613 8064 3149 1286 5821 2559 2497 6663 5225 6318 2436 1999 3897
6204 5574 5682 5466 7811 5168 5623 6302 2595 8155 4507 4169 3138 5487 8113 6473 2440 2472 7197 3076 1074 6024 3174 2970 5166 6227 7319 1729 2389 5040
4732 6312 6525 6126 6719 4837 5284 4997 2386 6983 5010 4794 2634 7237 6490 8279 2155 3143 7531 1983 1795 6102 2224 3841 5671 4808 6900 2616 1595 4388
5346 4582 5615 4701 6012 4444 5499 8093 1276 3358 4086 3976 3084 7139 6443 8001 1987 2925 7596 3830 2910 5681 4230 4489 5777 6052 8012 2603 2888 4010
6083 5403 6029 4922 6224 3562 4847 7151 3426 3896 5263 4107 3083 7211 7710 8349 2162 1639 7450 3318 3513 4653 3479 4083 5082 6585 7399 3088 2767 4136
4689 5273 5196 4414 6794 4360 5269 6080 2275 2982 4516 3544 4206 6803 5986 7888 2082 3155 7460 3277 5281 4395 6996 3437 5960 5935 7071 3163 1905 3520
4604 4871 5190 5000 6601 3818 6092 6553 1933 2729 5383 5243 4216 6161 8064 6960 3658 5108 7786 7825 4342 5635 5473 3728 5231 6362 8357 2367 2612 4936
23 5 12 16 61999 1.0125404515665057
24 21 8 29 67213 0.9002656398740574
27 17 8 11 69834 0.9740134691469967
2 12 0 4 29463 0.9516781486798501
27 14 1 27 99378 1.06995952671368
16 19 23 7 57705 0.9555580879767986
7 20 22 28 54940 0.9062906577054693
5 27 10 18 40373 1.0171314571375447
24 21 7 18 51543 0.9700809802838369
18 3 29 14 73339 1.043367421793497
0 0 24 16 107487 1.0705325567152393
19 9 14 14 36395 1.0119508645941366
5 12 22 23 70005 1.0529858070001332
14 23 22 11 53901 0.9058360933651995
11 21 23 14 48782 1.091177010961735
9 15 19 4 66755 0.9829106889039302
24 0 4 10 102581 0.9147529842261176
15 3 8 24 84101 1.0661517828104197
21 27 13 17 44215 1.0627281490970781
12 9 13 25 54315 0.9517546876975475
29 4 1 21 118164 1.0503245251021016
28 17 28 28 59843 1.0297159660375739
21 18 0 18 58948 1.0853677886656894
8 27 13 4 77400 0.9381822388018461
19 28 9 6 88531 1.0528096732752905
28 9 18 21 72299 0.9071486644819166
10 8 25 10 46831 0.903684759718762
2 11 18 19 64086 0.9082845149907247
14 29 1 1 100485 0.9906849541259434
25 5 29 17 68987 1.0880929636399475
3 22 25 10 89552 1.0507812620659003
27 19 19 2 79017 0.9710536961214703
21 29 12 9 83535 0.9316277497032922
21 25 17 15 45936 0.9620348330818297
15 10 19 4 31503 0.9024181248332542
28 17 17 13 43531 0.9470944393564575
5 29 17 19 49478 0.9147622873629434
10 19 19 9 57531 1.0030799913094335
6 20 28 5 96245 0.9709354351876074
29 26 12 0 118471 1.0121216330029328
28 9 11 6 56884 0.9691814187615032
1 14 7 19 22959 1.0622868215466332
28 21 18 15 45429 1.0097488214441959
17 20 18 2 60433 1.0059218428712036
28 13 1 13 90481 0.9743273749790688
11 5 7 27 76210 0.9931962212557267
27 17 7 3 90017 0.9689043588966115
19 18 26 21 28542 1.0811681271903388
10 3 29 21 103436 1.0707410663115944
29 26 16 17 66314 0.9833990076491155
8 2 20 13 70443 1.0633582466285887
1 29 0 15 46737 1.0181080707369634
14 2 13 20 46468 0.959395799020782
19 0 19 11 34078 0.9493468761394908
28 9 6 22 90306 0.9405447561353838
6 2 3 24 67398 1.0388481246678043
27 12 7 3 85371 0.9356368157305426
26 18 24 7 60608 1.066579149837267
13 21 21 1 71271 0.9208747373165429
16 10 18 23 46638 0.9218408884820964
23 5 6 27 97337 1.0927508477145873
28 18 12 28 66224 0.9398219655543983
18 28 26 7 87820 1.029522590680794
6 14 6 26 28646 1.0242191757714707
14 19 29 27 55639 0.9376853095548774
3 7 22 22 90613 1.0767798227302463
21 4 16 25 81755 0.9389251389102142
5 1 13 19 70122 0.9647618467851491
9 26 23 27 39446 1.0403494895370045
4 13 18 20 48690 0.9378300530452869
28 16 0 20 71949 0.959646505969735
19 0 0 29 121314 0.9844882691148509
19 2 20 15 50452 1.0059985430785485
25 22 26 3 97943 1.0117731845504645
6 13 8 3 33035 1.0892547810964879
5 24 24 9 91607 1.0541802093118493
20 6 16 18 47879 0.9222103103194261
18 22 19 1 72659 0.9948273266623309
13 24 13 4 57146 1.0025859688999583
21 13 10 18 46968 1.0299234155362944
24 2 20 21 90209 0.9847285762506854
20 5 18 18 45483 1.0676369799696326
6 18 13 15 28620 0.9465558478452223
17 11 6 18 51322 0.9752440446213526
25 5 28 21 84961 0.9988916896119031
7 22 24 25 67611 0.9278489479432885
7 26 2 11 51383 0.9793360842784813
3 15 6 1 49831 0.9355130804108456
17 27 14 20 26129 0.9004381870887462
16 23 1 8 73795 1.0499582302537795
10 28 21 10 74890 1.0736398194963348
2 27 22 10 95200 0.9603613056522948
2 2 12 14 73595 1.0280709630826887
7 21 29 22 71226 0.9384870467115874
28 1 23 12 65581 1.0030983617363303
22 0 4 18 96773 0.9818525950749333
6 6 28 20 83990 1.052104002647678
18 19 11 29 40294 1.082413497672141
24 3 11 22 94295 0.9967390099456389
0 4 21 15 91136 1.034458660276927
13 11 10 23 46713 1.0604054583785396
20 7 28 9 25478 1.0937788396009833
19 7 12 13 40850 0.9930760072634979
15 5 15 27 66227 1.047793402474651
29 18 17 7 72978 1.0688244950780046
11 2 18 10 44548 0.9613238118985478
9 8 27 17 73521 0.9408202454136121
3 2 21 18 93379 1.044400834477381
3 1 29 28 136124 0.917767097648077
24 12 0 12 90296 0.9655936366075144
20 27 7 7 84923 0.9122382469470969
5 26 23 18 62937 1.0932908615456576
14 17 3 8 55319 1.0526802020763077
26 6 14 18 68089 0.9559698321571444
18 19 26 15 32865 1.0883861062629687
4 12 3 28 55292 1.062323625090633
19 11 27 4 51105 1.0824719739238933
11 28 15 1 79570 0.9308987510328085
0 24 25 4 116566 1.0565755273870079
3 7 29 25 127076 0.9606488316357398
24 10 27 2 53509 0.9144683384625496
14 12 2 21 51148 0.9244322568387792
19 14 18 4 40546 0.9292252592995455
19 17 4 13 50334 0.9614736135899409
8 20 12 14 42020 0.9820188755780817
19 6 12 17 50881 0.9990334593354596
3 11 21 14 74094 0.9658497841334404
14 20 24 10 58878 0.9991647776243824
26 18 25 9 49409 1.0829106975075151
25 26 16 27 24362 1.0589751631306223
5 4 16 7 46609 0.9238682820184254
29 29 13 24 52982 0.9198030702847709
10 23 23 3 95503 0.9085650307159111
17 19 15 3 54127 0.9712571938960514
16 15 28 2 82287 0.9212543547522906
12 25 26 21 52917 0.912352698654552
3 12 4 2 42208 0.9864604621787969
15 6 7 29 80917 1.0719270751298797
29 2 0 10 132856 1.0407594080338476
5 26 18 17 48873 1.078671830851264
16 4 8 17 54653 1.0329585574481877
16 1 11 13 52210 1.0870577375977892
4 26 18 27 41978 0.9941884833778297
0 4 14 1 50119 0.9286801475845133
1 25 7 8 63613 0.946282551775896
23 4 20 12 39453 0.932734004055119
3 17 15 7 58501 0.9307572199547397
23 23 10 20 36682 1.040986230213425
13 5 19 26 67975 0.9047334438122182
3 4 13 26 79745 1.0036483967841434
7 6 23 22 84581 0.9741660088398045
24 11 18 5 38471 0.9873585767561557
8 20 29 23 65029 0.9742956537442132
28 21 9 11 79664 1.0482119175091593
24 13 13 5 56543 1.0071363778043132
7 29 17 20 44421 0.995308292396743
3 2 18 1 55457 0.9681358385232435
11 20 9 11 45547 1.0747009277227362
11 16 28 22 62584 1.0236131035323697
3 26 16 2 95388 0.9487120983438634
0 7 4 24 56793 1.0486502315773838
27 18 12 26 61721 0.9335327823803639
1 28 8 20 35869 1.0857065398818735
21 21 29 15 50944 0.9165183899609078
2 8 21 10 77119 0.915134335383072
19 24 11 29 35614 1.0960020454560007
3 17 24 8 74579 0.9206754740370546
25 19 17 14 39947 1.02761688685792
10 3 23 11 62607 0.9526574440251454
2 14 15 5 73167 1.0767728990157348
20 26 3 18 65368 1.0721206620068813
23 3 29 15 80306 0.9279210341028179
20 26 26 0 117902 1.0514137631645206
25 29 5 29 59968 1.056570344749584
20 15 2 20 55438 1.045947457244394
28 11 2 1 113520 1.0949307730609308
10 9 21 28 87372 0.9274935505001174
9 18 2 0 69769 1.0764424617820345
24 27 13 24 32824 1.0916178832303485
12 0 15 8 30132 0.9294402791093511
9 4 29 22 105972 1.0221106230197154
0 28 26 23 88012 0.990146535490902
6 25 6 5 43659 0.9263030710518686
16 18 29 10 68599 0.9569309495114011
1 20 10 2 70172 1.0965097435083508
1 3 1 13 28396 1.0018665844494494
8 5 2 28 74725 0.9761253150227084
4 24 28 18 76335 0.9521107658991503
18 26 11 18 38258 1.051611119598391
20 21 14 0 68742 0.9403823522800333
10 15 23 3 84288 1.011156941012072
0 3 16 3 57255 0.9566383650974012
24 8 17 11 29123 1.0404769141279642
25 28 1 14 86527 1.0263194186116233
19 17 9 7 58637 0.9268330151398959
14 22 23 6 68972 1.0081624804708926
28 11 28 27 81522 1.0403253203607639
9 16 26 17 47461 1.091187927193124
23 11 10 15 66694 1.0806548275004952
0 2 16 21 86895 0.9399115017301493
7 13 25 28 84342 0.9608093096374257
11 7 18 3 36909 1.0830213013353733
19 25 7 14 64860 1.0190006970821086
16 24 3 13 64090 0.9543005035158953
14 23 22 18 33693 0.9039806909846124
0 25 2 3 63794 1.0506974130215112
13 18 26 28 56276 1.0264375177427734
9 0 9 10 31637 0.9557494552251062
15 19 26 5 75191 0.9095736862222021
27 25 4 15 92815 0.9109275046177582
8 22 0 10 46575 0.9635763036728158
19 24 27 6 83798 0.9649815926119759
19 25 7 15 60054 0.9900582176681567
23 28 5 16 73463 0.9592984416004042
7 16 16 6 59241 0.9673124023108804
8 19 1 2 59298 0.9577792112551329
8 16 4 25 38265 1.0106670797240556
5 14 0 27 52494 1.0547635801334652
4 7 6 20 41358 0.9216384001438646
19 16 13 1 60858 1.0598282270360244
18 15 6 15 43344 1.027795260793269
29 7 14 25 83980 1.0836911752132443
20 23 0 22 57687 1.033954673705504
4 13 21 0 85828 0.9747736177646764
17 18 9 9 53585 1.029246479819974
23 16 28 2 79800 1.0151327251439208
14 12 3 7 61731 1.0668573328249555
26 2 4 15 115872 1.0677521643706704
6 4 23 8 56113 0.972180604573444
23 15 4 14 67655 0.914880098294489
18 9 25 12 36636 1.005749576971271
23 23 11 19 37599 1.055674974084832
22 10 1 4 80465 1.010365288815392
7 20 18 25 35773 0.9246716371407908
19 24 10 10 65163 1.0292243854314242
28 2 18 12 67395 1.0840480809535333
28 9 3 13 91503 0.9939683474131272
15 23 12 9 50331 0.9873206758435601
10 27 26 16 63737 0.978983391598605
4 3 4 21 57043 1.0383915809441815
19 3 6 3 49384 0.9070740489897902
8 11 18 21 55195 1.0556301980790774
0 5 28 25 128104 0.9171206586919641
19 17 0 9 69565 0.987924922964991
1 2 11 4 37392 1.0231874030713723
11 3 15 12 39105 0.9080086493878211
2 17 24 0 108475 0.9691445615322392
3 17 23 11 73060 0.9173896592888461
13 7 17 26 60541 1.0172190746611243
28 9 22 2 48733 1.0429063499025477
8 21 12 9 60038 0.9890997818915725
28 26 21 6 99545 1.0155785841637919
20 20 10 17 29725 0.9667666516941911
20 19 7 27 48013 0.9673242834600224
2 26 8 13 51231 1.047253039839855
7 24 24 25 68679 1.0699521007375066
17 15 29 9 62325 1.0842570709885038
24 27 7 14 81899 0.989404878025444
2 1 26 10 102617 0.9015524698255599
18 18 8 27 45275 0.9086148755825186
27 14 3 4 108403 1.0458187568050517
15 29 13 16 39284 1.0204284335549842
12 19 20 24 32050 0.9836893104527192
8 22 26 3 107805 0.9171086559356599
29 23 17 4 98992 0.9605161556336678
29 5 27 20 84391 0.9460104398980685
6 20 2 14 26461 1.0004428123984956
7 25 11 7 72953 1.0054449390905358
4 26 20 17 55695 0.9454599675609048
24 23 18 11 53307 1.038945188091532
4 12 13 11 39175 0.9222017877329983
3 20 1 12 22441 0.9435256050053102
5 10 9 20 39618 1.0076100900016054
5 5 0 23 60320 1.075764941434717
8 18 25 12 67770 1.0931372459815982
29 1 0 27 153312 1.0277698701448827
29 15 18 11 53542 0.9619538499981001
10 2 23 5 59188 0.9881060711742123
7 13 16 9 49444 1.070393498661412
2 25 11 28 37551 1.0162881400669435
11 14 28 20 64286 0.9115371553570656
7 9 29 10 78716 1.053823069204204
10 7 23 20 67706 0.9866417259641835
13 12 6 26 53822 0.9562956679208519
27 17 13 21 39592 1.0783213456053942
0 24 15 7 79734 0.999312983200949
13 11 23 11 43820 0.9817434198883134
2 13 29 20 85733 1.079132884842136
29 8 21 24 85476 1.0485838650250285
27 27 10 12 85638 0.9546854477847372
21 15 11 24 49167 1.0887330876921693
20 21 1 8 76778 1.0383198532143605
11 21 22 21 32429 1.041689194384466
13 22 27 11 71281 0.9341728391149952
0 7 12 6 59325 0.9400658295056425
29 17 6 4 90487 1.0778333618251899
2 21 22 28 71160 1.00055621760712
22 15 29 2 85796 1.0682976634197212
3 13 28 17 76226 0.9229993324225122
22 4 2 12 91827 0.9327598825098409
21 7 25 21 65738 0.9107719596020672
7 23 2 6 58945 0.9969501819122256
3 20 16 16 39902 0.9596384128420928
24 10 18 23 61958 0.9591447683665394
29 5 2 17 104956 0.9153798952032409
2 4 27 22 108266 0.9377075376178587
13 26 29 5 99106 0.9054673460341446
20 3 0 11 85821 0.9712565943979694
15 27 23 24 32986 1.0792664105984284
11 23 18 28 31275 1.0435551845657436
10 21 16 28 37739 0.9909701070771418
20 20 14 7 45674 0.9805821539323802
19 20 5 20 27849 1.032268782098126
26 10 11 7 51712 1.0161026219133336
23 11 11 18 58551 1.0181870219853892
11 10 24 12 56737 0.9336101001793169
29 9 0 2 100736 0.9750528498653431
15 22 23 28 39104 1.0623451743789554
4 18 11 23 32017 0.9766177049121916
17 6 0 5 66148 1.0334578664135214
17 27 9 10 70893 1.0154639215890293
15 13 23 11 43398 0.9990146909310003
17 29 8 26 34654 0.9032033440765727
17 15 15 29 51378 1.0294940953304388
4 4 19 16 71867 0.9294289752271587
17 22 9 5 72102 0.9443619161590842
13 23 23 26 38297 0.9853751457563388
17 20 0 21 38991 0.904075378784743
16 9 20 16 38330 0.9270329802615799
29 16 20 20 38314 1.0524559134120943
27 10 14 6 47906 0.9534348239784153
21 7 10 0 52580 0.9718754030321766
15 12 29 1 86902 0.9714529440377658
2 13 13 8 54902 0.9799703291512889
9 14 2 9 50374 0.9558413791631746
28 22 21 10 69976 0.9342111423938229
6 12 29 4 95640 0.9494298090410959
16 26 20 9 67773 0.9134327050878364
21 2 26 16 62247 1.0396024555894927
29 12 12 26 84384 1.030854085962985
7 7 22 14 74543 1.0232315999022779
12 7 17 17 40833 1.0987869745935475
19 13 12 2 55095 0.9399514032285254
18 12 12 16 33335 1.004337734029549
19 6 15 19 53022 1.0231507539169575
6 19 29 17 64568 0.9603500326168981
0 7 4 17 37632 1.092542717640984
15 25 18 10 58577 0.9240282527771693
20 26 4 6 93802 1.0541532011180372
12 0 22 19 76983 0.9112125384900878
9 9 1 15 46584 0.9236456791564022
28 24 18 13 67198 0.9934319867658095
6 4 14 12 46630 0.9611218670360493
26 3 25 12 45260 0.9110464104483874
4 28 3 6 69561 0.9847091660589957
20 4 27 13 52117 1.0130154554834787
15 8 0 15 65047 0.9345690606319714
19 19 28 1 93255 1.0309521473182528
19 8 27 11 35473 1.0442114691508806
26 12 7 5 83321 1.072358165134267
21 1 15 27 88151 1.0548099464514944
7 20 15 15 33173 1.085340934041876
25 9 14 2 43717 1.0350275605783115
5 2 16 21 74551 1.0159131644866983
25 19 27 9 58883 1.0982398915342468
25 19 3 10 84015 1.0917843842696382
8 23 13 3 72992 0.9196436855906108
17 15 5 18 44822 1.0865472935408884
14 23 20 13 49126 0.9350046275696363
25 6 2 21 97860 1.0203062355008914
18 10 12 0 42841 0.9806023722477272
21 14 9 24 60109 0.9655128462428713
22 8 7 28 86245 1.0114189474669377
9 24 22 28 50678 1.0140556239945775
20 10 11 26 71023 1.0911097340821885
6 13 11 3 41344 0.9818727866419541
9 25 27 2 130482 0.9662931105231171
25 1 9 19 101572 1.044857335785249
13 13 9 1 48246 1.0581133471139659
10 23 6 9 44237 0.9512443476301455
8 5 22 13 69611 1.0243767743526422
16 13 29 13 60019 0.9956912220490253
6 22 7 8 35789 0.9927553151094888
22 2 14 25 85295 0.9669674261261142
0 4 25 6 88557 0.9459547671545165
29 8 29 25 93239 1.0173932484779338
14 21 2 3 77402 0.9012782503938329
12 15 19 23 40234 0.9209378325109775
8 22 18 1 85005 0.9344911548777548
29 21 15 4 86862 1.0892866139764075
12 22 9 15 40597 1.0337716434610962
28 7 20 2 37649 0.929626488974624
2 26 14 18 47262 1.0304430062801544
23 11 15 27 71088 0.947536837326962
27 17 6 21 55072 1.0718806434190373
13 27 8 20 30182 1.0997422272859632
25 5 17 12 47515 0.9250273709156346
9 11 9 27 58147 0.9021586423951841
26 17 18 24 39619 0.9455373833624817
11 24 29 7 92816 0.9268879128780865
0 22 28 28 88297 0.9187736620527295
11 19 19 16 26847 0.9438349358402746
20 28 23 6 86821 1.0784759280357417
8 24 7 2 67886 1.0710453852568744
8 5 10 14 41956 1.0067308862385775
11 17 2 2 66268 0.9118617056162522
18 20 3 15 47108 0.9255624259895674
18 1 7 0 35281 1.0939586042619294
9 15 17 28 58067 1.0268695899595515
13 16 11 0 55553 1.0894653938920669
27 1 21 25 121032 0.9254155164246863
13 4 2 20 67873 1.014621103872696
6 15 28 11 86398 1.017206197384691
2 6 27 11 105004 1.0737149376686717
13 26 4 5 78503 0.9220153908391359
7 19 14 10 44344 0.9922821521355378
5 10 14 19 50597 0.9799675336842386
28 16 24 0 85202 1.075491650003421
0 0 8 21 76986 0.977848061854176
3 14 21 16 60095 1.098976512120753
7 13 19 7 60911 0.926513374163005
21 12 2 28 84157 1.002194065380869
23 24 15 4 76634 0.9748026421294786
1 19 8 15 31992 0.9418092642785424
23 20 3 28 62928 0.91373224886099
11 6 12 17 47617 0.9342874561654231
25 16 1 20 62841 1.085237305198564
10 23 24 17 48245 1.042150496824675
3 8 23 3 90372 1.0790722275529407
7 27 25 16 68726 1.055151602732071
8 6 5 21 49706 1.0028620759879512
5 17 22 27 63731 1.0110610814554473
1 24 29 12 106130 1.0769311170780538
0 14 14 17 41026 1.0259862632689183
5 17 0 24 28156 0.9607457374358745
25 18 16 17 27376 1.010712505822314
7 8 4 20 36537 0.9409523041677164
15 29 0 8 90583 0.9429931233202777
12 6 0 16 69265 0.9018456095732531
12 1 4 21 80668 1.094799505743935
0 14 3 3 42127 1.0929910659404292
27 11 2 27 107058 1.025092969302562
12 10 3 14 52379 0.9770435321559603
4 5 6 24 53513 1.003157133038405
14 12 26 9 44224 0.9430459770196471
0 4 7 24 66581 0.9628391534627665
0 16 14 21 43911 0.963443137984443
1 10 24 9 91341 1.0611234835727608
4 13 3 25 49227 0.9194035130222458
18 21 28 7 72238 1.0268336354646497
15 7 23 13 46599 0.9210818598172968
28 6 15 14 65450 0.9923084499181707
22 25 4 7 95771 1.0095841401025603
1 5 4 26 62601 0.9007239294387637
29 19 15 2 93907 0.9259932271173495
27 3 12 14 86521 0.9763913596826088
8 28 26 4 117239 1.0882784244580086
3 10 25 13 98086 0.9991590183198418
12 21 2 7 71392 1.0612917690730048
22 7 2 1 87492 0.9618182477309509
7 24 4 1 69113 1.0183193366399972
25 26 17 13 66876 0.9883630415171641
27 23 4 13 86801 1.0688337161835384
10 22 26 27 54314 1.0421286294215206
4 14 17 17 43985 1.0308300730296567
18 2 15 16 53091 1.0391871547444507
0 7 21 3 81483 1.0343268157270218
21 4 6 13 71466 0.952065446375155
25 29 3 1 129194 1.0269756265150818
29 3 15 28 115856 0.9636523029541864
1 24 9 10 63518 0.9181513224550674
2 5 10 15 66448 0.9600549623724769
23 11 15 15 51475 0.9884086594984944
18 4 5 11 56032 0.9570795970507837
9 4 21 19 71878 0.9679528396104788
5 18 23 8 71461 1.006943052897699
22 3 7 20 85211 1.0458620715626887
2 16 20 29 79043 1.0187202534121695
15 29 6 27 29540 0.9742671327183493
12 21 27 8 70504 0.9797747514888662
27 1 21 19 99384 0.9116701405218904
12 21 20 6 59148 0.9497599163112814
13 15 6 24 40852 1.0443017276618103
6 29 14 0 87166 0.992776020460602
13 15 2 24 59560 1.043507986431829
25 3 9 24 108830 1.0596833832609074
28 25 17 6 101180 1.0958315848789808
14 6 3 24 74928 0.95686433637242
7 12 24 15 72194 1.0989059145311821
15 3 0 9 66211 0.9849589706790177
7 10 27 18 84614 1.0649904549115083
12 1 2 4 47565 0.9096486559847206
4 18 15 7 60742 1.057591561732707
6 2 17 6 51317 0.9028408536364277
19 29 12 21 40314 1.0370521234332066
12 25 0 6 85956 1.0771011500026728
16 10 13 2 30518 1.0969233716938758
14 12 25 7 42619 0.9872124755880052
16 23 26 11 67900 0.9059453350666444
14 25 7 18 38319 1.0345543878250898
0 20 10 22 29833 0.9666662707966138
28 7 0 13 103310 1.0548762235960636
14 0 21 28 89057 1.0979297715051166
15 2 26 9 52678 0.9187300435851726
12 3 1 7 46208 0.937137982934791
16 22 10 5 69101 0.9053935037024854
21 18 11 23 41610 0.9024322707442004
21 28 3 0 116255 0.9803305868861918
17 9 8 26 74845 0.9545103460522469
11 4 15 21 56936 1.039276624666796
23 20 10 6 73541 0.9554123198914167
24 20 12 28 44490 0.9878733203914545
12 7 14 28 60365 1.0767591568544475
23 19 19 25 29014 0.9445553077294664
17 28 2 18 63774 1.0249353148479234
1 19 9 6 57006 0.9384152833382862
12 28 0 28 35731 1.048697923847473
20 20 6 26 41785 1.064268080857686
1 4 17 21 77174 0.9401148516510284
6 25 14 3 69581 0.9891736909772298
25 24 27 14 58615 0.9226877582816181
14 0 0 13 78824 1.0940379906511422
23 11 8 2 70096 0.9323168732047357
23 1 19 29 102873 0.9335023985599754
28 7 22 3 45352 0.9952286523404448
16 9 26 18 59096 0.984840323720408
18 25 5 26 46919 1.0505277871573422
20 24 13 11 51335 1.0510407489789027
6 4 6 15 24784 1.0685186666976407
19 22 5 3 78500 1.002351014153449
8 22 28 12 83777 1.0160041418054373
25 16 13 4 66750 1.0009239668344192
14 19 17 5 51940 1.0220177145238427
13 0 21 2 36045 1.0466364137760849
10 13 26 20 55773 0.9109454844817736
29 14 12 19 59960 0.9907190265807163
1 27 24 10 104899 1.0933098423291319
5 4 18 2 46732 1.0684022720186475
21 23 26 17 39622 1.0071423700206605
10 10 22 17 56255 1.0058715863111434
20 24 1 8 84271 0.9611874919838261
10 17 18 1 65551 0.947044280077683
12 7 9 0 37337 0.9981990860117439
21 27 3 22 60097 1.0628973605617171
16 27 22 15 50998 0.9115554423455756
16 6 19 17 45237 1.052284303137582
8 23 25 3 106993 0.9018012004116721
3 7 24 27 105198 0.9851700230430258
23 6 14 26 78590 1.072299561393919
20 9 27 26 86830 0.9021614482896664
23 8 13 0 44275 0.9237236268513482
1 27 11 17 49048 1.0549043410543295
19 0 23 11 43450 0.944540211677265
22 13 7 8 64835 0.9936495832283958
14 9 14 24 39742 1.018094892691373
3 17 16 14 41629 1.0700534871743428
18 2 27 13 65800 1.063160083400677
25 7 26 29 104599 0.9102981606673041
23 22 0 24 69387 1.0708500217831765
14 6 22 11 34287 0.9100133880549831
1 15 3 29 50328 0.9914508268417559
0 2 1 19 48966 0.9867130551574246
10 25 14 13 45849 0.9284516743371484
21 11 7 27 74939 0.9433076911315168
7 8 18 10 43305 0.9348599456498814
16 3 15 22 60424 0.9623645031265038
18 5 7 2 46635 0.9724605697305887
26 3 29 15 73505 0.9014393309075058
13 29 29 12 88282 0.9182695385809536
6 26 22 25 54292 0.981177509630385
7 17 20 1 72506 0.9865042640308723
25 9 5 12 73473 0.9051783412049756
13 20 25 6 67677 0.9092050203075586
24 5 7 26 103410 1.091931663526036
24 22 7 14 73047 0.9826969369016648
2 25 19 0 117021 0.9511678903611771
10 8 4 15 44655 0.9827743775435641
13 25 21 10 60355 0.9909978018433078
8 7 28 24 110353 1.0915518195581255
28 23 18 5 88679 1.0326419151547659
1 19 20 29 70419 0.9192711903603706
8 27 29 12 97074 0.9040796563623053
11 3 24 7 52144 1.0828639885190388
24 16 20 1 52163 1.077103064618006
9 0 22 12 69122 1.0343214781773087
9 26 10 0 84501 0.9196031850280224
14 19 26 5 73558 1.0069514437174383
17 5 24 8 30033 1.0799380995454642
4 1 13 14 67837 0.997515242041357
8 2 21 22 87977 0.9703604323909981
24 28 17 24 32651 1.0460804317602277
27 7 16 13 50000 1.0117560668732803
9 8 29 15 86306 0.9669274258465073
8 20 25 5 84548 1.0085464664052841
22 18 4 23 56661 0.9327842236138727
23 23 5 4 87704 0.947327978021455
8 25 20 7 84707 1.0810766242055154
14 14 5 19 34422 0.9748657744240614
16 24 15 5 62881 1.0248753220050517
28 28 16 12 76311 0.9138851990202569
22 3 6 10 73255 1.0550582133263797
21 15 7 28 63637 0.9173355417471144
17 27 15 12 50045 1.0278573121821275
26 0 0 4 103969 1.0329451148915378
10 18 3 0 68601 1.030025347419734
27 28 2 9 113842 0.9559286713197332
6 8 1 2 31230 0.9700744049007124
11 28 24 24 51504 1.091679129578026
13 28 14 1 70058 1.0551243884203316
10 0 21 25 96918 0.9643763683447216
15 28 24 20 42547 0.9375029177518315
17 27 23 6 85516 1.0729761429911004
16 4 3 13 61688 1.061672929892223
13 3 2 4 37091 1.0151211821863009
26 13 15 15 58991 1.0460644057496662
18 29 28 1 124419 1.0241650001476332
24 28 25 3 112936 1.0899262406510042
1 18 2 7 34733 1.005947058888685
18 29 1 27 52132 0.9075717649889692
19 11 1 0 82716 1.047794461408977
7 16 17 23 48393 0.9559203268253533
21 26 14 29 29687 0.9111881688597195
18 18 17 1 60692 1.0618768672437284
26 17 8 19 52025 0.9376628066373285
0 22 28 21 76001 0.9322100351933735
8 5 28 24 115389 1.0301457142705168
12 28 11 2 84220 1.09711742083239
12 19 23 7 60242 0.9209569981801604
26 21 19 6 74338 0.937546155935469
23 27 11 17 52979 1.0608552824640574
24 26 8 25 55599 0.9659550162468462
9 22 9 7 58131 1.0008691145023902
29 25 10 18 80918 0.9652814452235738
15 17 4 25 47633 0.995353453484376
16 11 18 29 62378 0.9766992603579533
24 1 20 22 90742 0.9282287937996108
29 11 26 4 46566 1.0242517028716787
6 7 22 20 65996 1.0136228021283515
28 7 25 28 103777 1.0463864916171945
27 6 9 0 80135 0.967293656548338
8 28 24 14 80492 0.929795876018034
26 19 5 15 66677 0.9401766687117945
28 23 20 19 41393 1.0512388502804106
7 27 17 28 30736 1.0054568721193011
24 26 5 21 69139 0.9874934013493877
6 10 5 19 25417 0.9116553618247533
7 26 23 7 89608 0.9984590238658534
23 3 11 25 99743 0.9205477123211715
20 5 11 8 28111 0.9865495951077434
4 4 16 19 66924 1.005419077884089
23 11 4 16 74933 1.0849617262475824
6 9 27 6 77632 0.9516758177700326
7 25 20 7 78955 0.9592419287356243
2 14 17 15 58562 1.0134046477274334
24 5 9 7 61589 0.9083935991989953
26 17 28 26 51570 1.0370718697400838
13 29 23 15 59028 1.0505966371907114
14 4 7 19 59602 0.9118047270217223
18 8 9 10 34191 1.0453419508289847
24 6 4 7 81777 1.0292672079667404
16 5 29 11 58223 0.9178284455280196
10 2 5 16 52455 1.0704053224599004
5 1 15 1 43036 1.0259734772659717
23 6 11 17 63636 0.9075738127221702
17 11 8 21 55328 1.057647075285741
3 0 26 5 93940 0.9313497153576236
4 6 26 19 91376 1.0502617893067017
13 9 26 8 33989 1.0783759589241415
21 22 14 7 54970 1.0613081020007633
9 25 20 15 63489 0.9647696150361343
15 16 26 0 90115 1.0843279126377627
12 19 27 11 69282 0.9988669323495649
20 17 14 3 50088 0.9527616256602528
19 24 11 5 73535 1.0234879799676286
17 17 26 6 65800 0.9460738575108871
13 5 20 24 66432 1.0596017903179162
23 4 13 26 88483 1.0254015935679055
11 2 23 16 77354 0.9716915099744087
27 11 20 1 47938 1.0418130839048358
19 15 2 10 72533 0.9319800174575327
26 29 18 12 71447 0.958662711257791
1 9 5 15 31120 0.9386738794315863
4 19 22 0 98935 1.0347741453173587
2 9 5 27 62459 1.0481180111993544
29 17 0 17 73607 0.9748033513082939
19 21 3 7 77369 1.0247729467753368
17 22 24 19 30111 0.9726809160675316
21 4 29 26 109032 0.9288194242027719
28 20 0 8 98315 1.0328506836196818
23 15 10 6 73344 0.9444648013708785
11 0 1 17 69310 1.0173601661645235
10 24 27 28 57669 0.9831107578612784
9 14 3 1 62521 1.054816595920187
19 9 6 23 72067 0.936170952274286
2 2 27 7 95182 0.9176388108298458
7 25 25 22 63934 0.9892026817245729
17 8 9 19 50266 1.0642072081283735
17 22 12 5 61608 1.0390234406092191
11 22 20 20 25586 1.0718890974087285
18 29 28 18 61644 0.9325522553828552
15 14 1 21 51214 0.9973381617396704
16 20 23 23 25407 1.0004342050800539
15 17 13 26 26127 1.0182657201389544
11 8 3 12 43667 0.9895714951125398
18 2 20 20 61616 0.9443801011693846
6 24 16 2 80891 0.9324337595139115
3 13 3 2 49160 1.020932471925767
20 27 6 28 38713 1.037009120725184
15 13 1 29 77235 0.9167525315506081
18 22 6 18 34808 0.96583574662481
7 19 19 13 54791 1.068808795123766
14 0 21 4 37469 0.9225456515301405
28 14 29 26 65130 0.9312244732377414
21 17 16 29 46462 0.9066083226976133
25 20 1 0 101995 0.9589113412016131
3 16 15 9 61460 0.9610486266923968
28 22 20 19 37804 0.9407162332559429
19 14 9 8 54341 1.075189603981853
14 28 17 7 63160 1.0650806952677416
4 8 15 16 55472 1.0991767437137372
6 29 26 27 54656 0.9778535407207869
10 10 11 25 69562 1.0958826530479515
20 26 12 11 64008 1.0969995940676471
13 18 29 4 86453 1.086097916350953
7 14 0 8 48729 0.9318160066743937
4 16 29 19 76251 0.9076619403659413
19 14 5 18 51195 1.009450347933839
22 14 19 1 49073 0.9285334328321058
1 5 9 8 41145 1.080308864220063
11 16 3 7 54751 1.0886952378448413
13 16 22 27 49196 0.9953535729716098
9 1 26 21 96684 1.052431125394635
17 16 18 4 44385 1.0568564648944567
11 18 16 2 61383 1.0261078693229164
25 9 19 15 48754 1.0537043803708919
7 10 23 24 83298 0.9253777915597852
3 23 13 16 45914 0.9108011539785882
16 9 8 29 79212 0.9892004296349073
13 0 16 17 52675 0.9730700595135979
10 24 29 23 68463 0.9262269608968777
21 2 7 26 99936 0.9930090149360356
6 21 25 5 90383 1.0627784669185052
3 15 20 2 89005 0.9672696622046567
5 13 17 29 71474 1.0618111032876485
21 7 5 22 75403 0.96252867031642
15 7 6 23 61367 0.9899282004193077
22 17 7 3 77225 0.9574984943231952
17 11 21 1 41718 0.9230556883276471
10 15 7 7 45513 1.0332499760817286
23 15 0 14 72131 1.072667434409266
15 27 25 15 60973 1.0794012762224492
4 7 11 21 58247 0.9048155971444938
4 6 7 29 64505 0.9476025845508048
16 23 28 27 42644 1.004708189045789
6 9 22 23 70217 1.0114305138495228
18 18 8 28 48636 1.0143281739065229
0 23 22 18 63834 0.9188025996062603
18 2 5 1 50637 1.029354585794373
25 11 28 23 68509 1.0635274878723937
22 5 3 29 109511 0.9277538187862145
29 9 10 7 57423 1.0668793112845687
12 8 4 4 40817 1.0460037314977642
25 6 2 22 100272 0.9237145880965022
7 12 12 19 39212 1.0045781599228205
3 13 1 22 28275 0.9229981206823664
10 21 13 10 44402 1.0195601049679448
9 27 28 11 94197 0.998337268034295
18 0 24 24 92845 1.0717895975288982
1 4 5 16 39451 1.038822550171543
4 18 26 12 78624 1.045930513134753
7 2 8 11 36452 0.9577742114029042
20 18 29 12 52124 1.0386076368943806
14 20 8 6 60716 0.9478913947093359
11 20 21 29 48939 1.020327771854804
23 4 25 13 50991 0.9129549069916356
12 26 5 9 66067 1.0201991610511856
20 28 9 0 102225 0.9540139841463516
3 4 29 22 114910 0.9306201429573747
23 12 11 24 66093 1.0042985741827681
23 25 25 16 49924 1.0441397251432298
21 9 1 14 81395 1.0298280943486418
14 6 3 22 66079 0.9021174863443799
11 6 13 14 35881 1.0655033754714018
25 29 8 18 74992 1.0317075897690104
5 6 13 11 45507 0.9401347644222863
14 26 19 5 68809 0.9964439440847986
9 24 20 17 47938 1.0358631030992813
17 18 7 17 30776 0.9931366646227175
2 24 14 23 48063 0.9929945458084986
25 5 12 29 98106 1.0336513281541129
15 23 29 18 59806 0.9773837235037959
25 27 10 25 46318 0.9324139166458109
7 9 0 0 49366 0.9323881906536016
17 18 8 28 49072 0.9439905003988379
25 15 16 25 55716 1.0444675368675786
16 13 26 19 44961 0.9970345593360281
0 0 24 18 109055 0.9391590743366018
15 10 4 29 77862 1.0168286977227878
15 15 9 25 52154 1.0671150929120286
3 6 12 29 84849 0.9089774741532829
12 1 1 20 82674 0.9049697914725304
9 22 28 15 64469 0.9095723545661439
28 6 15 12 57424 0.980752091900785
9 6 27 28 107194 1.085585605250574
2 12 16 17 53118 1.0924330498178794
8 5 5 14 35528 0.968790587476312
18 24 12 10 54226 0.9398816060045319
13 24 7 11 55031 1.0600114385674757
3 13 1 27 49886 0.9037287104091395
0 1 1 27 82391 0.9144923014003534
29 18 17 14 51703 1.0647146594780268
10 3 10 26 79580 0.9075472027567193
14 8 29 17 63620 0.9487216951926407
29 22 5 12 93627 0.9288062238250596
26 10 11 8 45728 1.0689328655336303
23 4 25 12 45637 0.9345652179488704
22 0 14 22 80472 1.055302136100886
1 11 27 25 105632 1.0700047286641876
7 9 28 1 101817 0.9068928719186373
12 28 13 17 32831 0.9507459245783354
2 14 27 13 96429 1.0437687151712496
17 4 25 17 62954 0.9075194928729571
27 11 16 22 68567 0.905859820121095
1 4 19 22 82753 1.0620786824015054
27 10 12 0 70558 0.9820167602588921
4 11 17 6 60964 0.9321872778868068
6 8 0 4 28161 1.074557929509283
10 23 19 16 39563 0.9358365809498467
21 2 23 20 72984 1.0115047843700058
6 17 25 1 102976 1.0257707304781065
14 15 19 22 25574 1.0303665941362994
11 14 3 27 61545 1.0519388869564676
11 16 1 2 66211 1.078697233793074
24 11 18 4 41824 1.0937274227908702
23 24 17 9 70131 1.084188385833307
8 14 12 4 49767 0.9785968924815595
7 3 10 27 70641 0.9173041583846547
10 23 20 5 72933 0.9679083496234171
4 29 4 11 56872 0.9344996307891867
15 1 26 1 58857 0.9892080674550237
1 3 4 21 54224 1.0703821742227924
10 27 8 2 80241 1.0761369336109474
20 13 3 6 87035 1.0174778198976573
9 9 18 20 54477 1.0995509437474251
0 13 29 27 101083 0.9885619519466856
4 22 9 4 58195 0.9788855436542037
15 6 14 28 61194 0.9956383456245077
9 29 26 0 135320 1.0295596325633831
3 2 25 4 93954 0.9606656374527281
23 12 11 6 55418 1.0873763028413517
12 1 6 25 81738 1.024555303199624
1 20 26 11 87652 0.9153178858102066
27 29 17 22 49136 0.9449281319203183
22 7 27 18 64615 1.0702728760013112
26 8 20 1 28326 0.9429841998764139
10 7 26 4 67509 1.008885776212714
29 18 1 9 98005 0.9695322768170244
5 14 5 1 45068 1.0851594929791812
26 16 16 4 65219 0.942231887317991
5 22 26 3 108632 0.9580594659883247
28 16 26 7 53473 1.0652114609777776
2 29 14 0 104083 1.0437243593820678
5 19 0 3 54056 0.912951013635618
10 16 25 27 64093 1.0989450124133517
12 18 25 1 95152 0.9721971085026783
10 28 5 11 53428 1.0928453021034235
17 13 12 21 38264 1.0465312537121776
16 9 3 3 58529 0.9594547614698137
25 27 6 11 83245 0.9447409684433412
18 6 7 11 54123 0.905435013593853
6 2 29 12 99336 0.9790798735873547
29 15 14 19 50169 1.0554108921835414
14 0 25 24 90420 0.9969216538987155
27 1 4 17 117467 1.08779680279579
19 14 1 29 86471 0.9585158663924851
26 3 10 9 71474 0.9525723100119005
24 7 8 20 73384 1.0637889018399018
2 1 21 7 83648 0.9691887203828164
1 11 11 26 59812 1.0468410347354256
9 12 16 1 57304 1.0202037896492495
6 17 19 3 75071 0.9045107494055729
20 2 5 20 78576 0.9209246924826962
20 27 28 25 30850 1.0104476698310487
26 19 15 24 46847 1.0630950929435614
4 8 17 22 68261 0.9175652815482764
10 21 17 11 48684 0.9904112284598132
5 11 6 20 26178 0.968813158731794
14 15 23 24 44949 0.9865630448565366
24 26 9 14 82479 0.9941371740279026
8 20 15 26 31772 0.9224708748288408
27 5 5 5 88044 1.0080617029213175
8 23 24 11 80775 0.9219322945033724
14 11 4 2 57658 0.9743593786026477
9 18 5 25 33203 1.0358630311574182
12 27 13 8 55161 0.9411191286066196
22 12 29 23 73085 1.06560517113813
12 19 22 12 46340 1.0422225482848835
27 12 7 26 89470 0.933835131702733
22 11 9 5 56728 0.9213961543977787
0 2 6 26 73597 0.9319626633914097
8 10 29 5 82247 1.0238982766469298
17 24 12 0 79842 0.907321256777719
8 4 22 11 58285 1.081810334764465
13 23 3 4 73355 1.0420787694416427
19 23 10 10 62854 1.015204080145549
29 26 20 8 94224 0.9272379151371057
25 28 10 14 80891 1.0100983989896304
11 12 0 24 66654 1.0096562655400905
14 6 5 18 55184 1.0408544323608875
7 21 29 6 99038 0.9982167086645425
9 15 28 21 68948 1.0697034528236191
23 11 20 26 66220 0.9572372768699751
21 17 11 14 39330 0.9233462444737663
21 10 14 0 44212 1.068623814647431
11 7 11 22 57752 1.06052971602539
13 6 2 23 76075 0.9288440969304234
23 2 2 18 106098 0.9682213765573162
27 23 27 1 120477 1.0423794058214484
3 29 4 12 60195 1.0268921064612702
14 22 12 3 57339 0.9433852501210223
28 3 6 21 108222 1.057732742850092
12 15 15 22 31439 0.9856167042921491
23 26 20 1 92840 0.9486636408309435
18 9 8 4 40078 1.0587682806766874
1 10 24 17 73102 0.9380515072942147
29 16 20 21 44167 1.0206845037546568
16 16 19 9 38628 1.0985748931290564
24 12 12 19 53498 1.0261217178442816
2 6 9 10 47329 1.0769907244649564
19 0 8 9 64799 0.9169497433182897
29 15 3 20 74061 1.0807227722053732
4 27 16 5 88693 0.9367607316206327
6 3 15 15 65223 1.0511684107832544
0 21 13 6 73126 0.9082483727128848
18 21 3 5 79157 0.9236448733215625
26 12 18 10 36373 0.9770233559184958
24 2 13 6 59080 1.0447037161158472
28 25 2 14 102127 0.935189726940588
1 11 5 19 28857 1.026141377633064
0 2 10 2 46782 0.946176153784365
23 28 11 20 46793 0.949831810863028
14 0 16 8 25291 1.051564320952727
16 19 7 13 43848 0.9802248258562182
8 27 20 5 85009 1.0108076259379675
28 19 19 18 30037 1.0892786029747215
8 1 24 26 118713 0.9477242909266949
11 15 3 11 46457 1.0099808078347194
21 11 19 2 30148 0.9064244021790757
28 19 27 3 85726 0.9950272261284889
3 22 25 1 119751 1.02915583131625
20 11 27 21 62128 0.9886723470146187
20 23 7 6 77233 0.9394850267125197
23 3 10 28 104297 0.9128141478575268
17 13 28 2 76619 1.0193663130458643
11 14 4 0 64094 1.0884022354990048
15 18 1 5 70832 0.9997609526964881
13 14 7 19 35541 1.0459439259242176
26 4 26 14 59502 0.9352582737345873
25 7 1 5 84464 0.9305814638555436
4 22 25 27 66003 0.9044594856676472
2 10 10 15 54724 0.9430505932683985
20 16 5 21 45257 1.037728298115546
5 3 1 28 78377 0.9607167150463133
10 29 18 2 94074 0.9768735786551849
13 19 25 26 50756 1.097656465704191
19 14 11 3 59854 0.9482647336599574
8 1 25 14 94115 0.9157366303653723
14 17 2 24 51221 1.0367942978487092
1 5 12 23 72979 0.9924188945994684
5 8 4 22 42049 1.066118258115648
25 24 9 27 51758 0.9258262699315508
23 29 27 2 131356 0.9276991052589983
3 9 0 23 49563 0.9637308062052539
13 23 24 13 60305 1.099351084000699
3 1 19 26 106800 0.9106330360436737
3 26 29 24 88787 1.0204583302002779
2 4 27 10 91697 1.003760342575402
8 17 27 11 74756 0.9196562443529189
2 27 21 6 97581 0.972046696270731
20 18 4 15 53885 0.9952564553839702
2 3 17 0 60382 0.9507796356193601
15 14 3 24 60082 0.9645984897754275
27 25 0 14 100410 0.9680875887284208
11 19 1 21 30119 1.0681635073960773
1 20 21 18 52413 0.9007515287668546
9 4 27 2 82690 1.0785079328508125
25 15 7 5 88578 0.918939104851747
5 9 19 23 70494 1.0031184289585455
8 1 10 23 78568 0.9486020762578018
4 23 5 13 35352 0.983307337592692
25 13 22 24 62997 0.963555583547947
19 16 26 6 60200 0.9133622206209097
9 12 28 5 78160 0.9169948684653189
4 29 13 16 56631 1.0271899425604905
25 27 13 16 55977 0.9449123504545907
4 25 24 4 114816 0.9786863293419794
11 17 16 5 50519 0.9984866340196289
14 12 10 23 40306 1.0876922221574792
14 11 17 20 27640 1.0497854962097575
10 21 21 19 31052 0.9717460672077879
