5048 4329 4844 4766 4899 4852 4669 5424 5625 5134 4828 5130 5636 5687 5365 4416 4822 5402 3774 5404 5221 4416 5552 4138 4922 5346 4173 5041 4934
5150 3992 4016 5252 3939 4198 4209 4241 3659 5071 4194 4011 4439 4968 5228 4433 4889 4599 4943 4692 5300 4795 5473 4272 5318 4905 4358 4650 5227
2980 2581 3391 3394 2180 3025 2986 2888 1997 3657 1843 3293 3068 2226 1882 2543 3382 1849 3539 3039 2095 2198 3712 2494 2409 3283 2216 3450 2582
6922 6671 6635 6665 5304 6931 6413 6334 5531 6804 6616 6153 6316 5447 6902 6756 5074 6975 6803 5193 6411 6512 6792 6444 5353 5703 5000 6193 6133
7740 7716 7388 8308 6994 7512 6899 7654 7064 8622 8006 7811 6817 7116 7541 7874 8081 6792 8256 8299 8186 6682 7037 7278 7249 8485 8268 8397 7514
6519 5406 5408 5737 6479 5728 4797 6052 6222 5568 5983 5315 5465 5832 5009 6338 5736 5778 5223 5404 5022 5783 6677 5708 6388 5007 5311 5738 5181
5312 5260 5751 7129 5481 5445 6531 6470 5966 6687 5310 5549 5726 5605 6628 6320 6971 5606 6498 5458 6321 6927 7056 5425 7020 5475 5783 7222 6730
7465 7209 7720 7010 6664 7313 6495 7164 7101 7536 7791 6466 7950 7803 6860 6734 6809 7089 6326 6722 7605 7484 8130 6305 6571 7995 6433 6308 6710
7351 7335 5899 6112 5867 5625 5761 6797 5949 7431 6718 6822 6224 6001 6917 6660 7251 7017 5642 5759 7140 7024 6997 6163 5800 5611 7487 7260 6009
6157 6397 6332 5941 5608 6007 4518 5151 5557 4948 5980 5796 5403 6479 6308 5444 4879 5548 5232 5664 5069 6134 4994 5402 5453 5459 5688 5214 5538
2478 3725 2198 3556 4156 3517 2827 3638 2452 3012 2943 2820 2258 2326 3759 2981 3410 4045 3667 4192 2350 2759 2365 2788 3286 2825 4162 3390 2279
3532 4384 3298 3197 3911 3289 4374 3935 3544 3853 4259 3112 3718 4271 3809 4058 2806 3359 4161 2553 4320 4169 4261 4256 3400 3556 4076 4278 2610
6136 7924 7653 7738 7243 6905 6435 7805 7483 7832 6614 7294 7338 7629 8002 7899 7422 6884 6201 7870 6916 6358 7822 7634 6350 6258 7091 6541 6906
3164 4536 3439 3253 4892 3971 3397 4741 4568 3749 3388 4017 3931 3625 3232 4798 4077 3129 4785 4122 4884 4853 4991 3482 3095 3980 4956 3321 4776
3763 4256 5321 4668 3914 3431 4922 3600 5029 4467 5137 4382 4625 5188 5101 4795 5184 5091 4136 4071 4336 5194 4120 4127 4046 3568 4293 3418 4955
4764 5168 3611 4656 4382 3734 4198 5121 4478 3558 4261 5178 4066 3639 4511 5230 4659 3826 3648 4875 3941 5321 4032 3735 5047 4347 5325 4305 3853
2458 3816 3662 2836 4093 3528 3734 3949 2724 3107 2723 3824 2457 2827 2637 3007 3596 2955 2717 2921 2902 2955 3210 3123 4185 4218 4291 3847 4307
3025 2673 2786 3469 4410 3212 4325 3912 4299 3163 4001 4382 3438 2853 2516 3060 4010 2785 3720 2911 3908 3262 2845 2737 3428 2849 3396 4130 4071
2247 2307 2631 2431 2954 3626 3965 3399 2270 3838 3472 2490 2132 3397 2652 2297 2213 3868 3169 3942 3945 3988 3637 3913 2640 3370 3105 3736 2550
4950 5985 5502 6341 4861 5770 5281 5893 6008 5046 5508 5127 6165 4975 5053 4936 5315 4467 5194 5081 4604 5133 4806 4966 4886 5198 5606 5084 5863
3008 2093 2164 2540 3384 2425 1721 1766 1785 2653 1672 1741 2720 3037 3441 1728 3288 3398 3281 3633 1891 1644 2962 2442 3328 3041 2011 3457 2051
6302 6377 5735 5454 5351 6153 6149 5119 4681 5068 6201 5811 5133 6547 5073 5183 6287 5953 5278 6462 4721 5710 5092 5209 5974 4914 6087 6459 6000
4369 4285 3871 2927 2992 3505 4355 2618 3330 3811 3124 3802 3255 4554 3730 3702 4164 3210 3104 4382 2688 4336 2813 3570 4351 2989 4140 3996 3812
6982 5579 6755 5127 5931 6857 6724 6625 5173 6239 6987 7019 6041 6549 6827 6834 6488 5794 5249 5335 6273 5163 5657 5317 6154 5625 5667 6806 6813
7448 7172 7673 7568 6203 7697 6413 6050 7778 7789 7020 6066 7520 6654 7277 6669 6793 7414 6887 7303 7711 6953 6499 7070 7525 6189 7029 6838 6206
7921 7438 7223 8419 8559 7925 8078 8317 7372 7369 7265 7936 8241 6749 8494 8021 8066 8233 8145 8564 6926 8614 7077 7658 7102 7849 7657 7278 7404
7756 7268 7700 7006 6971 6950 8096 8290 7907 7920 6989 8412 8010 8058 8103 6865 8312 8227 7840 8135 7836 6886 7897 8305 7584 7728 7228 8324 8553
3188 2476 2953 2369 2774 3701 2392 2270 1778 3230 2711 2514 3195 3088 1869 2898 3550 2162 2054 1942 3401 2718 2471 2066 1778 2742 1884 1844 3388
6748 7904 7413 6089 6280 7297 6312 6834 6366 6282 7365 7500 7850 6762 6374 6701 7956 7647 6484 6458 7824 7636 6759 7321 6561 7002 6565 7356 6277
2915 2047 1768 1874 1960 1775 3043 2569 2233 3311 2682 2907 2414 2991 3545 2386 2577 2275 2995 3278 2514 1990 2296 3069 1652 2146 2720 3202 1802
7006 4147 2851 6084 7199 3818 7949 2098 3559 3520 8451 6817 7158 2010 2816 7023 7072 5983 6912 1443 2697 4278 3407 5688 2542 5455 6524 8394 3280 3407
5670 5647 1791 5495 6756 3401 7814 2312 2241 2050 7717 8079 7058 3555 2413 5861 7486 6789 7925 3400 2704 4236 3100 6381 1572 6706 7410 8269 4484 4042
5718 4238 2978 5142 7050 3927 7312 2565 3384 3686 7861 8170 8000 2018 3371 7024 7748 6598 7563 2879 3188 3459 3544 5787 2823 6048 7245 7506 3055 3508
7332 3805 3134 5056 8003 4288 7110 2278 3118 2402 6944 7068 6761 3669 2066 5406 7496 5825 7866 1569 4279 4072 3309 5699 3002 5410 6618 8160 2914 3347
5439 3808 3097 5095 6680 3385 6949 2407 1985 2099 8564 7146 6756 2645 3223 6115 7092 6336 6622 2485 2992 3529 2272 6806 1603 5612 6178 7072 3821 3725
5977 4260 1559 4196 8383 2856 6923 2967 2397 3677 6831 8082 8336 2951 2882 5999 8017 6433 7304 2252 3014 4639 4043 6767 1874 5170 5698 7753 4699 3538
6349 5324 3074 5035 7294 2346 6615 2407 3712 3504 6993 8395 8328 3197 2947 6763 7484 6928 7319 2414 4299 4957 3193 6728 1730 5978 6373 7510 3956 2897
5393 4979 2478 5753 6880 3779 6932 2522 3130 2727 7871 7007 8644 1922 1890 6743 7580 6342 8033 2619 4192 4145 3073 5199 3199 5398 6778 8192 3371 2941
6766 4070 2468 4220 7920 3111 7642 3457 3527 2173 7341 8546 7782 2289 2802 6695 7206 5524 8225 1913 3040 4111 4053 6893 2727 5800 7039 8571 3996 4115
6008 4184 2055 4205 6666 4272 7191 3679 2751 2325 8078 6756 7842 2972 2876 5871 7238 7180 7959 3264 4098 4073 4038 6484 2843 6606 6845 7533 3230 4345
6625 5208 2576 6078 7752 4010 7755 2285 2327 2792 7337 7858 8541 3649 2765 5905 7642 7018 6669 2737 3403 4293 3543 6049 2107 5517 6595 7980 2847 4441
6636 4420 3394 5019 7542 2336 8051 1978 2971 2042 7482 6707 8432 2854 3768 5924 6798 7265 6278 1818 3979 5144 2874 6651 2794 5532 6358 8508 3378 3694
6082 5304 2430 5711 8588 2910 6328 2811 1905 3466 8552 7603 7284 3315 2648 5651 7547 7420 7828 1545 2503 3588 3013 6669 3261 6781 5852 7462 4241 3479
6624 4218 2931 4831 7258 3546 6843 2896 1951 2821 7440 6968 7352 3260 3030 5209 7842 5986 7274 1497 3674 3774 2942 5568 2192 5121 5797 8732 4642 3790
5892 4418 1856 5201 7703 3940 7719 2453 2875 2639 7529 6903 7974 2610 3151 7093 6849 6932 8136 2252 3975 3628 3202 6907 1650 6574 6486 8449 4724 3930
7326 3792 1749 5668 7412 3269 6460 3713 3159 1685 7370 7991 7642 3503 2926 5854 7983 6496 7876 2182 3865 5080 4129 5307 3271 6255 6232 7832 4626 2620
5653 5630 2239 4828 7884 3453 7127 3130 1805 2090 8427 7720 7759 3031 2784 7036 6807 6851 6859 2670 4421 3555 2578 6343 2902 6878 6126 7977 3762 3806
6939 3799 1581 5951 6739 2590 6443 2030 2202 3063 7716 8047 6776 3740 2755 6645 7187 6360 8150 3093 3447 3759 3202 6906 3019 6521 7175 8443 4108 3122
5394 5125 2402 5202 7308 3548 6517 2215 3700 1800 8426 8307 7417 2065 1824 6607 6988 7041 7251 3174 3624 4097 3071 6561 2178 5787 7377 8624 2795 4110
5849 5576 2870 4568 8478 3399 8153 2757 3080 2018 6762 8655 6754 3602 2241 6688 7289 5858 6321 2174 2901 4792 2510 6005 3464 5862 7153 7251 4421 2625
7104 3744 2140 4212 6921 2825 7661 2011 2972 2970 7078 7443 7465 1902 1952 6485 7583 5690 7891 2271 3129 4823 2611 6423 2070 6018 5849 7405 3230 2946
5996 4193 2619 5448 8506 2646 6928 2343 2772 2846 7912 8614 6986 2735 3006 6032 7957 6504 6862 3256 2987 4514 2426 5733 1933 5585 7304 8789 3023 3665
6411 5180 1795 4367 7804 3793 8130 1972 2919 2197 7527 6989 7812 2505 3113 5647 7737 6655 6559 1817 3009 5073 2451 6083 2654 6416 6915 7401 4300 4355
5826 4037 3344 5508 7656 3420 7900 2128 2330 3199 6901 7268 7081 2737 3320 5389 8643 7356 7465 1480 4383 4010 3030 6999 3185 5370 6758 7346 3503 2836
6100 5539 1701 5777 7350 4009 7325 3839 2432 2886 7311 7387 6915 2047 3514 7185 8057 5880 8118 2854 4113 4877 2484 6257 2774 6666 6014 8548 4595 4460
5518 3916 2286 4823 6821 3637 8146 3014 3277 2219 7376 8628 7960 2797 2343 6747 6747 7468 7539 1887 3010 5033 2448 6329 3241 5629 6274 6943 4701 2849
7045 5115 1839 5998 7364 3120 7736 3899 2817 3055 8487 7899 7452 3274 1953 5632 8446 5976 6734 3036 3571 4629 3477 6276 2403 5273 7390 7611 4178 3195
7162 4112 2714 4271 7666 3183 7644 3715 3331 2981 7184 6904 7925 2940 3400 6003 7121 6242 7818 2355 3484 3411 3196 5595 2810 6396 5975 7498 3840 4481
5994 4308 3319 4611 6712 2641 6893 2575 3050 3298 6915 7408 7063 3302 1792 6742 8221 6362 6544 3301 3273 3660 3482 5468 3147 6681 7123 7836 3206 4107
20 3 12 21 67996 0.9302914727017134
0 7 12 0 57357 0.9314955351641107
4 9 13 11 31942 0.9579583180556819
20 14 22 25 36062 1.0678477979529963
1 20 29 5 106531 0.960739556526209
12 4 24 7 45169 1.0713092716902182
29 28 20 1 88174 1.0261986484609231
18 26 13 2 82596 0.9785879870777165
19 27 9 8 83196 0.9586093256507763
18 22 3 1 99946 1.059807163030432
29 10 10 20 71681 0.9401825878683121
20 8 1 25 89489 1.0637824247237222
2 8 8 18 49139 0.9439336676299117
19 13 29 4 48213 1.0917034171970406
11 12 1 15 38897 1.0627988177700212
0 13 26 3 100047 0.9956436343899271
21 15 8 25 66173 0.9327596205073144
25 15 17 19 44756 0.9257585757536839
25 22 23 6 63730 1.0130821641395347
24 27 10 17 73656 0.9270749379964133
22 3 24 20 62173 1.0307680318525863
29 6 4 19 94565 1.0895965139972277
23 9 4 21 82311 0.9524850007041994
9 29 3 23 43709 0.9495789018734184
4 24 19 23 42316 0.9796686842823639
24 16 11 0 82313 0.9741791473417782
23 11 15 14 34250 1.01168500497158
24 0 27 24 78552 1.095501665157189
24 19 19 6 47372 0.952627782718374
23 1 12 13 61688 1.0570504984302311
0 15 28 3 108196 0.9150401275006865
7 5 19 5 40764 0.9839805198574854
19 7 27 23 59244 1.0331709436704037
25 19 17 28 46714 1.0670790446249028
7 20 22 11 65307 0.9866881291841212
15 6 22 29 81624 0.938648078429645
1 23 15 22 45416 1.0168116890665697
17 29 21 6 74987 1.0086392732505711
4 7 15 6 34060 1.0042451826123286
16 14 1 29 77858 1.0723727224193473
10 13 21 20 50092 0.9815760892127956
14 2 15 20 64767 0.960598353644712
25 11 21 3 46565 0.9100162288891355
24 15 22 25 47356 1.0800489928672188
11 27 28 4 111811 0.9482599746846897
0 18 28 11 95989 0.9202603575471312
5 23 11 2 88676 0.9688966459783204
6 10 29 2 79374 1.045692656778848
18 20 27 22 28987 1.0863231463995076
22 23 29 27 30302 0.9336934218920178
27 22 17 21 30972 1.0105547276515419
23 17 13 9 51148 0.9266887324158456
9 21 11 3 64982 1.014939046460904
7 10 20 27 87088 1.0920531200708252
7 3 13 23 89267 1.0826955830658702
3 9 10 14 32266 1.0022456403999496
3 7 27 15 80378 0.9106706477344009
19 20 10 19 24683 0.9507395077488249
24 23 20 13 42358 0.9472476569143317
10 4 3 1 30290 0.9213567632099454
7 26 3 8 71799 1.052924320075427
10 3 14 24 76175 1.047180773216522
19 13 1 12 57684 0.92073626729725
15 0 29 22 92165 1.0241112410166515
18 15 21 24 31537 1.0704775437725564
29 20 3 5 109942 1.0567860637507815
24 6 18 29 78572 0.9985067266431845
29 29 2 26 87687 0.9505818652042082
24 9 13 26 76361 1.0053923039021004
9 28 13 7 75732 0.9855475935517144
2 14 19 5 70434 1.0940283019027257
12 24 23 12 65732 1.0554004493027143
2 24 29 29 81995 0.9427356717897827
29 13 15 18 54258 0.9740361274194264
23 15 28 8 37804 1.0444650599731888
2 19 29 16 72641 1.0433085199433898
15 20 7 29 55139 1.0368506595241316
17 26 27 4 84297 0.9817745839676988
24 27 18 23 39785 1.0357633010085339
13 1 5 19 78963 0.905135676433275
28 28 17 27 46824 0.9703318513757406
3 13 26 26 101085 0.9586672419387916
18 24 10 5 75643 1.0158005003109618
24 4 10 2 49167 0.9890309795330898
19 19 14 8 45013 0.9769236116246625
16 12 5 25 64469 0.9137323161209618
6 16 14 3 68963 1.0951449519136605
29 7 25 22 50818 1.073272920808155
19 27 6 10 96880 1.0398325777084794
15 29 13 4 95943 1.0640348532192387
8 18 22 23 48979 1.032520187217021
18 20 29 24 39481 1.0492571649084383
3 7 23 18 86784 0.931360420617136
27 13 15 12 38004 1.0491733749591845
19 9 10 11 28353 1.048170990496363
20 11 21 28 50273 1.0226770603036204
9 12 0 22 53354 1.01494549190776
7 23 25 7 91347 1.0433507740346932
20 4 12 16 57192 1.0981283671198714
20 27 21 7 53473 1.018166815167688
3 19 7 8 46754 0.9632245292782178
28 18 3 11 97885 1.0848939218535396
29 15 0 25 97601 1.0227657153939749
4 13 17 28 78936 0.9457148053454354
27 2 25 16 52935 1.0854417416635365
11 10 9 23 53076 1.0094855619413723
20 1 3 21 93747 0.9139117221973648
25 3 11 2 40274 0.9493324030852749
18 12 14 27 57430 0.9439290395076086
26 4 17 25 86618 1.0929604287654227
5 25 26 7 98981 0.9372166441337851
13 11 4 26 80885 0.9032625698369859
2 24 5 8 51304 0.9521617555608789
27 14 27 29 36767 1.0306010892995525
15 15 10 0 61779 0.9167163180790465
8 16 15 29 73554 0.9317051268757679
10 9 19 13 34595 0.9431898139518731
12 18 27 13 57010 0.981580888005092
19 3 18 22 57897 1.037125806750499
9 22 25 15 71823 1.0564701058442918
4 15 13 6 54081 0.9713056389706596
19 10 26 7 25922 1.0563752079817303
12 8 1 29 87387 1.0652571630255179
21 6 10 6 37255 0.9571363441132638
15 2 6 24 91705 0.9359280692666321
1 13 21 25 82129 0.9355022435234943
5 23 9 5 80462 1.0649472982407322
28 27 6 11 108086 0.9347265826074063
4 0 12 18 87366 0.9714139721005763
22 25 5 7 91838 1.0202144210193447
1 9 14 27 84932 0.9844178198911662
5 12 18 14 44949 0.9243959122039742
20 27 8 14 67634 0.9688140470204718
12 20 12 2 68804 0.9406780086614188
5 24 15 12 63193 1.0716876454156676
24 0 6 2 57721 1.00130418017624
20 17 5 5 71909 0.9746758652140723
25 10 27 23 50436 0.9569539973933439
14 18 0 29 66055 0.9318861239724608
12 25 16 5 75620 1.0332495242535065
17 11 10 21 45969 1.0084702471829536
18 18 29 3 64617 1.0847272289823326
27 26 10 19 56861 1.0385898169110162
10 2 15 8 31921 1.0101722742775863
25 19 19 4 54594 1.0561460669549612
12 21 23 22 37563 1.0729762296469427
4 3 29 17 105503 1.0249269526345883
21 15 17 21 33440 1.0361405422714391
11 14 7 24 43180 1.0121512215527049
7 17 24 20 60480 1.0692986416070842
16 27 14 11 60664 0.9952179596876406
15 28 11 13 68036 0.9790129256232709
8 17 17 13 46779 0.9161401458321855
25 2 20 19 54343 1.081277875826607
11 25 6 4 82605 1.0009214349728792
27 15 14 17 51831 1.0327638647522517
23 24 11 29 49308 0.9648336393036164
22 11 5 26 88038 0.9833255070061824
11 24 21 28 39798 0.9492987452460233
15 24 18 8 54963 1.0843376088923657
2 24 18 25 43637 0.9340532110135269
8 24 6 8 66817 0.9730075064716628
15 0 21 27 91874 0.9112694261199356
21 26 16 14 49530 0.9414970935638041
6 17 2 1 67990 1.0063896449336875
27 12 11 20 58375 0.9432001879592858
24 14 11 5 57768 1.0055241408564688
2 11 24 9 63721 0.9557871595900792
28 22 5 24 65204 0.9658901016642233
5 2 22 16 75660 0.9438011485849915
26 6 28 23 57574 0.9713132430823465
6 1 10 28 97017 1.003588139096423
14 1 1 11 67606 0.927554286278259
1 22 21 20 59731 0.9999566492335048
29 8 3 11 84274 1.064162179371098
15 28 13 6 84779 1.0988483090403431
2 22 24 7 86613 0.9687207282279511
9 26 6 17 49724 0.9775135952856719
3 9 24 18 85993 0.9343552041206894
3 10 25 14 76855 0.9157149544690031
17 29 22 16 52322 1.0413871460537543
14 13 12 28 65669 1.0321393072866887
26 1 14 25 96866 1.0245016550319965
5 2 17 21 86608 1.0301026893759693
23 22 4 5 96629 0.9420145795205053
22 29 2 9 102890 0.9107283365229901
2 29 5 1 89053 0.9644542643670772
19 19 12 5 61787 1.0278428386884255
3 1 21 27 119665 1.0810286044071262
21 1 25 26 88720 0.9976633224999081
0 4 24 25 122772 0.998147545254121
5 2 21 2 37802 0.9252836373463343
25 7 5 2 60189 0.9915169426012026
21 4 24 17 58261 1.0646826361159216
10 1 11 21 66900 1.068999413318819
25 22 13 10 66994 1.0287861043411068
2 16 21 13 59313 1.0147750401763733
28 7 18 19 56559 0.9914126962899318
17 7 17 27 64902 0.9440121713815968
27 20 3 26 83200 0.9385244575719098
18 7 27 12 35952 0.9505161917551579
9 29 26 25 70566 0.9681345957811163
15 1 5 20 89786 1.0879439586587687
21 16 5 12 61222 0.9286946437415116
13 24 26 3 95444 0.9627644460253688
28 1 26 17 53856 0.9267970076451605
17 15 9 6 49970 1.0842030225389425
20 1 7 23 93381 1.0433771304796426
1 12 10 5 48837 1.0654108725868139
24 14 4 17 76099 0.9080932385289285
21 18 9 0 83593 1.0078940403029168
1 1 6 16 64221 1.0493424527810984
14 14 22 7 35409 0.9471679328266702
26 3 12 15 76787 0.957076395890958
0 0 17 21 101966 1.0763640040792049
2 14 12 27 68181 0.9909087764168388
29 11 4 17 95579 1.0997133770712515
17 25 28 19 43617 0.9038391991893057
2 17 23 19 55269 1.036534531122925
2 13 27 6 82261 1.0297602074824135
23 24 16 18 33057 0.9937712105803465
16 6 11 0 34395 0.9676917964295311
11 14 11 25 39918 0.9850347379488918
17 18 4 18 41624 1.0558962142442194
25 0 29 14 53787 0.9192547291431327
4 1 15 24 100871 0.9588762686499399
27 3 5 28 128270 1.0175149686539284
7 7 20 13 47365 0.983212334476092
20 13 27 4 40410 0.9269792227180642
29 25 14 3 96414 1.0955308418538354
9 18 28 16 63126 0.9300402012926099
26 20 23 6 56436 1.0583932892334313
13 22 4 4 89129 0.9858284986739081
25 29 7 20 80580 1.0480417709997427
7 28 8 0 111256 0.9676950308744559
20 9 9 9 26741 0.9379601699823966
25 6 27 20 48252 0.9593395160987662
19 5 12 13 44866 0.9826326058257906
3 21 28 1 113966 0.9083833356045501
0 4 15 8 56078 1.0611194108725266
23 7 12 24 71212 0.9840140577195942
11 12 22 9 38664 0.9898704727220217
10 15 24 20 53372 0.9893119120535482
18 6 13 17 50247 0.9298267000005889
29 29 3 22 91328 1.087268741949776
6 27 19 5 101235 1.012850532206514
8 8 11 29 73525 1.0616168556918586
25 1 18 9 38640 0.9280609677978804
7 25 14 13 61827 0.9094445792220657
27 4 7 8 65047 1.077039086544929
25 27 12 4 114901 0.9590742118382936
14 18 0 25 53702 0.9846446894341438
24 27 14 28 45330 0.9970339103320011
9 21 14 7 57042 1.0969704050663642
14 15 6 0 73662 1.0051693695817179
20 17 8 23 53237 1.0812792389725563
8 0 22 11 71541 1.0803864378528603
23 7 11 19 55021 1.0868884032042634
11 2 0 4 37671 1.0424762543174781
2 11 27 2 84018 0.9509006597172825
5 24 29 22 68686 1.0918768235359462
24 18 2 7 90415 1.0401710750580992
14 28 3 23 49101 0.9343439891819184
16 3 20 19 54575 1.0252944652618248
29 7 24 28 71152 0.9441383715801038
11 2 17 29 100513 0.9623838060375223
1 0 12 14 73177 1.023222761091056
25 6 25 19 51233 0.9029861605240433
2 3 29 18 108634 0.919114797399606
27 0 29 19 55002 1.0035110019038584
20 29 7 16 77622 1.0086602233487745
3 25 2 7 53881 0.9786783710008122
17 1 11 29 103798 1.0039849630490514
29 29 19 17 58130 0.997529397784771
28 1 7 20 100496 0.975859464564055
28 13 19 2 48378 0.9952354904161907
2 12 4 29 52822 0.9535596659377102
23 4 18 17 45942 0.968086791710007
21 12 26 24 51850 1.0867536593484366
6 3 28 17 100069 1.0023684668235449
23 28 2 0 128138 0.9592039410530059
0 25 4 10 61004 1.066857393345728
28 5 24 18 55259 0.9208711604466571
2 6 13 25 79749 0.9820318584359126
18 0 13 17 66443 1.0715667910322684
4 16 7 7 51265 1.052587628156401
12 2 22 29 93873 1.0548635078860111
23 14 17 26 50717 1.0572338141994495
24 29 2 5 120977 0.9259183017881317
28 23 10 3 100542 0.9552101725040089
20 3 0 25 103471 0.9720756652426767
1 15 11 5 58601 1.0521860210704035
11 9 20 3 35245 1.090570851335087
26 0 2 14 103556 1.089844831403245
18 12 10 1 53557 0.9458521532039514
14 22 12 0 90803 0.9813074576291742
24 21 18 10 52212 1.0062606669669114
3 29 12 2 104942 0.9108402505395998
8 24 15 1 91944 1.0534212947073547
4 7 14 6 32331 0.9850069022126126
12 25 15 1 93128 1.0750543595346977
5 18 4 7 49166 1.0773518700109357
2 3 22 5 61821 0.9622766927011588
17 21 3 8 73467 0.9901057522531914
15 26 23 1 91544 1.0567104657823658
8 7 29 5 63718 0.909872151713575
28 23 1 16 91521 0.9095138884469203
22 16 28 27 48052 1.0504190993154192
4 24 22 17 62440 0.9591389446746925
2 23 18 0 102340 1.0412270361923557
17 25 28 0 95955 1.0089199238757043
18 20 5 14 52318 1.0656059795453066
0 2 13 29 111417 1.0031485482125477
9 26 17 10 70838 0.9456726499865002
28 7 23 20 49626 1.0183097579722402
16 22 3 6 81349 0.9999264533215474
29 1 20 3 25968 0.984310456760642
13 17 25 26 65095 0.9627467026536035
16 12 3 28 79573 0.9776168844831932
10 10 27 27 86954 0.9159725562041324
18 27 13 8 69631 1.0113735555595
29 9 4 22 100773 0.9404082634952606
3 20 11 25 38995 1.06203070029582
26 22 6 22 60871 0.9532753196997701
17 0 14 12 50651 0.9875328129126337
18 28 22 14 51159 0.9073572714269923
28 13 6 23 87709 1.0107402155643437
3 0 18 27 118920 0.9907510414342339
12 23 22 25 37181 1.0132414503854341
13 19 26 24 45471 0.902373898379849
19 14 6 14 36166 1.074506567461028
15 17 1 29 68238 1.049025664335672
13 16 18 22 32480 0.99740752221824
23 27 14 8 78544 1.0691418640571384
5 17 18 14 54307 1.0097921295803418
24 18 2 8 87527 0.9129426592415857
4 14 12 10 41166 1.0278241300301998
20 8 6 27 91924 0.9738283212568264
3 23 9 10 68122 0.9346229159871979
23 2 28 27 81178 1.0516815913005364
28 1 20 12 44163 1.0422462890823099
17 0 16 9 32341 0.9612466382293205
13 0 23 3 36325 1.0792340234815674
25 23 27 12 39879 1.0445513706414657
6 18 18 21 41712 1.0261280206711723
24 27 9 6 106879 1.080756266693115
3 27 3 0 87374 1.0951927612642356
29 11 25 0 45475 1.0735039792361474
5 7 1 24 54527 0.912202960839203
23 24 9 22 42686 0.9316807443617611
1 23 2 4 56263 1.014936945584512
25 7 2 16 79607 0.9801889436238377
14 17 28 11 64408 1.0243360629861604
12 3 1 9 51292 1.0389568828006617
27 14 16 4 54651 1.079027071040825
28 6 15 5 49638 1.0108066301567749
7 28 28 26 79853 0.9128445624848096
26 22 16 29 48350 0.9445104618517343
3 10 20 5 57824 1.0799818080431804
7 5 1 21 64350 0.9219080010346452
23 23 16 20 30363 0.9338128203713751
16 24 26 1 87899 0.9770092037451924
25 10 10 2 61280 1.0862479946357726
14 13 28 17 52304 0.9047385998704748
6 6 24 17 89905 0.9724835537535947
26 27 16 13 70778 1.087718895935086
12 14 25 19 48173 1.0303381719492928
25 28 6 10 111851 1.0221972934962162
27 2 1 18 107128 1.0600854877371146
0 3 9 26 96470 1.0422092234305922
21 9 15 1 34764 0.9384815468207766
21 24 26 14 43274 1.0918023445816383
25 6 0 14 88489 0.9175646140802862
26 19 19 2 59179 0.9825101313479554
19 18 22 3 49086 0.9835204686294694
16 14 21 19 27011 0.9184819210418166
6 20 29 1 103138 1.0192904626882113
17 24 24 17 44358 1.0909153535952885
13 29 26 7 96280 1.0849175586001216
10 6 19 4 37980 0.9652364499786724
1 28 11 14 67397 1.0692525777061355
29 19 14 2 76542 1.0554708254200458
1 20 2 7 37910 0.9839196859161884
12 6 22 4 41049 0.9574675231098041
23 24 15 9 56844 0.9876716333333002
18 11 0 1 77156 0.9435708793058373
4 3 17 25 105742 1.0968153722187555
16 15 21 21 33733 0.9492910839959556
3 11 22 0 85941 0.9722734812968328
13 29 27 28 51697 0.947565654194447
28 11 16 18 55446 0.953927403369727
18 12 6 11 49749 1.018254692323493
5 25 29 3 117469 1.0348356390122289
9 9 26 9 43058 1.005017600158429
12 5 26 25 94956 1.0932448507687416
24 26 18 4 80685 0.9241056339933368
22 10 21 24 47633 1.001349487598945
8 24 16 9 60932 1.0083085333028279
3 12 23 0 96310 0.9430225130646773
7 23 9 10 64882 0.9646173273079033
1 29 16 22 59391 1.024690271575861
25 11 3 19 83714 1.0496741109674144
7 12 22 0 79780 0.983936047457676
12 19 3 7 58682 0.9944546203519576
24 19 4 2 90327 0.962416248111021
3 28 5 11 62484 0.9315530536244969
5 17 17 4 79143 0.9749344487427535
11 5 2 12 45908 1.053280966274995
23 29 9 18 69064 0.950481853409345
0 17 21 23 71427 1.0206150347205993
26 25 10 26 56390 0.9244807796823641
2 27 16 12 73068 1.0713552315171406
26 5 22 13 38271 1.0090867276206408
25 20 12 9 66781 1.0567982495229287
18 5 15 27 80672 0.9047283164654609
4 4 24 16 99168 1.023777371430162
25 12 18 1 52317 1.076497323296788
28 15 11 15 56009 0.9734378735890911
8 9 22 27 83928 1.0140659155015446
2 5 6 28 77563 0.9445139726101317
2 2 0 28 79803 0.9729424328292466
4 1 20 17 80941 0.9344469118169744
12 26 20 24 31603 1.0851285050098989
27 20 26 9 32268 0.9999640029654777
8 20 21 11 61356 0.9721738046293484
16 3 26 26 94528 1.0279478820745613
8 9 2 26 64607 0.9444518653981168
18 8 10 19 48612 0.9430852417456604
6 19 14 14 39361 1.0783766554471355
13 7 18 19 48335 1.0147332175723665
19 14 15 6 35290 1.0151355499390258
15 6 26 10 45831 1.0853443919909702
9 9 9 29 68287 0.9660270740272207
15 14 22 6 36613 1.011639300516634
5 1 11 7 35579 0.9329257337528578
4 25 19 28 58067 1.0296578352119314
25 3 3 14 91068 0.997155817093343
28 11 21 28 72474 0.9667403081022821
3 18 29 11 89099 1.095598028005983
18 8 25 28 76107 0.9314935940845395
8 0 21 20 92511 1.0044344142093642
23 27 22 0 91613 1.0734931064640798
23 8 10 22 66657 0.9969340819674006
18 6 24 22 57133 0.9283906752181098
0 9 8 25 66421 1.0490807225510315
15 8 26 10 37491 0.980270983718667
3 8 29 13 78928 1.0168280131534697
0 5 0 18 54014 0.9585944973784626
3 18 18 10 66803 0.9228356752532142
16 14 17 3 38795 1.0590229470929375
10 27 15 5 81539 1.0190088965704716
8 12 22 5 60102 0.949612097021592
19 28 23 20 34322 1.0085552665153699
16 28 24 16 68716 1.0236847989401041
7 10 23 24 85365 0.9049784894055248
23 8 27 18 37851 0.9146525121248278
8 0 18 17 81500 1.03800457537919
17 0 5 4 45652 0.9021356248551581
27 10 21 28 68281 0.9545429532195436
11 15 22 22 46994 0.9220885193897538
23 23 5 21 66343 0.9614011817604798
24 14 14 18 43988 1.0143858234808825
2 12 28 1 93899 1.0886169489687851
0 16 21 7 79910 0.9190986187255097
14 0 5 16 79797 0.9313064772400704
21 1 17 28 83617 1.040467207890102
11 1 16 12 50924 1.0993028088239098
13 7 29 23 80528 1.0587899575620054
19 0 8 0 47681 1.0055558391951518
12 8 6 24 63924 0.9147813654807012
24 14 3 28 94795 1.0616784901150729
26 10 24 21 52410 0.9028743953129758
22 10 23 23 52159 1.0076797694765678
1 4 17 12 69910 0.9343228208631746
1 1 28 27 135343 0.9963919691677102
13 29 14 15 63163 0.9830499667147866
9 25 13 10 62859 1.0983031561093146
1 17 11 15 43227 1.060347666387105
21 4 29 27 83350 1.048155153003753
18 2 10 7 35010 0.9668709852214362
9 18 5 1 74897 0.9988438337780043
18 2 25 19 59694 1.0049913060487947
22 8 21 26 59278 1.0434815629850502
13 13 5 26 66995 1.092089340316499
8 25 1 6 72257 0.9759475827776428
7 22 7 11 62252 1.0242166553423693
12 22 22 13 53765 0.9559949117443127
20 3 29 6 31298 1.095322210464758
5 5 12 10 41464 1.095534949071081
2 11 12 26 70542 0.9785077062060734
3 0 25 17 119539 1.001892321112728
10 22 7 4 70782 1.037464434579777
13 10 27 8 41015 1.0689282497875832
18 29 3 24 53575 1.0872603074698812
19 23 3 29 65589 0.9791321502739838
21 6 20 16 28703 0.9594008076411096
18 17 16 4 44072 1.0592170930359757
1 5 10 23 72640 0.9420971221181693
17 29 26 8 81763 0.944103957147933
0 25 0 4 72870 1.019365974657086
25 6 10 22 80131 1.0763363373389119
19 5 4 4 56345 0.9960805582460804
17 2 5 12 69348 0.9293893995163405
26 10 3 3 88550 1.0608573748235917
9 24 22 9 70021 1.0392224102220866
27 4 17 15 52783 1.0309103797222017
12 10 23 6 44015 1.096760897587893
20 8 21 25 49360 0.9195992646168031
1 17 29 6 106024 1.0094414423573694
3 15 16 28 81415 1.0369482623404616
0 19 23 14 68367 1.0957740301051437
4 3 9 19 70081 1.0547445536466
28 21 18 23 34274 1.0059338662251784
17 14 2 19 49122 1.0970684519417766
4 6 24 12 79444 0.9970479079318361
26 28 24 13 48763 1.0438450929134675
2 20 25 28 87626 0.9087422375305217
19 11 2 21 72848 1.0002450096592
1 11 25 27 117759 1.0773044183468972
19 26 10 11 69516 1.047916353130439
21 13 26 4 45686 1.0769004920172514
19 21 25 13 40415 0.9068126199411792
26 26 20 13 58126 1.0035167059092667
29 23 1 15 91811 1.061991314634145
15 14 5 18 47554 1.0190395001850823
22 9 9 18 62193 0.9268127111744532
9 13 15 4 43978 1.0077430642135727
13 12 23 10 41522 0.9334249956683913
17 25 7 5 87214 1.0279986197408413
13 9 0 17 63054 0.9162756188352666
21 0 28 20 75754 1.0197118435353456
24 11 17 27 72544 1.0682081871432099
21 23 12 19 33458 1.0866169197307072
19 9 8 19 54011 1.003201118421572
28 23 22 5 69429 1.0133990305646514
11 6 2 23 71910 0.9988766215893228
20 4 28 28 78171 1.0760822195714161
16 23 9 13 47179 1.0697519892559344
15 22 23 25 33705 1.028393739274195
14 19 25 18 35368 1.0284983420132132
1 17 21 22 64493 0.9872837859677344
8 3 17 7 41747 0.9932728273210546
17 29 21 0 91200 0.9999869327525491
24 28 14 3 99227 1.07338109782038
11 29 4 22 44945 1.0625309942667878
16 24 17 2 71604 1.0951124278347142
13 9 2 22 63749 0.9328498813333156
23 13 10 19 46237 0.9089982279029629
8 17 27 16 65345 0.9034849413482914
16 20 23 12 43168 0.9142877797784504
22 13 10 24 57213 1.059435672507879
12 22 23 3 81368 1.027035280733583
15 0 26 26 103470 0.9735969247514531
9 4 25 28 115164 0.9758509766214188
29 16 15 8 54248 1.0174804808089066
12 12 8 20 44965 0.9868516587173061
19 4 9 15 62916 0.9597144737735819
11 29 17 20 46742 0.996971148713383
18 14 13 4 46396 0.9692200636536102
2 25 4 3 69897 0.9920949757324378
23 10 3 11 70995 1.0953547216178756
2 26 23 23 64305 1.0792837193317197
27 17 15 15 44559 1.0546947633089268
21 14 17 1 39086 1.0291375694108862
16 11 12 28 65837 0.9075271111679085
6 12 25 21 85833 0.9931844815205296
5 19 10 26 33027 1.078875511415496
27 9 7 21 84912 0.9374015790091017
21 11 4 11 69287 1.0888685116362486
8 1 15 23 93441 0.9290314383706425
9 7 13 29 81737 0.934749500523592
28 20 2 7 96731 0.9354519180788413
19 29 7 0 117532 1.0833396254219259
27 25 18 19 36325 0.957922997993437
15 13 4 6 57149 1.0011267838048006
29 5 26 12 31063 0.9571671664371565
29 21 13 24 50141 1.0999295832963059
26 26 14 7 86641 1.0505142313736227
2 13 29 25 94766 1.0834903643778475
2 27 17 4 103110 0.9690161666539829
4 9 5 21 49564 1.002809075822286
26 28 15 28 43064 1.0068308014927725
9 16 6 0 70328 0.9510645386523515
28 6 20 20 61580 0.9265528859886915
16 15 4 25 59012 0.960078889043882
9 6 26 29 106951 0.9093935669342147
15 13 10 28 60417 0.9744633820498133
1 0 15 8 63697 0.9608593733455584
13 27 4 0 116800 0.9716054149521938
4 20 28 18 69440 0.9686297437462102
14 11 14 23 53088 1.0521185017538794
2 19 13 3 76794 1.0093243453826666
7 19 20 8 57462 1.0501700335722584
7 29 11 4 92967 0.9582446830859661
23 26 2 0 124006 0.9816911136927976
13 15 6 1 63451 0.920011496142067
26 14 25 26 45268 0.9258545258799802
26 3 0 15 107302 1.0157592166642229
18 25 23 2 70152 0.9271599105592163
27 11 0 5 89746 1.0496160699871295
17 6 6 2 41127 0.9065596559681245
23 29 8 19 65745 0.9038479929745293
29 24 25 15 41598 0.9399631147884587
28 16 28 3 46181 1.0850223361446167
28 6 15 5 49638 0.9289957839586291
6 5 29 18 94619 1.0556251325338377
18 29 27 9 77067 1.067368662831786
20 8 13 27 71890 0.9947643620083492
16 13 25 5 45472 0.9953562545628636
5 20 19 26 62116 0.9784343627241847
26 7 11 28 96730 1.0261330263791761
23 28 10 16 69226 1.0057799061874437
16 0 0 12 82576 0.9487253693591822
20 16 4 28 83326 0.9592872103507611
16 15 11 20 24122 0.9599191995173311
6 28 8 1 108093 0.9559564757417737
8 3 2 24 82900 0.9854992240844465
11 22 21 4 72059 1.0848091864743665
8 10 12 27 79251 0.9981427517071959
19 7 7 3 51299 1.0980049783882335
26 28 8 19 69944 0.9220348458974382
21 8 20 29 58176 0.9301714183574166
17 22 27 29 43883 1.0893590743728128
24 17 14 22 48985 1.093607490781499
16 1 17 29 91969 0.9942610837146728
3 16 18 15 58823 1.0652416553288633
1 11 19 22 76481 0.9321435949008702
6 26 18 15 65816 0.9482061923645173
23 3 3 5 70760 0.9991111259143455
11 15 21 3 58592 1.0664891348856536
23 11 11 20 57594 1.0693987491786174
19 14 25 2 41448 0.9004467623464186
21 23 2 3 101160 0.9924496057303789
19 15 9 3 65333 0.9050993270489438
29 26 0 8 116570 0.9132031929265654
28 27 1 10 116980 0.919866105067961
7 5 28 15 84170 0.9288360045564135
4 5 25 14 81742 0.9911242775124104
0 21 18 15 62384 1.0921019447441265
1 11 28 7 84796 0.9044160089768416
4 6 22 26 104133 1.0449085553477073
20 25 28 18 41340 1.0193099443676092
5 21 25 12 82150 1.0230309770200856
6 11 29 8 74673 1.044483812174258
16 20 5 13 48471 0.9738994064764764
2 0 1 26 78037 1.0649297633163117
16 27 3 1 113193 1.034332265293217
0 2 23 5 66865 1.0312452471866598
18 25 1 3 103270 1.0542969301332634
4 3 9 22 84769 1.0292089003342235
18 28 11 6 86552 0.9920023550790571
19 9 3 27 95349 1.0530608705590172
20 26 18 3 65929 1.0818901483320418
17 20 3 4 84415 1.0978629807366629
29 6 4 23 114353 1.0914639347946946
6 2 17 22 87027 0.9066948919021222
23 16 15 12 40127 0.9264720718276745
19 5 28 4 36312 1.060659044148996
9 4 14 10 37902 0.9895402808305438
4 6 15 0 60290 0.9612030214399389
7 20 25 28 78918 0.9918274082177619
27 9 29 17 28438 0.9586639259274424
4 0 27 12 95032 1.0589506837919036
12 26 29 16 74279 0.9280559979530469
15 7 3 6 38553 1.0433005245541553
3 1 23 1 60697 1.0255528798465605
28 6 11 25 98650 1.0935817924127953
17 1 16 24 74277 0.9700541755308892
1 19 25 3 105283 1.0699707292765543
21 29 29 17 56520 1.0353982094951004
1 5 17 7 50960 1.030194972870381
3 1 29 14 99412 1.0318650379866001
0 4 9 0 45594 1.0663152238473612
5 13 28 19 75617 1.0989414476611055
19 0 17 9 33616 0.9068374393664391
12 16 22 14 39246 0.9409683892427978
11 16 4 12 35751 0.9178300007210539
1 3 9 16 66985 1.0325059226786455
13 9 25 4 49065 0.9157652822007232
16 12 4 19 47174 0.9214363021877962
19 16 27 13 33264 0.9950254766694837
3 24 15 18 43956 1.0602942189775657
1 12 29 8 89866 0.9801261263850793
6 17 20 6 73481 0.9082296154235655
4 21 7 4 74309 0.9637638380927604
5 11 11 18 43234 0.9094343566955093
6 28 0 15 62642 1.08148919890705
9 23 8 11 56645 1.0046643063594216
15 26 22 0 92824 1.0123330178323549
25 25 23 14 48941 1.0491341930403781
27 16 22 28 49889 1.0304598425118694
10 27 21 15 65076 1.0761486084871794
3 15 14 14 37799 0.9488328891219506
1 17 25 29 99436 0.9947077279996966
2 6 11 10 37109 0.9482297608775866
11 9 17 15 32891 1.0746867476265947
9 1 10 22 70775 1.0097904956893788
1 9 11 2 45330 1.0827147617217483
5 2 3 15 52063 0.942234248033867
23 12 11 23 64844 1.046183459989808
6 25 17 7 81322 0.9151234063468612
11 1 27 19 84025 0.9032266392965417
3 4 12 11 59386 0.9826048891766995
13 21 17 8 49316 1.0555704338488274
28 26 12 8 85482 0.9460767356269297
27 26 4 17 86660 0.9377144130914189
27 2 3 24 109849 1.0848416087162913
3 18 7 1 72218 0.9460749482430633
29 18 18 2 66903 1.0741262774394553
22 4 5 16 78679 1.0762611606508279
5 15 18 19 53331 1.058889734785898
1 0 26 10 95826 0.9584272640945962
0 22 27 23 79678 1.0020359000857826
16 22 8 18 31628 1.0412905663856533
0 29 27 4 133827 0.9028507822538692
13 28 2 9 84135 1.0209203138275202
16 4 26 22 74357 1.0386090328643156
19 26 12 21 42155 0.9916009511956453
9 3 4 22 85545 1.0143954524391652
18 18 20 7 30469 0.9396368136030376
11 18 26 12 63252 1.0023584182245524
8 7 12 20 53716 0.9523701583986068
2 1 20 4 52156 0.9297428410968117
25 16 10 1 86781 0.9777038587599767
16 20 5 4 81450 1.0477101947728524
9 25 20 24 35134 0.9198034646486506
18 20 15 0 70247 1.0589456652518405
4 3 13 12 63917 1.0036928183213047
5 13 27 7 71537 1.0876375303889247
25 21 8 1 105027 1.0372355308823418
27 6 3 7 67583 1.0643190668190643
13 7 19 25 70506 1.084867413315043
29 27 8 24 63143 0.9538854997673983
6 15 23 25 83530 0.9500195677287226
13 20 22 4 62063 0.9089948248178396
17 23 8 3 86024 1.0037724218669537
3 15 5 1 57286 0.9739529597356608
28 24 2 15 85859 0.989578408087159
24 29 26 20 36367 0.9658906291253182
22 11 25 1 44811 1.0192334773649385
1 6 4 27 75800 0.9453275812284448
3 8 14 9 34193 0.9344016188286518
3 14 15 16 43789 0.9952315602355203
16 28 12 12 69417 1.0956004362993814
3 21 29 18 76382 1.0863585364549229
20 6 26 0 38946 0.9818717349827388
1 21 14 0 96706 1.0609562349945287
22 4 13 28 89586 1.036311445354705
19 26 0 12 90267 0.9288009521862249
13 5 8 16 53146 1.0073780389675322
27 11 8 14 60313 1.0843831728202178
25 27 4 1 135416 1.0730241335092416
14 25 15 3 80170 0.9370011121655953
9 28 18 0 102546 1.0898003684677262
24 8 28 0 37811 0.9780351779565526
20 1 28 21 69036 1.0466455118018623
22 22 6 16 64632 0.9372233536277239
11 5 4 22 77232 0.9926502826889536
5 21 23 1 98687 0.9355251502431614
11 1 7 11 51856 0.9018892475972954
4 24 0 6 60609 1.028869260466334
9 25 1 29 40393 1.0278935356635752
10 6 28 6 58328 0.9151579646612266
17 17 16 4 45336 0.9849845442157609
15 3 15 13 41856 1.0569439778349083
23 4 25 26 88311 0.909263426195594
10 16 8 28 46465 1.048659662904738
4 19 11 2 71088 0.9361504481991129
25 15 10 9 59638 1.089463910623908
16 11 6 10 38691 1.0513642518012614
28 12 12 9 55334 0.9024616179869596
29 29 26 0 86716 0.9704729458343111
24 6 26 18 53164 1.0535659390683383
14 14 18 4 41690 1.0161797029647819
16 6 19 15 36166 1.0820480346685386
6 10 19 29 97876 0.9685354328296624
23 18 9 16 54095 1.0257419480509549
0 2 22 7 66101 1.0537948504306485
28 13 16 25 63482 1.0097264339595124
1 19 16 12 55022 1.0561372044380395
19 29 4 17 81298 1.0886291515848723
23 28 10 25 52514 0.9375080462945656
9 25 18 23 33405 0.9051680704513326
15 10 9 4 39632 0.9427906204297537
20 22 9 7 66727 1.085713987155856
6 18 19 13 54163 1.0360533828261786
8 3 9 24 77089 1.0395812440970433
20 25 23 17 34287 1.082645946642838
25 23 26 2 68410 1.0817501413247177
22 16 9 27 70434 0.9085370910484284
8 4 19 23 89958 0.9738334212210438
1 1 12 14 68027 1.0155431563793007
18 23 9 10 66513 0.9235496353795607
14 0 19 19 65634 0.9279697355743024
7 2 8 11 47992 0.9480742564497764
25 20 0 28 92321 0.9564900488739059
24 25 17 2 79536 0.9080575283128597
23 6 24 15 46900 1.042639541457584
15 5 13 22 66105 1.0023008809650842
9 13 26 23 76817 1.0236856070264846
11 24 18 13 50978 1.0606960435977644
9 24 3 9 61464 0.9383542032981065
9 8 23 0 61666 1.0655711703323827
15 15 23 3 52318 0.9599547038176934
22 14 3 27 87531 0.9132177500364137
2 29 10 22 38894 0.9866997875701072
22 26 15 7 68270 1.0858266829464565
6 19 16 9 52091 0.982987360452428
5 23 27 27 69583 1.0777477424055992
6 18 19 15 52656 0.9987369929718073
13 20 22 1 70732 0.9089609847620491
4 15 8 5 57337 0.9695011463431981
12 16 22 20 46329 1.021692201147176
9 10 25 25 90938 1.0594475644902484
28 14 27 0 42039 1.0694400431123567
5 22 23 28 72781 0.9482835115305188
21 26 1 5 108906 0.926610366271908
2 23 16 1 97782 0.9718508783663494
13 13 10 20 32965 0.985970356047201
22 5 10 22 69377 0.9233308173285627
4 18 10 1 80493 0.9335411615978031
13 11 29 28 89378 1.0893160154727466
7 22 8 11 58960 0.9551506137531142
8 11 12 27 74596 0.9366778000332141
2 28 4 19 29344 0.9045500320158978
27 5 8 17 89479 0.9632258253781695
23 14 27 0 49769 0.9502934112037265
2 6 20 0 61962 1.0651267197569516
3 24 3 6 57506 0.9013398304517833
12 17 1 12 52686 0.9089645499935692
0 19 18 19 42032 1.0826465688508198
13 29 13 2 102712 1.0100309907548222
7 4 2 20 64683 0.9130771854841676
2 28 18 24 52355 0.9713580050679199
19 4 10 24 77319 0.9301621065514676
0 2 10 1 29210 1.014305733230403
15 26 2 0 107441 1.0098645998985751
5 19 19 21 41563 0.9321440992632064
5 5 22 9 57445 0.9931862835709178
15 27 5 14 72436 1.039421858122663
26 24 16 28 42083 1.0569717662706668
0 9 23 15 78737 0.9288085400893057
7 28 12 10 81122 0.966939015978558
29 11 9 22 78146 0.9622572965064978
29 24 15 27 53770 1.0334271482553201
11 12 8 0 55337 0.95793031510995
6 13 25 9 59927 1.0987600105330817
16 9 25 20 56170 0.995198956152577
22 11 29 22 49241 0.942721641385451
27 25 13 28 54066 0.9603201302382458
23 21 4 12 83633 1.0331433479841916
2 28 14 6 93141 0.9361130171481178
2 20 18 16 49478 1.026870239237327
11 12 15 29 74055 0.9137620085649004
0 15 22 23 80812 0.9064633798926326
20 13 1 20 64233 1.0619427587531551
5 16 25 3 97126 0.9898568406752957
7 23 5 13 54628 1.0163438203822515
4 4 4 21 66052 1.074159880466423
2 3 16 0 45444 0.9898141619999534
12 3 24 5 45550 1.0852095803431387
8 17 6 4 67636 0.901713276124523
8 0 2 28 103045 1.079649738671147
27 15 20 8 33525 1.08838958554981
25 9 4 22 90979 1.038241628557666
0 22 25 1 115937 0.9479470723733622
14 11 17 20 38440 0.9108312997504159
18 20 27 9 53162 0.9326820165610427
20 25 16 17 32683 1.0957870560434602
17 2 28 17 67068 1.080459648617574
7 10 27 3 73170 1.0094017016340109
17 20 27 0 73264 0.9530001513020068
22 16 26 26 46060 0.9895397761960953
17 7 24 23 61697 0.9011592649064006
16 5 16 23 55773 1.081363397148081
14 15 0 11 57632 0.9867570962065483
11 9 11 27 61606 0.9538945245866121
25 23 19 28 36532 0.9889853204358817
16 13 25 2 48466 1.0008546514614478
29 6 22 2 24375 1.0117870127767719
20 17 2 2 80936 0.9399687012771689
24 19 0 20 59801 1.0406806049793105
9 24 16 29 38966 1.0680002855936155
17 25 9 5 80324 0.9874603961424441
28 29 12 21 69656 1.071013078004104
3 2 8 21 77238 1.015656763266346
3 17 24 13 77270 1.0481587912614903
24 28 16 11 72313 1.0469721972633088
11 9 27 24 76626 0.9048997383467688
27 2 7 20 93908 1.0089671802995754
10 29 6 15 65401 1.0214099580514817
10 15 18 0 62325 1.0014243264126523
27 4 24 14 35463 0.9369476223566258
7 16 24 24 73576 0.9398077153802631
3 8 7 1 42299 0.9745820541208428
21 0 20 16 44916 1.0884118662903781
15 19 8 25 34700 0.9178712138997768
9 11 28 20 77191 0.9084892735299733
27 0 3 9 80496 1.0044054792523582
12 9 1 3 49392 1.0332731983758616
27 8 11 20 68608 0.9482355510451521
20 27 9 27 50585 1.084898260020732
14 24 15 4 71468 1.0077332049845982
8 0 26 1 64158 0.9288216117502511
2 17 18 4 78320 1.0894075840169786
17 5 6 4 42453 0.9221840816302749
24 17 10 9 66804 1.046200913860638
9 17 22 26 61101 1.0949582356357626
16 25 28 22 41741 1.0336745901935607
11 7 21 4 36305 0.9669370131865473
11 20 18 24 31804 1.0279188856334416
13 25 29 10 79663 1.0906007143370424
20 20 28 13 38795 1.0699194961003422
0 0 29 7 91067 1.0703015729693992
26 11 7 23 96594 1.0695396185221833
23 10 13 28 86985 1.0196203575033398
0 12 7 27 72191 1.0767365912051903
27 19 11 23 52309 0.9246787742275874
25 12 19 24 54376 1.0858411997704729
6 26 29 14 93943 0.9898390579847496
14 22 27 12 61277 1.0218954319485087
12 22 15 11 52550 0.9457307452622278
5 29 4 14 56690 1.0262897079298172
0 0 27 22 125140 0.917481296178286
8 9 17 26 70965 1.0412790744981124
16 12 24 9 29837 0.952264957938012
5 26 15 4 99416 0.9319404157255635
13 19 9 5 54027 0.9630893982498708
14 1 20 25 75597 1.021398613716241
2 14 21 0 87262 0.9930265980017287
28 27 5 11 110542 0.9326901375389915
2 27 28 26 83302 1.0862963274620008
9 0 17 24 94745 0.9003071438410704
14 11 0 15 56568 0.979268005741539
28 25 6 15 95520 1.059851988660136
13 1 24 14 59163 1.0741165578098177
24 3 1 2 64233 0.9923105805757613
16 15 0 20 52141 0.9304501518345079
11 16 26 6 71771 0.9986086291544887
3 4 8 13 48389 0.9195576502922023
26 22 6 11 87603 1.0389278474263703
9 7 25 21 85956 1.0809371704845008
15 12 15 23 42247 1.0116422052924896
2 16 12 2 65186 0.9896545039869611
12 2 23 1 30191 1.0138323153801627
13 25 7 9 64157 0.9318123825152435
5 16 27 11 79379 0.9255463125280473
28 3 21 11 47226 1.051718553298761
2 22 20 22 57037 1.0054695148102493
4 13 20 2 67210 1.033379786256571
27 28 23 9 59476 0.9294026473650241
12 23 27 26 51607 1.0219758116643365
25 4 5 22 107558 1.0698688153865468
12 20 10 1 66559 1.03564599486874
12 19 5 3 75162 0.9711859247835382
15 11 3 15 52846 1.0192576757028817
28 29 3 3 135432 0.99377968532045
19 8 9 16 52684 1.0247410384427003
9 22 20 8 62032 1.0414096805393434
8 21 13 29 42389 0.9571386817260933
10 27 0 15 66869 1.070261235686184
19 28 29 16 58934 0.9180647981030625
0 23 28 28 85239 1.0215001417348735
20 15 23 7 25141 0.9768991615794425
14 13 5 27 75566 1.0134664522105068
17 24 23 10 61751 0.9616461218417478
12 29 10 9 68489 0.9838617668300109
3 3 14 1 40087 1.0589372166601743
6 21 10 4 69800 1.0557450215199335
6 28 5 9 74854 0.9513172309793203
20 11 11 28 73547 0.9001823931581983
17 14 2 6 63631 0.9845769391001511
28 17 5 29 97460 0.904959124273339
1 8 15 4 52148 0.9747370115738985
15 19 23 15 38647 1.0914147313312579
4 7 7 26 76146 0.9436770494585682
29 12 5 26 100122 0.9082886051796001
23 23 16 5 67959 0.9163398393329171
29 2 17 12 55969 0.9035015136135159
22 17 0 24 72030 1.060284280030557
22 24 7 0 105022 0.9553253674647304
28 2 6 14 82513 0.922493799247814
3 28 21 4 111100 0.923966912933127
6 18 13 23 40430 0.9197369747607965
11 22 15 29 40454 0.9985819505237896
11 10 0 13 41966 0.9570630394751146
20 14 12 26 59178 0.9911775659155656
7 19 2 11 33381 1.056602427864405
7 6 1 1 38863 0.9084413430790662
22 7 15 27 76856 1.0954003239753505
8 23 6 0 98601 0.9244035702548664
3 6 19 4 63426 0.9370917987846289
22 9 5 23 85259 0.9882565560484672
21 3 22 25 65718 1.0272081828482973
27 10 21 16 39013 0.9617842372061637
4 5 3 20 52620 1.0613333305021448
16 0 16 16 51382 0.9448411449480508
3 25 29 0 126197 1.0927863888971343
27 28 26 17 31038 0.9551559739088867
18 0 23 5 27178 0.9578475265351096
