3773 4151 2800 3999 3784 2858 3156 3953 3215 3480 3432 3877 3113 3461 3235 2843 3603 3300 3740 3784 2687 2987 3202 2527 2757 3500 3583 3523 3077
8303 7911 8309 7878 7390 7330 8400 7739 7906 8426 7400 8333 8302 7027 8005 7550 7025 8459 8059 7652 8043 7807 7982 7535 7552 7083 8120 7922 7391
7232 7913 7730 7345 8127 7674 7816 7844 6888 7618 7402 8001 7454 7051 8225 6992 7798 6962 7295 7988 8165 7720 8159 8107 8088 8045 7240 8265 8131
8190 7411 7895 8552 8036 8454 8877 8219 7960 7666 7315 7639 7871 8737 7324 8564 8195 8794 8034 7994 8534 7848 8912 8107 8843 7366 8187 7840 8022
4124 4065 3442 3581 3220 4208 4144 4313 4317 4032 4159 4178 3549 3764 4171 4137 3195 3142 4016 4447 3059 3498 3726 3791 3417 2962 3646 2828 3563
2574 3380 4027 3319 2854 3886 2415 3970 3199 2515 3615 2919 2952 4060 2470 3181 3252 3932 2433 2537 2540 3510 2541 2598 2413 2435 3019 2744 2619
3758 4506 3975 3370 3854 3368 3599 4227 3857 4245 3837 3885 4532 3190 3604 3705 3256 3468 3777 3468 3524 4278 3484 3399 3969 4254 4021 3567 4584
4236 3253 3447 4185 4420 3086 3267 3315 3397 4619 4485 4455 3849 4108 3487 3111 3966 4473 3691 3792 3573 3257 3954 3055 3766 2987 4383 3809 4428
6142 5886 6521 7037 6015 6079 6157 6076 7056 7205 6835 7033 7270 6755 7308 6618 7478 6865 5923 7228 6727 6499 5876 6378 7440 7066 7200 7102 6790
7399 7375 6681 5807 6363 7381 6663 6679 7093 5789 7022 7247 6899 5797 5795 7007 7340 7442 7094 6054 7256 6929 7095 5971 6122 6844 6423 5877 6866
3670 4660 4655 3290 3563 3720 4678 3351 4357 4168 4033 3231 4109 3328 3862 4708 4442 3771 4823 4312 4365 4459 4261 3386 4538 4616 4580 4561 3248
3914 4761 4388 3763 4638 4212 5014 4052 4990 3918 4255 3670 3642 3671 4834 3994 5061 4520 4520 3996 3596 3856 4646 4168 4728 5207 3510 3972 4980
8383 7319 7377 8344 7429 7848 8016 7776 7570 7255 7120 8114 8165 8010 8161 7318 7876 8237 7246 8237 8405 8147 7613 7350 7474 8102 7362 7028 7269
5492 6208 5823 6224 5630 6143 6458 5445 5737 5370 6438 5563 4971 4972 6122 6402 6441 5560 6303 5154 4937 5419 6331 5419 5100 5620 5909 6018 5227
3492 3447 4111 3176 3945 4284 4670 3343 3234 4111 4138 3509 4421 4302 4181 4638 3157 4703 3843 4355 3419 4347 3304 4769 4525 4256 4126 4374 3722
3209 2409 2191 2806 2229 2205 1871 2937 2617 2956 2664 2551 2791 3529 3532 3008 2641 2404 2339 3340 2215 3341 3141 3164 2593 3145 2533 2136 2747
4515 3556 4574 3409 4471 4490 4202 2956 3646 3690 3048 3971 4079 2964 3566 3114 4658 3320 3670 4454 3131 3011 3867 4152 4256 3893 3379 3718 3074
4689 5827 4498 5207 5976 5277 4963 5343 5738 5481 4581 4912 4515 5112 5818 4673 5834 5898 5641 5188 5719 5760 5999 5270 5746 5462 5441 4603 5682
2361 2390 2169 1889 1377 2034 2682 2230 1911 1621 2197 2168 2374 1563 1393 1636 2257 1734 2149 2737 1200 2216 2615 2597 2691 2481 2408 1209 1325
7825 8344 7305 7907 7328 8846 7166 8029 7716 8317 7301 8776 8553 8630 7232 7209 7796 8826 8088 8443 8486 8003 7970 7779 8700 8540 8474 7293 7917
4712 4366 4469 4581 4321 5663 4134 5127 4573 4334 4292 5166 5047 4366 4283 5609 5680 4023 4964 4313 5249 4324 5438 4700 4600 5628 4425 4839 4455
6578 7599 6607 6632 7210 6522 6535 7586 6572 6877 8157 7435 7253 6745 6616 7998 7903 7474 7144 7535 7471 7273 6575 6549 7746 6523 6901 8118 6611
4577 5010 3795 3905 4895 4239 3891 3615 5082 4129 4328 4899 3728 4080 4625 4427 3509 4817 4935 3985 3737 4013 4315 5047 3694 4249 4601 3971 4020
3117 2879 3369 3553 3359 3368 3186 2668 2292 2897 3015 3640 2340 2946 3410 2899 2466 3677 2534 3479 3042 3436 2792 3399 3582 3215 3362 2233 2649
7127 7666 7103 7625 7918 6967 7856 6606 7257 7410 6546 7628 7251 8003 7785 6827 6658 7405 7190 7861 6660 6535 7630 7985 6464 6556 7365 7881 7090
1587 1482 1778 2124 2299 2295 2304 2360 1729 2879 2658 1842 1587 2357 2182 2440 2471 2979 2746 1848 2276 2001 2345 2895 2668 3112 2732 1756 2543
7027 8153 8616 7894 8463 8151 8095 7702 7689 7180 8077 6969 7716 7181 8014 8142 7149 7532 8444 8567 7518 7479 8232 7300 7688 8428 7238 7213 7614
3270 2770 2264 2163 2611 3213 2199 2667 3166 3470 2171 2681 2501 3094 2306 2032 2050 1968 2929 2356 3541 3352 2766 2577 3273 3051 2978 2353 3316
6129 5852 5142 6625 6440 6333 5330 5641 6352 6709 6191 6244 5214 5857 5890 5922 6290 6574 5236 5136 5584 6517 6042 6430 5435 5622 6128 6042 5946
5529 4096 5048 3886 3946 5481 5070 4868 4363 4043 4302 4407 4688 4747 4074 5131 4011 4242 4085 4289 3982 4776 5432 3989 3876 5366 4110 4570 4499
3121 6720 6075 7387 4117 3182 6841 3765 2610 3010 1996 2360 7482 3179 4119 4591 6566 2216 1690 3945 4181 7187 6592 7233 7499 5306 6114 6431 7607 2669
2428 6169 6313 7877 5112 3586 6489 3781 2296 3592 2502 1348 7154 3369 5241 5672 8033 2088 2607 4411 4063 7155 6842 7045 6850 4543 7413 5509 6936 3868
3805 6219 6628 6372 4719 3240 5876 3778 2875 2717 1620 1630 6166 4542 4884 5124 6705 3160 2255 3672 4095 6914 7890 6623 6729 4429 7490 6252 7172 3472
2598 6464 6584 7451 4575 3569 5207 2994 2061 3409 1976 1475 6894 3071 5221 4537 7157 2396 2190 4170 4830 7282 6871 7217 6598 3974 7459 6533 7879 3310
3846 6219 6480 7549 4083 2775 6336 3444 2557 3659 1871 1363 6178 4161 4817 5131 7709 3020 2597 3882 4175 6751 6440 6218 7203 4664 6942 5317 7760 3592
2559 6827 6201 6612 5523 2450 6031 3815 2252 3773 2355 2542 7195 3390 5455 5960 7680 2308 2726 4150 3728 7354 7743 6203 7616 4314 7090 6097 7680 3799
2620 6682 5870 7095 4325 2875 6654 3310 1291 3217 2501 1377 6534 3928 4081 5830 6700 3342 2023 3797 4581 6641 7841 6071 6509 4965 6726 5997 7171 3437
3080 6873 6138 6984 5507 3169 5755 3099 2154 3340 2401 1905 5872 3696 4191 5405 6891 2150 2179 5164 3696 7587 7345 6618 6522 5434 7513 5808 7386 3629
2470 7020 6730 7886 4204 2687 6524 2995 1866 2739 1683 2050 7256 3751 4422 5648 6426 3266 2388 5150 4446 7828 6987 6130 6656 5087 6376 5703 6795 3483
2598 5872 6790 6615 4827 2655 6444 2863 1376 4000 3049 1980 6680 3631 4142 5931 6967 2164 2155 3935 4615 6428 7333 5935 7712 5089 6225 5320 7741 3668
2821 6745 7058 7868 5030 1941 6214 3850 2067 4174 2458 2033 6504 3781 5009 4464 7695 2223 2177 4655 3876 7443 7553 6396 6476 4775 6410 6716 6848 3476
2554 5464 6279 6680 4487 3529 5448 2768 2566 3108 2553 1586 7299 3218 4941 5927 6856 1855 1384 3593 4001 6747 6289 6469 6505 5328 6636 6532 7032 2902
2316 5646 6773 7577 5590 3465 6776 2811 2523 3705 3115 1370 6472 4360 4782 5857 7366 2358 2226 4239 3678 6358 7675 7107 6720 5226 7392 6190 6743 3854
3886 5906 5999 6434 5393 2280 5598 3511 1566 2772 2204 2196 6754 4072 5014 4729 7351 2821 1413 5045 5126 7636 6929 6366 7724 5426 6537 6007 8266 4257
2651 6843 5632 7123 4226 3083 6416 4093 2621 3221 3162 2167 6115 4094 5346 5581 7981 1950 1713 4397 4992 6812 7853 6017 6601 5149 7023 6578 7224 3991
2946 6921 6124 7722 5290 3345 5366 3142 2007 3808 2536 2248 6717 3563 4403 4614 6992 2683 2196 3827 4825 6294 6962 6980 7912 5441 7363 5346 7097 3871
3849 6454 5842 7131 5106 2252 5232 4126 1573 4126 2707 2218 5894 3579 4294 4606 7877 2031 2951 3985 4660 7547 7664 5855 7921 4509 7385 6139 6889 3173
3006 6527 6400 7017 5239 2666 5995 3790 2820 2872 1753 1297 6459 4408 4759 4280 6641 2273 2521 4939 4961 6404 7809 5804 7035 4398 7783 5436 7357 3437
2316 5912 5691 6837 4422 3281 5242 4356 2796 3706 1762 2188 6887 2914 4453 5762 7605 2112 2272 5152 4554 7642 7128 6756 7348 5305 6312 5578 7657 2738
2257 6882 6147 7697 4672 2844 5624 4348 2924 3768 2817 2498 6914 3393 4309 5584 7225 2000 2089 4745 4246 6828 6358 5616 7775 4945 6285 5772 7832 3062
2652 6973 6502 7609 5509 2967 5532 2760 1750 2611 2282 1547 5876 3263 4023 4528 7645 2089 2855 5234 4081 6329 6629 6209 6446 4853 7628 5619 6616 3601
3613 7019 5707 7178 4074 3264 6339 3064 1583 3118 2274 1378 6084 3462 4122 4780 7586 2940 1989 4843 4167 7861 7592 6282 6304 3876 6887 6060 8084 4124
3183 6668 6584 7149 5063 2027 6818 2897 2411 3349 2047 1655 6465 4550 5588 5900 6435 3295 2978 4998 3602 7317 7215 7227 7056 4485 7709 5606 8018 4283
3134 6224 6547 7086 4826 2738 5695 3310 1619 2741 3110 1650 5998 4464 4633 4923 7835 3264 2328 4854 4102 6236 7629 6076 6402 4969 7512 6286 7933 3899
2285 5677 6634 7504 4975 2295 6350 3236 2175 2689 2733 1876 5987 4177 4982 5337 7601 2976 1805 3685 4777 6367 7560 5741 7134 3906 6707 5722 7605 3143
3863 5786 6906 7343 4312 3458 5970 3431 2549 3340 1598 2834 6894 4446 4043 4801 6428 1780 2862 4935 3669 7470 7086 6759 7783 5324 6224 6612 7073 3660
3187 6051 6648 6812 4786 2191 6600 3802 2032 3088 2290 1763 6293 4205 5062 4781 7181 2675 2418 3853 4937 7472 7883 7266 7311 5417 6712 5604 6889 2885
2353 6134 5837 7241 4876 2812 6227 3085 2063 4024 3096 2537 6397 4393 5275 5228 7265 1891 2348 3601 4322 7713 7544 6187 7117 3851 7273 6749 6728 4245
2922 5884 6772 7893 5561 3408 5669 3756 1860 2905 2248 1638 7072 3785 4526 4292 7745 3275 1570 4845 4777 7511 7485 6978 7994 4063 7109 5279 8203 2988
27 24 18 4 63667 0.9747340621315124
13 23 1 7 92210 1.005944430297231
17 25 4 29 60599 0.9424890965438464
3 1 11 25 108189 1.0806548431747172
25 7 11 8 33294 0.9523623896292145
4 19 0 12 32313 0.9645170339311225
9 7 17 11 30260 0.9981318889690006
5 13 12 24 60948 1.0398102940718361
17 5 9 12 39426 0.9191222699208192
27 12 6 21 69279 1.0086549254208386
17 28 23 15 49195 0.9273848006120172
11 23 11 5 75413 0.9404912475809173
10 6 12 18 51599 1.0845327782531318
17 14 29 27 71559 0.9666400507943828
15 13 3 11 27386 1.017029017785954
6 28 10 8 74724 1.0134144545021804
4 2 9 7 30790 1.0716649173587784
13 18 6 28 50948 0.9510695879100811
26 8 8 25 89546 1.0452122841395952
28 11 24 18 24797 0.9687485901868076
1 12 15 14 42226 0.9583604117877669
9 5 26 11 51721 1.0552322112692327
12 13 25 20 53569 0.9612965795488961
16 22 12 16 33871 0.9460966367766632
13 10 23 11 23059 0.9911571585831758
28 25 4 14 91063 0.9212277893404057
17 6 3 20 71777 1.0995217350529645
3 23 13 5 88098 0.9379749920017872
27 3 21 25 74521 1.0704303061174585
0 7 27 22 91497 1.0900722742985913
10 22 28 27 89708 0.942210162642871
23 13 28 25 49029 1.090920642784203
4 14 17 12 41438 1.0319405047287524
4 12 12 27 82130 0.926382999617815
16 13 11 4 41150 1.000179802597388
24 14 0 28 99248 0.9028678751668927
15 27 22 20 48393 0.9807238038327506
25 26 7 16 67681 1.060268219289813
26 16 7 2 80216 1.0275320707690532
14 12 25 4 40755 1.0508830436234486
23 20 14 11 39251 1.0639197323400902
5 7 4 23 55493 0.9023621264641637
29 24 21 26 46290 0.9157958706427781
12 4 15 11 31507 1.0928494062063603
26 0 15 20 66611 1.0332369018692533
17 14 13 3 46071 0.9459201205587398
28 19 1 21 84915 1.0643707457867728
6 1 15 0 28754 0.9091346923265272
8 1 18 19 72698 1.0341879981268916
9 15 17 27 61539 1.0628756644750208
0 9 22 22 79057 0.9487222646290697
29 19 7 4 83053 0.9393476645494695
1 3 3 27 102082 0.9765742084102963
23 0 29 5 26558 1.0734102202051647
21 12 0 2 77490 0.9728525941097682
21 1 24 9 39440 0.9300364688319575
0 17 20 0 80711 1.088668204032329
1 21 22 7 88300 0.9491474376441102
19 27 11 6 70268 0.9608606862253157
24 29 4 5 103917 1.039984528708871
13 22 22 11 52999 1.08059443885559
28 22 20 8 55828 1.0892974534913102
10 16 10 2 55053 0.9976937433304085
15 1 3 17 68341 0.992808095827775
6 16 9 9 34651 0.9901847415197534
15 15 23 28 57627 1.0583993504280704
5 16 19 26 59352 1.0802473916937247
18 7 26 11 23585 0.9373086910266624
3 3 29 2 97589 0.9205446082925297
13 0 19 20 61088 1.0491897163338755
26 14 20 19 31034 0.9484593633319633
14 27 7 14 63061 0.9527309713268519
17 8 0 21 71265 0.9762456847730151
4 29 8 17 44353 0.946047783764441
24 28 16 15 62110 1.066766555268949
11 28 11 3 105399 1.0200317690719227
29 11 6 20 67249 0.9390833740676019
16 29 24 8 62175 1.0977383770610865
24 1 25 29 70365 0.9163201095937802
15 20 11 6 52714 0.9081647215816969
25 0 7 17 73452 0.9298514751541387
4 14 0 27 52154 0.9214551833410239
14 12 18 18 24564 0.9200302452777255
11 21 4 0 87244 1.0175592149762287
0 11 18 27 67364 0.9305853092524952
0 2 29 17 99114 0.964917011202169
7 29 25 4 105810 1.0244744806039574
27 20 7 9 67533 0.9228918374770524
4 4 28 14 79617 0.9629800938524461
25 5 11 20 63051 0.922402689568462
8 25 0 20 49659 0.9432870709227115
24 4 3 11 62098 0.9332773955153564
16 27 28 8 72211 0.9241696950981299
6 15 12 27 66110 1.0427677494658143
11 7 21 15 48829 0.9610692721104449
27 1 3 15 89005 1.0297557974443534
29 9 0 23 97630 0.9152691644667041
19 8 4 19 56006 0.9981143792106482
21 10 18 21 28269 1.088983574448234
26 27 5 18 73603 0.9625694103776641
24 16 21 8 33063 1.0024522475289266
12 12 15 1 38732 1.0354379391959465
6 20 4 9 40982 0.9227463748992053
9 7 4 16 43443 1.053327945425528
24 1 9 28 116625 1.0305490086284912
11 28 4 21 54779 1.0121883854278775
27 5 15 14 47300 0.9256584103083213
2 23 15 1 98993 0.9031513250813109
18 4 9 3 37406 1.0742380692189037
20 22 11 24 60974 0.9482884361318374
10 20 23 9 54008 0.9340767240703063
1 8 2 24 69445 1.018488082549991
20 21 15 5 51154 1.0167863379994748
27 17 7 26 74942 0.9136114211224763
20 6 29 20 57659 0.9054737815825707
29 16 14 22 58086 1.0281092617189898
12 13 29 17 58904 0.9829586398471069
9 23 10 0 99751 0.9108414134442877
4 27 15 12 67632 1.0151884482088214
3 9 10 6 27235 1.088890950663812
14 12 21 24 58999 1.0440615903053696
8 19 24 1 80538 0.9845666736765797
29 13 26 28 55693 1.0001377509418985
1 20 6 8 54894 1.092596244198199
7 21 16 9 56037 1.0694079415611095
21 20 11 12 47596 0.9647575058376003
10 9 22 2 53997 1.0583016716053437
21 24 6 5 88913 0.9382099320556183
2 3 4 13 51324 1.097473113806598
2 23 25 27 100259 0.9921088943033126
8 17 9 28 56469 1.009842469971095
21 26 9 4 92786 0.9466009251318143
6 0 26 13 77649 1.0965933396569079
4 21 26 21 70912 0.9252476165964142
12 13 28 1 72220 1.0509022599905533
7 18 17 20 30615 0.9380484843864072
9 15 12 8 37652 1.0556909837947661
14 26 17 17 36656 0.9322188206297705
1 9 7 16 41027 1.019403567173358
2 18 3 8 43388 1.0144754572158796
5 21 23 27 76586 0.9057993743844898
15 28 8 25 43894 1.0896861343950368
22 22 14 8 53750 1.006761797033536
7 26 29 15 88544 0.9037777395957513
16 12 24 15 33583 0.9430348350092399
3 29 14 11 76096 1.0603200057984228
24 24 23 5 56361 0.9272435092661704
27 16 9 4 71833 0.9622724238895926
28 1 28 22 69182 1.0510931259247986
27 5 12 26 96915 1.01281934896136
3 4 14 7 41845 0.9620243144810522
0 15 0 5 33780 1.0297171574705342
21 2 29 12 51570 1.0265052454600643
12 27 27 21 82676 0.9317825218495637
21 5 4 0 60480 0.9948889540553756
13 2 12 15 62612 1.0013013151151111
5 3 12 16 64327 0.9155275119654303
21 12 19 0 38845 1.0022066143096862
10 3 19 25 74928 0.9222103067522843
26 5 15 11 36238 0.989725445764594
17 22 13 12 44925 0.9813393089692009
5 28 23 24 82445 1.0413409912634464
20 20 7 13 55818 0.913270687095919
10 3 23 27 94442 1.0268914065330954
11 7 6 20 55851 1.0118877135790252
9 11 18 24 43734 1.097483180577571
11 14 24 3 63009 1.0841605018878782
12 0 2 28 124444 1.0075582694297476
25 16 15 25 49567 1.0174441151758642
5 10 13 2 51866 0.9798496167051242
12 29 14 21 41534 0.9414045666259442
9 15 19 5 51532 0.9904903715693962
20 24 11 16 50755 0.9813880391202213
22 0 17 21 59314 0.9927021441642963
15 16 29 22 54008 0.9051535951462054
19 27 20 15 43645 1.0173388930426472
12 26 23 27 61539 0.9705950167659798
12 11 20 3 39198 0.9649048712071662
24 24 1 12 89013 0.9917905575365791
0 22 25 19 71651 1.0341131413839253
12 0 22 6 45435 1.0814441214423987
14 10 22 20 42839 0.9675155484604469
9 29 19 12 74101 1.0832729684700844
24 16 26 8 27824 0.9867501025171799
1 21 22 28 97962 1.0489508390206708
4 20 24 29 82532 0.9404241874013305
5 7 11 13 32498 0.9261959558683864
13 26 22 27 52973 0.9646801847226842
20 22 2 0 103998 0.9418313462015516
26 25 20 3 74379 1.0551314632241444
15 4 8 21 71269 1.0027728625877268
20 23 6 19 52392 0.9738355850989688
24 13 25 4 24130 1.0191089091834087
1 22 12 22 67034 1.0160202246442123
8 10 5 23 47132 0.9508021055793342
12 1 23 24 90989 1.0954936581803958
1 17 1 2 59100 0.9064646247451349
13 15 10 29 66052 1.0554793562841385
3 0 20 25 104860 1.0126942697341332
26 17 4 5 72908 1.0884418013036794
28 29 3 25 102072 0.9894906633201921
27 11 8 22 75464 1.0347560772746078
3 0 11 19 82250 1.0089982495409417
12 28 27 24 76218 1.029205799103644
23 25 20 4 70693 0.9032293587069433
15 5 22 18 41472 0.979423389369477
8 25 8 5 81760 0.9589868517280635
17 9 1 20 69989 0.9115443607083122
28 8 13 20 62067 0.9541950107793894
28 19 2 8 78528 1.0218723086638266
15 14 11 8 26384 1.0377581087329546
0 5 22 17 73771 0.9031909649254833
9 8 1 14 39638 1.0494194107476507
27 14 28 29 45093 1.0058481477699523
7 6 18 21 54661 0.9085462453752247
0 1 9 13 62674 0.9703905084057847
24 14 24 29 45119 1.066671158180508
27 12 21 24 55406 1.0212437387707929
15 2 26 10 42103 1.0995894029290414
28 26 27 5 63785 1.0707198399993787
18 5 10 25 72514 1.0987952151906402
23 11 13 21 49568 1.097134272792428
5 27 2 18 31068 0.9048937850881595
15 8 18 18 25254 0.9862464564861164
21 26 0 1 118929 0.9067491773672702
19 14 24 24 48740 1.0474361489448096
19 21 13 0 65376 0.9511444313501316
4 23 6 5 64244 0.9997530334136787
9 16 0 1 79063 0.9968133015567944
11 3 25 26 88441 1.0476552207844645
24 13 26 27 45841 1.0648687198686781
2 6 10 14 51309 1.0925720137632
24 16 24 26 39211 1.0013742653802369
14 1 15 22 63246 0.9050598778375735
9 9 17 23 57162 0.9994431928065608
16 14 9 3 54885 1.0761587361359228
23 14 23 26 37931 1.0244936720896427
10 3 21 3 52001 0.9062609552881028
2 16 21 20 64864 1.098762289719567
19 11 6 11 24615 0.9994099960180512
16 13 29 29 73586 1.0204757179166066
21 24 28 9 66073 1.0357825387342716
24 23 15 7 60673 1.0923025985656867
28 18 7 16 55418 1.0894563787323077
8 26 15 17 53627 1.0291689099267365
16 27 9 5 81604 1.057952335290112
18 25 27 18 37801 0.9289993791333606
4 12 16 13 33652 1.009104208842236
3 5 20 25 88606 1.0635125322602414
2 26 25 28 102948 0.9413390261269088
8 6 14 2 33868 0.925276349435185
2 8 22 22 78904 0.930786107022073
28 10 19 11 20246 0.9053113055333177
0 14 22 14 63914 0.9671269553567097
10 12 2 6 43872 1.0045261064197166
4 28 1 16 52579 0.9595351679354804
3 17 17 14 46885 1.0974981512579696
4 24 11 28 45370 0.9794383351023637
6 22 14 24 55029 1.0843786933482655
21 26 9 9 78272 1.0873778414903474
25 1 18 11 34700 1.0339672529575346
28 22 20 19 41921 0.9946938304461097
16 10 2 10 33484 1.0712990272573752
18 22 22 12 33645 0.9019282090855353
16 29 21 11 49596 1.0077313627308933
14 5 4 27 88516 1.0629491298532612
8 13 27 27 88754 0.9925977154585108
16 0 9 27 104071 0.9119824868805763
24 26 6 6 93233 0.9957980585864213
12 2 0 16 75731 0.9180936020792273
18 1 6 19 62717 1.0380695330661114
19 25 2 26 88283 1.0866146649631865
26 20 14 9 51517 0.9062803396330041
14 11 2 4 51928 0.9094374795288084
18 6 0 6 51102 0.9872545216629478
19 6 18 27 50102 1.0911711595178681
2 3 14 14 71505 1.0480424503138184
12 3 9 22 93553 0.9493087097699767
4 20 13 28 62069 0.9208144155033907
10 28 28 0 114652 0.9366367540265219
3 28 15 20 66113 0.9540638193215927
15 0 9 12 46673 0.999124636373056
15 3 6 1 36563 1.0570634035717106
26 20 6 1 93971 0.9423540808468513
23 0 12 7 46961 1.0343795256448025
17 10 4 24 68335 1.045242372971561
12 29 29 23 81455 1.0781971818172618
1 28 12 3 118544 0.9629287038422346
25 17 0 28 90976 1.018396460515713
27 26 16 5 73532 0.9925611680508581
3 18 23 21 54077 1.0020106460033986
20 22 1 9 77980 0.9533258619360394
18 9 27 24 53433 1.0681062741634282
28 14 9 25 87041 1.0234081862100595
21 20 4 14 62541 0.9557240668300402
12 17 4 20 28465 0.9277428350389324
9 29 20 14 72039 0.9520737441745292
2 9 4 25 61646 0.9132614475842744
6 2 3 9 34187 0.924876006315659
2 0 12 4 47710 1.0811338506781243
14 24 13 11 48960 0.9932957860593583
18 6 28 1 43041 1.055673191627761
4 1 1 29 103080 0.9409330582127386
1 4 26 11 76766 0.9932282926132673
12 15 4 7 49830 1.0802817911656306
27 9 13 19 53019 1.0877610804395124
22 11 23 26 48512 0.9289309205625731
19 1 29 17 61704 0.983769118319834
27 19 22 9 34948 1.0953410529598548
15 18 25 11 33574 0.9317632275609158
19 7 1 8 43057 1.0160507686802422
24 4 7 17 71456 1.0205278461792107
24 14 8 21 68569 0.9730954566398515
21 28 25 22 40111 1.0660823893710873
4 26 26 25 92669 1.0382758369473315
8 17 25 2 68233 0.9851899309548975
12 18 23 20 31216 0.9904702827648506
6 29 25 19 80302 0.9691876987337228
21 18 12 17 23066 0.9787077468988321
10 15 16 10 29082 1.0652770727856002
2 21 19 20 63727 0.9649443391159391
25 27 29 13 47531 1.0892403899925314
15 11 25 13 21984 1.0030446567958022
27 20 6 22 67254 1.0322870945473028
10 14 19 28 62900 0.949557630453977
19 22 26 19 39427 0.9867829302041862
7 22 4 11 42309 1.0716691449955529
6 2 21 0 50286 0.9508099521188216
23 29 25 11 49822 0.9920935265290747
16 23 19 2 59502 0.9637233741970981
29 18 28 5 40248 0.9717638847618377
6 7 6 20 47272 0.9285566968789775
28 15 28 27 44850 0.9647292276050444
9 7 25 14 48264 0.9254591548917755
11 10 2 23 72176 1.0459064293238438
6 16 19 3 64121 1.0090472257259804
18 13 4 23 56052 0.9713429921612021
3 11 26 28 87909 1.0051928027502124
1 10 0 20 36384 1.060239813043493
7 13 26 28 89456 0.9016686060863774
10 2 21 16 70443 1.0861563754063117
17 0 1 28 118055 1.0449434072674895
2 21 9 4 83760 1.0119569911414836
20 27 1 9 88636 1.0841913646431063
6 14 22 13 50272 1.0784090341490937
16 19 27 15 36788 1.0356188622489944
8 4 16 17 60492 1.0904548266598584
28 28 0 26 115510 1.05865477755063
12 27 15 14 56171 1.0198178775462754
19 21 4 10 57308 1.068790827685926
28 22 16 6 69096 1.0416601199468178
0 13 6 27 57904 1.0383208981440204
4 15 23 8 59187 1.0517602004266138
21 14 7 26 71172 0.9960551548116223
3 23 8 9 65774 0.9636603592348276
1 2 14 10 64030 1.0773269702652453
11 29 22 27 47001 1.0913755555397142
17 25 15 15 34973 0.9130311591200647
17 22 3 5 78262 0.9737528229469041
20 23 6 18 48615 1.0231061886733763
3 12 26 3 74229 1.038750271263957
10 3 21 17 57885 0.9670239076213494
4 17 27 10 65173 0.9565207078416258
11 6 14 16 48255 0.988930801037652
0 29 22 13 95956 1.0172382147825043
20 13 6 6 48834 1.0962414307766264
11 27 28 29 70077 1.0010888098373816
23 24 25 9 44210 1.0924397419328538
15 25 17 6 57551 0.9965803477165371
5 21 11 3 70635 1.0647330768228418
23 9 5 8 40438 0.9440016247119817
19 16 28 19 37313 1.005326270995456
1 5 7 1 33800 1.0325859065056704
2 18 21 23 64592 0.9483534384060794
12 13 5 18 38243 1.0229966733120759
8 8 7 26 68630 1.0792113427433705
29 25 25 12 46168 1.0143590660735495
24 2 4 18 83615 0.9659047127725173
0 2 23 22 101621 1.0408775721187657
21 8 11 4 37878 0.9722815009645813
14 12 25 13 27660 1.0415193070979998
8 3 24 28 112468 0.9214535134074676
1 12 15 28 81758 1.0749807841617098
2 22 10 10 67116 1.072823114294085
4 27 6 17 35537 0.9923020916906438
18 2 16 17 33805 0.987883840592646
1 0 14 6 58166 1.0689624794093562
24 12 9 6 54893 0.9762008488311605
13 22 21 16 48101 1.0968897373626176
0 10 13 26 87345 1.0793875745397454
20 9 24 19 39021 0.921827328045705
7 27 6 4 83891 1.0479378634257523
13 17 3 15 34555 0.9400289267745897
28 19 0 13 78759 0.9358903154972202
27 29 29 1 87836 1.0260250474795478
7 9 29 3 68454 0.9181450607647245
26 14 14 12 34060 0.93809495635606
15 23 19 29 29537 0.9236648589975575
19 17 21 26 41677 1.041454928693005
29 23 22 3 75869 0.9007911878635454
19 1 23 16 50913 1.0652976163436998
4 1 17 29 99955 0.9921021769036403
18 6 29 2 46199 1.0448431530762319
4 19 9 26 46176 0.9137732263908559
27 2 26 24 64664 0.9960658442807525
20 7 8 23 77878 1.0305994255368305
0 18 1 0 65154 0.9779005127080735
28 1 28 28 85364 1.0824462972133178
27 8 9 7 43796 1.0613099881375958
10 20 17 27 52246 0.9644240207344686
1 6 25 27 108495 1.008521065369208
0 25 11 5 85250 1.089208579696034
23 22 26 6 50382 1.0610021296101406
16 13 22 2 49191 0.9452217512455717
12 16 2 13 49921 0.9146794420017464
18 4 1 17 67531 1.0954032025661529
1 13 9 15 40212 0.9722527753017377
27 20 10 27 82802 0.9254705496384587
22 1 28 24 80614 0.9008607276527449
26 20 20 7 46052 1.0875868245504243
29 11 2 11 51001 1.0809183905176718
11 2 8 10 39736 1.0465263789540424
13 5 23 22 62304 0.9640363923175119
10 9 1 10 24126 0.9645864131751689
24 12 2 7 64597 1.0168477802657745
18 5 15 14 27309 0.9079917188970406
5 21 24 7 71847 0.9158930784891154
23 27 23 11 50219 0.9465821285285334
8 25 1 0 104482 1.0024512831139012
25 27 11 7 76730 1.0286815672730103
8 20 8 5 63521 0.9613696625811335
19 23 23 15 37208 0.909766295425611
5 19 23 22 55159 0.9887163239591119
0 4 5 12 34973 1.0335551884584282
29 11 18 27 55783 1.0661414890380811
11 14 2 10 31952 1.083954849851938
24 0 22 27 79475 1.0943188684667988
5 21 28 17 61017 0.952428630737754
12 9 22 17 41613 0.9964517939384389
3 8 27 4 61777 0.9869873800523106
29 28 2 4 131820 1.087703057286513
9 7 23 8 35421 1.0493817568722752
6 29 25 27 72327 1.0574821445599176
8 11 26 9 40814 0.9626104039672168
14 28 5 29 36227 0.9453715737081659
4 13 15 11 28296 1.0750638329777698
5 1 15 8 44133 0.9140614239976472
8 19 26 16 55241 1.0506793245685737
26 0 7 11 61200 0.9332985146622568
14 8 13 19 40743 0.9767838427510706
17 7 27 13 34320 0.9966690893249928
26 9 8 9 48368 0.9591067879918092
14 18 4 27 48014 1.01268645923025
3 2 25 28 115313 1.0167102960094285
20 16 6 19 40618 1.0914971666138378
26 27 24 10 50484 0.9730075187948243
23 28 4 24 86332 0.982782035590655
4 1 20 29 102318 0.9916330672190826
11 24 2 25 47459 1.0822866577701646
17 8 1 23 84687 1.081712403230711
27 19 1 28 103599 1.0326901652112952
0 14 5 1 51807 0.9562160201569957
27 6 15 22 61522 1.0879322657584642
0 27 28 22 109476 0.9975679135364666
6 29 27 7 101660 1.0632359274506342
11 16 1 16 38203 0.9476476793739371
0 25 17 16 66359 1.098187470705803
2 6 28 29 120231 0.94056864348459
8 29 8 16 58425 1.0331900607336322
21 7 20 26 63744 0.912257834700487
29 4 8 6 69213 1.010989313063858
24 16 23 7 31737 0.9307962289806706
14 22 27 13 58391 1.0714586285826861
9 22 24 14 69440 1.0377635489173462
16 26 8 10 66010 0.9201746906530965
29 6 2 8 67875 0.9322395778727137
24 11 18 17 22307 1.0527313165466352
6 8 10 17 42925 1.0894693725972886
29 24 25 15 41805 0.9011525748126741
13 4 29 22 83279 1.0079255546190171
24 21 16 6 57879 0.9025192829554761
10 8 1 15 44721 0.9068067414894919
20 19 7 10 47985 1.0536138562830415
24 0 21 20 59553 0.9819931787794172
1 11 17 1 57812 0.9696556369082939
8 17 3 9 39561 0.9367434934702179
5 3 24 8 56209 0.9775520647938637
6 22 6 6 58673 0.9928059576172797
2 27 18 21 76266 1.0703709087264701
17 1 24 4 36920 1.0469143256326676
1 14 17 5 62799 0.9052342393461007
18 9 0 9 43875 0.9035467218134552
18 9 27 1 39585 0.9030751204770553
20 18 7 6 52936 0.9486642520307847
3 2 13 16 82075 0.9125530206343617
11 16 3 14 39455 1.0083263042293873
12 7 2 5 36837 0.9485676342930991
28 6 18 6 35833 1.0760127902570635
23 27 23 13 44239 1.0074436252671088
20 22 4 17 55579 1.0796464658464804
8 0 15 17 65442 0.9657679704610524
9 20 11 28 42174 0.951435893893495
28 27 0 25 116243 0.9441542055123842
9 28 25 4 105564 1.013850489232208
25 22 18 13 33770 0.9346135570328555
12 16 1 26 69833 1.0330481128925049
3 20 20 17 47862 0.9008462730586634
9 5 23 12 49001 0.9712383396949833
0 15 12 16 44510 1.0904502544268675
5 28 5 13 43665 0.9612883879871155
14 26 10 13 58562 1.0838078202916157
0 22 25 29 95827 0.9651155547740711
20 21 7 9 62166 1.0647196387821563
1 3 0 22 71894 1.0018763510539836
13 14 0 18 51703 0.9545236297866899
17 12 6 0 62468 1.0011471912416603
0 25 0 9 52028 0.9896083552335793
19 23 15 3 54975 0.9006632672134679
4 27 13 14 69707 0.9159198864502731
16 10 3 21 65526 1.030367225400029
8 6 27 6 57814 1.0481414227916557
1 28 6 8 83086 0.9104724979317647
8 1 13 10 53885 0.9117926211250088
10 20 17 13 38696 0.9816720815408593
21 1 4 21 90034 1.0065664138230945
6 9 1 18 41951 0.9067474925904354
14 18 9 4 60107 0.9554717010638951
1 22 17 1 99322 1.06460193649789
16 0 16 17 45411 1.0485447944685455
29 14 18 7 43365 0.9075499228229207
8 22 12 28 50361 0.9316643895346097
21 10 7 10 34482 0.9675644133597778
19 3 29 14 58184 0.9212621397289946
17 0 27 24 75482 0.9457329273595316
17 9 18 22 28117 0.9496130357380324
18 20 17 2 42521 0.9120944989707868
25 23 29 10 38964 1.0246775806146364
20 6 9 17 52459 0.9794897909528258
24 23 0 15 82410 0.9681448315292962
13 1 1 13 75012 1.0473307316425153
10 13 2 27 73710 0.9495412446349666
29 8 6 27 99851 0.9094291028683472
10 26 28 10 86889 1.038558194871871
26 22 21 14 42252 1.0499170728347276
21 2 24 26 82043 0.9082359562133404
16 28 6 1 103495 0.9219416282484122
4 19 7 11 32931 0.9518444333045223
21 25 14 29 36998 0.9530608282070894
7 0 18 26 86173 1.0383463766705165
8 23 6 8 63099 1.0791031037664593
7 25 16 10 66379 0.9675192537185524
4 22 28 22 85072 1.0892629164212357
20 13 18 23 25807 0.9347370226202518
10 12 11 25 55907 1.058469312122222
5 5 11 11 31487 0.9316060484672908
1 4 6 26 86077 0.9122385216126352
6 10 21 10 35322 0.9495890339954558
13 22 8 11 58444 0.9849277362920303
3 6 15 20 70875 0.9366453786183446
12 13 10 21 40272 1.0906221255375443
4 2 11 26 102867 0.9074308455429135
22 1 0 14 81872 0.957619395263167
28 25 13 1 98092 1.0963581098866777
4 11 18 4 40384 1.0724679121956269
15 21 1 1 97280 1.0372399956028022
21 14 16 22 39543 0.9825212237846742
25 7 14 22 60877 1.0591233677168213
23 6 28 19 42746 0.9558510952781228
1 23 11 17 52437 1.0567852719316386
7 10 11 28 82247 0.9546506415615059
15 21 25 4 57992 1.0504878545976832
13 2 23 7 46402 0.9978915530337252
4 4 0 21 67414 1.0652527115572006
23 6 15 15 41213 1.0912172316069602
17 18 10 0 61860 0.9109642016739515
8 25 18 16 57805 0.9873271059275194
3 9 24 3 71093 0.9179864943213073
6 26 5 7 63205 1.088615165378541
20 26 2 27 87284 1.0554856823063097
4 26 21 13 72392 0.9826429673343778
6 9 3 23 59314 0.9846704086556483
27 28 2 8 101174 1.0757413201700008
3 23 26 1 108297 1.098119669841151
19 25 4 19 55877 0.9633341095927912
24 11 2 6 64785 0.9460238446824537
8 5 12 21 78136 1.0843102367951076
10 17 17 9 36275 0.902733461934428
26 29 9 17 68990 1.0012380680144835
21 8 2 19 68522 0.956542163852155
22 27 11 11 70241 0.9054949564813635
4 16 7 24 35005 1.0473364626324815
12 9 22 21 56068 1.0284780670705889
28 0 28 16 52196 1.051531939652716
9 5 9 25 89534 0.9474398497465281
24 17 29 10 27745 0.9175570848436795
22 15 2 16 64875 1.097740853206131
2 15 14 17 42500 0.9806968367089797
0 0 28 2 91521 0.9576066160315687
21 1 11 7 49511 0.9389185142928937
7 0 6 19 69320 1.0481042278126034
0 19 12 1 90320 1.046823581058642
9 0 24 15 74909 0.9477463044230927
24 26 9 21 79423 1.068826061750376
21 4 29 25 78264 0.9929536356070854
29 7 10 0 69115 0.9166022441395417
5 20 28 12 72306 1.0343421508878277
28 14 9 18 53963 0.9739195321324206
21 17 1 23 70948 0.9404770746775964
18 0 27 22 67133 0.9889470592768523
8 16 23 3 75820 0.9272586053576158
24 6 23 15 32089 0.9686863938497177
12 26 26 12 85777 0.9562576479303898
6 15 26 13 58305 1.037075607112048
10 5 10 16 43545 1.0343095497171202
25 13 18 18 28745 1.0869979907005207
12 22 28 8 76477 0.9388333143477138
3 27 25 3 108482 1.0998258435354267
29 21 23 3 61746 1.0418510849547231
14 12 20 27 57008 1.0757309791682326
2 8 13 3 48970 0.9158931841779155
8 3 19 16 68573 0.9181581140242147
14 8 18 29 51503 1.0651598298310894
15 3 23 18 49485 1.0392469699749816
9 7 18 12 31854 0.9743656493725203
3 5 0 23 69934 0.9605169326336689
14 29 18 4 65277 1.0103659377304472
2 13 3 23 51985 0.9283338608705514
24 1 24 29 73508 0.9063061782278821
24 12 5 9 49643 0.9852286713285905
22 14 4 7 59599 0.9595686400150183
24 24 23 8 48163 0.972711085256969
0 2 15 26 101793 1.0544650453546662
18 10 8 23 63499 1.0424756438314942
28 18 21 11 28209 1.0752877874368927
10 10 2 28 83875 0.927643762633697
25 19 28 4 45965 1.083067415957811
15 12 13 25 48613 1.022578019897808
18 12 0 27 79104 1.0882985758892054
24 1 0 16 90051 0.9059072257918143
16 19 27 11 39656 0.9331704428260266
16 26 6 25 55813 1.0547911057166022
2 17 17 21 51837 1.0793125330023796
12 26 28 0 109939 1.0225536773623751
0 7 5 25 63594 0.9387928280610943
4 23 10 28 43310 0.9576521884478989
22 2 29 12 45863 0.9462023063915559
2 1 12 16 87920 0.9833389023350255
9 12 19 12 33397 0.9420343848731499
27 15 16 1 61452 1.0265246057190298
22 14 24 2 44948 0.9286165060552352
27 18 21 7 38991 1.099878077955941
1 8 11 13 38317 0.9888364836714538
22 28 3 26 85610 0.9737019998822332
11 25 14 4 78407 1.0428419123135173
22 1 10 26 102731 0.9039091530129763
5 20 11 27 51983 0.9274701166064536
24 19 1 15 73299 0.9032803368062272
8 4 4 25 77726 0.9296679183488832
24 18 13 2 65635 0.9381944267087161
16 26 9 2 93868 1.0635991400827547
25 14 1 8 60778 0.96429901569113
20 4 24 15 45142 1.047582501113364
23 18 24 1 47576 1.0879733525296416
8 4 18 15 52295 1.0057291082177982
17 24 21 15 42050 1.0700369735047703
8 11 17 20 42117 0.9569288265798446
7 11 3 22 49258 0.9723720725858113
25 26 6 11 70968 1.0865843841977065
21 11 11 0 49626 1.0008157653050318
22 22 0 26 90450 1.0893172226635337
19 26 27 21 55420 0.9558885131136534
5 25 7 10 49742 1.03880348055235
16 29 5 28 42986 1.0440896742940209
4 4 21 12 62345 0.9267469900188773
18 6 6 6 37168 0.9101183875678304
14 7 16 19 40360 0.979990397039512
18 12 7 5 40704 1.0736568993376532
6 6 10 17 50751 1.0361706108976125
23 1 18 28 75003 1.0961061686134101
18 15 6 6 45483 0.9993283707419169
10 19 3 8 52125 0.9438182178088371
7 8 0 18 44480 1.0504651510686858
3 24 9 5 80979 1.0775548795781997
9 1 0 22 96544 0.9957296353239848
18 11 3 6 48632 1.015005218112595
23 28 12 13 75916 0.928270000486392
13 19 17 6 46847 1.0612871644776307
14 23 7 3 84098 0.9179218577168659
18 18 22 9 28586 0.9847901093745197
5 18 27 14 58004 0.9085115012401842
10 3 17 16 56068 0.9799987479424733
14 10 23 2 44657 0.9969204341741271
3 11 29 2 79573 1.0865303131489334
6 22 17 23 57094 0.9612135578854
19 21 19 6 42736 1.0695664765062933
22 15 3 9 62839 0.9747467252589724
0 4 7 1 39936 1.0279092539110284
12 25 7 19 46747 1.065729364414484
7 15 12 3 62567 0.985616041886108
10 26 29 2 116221 0.9497537896256116
25 10 15 18 36232 1.0432590165344229
6 5 4 23 64244 0.9866140126379308
11 12 4 8 27443 0.9397769928455273
17 2 14 12 35949 0.9539097674448552
22 13 28 23 50065 0.9477127149543216
16 12 7 9 30610 1.0597651203889606
3 11 16 20 52820 1.0347461312389
11 9 0 0 56869 0.9759484154768883
25 17 4 16 56281 0.9451291593468368
16 13 13 0 43536 1.0979890186176542
13 23 27 20 61308 1.025484402410964
11 2 15 13 45738 1.0839975676939417
22 23 27 3 66319 1.090076328815926
20 28 8 5 85790 1.0250462593229448
8 25 3 6 81601 1.0001266108744833
3 3 4 21 71597 0.9622052746119354
9 28 4 2 105987 0.9266637299613304
21 4 15 25 69545 1.0735581801051959
25 29 25 13 39351 0.9248815778981725
12 5 23 15 49572 1.066928831767237
14 29 10 4 88228 1.029584867095378
28 4 12 11 51649 0.956298238914333
5 18 26 7 67015 1.010394884993529
25 5 12 6 44355 1.0241166310844807
15 13 29 26 75803 0.9204944231126644
11 16 19 13 30795 0.9256515285276539
19 14 19 3 33336 0.9954057319342169
22 25 14 20 49736 0.9982422676969472
13 6 29 9 50458 1.0517499802234265
23 10 7 12 37786 0.9901426060626203
7 26 0 12 61732 1.0749624266942612
9 5 26 25 86848 0.9629008775384889
18 17 12 4 46790 0.9025308205131514
9 9 16 29 70679 0.9253604539804586
6 8 20 11 34845 0.9782922802418607
2 17 11 26 59660 0.9702415232848846
17 25 14 17 31274 0.9282604804760226
0 20 10 24 55940 1.0051084854061427
23 25 19 16 43905 0.906955101019035
20 7 24 20 47160 0.9600959373557787
13 12 0 11 28582 1.0441183184136318
16 28 18 2 64547 0.920436387865682
26 11 29 18 22313 0.974483699338395
26 17 13 8 43767 1.0570345549136326
19 4 7 17 55639 0.9679737731278035
19 28 2 10 77136 1.0396047731071487
16 26 0 9 82187 0.977458005529762
0 4 6 14 44505 1.0320047513737933
9 2 27 9 69014 1.050985148571463
3 28 28 15 100976 1.0098568442288556
12 4 26 12 56927 1.0584793028115087
11 3 3 24 92942 0.91502499132389
3 5 19 16 65765 0.9002696955704764
27 2 13 2 57920 1.053550808540644
24 10 7 11 36441 0.9374883142096548
13 21 25 4 69618 1.0859675415907593
1 7 18 24 76473 0.9913230383064003
19 15 9 0 62072 0.9217571837532753
17 14 5 15 47770 1.0862984766866866
28 15 6 8 63358 0.9273130251945837
26 12 27 26 44089 1.0063981057557638
0 25 16 7 85698 0.9877368725420647
23 25 16 21 47289 1.0262235724110185
20 2 24 18 57584 1.0422054970694612
8 0 8 17 69916 1.088553194294668
22 3 24 11 29903 0.9737295803696541
20 26 11 5 75907 0.9267281745111275
4 26 15 11 67038 0.9302843863553394
12 12 26 18 51122 1.0392741273230541
17 2 14 26 74830 1.0575443377242326
19 24 15 12 42301 0.9706229116576446
25 1 6 15 72338 0.905153930851705
2 9 15 2 47505 1.0678582535165706
15 2 24 0 32574 1.0641668992515818
11 23 5 17 37312 1.0425790589681272
11 1 13 25 94579 0.9642500531147287
1 16 24 25 85461 0.9657621195707254
22 28 2 20 87295 1.049858233628444
13 14 14 5 36813 0.93736810679857
27 25 18 26 45561 0.9509957324514677
8 26 25 18 75207 0.9743421871286627
11 21 26 11 55256 0.9446385009209556
17 2 8 1 42297 1.033238468810647
17 27 21 3 74917 1.0688031405366736
24 21 26 10 33351 1.0502579071332476
9 29 26 9 91051 0.952886726645553
17 5 12 20 54384 1.0936748023274179
26 16 10 11 44743 0.9338135761146911
28 16 7 14 67650 1.069505008849401
6 24 1 13 54123 0.9642413267346139
18 11 8 13 29837 0.9945119963598996
1 26 17 18 68168 1.0981000102116656
28 28 15 13 77633 1.0177511882802186
26 24 16 1 84025 0.9844937584135403
12 23 7 0 103548 1.0699251353826473
12 26 9 17 49465 1.0744734535102693
14 1 6 29 105583 1.073065299957105
5 12 15 18 39349 1.0710822765742194
27 29 19 23 50862 0.9250836954040379
19 4 24 12 37018 1.0025530598435755
27 26 12 25 76280 0.9706028905173625
27 18 0 4 89117 1.0066953574310142
11 0 25 3 45495 0.9768773433618698
23 23 29 3 69200 1.026940678427071
10 22 23 26 72202 0.9985707788099544
25 2 16 19 55485 1.0090645593080116
8 22 4 16 35341 1.0997617270438922
24 20 18 26 38552 0.9924407534012563
22 16 7 22 51989 1.0453721880119553
8 2 29 12 82697 1.0958822507001538
2 4 23 24 101961 1.0791699202719764
17 6 13 23 64177 0.9953442216706612
23 15 26 1 43556 0.9628528842649176
8 20 2 7 60783 1.0171661753984387
11 3 27 14 65565 1.0568473663968891
24 20 20 14 36300 1.0569409788777935
17 25 7 6 69178 1.0235509537161307
14 4 19 21 52450 1.0132028982637862
5 8 16 2 40645 1.0883502050796965
6 5 0 26 78842 0.9954158547958953
11 12 7 20 41401 0.9702806070253444
14 0 27 1 42212 0.9970413447588317
11 25 15 15 44299 0.959820107493904
3 12 25 29 91018 0.9810090205470339
18 8 23 15 27331 0.9754243409673193
7 23 29 2 106450 0.9849401346879263
17 25 25 6 58450 0.9204395701552351
7 9 25 29 85726 0.949086467697605
7 16 13 6 55063 0.907212239090104
19 2 16 13 35366 0.9187586845512767
2 1 10 19 87544 0.9469572834018202
5 23 9 7 58608 1.0748609031455922
22 13 26 29 54663 1.028153268454059
21 14 9 8 43738 0.9797093760493207
12 17 24 27 60511 0.9898351596798273
7 19 17 4 59399 0.9498203686411271
14 29 29 23 73344 1.0641949028358193
17 2 5 13 55350 1.0264982351880296
22 15 20 25 45266 0.9842360723863829
6 15 7 28 48719 1.0230803003699585
15 12 5 3 47514 1.008451401008506
27 3 18 23 61482 0.9411313089127675
21 10 16 5 22257 0.9938951595459318
2 15 11 11 38573 0.929231004392098
12 22 27 23 73201 0.958154885628512
26 14 27 2 36741 1.0757722844750492
24 28 20 2 88729 1.0231085325152192
14 4 14 24 66302 0.9738346627291129
22 4 13 14 54169 1.0686520626240932
24 16 17 3 53759 1.002306742283863
14 11 1 20 60352 0.9848380002657389
5 10 2 20 44451 1.0744073165145367
21 20 4 23 65199 1.0891496398175637
14 24 5 4 86241 1.09716969292235
22 27 22 10 60887 0.9229661682659646
2 4 5 23 71216 0.9325151649097043
25 25 8 3 97263 1.0895825756463622
10 23 9 6 75106 1.0307585396169705
26 15 24 7 25631 0.9623398134981944
23 13 28 19 30914 1.0165161412229506
16 10 5 7 32361 0.9472447439514294
7 18 14 11 38258 1.0289334831736112
24 4 6 14 68325 1.077259125238547
5 19 26 15 59492 0.9106132173775389
2 28 24 23 107806 0.947405073443623
29 23 15 1 87353 0.9948897092446284
14 9 19 27 54401 1.0041177410937423
18 27 25 11 47011 1.0039877196603042
14 27 22 10 64503 0.9938413577849924
21 3 14 8 38554 1.0364667886928813
26 20 13 9 54289 1.0713269983774765
13 5 24 15 50602 0.9146529952481461
29 10 8 8 50083 1.0711553417095119
28 8 0 28 111497 0.9708749493581237
21 17 17 6 34228 1.037792970624599
28 27 0 2 129488 0.9954970511087792
7 28 2 18 46072 1.056927427603456
25 24 12 18 43447 0.9095044615948835
24 15 10 16 45360 0.949344313289954
25 27 11 10 68610 0.919411467470699
9 7 0 24 72816 0.9243724105468457
13 9 2 25 81056 0.9672610079986387
23 14 26 24 38479 0.9487760535769818
7 6 23 19 63292 0.9253154992006739
26 1 27 25 67790 0.9212213561372724
24 2 11 29 102090 1.0114009039041023
23 11 12 24 68071 1.0151280792786403
16 12 10 5 35767 1.019139807013801
12 16 27 12 53453 0.938510821052664
26 2 23 29 77154 1.0435062109190243
12 18 1 27 61569 1.0030955547019682
24 29 29 6 71631 0.9366085010887963
28 24 6 8 86891 1.0121649656090559
19 13 6 1 64514 1.073146270994112
10 19 19 21 35132 0.9828204960120639
27 5 13 15 61077 1.058182809176399
3 17 14 23 46074 1.0075203096452356
22 16 17 5 39382 1.0827209145013903
27 0 11 0 47698 1.0338868483784056
4 7 15 9 29769 0.9406322738494718
28 23 6 11 75652 1.0041855359451322
24 27 4 0 119677 1.0534257599754004
2 26 10 28 49842 1.013717725703996
8 1 2 17 72128 0.9552235879523485
11 28 7 19 54108 0.9818258937674186
29 29 26 5 74241 1.0058240505016878
22 5 11 19 57069 0.9872358267548229
5 26 21 29 64760 1.0777073507073827
21 24 16 4 69624 0.918876468754675
25 0 7 26 100779 1.0049648024252058
29 27 19 14 71253 1.0312278608641376
20 23 22 15 41276 0.957393083481054
29 9 5 4 67932 0.9762288557980927
1 5 10 1 43174 0.9746218317178887
16 7 12 27 78242 0.9408599569642849
3 23 21 2 104261 1.0474218378895703
20 3 9 26 98382 0.9066519817970795
16 28 16 1 79918 1.0239526954609781
10 2 11 18 65443 1.0190007835915773
2 27 15 22 73747 0.9724460279295173
4 11 5 20 29099 0.9800665121546808
17 10 12 20 42993 1.0313185225200119
23 20 13 12 47010 1.0480695875826744
4 17 16 19 31989 1.0060088434845857
29 12 11 13 46365 0.9778481574283181
22 23 10 29 64104 0.9472626050117041
0 5 26 28 113341 1.019427634048157
5 3 24 29 107315 0.9456937415670348
12 4 26 11 51025 1.0328220277780995
15 16 7 27 53138 0.9417772512491036
5 7 1 26 76205 1.0489091444585052
10 20 22 27 69750 1.064507158157927
6 11 23 15 44029 1.045830111865423
14 18 9 6 54626 1.0674980260836464
12 4 17 16 51174 1.0644099550742878
26 19 12 23 65484 1.0242442456871064
11 24 1 16 58838 0.9530135449606616
24 24 0 21 86869 0.9349499033438287
2 22 24 26 101429 0.991562157072587
7 15 16 2 59786 0.9096833304204307
1 3 3 29 102497 0.9561443159467309
10 20 25 28 66411 1.0743420210123988
14 6 9 12 35908 0.9810735938725081
0 6 15 22 76309 1.0732187208592565
5 9 22 2 61778 1.0471019129321804
4 5 22 7 52396 0.9083164505317811
11 27 20 21 66449 1.0340427211928125
11 22 4 1 88183 1.0300071298641718
2 9 9 19 53938 1.0254138294504043
10 7 21 7 34701 1.0761115528460252
29 8 9 7 47719 1.003366433129234
17 23 2 8 69750 1.0596075749528593
23 17 22 0 51216 1.0771129364200123
15 1 21 14 47667 0.905674048058471
23 24 7 9 74144 1.0179289251405665
24 12 13 26 75401 0.9668526791785325
0 6 25 2 74608 0.9591682555915995
22 5 24 23 54100 1.0828546768616034
28 10 15 1 49898 1.0514532491539403
18 23 3 27 74845 0.981576445773096
15 0 26 19 68317 1.0858918250577576
24 17 1 25 81657 0.9663739340402405
15 1 3 10 46491 0.9394833442477417
3 16 10 0 77400 1.0101604345533572
29 12 25 18 29037 1.0992721509900976
6 2 4 10 31505 0.9290028373132737
3 25 0 7 72232 1.0179504582116108
5 6 29 21 87164 1.0345978239694982
7 29 23 12 89400 0.9958436823669109
11 17 24 18 32216 1.0367831522069373
18 9 4 21 57188 1.023393963226988
2 16 10 5 63695 0.9254044967242397
14 6 8 16 58517 1.0837544127305627
21 4 4 8 52140 0.9425176785475343
1 29 11 14 74985 1.0111703645015309
3 25 26 10 85424 0.9245406905618122
2 16 20 20 60783 0.919328273489736
17 23 13 9 47222 1.0091812584618718
17 8 23 15 30151 1.0397951354935617
6 1 7 27 95742 0.911300795118087
27 15 24 5 30503 0.9609888714395554
3 19 8 25 38904 0.91983867538866
16 25 2 10 72288 0.9349694641625658
29 23 19 3 81354 0.9861765277816271
17 21 11 12 42367 1.0526068936755524
27 17 25 9 22871 1.063683210452652
20 20 3 13 63893 1.0586137853282724
28 2 12 14 74547 0.9952880514061969
22 26 22 2 84126 1.0752699272025645
25 25 11 23 68113 0.9890138712542257
9 16 21 17 33899 1.034471331532447
0 13 12 15 48797 0.9026692728853568
25 27 18 4 65325 1.0147082925452033
21 1 21 29 82818 0.9286703909426914
20 23 9 24 69123 0.9449382221170833
14 9 25 16 37804 0.9889488196147413
14 21 23 23 48464 0.9847397504962437
29 16 3 13 76433 1.0931902532792568
20 25 1 25 90689 0.9138863361685181
29 18 11 17 43219 0.9351719638133847
