2670 3361 2794 2540 1546 1673 3420 3354 2462 2063 1536 2125 2127 3434 2303 1535 1833 2570 3287 1267 2760 3086 1254 2635 2121 2943 2421 1832 3058
6878 6423 7528 5906 7659 7703 7438 5877 5705 6842 6587 7426 6442 7312 7755 7088 7478 5822 6460 7873 7646 7206 7819 6538 7603 7314 7192 6747 5745
5847 5974 5868 6162 6438 6031 6375 6717 6059 6006 5874 6673 5640 6335 5858 5020 4421 6597 5638 4795 5140 6580 4637 6180 5694 6433 6114 5631 4900
1593 3485 2628 3539 2092 3293 1572 3290 2695 1674 2608 1539 2573 2449 3078 2552 2011 3238 1679 3746 2053 3433 1667 2167 1930 2012 3604 2061 2087
4195 5098 4416 3655 3835 4143 4258 3835 3878 3744 4123 5186 4677 5296 4299 4431 3845 4711 4835 3855 4160 5027 4170 5349 3120 3588 5137 4484 3947
5134 3352 5455 4568 3720 4984 5618 5404 4116 5330 5113 4587 4845 4891 3751 5072 3680 3958 4279 4778 3874 3415 4736 4572 5398 5077 5541 3855 4336
2949 2504 2819 3500 1620 2281 1604 2275 1520 3696 2840 3447 3341 2031 3696 1977 3454 2941 3107 2925 3779 1910 1966 3684 2648 1814 2521 3820 2509
5774 6131 5388 7054 6355 6513 7653 6064 7586 6762 6464 6136 7668 6379 5595 7080 7547 6667 6551 6459 5637 7373 5797 7707 5785 6433 7682 6566 6963
4529 3863 4171 3107 3096 4444 3321 2471 3362 2390 3727 3036 2812 4054 3746 3677 3322 3178 3250 4293 4403 4037 3503 2833 4409 2468 3341 3089 2678
3473 3889 3828 4299 4156 3256 4607 3416 4564 4265 3229 4554 4366 3871 5371 4937 5368 5264 3444 5296 4927 3559 3543 3515 3330 3730 3561 4346 3186
7434 6132 6128 7309 6281 5594 6970 6255 5662 6762 7182 7167 6881 5679 6724 5998 5887 5601 5866 7428 7337 7662 5743 7629 6611 7502 7133 6484 6147
8280 7045 6612 7225 6353 8235 7642 7070 7079 8479 7570 6385 6557 8113 7913 6608 6679 7731 7295 7996 7677 7159 7136 8024 8127 8143 6550 6555 6595
6856 6749 6886 8044 7822 7381 6658 7787 7919 7618 7613 7714 7656 7208 7624 8447 6854 7283 7067 8659 7395 8009 6732 6603 7294 6524 8724 7801 6527
7624 7082 8254 7907 8294 7148 6362 8211 6670 6699 8292 6407 7514 7222 7893 7303 6326 6125 7931 7772 6531 7249 7569 6913 7360 6600 7314 7087 6970
4942 6052 6185 5722 5997 4974 5818 4875 6174 4110 3968 5007 5694 4857 6009 5189 5545 5516 6013 5020 4824 4611 4183 5074 5557 5927 4200 4760 5655
4459 3925 5328 4824 4044 5611 5304 5151 5442 4246 4215 3588 4211 4738 3565 5779 4517 4606 4111 4292 5237 5359 5353 5310 4239 4383 4680 3614 4191
6193 6897 6065 6574 5847 6100 6494 6233 5108 5020 6584 5924 5819 5929 5525 6158 5965 5681 4997 4716 5983 5793 5333 5003 6904 6761 5716 5350 5173
5196 3121 3314 5041 2967 3898 4696 5077 4858 4738 3895 4701 3354 3433 4334 4495 4276 3889 4546 3093 4845 3201 4699 2955 5121 3418 3783 4758 4370
3860 2934 4052 3443 2546 2016 1838 4013 2265 3619 3514 3275 3833 2683 2761 1826 2170 2188 2618 3779 2380 2057 1762 1821 3024 2620 3036 2784 2718
6067 4216 4318 5177 4340 5337 4119 5364 5196 6040 5934 5388 4761 5312 5965 5149 5142 4629 5484 5685 4215 6243 4920 4935 5389 5295 6050 5653 5087
1218 1514 2981 2386 2857 2742 1443 2549 1240 2254 3086 1074 2970 2361 1786 1396 3184 3241 2476 2768 2625 3142 2108 2354 3331 1626 2418 2537 2901
2685 2820 2323 3492 3065 4092 3147 3100 2398 2737 2683 3220 3040 4089 4155 3080 3995 2608 3528 3873 3176 3479 3295 2429 3037 4050 4250 4394 3737
1184 2752 1138 2321 1669 2303 2150 1861 2113 1423 1470 3017 3090 1623 2848 1135 1462 3321 2833 2608 3037 2936 2894 3281 2101 1401 2673 1993 3202
7858 6946 6306 7305 6930 6665 6987 7093 8141 7857 8320 8177 7753 7608 7316 8255 7998 7836 7656 7380 7492 7976 7454 7126 6381 8161 8253 7598 7549
3569 3192 3872 4192 4823 4086 4486 3213 3651 4184 3242 4847 2971 3629 2895 2828 2989 4405 2753 2560 4570 2668 4787 4259 4065 3111 4488 4748 2814
4881 4898 4182 3805 4797 5600 4932 4395 4109 5625 4025 3352 4315 3606 4915 3341 4847 5608 4666 3938 4364 4035 5631 5184 5306 4346 4502 4321 4442
5703 5997 6467 6058 5524 5455 5775 5589 6598 6460 5444 7265 6445 7660 6758 6899 7003 7067 5949 5880 5416 6450 5976 5938 6911 6781 6935 7682 5897
1771 2673 3208 3149 1713 3199 3507 2515 2380 3098 1743 2038 2965 3252 2805 3791 3485 3927 2291 2394 2543 3305 3628 1779 2453 2321 1721 2044 2794
4557 5173 5696 4253 5326 4186 5176 4982 5505 5614 4114 3799 5011 3754 3881 4480 3713 4479 5592 5510 5066 4870 5625 4230 4249 4924 5391 4628 5446
6323 5876 6555 6979 5441 5150 6136 5094 6185 6840 5506 6745 6056 5418 6707 6369 6547 5493 6892 5757 4902 5412 4901 6309 6975 5192 5439 4874 5680
7854 5174 2017 7993 5503 2927 1456 3415 5493 2431 3935 4084 2718 5672 4575 8050 6864 6738 5596 5143 3416 6609 4254 7598 2443 1921 5157 6218 6297 6253
7820 5408 1766 6258 6259 2524 3167 4079 7040 2160 2678 5127 3521 7205 6278 8225 7621 5214 5948 5191 2309 5914 3879 6321 2878 2724 4054 7853 5947 5236
7235 4620 1857 6891 6506 2877 1339 2251 5653 2970 2265 5179 4063 5524 5975 8130 7822 6377 6141 6061 2453 6013 2781 6604 4265 2001 4148 7203 4885 5748
8153 6268 2938 7145 4374 2742 2800 3273 6340 4176 3377 3161 4162 6867 4856 7528 8202 4904 7032 6035 4360 5247 3787 7623 2957 2047 4599 7256 5664 6557
6315 5877 2065 6984 5131 4542 2412 2138 5334 2752 1973 5459 2512 6743 5778 7247 7035 4959 7173 5408 3175 5610 2879 6883 3707 2539 4395 5938 6660 5342
7463 4766 2969 6157 4302 3436 2580 2186 5787 3870 3181 5192 3817 6659 4986 8320 6929 4770 6360 6498 3159 6740 3890 6339 2763 2460 4767 7373 4418 6607
8451 5275 1852 7080 6491 3987 1594 3542 6972 3917 3677 4051 2710 6449 5575 7986 7202 6598 7225 4871 4131 6385 4016 7560 3582 1515 4748 7898 5335 6155
6363 4175 2253 6338 4889 4264 1327 4050 5901 2189 2780 3155 2670 5308 5011 7107 6347 5676 6269 4827 2286 6807 3680 7006 2227 1976 5263 7777 6528 5115
8085 4942 3329 5925 4373 2355 1076 4109 5789 3161 2167 3679 4071 5892 5233 7520 7570 5911 6956 4973 3559 5224 3862 5863 3936 3269 5795 7110 6269 4790
7996 4510 1504 6931 4985 4487 1706 2999 5924 1872 3117 4330 4018 5805 5100 7239 7855 4966 7175 5436 2542 7266 3069 7581 2253 1994 6027 7388 5788 5990
6797 4249 1430 6596 6082 3129 1133 2207 5416 3287 2169 5175 2862 5259 5242 7101 8250 5058 6247 5201 2319 7061 4063 6747 2883 2980 5260 7493 6342 5814
6394 5354 2302 6150 4442 2954 2500 2632 6900 3863 3878 5330 4465 6011 4976 7632 6653 6707 6578 6685 3290 5068 2318 6374 4231 3119 5727 7105 5048 5366
6789 5889 2454 7757 4611 4450 2905 4376 5935 2845 3736 3236 4438 7248 6165 6671 6779 6115 7474 6817 2171 5437 3096 6718 2944 3249 3898 7709 4971 5817
7123 5340 2959 5883 4426 3295 2916 2476 7386 3057 2843 4705 3241 7057 4249 8464 7973 5793 5871 6888 3349 7033 3342 6804 2505 2394 4079 5899 6497 6420
8387 4593 1747 6604 5332 2537 1467 2953 7333 2474 4011 3855 4417 7212 5324 7558 8326 6774 6219 4791 3501 6172 4311 6586 2824 3445 5641 7808 5520 6142
6268 4087 1617 7648 6005 4344 1599 2958 6420 3542 2816 5195 4052 6800 5282 8064 7357 4914 5338 6262 3791 6130 4280 6741 4265 2690 4555 7030 5170 6581
7920 5346 2651 7652 5632 3653 2876 3608 5782 2934 3597 4212 3342 6036 5582 7458 7672 5042 5366 6705 4048 7104 2888 6729 3928 3286 4758 5932 6278 5568
7849 6258 3132 5750 6407 3513 1219 3503 6326 2095 2302 4560 3232 6476 4582 6488 6681 6024 6671 6065 4197 6176 4406 7349 3329 1514 5492 7861 4487 6070
8387 4588 3166 6398 6527 4589 2462 3300 6969 4012 3528 5279 4217 5290 4991 7579 6921 5527 7560 6670 3051 5984 4041 6433 3188 1597 4385 6901 6489 6065
6419 6228 2791 6062 5078 3393 1185 4271 7145 2791 2215 5314 3006 5261 5734 8201 6376 5063 5542 6194 2169 6918 3611 5716 4260 3406 4577 6645 5705 4650
7912 5776 2410 6386 5356 4476 2340 4128 5806 3247 2929 3992 3528 6546 5922 8231 8026 5790 7016 5070 3010 5863 3089 5780 2507 1510 5800 6041 6683 6105
8331 5438 1251 5982 5716 3397 2139 3086 5669 3442 3897 5042 2700 5132 5984 8410 7089 5486 6266 6137 3736 5832 3432 6335 3245 3770 5062 5868 6065 6014
6286 5686 2700 7935 4834 2925 2981 3897 6633 1981 3530 4806 2258 5205 6148 7559 6455 4800 5672 6395 3570 6678 2911 5522 3437 3670 5152 7396 6565 6613
7707 4051 2574 6146 5078 3162 2732 2532 5926 2695 2867 3984 2974 6787 4947 7789 7546 6724 5429 5082 2299 5814 3104 7674 3114 1725 4125 5926 4651 5688
7382 4490 2037 7713 5168 2926 3286 4356 5673 2659 3236 4018 2217 5395 5218 7186 7989 5128 6868 5888 3151 6868 4245 7517 4045 1505 5155 6240 4716 5005
8061 5677 2985 6132 5510 2648 1385 3323 5785 3179 2221 3385 2873 7349 5480 8075 8432 4818 7590 7052 3847 6551 2812 7522 3426 3030 5052 5812 5066 6519
7529 5661 1489 6958 4690 3093 2831 2907 5744 3827 3923 4416 2752 5757 4418 7405 8604 4838 6704 6110 3159 5690 3446 7474 2355 2547 5446 6215 4704 5593
7604 4208 1675 7317 5174 2606 2182 3190 6428 3721 3904 3270 3121 5416 5098 8339 7311 6135 6305 6827 3488 6531 2763 5745 3554 2786 4244 7956 6171 5115
8076 4187 3000 6092 6543 4576 1630 2184 7390 3022 2739 5464 3655 5799 5985 7251 7333 5188 7080 6601 2401 5881 4018 6956 4049 2749 5325 7871 6562 6513
9 29 27 1 113954 1.074504902323215
13 5 1 28 91481 1.0571557388039505
5 7 16 7 28507 0.9904878777069639
13 0 24 28 106347 1.0578736519275798
11 14 27 26 87627 1.0659924358211046
10 11 13 20 53258 0.9510742489032711
16 16 21 7 47010 1.0884981277647383
1 12 20 28 89637 1.077473117300225
10 6 21 22 60946 1.082094949829966
11 5 2 15 51663 1.066454914727348
15 18 26 5 70148 1.093066622343208
23 22 1 7 85813 1.0396860153623741
13 24 4 25 27400 1.0074243887744414
5 27 26 19 84896 0.9301761639579202
14 3 15 26 87153 0.9077207074459225
7 14 15 17 55161 0.9937389661878682
20 0 2 27 105520 0.970460509601652
1 19 27 7 97005 1.0841423118949833
28 3 6 12 72413 1.0067942863805261
0 9 24 1 69088 0.9519606382046497
12 13 10 23 67924 1.0739225172124742
25 14 16 22 53214 1.0667102424099673
18 22 10 2 75168 0.9233959224600391
24 25 5 27 58817 1.0162238419810028
16 22 28 12 58812 1.0689319454257973
27 4 18 6 26253 1.0349408674734246
16 28 2 15 81440 1.0546404152177038
22 9 10 20 63462 1.0897521168174868
26 26 8 24 58518 1.026635072244518
25 19 10 27 73280 1.0761497813781555
18 11 5 27 79316 0.987907937813379
25 29 18 9 75992 1.0745291867012687
7 21 19 0 94704 0.9775149286615029
2 5 9 26 69660 1.098508924991915
3 26 12 21 43665 0.9360641178405871
0 8 29 21 108743 0.9799500482337136
28 13 15 3 61539 0.9083318269916949
2 25 20 7 82992 1.054519506685823
1 7 17 8 46403 0.9856148041185099
15 27 8 5 91820 0.951759102987222
1 25 12 26 33148 0.940328866656965
22 23 29 2 63712 0.9894680980899269
4 0 12 24 93852 0.9898404584277694
24 9 26 0 40227 1.0378315519204353
8 14 13 19 43119 0.9845641114685021
23 18 7 11 72800 0.9882414335700723
25 13 21 21 37596 1.029630528599169
7 22 13 29 53778 0.9509631715453459
21 20 14 29 49774 0.9399728154523893
28 22 1 0 121151 0.9155694601529146
7 13 4 21 37074 1.0125342917705038
3 29 21 22 63515 1.0945055621056838
19 6 23 22 45502 0.9470894357360449
16 14 21 2 47631 0.9564972394957788
14 0 24 7 45769 1.0579652164765891
26 13 18 1 48784 0.934412712410273
13 15 2 6 70362 1.0022858802241992
16 24 28 8 74924 1.036876305242588
27 11 12 10 49394 1.0437871117947601
12 2 16 9 39762 1.0430563658014045
21 4 22 19 37111 1.05940608522963
13 26 4 0 101485 1.030403639004812
18 4 9 17 65788 1.0604355853547847
11 27 11 8 93818 0.9891624658733326
26 8 27 21 42456 1.0738238055823026
7 1 8 10 31894 1.0295428144584253
6 14 0 2 42834 1.0665355637282787
3 16 18 28 68841 0.9837966912634721
14 22 19 28 37421 1.0726060946152745
25 4 23 13 36442 0.9157404319135312
18 12 1 17 78263 0.9411059792651024
16 24 27 15 59157 0.942660001099417
11 20 24 22 47870 1.0339671151097312
29 25 18 22 34902 1.0467877375160781
23 1 20 22 57943 0.9338997866378974
4 5 8 15 40405 0.9015334339444424
17 4 9 19 72362 1.0830192627234139
24 6 10 7 37424 1.0816241964593907
23 8 11 1 51600 1.0505277572475813
4 28 23 4 106174 0.9664293248828633
13 27 0 4 94099 0.9996170846987754
16 25 27 7 71578 1.021987247351948
27 21 1 19 92852 1.022156535024683
7 7 2 15 39175 1.0502906456825534
11 25 25 7 82296 1.0213071470214636
19 3 2 3 50411 1.0885486355384655
22 19 26 27 38417 1.0967840161136235
23 19 25 9 35952 1.0486592272731818
4 13 16 10 47886 0.91299532060778
19 11 15 21 47685 1.0491929407143563
8 12 25 22 86742 0.9793521603905704
28 6 15 21 74197 0.9289636529789427
23 6 2 23 88662 0.9971752649127841
22 12 12 26 65032 1.0832385811673864
11 25 5 4 72778 1.0477466687732797
16 19 26 6 64581 1.015366080429624
6 24 16 18 51991 0.9615992547326911
23 5 17 25 59313 0.9242834471738172
13 18 26 8 81399 1.052671718082772
12 13 23 17 58787 0.9551872150784408
8 23 24 9 85047 0.9994270230239015
27 23 1 18 94121 1.0016524465788705
16 8 2 22 80327 0.9298376780122847
0 2 27 18 98084 1.087318524587825
29 29 12 29 86005 1.0077648695927999
23 15 11 22 59962 0.9272111324166594
28 4 11 28 116817 0.9150245080063802
6 18 17 25 49936 0.9453173299166893
25 14 7 22 85235 0.9128556943795636
21 25 2 5 86825 1.0461365244735017
26 8 8 26 95360 1.0980690513906135
3 8 27 4 61062 1.0909552467263737
11 28 18 6 92371 0.901514140257304
8 25 22 26 39624 1.0069566015291602
13 19 7 10 59528 0.94246789528643
14 6 19 1 26600 0.9018022491880407
14 5 6 2 30351 1.0656614234523396
2 9 21 9 52600 0.9059038079473979
29 20 18 2 69918 1.0332642947225643
14 0 28 9 61376 1.0547838071643172
7 17 28 17 91903 1.0137574692856974
9 16 15 7 56216 0.9448385625273582
1 2 12 25 83028 1.0920590051068422
8 9 10 29 77839 0.9319486648828424
28 7 18 21 61304 0.9268696366650361
2 5 18 18 70265 0.9505311242547252
5 29 28 3 126781 0.9376814909214269
0 5 21 13 59606 1.0201581260227401
1 22 19 22 61549 1.0823225007105988
15 22 15 3 76566 1.0168208135004755
9 16 16 4 67288 0.9007639353347147
7 29 4 11 61141 0.988933201770813
26 24 4 27 71070 0.9979321807771118
16 14 27 29 68190 1.0290554327582706
25 25 26 10 51899 0.9166287732456705
5 2 19 18 71280 0.9949688223409644
13 27 4 12 75800 0.9019646956899411
6 26 16 12 72721 0.9180662452731557
5 4 26 20 82468 1.0593885319332204
0 22 7 28 33192 1.0181974730111558
24 3 1 3 65117 1.08146465175276
6 3 22 16 58575 1.093685391959008
18 8 13 21 59948 0.9644051970700208
5 19 4 4 52160 0.9468324240664964
12 25 5 22 27041 1.0523872428399672
6 26 10 7 66258 1.0975081621504321
10 3 12 25 90333 1.0590042613089856
2 15 21 25 77596 0.9324343057659774
0 24 18 0 97731 1.0910809342068735
15 26 13 3 93036 1.003908743550381
20 16 23 26 36304 1.0535571068271563
27 1 10 20 90082 0.9932113375807611
21 13 19 5 24349 1.0092642776648437
7 19 1 12 43493 0.97716806372325
21 3 14 24 72403 0.9884806751760778
24 12 29 20 38641 1.0307243986220622
14 13 28 18 73792 1.0418293419100955
25 1 4 6 55076 0.9196861567029052
9 8 3 18 45151 1.0061697790494895
17 21 26 17 46055 0.968261664019831
20 3 4 9 45971 0.958315469431237
5 18 13 22 42009 1.0210964741689648
16 19 28 21 49507 1.0315518133505264
3 4 13 4 40860 0.9632950451656459
8 12 18 27 76696 1.0382993226043646
3 24 15 3 82756 1.0165881178642588
0 23 23 27 71632 0.9414298531962912
11 17 4 26 55647 1.025985912730294
29 4 24 11 38525 1.0105093361781576
19 12 4 12 54064 1.0443110708649777
7 24 6 4 57676 1.039363297834968
21 10 4 18 79665 1.0005392504492083
19 2 28 1 25085 0.9265494319778159
3 27 23 6 92624 1.0287455427767203
15 13 5 0 69102 0.9358553492120091
21 17 22 4 31650 0.9646131326690724
16 7 14 28 82386 1.0569807280461205
17 25 14 18 39128 1.0582225210476166
11 9 20 10 29867 0.9992633256308168
19 10 17 27 51536 0.9234291170350417
7 12 14 25 60665 1.049954183334839
25 17 18 27 49381 1.0847564995004058
4 27 1 11 53839 1.0763817590461924
18 19 26 2 59154 1.094904376723425
16 23 22 8 55973 1.0412214255779129
29 0 23 4 36527 0.9710063288502724
7 7 27 25 92574 0.9104900897340791
13 11 6 8 32196 1.0036917928995144
15 16 9 25 53572 0.9503687207001228
0 7 13 19 76838 0.9864185428475474
0 25 15 24 41422 1.0635804112205596
3 25 2 12 36639 1.0865987918240476
21 24 26 4 65571 1.05475981365249
10 12 2 10 30372 1.0646316039837327
2 19 24 15 90496 0.9853692955963008
25 21 14 20 40887 0.9815815684439116
19 10 22 2 21611 0.9533806121475547
21 24 0 8 91057 0.9489953634492114
20 2 26 16 55184 0.9037050001003135
18 9 7 23 81815 1.0489811866816239
25 18 16 2 66146 0.9191081097709121
7 25 21 3 90997 1.0661407613891352
27 23 1 18 94121 1.0374032654303553
0 9 17 23 87621 0.9408255737191302
22 18 1 20 72047 1.0220399999653538
2 16 9 22 46096 0.9758305843814693
3 29 3 0 72348 0.978037069077569
19 28 21 13 49604 1.0745018124287817
12 11 4 24 68211 0.9234466735659966
29 24 7 18 90439 1.0660103694675382
13 24 0 23 40849 0.9473008848899818
19 3 19 19 49301 1.078280939697112
16 7 2 26 84460 0.9180712513289724
3 17 26 2 81841 1.0863342633211908
0 10 11 25 59299 1.0996143020843006
25 5 4 2 56023 1.07226515693023
11 20 26 9 71657 0.9362598624069933
23 18 4 16 84810 1.0393845231028553
6 22 22 22 57504 0.9895775018584153
29 22 8 22 73107 0.9920168207110092
11 26 20 12 64286 0.9174723032563227
12 3 14 11 52997 0.9821956890250614
20 7 14 24 57971 0.9173097234669979
28 21 15 0 88367 1.0731693974543606
28 10 10 3 68697 0.9472834877509153
11 12 15 26 71962 0.9710807789869272
21 5 5 23 85245 1.024370504152973
21 11 6 12 54134 0.9317809707053065
0 18 24 21 85015 0.9872171244083929
12 2 11 28 106258 0.9206964027214662
20 18 19 0 46701 0.9213080818502453
1 14 29 25 102644 1.0726345949086473
13 12 17 22 48985 1.0180315782805267
22 13 7 9 53811 1.0620715948476271
23 0 16 25 75024 1.0056153508792232
9 11 28 0 75084 0.906419985477663
1 29 27 28 88071 1.0070386605990809
25 14 13 15 65862 1.048492370226834
10 0 8 23 88466 0.9348850714015431
25 0 28 16 60479 1.0647608078082045
8 3 19 21 71903 0.9556592734457511
3 2 6 17 48073 0.9463447027011322
27 7 4 3 63791 0.9060140932028438
28 12 4 2 73927 1.0310373927179317
11 29 10 4 100896 0.9920174967946308
10 11 27 20 83611 1.0917354251395763
16 16 29 29 79420 1.0772473651779888
24 2 19 9 25207 1.0664183637756537
22 18 24 27 32684 0.9327642768703723
25 28 2 11 108123 0.9928277708518689
28 5 8 11 61814 0.9374359492995165
17 4 28 9 40396 0.9459125753171385
1 24 18 28 55990 0.9228251949910194
23 18 24 9 29737 0.9622768159719661
3 7 5 25 48968 1.0234296456495362
24 21 1 11 100227 0.954852426011254
5 1 22 22 83912 0.9292308932896534
29 15 10 11 84186 1.0069396168069313
2 9 27 7 65322 1.0915959980808452
23 18 19 0 51428 0.9821987781489596
16 16 21 11 37745 1.0091187860360507
6 16 25 21 76961 1.04695932518811
24 6 26 15 39210 0.9254983859589575
10 24 0 11 58372 1.0223207767071079
29 13 5 23 109250 0.9574769905265653
12 27 20 10 72432 0.9977884815800027
10 16 22 22 68956 0.9721274926284549
24 5 29 18 59983 1.0724850773795997
11 26 18 18 45281 1.073105179103058
13 29 0 23 61292 1.0303991040115017
14 19 3 6 74065 1.0800638131848155
14 21 17 12 45451 0.9513175497792692
22 11 6 15 63911 1.09151905632212
8 7 25 6 39843 0.9321542292912477
25 13 12 13 55593 0.9268551502665996
5 2 16 19 84880 0.9145966264694783
23 12 13 16 59569 0.9436576312254714
4 19 24 22 72896 1.058272277376322
6 17 28 0 90946 0.9513648136457488
10 1 12 23 97573 0.9606095544888953
25 4 17 14 49480 0.996842702861149
14 19 4 7 70241 1.0918012222370275
28 5 13 1 51267 0.9044388085358992
27 2 0 27 113707 1.0167421386300666
16 8 19 23 55035 0.9124739369937628
0 16 28 22 99319 1.031731054693177
0 6 8 1 30133 1.0737688410439288
3 2 0 20 47509 1.0586089101719263
2 8 23 15 75742 0.9155208665177708
22 20 1 10 83201 0.9587216463769117
2 29 28 14 114248 1.0086098877612768
21 18 0 11 84052 0.9241512797763108
24 7 14 12 44807 0.9498178546977679
13 28 25 7 94783 0.9159185671859663
15 14 5 3 64936 0.9037585421197132
24 22 10 21 56554 1.0551631399575458
29 21 17 6 67116 0.9304737353993733
2 21 2 3 58112 1.05479654972726
11 16 11 28 73348 0.9602877515672512
18 7 22 21 43955 0.9173678432102709
1 19 26 6 90667 1.07449137149417
28 5 9 19 93862 0.9861335750938727
8 9 4 21 48499 0.9713130467423893
1 13 10 3 57672 1.0286832846290053
24 10 25 0 38465 1.0406885116756732
10 6 1 14 43985 0.9127355961030547
28 4 14 24 87194 0.9113527789948367
8 16 9 25 36085 1.0252117006505168
26 25 0 19 78459 1.0710153675080505
0 19 27 16 99412 0.9562080403082303
0 23 24 17 88476 1.0239553224314044
18 1 8 4 33337 0.9461835349721244
8 11 10 2 33390 1.0638725906421163
4 26 6 17 31547 1.0155358700251123
4 7 22 18 61885 1.0759523600741214
16 3 22 19 56762 0.9204166911649483
13 5 9 13 42328 0.9442003169541198
7 8 25 24 92914 1.0838650398864011
5 22 6 10 39338 0.953383643559029
0 23 23 4 93177 1.0427837461777874
19 10 12 6 26330 1.0744461665179803
22 11 17 23 47445 0.9744398764038135
9 15 29 16 101209 1.002217514475757
12 29 24 21 69979 1.0013792745696493
16 3 18 20 60672 0.9053122014687413
13 15 29 6 77416 0.916754352746376
21 7 15 3 29307 0.9843028627175994
29 11 20 24 59722 0.9575276961242629
13 28 12 7 101646 0.9200779301874955
1 2 3 23 57032 0.9703656465628736
25 23 19 10 53387 0.9745287727850195
24 1 9 11 60360 0.9523042254281633
21 9 12 10 30549 1.0642600926339116
16 29 1 16 88330 0.905444791786804
5 8 11 29 86410 1.0349356379697072
27 12 2 23 104182 1.0087447834328611
21 25 3 12 77566 0.9934231488677305
20 19 27 9 43595 1.0659619273488152
26 2 11 13 74819 0.9058972501219164
14 27 7 7 85402 0.989566416221351
19 1 29 5 37705 0.9985527413447077
21 17 18 26 31903 1.0976137973894775
24 25 16 23 30962 0.9342575050251468
29 11 17 25 67290 0.9639155783911434
23 19 22 3 41034 0.9506184182732577
25 2 4 11 63558 1.0197918786643612
0 3 27 7 66679 1.0651068898546618
24 9 3 9 56430 1.009115287353724
27 9 14 7 41570 1.029440994124311
4 14 6 28 47611 0.9462616495504831
23 29 8 5 93052 0.9306880734685669
0 13 26 15 100684 0.9253542059506626
24 2 22 17 34897 0.9006592787358907
29 22 5 3 102824 1.0431774393819266
24 3 2 4 66639 1.0078344993874293
16 12 11 23 64646 1.0314792688486345
0 16 3 4 35626 1.06743393551606
15 5 25 0 43952 0.9331018779746915
7 13 9 24 47664 1.0574377975897105
9 29 11 1 100331 0.9953997355167731
25 18 14 29 71134 1.0613874730866952
10 20 21 10 59157 1.093753956367741
7 23 19 0 100151 1.0743435028070252
8 17 2 0 68774 1.0641472824686957
20 23 8 23 45458 0.9076525634494411
7 19 24 1 87141 0.9138984343315488
2 20 2 9 32570 1.093533008355379
4 12 18 21 71365 0.9334710130581733
18 10 7 29 84322 1.084211629497772
2 26 4 4 61873 0.9486100181797933
24 19 26 8 45315 0.986480317634746
2 7 27 16 79817 0.9992236655975791
11 1 17 24 87695 1.0187722013699734
13 9 18 26 60032 0.9774205720171467
21 13 27 2 36990 1.0343648625058461
16 16 25 19 50032 0.9367189238645768
14 13 8 24 70155 1.052817284887635
1 2 11 16 78760 1.0102884111773607
8 29 7 15 51444 1.0967949345312373
6 13 26 20 84148 0.9865449367007265
15 19 3 3 85762 1.0252980718654108
20 22 5 20 53330 0.9296723047715598
29 18 1 24 102088 1.006579667402544
17 23 23 9 52319 1.0906909375073612
0 0 8 5 34122 1.0510788730869203
5 18 24 25 73312 0.9918186088900647
0 28 9 27 34939 1.0452428774236167
21 29 10 17 77195 0.9781552162247882
12 1 7 25 83995 1.0784240860201737
27 2 7 11 65165 1.021329636925094
25 12 18 6 27609 0.9523977512841829
15 9 29 15 63494 0.9457049892641027
5 0 13 7 40278 0.9310042374896347
14 13 0 15 62826 0.9944092813269089
26 23 2 4 106102 0.9190216769776532
21 26 23 4 60472 0.9267917652133321
20 15 13 5 37840 1.043926058620489
14 18 5 21 41713 1.0522740483011188
27 2 21 8 27552 1.0547950968537245
7 17 8 28 41947 1.0901353324596457
19 0 1 9 66398 1.0933973782463544
19 19 8 19 45796 0.9797557678311272
19 17 0 10 79181 1.0228263382570901
12 10 9 25 67693 0.9508199082207177
1 26 13 12 78515 1.0639867811446284
7 11 12 28 80532 0.9951508948463546
24 21 26 4 60881 0.9697676325998141
24 15 20 0 40585 0.9162347416145946
18 2 29 16 69166 1.0433677898271534
21 18 15 22 31642 1.093674426047942
16 7 8 17 57307 0.907269006218074
25 14 12 26 75629 1.0864616314805373
3 19 22 19 68198 1.020575710493294
13 29 24 2 102196 0.9531609145536695
8 24 6 8 52123 0.9790864573370969
11 14 1 16 62854 1.0961706177086494
27 22 3 6 91064 0.9241064483752689
29 8 26 20 47876 1.0248823871375308
6 20 21 2 77980 0.9258550388495804
22 1 17 16 51315 1.0248687835403305
18 23 8 22 37397 1.069526390830402
12 27 18 11 68003 1.005429721934503
26 21 14 26 54943 1.0856040695577391
20 10 11 0 55377 1.0195375527041877
9 28 3 17 45356 0.9552032081966519
7 27 4 8 65730 0.9213424321377872
17 9 28 18 61101 1.0953321059169192
22 22 3 28 64713 0.9365908883562047
2 18 14 25 50358 1.019680166969821
7 23 4 14 44079 1.0672638429321182
4 29 14 25 42651 0.9885119354229062
29 18 4 26 94556 1.0417147001255151
2 10 22 28 93815 0.9795329609966761
22 23 2 11 93436 0.9825002591490736
23 7 17 20 48864 1.0079176411903794
23 4 8 11 51600 1.0773658674314543
11 5 8 27 76567 0.9117324759475939
29 14 11 8 77665 1.0281512570336309
25 7 28 24 57723 1.0416925513419346
11 8 9 21 61370 0.9995275501963309
10 29 0 2 93264 0.9629657478061195
16 10 28 29 80538 0.9553708267279086
17 3 20 12 28418 0.9495666565871197
29 26 20 25 28484 1.056492646739173
13 17 6 0 82699 1.0266673999639835
27 8 16 3 47653 1.0969243189650126
13 0 8 28 105280 0.9647448274104053
1 11 24 12 76100 0.987072863627636
22 20 25 9 32165 1.0271468675065512
20 23 23 13 35637 0.9993954805039368
16 16 8 5 67821 1.0727635161020839
0 5 26 22 95870 1.0019171601179742
26 2 23 19 52468 0.9708889640732195
23 2 19 25 63404 0.9106699583104733
15 18 21 10 47148 0.9433731014139894
24 11 1 28 108995 1.0467664126543088
13 1 1 5 43838 0.9470890597500436
18 6 4 0 46865 0.9255785061409159
6 17 29 24 87207 1.0871199821831286
28 27 4 23 79615 0.9846077267971965
21 21 4 0 88526 0.9244013977716155
24 13 15 16 50573 0.9541664464150532
2 6 26 13 68376 1.0862867126383005
24 29 4 29 83966 0.9607027344886081
29 23 16 25 43925 1.0098670194056094
3 18 18 9 66556 1.0916287027192522
22 19 9 3 66504 0.9623509755707131
3 15 18 6 51425 0.9849048352720688
26 5 6 24 94601 0.945047179432849
16 3 22 18 53929 1.024614461727245
21 4 3 0 54462 0.9227526525519226
18 25 6 10 75177 0.9853018048392275
0 6 22 12 56232 1.067728288793587
4 0 11 6 31383 0.9629741999183338
20 29 27 12 61005 1.0329562267223071
12 17 0 1 86352 1.0127785773579874
2 17 12 6 49383 1.0093605981236384
19 20 5 18 54451 0.9106124133313919
8 16 16 26 62204 0.9362820405447626
11 27 22 8 84343 0.9354862094860034
24 17 20 23 30189 0.9856231155920813
29 2 6 14 75089 0.9148395998785946
1 23 11 8 77475 0.9215510288597637
0 21 27 5 96445 0.9684211352551466
16 17 4 8 74944 0.9565159645813167
18 4 25 13 36486 0.9694512630731965
21 27 4 23 59712 0.9820328824428235
7 26 25 9 90846 1.0146488230246942
17 5 5 28 90411 0.9133351881292443
20 26 12 28 43784 0.9135525653146777
12 22 22 11 60663 1.0837229988707098
27 15 10 8 71257 0.97578946619556
21 23 12 13 69607 1.0324237221855466
21 19 22 29 30867 0.9461626769098096
27 21 29 5 51696 0.9712219204509689
2 17 12 13 57983 0.9815095989801106
23 18 1 4 84105 0.9213396449506376
14 25 23 9 60756 1.020754575099271
20 6 27 29 71039 1.087768350648954
5 16 14 4 59484 1.0893501670923895
20 26 16 10 51170 0.985710954982986
29 28 5 15 109492 1.0825575427232517
14 15 4 8 62441 0.901465435641878
15 9 20 2 31300 0.9699670155836765
27 29 6 9 102403 1.0513034923732534
23 4 8 27 95126 0.9130945365104726
0 1 4 22 61853 0.9950980313199826
28 24 9 10 94355 0.9375407349420393
14 2 16 26 82320 1.0495543300085661
19 17 11 23 50326 1.0062944998719825
1 12 16 16 76617 0.9864624309066179
8 26 14 1 93155 0.9725182317044797
9 22 22 9 73006 0.9696110778110116
26 10 15 17 59045 1.0425868317994231
28 6 18 19 56824 0.9870466443185562
14 5 9 25 79732 0.9646116663338429
26 13 13 19 74311 1.0330958195679938
28 0 4 6 66057 0.9595306476375947
1 25 26 3 112946 0.951406838167528
7 27 11 19 48586 1.060309085781843
4 26 25 1 109302 1.0232640903890593
29 4 25 15 48145 1.0435181031444782
21 3 27 9 31470 0.9190323962564189
18 25 6 1 86468 0.9972379955560793
25 8 25 27 66271 0.9659508200868705
18 5 21 12 20837 1.0996139802598488
1 28 16 16 90578 1.0709328028070397
9 9 5 17 36963 1.0566836203094039
2 0 18 14 77863 0.9546154680324493
20 26 11 0 94905 1.0399810730182617
6 10 4 1 29447 0.9129009795719779
6 18 29 4 90884 1.0228791294116704
13 18 26 10 74718 1.0909323948079843
21 29 16 3 84912 0.9380118652343767
18 18 19 27 29998 0.9914430673954711
15 15 29 0 82578 1.0535094388224227
18 24 27 14 54705 0.9200661555523614
28 15 11 27 93798 0.9084694774451285
12 3 18 15 61304 1.0182678418714115
1 17 25 24 92470 0.9318657093377279
5 11 23 4 56377 0.9342917082942521
17 28 4 10 89022 1.0498638442339914
27 28 0 24 76090 1.0765640932424394
11 28 15 2 111828 1.0599893369003495
17 14 3 14 62586 0.9478468306793593
29 5 20 23 66359 1.0662867372398739
11 21 0 9 65466 0.9844263921769622
26 22 13 8 78139 1.065218142670425
2 18 15 11 66910 0.9148875771295509
10 23 23 14 71205 0.9230478904569164
22 13 28 17 38597 1.0407269206705294
25 23 19 16 46224 1.0343063192416857
14 18 19 11 47609 1.0050319759208681
26 8 7 1 69960 1.0359011792112858
28 0 21 5 31715 1.0454831341974193
6 6 27 24 88679 0.9054520972068422
1 22 28 1 110987 1.005036158937444
12 9 27 20 71295 1.0160561205011853
12 6 2 28 75481 0.9941564613964368
19 3 24 15 44962 1.0710744845386775
5 19 15 12 59937 0.9186136827229264
28 14 27 23 33267 0.9293126534460926
0 27 18 0 105216 1.0033499160038402
0 10 10 25 56319 0.9915378175992774
24 23 14 11 67215 0.9880856630133581
5 8 14 24 76662 0.9198503726584635
14 7 25 25 73208 1.062746171492971
18 1 3 29 100656 1.0369015541551938
20 2 29 6 28119 1.0048780900738037
13 13 11 25 77774 0.9885967920724925
15 29 13 7 89444 1.023582218423835
3 11 3 0 28469 1.0960387456903207
21 28 10 23 53012 1.020258068664086
12 16 19 21 57367 1.0858961724133234
6 15 26 15 93645 1.0355875485828165
23 28 12 28 60070 1.0627249519640152
25 6 22 26 55603 1.0328864453790043
1 3 29 8 85140 1.0152818565541435
14 20 1 6 73551 0.9303630580762892
6 8 13 20 55273 1.0521127549813643
7 3 8 25 70813 0.9541919227487556
22 15 16 29 57165 0.9694443704323139
8 25 4 5 62526 1.0841529559747085
3 28 29 8 118894 1.0453198048171817
24 24 25 3 68577 0.9677834457809213
0 11 27 17 98196 1.047797825230278
16 15 11 20 42357 0.9594847131712936
16 1 28 29 100323 1.0032965138822605
19 22 27 18 36816 1.096064014363032
11 21 0 23 48486 0.9276239013111113
14 9 23 28 75158 0.9697253092818303
8 22 13 28 45945 0.9435232535034003
22 17 4 25 68202 0.9260876285371321
19 25 2 3 98366 0.9425360937955118
2 12 15 10 45119 1.058343325809711
14 9 29 16 70530 0.9238246294570881
23 4 0 29 108187 1.0860038990171637
20 11 4 7 42465 1.088522056608721
4 11 23 20 83340 0.9888139563586095
2 14 2 0 48240 1.0019184461272532
3 25 16 23 44044 0.9217918454216338
27 25 3 23 65334 1.0575493312445865
24 7 22 18 29792 1.052943930621083
18 24 3 9 79898 0.9623904699969797
18 5 22 15 29737 1.0963878964672689
18 14 27 24 51599 0.9042173388073989
29 7 15 10 47317 1.0648298032828598
2 26 10 14 65409 1.0569418725091717
17 22 10 5 71434 1.076656777039105
19 9 3 29 93892 1.0223898361117998
18 19 29 9 58226 1.0766876134709482
22 2 26 21 56668 0.9278786252609122
23 11 4 23 94521 0.9616251993283222
16 21 12 8 71360 1.0103350636474566
0 29 20 28 66961 1.0890313625297363
28 4 10 17 97619 1.0791199445554887
16 21 25 3 74679 0.9649178682974385
16 28 17 4 78715 1.0217243856984481
4 18 26 11 98318 0.911166578533422
6 12 19 23 75288 1.0662974231416908
3 24 21 15 76765 0.9666731493862253
6 25 21 12 71405 0.9645227156862437
21 14 27 3 43139 0.9621328250959332
21 9 17 28 59034 0.9303871169935785
10 29 18 11 81661 0.9044344062377372
29 20 4 17 91767 0.9747304948601859
6 8 15 12 39337 0.9934299636235843
13 18 23 27 65238 0.9257483259108045
11 11 22 15 52352 1.0498423700161335
12 21 3 8 66058 1.0271578869625257
6 29 21 7 92872 1.0031236776791341
17 18 3 5 74059 1.0319839035487015
8 14 0 9 36119 1.0816442862104978
7 8 16 26 88813 0.9186390260424631
27 26 17 4 76211 0.9356468676596991
29 13 19 8 46492 1.0292369057611745
28 20 1 9 101228 1.0995057369732155
17 10 8 12 35097 0.9098025100021684
6 18 14 8 56232 0.9064962972530547
20 26 4 15 77110 0.9682382371305993
6 9 28 26 100088 0.922343728690221
0 25 13 9 75157 1.0464386224395623
0 25 13 10 72806 1.0958217826110535
3 9 0 29 53751 0.9232107256985436
12 2 18 26 80663 1.0103615850897802
3 18 9 13 40209 0.9721373059465496
5 29 26 11 104456 0.9514081482899728
4 29 21 4 105366 0.9165985487008629
29 8 9 14 84444 1.0080893860012752
17 21 27 7 64290 1.074385967213134
7 5 12 21 70644 0.9350758961268356
4 5 24 27 97776 0.9946335780799741
10 19 2 1 81129 1.0242566448487351
16 20 29 24 52105 1.034089696389515
9 4 9 24 71347 0.9658092384561121
2 27 13 1 98283 0.974675118346751
9 18 14 12 48201 1.0077284244414788
23 1 5 11 63440 0.9772151361517366
24 18 26 26 36565 0.9468905649322596
3 8 8 15 34999 0.9821857412507837
14 16 8 27 63717 1.0834791554702632
4 29 3 10 53044 0.9312719749340792
5 26 22 8 87965 0.9594651523933068
23 17 29 9 41654 1.098285235823575
21 8 18 15 28559 0.9303443376243996
7 16 25 16 90685 1.054817722320923
13 9 21 16 43858 1.0985142317411203
1 25 21 28 61469 1.0336071666258475
7 27 20 29 56011 0.971393723608234
21 0 12 21 84166 0.9092252168478364
13 22 1 28 55249 1.0335995645727147
29 27 4 19 94533 0.9855495522110413
0 2 24 18 89365 1.0684494533986368
7 25 17 29 44731 0.9455312563637284
13 29 17 0 111852 1.0005704367765724
18 11 14 25 47112 0.9901194788690968
25 26 14 5 76710 1.0662153142391961
29 28 16 23 56863 1.0840803619088104
2 13 18 27 79660 0.9148607903844128
0 21 17 15 76918 1.0637617577577174
18 2 29 22 76658 0.98348248138869
17 3 7 14 59334 1.0314097505895008
9 7 5 16 41960 0.9881217940046112
26 2 4 27 112526 0.9128905814968459
7 7 11 20 55629 0.9472060610637902
6 28 20 21 55524 0.9359934327632028
14 8 5 20 65423 0.9931701763806676
14 11 23 3 48630 1.0359590631528501
2 0 28 18 112587 1.0817318791056576
20 11 10 10 34181 1.0894014588571785
2 5 23 16 71591 1.0933511994103333
15 3 9 22 86866 1.056658042451093
11 9 18 2 40983 0.9146938211944095
11 29 14 20 59172 0.9178811559496886
2 25 10 23 29019 0.964428039869654
11 15 25 23 92814 0.9427184745760268
18 10 21 29 59232 0.9524721760351686
9 20 25 10 74214 0.9456561297344787
25 29 3 9 111668 1.0742149288718852
24 10 0 17 84091 1.006913094532775
17 13 25 20 44343 1.022999468636654
24 12 13 24 60989 1.0219836277284906
26 29 26 11 59545 1.0448652676022065
5 5 13 29 101402 0.9695178900488779
0 19 25 8 93334 0.9025706018225303
10 0 5 19 75151 1.0124324798446838
3 28 25 13 99848 0.9835168344922087
12 10 5 6 27806 0.9292790017769739
21 1 3 29 105293 1.0201693931655402
18 10 2 28 90730 1.0943207336727294
3 14 14 27 65223 1.0454133138459363
0 3 25 14 77361 1.0158001582379295
25 12 6 7 51531 0.9549290832386501
23 13 28 24 51870 1.0531192303691639
8 16 16 10 45789 0.9050957723156818
10 8 13 26 87389 1.064125453686514
3 25 23 13 82522 0.9469385273720128
2 19 23 17 82654 1.0735911390981854
5 4 20 22 71763 0.9760851058624682
9 20 26 1 94459 1.078868180320832
26 16 0 28 107865 1.0188894678784892
23 7 0 24 93053 0.9025363698019553
2 1 20 8 55980 0.9389526583561095
13 0 14 27 111357 0.9177433827572058
7 1 28 28 118149 0.9520077626976573
23 8 26 20 46443 0.9014322721038942
29 8 8 16 87309 0.9026181774694286
28 22 1 24 80933 1.0451435541305405
29 2 1 15 98720 1.007289350792138
29 24 17 23 42124 1.0242873591436794
7 23 12 7 70063 0.9414919067710464
20 1 17 28 73499 1.0480620278182353
8 19 11 11 40259 0.9713088672797762
20 7 20 24 40614 1.0279802306202974
22 24 7 12 83867 0.9913819691159933
14 13 15 1 60845 0.9919845220433586
8 22 14 11 64874 1.0485069118239323
2 26 24 22 69211 0.955004111510381
12 23 28 29 63360 0.9203612879550319
24 10 23 0 31597 1.0914044300389176
27 10 28 21 37245 0.9815182512871495
8 21 1 16 45513 0.9532275618865206
12 1 25 29 108072 1.0436514842222995
24 2 1 12 71740 0.977302842365304
24 24 23 1 65522 1.0155487939074685
7 28 22 16 76600 0.977021148421613
24 6 2 20 80943 1.0393600295497367
6 3 29 12 69729 0.9177473772375687
16 0 22 11 43858 0.9625429032888603
27 0 14 0 45988 1.09890320862794
26 5 4 21 93756 1.0924195385825508
24 9 16 29 75312 1.015183648606533
27 27 25 9 56545 0.9872075616257753
26 22 13 21 53721 1.0314173207549115
27 14 13 14 61890 1.0104412283010908
4 13 22 16 76671 0.9611118226016729
6 4 16 5 28224 0.9229557177985463
15 7 0 0 50266 1.055774750751854
15 27 26 26 43134 1.0834284990249505
4 28 17 22 60652 0.970051650451149
21 19 17 26 28079 0.9014741574173388
26 5 15 26 78408 1.0031548734877749
2 22 18 20 58066 1.0373589465060662
0 9 9 27 63679 1.0285924439271317
22 15 8 5 51562 0.9530795056139814
2 5 11 23 82420 1.066058567496902
22 1 20 26 61676 0.9011289184042719
13 3 17 29 98391 0.9113572782814027
9 27 25 11 84693 0.9252002140235729
1 13 8 18 50686 0.9352849914529411
18 15 9 27 55587 0.9446646828631831
18 15 3 19 66205 1.0397384731057753
7 18 11 10 41274 1.069202110489477
2 24 12 24 32698 0.995779336981016
19 22 7 12 71144 1.027260723793975
19 24 17 8 50427 0.948098201909922
25 4 16 28 87889 1.0428956212299596
24 7 21 15 30297 0.9446190963153462
18 26 12 12 58244 0.9809613002354713
14 27 20 11 58582 1.0290485994023637
23 29 8 11 98412 0.9440691678565798
21 25 18 18 23954 0.9741541454638575
9 23 0 0 86393 0.9582072491895146
6 24 22 14 71296 0.9618170440047838
16 4 26 3 43500 0.966842152744888
1 8 23 9 59957 0.9488953422217766
5 18 27 11 94120 1.0440776733189017
12 29 6 15 65418 0.9423261524279344
26 7 9 27 97884 0.9814876662685434
26 2 12 15 84012 1.0650926235519909
28 28 5 7 104171 1.0188565225875514
14 5 7 11 35636 1.0343434073382638
6 18 21 16 67450 0.9634387605762681
29 28 19 8 83961 1.0090419980836054
10 11 21 11 43889 0.9731003851551254
13 22 16 12 52096 0.9589331993699968
25 11 14 15 54950 1.064478169747302
14 15 20 23 55006 1.0373559267756474
21 9 26 24 54442 1.0591506880279586
13 17 24 3 81745 0.9567603182292512
8 9 7 19 38019 1.0923244943655284
24 24 2 18 80228 0.9295177962046726
23 15 26 6 37538 0.9987438018031825
19 23 23 7 53019 0.9839331335178458
17 18 9 11 59170 0.9658406483069395
5 23 0 28 27008 0.9676598705561612
29 3 17 10 50456 1.035942995141192
1 28 14 6 87249 0.9780352230911474
18 21 22 4 47879 0.9305001943753146
16 18 26 25 48459 1.0776678596281346
22 21 5 10 76711 0.9264929214624292
13 2 2 27 91201 1.0253996089022137
14 4 20 26 68793 1.0104983600264987
28 9 22 17 33832 0.998889957519257
24 28 27 7 69821 1.007000778493982
7 13 4 0 49719 0.9747472887978055
9 27 18 6 83388 0.985098789036627
2 26 12 16 73598 1.07182690456094
23 24 28 19 33193 0.9025980040384952
11 13 22 5 59395 0.9243484526270609
20 18 21 5 33016 1.0364451404682866
22 13 19 28 47645 0.9303515218845181
11 16 20 17 58638 1.0424794747184138
26 15 6 15 93645 0.9475345277372932
0 15 10 23 55082 0.9086335453020916
28 23 10 1 102689 1.0268483889254536
18 12 10 2 48873 0.9029089720500153
7 26 21 17 64954 1.007886093270941
10 27 11 16 64260 1.0812279394474618
14 1 24 29 97548 0.9280268531057635
6 23 27 24 62976 0.9361070496931322
12 3 19 19 72404 0.9453818897898936
26 15 6 1 82810 0.9911045849426261
8 22 2 3 74257 0.9053976871794565
1 23 11 2 80547 0.9991618750370548
2 12 11 10 30651 1.057676960289745
13 11 19 18 45795 1.0257481866488019
8 22 26 15 88703 0.9285151716004106
16 20 22 27 33646 1.073915382499834
17 14 14 1 55799 1.0435401980010846
13 11 9 24 71830 1.0046008297833648
18 16 3 11 66124 0.9693931212679481
28 5 5 10 61740 1.081185137422511
18 28 10 21 51413 1.0268198809048827
7 6 18 25 72150 0.9844932217836717
21 5 11 27 88914 0.9652248491816939
22 29 0 0 113254 1.005768813753546
10 6 26 29 96894 0.9421013095167564
21 2 7 9 47548 1.0130534386304872
28 25 9 14 95478 0.9726420178766054
5 23 26 16 96960 0.9686597207980837
1 8 23 2 61983 1.0689475405251472
21 12 25 5 26050 0.9788397503287366
26 4 14 2 39573 1.0106438506591378
0 10 22 5 57557 1.0998088249577582
9 27 3 8 62189 1.0566523185661552
12 0 27 5 57638 0.9291467050827369
0 2 3 10 23746 1.0115086178271309
29 27 24 15 55566 1.076251881367014
19 7 20 27 52260 0.9457638971106436
18 14 9 8 47457 0.9820429659667389
9 9 25 11 54541 0.9588043749787956
28 20 2 20 83811 1.0122303507437773
16 11 4 11 46662 0.9489306125178492
14 27 5 0 105139 1.0071894692914256
14 10 8 1 48135 1.0133928538987271
17 27 26 26 35296 1.0578403206754268
25 20 3 15 84090 1.0275846084838396
4 28 26 25 69852 1.0788392082069735
2 27 4 6 61028 0.9344042200312174
6 3 24 8 49637 1.061648845476334
10 4 6 28 77390 1.093917685703968
7 5 19 11 46519 1.0312941652114376
4 12 17 25 73701 0.955326260091538
22 11 22 28 42253 1.0334191341181702
20 5 5 28 94121 1.0008987177294904
3 7 14 17 74067 0.991091898137096
29 20 9 28 78665 1.0575457702696667
6 28 16 27 46750 1.01775390688247
28 9 18 15 46402 1.0162696756696754
9 19 18 26 48168 1.0518084033374488
8 11 16 28 87663 0.9147493553860887
14 21 8 9 59539 1.0397716724945503
22 23 4 11 88637 1.0588092449157245
23 13 8 9 56827 0.9540849966052161
0 1 2 28 76294 1.0938662969630775
7 22 27 9 94591 0.9905130553549433
13 1 25 21 80575 1.0372638893683812
17 13 1 13 68157 1.024876041293758
22 16 1 28 90220 1.068343083938613
8 11 16 23 71957 0.9199317906647015
21 4 7 14 61791 1.0924920680911012
29 1 6 5 62492 1.073027060834812
11 1 10 26 96730 1.056625899753461
4 26 5 14 43823 0.9086316564332345
24 12 19 21 37282 0.9305868995751869
3 11 12 4 44007 0.9641097057665291
14 28 9 19 52793 0.9625335553739649
8 0 19 6 45069 1.0684360264782873
10 10 2 23 58649 1.051393762391123
11 19 19 10 64120 1.0929993819138186
9 3 8 21 63829 0.9290131367562942
21 19 1 25 66349 1.0727847805553425
25 4 7 4 56065 1.0114562414182775
7 5 14 0 39610 0.9340509179322178
26 23 17 20 40753 0.9418785709192793
12 5 26 25 83139 1.0568908090428157
25 5 21 22 51675 0.9327663194593747
24 26 16 10 62572 1.0826250292677995
5 2 2 17 48973 0.9869851646689849
16 27 23 14 58012 1.0871172364401716
19 5 27 21 60137 1.0208611859830623
26 25 11 6 78741 0.9620739982122753
4 0 4 28 83078 1.0235090269914089
28 18 6 29 89553 0.9013174189529601
23 17 7 23 75077 0.9895759557241391
4 5 2 26 58149 0.9105447516077277
28 29 20 0 85499 1.007433939703348
2 23 22 28 65528 0.9794421399403949
22 14 25 1 36387 0.9121874254579346
24 1 23 27 72570 0.911687898628589
12 8 24 2 48258 1.0377343833445276
6 20 4 0 63401 0.9531353960335577
15 12 27 14 43368 0.9894391341649103
24 6 12 1 44071 1.0020092609595006
22 1 9 21 85845 1.0089179721591996
5 10 21 1 54222 0.9806917535016318
26 2 12 23 92746 1.046117865689044
25 16 2 7 77556 1.037025206704607
21 22 28 10 49084 1.0850895925375477
7 0 16 24 101750 1.0910526121775375
15 0 10 5 37550 0.966536632851567
27 18 20 0 59157 0.9433038995327385
25 12 11 7 49881 0.9848779853317341
27 21 21 12 40189 0.9324181203267454
24 14 1 17 99571 0.9143163756466086
0 8 9 10 28852 0.974726707472749
2 13 10 21 54826 1.0606046361277366
1 6 24 14 66608 1.0508160368020971
4 19 16 27 62771 0.902792845800023
4 3 12 15 71649 0.908545458455942
24 26 10 9 84084 1.0258461009099502
6 24 6 6 50193 1.0715386357783847
21 3 9 25 85752 1.0112471219393733
8 7 22 14 47591 0.9107873686058628
21 29 20 4 66574 1.079514124278294
21 22 10 20 40742 0.9025159483290904
3 28 19 14 77531 0.9312873289295899
2 6 4 29 63614 0.9691972253272874
28 24 4 19 84374 1.0082889364494667
25 7 6 28 102185 1.0075149414447522
18 9 5 17 62932 0.9253410494750587
3 23 20 29 57059 0.9001001127628555
7 10 16 0 57027 0.919005560504251
27 28 5 20 77423 1.0381752770061006
16 7 3 4 37894 0.9652032312653059
17 5 25 11 34447 1.084492572388073
26 17 23 29 55089 1.0317457793871936
17 19 24 8 51832 1.0244540445375736
10 13 2 7 42260 0.9145695606621933
29 8 3 13 81214 1.0477573304483758
12 14 8 0 68259 0.9558486679491597
0 29 0 19 23377 0.9912275043969307
13 5 23 1 39425 1.0075226577528085
20 22 9 24 40397 0.9684673636328404
19 25 6 25 33028 1.0758065252153635
27 1 14 2 33223 1.0826861275109327
26 24 9 14 94111 0.980153558305265
10 29 2 25 34894 1.0188303002334436
20 21 13 11 52477 0.9858585216722557
14 29 3 21 57281 0.9574890531378359
29 2 18 27 82118 1.002755826910368
9 25 14 2 87904 1.0472758534863673
23 11 2 12 69337 1.0335730215648369
11 13 2 15 49609 1.0444632686959936
16 23 27 6 71806 0.9382708498256005
13 26 8 2 91868 1.0717806745885894
14 11 8 29 86008 0.9013160668881667
20 6 10 18 75440 0.9747700404920708
26 3 16 12 54116 0.9000241851818249
8 11 15 2 44282 1.0724306689895633
16 27 2 16 75387 0.9396702839389398
0 9 12 7 38741 1.0163276954462481
27 14 7 6 60175 0.9593629016582685
24 9 28 23 55690 0.9238029963987122
0 19 14 2 72297 1.00440653095947
25 24 5 16 85330 0.9466683310942465
21 25 15 14 48345 1.0627915921094666
11 10 25 0 65412 1.0652332936491207
0 18 16 18 64078 1.0334893538146797
18 28 14 12 56385 0.9154246821300557
3 7 28 17 87186 0.9258487632467532
7 16 23 27 85954 0.9776569522028601
17 29 6 27 50581 1.0282393268061476
9 7 28 18 82692 0.9302790967247716
21 22 21 3 51364 1.069956723459609
0 14 17 28 80219 0.9895660095469889
11 16 23 9 76152 0.9722929590660053
27 22 1 19 92786 1.0673552500686128
21 27 16 7 67794 1.0039155582413921
