4020 4174 3958 4843 3741 4424 5281 4399 3815 4109 5551 4424 4592 3710 3961 4975 5463 3982 5542 4025 4517 5011 4925 5206 5903 5475 5868 5720 4939
6217 6466 6607 6195 7251 7054 6241 6032 4264 5978 5828 5750 5576 6273 5725 6157 4845 5332 6181 5108 5137 5034 5161 5025 5704 5859 5952 6161 5161
1920 2839 3566 3028 3740 3940 3425 2739 2730 3957 3117 3203 2453 7889 6865 8577 7715 8581 8378 8268 7538 7169 6784 7338 8537 8209 8504 7722 6910
7926 6113 6195 6588 7136 6706 8281 7477 8586 8021 8194 7808 7029 6626 7710 6854 6885 7100 6763 8321 8488 6992 7169 8196 6827 6886 7507 8224 8321
1609 3036 2474 2443 2008 3080 1697 1587 3194 3316 3384 2965 2833 3539 3849 3382 4502 3200 3246 2585 3163 3302 4519 3356 4430 2930 2849 3578 3592
4566 5013 4928 4870 6258 5097 6153 6197 4608 5067 4948 6332 4683 5346 4529 6144 6477 7924 7952 7947 7683 7877 6232 5961 6344 6102 7068 7881 6465
8618 7074 7400 8190 7554 8404 7452 8488 8512 7012 8083 7286 4782 5960 4700 5683 6455 4527 5894 5941 6305 6279 5771 5332 5569 5611 6374 5432 5557
2023 2505 3316 1454 1774 3239 2258 1276 3237 2524 2436 1995 1322 6939 7513 8145 6691 6134 6476 7083 6499 6200 6407 6159 7731 7535 6596 6944 7882
6230 4936 4893 4910 5973 5514 6252 4732 6537 6181 5750 6054 6304 6576 4824 4724 6025 5721 4810 6499 5904 5316 4764 3500 3293 2757 3344 2845 1884
2089 2992 1820 2964 2054 2614 1646 2805 2933 2253 2241 1751 1612 1341 2742 2132 2002 3340 2233 3120 3214 3305 2068 2249 2500 3364 2256 3095 2224
5013 5899 6211 6336 6286 6387 6996 6071 5188 5828 6844 6995 6232 6683 6670 5985 6123 6422 5673 5687 6640 6275 6116 5657 6548 6440 5536 4759 5124
6918 6103 5576 7152 7451 6199 5970 6948 5658 6072 5518 6334 7017 5918 6476 5732 5694 6235 6864 7533 6153 7079 7493 6237 6387 6962 6774 5904 6246
6006 7772 7959 6246 7388 7070 7300 7122 7888 7855 6768 6703 7370 6209 7326 7591 5962 6324 5299 5830 6946 6466 5903 6704 5429 5669 6651 5903 6645
2924 2612 1359 2426 2162 2023 1211 1673 2995 2427 2437 2209 2337 2239 1130 1428 1450 2632 2186 2269 2324 1990 3074 7329 7118 6639 5815 7389 5404
5811 6334 4873 6038 6578 5913 5568 6080 5151 6101 5464 6923 6023 6607 6006 2521 2069 2604 2780 2258 1794 3052 2584 2661 2798 3171 3179 1832 3018
7277 6971 7155 7072 7365 7509 8283 7637 8718 8243 8158 7135 7030 7465 8084 7596 6895 8453 8564 6971 8024 8586 6826 8638 7257 8095 6968 8043 8513
2662 2925 2421 3375 2611 4869 5800 6612 6320 6580 5129 5790 5648 4734 6377 6215 4772 5860 4939 5385 5637 6638 6286 6702 5719 5992 5041 6482 4824
3713 4549 3559 4277 4333 5052 3467 3581 4021 5175 3446 3985 3783 3582 2994 4587 3668 4839 4994 3101 5003 3959 4995 3259 4118 4128 3886 4993 4929
4598 2815 4179 3629 3938 3582 3000 2757 4053 3339 3879 2241 2262 2833 4149 2235 2308 3747 3652 2521 2384 3249 2997 3307 3585 2636 3818 3078 3027
4349 4589 4266 3147 3655 2972 3509 4207 3194 3671 3363 3925 3921 3944 2982 4864 4811 4275 3959 3176 4676 3957 3198 3072 3432 3007 4263 4595 4256
2232 1108 3161 1889 2678 2772 1114 2348 1517 4578 5697 5904 5605 5340 5387 5469 4216 5059 3924 4614 4774 5024 4383 5978 4789 4606 4336 4521 5130
5530 6137 5850 4874 6124 5852 4912 5829 4848 5783 4685 4640 4617 6189 5372 5553 5859 4575 6246 5766 6283 6220 5084 4712 4829 2438 2673 2998 3390
7515 7299 6384 7577 7064 7258 7496 7482 6625 6904 7000 8363 7416 7146 7067 7279 2777 4130 4583 2929 4864 3335 3964 4670 4614 4544 4512 3054 3522
2581 4040 2721 3385 2264 2988 3815 3357 4437 4000 3864 4439 2579 2521 4350 2903 3185 4403 3741 2905 3741 4167 3711 3003 4115 2519 3966 3584 3831
4836 4397 4575 3761 5196 4151 5667 3791 5554 3876 4728 5349 3873 5297 5734 4345 4364 4200 5031 5583 4811 4787 5356 4865 4925 3926 4952 5640 4153
5073 6274 6180 6661 6690 5799 4792 5119 5336 6497 6097 4780 5251 3680 2315 2594 3022 3152 4052 2831 2230 2797 3776 3787 4091 4172 2853 2403 2785
6228 6108 5901 6638 6774 6557 5961 7195 8737 8659 7892 7131 7611 7510 7443 8272 8202 7893 7539 8841 8522 7024 7879 8201 8627 8690 7589 8346 7955
5021 5129 4241 5335 5330 3989 5760 5687 4395 5050 4360 4185 4227 4759 4558 4968 3889 4637 5958 5964 4669 4000 5763 4815 4048 3876 5555 5244 2014
5919 4445 4852 5590 5261 4381 4179 5719 3858 5068 4612 3740 4690 5308 5432 5567 3745 5305 5247 5135 4707 4897 4246 3959 5452 4738 4831 4226 3966
6592 5436 5356 6356 6180 6504 6467 6190 6772 6600 6378 5809 7118 6407 5560 5509 6115 5980 5438 6001 6565 7075 6737 7265 7530 8434 6418 6827 6584
6141 5683 3980 1381 3218 8210 4383 6851 5256 2783 2507 4826 5271 6088 4852 3254 7492 3297 6878 5705 7684 4285 4229 6412 3703 4747 5919 5698 2753 6653
5441 6321 4051 1610 3620 7559 4923 6974 3778 2834 2132 5576 5811 7102 4055 3850 7303 2276 6666 4699 6718 3915 2376 6665 3326 4956 4374 4737 2372 5990
5459 5921 4127 2096 2167 6995 5586 6467 4938 2754 2759 4735 5810 7341 5450 4656 7968 3474 6390 5464 8163 5734 3204 6375 3087 5704 6184 4874 3781 6344
5016 6845 2732 1886 3555 8202 6217 6635 4181 2150 3154 5439 6519 7410 5475 4888 7206 2589 7820 5914 7882 4370 4038 7486 3640 5837 5975 7242 4205 7378
4982 6130 3733 4566 2366 8098 6243 7809 4070 2445 3272 5361 6103 6857 5025 4749 7181 3290 7069 6060 8702 4959 3267 7340 4237 4890 5791 7858 2564 4929
6168 6927 2932 3463 4060 7259 4711 6575 4227 2736 2497 5573 6518 6011 3813 4515 6578 3407 7024 6642 7309 4900 3024 5968 4743 5895 5917 7986 3328 5919
5049 6773 3861 4271 2216 7927 6025 7082 5223 3824 1736 5651 5611 7085 4164 3840 6375 3083 7487 5337 7593 4004 2939 7886 3371 4174 6209 7260 2545 4276
4973 6692 3310 4314 4106 6888 4334 7050 4433 6485 1987 6190 6338 6665 4993 4847 7861 2463 6265 5861 7217 4325 3336 6073 3392 5057 5030 6822 2997 6030
3337 6536 3959 4390 3261 8085 6249 6471 4076 8051 3494 5963 5976 6917 4707 3465 6751 3484 6601 5483 7865 5529 4258 6747 3449 5692 5990 7091 4192 5729
3597 7491 3039 4028 3706 6940 5917 7501 4731 7771 3016 4651 5700 6234 4425 4944 8149 3923 7097 6175 7599 4316 3751 6825 4143 6263 6102 6647 3237 4528
2087 7226 3728 3450 3581 7699 4453 6208 4979 6837 2532 5163 6971 7832 5037 4815 7804 3381 6011 5346 7857 5710 3540 7668 3763 6874 4641 7408 2374 5119
3050 6930 3003 4679 3013 7533 6211 6432 5544 7095 3818 5709 6430 3489 3794 4177 7949 3331 7448 6306 8634 5526 4008 7914 4884 6977 4543 7410 3999 4645
3228 7207 3030 4178 2600 8213 5775 6223 5373 7358 3153 6540 6899 2111 5169 3790 7213 4078 7260 5902 6878 5603 3758 6617 3454 6483 4795 7740 3875 5384
2167 7331 2769 4188 4999 7216 4791 5698 4486 6730 2214 5306 5265 1796 6394 3684 6944 2545 6875 5406 6680 5724 2602 7398 4759 5866 5038 8603 3706 4842
2894 6351 2529 5166 3956 7622 6374 7029 4177 7391 3266 5924 6040 3409 5273 4182 6973 3900 7227 6428 8594 4440 3598 6849 2863 5587 6064 8170 4119 5585
3363 5831 3586 3155 4168 8271 5571 6342 3926 7867 2645 4855 5223 1861 6344 4993 6932 2549 7385 4826 7287 5351 3227 6514 3617 6098 6245 7783 2912 3973
2451 6155 3143 4485 5099 8534 5281 7187 7723 6220 3419 4515 6289 2233 4829 3556 6420 3218 8113 5351 7236 5189 4414 7669 3717 6968 5810 6656 3441 5087
2637 5840 4410 3656 5944 6592 4829 6890 7757 7181 2017 5875 6278 2147 6101 4628 7661 3518 8218 4813 8644 5205 2937 7605 3851 5188 6136 8327 3980 5351
3599 5611 4175 3382 5731 8327 4321 6114 7540 7957 3027 4844 5743 1707 5986 4102 6749 4277 7635 6487 7050 3811 4222 2149 4573 6283 4479 7059 3958 5347
2863 7105 3837 5068 5544 6583 4503 7390 6934 6813 2900 5471 3900 2782 6625 4353 7274 3995 6339 5547 8005 8151 3888 2725 3666 5722 5969 6729 3789 4665
2495 6724 4413 5079 4039 7116 6119 6105 7945 6313 3849 5370 3951 3590 5850 3661 6922 4009 7057 5718 7799 8115 2714 2368 2452 6859 5368 8203 2951 5628
2981 5876 4169 4963 4983 7687 5469 7608 8301 7277 2940 6298 3375 1638 5985 5147 7904 3869 6941 5028 7443 6848 3660 2160 2254 6851 4311 7634 2612 5667
2816 6794 3467 4280 4864 7493 5241 7504 8387 6482 2642 4479 3811 3267 4941 4437 7518 4055 7244 6273 7318 7927 3252 2899 4052 5298 4708 7578 2832 5670
2761 6834 3766 3485 4424 8054 4518 7075 8089 6860 3295 5583 4769 2023 5715 3282 6975 2926 6793 5127 8446 8600 4435 1454 3122 7070 6046 7788 3469 5849
2888 5767 2559 4105 5018 7723 4414 7726 7095 6520 3356 5399 2939 1575 6192 4198 7192 2670 6372 6235 5932 7356 4047 2433 3594 6033 4550 7735 3228 4109
2785 7436 2471 4879 4397 7753 4909 7679 6891 7993 2122 4965 3689 1820 6441 2464 6903 7281 6325 4765 5989 7115 3387 1365 3895 6428 5262 7192 2654 4413
3633 6788 3423 4791 4760 7029 6264 6941 6562 6353 3568 5358 2747 2014 6649 4105 8352 8559 6590 5208 7227 6804 6105 1375 3063 7011 5031 6597 3538 5560
2755 6513 5422 4026 4164 8066 5580 6047 6623 7918 3086 6172 4100 2294 5197 3549 6987 6779 7227 3563 6474 8497 7052 2801 2359 6322 5355 6919 7361 5272
2187 7267 6226 4901 4857 4699 3873 6872 6607 8018 3685 4722 2709 2248 6513 2573 7929 8189 7791 4251 7368 7632 5464 1786 4228 5511 5923 7176 7549 4264
3 22 23 2 111428 0.9881206587533238
2 5 22 19 100382 0.9331069985497819
9 8 14 18 36084 0.9770992788217254
18 5 19 17 40915 1.003414443079637
26 5 19 13 58166 1.061799284265653
5 25 22 4 108105 1.0079052507416546
22 20 3 3 101468 1.0560287635206058
22 21 6 26 74709 0.9615462159506398
8 25 25 1 111547 0.9952484603047517
22 11 5 27 104260 1.0291597423410046
25 13 10 16 50164 0.9251515287811226
1 25 26 3 141413 0.9588065740462113
24 1 13 18 73537 0.9866043061649689
11 8 8 26 57745 1.0121508879950953
22 15 17 23 45291 1.0423184846956692
9 6 18 0 40007 1.0907298882248042
4 29 29 29 91442 0.929308105876682
13 28 19 16 54661 0.9665403029453057
8 9 22 1 74524 1.0949765458595944
26 28 5 26 84593 0.9720757154387825
14 28 26 14 73833 0.9075321103738688
24 29 5 8 113208 0.926148463832878
2 5 3 21 62072 1.0536719763786146
20 28 2 13 105848 1.0979641936652498
21 11 9 9 42794 1.0390986963545816
29 22 22 15 49023 1.0243967228195887
18 4 17 26 74530 1.035572456264011
15 18 28 6 83839 0.9547584530473635
15 5 7 20 75282 0.9262800879226185
16 12 8 3 51789 0.9906770714938135
14 20 25 9 64768 1.0919123392236845
2 9 19 28 95593 1.0681428077401645
22 8 19 21 62267 1.0493416446044033
2 16 18 4 90075 1.0433504932261861
15 4 14 14 36832 0.9649379519440241
21 4 14 25 73094 1.025636971284618
23 28 11 3 97668 1.0244806484071793
29 7 7 25 117536 0.9343750661104155
26 9 9 6 68507 1.0430168438075629
17 22 6 3 76505 1.0050948131752477
23 3 17 16 58837 0.9336150171446047
0 2 9 21 66970 1.0893612933762313
6 3 23 0 60104 0.9774270996773129
23 14 6 24 74185 0.9155190724282742
26 29 13 1 103986 0.9520771417686122
27 20 25 12 40003 1.0438826534359902
18 5 2 2 64263 0.9940329635565887
24 19 3 4 100471 0.9041979370779039
20 10 15 2 39208 1.0142665143045968
12 27 23 15 79249 1.004677740774057
13 14 25 13 30267 0.9298510472518706
2 5 18 25 96670 0.9593262671917688
28 24 19 6 77920 0.9404777788729104
29 11 25 25 57607 0.9418164227310728
27 16 10 5 80514 1.071659564272368
4 16 20 1 86110 0.9628729956214649
0 18 29 23 100749 0.9451757661606522
13 2 3 7 46114 0.9227988186120886
13 20 11 7 40067 1.0372063887346108
25 7 10 13 72221 1.0321168138981278
26 22 1 10 98621 1.0349002053426233
19 2 13 20 57205 1.0448550464828712
25 24 6 10 84117 1.064720154641634
25 24 17 15 47696 1.0559509889890462
19 22 16 3 72121 1.0185604695591546
23 28 0 11 115502 1.0561181402185067
22 26 20 15 54299 1.0612982827294373
15 29 23 23 44943 0.9791295295215994
23 17 8 16 59401 0.9093174447019351
8 1 7 29 84655 0.9560312360754798
15 5 2 7 62056 1.0838587409870433
23 10 3 5 75500 1.021384680555898
2 13 14 12 50102 0.9128211762823348
6 20 27 0 113877 0.9224306091582358
20 3 7 3 50934 1.0494664620088143
24 29 22 15 58002 0.9959392598893333
5 20 24 5 112238 1.0811881906514873
21 22 8 3 84978 0.9924514459889955
17 25 14 16 34117 0.9853791995359839
8 0 21 22 89344 0.9577897534030986
19 15 29 2 77008 1.0648396912457905
6 22 0 3 70539 1.053295381417663
25 27 10 6 100242 0.9345062658865307
16 6 28 29 108688 0.9824317489498313
24 5 27 26 84492 0.9721957393485954
18 10 11 21 46615 1.0177999872539247
3 8 26 18 92295 1.0502456662025965
13 20 7 13 43599 0.9505677528192711
14 8 27 27 91536 0.921517523860262
20 20 13 1 69717 0.985523166047048
27 1 3 23 134885 0.9853946513425653
20 10 0 27 108449 0.9107245869506421
28 20 15 12 67339 1.0494280951339485
2 28 18 24 65831 0.9754625449661427
29 8 3 12 98252 1.0048769594976936
22 27 19 17 48355 1.0616519846196202
27 1 11 11 79655 1.0123014544266917
5 18 29 6 111216 0.9536873763189595
24 20 14 6 75209 0.9386668263929107
15 20 17 29 45066 0.9191273428685133
29 11 7 28 102734 0.974436939412169
5 7 18 11 55329 0.932454170452994
29 9 3 0 109596 0.9478783982270389
3 13 27 0 104242 1.0224613537472205
22 13 1 22 80310 0.9256739548350302
6 15 24 23 75930 1.036952306852294
25 10 2 8 72025 0.9215287694654251
23 5 14 18 65179 1.001148789632697
27 14 4 13 78291 0.9871383954588228
22 1 24 19 73731 1.0102895855700378
24 18 4 5 89877 1.034318777610384
7 4 23 23 89015 1.0085264115009411
1 27 9 22 47677 0.9061110301076655
13 15 7 6 37647 0.9750504792192355
19 26 15 17 39495 1.0321294914144692
29 28 5 17 110810 1.0674781416779495
8 12 10 4 27979 0.9761349640473971
12 5 21 28 87150 1.027054577105978
27 24 20 9 66493 0.9443811822069602
1 5 16 12 73162 0.9467400343508762
3 12 15 7 58195 1.066838225508583
3 17 18 23 64205 1.0446059614065102
11 2 3 17 57993 0.9853266104953413
21 8 7 12 55959 1.0382782885466533
21 22 2 18 84087 1.0225126766562573
18 6 15 26 70505 0.9109587098940668
21 1 24 9 43600 0.910642384478757
5 3 29 7 107359 1.09493207327245
24 0 11 16 76890 1.0390684284609382
14 18 6 3 56412 0.9911044807146429
0 20 27 1 134418 1.0937093309410244
23 5 22 23 68005 1.0587869107187915
17 5 6 21 84945 0.942491733334356
6 10 10 1 35244 1.0277084226384174
16 24 5 22 42941 1.0727099350936884
20 25 15 11 63036 0.9779029419209764
1 19 10 1 77427 0.9167887219796311
11 1 27 24 96561 0.9895173483116775
11 13 8 28 57192 1.0940323263410519
15 12 8 19 44251 1.0468032427932783
19 10 14 28 59330 0.9608544789834402
27 9 11 12 62301 1.0862958634021325
1 11 6 24 69171 0.9628853161130281
19 4 6 24 91159 0.9219612637584836
23 4 29 22 79854 0.9636461367039646
29 14 19 9 44538 0.9472407230046301
14 16 29 14 52385 0.9339250687864286
19 17 7 3 66999 0.9286941435341418
4 0 26 3 86055 0.9471327151703008
4 14 4 24 35104 0.9649798907453304
22 19 1 1 113361 1.0376417648222593
28 11 6 10 68694 0.9426232906198194
13 26 15 6 62956 1.0612339146090772
19 23 0 19 81205 0.995619966475479
12 0 11 10 32011 0.9005184692730658
3 9 29 15 84668 0.904942227688286
29 1 4 9 101096 1.029099548651343
4 9 8 22 49593 1.0778753194780808
1 29 0 15 74526 0.9536158768790073
28 13 24 4 45893 0.9891813684259085
18 28 14 10 60124 1.0238082204590353
14 22 8 6 55638 0.921233470559295
10 29 23 17 81181 0.9721824841217663
0 23 25 7 127090 0.9029173166677231
6 17 0 1 63581 0.9116085228351618
13 28 23 28 34300 1.017660901070113
6 11 29 20 103701 1.0165126406732719
16 14 19 7 31595 1.067684057478822
28 16 12 22 71114 1.0209524858728345
2 27 23 5 132322 0.9635981916590861
24 26 6 25 79802 0.9173809731431569
10 3 23 14 61158 1.0092216063781065
17 19 28 23 37693 1.0196845099441536
28 2 3 12 107608 1.0462357017021828
10 24 24 12 70478 0.9657079738587598
3 0 25 3 86685 0.9473003122279524
16 27 16 16 52186 1.0164213811048461
23 19 1 6 100058 1.0819903650584795
8 21 17 15 51442 1.0212880858332913
1 20 12 2 83367 1.0846397105078303
7 17 29 2 107748 1.045949062736714
24 7 13 19 62767 1.0644919273193512
21 18 3 24 86193 1.0872099688243915
17 20 14 2 57421 1.0921295326701466
9 10 15 24 47860 1.0131757685841714
27 3 12 1 60581 1.0118536833070502
21 24 12 29 48963 0.9256378580114916
20 28 19 9 69326 0.9703796913805882
9 20 16 5 63258 0.9441245043830877
17 2 8 26 81807 1.0752549447581325
12 15 21 3 54889 0.9749667559486463
28 17 19 5 66368 0.9524842365677948
5 4 24 16 84495 1.0763993237261067
24 13 2 0 88573 0.9477825601621355
9 21 14 28 36028 0.9877069108365942
15 28 12 9 57362 1.0051518648805284
8 10 13 26 59498 0.9889284987332629
21 25 28 5 90849 0.9347334933077991
11 28 29 8 110786 1.0787487611238655
22 7 4 15 83719 1.017322174721225
13 10 7 5 30534 1.0905091389775106
25 23 9 21 54325 1.0657670425935528
21 13 29 3 66220 1.0793893580040286
5 13 27 4 103829 0.9593868194978108
16 3 17 21 67617 1.0043019268575901
28 13 19 21 50350 0.9681780770739367
1 25 15 2 100528 0.9134113116060533
10 2 12 12 37582 1.0260302032224153
8 11 17 20 57402 0.9361832539267279
17 6 7 12 50219 0.9379787330898682
15 24 0 14 78586 1.0486085831485552
9 24 18 12 50730 0.9627488111202083
19 22 5 6 83662 0.9773102892180924
0 15 11 20 61950 0.9843265202385955
8 27 3 0 88639 0.9160651221862561
19 19 2 7 80665 1.075621590171355
3 20 28 7 115443 0.9785426373885054
14 29 17 16 45066 0.9702792826881766
9 19 29 24 74387 0.9456954462972544
5 21 17 6 84793 1.0511770528411901
8 17 12 8 37745 0.9415282554039384
17 6 26 25 86929 0.94156647733039
22 23 7 25 59559 1.0390574954429503
18 7 10 5 49193 1.027046590235928
14 2 8 23 67548 1.0442240603315018
6 29 14 7 83304 1.0675206313180885
9 18 29 23 70219 1.0270347420324268
17 19 12 2 54581 0.965909485116738
23 17 21 5 52717 1.028082449945498
23 11 13 28 71629 0.9922951552723001
19 0 0 6 74404 1.0043618397892766
24 21 29 29 47624 0.9652529132855701
24 11 1 20 97322 0.9010770090022197
15 26 3 11 78839 0.9973065898014879
9 3 19 0 35974 0.9731328357559387
29 21 26 1 105519 1.0204855444048364
25 8 2 1 100620 0.9702289102099173
5 23 22 5 105381 1.0562267253004032
26 16 21 29 58287 0.9269051503302237
22 6 28 10 36277 0.9988324111196154
2 23 18 9 86722 1.060896431669347
7 29 21 10 89947 0.965255635659344
20 20 24 4 74656 0.9429669269669796
29 4 20 24 98590 1.035921758180945
27 8 22 0 51998 0.9161865648808247
27 29 15 1 114651 0.9448990959894243
24 17 2 0 102435 0.9531146937273891
0 3 8 1 28219 1.0940314234698703
14 6 0 26 101428 0.9488741685575353
2 8 20 10 55943 1.0252740116561818
25 18 14 20 49780 1.0749400651771446
25 29 15 16 71009 0.9115484377210001
25 22 12 1 87779 1.0854170780156178
0 8 22 28 114377 1.0654531350302767
19 26 10 5 84037 1.0388922142634602
23 12 18 28 62062 0.9766289772551667
12 14 26 13 37256 1.007632265474
24 3 8 13 79231 0.9730309284582485
10 26 9 3 62585 0.944625929931882
8 5 29 1 82928 0.9854540698462023
15 23 8 18 45565 0.9844217919550508
16 23 12 11 44447 0.9586118727935716
15 27 11 14 49537 0.9473858383809862
3 10 22 19 82482 0.9929570107095324
26 14 0 0 106296 1.0425050912757166
1 19 23 9 94838 1.0921193461964347
21 18 29 27 64849 1.0074072644441767
21 19 26 29 51410 0.9957723757716527
20 2 1 5 73736 1.0621347306414186
29 11 18 2 62261 0.9078742487993728
17 4 22 25 83277 0.9805154891118909
25 13 7 7 60048 0.9691816813592085
8 17 1 5 58904 1.0911104451464033
5 21 11 1 76445 1.0803426841613195
4 24 20 14 77489 1.0729603574781967
5 2 20 7 62925 1.0195707028966057
19 18 15 11 39362 1.0029791627706226
14 12 19 22 46250 0.9359719764467006
14 25 26 7 94761 1.0163074789381523
28 5 22 0 40657 0.9955748610608702
0 3 24 3 82746 1.092077205002352
7 8 8 26 54091 1.038838726294526
10 26 26 25 72835 0.9667669614842702
3 23 13 28 53740 1.0036913058008432
2 14 3 4 39360 0.9192270345179967
18 18 11 12 38341 1.0605725852017036
1 9 6 18 46732 0.9270938041396029
28 14 14 22 59714 1.004629541630008
29 20 0 27 122930 0.9024261509313719
5 20 29 15 100375 0.9092883401239146
13 28 8 23 31649 0.9588639646675934
19 26 13 7 63161 1.0529538621913708
9 15 19 14 38192 1.0766553854806322
28 13 18 27 66111 0.9321066665517616
0 11 20 4 76103 0.9109958076180339
13 19 28 11 53651 1.021282410808534
13 16 7 25 44024 0.9981673159857942
17 0 2 5 58000 0.9302126047926766
3 26 9 5 78128 0.9209305178574663
25 10 15 1 59522 0.9401300904813513
3 19 24 0 107266 0.9923508817242988
27 19 0 8 106956 1.0277305659398366
11 17 13 9 23066 1.072796157816783
28 17 28 28 52743 0.923545051407271
7 7 23 25 88862 0.9534980807858289
23 8 10 10 46859 0.9587485591478921
12 20 27 28 70653 1.0786500048955696
28 28 0 9 128683 0.9766785656230141
4 16 8 6 41086 1.0180104526891844
14 1 6 26 90122 1.0433114654149216
13 18 18 2 48575 0.9611960410102217
5 28 28 25 89728 1.0631291382980543
12 1 22 21 85323 1.0234913290741838
16 1 21 6 34171 0.9445155265848523
4 0 18 27 106514 1.0632761326416007
12 8 2 3 46807 0.931615248476188
27 28 17 11 79676 0.9128102932086621
24 1 23 22 77928 0.9347374873447434
27 2 14 11 67063 1.0225585553147878
8 10 0 19 54202 0.962826570530187
25 1 26 10 48339 1.0694836736088824
25 0 1 9 90882 1.0545607129113685
18 1 4 0 54492 0.9736409685332083
17 1 1 24 106102 0.9393720378749486
23 24 18 9 57100 1.0649040460767882
28 7 8 28 114272 0.9647319226251194
25 24 6 20 77924 1.048101895841368
21 29 5 29 65258 0.9644580350680305
10 24 29 3 123312 1.091107645257406
24 9 1 11 75468 0.9234996112123605
19 26 24 19 39314 0.9692442744434246
6 16 26 5 104967 0.9458632863759473
16 13 26 10 36893 1.083443578421322
0 18 29 12 93860 0.9203461690846522
0 24 2 1 89293 0.9289682212277752
26 0 6 2 64873 0.922184648141525
21 16 11 13 39246 1.0237635617164673
1 25 29 4 152492 0.9227961640335758
11 15 17 7 42640 1.0305611030520518
5 22 1 28 35287 0.9418968273588115
23 17 27 7 48295 0.9430123093337878
5 18 12 15 38431 1.0402107396203464
1 3 2 15 48696 0.9555095961775979
11 7 25 23 80344 1.0732258488293476
21 3 15 8 44768 1.0739472743657006
5 11 2 4 28824 1.0612814066763885
20 5 17 22 56653 1.0232670561438042
25 22 7 24 65163 1.0815612956627412
12 22 11 2 50698 1.0960330910204288
26 9 8 1 84322 0.9070539435543342
7 27 0 11 82104 1.0801004295807142
18 1 28 27 109765 1.0623139084348232
10 14 12 29 58300 0.9661089713848253
3 29 9 3 88430 0.9059119124894114
15 13 21 2 45020 0.9017921119792426
24 27 2 16 107623 0.9597101784035962
25 21 20 3 64683 0.9476774473388367
3 24 8 14 53944 0.9616507318343371
0 1 6 9 34295 1.0070801764801742
17 5 14 29 79316 0.931280279334154
5 0 23 21 111252 1.0428045293893176
23 4 9 26 97534 0.9881454793466896
20 1 26 15 53535 1.0325250076573123
25 16 7 9 64124 1.0769353444395093
4 20 21 25 74289 0.9387297673273761
21 18 1 14 88092 0.9837767436494712
22 6 10 15 63051 0.9781044893978335
4 19 20 6 77558 1.083540385008813
2 12 21 0 82019 0.9069638990062835
4 13 1 2 38106 0.9570330144386001
22 16 13 1 66390 1.07454507296828
28 24 4 9 98915 1.0898184740907453
3 3 11 21 67951 0.9870380290114729
15 8 0 21 85854 0.9659465304682302
25 18 3 20 92036 1.0309517135163035
5 4 13 29 89519 0.9216093820917161
6 15 23 0 84436 0.9478993966219013
13 18 20 28 49795 1.0599783269392504
22 13 12 21 42424 1.0438435102841497
11 25 15 0 76632 0.9953334584483067
24 9 4 20 87188 0.9610760076124295
11 4 20 23 67384 0.9640763834757888
28 22 27 3 92388 0.9966444598551988
14 24 14 5 50023 0.9207528637218554
24 26 6 26 82921 1.0650309720402806
17 24 23 18 37724 0.9084948767835525
21 23 7 13 74930 0.9299843146790557
13 16 28 23 54355 1.003795619005114
23 8 15 11 38628 1.0734736729647305
0 18 26 4 119905 0.9674285116009148
0 22 23 23 77804 0.9653183022478564
20 3 17 12 32271 0.9869054634589545
24 9 12 17 52682 0.9075006522434417
17 25 8 7 73306 0.9513080438901306
22 29 28 3 111103 0.9465344741284125
3 27 12 4 94598 1.0028612688215954
20 15 9 15 45527 0.9145458675393578
12 20 3 3 71911 1.056307699882094
1 23 26 10 108267 1.0209363417692958
3 9 22 22 86864 0.9494784465377396
17 21 26 6 82224 1.0571226074043567
3 10 9 2 35229 1.039203568192825
9 0 17 7 47997 0.9519390004642561
22 23 17 7 62653 0.9601867230043726
29 5 10 6 96826 0.9822030690095235
10 28 25 2 114615 1.0736269783757506
10 18 29 11 70767 1.0807973815116259
6 27 6 16 61395 1.0847320685715358
12 17 4 11 40826 0.9417423837479648
17 1 26 0 29538 0.9178687712706514
20 14 1 27 101657 1.0833769479663227
4 18 28 11 82473 0.9675959659397971
5 20 1 7 62850 0.9690975375467253
8 19 23 16 64889 0.9471140101157988
21 12 26 3 51622 0.9944971396862867
21 7 16 26 80146 0.9503633460627988
3 6 25 29 122201 0.9483588264817467
11 24 16 11 54893 0.9429512603599646
11 22 28 23 49270 0.9560970656784503
25 18 19 8 47712 0.9129855016501501
27 5 1 12 109690 0.9288427198909394
1 15 29 1 129148 1.0901766462939555
20 26 18 12 49966 1.0256530244161373
18 16 29 17 55730 0.9976900868404759
23 17 28 22 34221 0.90528760915304
10 25 11 16 41290 1.0697261142219585
3 13 6 2 43056 0.9604568468841215
18 23 15 3 68677 1.0021667385623898
27 17 27 5 55827 0.967347332497929
22 5 19 19 65477 0.9558664442117523
7 22 15 29 48920 0.9914024003149361
13 25 28 7 96002 0.9396684213492283
23 10 13 22 52834 0.9215293667223586
14 23 21 18 45113 0.9208504527983595
25 13 29 23 37776 0.9050185118939138
23 13 4 22 73959 1.0014345716072899
13 1 4 28 89734 1.0394655190140163
12 25 8 15 45347 1.099204111918972
28 6 8 6 91575 0.9029467454838657
18 7 0 29 111890 1.0245806439266438
6 14 5 27 62009 1.0872408870475847
11 26 17 7 77144 0.9084513976516774
27 14 12 24 68126 1.0697966620211887
10 0 1 3 34539 0.9665304165055633
22 9 26 23 55840 1.0009387824654867
14 7 21 11 40815 1.0826234096366734
4 24 25 15 90237 1.0409269505953296
11 6 10 18 44173 0.9086286792089145
21 1 1 13 94670 0.9112511024369587
14 16 24 5 69038 0.9684952202234028
15 21 0 18 62479 1.0408094829155097
3 22 11 13 57517 0.9338612535797184
8 17 16 28 55456 1.0053853984047394
18 20 25 28 42124 0.9761732870411775
3 18 20 12 67350 1.0811242276011046
1 15 17 26 87472 1.0767380291043522
8 16 15 9 44118 1.0352331087306024
23 27 4 15 95404 1.0627226299359185
1 29 18 26 69684 0.9508504458612309
3 23 28 15 104877 0.9225277371976645
27 17 28 5 56715 1.0861679537372224
2 1 16 6 62342 0.9142615220031857
8 7 1 26 88152 0.9552245223024497
0 3 19 22 95434 0.9841491480658479
29 25 27 11 63158 1.006568005188336
14 13 9 25 41318 0.9615783228328901
22 26 5 7 105046 1.0454048448412774
6 12 23 12 62034 0.9321264992069527
7 16 18 18 46828 0.9400842129054825
3 13 10 6 45132 0.9355569653158818
22 9 20 23 62951 0.9592386184043955
23 1 1 1 81704 1.035234067736739
13 8 24 14 44155 1.020412107775345
26 26 22 4 87966 0.9393426059162812
27 13 23 0 51902 0.9353576978155224
0 21 13 10 71769 1.0512281682509923
21 18 28 14 39261 1.0280786949933067
2 20 0 0 85980 1.0623875935591778
28 15 7 22 84440 0.9604421410668037
1 13 12 20 74488 0.9653729711287702
28 18 17 26 61365 0.942718744138496
3 29 10 25 41574 0.9803788262003428
15 13 5 19 52258 0.9828075424283661
1 8 21 17 81474 1.0131966375368846
27 12 6 5 81533 1.0654304158321302
20 6 27 24 71472 1.0057397150683578
16 3 1 6 62169 1.041846987025262
28 2 5 5 90725 0.9920501949924854
26 25 24 3 86966 0.9202332001460215
16 23 27 12 65358 1.066152700691806
18 15 15 24 37585 1.0274144660504574
19 6 6 5 65002 1.0867360487599906
29 2 11 29 136029 0.9041110250683413
26 15 9 13 56153 1.0932295040541196
20 10 12 13 27866 0.9890365964171075
26 18 17 11 47585 1.08857630780588
19 28 19 15 47577 1.061397630689998
20 29 4 1 119127 0.939505371392592
16 29 21 22 40618 0.9523967110020857
28 17 26 4 69921 0.947858954296281
1 13 24 21 113536 1.059181899579238
24 14 1 10 72283 1.0352864102945405
20 1 18 19 54398 1.054879696117127
22 6 8 27 96765 0.9598394333069055
29 14 1 24 109078 0.9132116355377927
5 18 2 10 40636 0.9191106378738723
23 28 13 18 58032 0.9688614549309247
3 11 7 3 32090 1.0306142151306987
16 28 0 15 89773 0.9029325617144741
27 20 3 23 96223 0.9734063568983812
9 28 23 6 99032 0.9323593303596804
18 2 10 17 56733 1.039737714352423
18 14 5 12 54775 1.0522332400188663
29 27 5 13 123673 0.9331164761535498
2 0 6 15 55466 1.0809848574479424
12 11 28 29 95481 0.9709393290386497
12 4 13 19 33139 1.032722505350021
15 12 8 18 42400 1.0487021639190082
16 11 4 25 79148 0.9356011826624959
1 25 14 6 92051 1.0529295192364898
10 5 15 26 72482 1.0813815290771693
14 19 3 1 75308 1.0618990346686397
24 5 2 0 93874 1.0937696291761199
17 6 25 26 84673 1.022181227878541
27 12 22 0 57290 0.9461693192825781
28 6 11 24 102411 1.095764376615822
28 19 19 20 50396 0.9085065811049908
7 13 21 2 67711 0.9044366720755546
22 18 1 16 79634 1.0833038931360084
20 20 12 6 64910 1.045400056862909
0 23 5 29 41270 1.0727590882477602
29 20 15 24 57439 0.960314433949596
28 14 1 5 100565 1.099732190682121
23 8 8 0 68716 0.9429812683522061
19 17 8 21 52156 1.0921159443594988
1 23 24 6 119621 1.0656004537641843
4 26 18 21 65953 0.954008721101026
9 16 6 4 33824 0.9574615426536022
13 24 17 13 37350 0.9839845895654135
8 19 16 4 63010 1.012129193845979
15 9 26 15 49747 0.9473455569645622
20 21 11 25 51098 0.9225097374062096
21 24 3 11 90073 1.0421028541579767
23 9 24 27 70030 1.09464537689319
25 17 27 3 63763 0.9760679078454865
15 26 6 6 77831 1.0159637710840983
27 0 20 15 69144 1.0051429302985924
24 17 17 5 60281 1.0076679499937693
14 7 5 3 40549 1.0992851808278588
17 21 12 14 36138 1.049379876737253
28 4 7 5 88283 0.9515912134932096
5 8 14 26 70139 1.0615636159621316
1 6 17 7 71863 1.064170516826171
21 16 2 17 70373 0.9739083102200512
15 19 10 14 32365 0.9112251651713994
17 28 7 9 74454 0.9306340053501377
25 18 18 2 66743 1.0256018000220326
11 22 14 6 45494 0.9109640785115242
10 23 14 15 35385 0.9256349726009879
3 1 15 22 84980 0.9428441029549258
0 10 20 0 77843 0.9263982061193575
9 6 21 10 45493 0.9639889044554567
4 1 18 20 87220 1.060606890587381
28 23 19 4 80452 0.9707112341164011
15 4 26 1 50055 1.0168742134157822
17 5 12 12 44385 0.9647480900762535
0 3 15 2 45340 0.9916989541664226
8 9 19 27 82523 1.0643942166287172
1 5 13 19 72166 0.9641924801596848
24 9 18 18 46183 1.071326344144837
17 11 0 20 78939 1.029218759923238
7 11 20 14 48694 0.9276824015530117
2 3 9 8 31553 0.9034700781762903
25 24 7 3 98143 1.0035846863222768
4 20 24 3 105289 1.0326868157871918
0 22 13 22 45728 1.0853600984438418
11 26 13 9 55250 0.996077370149255
13 15 1 12 53901 1.0304131398517935
16 22 29 20 53295 0.9580802000083043
4 13 8 5 35830 1.0879237535933868
22 14 14 19 42485 1.0867364436028288
24 29 17 4 102180 0.9217253234436389
12 8 21 20 68494 1.094124133740686
13 14 26 1 73962 0.9461100110226555
11 2 10 22 58246 0.9958511232316617
19 18 0 4 90459 1.0880487063715358
13 25 28 8 90283 1.0131739660399581
15 15 4 0 68167 1.0712965413378501
20 20 9 16 54314 0.9382308746799215
27 3 11 27 126847 0.997721574520916
3 6 10 23 66923 1.040664956494959
10 12 22 5 68831 0.9528778237672275
22 8 5 14 76947 0.9096593915438889
22 25 5 10 84846 0.9799722053529172
16 0 7 10 48236 0.9095687974479766
14 1 0 26 113710 0.9251210745072489
5 8 19 25 84751 1.00073985432363
24 10 17 15 35758 0.9320001095976648
6 7 20 14 60377 1.003425977250592
25 29 20 13 62633 1.049913390049527
19 20 19 9 42292 0.9399967970986273
4 4 22 17 85497 0.9522167008118207
1 1 2 25 97122 1.0979176775858146
6 11 27 24 94236 0.9212856149217622
19 7 11 21 60714 0.9999146987825205
29 12 14 19 55731 1.0768912316592727
16 14 6 17 41790 1.0291499912901219
3 23 23 5 114519 0.9143648222603893
29 19 18 25 51857 1.0374267449720502
15 3 15 26 68782 1.056335583235393
8 0 5 23 76329 1.0999129672754102
5 2 16 16 70134 0.9036178757947696
11 5 23 29 103280 0.9733663191957539
25 0 29 19 90319 1.043504654178921
24 9 1 23 106665 1.0092131229836632
26 19 14 28 60922 1.0591684891592201
24 29 3 13 121408 0.9378725263954975
4 28 10 16 56416 0.9570233792358371
25 13 1 5 89129 1.0439918720567487
18 6 29 11 52573 1.030053009723572
9 12 7 23 39042 0.9046077750105725
8 6 27 22 97502 1.081244371729008
26 21 6 6 99322 0.9795633537191547
14 22 2 23 48509 1.0417746355694038
5 22 25 9 94596 0.9650010567515742
15 25 11 3 64637 1.0884427760728024
23 6 9 15 66734 0.9787848454408762
24 17 13 7 54393 1.0056412549040756
12 27 27 29 58981 0.9254432955510294
13 21 20 15 38139 1.035466030121908
26 2 8 16 90785 0.9670551183335074
22 15 14 27 61872 1.0105482745666208
16 8 17 22 56483 0.9375141798077898
17 2 11 17 48942 1.063623454748817
10 7 11 16 40670 1.0755109565970733
11 7 8 15 34852 1.01968372078707
25 0 16 18 75768 1.0116356679586562
13 0 24 6 50763 1.0330579724663331
28 18 12 15 65917 1.0884177723718582
6 28 12 7 78272 0.9155392115165247
0 19 23 19 95679 1.0292003401240215
26 9 14 21 70846 1.0786891050311254
24 19 20 29 49979 0.981948382500979
5 24 4 10 52062 1.0433787798409229
22 4 17 27 87703 1.0101123789875768
16 3 12 29 84128 0.9994271893400826
24 8 8 12 64131 0.9763775014454467
4 17 16 8 60078 0.9750352152985855
6 19 22 0 93053 1.0643181746747703
0 8 8 23 68486 0.9675703730431441
4 15 23 20 85308 1.0445305068934498
1 0 21 10 83915 1.033061969206826
19 6 26 20 65606 1.0064502634892807
29 15 21 5 62042 0.9741967117751261
9 29 3 14 65903 1.0967534598560473
12 11 20 7 36908 0.9650776874106335
28 26 12 19 68138 0.9683059573523234
3 28 11 4 85988 0.9276534038306727
27 10 12 24 76139 0.9080276566454648
19 24 8 28 50984 1.0660370207449597
28 17 18 4 71058 1.0883289936681981
25 24 12 0 89421 0.9120268269657025
21 27 9 1 97753 1.0425652998094037
26 1 8 8 77950 1.0606830430300027
1 2 23 20 109850 0.9282513655679824
13 0 6 9 44629 0.9324108986107632
22 16 15 5 72669 1.0453528797636107
11 21 25 18 64768 0.9056293139339048
22 1 29 17 82523 0.93706704401753
19 19 4 4 81858 1.0039529424970794
27 5 6 11 92228 0.9361800701000302
18 14 28 3 69646 1.0497363052479933
4 27 8 1 90735 0.98809912334637
8 19 26 21 79830 0.9466477965329222
14 15 3 17 39591 0.9890291698586551
18 3 22 15 54474 1.0320940641654033
10 0 12 17 47485 0.9602662912902867
19 19 28 13 45838 0.919620489519872
2 1 17 15 76075 1.0638412108965398
1 27 9 0 100880 1.094642286963394
12 13 25 29 75813 1.0455779015086446
1 25 14 12 79573 1.0686173560956764
20 18 15 9 49562 0.9995096611120112
13 11 29 11 51854 1.0603298309116107
21 20 11 9 70742 0.9387622088526572
3 4 25 29 124627 1.0885793487955049
15 1 4 24 91742 1.0029274638819057
17 25 11 8 63132 0.9341942203260886
15 15 0 26 85845 0.9064061213484998
20 1 7 15 71171 0.9847581197294419
29 26 6 13 114390 1.0850760724322648
17 14 20 22 35828 0.9429567921200228
0 13 27 4 117604 1.0652464805474346
0 6 20 21 105151 0.9157695911497784
26 9 11 13 58218 1.0854662656722622
21 22 29 1 105980 0.9218501495834529
5 24 28 27 94022 1.0300177087458198
13 17 1 3 61652 0.9924164268785531
28 25 24 13 46976 0.9826689474540293
21 19 4 4 92320 1.0641026286428594
7 13 19 28 85150 1.001494197921833
29 24 10 20 73912 0.9577087888691266
15 5 15 24 60508 1.0321284284073209
22 5 7 15 77138 0.9885563769844845
25 29 15 6 100156 0.9064402778386624
13 15 5 3 51848 0.9797397717554523
21 11 6 23 77791 1.06560995829349
16 19 3 15 62395 0.9769581871156336
9 19 25 7 84435 1.0730356333941184
2 21 10 4 69857 1.0019455481167185
25 18 25 3 61079 0.9942642231140639
24 23 10 3 85385 0.9019145457837627
2 3 23 13 78225 1.047040168133246
3 21 13 9 61058 1.0830585809940803
9 15 29 28 102507 1.0347269234034286
27 20 12 6 83844 1.033566464590072
20 2 6 3 52044 1.0593761824750065
26 0 14 6 54997 1.0971434846538735
25 20 8 17 69763 1.067062072442731
8 0 14 16 53668 0.9119359546491187
16 6 2 12 62780 0.9188332498427699
8 23 4 13 48098 1.0278404118550677
6 12 19 22 73673 0.9758565145415583
3 25 15 16 71821 0.9411483466129035
14 22 23 21 36079 1.0028169599965093
4 29 19 10 90310 1.0505769246484151
1 20 25 17 96931 1.0352846661043156
6 1 11 19 64752 1.0556052727116432
27 1 13 14 76388 1.0632530653035073
18 26 28 10 75335 1.0311871265981838
1 23 15 5 96458 1.0061227232320327
16 8 4 8 50026 1.0461011922269037
0 19 28 5 128250 0.9912361353215962
9 6 29 19 93769 0.9941637351567412
23 1 21 15 58344 1.0481403580219453
16 3 26 17 76290 0.9847765299173775
10 19 17 0 68289 1.0784286307486108
5 17 6 7 45858 1.0000230168189277
29 13 18 0 62146 0.9640873982050345
19 21 10 29 56539 1.049344562043105
21 24 14 9 64060 1.0977031114128533
22 4 21 27 89692 1.0116380304447288
28 27 16 21 55791 1.0004889348157617
23 9 14 21 57414 1.013233627210093
20 9 8 14 48237 0.9781883327411182
20 25 3 5 104663 0.9571853878591537
12 11 3 23 69533 0.9426935615974756
9 20 2 16 38198 1.0390186086757687
9 27 27 10 89776 0.9805732266841894
28 28 17 21 54828 0.9102539844649425
21 18 1 8 86049 1.036730766845291
21 1 18 23 72273 0.9222838727416663
13 27 24 0 102139 1.0527055717644742
12 3 5 9 40659 1.075088225224698
21 10 13 20 42938 0.9840214410384491
12 2 4 28 89050 0.9925183481872876
3 4 14 13 52721 1.0368480538566898
13 29 25 8 98005 0.9929735028089601
25 14 2 29 110467 1.0508648666429559
2 26 10 14 69541 0.9163968106446709
29 9 11 13 63083 0.9972806577276689
4 14 13 27 78243 0.9308711888831805
7 28 24 29 62596 0.9388337421263053
23 10 10 29 90175 1.0284462451093193
27 29 16 16 71758 1.0309179317047006
17 7 23 25 72670 1.0942479521397672
23 21 14 22 36079 0.9949690731473648
24 3 11 10 61162 0.9239006380654741
6 17 10 1 50878 0.9369069940852196
2 9 11 29 77628 1.0494885445853241
3 24 16 26 62026 1.0086465272604797
17 29 10 18 62841 1.0178791447496822
18 27 19 3 79047 1.0070417599622339
19 15 20 1 42200 0.9619373224124772
7 4 11 16 44967 0.9510926368441149
15 20 10 28 43619 0.9450954824185035
15 12 28 16 51533 1.0378490997890242
18 27 1 25 76201 1.09754526917408
15 24 18 10 48186 1.0507371218428978
0 3 18 8 70756 1.0428775975345994
6 8 13 17 42214 1.0786482049531267
25 20 11 22 52532 0.9738909739398623
29 24 16 3 100812 0.9974609031803542
14 29 28 27 58088 0.9780629043929275
11 19 10 6 46469 0.9133824309663326
24 14 20 22 43687 1.096574142995218
26 4 1 27 148869 0.936658554805644
26 18 27 28 45509 1.0057775469906933
16 27 0 21 81818 1.0148688909895243
8 24 25 9 88805 1.0471680087888988
14 1 16 20 63177 1.0370472129185875
16 20 27 25 48510 0.9653675868405371
21 29 1 0 132576 0.9922825639332642
9 1 25 10 67638 1.0736714517689179
6 26 7 7 66606 0.9958367235441369
2 29 8 5 95423 0.9905343177048811
12 22 2 24 41535 0.9969266143824131
22 1 8 2 53967 1.047478213241464
22 17 27 28 51987 0.9168133785736762
20 15 3 27 96146 0.905080200261153
29 6 8 12 89530 0.9392980874907007
9 21 6 12 39661 1.0706754713570463
17 13 25 23 48410 1.052301085761576
12 8 9 1 32019 1.058619498721935
22 14 6 20 74661 1.0037911181989074
28 16 27 7 46337 0.9156199704550401
7 24 12 1 76822 0.9214044285649886
22 18 27 7 56480 1.021494267887773
3 28 2 13 71386 0.960412602052911
1 11 21 16 80007 0.9846088267996208
25 22 9 12 75682 0.9296771389278218
20 12 28 23 53061 0.9732272723160398
5 4 9 24 59415 1.0868816912124588
29 4 26 22 82553 0.9591221793887884
15 23 12 9 46451 0.9363528747243718
10 0 26 16 80680 1.0402986211483416
24 20 9 29 76459 1.0089733474838056
10 25 25 15 79808 0.9568605390149956
23 7 12 20 67192 1.0520108030261321
6 1 26 11 91207 0.9527608040518721
29 16 6 7 91325 1.0028721179149067
3 7 13 20 60554 0.9953918288046838
21 12 9 9 45897 0.9636960842410546
9 14 14 29 54835 0.9000879657168698
12 19 14 1 49329 1.0750844222908276
14 24 20 1 72415 1.0779269317034261
14 21 19 0 64134 1.0872902442468324
17 8 23 18 49941 0.9339710396522022
6 25 19 21 58993 0.9013173869830783
3 23 16 19 64048 0.9724633502484703
21 10 27 0 47605 1.0690651339069843
12 14 2 14 46883 1.0907911182716055
8 10 16 2 41173 1.062177165515549
1 3 17 22 86894 0.9662326153321057
20 1 8 13 65693 1.0113194988349223
8 2 18 18 65742 1.0910372557437948
3 5 11 25 81705 1.0075576582416028
5 21 14 20 43939 0.9328840295588331
15 18 2 29 80824 1.010069174519807
19 20 7 20 63229 0.9833515892442025
8 24 22 2 94865 1.0077784322624055
22 0 21 25 89425 1.0998425298817018
6 22 1 4 70465 1.0505343340293471
10 9 17 2 43634 1.0251100364281445
22 15 12 10 43376 0.9312780259661242
25 5 13 20 78860 1.052292181635112
17 21 3 29 74985 0.9920351028150662
21 2 13 12 48604 1.0430430010678498
4 8 2 20 56040 0.9326748055552005
10 22 18 27 43240 1.0463758661843179
16 7 1 3 61409 0.9953221185818164
6 23 24 1 113667 1.0665402227641523
12 16 4 5 56278 0.9495881092555931
22 29 11 12 80376 1.0968983051499466
8 8 19 23 68336 1.0258988052018747
24 2 4 5 74966 1.050165027147107
25 23 3 5 107175 0.9925651550956037
19 23 23 29 31170 0.9794329016368176
10 13 25 20 63106 0.9223783356059942
18 0 20 28 98414 0.9616797964736341
26 14 20 18 36960 0.9308396343173626
9 2 2 15 58189 0.9648442409740332
22 28 15 1 99765 0.9606943124515246
3 12 6 2 39332 1.048953611464766
22 3 9 3 52272 0.9950471003722285
27 12 17 6 51003 0.9921979375052434
8 28 16 3 86838 0.9604017429810261
3 20 10 14 43941 0.9580382373257943
23 14 6 16 63396 0.9452973304712142
0 2 27 5 107623 0.9304048249554131
16 28 21 20 48297 1.066176853228044
20 20 19 0 73963 0.9636421502397824
26 19 6 24 81157 1.0713600064036672
26 1 24 26 102949 0.9860822864904178
8 20 26 29 89908 0.9055134267365875
7 25 21 6 90252 1.095088129101545
10 26 6 3 70830 1.0794275389502614
6 6 2 27 90898 0.9180298356736312
6 6 29 6 100363 1.007856005813927
14 10 25 7 50308 1.0441479771194695
5 27 27 21 95160 1.0467793619218195
25 23 14 26 39512 0.9142002338705957
12 25 27 14 73555 1.074595810995409
8 16 29 25 91293 1.0325337197493916
7 23 24 24 67259 1.0864444684138732
20 18 21 6 54841 0.9005809776082198
9 2 23 24 88786 0.9233632525559808
22 17 3 12 83483 0.9016939885207561
1 17 28 28 114890 1.0188094357948447
23 3 24 29 93375 1.0371947034211229
8 5 18 24 79381 0.9817551552627797
21 3 13 22 65378 1.0777785948025558
15 9 24 13 39713 0.9098029788837941
25 18 14 1 75153 1.018719542445608
3 14 8 28 65773 0.9435984289534457
20 3 8 7 57080 1.0267042478507569
26 18 15 10 54133 0.9287822974061342
29 24 13 29 66111 1.0783172668780232
10 4 22 5 58564 0.912276903100388
12 22 20 18 44220 0.928720709726224
26 29 6 15 102867 1.0315459383853611
0 3 1 23 79027 0.914361982094214
29 8 23 19 59404 1.030685237082154
1 23 27 19 104230 0.9291552293431833
29 4 9 3 81934 1.0200138321113454
23 16 15 13 28999 1.0961092638000107
26 28 13 29 47805 0.9588435685922866
29 6 20 15 64687 1.0475900950097605
22 11 26 28 65504 1.0754684428718992
11 16 11 29 55599 1.030872300599354
25 26 14 6 85741 1.0790931116400717
24 27 4 29 76112 1.0457184886982562
14 2 20 17 56277 0.9947939081389834
7 18 14 25 48840 0.9945208515347187
2 6 17 21 82810 0.9817788751903354
20 8 13 26 68352 0.9245323520500018
13 26 22 12 64019 1.0406287276372668
9 26 17 6 77657 1.0143922049455072
26 1 21 25 102518 1.0574495128450196
2 29 5 8 86877 0.9042358794179427
28 5 20 1 44377 1.051637832011223
6 29 5 10 69570 0.9785833050083302
6 28 8 15 48077 1.0038571328371741
4 13 16 24 71440 0.9583885829446231
18 6 29 9 53524 1.0444578223023124
7 19 1 11 57597 0.928124050458882
1 0 17 15 83436 0.9246563944068987
8 4 17 26 79573 1.0247670882322188
25 28 12 10 81053 0.9132278888871953
16 14 10 25 57585 1.049031092319805
17 3 0 7 73917 1.0965698417395267
5 21 20 23 61140 1.0949242724416062
22 18 23 3 56272 0.9601686123098652
17 13 10 1 48218 0.922816323735259
18 3 0 5 67868 1.094321501501186
19 20 6 27 74269 1.0552371531976765
11 3 1 6 44603 1.019467821588362
3 18 13 8 57178 0.9439187613874052
7 24 16 12 56577 0.9716458370341085
19 21 29 21 42333 1.0450062637996786
1 29 15 15 83879 0.9103012937292014
21 5 9 15 61139 0.954734131194471
25 8 7 17 79690 0.976497169611994
11 13 14 23 28434 0.9225735021390097
26 27 14 18 65340 1.0951185459214685
8 18 22 0 82807 0.9800074472727005
25 8 1 1 106941 1.0595455672056073
29 16 26 25 56960 0.9568397881026123
6 11 29 0 93174 0.9234906480368775
26 6 4 25 125280 1.0185356311307683
29 28 23 13 70343 1.0988547566207785
22 10 5 9 53361 1.0226415845215011
3 27 25 6 133392 0.9957680446896257
7 17 26 3 95462 1.0956600188901122
12 8 22 15 51018 0.9852880274929464
18 18 10 8 53226 0.9634088281997881
10 28 27 12 86518 1.0150982021377972
4 29 24 7 119157 0.996169025113689
1 6 10 21 65067 0.9714258908189713
14 3 24 5 50307 0.9016365618413018
27 26 16 15 62944 0.9480035322598668
13 3 18 20 53797 1.0901085616403023
3 29 20 23 76996 0.9886258132621577
8 28 14 0 83391 0.9377933063801023
15 21 16 4 55265 0.9231698940356182
5 0 26 9 98441 0.9017319543853063
26 11 13 19 54075 0.9364691289066118
24 17 7 20 77349 0.9294766871645086
0 19 17 0 95914 0.900895535979276
12 4 20 20 65920 0.9704416113208182
27 0 1 1 91190 0.9736352442999968
13 15 5 26 60308 1.0854432899223794
18 22 11 9 54452 1.015962921783377
28 27 11 6 105407 1.0547178472871312
19 7 18 24 55863 0.9478167254761426
18 10 29 10 34470 0.9396144530374338
17 26 6 18 65961 0.9194741707288434
4 27 4 14 45313 1.0247519314197933
0 16 28 16 103494 0.9799509675108508
3 18 21 1 99133 0.9633555191846812
13 22 9 13 34331 0.9048249390770841
27 7 17 21 77354 0.9137809305789332
29 20 9 7 98124 1.0563792503817488
16 18 5 11 55265 1.061978536849369
21 18 1 7 91984 1.01513345488957
20 21 5 12 86739 0.9600328525664662
17 29 0 8 102016 0.9424150053719572
14 21 23 19 45777 1.0384566664304833
2 21 12 12 66955 1.0250243121222669
15 17 1 29 79580 0.970749113265616
6 1 1 11 47043 0.9631245184919417
16 6 2 1 62342 0.9911129367440975
23 17 3 24 89542 1.0340234521968577
3 21 24 14 85001 1.057384084004576
17 27 27 19 57085 1.0127923218486843
2 18 2 29 63064 1.0744563000138527
5 6 18 17 66991 1.0471886891576834
9 17 23 5 73856 1.03963208257619
12 27 14 19 34802 0.9333891916093993
26 27 5 16 103086 0.9255529810553068
