6331 5972 6848 5762 5553 6639 5388 5513 5575 6725 6735 5382 6179 6031 5655 5760 6323 5447 6490 5390 6148 6118 6129 6555 6368 5788 6718 6357 6178
8260 7952 7441 8194 7116 7974 7378 8141 7600 7721 7920 7590 7194 7137 7173 8287 7818 8100 7969 8426 7164 7364 7957 6948 7086 7017 8133 8487 7054
7173 7248 7378 6963 6699 7548 3244 2022 3258 3396 2350 2647 1988 3293 2274 2048 2679 2703 3020 2543 1954 2808 2250 2263 1885 2220 3077 3445 2215
5592 6832 6879 6068 6988 6103 5647 7000 5609 5748 7033 7191 7329 6952 7509 6477 6045 6007 7097 6651 6313 6127 6244 6567 6734 6635 7036 7212 6670
8493 7036 8071 8493 8077 7496 7274 8392 7921 4693 4709 5054 4874 5210 5536 5141 4915 5233 4423 5398 5153 5569 4890 4764 5358 5366 5076 5063 5069
2553 1869 2057 1896 2472 2583 2119 3144 2151 3093 3007 2111 1802 2071 1650 2044 2241 4215 4945 4990 4385 4998 4391 4569 4490 5056 5206 4322 3810
3705 4536 5120 3978 4582 5004 4942 5042 4515 4238 4378 4611 3634 4972 3966 7527 7792 7342 8236 7695 8360 8547 7863 8014 7854 7906 8678 7613 8268
7809 6667 7686 6982 7815 6461 7209 6638 6307 6891 6326 7309 7751 6841 7426 7600 6772 6411 6386 2986 2130 2593 3043 2929 3114 2750 3291 2617 2002
3598 3254 2250 3147 3259 7918 7468 7524 7210 7737 8158 7600 8112 7796 7716 7803 8010 8454 8481 8782 8309 8103 7538 7865 8504 7414 7690 8102 8625
1967 3088 2793 3083 2194 2523 1678 2146 1700 2840 1796 2170 2611 2301 3079 3090 1642 2625 4310 4497 4667 3458 4571 3518 4034 3555 4613 4419 4654
3269 2302 3446 2873 2299 3442 6692 6069 7155 5835 7131 6280 6737 7130 6331 7324 6496 6569 6541 6468 5980 6495 6234 7134 7268 6203 7035 6952 7306
6687 6146 5618 6811 6442 6866 6419 6523 5569 5599 6160 5485 7013 7150 6888 7559 7749 6498 6404 6933 6956 6835 6439 7503 6525 7128 7369 7436 7141
6240 6601 7219 6954 7059 6823 7392 6576 7407 7013 6463 6954 7276 6765 6816 6221 6429 7157 6422 6357 7581 6637 6641 5167 5795 5408 5337 5282 5201
6227 5682 6286 5987 6442 6861 5737 6001 6877 5775 6131 6132 5740 6253 5973 6587 5807 6251 6598 6582 5880 5939 6759 2187 2457 2771 2169 2349 2633
4974 4962 4572 5218 4302 4942 4654 5394 5215 4391 5261 5047 4440 4573 4296 5216 4833 5125 4765 5275 4078 4273 5512 5322 4333 4417 4927 4764 5244
7208 8241 8103 7777 7190 7785 8238 7174 8180 6849 6825 7304 7353 8138 8166 7697 7031 6715 6794 6923 7530 7519 7887 8159 8213 2661 2972 2488 2096
5147 5360 4676 5961 5599 7285 7465 7523 7439 8450 8361 7739 7876 7903 8739 7659 8482 7313 7198 8336 8100 7953 8754 8396 8367 8250 7595 8455 7457
2756 1924 1760 1954 1327 2605 1463 5601 6476 6200 5560 5315 5968 5689 5829 6111 6390 6757 6565 5454 5734 6903 5343 5929 6365 5471 5920 6648 6325
2139 2748 2641 2224 7582 6145 7091 6834 7361 6042 6679 6771 7189 6859 6768 6536 7145 7327 7142 6378 6070 6544 7384 6099 7132 6472 6806 7387 7182
8196 8446 8469 8820 7501 7504 7489 7711 7540 8493 7770 8680 8955 7750 7677 8954 8858 7476 8606 8148 7562 7499 7650 6844 7158 8020 7747 8091 7038
2763 2369 3236 1924 2638 2633 1844 2089 2145 3187 3251 6437 6956 7088 7249 7383 6059 7225 6230 5943 6470 6483 7347 6256 6363 6938 5909 6712 7167
5256 5320 7241 6884 7334 7035 6216 7353 6326 6307 6474 7143 7196 6467 7438 6553 6469 7010 7305 6498 6556 7361 6908 7349 6294 6296 6521 7310 6963
5927 6814 6410 5465 6526 5856 6163 5777 5796 6635 6126 5529 6824 6759 6268 6229 6397 5047 4907 4283 4917 4955 4669 5152 4472 4270 4104 4110 4261
4012 4712 3986 3997 4427 3799 4578 3560 4588 4032 3924 3872 3498 3332 3537 4360 4774 4812 4774 4017 3685 4302 4875 3716 4175 4138 3581 3392 4215
7927 7734 7548 8584 7046 8094 7071 7127 8401 7845 7179 8189 7212 7249 3019 3477 2310 2554 2894 2994 2812 2361 3229 2388 2723 2661 2570 2971 2391
5604 6656 6677 6715 5721 5525 5079 5586 5647 4958 5213 4870 5163 5051 4894 5254 4990 5154 6023 6106 4751 4931 5919 5284 5854 5258 5493 6278 5153
5227 6230 4723 4732 4825 5880 5683 5849 5126 6095 5818 5800 6077 5991 5598 4963 5181 4978 5435 6196 4978 5423 5868 5077 4910 1494 1440 2269 2239
5435 5501 5503 5029 4385 4715 5367 5361 5415 5703 4808 5321 5793 5576 4348 4515 5817 5665 4583 5247 5314 5181 5699 5423 5395 6758 7291 7317 6818
6842 5503 6277 5886 5992 5143 5431 5865 5296 6275 6211 4974 4843 5074 4944 6344 5540 5193 5693 5237 5325 5303 5208 6008 5915 5318 6034 5770 6402
7053 6813 6649 6412 5917 7034 6538 5962 6819 4094 3869 3226 3182 4636 3347 3418 4444 3448 4426 4260 4002 3399 3250 3230 4575 3679 4487 4350 4623
3996 6417 1264 2335 3564 1650 7506 4459 8571 3695 7762 5987 3778 7662 2606 6119 4104 4630 7142 5450 4007 3454 3997 7565 5279 1955 2638 3694 4281 4252
5004 6658 2208 2151 3959 2477 8211 5163 7514 3065 6407 6642 4938 7548 1710 5750 3687 4282 7133 5990 4019 4022 3869 7800 4442 1326 2680 4043 4741 4275
3821 7769 2111 2421 3944 2890 7724 3848 7541 3633 6641 6657 4612 7757 2793 6634 3085 4017 6235 5772 4582 4167 4084 7519 4898 2466 1878 3570 4947 3223
5220 6689 1892 1985 3731 3072 7194 3774 7422 3312 7772 7070 4383 7802 2743 6579 3923 5398 6281 5689 4099 3821 4937 7568 5042 2105 2495 4057 4831 3515
4635 7663 1560 2514 2702 1762 7193 3791 7223 3756 6216 6374 3969 6540 2087 6131 3470 3887 6381 6182 3719 3815 3608 5479 5118 1846 1872 3630 4353 3476
4727 7149 1570 2221 3188 2560 7307 5192 8463 3403 6328 7211 4822 7368 1340 5721 4169 4687 6926 5478 4646 4642 3869 5513 3850 1351 1510 4030 4223 4356
5136 6488 2084 1547 3057 2289 7791 3877 7321 3803 6267 7057 3504 6741 2454 6993 3433 5236 7124 6862 3535 4456 4233 5484 3416 7382 1564 3912 5361 4201
4034 7009 1812 2025 3989 2240 8270 4212 8436 4596 6574 6497 4900 6912 1932 5712 4403 4513 5937 5909 3456 3338 3770 5220 3985 6716 2342 2893 5105 2999
5156 7576 2133 2435 2681 2701 8094 5242 8326 4581 7098 7152 4412 7598 1651 6501 4034 4410 7205 5497 3576 4540 4941 4193 2787 7962 7244 3579 5359 3436
4755 6640 2636 2577 2959 2948 7901 5172 7759 5236 7323 6022 4235 6611 2559 6431 3219 5011 6034 5590 4277 3494 4935 5075 2543 6710 6788 2882 5254 5239
8055 7165 2362 2769 4169 1905 7351 3759 7204 5916 2511 6355 4776 7754 1457 5759 3516 4663 6203 6021 4617 4493 3886 4290 2837 6513 6585 3386 4711 4539
7978 6907 1572 1547 2729 1996 7661 4866 8420 4783 2689 6471 4620 7931 1631 6431 3725 5008 6152 6042 4134 4504 4514 4539 3691 7614 7131 3319 4574 5399
6721 7674 2622 2633 3971 1909 8057 4927 8627 6088 2984 6203 3485 7257 1790 5648 4356 4268 6593 6313 4163 4075 3734 4974 2540 6704 6411 3854 5017 5753
7071 6209 1439 2127 3994 1869 7441 4851 7671 5286 2002 6068 3803 6925 2628 6035 4162 5201 6364 6631 4025 3852 3718 5424 2530 7989 6854 3444 5362 5755
7324 3289 2840 1232 4154 2857 7429 5099 8453 5569 1941 6300 4394 7276 1274 4792 3657 2836 6642 5615 3490 4063 4980 5219 2754 7364 6982 3305 5656 4457
7706 4541 1961 2374 3561 2271 8162 4990 7632 6102 2353 6131 3982 7140 1738 4165 3252 1830 7057 6199 3310 3362 4453 4395 4001 6471 6395 2762 4301 4846
6792 3629 1768 1933 3565 1879 8258 4431 7443 4766 2182 6180 3512 6584 1846 4678 3728 2551 5994 5601 3418 2250 1870 4813 2944 7600 7508 3944 4543 4839
7972 4607 1621 1705 3852 3064 7864 4872 7958 4757 2527 6667 3530 7581 2446 4563 3482 2788 6034 6968 3513 3771 1538 5370 4069 7820 7036 3028 5327 5240
8200 3240 2238 2252 3138 3313 8021 3964 8013 4584 2374 6030 4463 6640 2410 4646 4026 2109 7134 6895 1533 2845 2309 4559 3573 7726 7365 2887 5464 4601
7578 3560 1849 1564 3535 3382 7842 5142 8547 4926 2768 6704 3937 7596 1964 4557 3088 2580 5800 6852 1668 3133 1416 4961 2661 6521 6543 2581 4863 5094
7029 4351 2706 4029 2837 1909 5033 4032 8243 5121 2003 6455 4451 7825 2765 4103 3563 2557 6100 6135 2611 2504 1556 5115 3575 7626 6676 3076 4561 4917
7577 3248 2006 5021 2899 2487 5479 4225 1713 6098 2252 6658 3503 7177 1395 4398 3902 1367 6634 6074 1843 2587 1864 4902 2716 7200 7428 1885 5611 5512
7004 4353 1950 5567 2526 2921 4689 5245 3028 4995 2683 6473 4585 7008 2539 3714 3231 1464 6351 6994 2397 3304 2083 5071 2656 7956 6671 2139 4912 5330
7479 4817 1637 4724 3695 2395 4272 4883 3107 5950 2731 7063 4063 7699 1453 4898 7748 1568 6324 6001 2700 2466 1342 4899 3777 7832 6971 2873 2030 5389
6770 3859 2136 4424 2874 2606 5081 4680 3004 4946 2250 6164 4290 7984 1839 3534 7829 2003 6136 5611 1607 2656 1818 5365 3646 6959 6517 1932 2254 5654
7901 4696 1454 4419 3756 2660 4610 6879 1890 5614 2029 6076 4547 7985 1338 3838 7674 1835 6229 6206 1648 2768 2505 5567 3575 7203 6886 2179 1664 5278
7533 4596 1467 5363 3158 2985 5198 5849 2689 5398 2545 6772 4178 4047 2104 3386 6364 2565 6611 6424 2258 2403 1711 4837 2980 6782 6484 2119 2336 4403
7497 4702 1304 4973 3582 2982 5464 5779 2877 5195 1760 7184 3619 4713 1516 3787 7526 1401 6551 6449 1115 2563 1727 4145 3464 7616 6931 2870 1665 4313
7967 4625 1340 4465 2634 3391 4363 5594 2915 6133 2355 6508 5720 3973 2750 4917 6785 2091 2983 6518 2161 3127 1294 4372 3067 6438 7252 2251 2836 5785
17 9 28 10 32122 0.9950911457625358
19 4 10 19 66052 1.0152291095540993
17 16 22 8 51733 0.9959574006717539
12 5 2 6 31911 1.0809376558338344
18 22 24 8 60797 1.0507678320035554
28 8 5 21 97102 1.0812812080040166
0 19 20 24 82894 0.9611190491884356
11 11 20 15 44624 0.9503083513223548
12 21 25 6 97211 0.9111777724908736
24 18 24 7 44502 1.041290388082052
27 25 23 7 71893 0.9639085904385345
12 8 28 21 85769 1.0717695132904619
9 29 24 18 76581 0.938279991828038
7 14 2 0 50398 0.9628834518248387
4 19 4 1 56580 1.0382902338957698
1 4 23 7 67429 0.9545345962759509
4 19 2 11 32113 1.0365596509493105
10 27 27 10 101620 0.9558471173148883
14 4 7 0 32442 0.9135697907185792
11 10 21 16 55430 0.9907592922656417
15 18 12 5 60575 0.9792922188601297
19 2 24 28 83525 1.0076601909480396
20 22 29 19 25067 0.9699977299159016
5 28 12 15 65948 0.9311035459396166
2 2 24 17 79457 0.9945408507830831
25 4 21 19 74878 0.9979907507675441
3 17 7 8 40817 0.9645396646215919
16 7 10 17 58720 1.0901874549829247
15 12 23 7 45156 1.016086426955696
8 7 20 18 67135 1.0985035529286302
11 29 25 22 60958 1.0762894585527016
13 26 23 26 34801 0.9445244136915041
5 23 6 12 42554 0.9164870615233609
5 23 12 2 75641 1.0266042238143667
5 16 23 3 69867 1.0968349376447744
0 23 16 2 92291 1.0655778972162282
4 11 14 10 46122 0.9355693663866899
15 0 7 5 39101 0.9977752254659636
0 1 18 16 80545 1.0816406697771643
6 25 11 4 76553 0.9123199630018736
21 26 11 5 103923 0.9903154997307562
12 24 2 23 37394 1.0640986508011376
18 5 8 13 45760 1.014303927347215
2 28 21 25 72489 0.9001440457678351
2 16 10 24 48823 1.0287111236997337
8 27 9 6 66260 0.943730486875613
29 28 19 11 82181 1.0734149171071343
9 24 25 17 62838 0.9122821398336899
14 27 8 7 78715 1.0367168597164262
1 12 29 25 97645 1.0638974144171616
27 27 5 7 96873 0.9508766543843962
6 10 3 21 44330 0.973581376923077
6 2 28 28 109891 1.0714801855772036
25 18 16 0 73421 0.9605423551173939
20 27 29 11 66556 1.0620549628476148
4 17 17 21 66319 1.0532200742833688
25 27 18 15 54444 1.0552074115299088
15 15 25 1 78738 1.045492600710254
8 24 24 20 55180 1.0245560156535127
3 22 7 4 62534 1.005606832151758
4 3 23 8 57271 0.9560988732868018
8 1 21 16 71480 1.0624257473532794
20 27 11 0 117758 1.0529126039679189
8 20 13 12 42249 0.9424915439088986
2 9 23 11 67818 0.9151599274551009
16 24 28 3 109880 1.0378876484818413
11 2 22 10 40198 0.9106165632707582
28 8 0 24 114518 1.065001955035294
22 26 24 4 87971 0.9806169933239142
0 13 23 5 79822 0.9247564225571668
1 5 12 18 68484 0.9427289749746471
23 2 26 28 91418 0.9994164069787942
6 20 27 24 76985 0.9020855302549017
15 1 24 27 92844 0.9823466075839141
21 8 12 9 39719 0.9654683327112329
23 29 15 5 94032 0.9379284932932473
2 14 2 27 31724 1.0793945388513222
22 17 20 29 54030 0.9343740978510129
24 8 17 25 79972 1.0134181693517066
16 12 0 11 61833 0.9471965302182719
2 21 23 2 87031 0.9821705596171744
29 14 0 19 78606 0.9930978556644741
25 7 18 29 102398 1.0317648280950387
9 12 24 3 58608 1.0603375762939964
25 19 0 0 106291 0.9261289993015972
13 4 7 13 45389 0.9908045576945668
0 26 29 9 107414 0.9558294777639791
14 15 17 26 65934 0.9979234120024603
18 17 5 23 69836 0.9046653991945262
25 15 25 5 48190 0.9591315928759636
7 3 21 29 114284 1.0062158765264018
22 23 16 16 46260 1.0367938351767132
18 3 23 13 38508 1.052067569039658
25 9 9 18 63443 0.9604105799091774
18 3 15 20 83534 0.9875612125588581
24 25 2 21 81104 0.9974021478080636
21 3 5 10 52428 1.0245915589560617
25 15 0 18 72808 1.0093693586084647
10 18 1 12 41689 0.9251090582793622
2 3 25 6 60266 1.0559614654242147
7 20 1 26 28558 0.9046981634364765
6 23 10 9 56479 1.0367023876246564
29 27 20 28 28036 1.044858264339414
25 5 2 22 94505 0.962793794845394
21 2 9 19 65600 1.0917749424414294
22 0 29 20 84645 1.0161151560664985
16 23 0 23 69215 0.9814501778579656
2 5 26 27 107180 0.9504197944367442
19 23 14 2 91659 0.9399598875415535
6 14 13 22 50474 0.9086492454510154
23 25 24 7 69132 1.0709604265732393
1 21 23 27 77022 1.034629043807555
8 11 7 23 48275 1.0074085785397549
20 0 16 18 80948 1.0875366444615693
25 6 1 6 73201 0.9550090152501405
29 19 7 3 85972 1.0429933145452166
8 11 9 24 49691 0.9829071898861125
29 3 19 2 24498 0.9484238744401713
16 18 6 5 63384 0.9289272133643448
15 0 29 8 64881 1.0855826596483664
0 4 4 16 46649 0.9096764181805537
19 4 10 27 96257 0.9938293084050819
8 15 29 29 93094 0.9784134526767436
27 23 14 27 48838 1.0653195257811794
21 16 22 3 62104 0.9242677970733165
11 8 27 17 71214 1.0447763038246283
7 21 28 11 79988 0.9606099108465171
7 16 28 16 62586 0.9333704745087517
19 4 16 23 85773 1.067195241591054
4 7 26 4 64313 1.0437946136026683
5 11 22 28 88370 0.9140952630915715
20 26 13 23 37444 0.9684366982559542
11 3 26 22 83588 1.0866837399279967
0 21 10 18 51884 0.970824386001323
18 6 9 0 36505 1.09324950417544
25 8 16 5 37003 1.0758475028175354
27 13 9 26 83798 1.0997981204059206
20 27 9 17 68605 1.066861226497925
18 24 26 28 33292 1.01827586761692
20 21 24 1 89338 1.0802019638979614
24 14 9 2 57730 0.9166443377759533
6 5 12 27 84241 0.9465425609560466
16 22 24 1 94816 0.9832337310524786
11 25 29 9 99340 1.0945438159504124
23 10 2 28 93237 0.9393424535584686
18 11 7 5 49019 0.9150510713162622
7 6 13 29 90614 0.9402773339058283
23 25 7 29 61302 1.0477996215628955
27 11 7 26 94700 1.0214954133685843
10 26 13 17 60973 1.0658110191083239
6 24 0 9 61618 0.9990256699661384
1 6 13 9 58035 0.9177867800058418
7 1 22 25 107044 0.9932128727831301
9 22 18 9 68800 0.933178122112378
12 5 2 2 27364 0.9435638173305988
18 26 20 3 97716 1.022623063825546
3 25 3 1 75306 0.954840847206329
6 5 18 22 87762 0.9530450098065494
15 28 8 1 96683 0.9738682970881629
15 27 10 11 74318 0.9887077216610798
3 14 9 7 27771 0.9862223784447646
1 8 28 11 90922 0.9762930117101232
3 1 21 8 61735 0.9899279404570842
7 26 14 5 73226 0.9621981024997421
2 7 11 4 35227 0.9753123269618844
20 1 22 11 32446 0.9158676561962072
4 18 26 16 66065 0.9627587730179105
1 20 21 7 86271 0.975243482529268
8 8 18 27 92692 1.0326741277146012
17 7 13 14 46702 1.0074873698172073
14 28 28 12 85950 1.0432446040036845
27 7 19 20 69217 0.9210339433503201
12 10 19 5 34411 1.0371102522657025
14 12 18 22 59715 1.0679146530378738
19 18 6 28 88094 1.0619320391015163
10 9 2 29 69338 1.02361582013565
26 20 4 9 73615 0.9501528352482973
4 26 19 11 90691 0.9559324230127022
22 2 16 25 104537 0.995309154405667
14 17 2 4 66717 0.9633469765730424
29 24 5 17 81163 0.9625682975224259
27 24 25 15 38754 0.9546527440094567
20 21 5 23 62806 0.9424652235568307
25 20 10 17 50839 0.9312251861009152
15 27 4 2 97967 1.0651314310576396
27 8 20 24 76151 1.0283570443010428
10 21 27 25 65821 0.902275206902092
3 15 16 2 62983 0.9329399828434921
19 7 6 19 78253 0.9220683292054664
2 10 24 10 71077 0.9349057340656788
2 1 11 6 39482 0.9979732018824441
14 3 0 15 61666 0.976986383325647
28 16 8 18 65621 0.9613964696615349
12 5 9 23 58553 0.9259085272757231
27 6 6 15 79839 0.9582621410702549
8 17 14 2 50687 0.9068211957982107
8 10 11 19 42333 1.089440907281832
1 23 9 4 67038 1.0978533809730102
13 4 2 29 87349 1.0789420299018644
28 7 26 29 88742 0.9056012945406254
22 25 9 22 52995 0.959307134069888
16 5 24 27 82545 0.9781827385936771
26 6 3 11 87582 1.0634342948662174
27 12 9 22 73913 0.9569843293407759
22 0 4 6 62085 0.9649524490028928
18 27 0 27 59820 1.0590204666618404
28 14 18 2 52731 0.9446802788900052
0 29 14 8 96904 1.0390137166439979
15 27 28 4 116416 0.9201820262406648
9 9 27 21 69497 1.02039233576002
14 20 4 13 54249 1.075643822435302
14 3 0 4 37049 1.0501607526758496
18 13 11 22 60417 0.943674298740086
17 11 14 29 90489 1.0104384722500013
9 10 15 22 61784 1.093622507894183
20 25 7 20 57973 1.0185701235564306
25 21 20 8 51065 0.963901253957347
1 27 12 18 65837 0.9204978932548105
21 23 12 28 48219 1.0733001703362821
1 28 17 14 69833 1.0369474189982073
8 10 25 8 60421 1.0993847994627122
19 17 20 4 55895 0.9511892782375285
26 21 26 7 64030 0.9000378991825142
2 7 26 13 73017 0.9982021470950699
18 8 28 10 36798 1.0471411639230312
12 24 27 0 116968 1.013640151790456
13 1 14 17 67119 1.0575234184120639
11 11 4 18 41840 1.0684830725208578
2 1 3 18 62544 1.0047762677182506
29 2 12 8 58325 1.094226989222046
27 7 1 29 124398 1.0408916833718511
24 17 12 17 31119 1.0200633668597776
21 9 27 0 45922 1.062030849621106
3 26 28 26 77703 0.9484282355903597
16 1 2 28 98162 0.9453823884277226
0 20 6 28 41402 1.0307806525004013
4 21 27 27 85412 1.008309511565272
15 22 15 5 86155 0.9080100075350048
20 25 16 16 62870 1.0392173707196355
6 5 15 24 79347 1.0003500539129633
9 13 26 5 59835 0.9125419480968603
19 21 19 9 65184 1.0227120104469538
7 14 26 18 51100 1.051682416910273
16 16 22 27 56749 0.9650398759708158
25 15 8 5 58914 0.9090302925640857
11 3 2 16 49710 1.0529389973873253
1 29 16 28 59073 0.9102504348939487
12 22 22 20 37189 1.0618884639568187
7 1 20 20 94713 0.9632986207462344
0 4 11 24 87699 0.91595064168767
21 7 4 26 99765 0.9727252982463047
15 19 1 29 77551 1.0382153958647309
7 21 0 8 63987 0.940320100492154
22 16 25 27 38547 0.9229517670097397
8 5 29 7 67083 0.9101036625985321
6 27 28 4 123125 1.0835823274602165
15 6 14 27 98943 0.9973747850695904
19 10 0 16 64877 0.9069886626450908
25 1 18 26 117714 1.0900389221113802
19 9 25 2 31870 1.0550497307115982
12 18 5 2 64018 1.0786610604036946
28 2 12 26 118539 0.9482375047646686
26 26 15 16 58582 1.0870148287721246
29 28 19 24 36556 1.0051564722538904
28 16 6 17 65979 1.0949214544894104
14 29 23 18 64451 0.9289142406146315
4 22 8 29 34455 1.0880825379000387
11 24 17 11 72732 1.0724263466244401
12 22 21 19 41844 1.0675609754973858
6 6 28 29 114669 0.9488740394628787
2 9 17 29 95862 0.9809746122213351
1 23 9 28 37669 0.9204499937686588
19 8 25 20 55751 1.0649746138343583
7 20 27 3 93282 1.086551036071001
13 4 6 1 28630 0.9557730603891235
2 0 18 19 102175 1.042640347612996
27 1 25 29 107611 1.0687565949089093
2 19 17 14 42647 0.9885153104963564
11 9 21 1 53835 1.0898040294269051
15 2 25 6 33415 1.0586287474692897
29 19 16 1 78886 1.0362723792964028
22 3 8 15 64618 0.9741417270739398
1 18 22 14 57740 1.054722699233563
9 16 3 7 38490 1.025333826319108
23 7 24 16 34755 1.054414385148552
28 14 3 8 68830 1.0390667118352415
21 15 11 10 48877 0.9409092508332819
24 1 21 22 86127 0.9348849716810701
24 3 28 24 90807 0.9432641497666172
0 20 16 4 79412 1.0201943434317566
26 12 22 4 45838 1.0154280718357696
29 9 24 24 56592 1.0789797188973524
17 20 28 18 33823 0.9228027952965664
21 27 25 20 27248 1.0037265565242703
8 23 20 11 78356 0.9814078589025048
7 17 27 13 57486 0.9397139631657053
28 6 10 13 77556 1.0980778297817544
17 12 16 2 40029 0.9040989064325874
18 17 26 21 28320 0.9928959705699145
0 3 14 17 69086 0.9209978743518632
15 3 25 1 28866 0.9532954293854985
11 9 6 17 40869 0.9680732781366664
10 29 16 18 71419 0.9725236179046528
18 9 26 0 49365 0.9159622343280656
8 3 25 11 58740 0.92971990038707
27 4 23 12 43384 0.9180078381460767
15 18 28 25 63661 1.0928922249508415
14 0 2 28 98571 1.0640724243084614
26 0 18 16 84452 0.9998891675857866
20 23 8 16 69933 1.0873390344296165
6 21 18 27 55284 1.0353927908074616
21 12 28 7 43936 1.0412928430564656
4 10 8 24 58153 1.0236636947462454
5 15 22 12 48513 0.9855419520412181
25 27 13 1 98372 0.9912850486100058
24 29 26 11 62399 0.9540740399993634
16 3 6 11 49871 0.9582399677235861
8 15 19 20 59145 1.0847922167878918
4 9 21 1 57405 0.9516881162520227
22 2 18 8 31235 1.080755800129451
0 29 24 16 97302 0.9954480023821604
6 13 18 21 68108 1.0869301603382902
26 10 20 0 38776 1.0002417420133976
11 15 23 2 65714 0.9877583689317755
3 29 25 21 86152 1.0898591253678749
28 29 3 21 96823 0.9683934197316537
15 25 11 12 74488 0.9601349370730106
1 1 9 29 103399 0.941400547943389
5 18 24 28 86385 1.0180100066830566
20 0 26 6 33788 1.0216677977624744
2 2 8 17 52977 0.9256815059388147
19 25 23 6 83418 0.984598809229597
17 0 22 21 77268 0.9699151573958735
23 9 21 27 63000 0.929693492957572
27 9 4 1 79332 0.9811927341343868
14 12 26 0 67495 0.9065330827286345
2 18 11 0 68801 1.0872070479603568
18 21 1 10 88784 0.9398197248552743
3 24 19 20 71633 1.0557386270800908
18 12 7 25 70194 0.9525987528273143
24 11 9 25 85698 0.9309328344385625
27 27 24 9 68283 1.0311604258243363
25 14 27 2 57579 1.0543626213195327
29 9 26 22 54483 1.0071196192718936
3 13 13 3 53727 1.0956116113569072
11 12 20 5 45363 1.0052183672861887
4 24 20 29 73994 1.0928610190310186
2 13 1 23 33372 0.9084706765532656
12 8 11 28 96423 0.9846430710243325
6 17 26 2 78036 0.9804391353617519
12 12 28 11 56205 0.9922426332714912
25 10 12 25 87425 0.9401988962639805
7 20 6 1 62878 0.9597853076915577
17 28 8 4 97186 0.9266052898018287
0 6 15 7 53602 1.040449961585804
1 5 8 23 73534 1.0216549023711
28 16 27 7 49057 1.0775750066102723
28 17 18 15 33130 0.914521016935182
12 16 22 23 56710 0.9937325484710273
24 10 27 29 67824 0.9730792587796147
7 15 0 9 39277 0.9356273862966222
15 19 29 6 89002 1.0354344485240996
28 21 6 16 74336 0.9892541874278846
1 28 5 22 32510 0.9673458173533965
16 7 20 29 108651 1.073118953283984
28 20 18 19 25758 1.094501154276616
26 3 23 19 73814 1.0056626155283988
16 11 12 24 78193 1.085858923780209
26 15 22 8 36502 1.0752588261851443
3 3 3 22 62684 0.9068001286847772
12 29 8 14 66851 1.098458286643422
28 5 23 21 72790 1.0391576080682867
5 1 4 28 81157 0.9862649931885786
21 22 26 12 42955 0.9308916597881188
21 6 13 14 50392 0.9510868194403593
13 28 18 7 103153 1.0206301621915097
3 23 10 20 38923 0.9237260597750817
22 5 7 17 68288 0.9996027896445082
15 23 22 28 46278 0.9130708748614713
29 29 0 25 87788 0.906181072662781
2 4 18 13 66535 0.914250703185213
25 6 4 2 56045 0.9360362462580348
11 11 24 18 56887 1.0629257774502991
7 13 24 14 40319 0.9813662099316387
13 12 5 5 41759 1.0823770488671318
29 19 28 8 47824 0.9947854147859005
23 4 7 27 102512 1.0704130826515899
28 0 26 26 110932 0.910915237810322
13 26 19 4 98012 1.0712881705985717
29 20 29 3 81032 0.9541142563671106
27 7 19 14 47960 0.9013169756163093
5 2 5 16 32200 0.9595898392722823
5 10 0 20 39907 1.0859385883278998
1 20 21 25 83366 0.9743201150700336
8 10 29 7 76235 1.0200343314674103
2 5 28 11 81269 0.9318203115395708
19 26 15 16 73332 1.0731967378088656
29 24 26 3 91810 1.0776581774079645
10 1 3 24 77213 1.0528991317888596
23 26 25 8 70938 1.0647207865385049
19 17 8 29 81641 1.0415615747971205
19 9 9 14 46016 1.0781104413358773
28 15 12 23 70807 0.9465723634774822
13 25 20 18 52577 0.9209099117489025
7 4 2 15 40695 0.9902815860641239
25 17 18 27 44630 0.9949252108676129
0 24 28 15 90899 1.0211015250075024
7 9 20 21 81711 0.9451961054519729
8 14 3 20 33198 0.9647882791990717
5 12 23 4 63703 1.0529544818343737
29 26 22 14 50202 1.0103101715620157
25 2 16 5 23063 0.9827821697589489
19 26 8 29 53067 0.9091015020049801
23 8 11 29 106260 0.9436043985460711
1 9 14 24 81337 0.9039977056095129
18 29 0 0 137254 1.0341922744465653
0 1 20 5 51649 1.0670621554774282
9 29 15 15 75885 0.9238236970642191
21 23 23 6 67455 0.9918226576354174
15 17 29 21 40047 1.0322118480647369
21 20 15 0 88248 1.0292163406216326
16 19 9 13 45888 0.9549151370063039
1 12 7 26 48185 1.0660309503463077
21 20 0 16 81196 0.9214007060043307
14 16 8 8 41321 1.0941428526250077
11 9 2 17 44871 1.009048083084501
6 6 19 15 59455 1.0803141624699704
20 17 27 10 41396 1.090458720725499
16 4 25 24 81250 1.085281179678657
13 5 29 3 42274 0.9036658052249923
23 27 23 0 96635 1.0215674007521645
10 23 11 6 67928 1.0041384243164186
9 18 16 6 53241 1.0271093313938697
17 2 7 9 39899 0.9448417963440224
26 26 12 10 83691 1.0316769992731065
23 20 9 24 53865 0.9671937239880993
0 6 8 16 56270 1.063747643791825
28 11 18 10 29606 1.07601307526962
26 2 21 8 34315 1.0140011362452472
19 5 7 3 31310 1.0142834969519197
16 7 29 8 49964 0.9030844820499676
3 17 7 23 39382 0.9498787914487495
12 4 18 0 25521 0.9097099923179732
21 4 25 14 42229 1.0924583069635874
27 28 19 14 54824 1.0593844563020625
5 10 16 5 38635 0.9603734033121587
10 14 11 0 46656 0.9070129009554735
23 0 24 24 85808 1.0775052874906854
14 12 13 2 50435 0.9889126411900367
15 1 12 20 78988 1.065490485348596
12 15 6 25 57978 1.044962148138472
8 21 29 4 104172 1.0100653259155126
23 22 20 1 68845 1.0837215064254035
25 0 10 3 44778 1.044766109256937
7 6 17 19 76116 1.0398806925808437
0 2 14 2 27265 0.9154045310053548
26 25 27 10 65803 1.0691862375279633
12 3 26 29 99908 0.9692228242404439
2 2 20 22 99917 0.9420555854898248
25 24 10 0 97621 1.0751116733511423
0 8 26 7 93115 0.9976418326372976
22 15 10 7 52907 1.0500501576435541
27 10 4 17 69822 0.995194096814297
6 8 22 11 62370 1.0879257025372737
4 4 2 20 50145 1.0643516883924267
8 15 13 22 47859 0.9667042176694041
25 27 19 18 46130 0.9204925710323327
23 28 11 0 112786 1.007723645771415
8 14 26 11 52591 1.022186449905534
15 22 25 5 82489 1.094916079927868
25 6 22 21 67305 1.0427005710828146
21 20 27 16 27602 0.9270181213196289
22 17 6 16 54299 1.0781788426319023
28 29 8 23 75426 1.013297254338391
15 23 0 14 77973 0.9827956507502388
27 26 8 28 67178 1.0279720358841213
22 25 1 26 69541 1.0360919610727533
6 24 25 28 65923 1.0224446163752017
1 14 21 25 90086 1.0420879185457799
27 27 15 6 98831 0.9999749053051037
16 25 28 15 67994 0.9400499006326152
29 11 8 18 68127 0.9958091496238878
25 3 6 21 98121 0.990009200550215
15 24 17 6 92356 0.983113062476437
28 18 4 20 82879 1.0400723382069912
3 18 14 1 72032 0.9417452607833295
26 16 9 3 68675 0.9389413017927439
9 10 0 13 34225 0.916002314806178
29 21 14 26 54283 1.012612000142716
13 3 5 6 24705 1.0903659000676948
16 14 24 5 52943 1.0137069667777112
17 4 6 7 36137 0.9472379583827715
27 5 2 19 92845 1.0951512200786946
7 15 1 10 35528 1.0059112799293943
20 9 19 27 74750 1.0607014847300416
6 14 18 26 83007 0.9775827222114478
3 17 23 14 51039 1.0123426769907118
17 19 22 14 40553 1.031917050859226
13 14 11 24 48274 1.099155181591105
23 22 2 1 101662 1.0766628688314654
27 6 5 29 129082 1.022082192070833
16 25 6 14 70757 0.9016457771679124
0 19 13 8 76201 0.9857399112113245
17 10 18 24 77160 1.091194325529956
14 26 18 15 66725 1.0953102217139847
10 26 2 29 34430 0.9633453239991434
7 3 22 26 102610 1.0126477077066152
9 3 17 27 92962 0.9322577984661939
3 1 8 16 54489 0.9007111371877355
20 0 13 15 66690 0.9894396897216681
27 23 18 16 44138 1.0966899914935329
5 6 28 15 68511 1.0175914573849858
11 7 22 28 99504 0.9258120326082021
26 9 5 7 73826 0.9025098404609149
14 3 5 14 44072 0.9503824180965973
2 22 23 27 70192 0.9193941855718535
23 14 20 6 30829 0.9304207002197524
13 29 29 23 60293 1.0835485045957476
0 7 15 9 70069 1.0339757532179137
15 17 5 16 38317 1.0474969383183637
21 15 18 8 51481 1.0612580218744856
13 29 14 17 48559 0.9660452760499629
25 14 8 12 41058 1.0057310643335908
26 21 5 14 62753 0.9017480354676133
24 3 22 26 92997 0.9745498213119792
14 20 8 14 41226 1.076031000260317
4 15 21 1 69868 0.9507761447178338
16 27 26 1 118908 0.9691622130282632
8 16 15 9 45380 1.0449678815670354
17 1 21 17 61887 0.9112996761971585
4 16 17 7 56008 1.0303967995303007
25 21 29 8 58089 1.0834898552984924
10 6 0 26 74108 0.9092057257426637
7 29 3 2 84693 1.0079431633945
27 5 4 8 70215 1.0206856158503361
18 26 7 25 49243 1.052279906502863
3 0 26 1 62903 0.9533793929665288
27 0 29 12 63624 0.9305278455463512
29 29 0 23 100711 0.9240807729374058
9 1 18 3 23753 1.0866953385126978
11 29 25 19 72026 0.9981293792604025
17 29 3 9 99495 1.0811741054155035
5 5 17 1 33148 0.9900052772469361
19 0 12 4 33721 1.0932749146859522
17 4 11 9 38160 0.93859949918105
21 12 24 19 30625 0.9534746855702401
27 0 19 8 47203 1.0542917975806887
13 27 6 7 83360 0.9747524999206438
1 15 26 17 65563 1.030672421824554
26 0 10 18 87964 1.0597790202969293
2 28 29 26 86807 1.0367376805992503
20 14 23 0 58814 1.091361692734868
28 9 1 2 80839 1.06327436673363
7 10 29 10 65934 1.0872749944102489
17 3 22 19 66790 1.0824882264344522
2 10 29 11 75764 1.070542915628256
23 24 22 1 84496 1.0664097385598865
18 2 9 15 47140 0.985413359496528
2 19 8 2 54319 1.0573180135822193
15 4 16 19 82435 0.9788713307707291
6 16 11 27 58578 1.095633754088877
1 14 23 0 80244 1.0119968070857543
27 16 12 27 72695 0.94993299445014
2 17 11 26 53924 1.0187684046942627
13 21 6 1 78635 0.9000944014005764
18 17 7 20 52620 1.0273908753268863
13 26 4 7 80843 0.9563269435756321
21 16 19 24 45485 0.928097696411101
13 1 27 25 104082 0.9411872098771422
4 19 16 12 54309 1.022129943090999
14 11 8 20 46944 1.0381546630855272
7 10 10 29 84521 0.9962784264189748
11 18 2 25 56174 1.06216250594681
2 13 20 20 74800 1.0189976546608803
24 26 4 27 65979 0.9773593635344019
2 2 11 7 34123 1.020611757717133
25 6 19 11 39696 0.9467824579338209
24 5 8 26 102046 0.9927142166536478
14 6 28 6 47796 0.9321190088903724
9 18 22 8 65152 0.9778887357948428
21 18 14 9 61768 1.0350094119995936
21 26 9 15 82384 0.9435261983551808
15 13 20 19 50984 0.938534743658289
16 5 9 19 50266 1.027192096277965
5 18 15 1 64244 0.9261316590376093
16 6 16 20 88185 0.9453032717006296
11 14 15 6 45050 0.9173003075758864
9 14 15 24 52352 0.9260742318038313
25 28 8 3 98589 1.096827362487727
15 14 29 11 39147 0.979245639820155
18 28 28 11 80508 1.0227574695509183
22 22 15 1 82698 0.9703055432804077
21 17 13 26 58659 0.9594050609537066
5 19 24 29 86510 0.9408649486335448
17 28 1 19 72517 0.9204735456903477
25 8 13 14 50362 1.0099556925894762
20 15 11 18 49111 0.994925776764084
18 4 28 23 79616 0.9961862886408525
26 4 1 3 60523 1.0344534454892809
8 3 29 27 104715 1.0395083688517786
10 22 19 18 56221 0.972210375930462
9 26 17 17 62597 1.0920070678371443
1 3 8 8 37249 1.0988540034907233
18 7 15 14 48880 0.9562557056970921
10 5 18 13 46941 1.0892915263154617
0 4 19 20 101701 0.9610898874038757
16 9 17 0 30632 0.9386341174356856
1 2 13 15 56374 0.9590641267657692
2 8 26 17 74471 1.0174489510391054
15 23 7 0 99270 0.9039059429087379
12 12 5 17 31855 1.0282176732887833
9 9 15 25 72283 1.0213527782768725
22 1 10 23 95130 1.0633168348561455
3 8 15 6 50326 1.0592022097842098
13 22 26 22 31452 1.098698165573033
8 4 22 19 76327 1.0087562649362123
3 4 9 21 62273 1.0732190078445862
16 24 19 10 74530 1.0746864875713473
29 21 21 1 79472 1.0556706068418233
2 26 3 15 33007 1.073925113854013
13 28 19 22 37094 0.9270974102329106
24 19 14 24 41246 0.9902118724842394
2 21 27 11 84087 0.9087707776933749
9 3 20 15 54034 1.0799675072844965
19 24 28 20 32803 0.9587585607343153
4 9 18 10 49491 0.9545781882363562
17 2 5 24 86676 0.9641023193820859
6 4 25 9 66035 1.0538680051339813
20 17 12 14 33457 1.0933267215647389
26 20 21 25 29488 0.9585434946324024
21 16 12 27 71151 0.9298389543447261
3 26 29 5 117019 0.9345524255677564
5 11 17 15 34113 0.9946940311162836
4 2 2 19 50413 0.98479679198981
13 23 17 9 80335 1.0375017732053735
1 1 2 13 53227 0.9402383210690136
4 2 28 28 113021 0.9120240344996474
0 22 18 7 89234 1.0333067997678294
20 2 3 11 66473 0.917425199614838
27 20 10 26 68834 0.9104655523156308
10 24 1 8 77339 0.9592001670099223
4 4 4 16 34419 0.99547141146162
19 7 26 23 68192 0.9773027257510737
15 5 16 25 97969 0.9364941294609246
25 3 21 13 57278 1.0026316877338295
7 7 10 28 82350 0.9947670624465981
4 21 7 1 67112 0.9477123597072291
13 2 23 17 65140 0.9427456250643591
0 15 9 7 40535 1.033575972311649
0 28 9 5 78956 1.0764687700087072
11 5 24 18 65873 0.9828454001782202
13 1 2 7 45013 0.951752622005269
5 10 26 2 61911 0.9677696826471777
22 2 10 13 57170 1.087531346328166
22 5 13 9 38216 0.978210944417711
7 18 13 1 65854 1.0777591933625204
20 24 29 1 105959 1.0341783232454043
16 26 10 1 102394 1.0531843698697116
10 9 8 1 26499 1.0052934668518154
19 7 2 12 69419 1.0045451565093917
6 7 9 23 60834 1.0428237905384394
3 24 18 3 86825 0.9866604099515559
29 27 18 9 81544 0.9545720156522971
25 6 17 17 64714 1.0308699175139702
3 4 6 29 87922 0.9361611004905531
2 11 1 22 31826 0.9440223954455389
22 0 16 7 35143 1.0336292322365126
16 11 19 29 101555 1.0109836126486729
25 6 28 16 57813 0.9312363264411644
29 5 17 23 93527 1.046757775915083
9 19 11 7 39241 1.0208196363479392
13 27 5 0 94080 1.074961611930959
20 1 2 20 80784 1.0987249483539931
7 20 18 26 58980 1.0647737490926057
8 14 28 7 72771 1.0108241070700739
13 8 4 16 51578 0.9697719527812869
25 2 8 2 35476 0.9335555652601455
3 16 15 6 59498 1.0048081752784457
29 3 20 22 93561 0.9146005872261441
1 6 8 11 47800 1.0118131498293512
24 0 10 24 109013 1.0372691632687894
12 17 24 24 50351 1.0633573343758242
0 23 5 2 70153 1.0139240285472955
11 22 26 15 62151 0.9298860766033068
22 25 28 15 49825 1.0132365028273012
20 13 12 25 77626 1.0338452892096588
28 22 27 11 52153 0.9010537530148107
24 7 12 24 93712 0.9058815332269732
27 14 11 11 50808 1.061681613832496
19 9 9 15 49095 1.0205459567086332
7 16 14 24 51866 1.011940967744292
6 2 0 15 47670 0.9880792302297658
22 2 17 17 70664 0.9260958652998519
14 3 4 13 50799 1.0975760076886707
23 21 4 25 70554 0.9759746799892863
2 11 13 15 36338 1.0885636038303799
18 4 14 18 72113 0.9497817391350672
16 29 21 23 51448 0.9286489881614177
9 22 9 7 42932 1.0915050705735474
3 8 25 26 101972 1.009735807232898
19 11 10 13 47482 1.056840357546997
21 9 11 13 48786 0.9386736049847146
14 29 6 19 57060 0.9941183550092567
21 7 20 17 50232 0.9863933248328363
9 11 27 5 58039 1.0658533219678632
11 27 5 14 60856 0.9489257396608096
28 0 8 28 129000 1.058780413417469
25 5 11 8 54666 0.9835786252012855
5 16 9 4 33030 1.0410017844248955
4 15 13 18 47055 1.0786853892832748
5 13 17 0 55914 0.9351314880682263
17 18 5 19 60856 1.0940908547814516
20 8 8 29 99607 1.0538597839181332
15 16 4 15 38234 1.0218851205518735
12 21 13 9 66561 1.0155658881775094
28 0 21 9 48635 0.9398774288584768
7 17 28 16 64714 0.9231276780382422
14 12 26 17 41487 1.0360607712391539
9 12 26 27 74910 1.0449770756240246
20 5 12 22 87861 0.9418142340035377
12 28 21 26 38914 1.083089254093181
19 28 0 9 109065 1.0156417389333678
13 26 2 3 92486 0.902509074376948
24 14 10 5 52608 1.0744535365044685
28 15 6 10 64332 0.9746787355373794
21 7 23 22 58233 0.9118109351542231
27 2 21 11 41529 1.0098375753914737
21 12 0 3 72946 0.9808992993465746
13 0 26 5 46738 1.0748831102304672
21 22 2 2 98361 1.036790053522426
12 19 27 14 58571 1.0251725714189797
29 7 13 21 92996 1.0420415274781856
7 29 7 10 73294 1.0363649149758034
17 12 4 1 69771 1.0765094707666814
26 1 6 10 71767 1.0039210703611474
9 27 20 25 48239 1.0523752831877515
7 1 22 10 55808 1.0331638284406626
3 12 19 10 57366 1.0442653904346437
4 7 4 29 70698 0.9622496898546982
24 15 18 7 42563 1.0623291031511815
17 25 24 11 71384 0.931667888947795
22 28 11 24 44650 0.9775767174921193
12 5 29 15 68353 1.0280624560529423
22 13 12 10 41865 0.9815680851830116
0 24 10 24 36367 0.946065248555862
0 7 11 15 54480 1.0214260285948948
15 18 1 16 56970 1.0157423087373278
5 8 15 17 48858 0.9000296468718939
10 25 16 14 58345 0.9785414969986588
11 10 23 17 55211 0.9330565807353471
20 16 5 11 49736 1.0017446840261068
18 19 2 18 73588 0.92809480675992
28 0 28 21 98590 0.9074640800175967
3 26 18 9 86957 1.0624455800837347
26 4 17 23 88994 0.9960823869254237
4 12 19 17 51743 0.9515975391396974
21 2 4 2 34773 0.9375938135133163
1 0 29 2 69609 0.9686918756881077
18 3 1 28 97295 0.9559644614721678
9 4 29 23 86580 1.082828990280062
11 27 1 8 78336 1.0254056813625885
26 1 10 6 46996 0.9147413310541578
6 28 28 8 119358 0.9015578597018702
12 12 0 21 58240 0.9722364874408393
15 0 26 2 34899 1.064683666474587
9 16 21 15 38115 0.9491460333415963
12 13 24 20 48261 1.0295248057290405
18 5 21 27 84499 1.0215432859951195
1 4 6 26 75741 1.0961061269742383
13 29 24 6 107518 0.9570955819078993
0 24 8 6 74599 0.94606049791774
26 4 0 15 91683 1.0307006269224552
20 10 29 22 54493 0.9704375169574784
21 25 12 26 44040 1.0660245181186765
25 27 14 27 30412 0.9168638901912932
16 24 21 2 94164 0.9314161727662218
29 25 29 13 46435 0.9728807088963536
4 28 19 24 59203 1.0742977843278165
27 16 24 25 34175 1.0675179642919583
18 2 12 20 76332 1.0431263027209785
1 19 17 14 48637 0.9709911792949357
8 1 17 25 98643 1.0216746578957514
26 13 28 2 62751 0.9276114392140803
0 23 13 1 91733 1.0680125686215556
25 0 2 25 112270 0.9731523484779508
18 0 28 21 80022 0.9186976102199025
20 13 18 24 61714 1.0100569763842795
18 15 7 25 64221 1.0689861403936094
28 18 18 20 30310 0.9893208786216122
20 5 12 15 56598 0.9666764900260882
11 25 4 15 62119 0.9026804518629622
7 13 9 28 62502 0.9617578850585933
19 21 2 14 74944 1.0563616457203178
17 13 19 1 50137 1.0759956709511047
28 26 13 18 75422 0.9208785729159028
25 16 6 2 75325 1.0636358901545944
9 9 11 29 78228 1.0415246015432118
20 27 22 8 73692 1.0685990724637398
1 24 4 11 48314 1.014702942543448
5 13 29 14 48890 0.9765186423758604
1 8 27 11 91205 0.9929354337742606
15 5 20 21 79745 1.060158288898851
28 3 16 14 72680 0.9236703067304957
8 14 1 24 42333 0.9403445568892755
25 23 10 5 82766 1.055567397617652
22 5 13 6 29892 0.9003523818313192
15 7 0 28 103429 0.9897786585692149
22 25 11 13 71972 1.0923467399543
10 17 8 9 29121 0.9079731274530946
3 0 10 4 29878 1.036844529832502
25 21 2 17 74612 0.992118319445251
29 22 13 12 64122 0.9078788252659532
29 1 18 24 111671 1.0339827214087782
18 12 12 18 50951 1.0854743881832558
18 1 19 10 28433 1.0785211548637552
29 10 7 7 68402 1.0453529916764805
9 1 13 12 43127 0.9618597178840204
19 2 25 20 63417 0.9384730320106855
28 11 1 7 90700 0.9421793627452886
27 10 20 28 78311 1.0539618448568453
21 29 8 3 112259 0.9272547290823966
26 4 26 18 66744 0.9335230016657863
25 23 27 12 46808 1.0591901458494626
25 14 9 11 38816 1.0567866106165125
16 0 11 29 119650 0.9547625812401628
2 2 18 28 118629 0.9985546429095234
4 23 21 17 81189 1.0166704237635344
23 20 11 16 49868 0.9969142062242725
19 8 14 14 46490 1.0810237738780528
3 10 20 25 106319 1.0084439614223448
1 17 24 4 86365 1.0743253320584785
0 14 16 11 54509 1.039124467114132
5 24 8 13 51950 1.0625290622648498
26 3 6 25 112226 0.9992890091126005
29 8 4 18 87700 1.0151004850049095
19 2 7 17 63033 0.9968160519288108
29 4 25 14 58985 0.9072600001642515
0 8 24 5 76286 0.9933241705376312
10 6 2 10 40274 0.9888787900763417
29 28 16 19 59281 0.9667205204473773
17 25 26 7 90715 0.9537218079319331
27 7 12 23 100675 0.9037586521581367
9 0 4 8 34148 1.0831869280667679
3 1 12 19 77876 0.9322193053200493
22 16 3 7 70721 0.9472004440899648
12 9 16 0 54327 0.917494183379755
18 3 6 19 70335 0.909238486653627
11 2 26 24 94219 0.9049955849339094
5 17 29 22 74683 0.9845375906419913
22 20 8 21 50422 0.9392104863696321
22 4 13 12 48528 1.0219219855373596
16 25 25 14 58951 1.0902880841615714
5 15 24 22 61343 1.0301895399779024
7 14 28 1 71894 0.9056876085850979
15 29 8 3 93275 1.0029797188679668
10 22 20 3 78504 0.9484485814664878
20 7 7 3 36212 0.9920780850061357
2 3 22 28 115199 0.9498905293321935
4 16 17 21 67343 1.0935071760979087
2 25 11 1 80406 1.0578742802926602
8 15 28 0 84520 1.0280499579417002
1 29 9 4 78618 1.0243407013100092
26 18 3 5 81809 0.9411433370607835
25 13 18 1 52830 1.022897943384189
28 7 6 22 106351 1.0548572783740566
0 5 22 9 68964 0.9254072941630467
15 13 27 11 48665 0.994616261302657
12 17 3 15 42209 0.9145978398932623
14 8 0 22 78888 0.9642271590933913
24 16 22 29 42879 0.9273936664147233
27 11 4 10 74450 1.0450465453467115
19 1 27 5 31690 1.041521349101287
6 19 11 6 58864 0.9076819665043263
0 11 29 17 82975 1.033197258209455
25 20 28 29 37134 0.9354964951741906
17 7 22 2 19529 1.024202222780644
2 12 12 27 62597 1.0697108982656773
16 15 27 24 61045 0.985773595653287
28 2 13 21 103284 1.06428627918387
15 10 23 14 33768 1.004303313473632
25 20 28 29 37134 1.066907590092194
14 15 26 6 65452 0.9204258131612405
27 21 18 20 23388 0.9738015524570098
14 26 27 15 71989 1.0379364600537384
8 1 18 14 50350 0.9156134927269458
19 27 2 18 70836 0.9241174978380308
5 21 20 24 58578 1.0623542296288504
3 12 23 15 51581 0.9823403379101059
3 14 9 1 43130 0.9977754321148221
24 8 0 3 69270 0.9822560101799583
17 21 7 6 84495 1.0684371746798602
19 24 17 1 92105 1.0855863093417153
7 29 23 26 57164 0.9700204741019242
11 10 3 5 35345 1.0221364437573304
6 0 2 10 39668 0.9170074356216154
24 0 18 16 83971 0.9066937379854249
3 17 10 24 50161 0.9487002380378184
20 3 9 29 102933 0.965311650340554
17 15 8 0 57331 0.9773105805736153
13 4 5 22 71810 0.9795079553692201
16 9 3 19 71675 0.9090186496287924
17 29 9 5 95248 1.0522649973553408
27 2 12 9 59196 1.0201105551756893
29 1 8 19 91204 1.000227213079167
27 11 7 24 88836 1.0450257752505703
13 5 2 1 36521 0.9535426082865277
9 10 14 26 67226 0.9106163695711577
12 17 15 5 55742 0.999259942945996
16 22 16 10 69267 1.0608248324807874
2 25 14 3 78122 0.920396096936576
28 26 23 1 104884 1.092381258630174
22 11 18 27 69830 0.9032216451960658
27 11 10 6 61086 0.9940781955757397
2 6 10 27 72809 1.0562593137698493
15 0 2 26 97572 0.969632272260466
0 23 19 5 92800 1.082494903162082
28 10 13 19 73792 1.088619267227082
4 3 21 26 115089 0.9653990506191327
20 28 26 2 106950 0.9800749742303276
2 27 18 28 59008 1.0187754282125456
14 23 27 27 48724 0.9213432074890733
24 23 25 1 85125 0.9231201840851072
0 20 3 10 40212 0.970437294406445
11 18 5 26 47709 1.0232914555948125
11 13 10 2 41583 1.05948035746818
1 14 18 8 65503 0.9825285846393721
1 2 27 10 72804 0.922048366465629
28 3 9 28 121163 0.995698485851493
6 9 8 0 32143 1.072631992934314
9 25 7 8 66693 0.9599453911155419
1 27 27 26 83602 1.0866337055830637
16 24 26 7 87294 1.0141650524598624
14 15 20 22 50131 1.0883111863690722
18 17 28 10 47266 1.077769177739683
21 24 14 28 41215 1.0907843109951523
1 8 23 16 75678 1.0210808109927723
17 21 13 2 90355 0.9278878944617159
5 3 14 17 57680 1.0185103766954238
0 8 14 11 65029 0.9208512430946033
0 4 10 4 30846 1.0110252356167877
8 26 0 8 66317 1.0640158399414328
7 25 15 17 59260 0.9863159898906848
11 17 28 18 49124 0.9104912315519739
12 18 24 22 51891 1.0650019712865897
1 29 21 24 72685 0.9291794252185588
25 6 27 14 45009 1.0133381691356544
24 15 4 11 52649 0.9801425510880253
6 1 29 11 75983 1.013979929578652
28 10 26 28 69187 0.9702726615088767
0 26 15 10 77293 1.0549094317922687
27 8 8 1 64374 0.9780214802276767
15 24 26 21 38110 0.9960236321701306
21 26 25 20 33769 1.0056615316195354
27 20 23 0 80531 1.0986669266142814
17 13 24 20 37909 0.9516041431199871
10 25 8 15 48690 1.0287001365762414
3 8 28 29 114808 0.9303021730155722
19 6 11 13 57585 1.0236574895350101
10 17 0 7 56398 0.9171621150026723
12 11 1 15 48521 0.9773652573226497
0 11 27 1 94862 1.0482374568086907
7 26 4 9 58585 1.0232541746460702
0 4 17 29 121614 1.0547210587237041
12 22 23 16 50820 1.0402911840875664
20 0 10 2 25404 1.0248051719790037
8 20 17 29 59816 0.9354497367586441
7 17 14 24 47391 0.914495799614403
5 24 3 1 77218 1.0772182929309904
5 24 28 11 95819 0.9482841146981086
26 3 26 22 80598 0.9013452996155429
0 2 29 19 100698 0.933682446768987
27 21 3 15 77495 0.9187770928992198
28 10 25 1 52815 0.9433706237194758
5 21 23 1 91369 0.9320512506635126
23 23 21 12 45009 0.9019033445796574
29 11 26 21 44899 1.0841123021847965
10 8 18 11 38858 1.0481976129904775
22 14 11 4 54990 1.084787925530107
0 0 7 8 48172 0.9825407879831033
17 0 10 15 56010 1.0319051729150277
22 3 12 16 71880 1.0335744241477003
11 24 1 7 79954 0.9403584315781294
18 0 8 14 50599 0.972033667681593
5 12 15 21 58966 0.9891483161680468
22 13 1 12 57881 0.99217511221277
0 16 6 29 53546 0.9933632644502179
4 21 7 6 61676 1.0893945201900912
22 13 11 18 55335 1.0310644702703478
24 0 6 9 72275 0.9379190084844591
21 14 17 3 47479 0.962799375135829
24 18 18 24 35114 1.0152959639429664
21 18 4 3 84455 0.9358181076967109
1 8 16 15 61155 0.9956015853614791
27 18 9 5 70534 0.9472294676914335
20 1 14 22 90914 1.0999029223292034
9 25 13 9 69651 1.0321765365525888
20 1 11 13 61629 0.9312440549677552
29 21 22 7 63543 1.0541835066582357
20 1 4 12 61478 0.9596341082189263
3 14 11 1 51186 0.9431759050010903
