7436 7358 7487 7326 7468 7286 7481 7364 7365 7396 7283 7422 7348 7285 7488 7263 7446 7398 7334 7456 7310 7358 7454 7358 7487 7476 7461 7403 7472
1326 1547 1566 1509 1349 1510 1495 1396 1327 1376 1334 1575 1371 1424 1475 1320 1385 1573 1484 1448 1463 1371 1571 1503 1369 1367 1476 1518 1451
8703 8661 8762 8731 8758 8681 8665 8801 8616 8631 8720 8678 8712 8765 8737 8668 8711 8655 8784 8671 8648 8695 8740 8803 8580 8624 8749 8597 8604
5822 5891 5757 5860 5671 5868 5858 5862 5877 5642 5792 5715 5822 5860 5715 5889 5835 5697 5666 5659 5847 5656 5700 5793 5716 5736 5820 5850 5694
1459 1499 1615 1483 1655 1628 1538 1703 1698 1622 1552 1464 1679 1687 1675 1651 1672 1583 1510 1553 1510 1569 1639 1619 1442 1485 1537 1464 1645
6007 6205 6048 6076 6168 5978 6170 5985 6113 6020 6180 6031 6098 6056 6079 6218 5998 6016 6032 6210 5991 6205 6204 6135 6107 6132 6158 6165 6088
5036 5068 5118 4992 5032 5122 5126 5225 5184 5163 5204 5227 5079 5052 5052 5149 5192 5018 5051 4986 5003 5188 5215 5209 5189 5214 5241 5229 5233
7423 7209 7428 7250 7272 7255 7426 7332 7311 7336 7395 7335 7301 7371 7406 7239 7395 7363 7329 7358 7413 7393 7392 7366 7247 7421 7421 7239 7193
7045 7066 7176 7179 7132 7012 7000 7235 7196 7177 7097 7242 7056 7237 7164 7179 7151 7228 7242 7068 7176 7225 7017 7255 7100 7022 6999 7048 7003
4269 4064 4218 4134 4152 4207 4047 4186 4086 4289 4088 4058 4208 4223 4114 4302 4257 4044 4157 4110 4169 4148 4181 4144 4125 4162 4239 4186 4161
8116 8041 8048 8092 7984 8119 7895 8093 7989 7947 8011 7922 7989 7901 7893 8098 7966 7873 7898 7891 7931 7889 7992 7973 8054 8028 8116 8065 7930
1509 1338 1564 1472 1384 1513 1494 1381 1409 1460 1524 1387 1538 1584 1511 1422 1394 1513 1397 1556 1352 1472 1444 1433 1550 1430 1458 1344 1510
4282 4419 4310 4364 4363 4309 4402 4177 4198 4187 4243 4258 4228 4221 4398 4404 4231 4232 4390 4224 4287 4186 4417 4339 4320 4257 4367 4390 4197
8623 8639 8666 8549 8660 8556 8707 8583 8722 8468 8605 8500 8483 8595 8474 8611 8658 8504 8469 8518 8498 8723 8686 8524 8713 8596 8660 8505 8596
7129 7071 7085 7055 7076 7045 6933 7150 6984 6930 7029 7061 6947 7180 7145 7071 7009 7084 7009 6965 7117 7008 6947 7035 7091 7140 6976 7047 7062
4536 4408 4411 4443 4568 4447 4539 4519 4442 4342 4575 4510 4547 4436 4575 4441 4377 4457 4447 4489 4433 4439 4463 4431 4473 4473 4533 4554 4511
3576 3764 3734 3668 3708 3637 3723 3581 3598 3667 3743 3752 3573 3770 3555 3714 3740 3523 3668 3721 3753 3677 3571 3585 3729 3626 3704 3559 3508
2660 2516 2666 2505 2504 2438 2658 2493 2459 2505 2623 2536 2481 2652 2594 2605 2428 2595 2469 2582 2499 2506 2632 2454 2482 2499 2632 2503 2613
2632 2658 2411 2505 2410 2546 2446 2544 2636 2532 2540 2584 2476 2506 2569 2448 2508 2401 2542 2442 2513 2468 2519 2632 2502 2440 2407 2565 2484
5751 5906 5946 5725 5884 5847 5861 5901 5937 5942 5877 5797 5762 5854 5928 5776 5963 5785 5717 5742 5872 5938 5822 5884 5954 5927 5735 5747 5835
8914 8873 8943 8899 8715 8843 8703 8874 8698 8827 8843 8730 8837 8758 8873 8796 8900 8713 8868 8828 8743 8826 8804 8707 8840 8752 8788 8795 8705
8506 8500 8442 8512 8434 8601 8596 8504 8568 8572 8512 8589 8535 8490 8389 8555 8560 8571 8584 8452 8536 8381 8493 8559 8566 8392 8622 8611 8551
5961 5971 5827 5825 5886 6011 5905 6013 6006 5970 6011 5968 5968 6061 5895 6046 5924 5995 5881 5838 6026 5825 6044 5847 5883 5944 5939 5917 5828
3681 3643 3734 3735 3867 3823 3616 3801 3672 3719 3612 3833 3613 3628 3621 3648 3716 3821 3772 3819 3849 3720 3864 3687 3815 3837 3747 3742 3753
3556 3689 3455 3453 3564 3454 3527 3540 3575 3629 3492 3690 3650 3477 3447 3679 3686 3490 3551 3538 3427 3592 3685 3488 3617 3457 3477 3676 3592
2959 2788 2891 2895 2897 3001 3004 2985 3028 2938 2890 3035 3034 2948 2869 2810 2877 2906 3036 3027 2914 2991 2810 2784 2929 2955 3044 2831 2798
2385 2447 2273 2478 2439 2265 2227 2356 2413 2302 2353 2221 2242 2440 2233 2371 2424 2355 2244 2311 2261 2347 2366 2345 2361 2268 2417 2466 2365
1866 1878 1893 1824 1803 1848 1845 1867 1710 1756 1772 1647 1792 1799 1860 1636 1657 1819 1675 1647 1761 1794 1762 1643 1682 1801 1887 1893 1817
3269 3178 3179 3137 3129 3114 3182 3087 3159 3084 3132 3129 3079 3216 3098 3102 3201 3073 3247 3027 3274 3075 3031 3057 3093 3161 3143 3129 3141
7562 7810 7714 7824 7798 7776 7826 7815 7730 7814 7796 7634 7670 7793 7780 7642 7656 7820 7601 7813 7684 7802 7632 7714 7812 7660 7688 7675 7826
4842 7905 6621 4641 1303 4694 2891 6917 2935 2574 6602 2284 4909 4949 5944 8566 7368 6293 8851 8743 8694 7529 3901 2632 8977 7259 2687 5375 7457 2642
4812 7923 6669 4455 1207 4580 2922 6924 2965 2699 6566 2096 4718 4749 5922 8448 7165 6225 8661 8665 8560 7569 3804 2802 8818 7182 2648 5330 7500 2641
4925 8107 6654 4648 1280 4735 2821 6867 2772 2723 6666 2162 4865 4873 5886 8627 7230 6238 8627 8639 8558 7587 3885 2628 8839 7127 2818 5301 7424 2767
4717 7876 6772 4520 1176 4646 2795 7024 2874 2641 6608 2088 4695 4738 5854 8571 7195 6218 8626 8650 8571 7562 3755 2724 8929 7231 2820 5240 7635 2682
4837 8081 6580 4503 1319 4784 2853 6934 2798 2716 6740 2281 4845 4880 6074 8419 7383 6108 8851 8522 8692 7674 3919 2756 8932 7214 2779 5397 7672 2664
4927 7909 6756 4443 1080 4608 2704 6915 2890 2569 6570 2302 4905 4892 6000 8392 7408 6250 8771 8722 8546 7518 3985 2801 8963 7289 2811 5399 7659 2698
4797 8013 6815 4582 1167 4662 2785 7003 2783 2571 6702 2065 4759 4842 6057 8511 7177 6145 8746 8643 8486 7712 3781 2762 8956 7194 2804 5351 7588 2561
4952 8089 6789 4664 1325 4542 2923 6830 2734 2508 6563 2080 4766 4798 5980 8504 7205 6287 8837 8603 8466 7698 3813 2866 8922 7206 2611 5383 7503 2822
4763 7879 6831 4492 1206 4654 2902 6897 2916 2544 6767 2192 4799 4740 5993 8531 7270 6225 8626 8643 8485 7691 3863 2766 8773 7130 2798 5228 7621 2761
4794 7958 6570 4523 1266 4713 2948 6909 2809 2503 6655 2242 4911 4751 5915 8579 7246 6284 8797 8691 8631 7534 3802 2740 8928 7251 2725 5429 7629 2765
4884 8080 6582 4473 1073 4580 2879 6980 2737 2628 6624 2085 4883 4832 6055 8498 7283 6064 8622 8690 8497 7695 3939 2821 8945 7237 2679 5413 7505 2645
4791 7985 6828 4492 1209 4770 2758 7069 2797 2504 6607 2301 4670 4822 5924 8442 7299 6273 8793 8668 8643 7526 3802 2696 8998 7243 2804 5242 7416 2670
4837 8062 6604 4423 1221 4726 2741 6822 2839 2486 6772 2194 4798 4782 5884 8500 7284 6070 8709 8650 8702 7735 3791 2774 8749 7120 2707 5305 7627 2589
4862 8014 6606 4533 1193 4777 2754 6812 2884 2733 6521 2130 4810 4919 5898 8516 7278 6179 8690 8533 8702 7635 3726 2731 8811 7235 2642 5323 7653 2631
4730 8070 6769 4448 1268 4675 2929 7011 2740 2519 6560 2203 4732 4777 5962 8506 7380 6265 8647 8620 8502 7603 3974 2841 8802 7160 2658 5360 7525 2758
4783 8030 6635 4499 1124 4672 2914 6957 2901 2744 6618 2236 4730 4750 5861 8474 7334 6229 8828 8596 8664 7524 3849 2699 8804 7275 2747 5369 7538 2794
4912 7866 6681 4464 1266 4661 2886 6929 2922 2533 6526 2277 4792 4859 5945 8465 7211 6042 8701 8771 8495 7565 3970 2666 8844 7186 2593 5294 7633 2663
4813 8047 6741 4613 1288 4551 2778 7043 2800 2487 6527 2194 4678 4780 6007 8395 7173 6290 8674 8675 8578 7519 3777 2635 8954 7196 2727 5268 7406 2562
4761 7961 6799 4600 1323 4645 2750 7003 2934 2678 6640 2097 4803 4772 6032 8564 7151 6101 8645 8729 8479 7725 3803 2836 8962 7048 2807 5263 7421 2618
4778 7864 6648 4579 1204 4644 2761 6982 2728 2744 6618 2134 4886 4758 5867 8456 7364 6274 8803 8665 8684 7604 3866 2735 8954 7177 2578 5308 7621 2698
4771 7938 6633 4427 1100 4579 2834 7027 2878 2599 6649 2116 4930 4869 5992 8606 7365 6174 8706 8684 8665 7680 3966 2860 8879 7255 2606 5176 7654 2587
4803 8099 6768 4602 1149 4556 2822 6912 2908 2728 6549 2098 4820 4784 5875 8494 7265 6148 8726 8676 8464 7485 3866 2711 8815 7203 2757 5392 7434 2640
4737 8056 6777 4572 1284 4794 2783 6849 2752 2529 6654 2102 4757 4918 6085 8456 7189 6269 8658 8734 8472 7641 3820 2609 8900 7297 2589 5261 7637 2725
4733 8088 6646 4429 1182 4709 2795 6882 2732 2685 6778 2101 4769 4878 5850 8433 7407 6111 8744 8690 8621 7588 3853 2837 8929 7109 2802 5168 7502 2609
4771 7910 6800 4593 1068 4749 2881 6962 2758 2748 6762 2185 4671 4812 6003 8381 7285 6183 8718 8711 8579 7585 3844 2855 8800 7140 2763 5179 7454 2635
4812 8099 6589 4413 1116 4737 2826 6924 2806 2731 6551 2073 4707 4846 5916 8396 7403 6293 8659 8607 8703 7691 3852 2741 8841 7256 2735 5370 7650 2816
4840 8030 6622 4557 1240 4551 2735 6811 2813 2616 6573 2285 4892 4895 5954 8615 7258 6128 8716 8548 8637 7508 3745 2750 8856 7240 2652 5399 7528 2665
4979 7960 6742 4492 1202 4742 2942 7022 2881 2621 6741 2159 4749 4727 5942 8394 7410 6142 8808 8695 8680 7492 3932 2771 8782 7282 2812 5177 7608 2747
4782 7955 6616 4592 1115 4565 2907 6889 2873 2651 6756 2158 4813 4826 5978 8492 7242 6167 8803 8737 8526 7671 3777 2684 8887 7037 2609 5428 7507 2763
17 9 9 21 46484 1.0517989945106603
15 15 1 24 67452 0.9731963576569906
16 19 28 14 61094 1.0063402137983626
21 5 18 28 71634 1.0031256063030949
6 27 17 19 49897 1.0331986576162482
27 23 27 2 37167 0.9092855566099961
23 2 11 6 24995 0.9549077518801486
21 15 6 20 93870 0.9866118098271466
4 18 16 3 40926 1.0077833079590874
20 12 21 28 68565 1.0258360279799499
26 19 1 24 79680 1.0594269991679743
25 28 6 23 62023 0.9161409089070437
2 11 26 0 51560 0.9984826892010832
3 11 28 1 51851 1.049288785220952
10 21 9 7 36474 0.917786973964065
26 11 17 8 26687 1.0394999614300295
10 6 28 22 60631 0.9104975984581938
27 9 28 19 26108 0.908259765093284
1 2 18 15 51009 1.0711976711334916
27 25 23 0 56174 1.090231675002849
16 5 8 15 49012 1.0143587087430832
3 28 0 10 45182 1.0739696869153412
21 13 9 14 51473 0.9940295303379021
15 11 9 17 30012 1.0284403496823424
21 8 10 4 28128 1.005583351484756
5 28 17 27 43561 1.0064225981495647
18 3 9 0 26635 1.0988110007091567
29 15 4 27 98018 1.0229723811454505
29 9 24 21 42920 0.9657957671246882
20 15 4 1 65888 1.0140922895261317
25 6 7 3 34897 0.9073759962532068
18 18 23 25 33737 0.9877627872415563
8 27 27 10 73352 1.0488934188626724
19 24 9 12 53717 0.9812447523621677
20 26 15 12 53112 0.9571930332996511
12 3 20 27 69577 0.9072308688509131
26 11 29 1 33537 1.0039097622361939
13 6 18 1 24539 1.0665226584262606
14 3 11 23 38413 0.9694386556918323
0 25 24 29 74621 0.9781168519706173
12 3 14 14 37953 0.9264454704581175
11 1 27 29 67782 0.9624418848292868
3 27 0 16 33188 0.9917523456876006
18 0 5 9 38149 1.0342907880409409
16 7 11 12 23522 0.99148544064157
12 16 15 24 32900 1.0863658058576866
28 15 11 8 51886 1.071716378934847
0 18 27 12 74343 0.9370567146880906
13 1 4 6 32140 1.099798804982711
23 18 5 15 82133 1.0270038810939814
26 5 13 24 62163 1.077218825069754
7 14 27 27 86471 1.093536298388026
13 7 2 25 66279 1.0702110591054228
5 22 18 7 57275 0.9272968994139246
23 14 18 21 46610 0.9330011744526395
3 21 11 10 40317 0.9122077992614032
18 10 8 18 51929 1.0824341361326075
20 21 26 8 62910 1.010575740213383
12 14 1 29 54716 1.0158999852479556
17 10 1 1 39059 1.0903107346524121
16 7 9 27 53761 0.9506579603945147
28 20 29 3 45744 0.9154845529460992
17 23 28 25 36490 0.9572702413678361
22 28 12 15 63755 1.0161774652185163
26 10 6 13 55764 0.992571620351551
16 25 16 11 42836 1.0896465081267286
26 0 17 20 60919 1.068073771355844
22 25 11 26 35570 1.0110988215002212
12 8 7 18 48249 1.0800780560979428
18 9 29 15 47033 0.9689378137752829
6 3 5 27 49459 0.9044070690328433
9 12 22 5 37781 0.9121687757448975
26 6 7 15 68722 1.086677645677113
15 6 26 22 58129 1.0304413312979526
10 29 26 27 47471 1.0378846159925201
3 25 24 21 72711 1.0625992341382835
3 2 17 25 67384 0.9939435556553843
5 24 21 7 78381 0.9173944141557366
7 27 14 11 46842 1.0173500342040882
3 1 17 27 71840 1.0811070327866903
17 18 0 1 66023 1.0613215052409009
7 8 26 18 64316 0.9658543170218364
8 4 5 15 31211 0.9685205943766769
14 25 18 2 60926 1.0499433989958393
14 4 27 14 33451 0.9102043663603413
25 7 2 2 47624 0.9423420074796947
22 23 27 13 31202 1.071499548292936
24 8 3 13 57609 1.0120921727550443
19 14 4 10 45932 1.0159163883186055
13 29 5 11 44520 1.0100790971318703
8 5 23 4 25306 0.9496030095741433
21 19 6 1 93027 1.0561149181247111
29 19 10 11 68128 0.9775324933811328
12 21 20 16 56662 1.0396356001479634
12 1 9 11 26851 0.9526340254837125
2 3 15 16 59565 1.0818567676787303
15 26 1 12 55962 0.9361170158578183
16 1 26 14 46175 0.9051623714250622
25 26 27 1 49558 0.9667672736427408
21 7 6 20 82010 0.9635406254477538
20 6 6 21 69513 0.9826587698583855
10 11 15 16 33422 0.9950916500874871
0 17 22 6 61421 1.0196447875375225
26 26 28 3 45567 0.9436867971946635
23 10 17 19 36713 1.0512721203201845
17 8 29 7 38711 0.9599272849416365
14 17 11 9 30342 1.0205681352258107
1 29 7 22 30162 0.9456593729724393
21 23 9 8 54982 1.0090051428668454
5 16 10 24 43083 1.036809817876256
6 1 6 11 33556 0.9270563618899509
8 10 16 3 31716 0.9550135483482594
5 12 16 12 33813 1.062962280707324
21 2 6 22 74439 1.0297880267430453
19 24 3 1 76406 1.0956844765208151
1 0 9 29 59917 0.9755051927304752
16 10 22 19 57147 1.068168783279316
25 29 28 12 40155 0.9239634370660519
12 23 0 19 44958 1.0885074662215084
18 7 7 18 66846 1.0163385948182877
8 6 12 0 22300 1.0496583018068593
5 14 16 18 62842 0.9754640298129961
11 5 22 6 26076 0.9421263479500125
28 6 8 9 40684 0.9163149026275689
9 7 17 26 52259 1.0445390753174806
9 9 29 21 75297 1.0416939061038872
9 3 16 27 55883 1.0485694828846392
8 19 4 0 62427 0.9846538582146501
0 8 15 14 50886 1.0603596422324628
21 16 25 9 42911 1.0274832106954408
21 21 17 6 62405 0.9552927777684856
23 10 29 6 25770 0.9451591767304277
26 23 7 23 52419 1.0743527037717246
19 3 26 19 48484 0.9751744980314896
13 3 4 0 24488 0.9873731942865522
1 2 20 27 79178 0.9609924568606217
4 9 12 23 38687 1.0878320842902256
2 3 26 29 84136 0.9250726441890976
0 18 9 23 38293 0.9516761488012015
19 4 23 22 56325 0.9051254808003654
27 14 4 0 51566 1.068151077578305
10 16 20 12 42533 1.0883018246943927
9 8 27 19 57039 1.0593109907703242
9 24 24 8 66154 1.0852653228835931
27 11 29 0 29823 1.0725850524596299
12 0 22 15 68711 0.9298685412967782
20 17 22 5 55782 1.095038753540121
27 9 9 25 69654 1.0044151970699668
13 11 8 29 38961 0.9364113590051193
1 26 18 8 62100 1.0631042837601374
13 8 1 16 38787 0.9810504409092439
22 1 5 17 66736 1.0150477942353102
15 3 0 4 22736 0.928469852974001
12 8 29 25 77212 1.0955429422472511
9 10 15 15 35311 1.089144889909629
9 5 21 13 51650 0.9417134891513484
29 23 13 1 78086 0.9153381288460953
10 20 24 6 54793 0.9846546749983105
28 2 28 14 31299 0.9081339266013165
8 13 13 25 46314 1.0502159302428173
3 19 24 2 64122 1.0554153777838442
18 2 9 19 52777 0.9635047963060257
24 22 6 29 61594 0.9381438100831128
20 8 28 19 47465 0.9049608582345425
24 21 13 5 72186 0.9270987476652729
29 2 19 22 73714 0.953548324452492
2 0 22 0 57018 1.0049336153010406
11 29 0 21 46161 0.9896318854005687
26 25 4 24 64917 1.0212018237336509
25 8 23 20 46613 0.9533420914490407
10 10 11 26 30131 0.902762346093715
1 23 27 20 76959 0.9899723685745985
12 21 5 27 36431 1.0345225068097366
0 21 22 5 63164 1.0152893723478065
14 1 25 6 39218 1.0392175245041713
16 25 16 11 42836 1.0060684021409971
8 19 26 23 71481 0.9729705965211402
13 7 25 1 42332 1.0766644925958704
17 29 28 17 53878 0.9488333237224794
17 0 17 27 68559 0.919509549492045
29 10 0 19 83005 0.9830843565995431
13 12 26 8 43514 0.9050432662625572
13 23 20 7 60819 0.9952448953527733
19 7 3 19 63539 0.9884016859358324
4 9 20 0 44972 0.9782367663179836
3 17 18 12 49412 0.9904588951375105
19 26 20 5 64890 1.0164044210130818
17 17 5 6 53046 0.9667014025306069
15 19 21 11 45012 0.9123927224922544
28 25 18 1 60611 1.0496970051285857
26 29 9 19 70332 1.0323650045139843
13 20 4 8 50766 0.9401512277070412
7 4 3 29 46028 1.0828397615276144
9 1 29 4 36307 1.0626755492378352
7 7 26 3 42448 0.9739800041498115
23 15 0 22 82160 1.0973539347663055
9 21 20 25 50761 1.0252389733305556
8 12 9 26 40571 1.0212655609069963
23 11 12 23 46348 0.9803331843345864
9 0 9 23 48857 1.0321934775077848
4 29 23 15 84408 1.00140675433747
26 9 17 1 30101 1.094605042447846
11 24 28 17 62009 0.9506626792654692
4 15 29 7 62236 1.0329233849964146
2 3 23 29 86458 0.9410586054290238
10 2 1 1 26339 0.9476967639254864
4 0 22 2 39489 0.9334280793569203
25 18 4 5 66764 1.0124681058435403
2 1 24 15 77256 1.0561718777898255
18 23 25 0 67473 0.9682843480413963
20 19 23 29 55634 1.0026688686735366
28 20 19 9 49120 1.0852876106055693
14 25 25 8 76207 1.0503918512436403
10 1 21 20 86458 1.0134576548308438
13 25 19 1 69185 1.0014359175440462
12 5 29 16 58376 1.0125512602516415
1 24 16 16 68563 0.9593118058084338
11 5 28 16 49364 1.0011613441902794
20 25 9 8 64937 0.9094964384737823
5 24 26 15 82038 1.0266574912884041
3 28 14 11 56246 0.932828359991803
17 24 24 17 42960 0.9420075295736938
2 16 25 27 90016 1.0301711699646763
9 17 23 8 58269 1.0212432869700698
20 10 18 28 55596 1.069947381861776
1 5 15 14 45934 0.9952167266380093
24 1 8 7 45034 0.9804524782089454
18 0 16 17 50512 0.9250345212639
17 11 26 7 28524 1.0786572212734875
20 23 11 20 28881 1.060853557836225
27 24 10 1 66782 0.9203245596779894
25 23 2 24 72152 0.9643880311191673
1 5 8 10 30609 1.0023493243323625
12 10 22 16 53556 0.9878420656504875
14 15 3 5 54262 0.9922075777436987
19 27 8 29 37150 1.059290166603795
27 19 8 4 49266 0.9738439783145846
3 1 20 0 49223 0.9181767121978778
6 18 27 29 90783 0.9663089112621984
20 28 14 5 79847 0.9531398346428798
2 14 16 9 47787 0.9303204449423386
10 7 6 17 50187 1.0032504772301811
13 13 22 1 53662 0.9306222067906519
13 21 28 6 65908 0.9600134836265094
3 11 11 3 23392 1.0227447639969274
5 18 16 17 68677 1.075446964457818
13 19 9 11 33391 0.9305650694249229
15 16 10 8 38467 0.9846828775379202
19 29 7 27 43831 1.0384520443246235
11 28 20 14 59785 0.9874804002504003
13 17 9 24 30782 1.0841244324698314
18 6 1 0 31572 1.018975906865594
2 4 16 8 30825 0.9482908418055127
19 3 4 18 46860 0.9444677266363454
3 2 28 21 74927 1.0648827904722622
12 12 1 11 27650 0.9567037197685349
0 29 2 12 31929 0.9267799107616296
23 0 13 23 62627 0.9370062060599347
28 8 10 18 58615 1.073768519355132
4 5 7 20 49939 1.0866702455040522
7 0 13 29 66995 1.0350383500043576
29 5 19 4 18239 1.0025914293249085
6 10 18 10 33943 1.0780873601307102
17 19 26 0 58337 1.0628689487729732
14 0 1 4 32472 1.010952981664088
23 27 29 18 46075 0.9526600696472541
29 1 3 8 55720 1.0265974840616015
9 19 15 9 42353 0.9880765203371717
12 21 25 14 61565 0.9120021298154914
0 13 23 28 90841 0.9029644211570583
28 25 5 9 80980 0.9068633083406816
12 12 9 4 18561 1.0483577872970402
1 8 29 8 50201 0.9041334254962333
15 3 14 23 45270 1.0617107519737983
22 2 7 12 51096 1.0265034544295368
6 13 1 0 33922 1.0687057463373253
0 8 26 22 75452 1.0901170617919085
27 18 1 23 80281 0.9999871131262765
26 29 25 4 49194 1.0326164007021237
20 24 14 9 59372 1.0126944903147947
1 14 23 2 48354 0.9549728302024783
5 18 13 27 52390 0.9342366481022476
8 4 17 24 50141 0.9701413887047576
10 25 2 9 51575 0.925519082159974
0 29 14 5 61371 0.9291608705540677
25 0 8 27 75431 1.0728071976382778
24 6 17 26 69489 0.9490548402487354
5 8 1 24 32979 1.0664878915689746
1 24 5 8 32979 1.0933710511771613
10 29 21 12 59411 0.9029519366526593
2 8 11 13 28690 0.9759038146600912
16 25 23 4 63419 0.9499328794793162
23 21 2 3 86175 1.081862562079334
7 13 9 25 47596 1.092266964986247
21 0 3 20 75962 0.9850333546274539
29 23 5 9 77514 1.0904056827438433
22 23 18 6 53816 1.0601512795626045
16 4 13 21 46095 0.9594775049855767
18 3 8 23 47136 0.9956775223389815
21 23 11 2 58244 0.9751635166097676
18 27 25 6 67182 0.9376442174268037
10 26 14 1 59661 0.9162057260340557
26 7 12 4 23717 0.999474354445216
14 23 20 1 67904 0.9015831005920816
6 3 23 26 75392 1.0789025533946166
1 29 17 27 48227 0.9892871762301713
26 22 17 18 39873 0.9073678465401288
6 11 19 25 59458 1.019516033278637
1 26 18 29 50118 0.977751552387026
26 7 15 19 64995 1.0251419352515956
16 8 28 4 26171 1.0338555286384419
26 12 9 5 42833 1.0898877837507779
27 25 20 8 49059 0.9512458420010498
19 2 6 7 41601 1.0910140065955911
2 15 24 21 90636 0.972941724636338
21 24 20 1 88019 1.0240826316037843
22 0 7 20 90673 1.0871575380903606
8 26 21 24 48647 1.039045608478578
3 6 15 29 61622 0.9223783184100284
7 16 29 15 93942 0.9942028348989317
10 9 24 26 62612 0.9509878183832361
14 23 14 8 38684 0.9630911071262027
2 14 1 5 18730 0.9070949960871005
7 11 12 1 31123 1.0478265197426957
10 27 26 28 50627 0.9797708453155157
2 1 21 7 55110 1.044502903004696
24 10 20 21 56458 1.0299073089013446
22 18 12 18 71999 1.0348301885497606
5 13 11 25 43424 0.9428542587333393
24 26 13 24 45762 0.9949011272137854
12 24 27 2 57722 0.9960174736614942
24 27 9 9 68592 1.0158055225084022
17 15 23 2 42760 0.9189200479152024
0 1 23 0 54048 1.0637215995933096
9 14 28 8 56123 1.0338363314436672
29 9 21 19 64506 0.9378442052500365
29 14 6 15 82958 0.9577306887427115
23 7 1 28 72514 1.0169509473156184
4 23 18 19 48496 0.9020894243218623
16 29 10 16 39578 1.0594574034691135
14 24 6 3 54000 1.0100222608313245
6 28 9 12 53467 0.9604279180973306
19 10 25 28 60208 0.9157654616409773
14 26 1 25 37013 1.0217715808617878
24 12 7 17 65569 1.073451153074888
8 15 5 1 60128 1.0460592357185456
21 7 22 23 65152 1.0883300416118855
0 2 14 29 66145 1.0902364378002756
25 18 15 24 46652 0.9039314511552894
0 14 13 26 56277 0.9228123934867597
17 26 3 15 61162 0.9413969542768132
1 19 15 23 44561 0.926896917989787
6 19 22 3 69167 1.096265954172024
25 22 20 0 69696 0.9844261922939767
4 20 23 28 68175 1.0696058851099093
26 19 4 14 71048 1.061619626204041
16 9 23 22 56633 0.9399358535328707
10 7 23 21 70701 1.0939205353412258
10 29 23 13 62468 1.0384492221859056
20 1 29 17 69366 1.0361175744550906
15 15 23 2 55078 1.0433108612476703
5 4 15 29 54225 1.0145462377091365
2 6 0 16 24383 1.0624932503746873
5 21 24 17 86078 1.0208015247510414
7 12 26 8 53381 0.9480509807488684
17 5 14 29 54135 1.0047261719377178
14 28 26 12 75909 0.9653122377879848
16 19 21 2 68078 1.0681155173134775
12 25 22 19 59880 0.9620573777515092
28 9 5 21 74419 1.0075181152640516
4 20 17 27 47254 0.9565747417232375
6 6 27 2 39143 1.0901579334602292
29 29 24 8 50697 0.9364021536385331
29 26 20 8 56281 0.988251469311965
0 11 18 22 63008 1.0772905271567303
1 2 24 23 76205 0.9947102998326924
10 28 27 2 65407 0.9967568085928178
9 22 25 11 54235 1.089511444391161
18 28 29 2 81971 0.9653538692208523
21 20 24 2 80108 0.9247609408226024
15 24 8 14 46497 0.9434442610172196
25 18 4 23 72775 1.0148377697503006
7 5 12 21 44487 1.0229654845118739
2 23 25 29 70596 1.0960302304424867
14 3 28 20 59480 0.9283854887556978
20 4 5 11 33209 1.0491212488548916
9 19 11 5 37908 1.0376968851436397
19 24 16 5 60151 1.0599234648220577
6 13 24 10 52645 0.908018031294444
21 7 1 10 51018 1.009309999523562
2 8 18 16 53883 1.0278421171190746
2 13 22 6 54273 1.0270687573674504
12 6 19 24 55358 0.9898667138308431
21 5 22 16 57125 0.9448351376919296
24 3 3 18 59133 1.0815919712384605
0 27 19 28 62470 0.9452561753037774
10 17 21 12 45371 0.9863898272898837
14 20 25 8 74486 1.0983818417917768
7 26 12 2 52825 1.0496101990141136
3 28 25 3 73980 0.9373978606333897
9 23 3 3 47735 0.9190257531843352
15 29 22 2 72105 1.0367757476479635
25 26 20 21 38702 1.0359389802828032
3 4 8 27 54314 0.9443482617329766
26 14 13 14 55634 0.9796396093644706
4 25 0 2 47008 1.0754399889150097
11 11 15 4 15056 0.9350310983535035
13 1 13 13 43115 0.9363489352975891
3 8 28 5 41400 1.0575260149658812
7 1 17 10 49095 0.9660970533990618
12 19 19 22 39587 1.0042513326519833
12 10 12 0 24546 0.9746005833195663
14 28 28 9 79553 1.0549684967237245
5 26 20 0 74663 1.0544271891351291
29 8 17 28 69118 1.0491245744226003
16 2 3 2 31723 1.0378175734725916
14 20 26 24 54366 1.0488110602388858
11 6 29 29 71815 1.0166742918296536
14 13 22 4 40958 0.9981086527199725
15 6 24 17 55009 0.9721173111334684
7 1 3 25 66333 1.076212300578736
0 8 24 24 85253 1.0698072228763809
27 19 9 12 56996 1.0243252226813278
16 20 27 12 54469 0.9043054072549682
21 18 16 24 47524 0.9118731846728911
16 17 25 6 53210 0.9954313098140837
27 4 16 20 61071 0.9818908988733283
21 16 27 9 44969 1.0799694729486984
6 11 12 3 26402 0.9229569330687389
23 27 15 11 61341 0.9846581212878315
0 26 6 5 45267 1.023581303438739
21 15 18 6 46544 1.0625839080792898
19 14 6 19 74545 1.0876753673848747
20 3 0 19 62231 0.9555562812071575
20 5 7 27 70193 0.9240808665106137
17 22 9 3 53247 1.0634476688854153
7 16 13 25 56478 1.0188485430522822
21 6 9 15 52628 0.9273707401423058
12 14 19 1 44702 0.9015507532360679
10 6 24 23 63347 0.9975556963614166
1 0 12 21 50392 1.0202443670053665
11 20 28 13 56194 1.034779552445888
14 2 27 18 54563 1.095799505474847
14 24 2 18 58900 1.0903004662188716
23 11 7 27 66299 0.9456085026366238
10 15 12 4 25892 0.9656703263369636
29 26 8 3 73956 1.0327585490274453
12 4 21 16 59477 1.0352316315645567
0 11 10 16 38602 0.9055126668600474
0 3 29 21 82541 1.0059009475445475
12 8 26 25 68710 1.0380765582837141
2 7 13 6 31773 1.0796917061682312
9 7 23 20 73678 1.0844562837468033
21 18 10 10 65894 1.0737447343406052
8 27 0 29 33377 0.9386759711103675
24 26 21 4 53765 0.9570169409352968
28 16 23 7 36292 1.048353916861767
5 23 25 22 58051 0.9232734332721391
0 27 11 27 35802 1.0106505332521014
7 11 15 26 41393 0.9928734284182366
8 2 2 26 57043 1.0767740897121911
5 19 11 27 40004 0.9399207468211079
29 15 11 12 58883 0.9094637731651994
19 29 23 10 61783 1.0714343709555556
20 0 18 17 52490 1.0980323583966416
3 13 22 18 83533 0.9272884295616818
4 6 25 4 28598 0.9323944032818946
23 26 14 19 55308 1.0283422441817358
8 27 2 0 67561 0.9782375752250264
14 18 13 6 47209 0.9437833182123325
10 0 3 18 50636 0.9101626084938416
13 25 22 19 64181 0.967173233478678
26 16 1 13 68487 1.0169141698941369
10 25 28 23 56967 1.059459301484401
8 26 10 8 37315 1.0542766146197078
15 25 23 5 65928 1.010815037995252
7 16 23 12 66361 0.9400501997020375
21 13 16 23 44616 0.9960232890998195
3 10 0 29 38836 1.0265402588222492
9 0 10 22 45791 1.072695780089721
15 0 23 14 60605 1.0091167601289557
8 11 18 2 30169 0.9840772349833372
15 29 27 25 39410 0.9566459002384833
1 22 10 5 43739 1.0322499793064854
1 10 28 25 82158 0.914556050629581
29 25 14 28 60439 0.9890679925187953
9 23 2 19 36623 1.0897125773188647
7 22 25 18 70124 1.0805853499737943
24 27 18 18 39674 1.0361318964286572
25 24 8 20 67256 1.0713904544449042
1 6 8 18 55120 0.9858863719024505
28 7 15 2 32973 1.0751668930719789
2 13 19 26 71098 0.9366117968899033
9 14 7 5 38786 0.9497649341194897
4 22 10 4 36312 0.9621546042817164
19 16 13 20 57958 0.9237226671758392
25 15 14 5 51533 0.9224511200691021
4 12 13 15 39673 0.9414491740795329
11 8 8 19 42163 1.055191131013678
12 5 1 21 41976 1.0216313727385382
16 16 21 29 50443 0.9785705937379126
26 2 4 22 60131 1.001574960193764
14 8 25 11 33177 0.9298434270084447
2 28 29 8 86431 1.0650974734530205
22 26 26 14 38775 0.9804368393590414
8 22 14 5 48594 0.9738859807813994
7 26 5 3 49514 1.0600027240495993
14 26 10 19 27080 1.0087078593951884
8 25 3 2 63031 0.9040011338380816
9 6 18 3 19798 1.0920188930489754
9 5 27 16 47061 0.9512155797011014
23 28 9 29 41098 0.9589395406493799
14 29 17 8 55113 1.009574441955828
27 13 8 3 45999 1.0604404798422222
23 16 25 2 47730 1.0386306223331376
6 15 0 11 30586 0.9056113896837299
3 23 24 25 64951 0.9092698541477273
14 4 29 7 32276 0.9736875075886632
27 16 4 14 63537 0.9198433432869699
29 20 23 25 39254 0.9177635131208235
3 16 10 2 44801 1.0973660552337712
20 7 6 19 77736 0.9374432990103609
11 7 18 27 49042 0.948043313421747
3 15 20 18 80798 0.9263254615440346
10 23 2 17 38511 1.0869539007153686
6 3 24 25 79165 1.0911302523163686
20 29 0 11 74155 0.9207254804001443
1 12 29 20 88035 0.915005223562419
23 17 2 10 76358 0.991638732543933
13 23 28 17 55106 1.008855876033133
27 28 4 22 72339 0.9369354409502603
11 5 5 10 26404 1.0782851520936927
28 8 28 26 36906 0.9430224807096511
24 23 4 4 69467 0.964951592305887
16 28 8 10 56420 0.981686195061569
22 17 5 15 84581 1.0301546585929036
22 17 3 15 84733 1.0880694303267127
7 3 13 26 49779 0.9259282581949374
20 13 25 23 53449 1.0299899282459837
24 9 0 1 58097 0.99288682686039
6 10 28 24 77271 0.9753212618333682
15 13 10 29 45315 0.9642114390763034
8 10 9 25 45016 1.0859107792982239
24 2 7 15 68742 0.9265440253641278
10 12 7 19 49869 0.9357565353540759
11 6 23 9 35568 0.9763182638402926
20 9 12 12 27986 1.00707623759088
20 1 24 19 81821 0.9595250995174183
7 25 16 21 43636 0.9929359705137956
27 26 21 21 36240 0.9417056138413765
18 21 17 6 39921 1.015212572394624
14 21 5 7 61700 0.9865496843311816
8 21 18 10 53030 0.9136702900846009
18 12 25 1 37122 0.9769405095810091
25 8 1 17 59202 1.0860715136940586
24 18 8 18 86689 1.0269280985455491
15 10 0 19 55346 0.9469965878239085
20 4 7 6 25645 0.9226474520426461
2 25 26 23 78157 1.0355732384211167
6 12 17 15 39495 0.9930439153965113
23 25 3 28 65895 1.0521525818809758
21 3 11 6 23605 0.9940844389960856
15 13 19 23 40642 1.0074377293052623
25 8 11 13 41856 0.9730330400997769
5 7 29 26 83423 1.0639746231925065
0 3 23 29 86644 0.9872773446104485
28 27 1 2 78940 1.015920447999856
19 13 23 21 49203 1.0772982208467299
20 21 11 2 68827 1.0011251840497095
24 11 3 29 74496 1.053070826560574
6 13 9 1 42824 0.9974028795970054
15 12 4 4 31939 1.031635455165944
21 21 13 15 70069 0.9854085104819376
2 16 7 29 42157 1.0331909953634528
4 25 8 17 37215 0.9908556607854774
29 27 6 14 98106 1.0363228650855352
27 0 9 18 62089 0.9814331940235076
11 19 18 0 40686 1.0521406363867054
5 13 14 12 36956 0.9209754184786734
14 8 1 8 32141 0.9109281266472882
26 10 3 4 41609 1.0290007373006436
8 15 27 28 88518 0.9341655241227873
6 28 8 15 64670 0.9647252393012784
23 2 6 16 64877 1.0441936615621685
17 11 14 26 43477 0.9435927344749677
9 0 28 27 79327 1.0241467922164997
15 17 25 14 53611 1.0267560147948278
13 1 26 13 58530 0.9700224257204313
11 11 15 28 41454 0.9054811176281133
26 5 11 25 51152 0.9335291345519314
6 2 13 7 33026 1.0490354141206417
19 1 9 0 39665 1.0470878220008168
26 6 0 10 49853 0.9431493008988067
21 5 3 15 55538 1.0487345815966953
12 9 15 1 27838 0.9718200745115707
19 4 24 26 56069 1.0262524661268309
25 12 28 22 30412 1.0681110204375814
29 6 19 3 24568 1.0595010221118888
12 1 0 10 39513 1.0202655532950478
8 8 10 27 41709 1.0869738135616867
0 1 16 10 48460 1.054729130873444
21 20 11 13 64758 1.0417318333425765
20 28 5 14 81189 1.0505535617230923
2 8 26 17 68658 0.9247114986583073
18 16 4 14 48195 1.0363098678621705
3 19 29 3 69569 1.0781171333171335
1 29 18 9 68344 0.9643467104939281
13 13 2 4 33586 0.9358594265683106
19 22 29 11 53086 0.9606373531123066
1 19 25 6 56270 0.9607613959938389
1 11 20 19 74556 0.9622244019082086
17 10 19 2 28060 0.9674259503311203
11 24 10 7 31757 1.0133130482144028
27 5 4 6 32757 0.9040293126295075
26 26 3 19 79189 0.9793572235605776
13 15 20 23 53105 1.029722875493254
25 16 18 19 49563 0.9999334734698194
13 27 27 0 70849 0.9445569007570113
11 13 25 13 39362 0.9641919852901727
0 28 22 23 72540 0.9065746631256877
15 10 27 3 35949 0.918600026303192
10 0 9 19 50059 1.0323200438003428
5 0 26 14 60353 1.096305018901287
24 12 27 27 38095 0.9219510691099267
14 15 13 27 53426 1.0394818140530675
2 22 1 13 16747 0.9527895038779288
26 3 7 20 76987 0.9078309946010596
8 9 4 17 23366 1.093531533535701
18 20 21 29 30433 1.075108819153011
8 23 2 12 38473 1.0026174619858594
0 20 6 3 42590 1.0029228750180372
23 16 2 21 88105 0.9199068391417283
19 9 26 17 37350 1.0180501078250064
8 18 5 5 56371 1.0489243237424073
15 24 16 11 42652 0.9906958640431002
23 9 16 16 40151 0.9202950517253716
22 10 19 19 43219 1.0456040926562387
0 24 5 18 34776 1.029049348044139
27 2 14 29 67302 0.9372105359636512
17 13 20 26 41109 0.9594088549694106
15 23 18 15 27841 1.0111755911591573
19 8 14 19 57927 1.0826768760073804
27 16 6 5 51639 1.0898973928207882
13 21 0 0 62969 1.0792118955477283
23 2 5 19 63373 0.98271445698457
15 8 2 16 51576 1.002283507705888
8 9 0 29 48670 1.0986297519629535
22 25 23 4 62667 1.0353624733236184
24 16 15 22 54020 1.0875802507117032
24 23 12 8 60390 1.0892783514088031
18 23 21 7 54728 0.9751227102157113
26 25 6 27 61641 1.0817941462306562
28 23 10 0 66223 0.9562287871420281
15 25 3 19 53958 0.9135146120310372
14 17 1 11 48951 1.0122618185404497
5 19 24 10 68365 1.0222084224971677
28 2 0 0 49642 0.9337041892951933
5 20 5 4 35881 0.9759425608443959
16 24 10 14 36442 0.9612104209748302
26 10 14 21 68201 0.9826755696590411
27 27 16 1 64849 0.9705970314163496
14 7 29 0 49780 1.0880968926007706
3 9 6 20 37527 0.9190837836133874
10 3 29 10 46714 0.9055773535129101
1 19 12 18 49533 1.0078376288561453
26 10 4 14 54871 1.0212000181759655
1 5 17 9 33281 1.0063655498274926
11 18 28 22 56891 0.9834867489164066
11 9 29 1 45067 1.0946146771091243
3 23 5 10 30208 1.0190276052774707
12 20 15 12 35283 0.9845020388860029
6 19 18 25 58523 0.9221100011387035
25 1 14 3 28885 0.9891146937974009
16 19 29 0 75385 1.0227259173224037
14 3 1 15 38409 1.0758236581060967
24 24 20 15 56937 1.066829049692471
16 18 25 24 45918 0.9368520477628254
13 21 11 10 31439 0.9624034379953059
11 27 20 20 49576 1.0180987627328897
24 6 1 27 67890 0.9559370085180312
2 19 24 15 84312 0.955669409221954
27 14 20 8 30123 0.940673557277523
10 3 19 23 55558 1.0219488637606486
22 13 4 20 65637 1.0207055134429115
5 15 14 11 36796 1.0626197980537795
17 13 22 20 54059 1.0240262970366563
7 10 20 9 40947 0.9545515597652594
29 27 13 29 51716 1.0307989662930042
22 19 24 2 69963 0.9939217112444027
28 29 21 14 64764 0.9391302001226759
13 24 2 27 49692 1.0028239045609129
24 25 0 17 85409 0.9168023161343126
26 6 16 5 20392 1.071253865900264
7 1 1 16 46068 0.9213568468918711
12 10 26 19 52913 1.0192145465926568
9 24 6 6 48980 0.998713184498107
29 22 20 16 66313 1.0949995649109487
8 29 22 27 48048 0.9472636808699043
14 14 24 22 63586 1.0978834201457717
3 9 9 28 51781 1.0327897577731082
0 6 2 29 38604 0.9719713731478451
24 3 14 25 66705 0.9881545372220295
0 14 27 9 60508 1.0797835504326825
28 9 23 24 41868 1.078776682791843
15 12 7 20 59687 0.9302251512213793
2 17 25 15 78622 1.0499343447548692
26 28 11 14 62872 1.0958686060223901
15 6 1 13 38738 1.0943981111596761
19 0 27 26 64209 0.9997307852465241
21 16 29 6 56240 1.0795498752994526
4 29 16 5 57939 0.9687458157023483
24 29 8 11 67358 1.0222818482296705
9 14 29 9 60005 0.9346860419642231
24 15 12 9 47249 0.9327527220794678
17 9 9 26 45856 0.9965442130395326
4 29 25 7 73997 1.076937931018415
29 17 18 14 49457 0.9493494375453734
14 10 5 21 52559 0.9403413622500766
11 29 1 9 50598 1.0340173723937662
26 6 28 21 36470 0.9609328800931489
20 24 18 11 44254 1.0379515409416298
6 20 19 13 70882 1.0464194037952954
10 24 11 7 33722 0.9492318462533881
11 27 7 9 36608 1.0328298375220357
17 8 1 10 37926 1.0029466396617266
20 27 14 23 31346 0.975543006026838
21 10 4 29 74025 0.920326851236546
27 22 29 14 25769 1.0568529728529699
12 18 4 6 41026 0.9760609188820237
8 6 4 0 20604 1.0745916031546598
18 26 5 13 63560 0.9150756280494062
21 23 9 24 37178 1.0883296446851958
26 17 23 29 36166 1.0396023926021762
7 8 20 29 65867 0.9294882246488886
23 11 13 27 60070 1.0061267127938929
15 24 12 9 38531 0.949534125731594
29 22 8 28 77250 0.9538782183394344
15 8 24 21 63887 1.0622962174311754
23 20 18 25 30318 0.9671738367759894
1 15 14 20 66169 1.0938207673142109
28 27 16 24 42919 0.9551114835275638
20 4 15 13 35065 0.9148651350598697
24 22 22 11 41274 0.9972065963455498
20 10 10 25 56399 1.0161865064672684
19 10 4 13 41899 0.9773566460798079
22 17 12 13 60595 1.093837740351903
25 25 26 7 42460 1.0796895563767532
5 18 28 20 92163 0.9084066922648241
27 23 20 17 52194 1.0548061786049872
18 16 25 21 42637 0.9103462299939994
18 6 2 13 43106 0.9675218861218868
23 24 14 25 38854 0.9368434330054195
22 22 0 10 83327 1.0210505508072123
6 6 21 5 36821 1.039767299450476
12 1 20 25 77522 0.9154653437758847
7 23 23 6 61247 0.9414881241953378
24 5 17 11 29774 1.016934190834499
0 2 1 18 29606 0.9787435230472449
23 25 11 6 65133 0.9923806223357383
22 4 8 29 57976 1.0233008830717756
19 1 3 1 45013 1.0677449301547748
21 6 2 13 51451 0.9675230933962808
16 12 5 16 45602 1.0174402839547518
25 2 16 18 57925 0.9083602404401525
5 9 18 16 46425 0.9115431643753532
2 22 9 13 44379 1.0253195116758131
7 5 13 9 24313 0.9203263613431315
26 20 18 25 34292 1.094222785069077
1 21 5 13 28887 1.0500548878905422
24 10 29 0 38019 1.0075103292067733
0 2 3 17 40496 1.0992544148264534
29 9 3 26 79970 0.9594331630178966
6 29 8 7 57058 0.976298555287936
24 17 25 7 35597 0.9664743416148373
11 14 2 13 32510 1.079514274894258
8 21 23 28 64390 1.0376684866775694
9 6 29 8 41076 1.0764935998431573
24 26 16 3 63614 0.9233885800721404
9 17 2 3 49412 1.0042990361822466
9 10 24 0 46565 1.074201171758122
21 27 10 24 47416 1.0819567535113772
29 18 5 1 81359 1.0040328920298822
6 19 8 27 46065 1.0130579592892635
0 25 15 20 62174 0.9607287931120669
16 9 25 8 26759 0.904998694044859
17 15 1 11 45197 1.011035741543017
22 24 7 29 55749 0.9826682846195574
9 4 22 0 36498 1.0212803245588067
3 22 15 5 50599 1.0940674802890973
4 23 20 29 52048 1.0667567800259699
9 19 21 17 74088 1.073290351436452
21 20 24 13 47839 0.9879222765077832
17 0 23 19 69488 0.9463963717091878
14 14 9 28 49009 0.9700979421171539
11 6 20 22 54068 1.0516174037889654
11 21 17 6 37042 0.9590862526925206
29 11 2 5 54181 1.0660219128479325
0 26 28 3 69846 1.0278823295123847
2 18 27 6 63556 0.9615292648000471
9 5 16 0 27248 0.9674343279834403
18 13 27 18 36461 1.0602993651320902
12 17 26 26 59935 0.926269891208001
8 0 27 17 62551 0.9745085553026172
3 14 20 24 73048 0.9857305003203736
21 15 0 11 73258 0.931615235896125
16 20 1 12 65480 0.9557810463103198
27 19 20 15 59195 0.9888708592714305
4 20 14 24 39466 1.0374528119715034
15 13 3 1 48959 1.0904962325602794
23 0 7 24 75716 1.0465844633250947
6 15 21 28 91959 0.9995281380723753
25 17 12 19 68355 1.0704006908768984
28 19 25 8 33437 1.0016973054688625
12 20 20 29 45619 0.9681308499195952
27 15 28 24 19579 0.9627872952524594
1 19 8 0 50626 1.007810129918002
5 16 21 27 77663 0.9312854629882319
28 18 11 3 52914 1.079943195830161
10 8 20 6 27545 0.9255716099092257
5 27 0 13 38922 0.9751895776314086
11 20 3 1 44376 1.0945570695662579
1 7 15 8 33485 1.0364363363181202
11 20 3 16 42011 0.9773552259646601
27 14 18 0 38711 1.0525352944492927
26 20 22 3 47442 1.0337319547120603
1 28 16 10 61093 1.0825302298622652
26 17 1 7 64505 0.949116872378178
28 3 2 9 45449 0.9634819548370646
6 1 18 24 70624 1.0566054701161298
6 21 14 18 56355 1.0272583729698026
9 21 10 2 47798 1.0765681516256729
19 3 3 26 62007 1.0584087806228255
7 11 11 29 34894 0.9714734055346858
0 29 22 20 86452 0.9743183291777745
22 24 1 7 80219 0.9787382626441183
4 21 24 28 69131 1.0436742519074578
15 26 20 17 42670 0.9232287769023209
23 29 29 7 60392 1.0877942051438174
16 23 14 11 37936 0.9574184069783336
2 2 4 21 40787 0.9709643938272599
17 14 2 27 71108 0.985039474369079
9 9 23 28 69802 1.056440547167921
3 4 6 15 34528 0.9795731000358685
25 29 20 6 65679 1.0987081559108711
17 17 22 23 29060 1.0457540556889655
16 21 19 29 30150 0.955395784819904
28 5 4 0 38058 0.9876642342248912
9 3 16 19 56997 0.9922358994792646
29 26 10 19 67515 0.9503015487430069
0 15 27 10 66361 0.9352297070207414
20 12 14 28 69055 0.9507822707230837
28 7 13 5 35240 0.9296383404572477
21 9 5 3 42365 1.0873148986926358
18 0 18 12 30444 0.9330348105729023
21 26 14 29 26224 0.9908535435518238
6 11 20 14 45664 0.9859914822208741
0 11 20 14 58877 1.0943892290610728
0 22 22 18 92936 0.9053767937907783
12 23 11 3 31903 0.988198136437827
2 4 16 29 60794 0.9741635994298519
12 17 10 29 26377 0.9061762342465574
12 11 23 6 34785 0.9695519261150329
6 23 22 29 51890 1.0615711742631417
17 18 15 2 46815 1.0840819086860696
5 8 27 3 38817 0.9491304967779947
16 16 11 2 42629 0.9052985191739945
22 28 20 8 73524 0.9372657872155561
23 15 2 15 76663 1.0201095951313144
17 22 2 0 69633 1.0983722723333758
17 6 19 24 53628 1.0385065205138075
1 25 25 7 67999 0.9805752643408516
24 28 20 18 60798 0.9226135358274491
3 0 15 8 36241 1.0412324086283575
22 16 20 2 72096 1.015960234482789
23 29 12 28 33462 1.0199257527116075
14 1 12 19 55413 1.082274786741265
2 27 4 0 48011 1.0898002407497855
9 29 19 15 61582 1.0899769453456876
22 10 8 25 67198 1.0341540085464336
12 19 25 13 56851 0.9627786488351779
25 12 7 11 42002 0.9253185210594624
3 14 26 24 83299 1.029861839996431
23 5 17 15 39158 1.0972456678508589
13 17 20 7 58958 1.0099539018488846
8 26 20 25 41217 1.016046743587882
6 27 10 2 60624 0.9489267578904856
2 15 23 0 65601 1.0397075199085197
1 28 4 9 34213 0.958645132663785
8 9 22 4 28201 1.0071725294158522
26 9 29 16 29530 1.0148595659767703
12 24 24 19 51515 1.053792776515553
22 1 6 15 72207 1.084954637466506
1 27 17 15 68372 0.9420393306728576
27 13 28 3 20379 0.9040607205205791
12 27 20 24 42062 1.0544804908511087
6 5 14 28 62481 1.0262742050969103
6 18 15 12 55789 0.944646201510817
13 26 16 7 49629 0.9882168458155909
24 29 9 10 69254 0.9339298095412938
7 6 6 15 38411 1.0573801285070439
6 9 26 2 42681 1.0765449741144208
23 1 1 15 53472 0.9731294232228676
6 17 14 11 44058 0.9824173683468155
16 18 1 29 67862 1.0326267909964584
6 19 26 11 77853 0.9536473552865287
20 28 3 7 87829 0.9097314155680147
26 1 1 11 47079 1.0577753668268115
29 0 4 1 49490 0.9077049091336683
25 12 18 0 40866 0.9451188482284449
1 16 23 28 81673 1.087082355548938
29 11 11 1 40527 1.0523872517062363
12 23 28 16 60805 1.0508317635519147
5 26 10 10 46559 1.0220278633588125
8 1 7 26 65595 0.9679016779949374
15 11 24 3 34176 0.9783942654769147
24 27 17 7 69067 1.0977617208943162
17 17 29 21 59292 0.9235482134608396
11 12 23 11 27469 0.9367952138047254
22 24 0 27 74787 0.9611549339307972
13 12 20 6 37749 0.9980569285650874
27 9 1 15 56039 0.9550879752881387
1 22 21 0 70860 0.954343503761407
8 6 1 14 30094 1.027551065170197
15 1 17 21 58773 0.9529622509855433
8 1 24 14 71799 0.9490256773307119
25 15 29 23 34021 1.0991384041326255
22 19 1 8 90098 0.9370466999337221
20 11 23 3 31680 1.0546557534008305
2 25 28 26 79448 1.008552688167947
12 17 5 9 33416 0.94133898783113
28 1 10 1 42385 1.0001787964320479
9 7 3 25 52663 0.9494620262585912
5 10 19 0 48556 0.9304866660800595
19 26 9 15 54725 0.937995704552935
13 19 1 21 53750 0.9743579845563858
13 16 25 24 65980 0.9156982704204508
26 29 9 28 49566 1.0849108348817045
16 7 13 22 45854 1.0642696560776024
27 20 1 7 63821 0.9823700972628346
11 2 1 8 20885 0.9419154277671966
0 7 5 22 40168 0.9145611561335325
3 24 28 25 80203 0.9180035183114218
14 10 17 18 31636 0.97127261852008
10 28 28 5 66021 0.9260346643903647
24 6 7 26 65790 1.0180798773343216
19 23 16 13 35892 1.0440881764034937
19 11 5 2 45911 0.9365031035009331
5 16 21 24 73963 0.9609322797845863
24 6 12 17 48103 1.0014321676691906
14 4 7 1 30380 1.040826288445335
2 26 26 29 69152 1.0909424511072328
13 3 27 1 30949 1.0667959237763305
10 27 1 3 52627 0.9847992822427885
12 13 28 25 70681 1.0697185027995457
8 29 26 5 65065 0.9433146717364689
1 11 9 27 48027 1.0907611216601754
15 14 13 0 47997 0.9823476238627343
5 13 28 17 74529 1.0014939624291865
11 23 5 1 48849 1.0006737807249513
19 21 9 10 56664 0.9175939108727746
11 11 24 23 53200 1.0017872928932983
7 23 13 4 41358 0.9470108567163696
14 27 12 2 57141 0.9838696004232161
10 23 13 6 33158 1.0665828206115888
3 7 29 0 56738 1.0052601944594517
24 29 2 8 86604 1.085160653040464
2 29 15 10 62483 0.9627649661336815
22 17 1 20 89058 1.009511559085289
20 28 23 18 55898 0.938054442736241
16 15 9 1 50634 0.9921363261173225
4 5 14 19 57853 0.999040926965147
25 17 12 25 62132 0.9302772559101576
19 5 3 18 55493 1.0803326186249986
20 5 16 21 59733 1.028896857008598
29 2 22 8 35358 0.9672577313664196
24 3 5 25 68563 0.9984940358745632
15 20 8 4 54001 0.9143949544649911
29 16 3 1 76131 1.0626586125861488
29 26 12 28 54541 0.9646109888314836
24 22 5 22 62275 0.9724922888851714
28 7 28 27 43136 1.0574488611215394
0 9 26 18 72157 0.9851160611649872
0 0 24 19 89880 1.0309697810517693
21 22 15 7 59215 1.053360157830004
7 0 5 15 46937 1.057403389467722
17 29 26 25 33406 1.0777276008913108
9 0 18 9 36712 1.009586350169737
17 16 27 15 41351 1.077299584025811
25 2 2 25 72065 1.0663359165792756
22 17 27 22 39680 0.99403381561745
21 15 10 1 72000 1.0618861254508525
16 26 25 4 62585 0.9824820754698915
7 0 21 5 45906 0.9722626265215786
24 13 17 29 67556 0.9565601000255657
29 4 13 0 37063 1.0581864986528466
14 1 16 25 73624 0.9032178500139332
8 29 0 1 66715 1.0556810988700869
28 11 15 28 69577 1.090142184042651
22 29 9 18 62575 0.9566827579687407
28 5 20 24 63925 0.9926040403308996
