7067 4713 4579 5426 3753 6941 5224 4238 3710 3645 2539 5809 3026 6181 3555 4538 3404 6349 4438 3542 2555 3198 2661 3125 2842 4291 4346 5671 4496
4018 2284 4839 4369 2313 3530 4854 2280 2226 2538 3143 1567 4217 4725 4277 1625 3000 4610 3806 4705 3783 5346 2848 2881 3366 2923 6280 5786 3531
5197 4563 4875 5375 7112 4461 6450 7697 4903 7190 4460 3945 6491 7319 6423 5448 5189 7315 5253 4014 5771 6854 6071 4999 7247 6712 5447 6607 6615
4201 5854 7507 7581 6793 6227 4053 4090 4011 4997 4648 5497 5646 3704 4339 5197 2236 2611 4328 3841 5375 3278 2820 2274 2300 3321 5852 2271 3244
7534 6644 7549 8146 4812 5008 5941 7061 5447 7698 4803 7963 7167 5188 8310 6237 6763 7333 5239 4767 6774 7702 5358 6174 6793 7377 6450 7588 4771
3227 4819 2032 2741 2844 4550 5592 3027 5340 3774 4423 3291 3296 5204 3735 4568 4342 3284 3323 4648 4545 6313 3250 3031 3893 3116 5654 6050 3100
4963 5083 4846 4914 4650 4903 4253 6027 6941 4418 4859 6390 6714 6684 6214 5492 6834 5933 7303 5787 5150 7654 6550 5699 4526 4805 6660 6217 3723
6587 4097 7245 6860 4580 7931 7838 4126 5699 6546 6631 4344 4840 6553 6056 6416 7091 7579 5129 7585 5099 5273 5313 6999 5865 6147 2216 2890 5786
4153 5109 2724 4953 5288 3035 6333 4653 5642 3146 3976 6096 3261 4584 3104 5225 6121 2689 3768 5196 4733 2553 2687 8091 8108 5200 6192 7708 5034
4988 3523 6521 6094 6384 4827 4184 3555 5476 4195 3987 4144 3833 4555 5671 3974 5880 3702 2972 2770 3503 4474 3940 5420 3006 5638 4585 5936 6499
4948 5489 3470 5196 6849 6617 4948 3460 5208 6850 3285 3584 5792 6786 4251 2940 5406 5710 4772 4281 6386 5816 6210 4342 5822 4353 6092 5833 3130
4703 6621 5190 6519 5222 3723 3451 3693 6584 4039 4380 6662 4547 5087 4896 3462 5306 4790 7889 5613 8063 7038 5959 7368 4657 5156 6095 5252 4878
5472 3655 4604 5575 5353 3474 3010 2532 2672 4993 2556 6304 6376 7131 4258 7185 7447 6202 7249 6777 6121 7131 6761 7135 6945 4683 4912 5004 7520
4596 5711 6401 6305 5787 5631 4835 6820 4038 3975 3839 5239 5826 4887 6878 5132 4027 4833 7312 6010 4155 5468 5443 5059 3732 6335 4952 4011 3759
4777 2340 4666 6677 5999 6974 7048 6853 7164 7003 5979 7177 3525 6210 5997 7041 6624 5369 3627 6362 6455 5465 7149 7191 4858 4025 5634 4695 6461
1879 3055 2911 3205 4674 4857 2763 5072 2491 3839 4302 1851 2083 2974 1710 4949 3733 1912 6788 6608 6289 4576 7494 7092 6052 6211 7031 5032 4304
1904 2750 4159 3334 5567 4981 3907 5045 3295 3840 2654 3203 3509 3259 1715 1860 2195 1870 2096 1834 4266 1984 3535 3521 4217 3298 5448 2865 3886
6734 3275 5497 6082 5484 5088 6073 5989 6052 3265 4752 5467 3651 6191 6314 4025 6200 5367 4100 6362 6253 6435 5355 3019 6657 4407 6869 6119 6919
3731 5239 4036 3885 5056 7630 5206 8158 7940 7383 6052 5900 7259 8085 5845 5159 4627 5297 7620 7105 6853 8128 5862 4976 8491 6025 4818 5169 6915
5145 6226 8089 5369 7984 5478 6169 5639 7172 8490 5483 5302 5832 5541 5420 4790 5620 3455 6891 6649 5256 4294 7129 6330 3594 4286 7353 6319 6192
5976 7279 4649 7441 4535 6324 6529 5196 6628 5388 7495 5282 4758 8107 7994 5761 6106 6634 1983 4338 4050 2571 4712 4813 5398 3810 3113 2400 4035
4806 4649 5279 3779 4542 6449 6533 4129 4462 4191 6438 2932 4609 2666 3483 4745 3456 5533 3257 2523 2854 4405 5087 2433 4208 5104 4345 2923 2454
4946 5513 5814 4015 5677 3090 4217 5956 3296 5694 4157 6196 5469 6126 3372 4485 3162 4607 2768 3707 2733 4201 2268 4384 4678 1552 2555 1647 1852
3517 3918 2169 4741 3315 5593 4655 3876 6104 6483 8717 5898 6525 6718 5637 5848 5170 8841 7499 7613 6167 7676 6972 7317 5631 7421 5529 8892 5179
4358 7089 4406 3914 4145 3853 6798 6526 6296 5091 5275 5008 7817 7122 6125 6433 7717 5894 7506 7723 8238 5649 7931 8215 8185 7181 7260 6526 6612
4364 2867 5056 3898 4570 3153 2404 4114 3330 3556 5159 2802 5379 2687 3850 2614 2197 4506 3333 3358 4227 3400 3283 4519 5238 4388 5311 3794 3011
8196 6254 5035 5770 7720 6025 5028 7954 7551 7680 7672 7676 6601 7730 5352 7837 5630 6767 4364 4420 4863 5792 5622 5880 4347 4967 8035 4504 4456
7448 4895 7244 7167 4820 6015 7449 6524 6062 5711 6394 6531 7608 6743 6829 6343 4722 7744 7819 5255 6678 6577 5548 7654 4122 6471 5821 4859 4471
5660 4553 5368 5421 4115 4419 5272 5771 4954 5950 7819 7190 4672 5667 4567 5634 5522 5815 7379 4385 5227 6220 4598 3656 3971 5013 3643 1897 3384
4136 4544 4598 5979 4851 5013 6404 3945 3503 3712 5662 3158 6352 4816 5146 6089 8328 5461 4993 6773 5313 5305 5167 4795 6226 8382 6559 7726 6703
5343 7427 5009 4426 5417 5182 3261 8166 6790 3788 2403 6223 5109 4514 5252 3327 1316 4379 7169 8296 5242 6390 1829 4447 5448 4004 8116 1907 6154 3850
5628 4799 4008 6640 4464 3360 1295 8132 8384 4947 4655 7569 3756 3431 4482 1257 3223 4512 5126 7005 4403 4761 3145 6384 7187 4977 5907 3314 8121 2452
8376 7794 4580 6633 5156 4445 1605 4738 7172 5809 2821 4805 4888 6212 4957 4328 1155 5573 4405 8606 3978 4449 4159 4927 5960 6043 7140 2250 6866 3276
6379 5703 4752 5219 4341 4222 3758 5691 6162 7102 3377 7684 5065 3876 6509 3182 3642 6127 2655 5452 5841 3960 1942 6424 4065 4035 6749 4450 5229 2305
4795 7850 5450 7301 3785 2605 2022 5182 5454 4571 5358 6521 4911 6008 4543 2988 1249 4827 4279 8520 3461 4782 1540 4782 7220 6975 7273 3073 6118 5282
4858 8056 4029 3835 3704 3723 3604 7677 4954 4701 5065 4562 4736 5469 6558 4033 1485 7094 5177 7203 4736 6008 4872 6060 5679 4380 8310 3284 4742 1895
5840 7088 5724 7255 2985 2964 4402 6298 6918 7320 3024 5354 6826 6804 7163 1278 3749 7058 3855 6634 3928 7720 4812 5348 4917 6019 8620 5034 5346 4569
8498 4550 6537 5407 6792 2117 3386 6254 5055 8184 1466 7410 5738 4180 5714 1231 3962 4565 6070 7695 3282 6875 4864 6534 7209 5458 8135 2628 7430 4872
6133 4750 6595 6070 4048 2943 1717 6422 6949 8280 4683 6646 4662 4013 7444 2377 4611 6791 3734 7599 3275 6609 1778 7632 7751 4421 5778 4697 6171 2390
5209 8372 3940 7718 6650 4934 4541 5004 5831 6630 4523 4092 7031 6628 7492 2366 4870 3628 5609 7669 6538 4075 3509 7881 4932 7378 7920 7343 5086 2313
6804 4979 4075 5030 5485 3418 5098 4978 7766 4883 4490 5606 3283 4077 4633 2229 4716 5481 4469 8139 3104 6879 4070 6791 5138 6902 8555 4775 4867 2043
7132 6590 6532 1926 5439 2520 2835 7647 5014 8011 4932 7717 3615 3926 7300 5060 3534 5558 3253 5712 5306 6068 5063 7016 7477 6267 8239 5977 7309 2255
6235 6534 6448 2861 3045 3799 4834 7573 6093 6905 4916 4109 6304 6782 5564 2301 1658 6503 3264 5114 3142 2288 3605 4480 5832 7710 7249 5167 7760 3854
6022 7658 6714 5562 3685 4402 3687 6692 7462 6458 5155 5003 4643 4682 5594 1156 3740 6345 2627 6773 6671 5400 4271 6628 4350 6827 7506 4916 6821 2417
6052 6686 6459 2172 5768 2738 3647 6053 7083 5420 6881 6926 3503 4383 6085 4824 2111 4308 2197 6165 4709 5675 3820 6318 7592 4732 7074 6313 3946 5545
6347 6651 4310 3092 6342 3403 4526 6305 7372 7084 8370 5893 4012 4321 4626 1180 4101 5870 4518 8384 5746 4218 4392 6734 5162 6248 8121 6413 4389 3190
6480 7265 6860 4905 6614 4947 3904 8154 5140 5025 4523 5932 7190 7912 4904 6503 4451 5218 3703 6228 6180 5935 4506 7867 7350 6143 7061 5368 4339 4876
4476 6577 4133 2891 6199 2133 4808 7661 6724 6733 7849 7715 7995 6465 7694 5000 3702 4892 3609 6148 4952 5002 5074 6543 6330 7436 6020 4788 5606 4913
8195 7430 5146 5267 3953 4194 4826 5200 5718 6178 4688 5251 5058 4851 7848 4845 2427 4757 2785 7078 5545 5674 5099 6888 7162 7370 8747 5827 5309 4622
7046 4711 3730 3808 4814 2490 4714 5586 7511 8192 5439 5663 6628 5386 4482 5962 4249 6860 5355 6384 5737 4878 2741 7273 5091 6790 5740 4303 7351 4216
4850 6395 3734 5021 3707 3583 3087 4681 8282 6174 5510 6247 5673 6747 7290 7546 1897 3829 3766 5934 4068 5471 1449 6816 2974 4632 8231 6654 4479 7884
7480 6030 4836 4305 6102 5515 2148 4622 5503 5280 6613 5770 7049 5476 5485 4663 4468 4384 4358 4616 5423 5590 1542 4024 2018 5235 8608 5134 5028 4397
4791 7295 6525 3071 3244 5471 1855 5845 5299 5203 8116 7316 8346 4428 5808 4685 3154 6147 3135 7074 5686 2838 2144 5187 1769 6539 4286 4968 7380 5503
5804 3899 4236 1875 6056 3870 1935 5275 5592 6972 5457 7990 8179 4161 7582 7213 4469 6753 3980 7262 5986 3212 2448 4043 3004 6802 7372 5757 5005 7564
4760 6932 5772 1802 3342 4195 3423 2931 4965 5327 5615 4417 6340 6517 5586 6440 4790 7408 5450 5206 5890 5922 2559 7749 1697 6977 7525 7810 5051 7207
5603 4669 6061 3456 4768 3658 1722 4376 5805 8166 6060 7746 6595 7509 4852 8080 5033 5862 3237 7662 7083 2098 4157 5944 3020 5144 4482 4226 5790 5158
5910 4730 4468 4870 4809 2050 1507 5232 5520 4778 7176 7807 5301 5404 7130 7262 6289 5660 5350 5683 4768 2996 3924 5144 3912 4385 6829 7380 5256 7500
5028 7573 6675 2313 3711 2681 4660 5289 5233 5988 8422 7579 7032 6833 5469 7250 6639 6123 2220 6359 5694 4471 5816 3932 4586 6967 5189 6474 6866 7313
6375 5800 6931 4387 3383 4882 4587 1778 3881 7791 7285 4542 6180 6813 5235 7235 4500 5709 2389 5078 5381 3454 6471 2676 3600 2351 5190 7519 4879 8104
6 4 20 20 95039 1.0317053496437028
18 28 1 21 91331 0.9756139917636883
13 24 15 10 53190 1.074857360052751
22 5 1 13 93878 1.0004422895061218
18 20 21 10 54992 0.9619814209651063
6 4 23 22 106001 0.985033363055087
18 5 3 5 50868 1.000202343492579
17 11 27 17 66804 0.9723756569013986
23 14 25 2 59276 0.9672669452350888
6 2 11 16 70854 0.909648349286757
2 23 23 14 102005 1.0678347501477687
6 28 21 0 154920 0.9329157647086331
23 8 8 1 80225 0.9257150770294418
11 17 5 25 53030 1.036641557684262
4 11 28 11 126013 0.9205339752899298
25 20 26 1 73502 1.0164798247180196
26 17 3 23 103242 0.9236974615663159
0 29 23 23 103969 0.9902892930417427
11 7 2 18 69490 0.9185760314502338
18 12 13 2 65803 0.9806955697981847
27 9 4 10 116934 1.0530773912253095
3 24 21 29 86429 0.9875461888718019
21 27 25 6 84638 0.9586601717508711
9 6 22 23 91691 1.074193098061208
3 18 28 0 137823 1.055679294950929
5 4 25 14 101772 0.9623427415315678
19 1 10 11 74502 0.9462629968564219
10 23 29 17 91968 1.0656179418952663
1 25 16 15 73938 0.9928196356350761
27 26 25 15 48962 1.0541718159041322
10 13 19 1 82894 1.0448808926084086
10 29 16 17 58124 0.9880936662669656
10 5 28 19 110097 1.0629344149932116
12 0 21 19 93727 0.93535019741178
20 19 7 5 83136 1.009225264266744
11 15 3 10 42198 1.0848682792162212
8 27 20 16 85090 0.9870632618781471
12 9 2 2 56643 1.0580638718081523
17 12 25 1 76383 0.9153320561912995
3 26 16 18 69433 1.0182454583936535
14 1 4 16 80047 0.9687338622579429
10 20 22 4 97769 1.0377901787738735
27 27 8 29 87964 1.0499457140930994
16 11 3 4 71653 0.9197916161476248
19 1 29 15 92876 1.0188180568100487
26 16 4 7 105807 1.000704383428393
27 7 27 27 95268 1.0660034241808196
14 5 9 21 75171 1.0566342385945688
14 16 2 29 80770 1.092026843964274
1 8 9 4 38495 0.9737109458290096
8 27 22 7 129264 1.0951902711196608
1 25 25 6 135065 0.9585333727356822
19 25 24 14 60551 0.9852623553050043
11 11 3 14 45215 1.069330886272382
13 13 22 3 69699 1.0365682751948153
7 22 21 15 71088 1.0516396353395443
7 6 7 29 110318 0.957269324576183
8 22 24 11 99263 0.9677406336870207
12 2 19 24 98677 0.9725044557060787
26 26 18 11 84622 0.940406115003819
29 19 1 13 109047 0.9356517490282794
28 3 19 23 98006 1.0411764242668742
17 14 10 2 68641 1.0453635546869307
11 13 16 27 60628 0.9482564546590427
16 15 9 19 34834 0.9392020665843377
20 12 7 28 111810 1.0865718948927874
22 18 2 22 86453 1.0220188565419748
27 27 15 0 121830 1.0318859957240167
24 23 13 5 88276 0.9655687669763975
13 17 25 10 70077 0.968676905689642
14 10 0 11 59407 0.9093681008250663
29 7 8 28 147982 1.092397247084704
18 28 12 16 58684 1.0002007420152879
20 16 19 28 56491 1.024182209483117
20 29 15 23 48596 0.9062411734610226
13 3 21 13 75485 1.06210925866332
19 15 1 3 96177 0.9649079926490198
24 10 9 0 96309 0.9008890018386925
8 23 0 27 44755 0.9822880422075726
10 4 18 18 69931 1.0918066690435624
28 20 4 12 107040 1.0581017315275512
20 0 9 17 104348 1.0051151373560288
19 12 0 15 71843 0.997052452511393
14 22 13 4 69861 0.9285938038092788
18 27 27 8 102969 0.9533606490977078
23 21 15 5 74669 0.9864429490040698
8 14 21 15 47928 1.0218909009082295
4 5 15 16 72731 0.9543778919402756
9 2 13 20 92943 0.9622885807565753
27 12 1 7 119772 0.9539616220229261
28 22 16 16 55704 1.0586039464018335
2 28 9 8 94806 0.9052066882518249
3 15 21 21 67982 1.043653267166206
13 20 29 15 87278 0.9130381260181865
3 26 4 11 63890 1.0016081108509378
7 19 27 25 93248 0.9697333446608882
0 14 22 16 69726 1.0649752069724934
24 13 13 18 55092 1.0679755650271705
21 15 0 2 112165 0.9637772927479225
29 16 12 25 102951 0.9336924340745723
5 15 7 6 45688 0.9886071581172882
29 4 6 7 92666 1.0589022171879032
16 27 13 16 44216 0.9571130702489883
15 20 22 14 42792 1.001046128813194
7 19 10 5 76070 0.957306611658132
15 25 23 2 103311 1.0371631800170387
13 6 24 7 45935 1.0030876576343188
1 1 29 9 120321 1.0967038994690304
0 15 3 29 53081 0.9235539462235479
29 13 21 10 61120 1.089455262758615
29 26 23 6 95768 1.0726076832532705
24 7 10 21 106194 0.9596689512894825
21 10 27 17 55408 0.9729643328762116
1 22 21 6 116609 1.0554245876915629
12 19 2 14 53040 0.950096262718207
0 22 16 4 104782 0.9397826953160919
8 4 14 13 55793 0.9089583940700466
4 23 19 7 109028 1.0460196115929605
19 14 9 20 56534 0.9351906846541589
9 13 3 24 52841 0.9279614135701043
3 5 14 18 82589 1.0482336531081478
18 12 25 15 49087 0.9025385366563872
8 12 23 26 86126 1.09331184123628
20 23 14 19 42654 0.9001179002718345
4 7 11 23 87004 1.0166731506722382
16 20 4 29 73645 1.0516401061762735
29 6 7 14 102383 0.9182502296885309
23 3 22 14 56615 1.0314016153728212
17 0 27 9 74671 1.0253892067321795
28 23 3 20 102314 0.9657695775347594
22 12 19 19 42961 1.0640034770448612
6 11 28 4 104235 0.9829787106717578
13 15 15 29 53225 1.080405002611814
0 5 9 1 50581 0.9456825667978638
8 17 12 23 39545 0.9411195606619022
3 22 20 15 79849 1.0517332199280305
7 2 20 17 99956 0.9259781103313395
22 11 26 22 58134 0.9675865251504737
10 6 25 8 61845 0.9462123627121797
17 11 9 20 55222 0.9744276464979093
2 4 24 6 82200 1.0650238845513766
4 2 21 10 92518 0.988343537726894
9 17 17 14 35343 1.075013012304646
26 4 3 28 149995 0.973405431255002
26 13 0 13 104980 1.0840449594049673
18 6 2 19 89514 0.9612785145563919
14 26 23 20 59309 1.0824319960572901
12 2 1 23 110931 0.9894387055548431
22 28 0 10 113722 1.0734163042652207
28 1 1 2 120395 0.9018892632501977
17 9 28 24 83284 0.9316888886411989
6 6 3 13 42231 0.9017815407628095
19 15 0 14 63020 0.9936622390222267
16 29 23 14 75874 0.9246354366345511
24 26 3 22 93489 1.0269789574994335
21 0 2 5 88635 0.9103797690637451
23 2 12 20 99808 0.9575176503556925
7 27 17 7 107353 0.9619970105492323
10 0 13 29 126486 0.9279306913187805
14 26 24 26 64647 0.9322441605726575
11 6 27 9 73021 0.9088498645101933
24 10 5 25 128129 1.0317244074111147
8 7 15 10 46857 1.0474826378057978
27 21 12 26 75166 1.0671511480554505
7 22 17 26 57004 0.9527701954310596
4 25 7 15 46244 1.0228014679600306
16 17 5 19 45983 0.9640783953783898
28 7 2 16 111313 1.0394356765448842
13 0 25 7 66141 0.913795397826771
11 24 3 28 48736 0.9450240075210594
9 18 15 5 63188 1.0890178953998848
2 16 12 14 31822 0.9752648211224627
11 25 26 10 115538 0.9361200460476429
14 28 8 5 104983 1.0519172261929293
18 20 8 0 99375 0.9888020231003433
21 28 9 23 75193 0.9522996211558391
22 28 10 10 89764 0.9555169556777054
20 28 14 2 105610 0.9996551902277342
26 20 22 0 84312 1.0924119358567665
1 2 0 20 65552 0.9661269140284009
10 28 12 9 97233 0.9703387928255863
24 11 17 20 68685 0.9588237059888849
13 2 19 25 100624 1.0789330984218697
23 6 29 0 43655 0.9529579759143524
26 26 9 7 115885 0.9921242256566798
14 12 23 17 42828 0.9077102853227518
27 21 5 2 126241 0.9546906959237282
6 3 19 27 124362 1.0408373985939559
9 9 2 14 47921 1.0306541509546316
1 1 10 29 120542 1.0193733792041253
15 25 27 20 60212 0.9024026144072925
15 20 29 2 106345 1.0612038240786303
12 11 17 5 38526 0.9264072160670749
18 8 14 2 43917 1.0597001015153995
17 24 29 7 102617 0.9035622410065592
4 10 0 21 52011 1.0500312572840342
28 18 15 14 55763 1.0835027172061298
13 4 28 6 56250 0.9295012580761657
23 9 2 22 118721 0.926120641517043
29 6 17 22 92448 0.9893575383105151
19 18 23 24 29709 1.0270469435414673
1 13 6 20 39493 0.9691374866188507
6 5 15 2 40625 0.9676273849756664
7 18 28 23 91044 1.0967437058012786
10 11 15 4 45001 1.014358689472761
4 7 20 3 73913 0.9180752188936687
15 28 6 2 120479 1.0148574312209853
11 3 16 8 37736 0.9390910070422205
22 27 7 2 129114 1.0265497410182305
28 14 19 19 59674 1.0168367495895194
15 12 2 2 80915 0.9810057943183533
29 0 5 18 137795 1.0163275231239561
6 0 17 21 107040 1.0082587558558473
29 20 17 24 53162 1.0043465938593368
28 4 20 15 72007 0.9651277615349465
22 24 12 6 83601 1.055834516932546
16 10 6 1 73750 0.983762952268532
25 3 17 25 104714 1.0007365390626333
14 26 7 29 36047 0.9586355380213887
3 24 19 24 80004 1.0853295111943602
15 14 20 24 45940 0.9035627060810342
2 19 26 7 118252 0.9559720474068174
20 14 8 28 95328 0.954072660237443
19 0 17 21 91102 1.0126623220226834
20 23 27 9 74866 1.084446403592491
4 26 13 13 79608 0.9144605903455069
26 14 13 10 71954 1.011949988631972
28 3 25 17 59170 0.9198221572189479
6 27 6 4 102031 1.0386808539553636
7 15 3 6 48773 1.0955214319202322
5 29 28 16 126137 1.035951013403417
17 0 8 11 76458 1.0989219384576652
22 8 11 6 53189 1.0945195033653523
8 9 21 5 65167 0.9046884651964638
21 24 13 6 78093 0.9568143419350532
8 15 0 1 72054 0.9339383870801335
27 8 21 25 81752 1.0254682167107585
19 2 9 24 113870 1.0892000091568657
6 7 3 27 87462 1.0801443598705271
10 3 12 13 49801 1.00754023608826
19 27 16 0 104983 1.0035496272396869
29 20 12 8 101061 1.0202048707530194
4 13 26 20 95529 0.9914586678405202
2 25 3 13 48346 0.9365671438932478
1 4 19 28 129703 0.964501616474545
22 29 12 28 53434 0.9987274789470914
17 1 22 17 83986 1.0343578191163671
17 26 12 10 65734 0.9398762763143953
21 7 29 12 50813 0.9957821552552293
20 25 4 22 78939 1.0843254024906532
1 5 4 18 46862 0.9966644948207037
3 16 13 27 82118 1.0454748859319454
8 14 18 20 45584 1.035598351019275
4 25 24 25 99988 0.9928962745309393
23 19 0 2 128177 1.0059116958978536
10 23 19 9 82575 1.0403613885270646
22 29 27 3 102950 0.9631337464330015
8 21 14 10 64797 1.0491191043330175
20 7 2 13 98742 1.087042908863873
9 3 15 18 75684 0.9968379889027167
11 16 26 27 82085 0.9480297635229661
20 1 10 23 118148 1.008973303271948
17 17 17 3 58271 0.9354543876259063
11 0 5 6 51917 0.906754517063403
15 14 3 26 68784 0.950677074962382
20 16 9 19 47803 0.9147655997448068
22 5 4 28 138610 1.090638096669429
18 3 17 13 51411 0.9740678257849184
12 11 24 20 73089 1.0283604065100838
16 1 20 23 89209 1.0820703803878169
3 1 3 18 70170 0.9097846381719663
22 23 3 22 71217 1.006844638197794
16 24 17 4 68064 0.992379025877969
18 11 7 18 66931 0.9184693183203702
25 14 28 26 55789 1.0031329369471202
28 24 8 28 89404 1.0422110506747846
2 26 24 22 91396 1.0343229125396343
12 28 0 1 138955 0.900625559835374
18 21 28 19 45428 1.0163432107206818
7 13 20 11 69608 1.0065828492823126
25 13 16 21 55019 0.9793669152475165
1 28 9 26 39101 0.9194397871198071
12 6 14 16 46313 0.941374791319001
14 1 12 18 67681 1.0043599866532453
26 7 9 29 132369 0.9609158140264706
1 22 7 8 78082 0.9836542909777557
17 5 23 27 96340 0.9431288479181786
26 7 1 1 104684 1.0981165877053838
6 0 22 2 82205 0.9845254652625965
3 7 23 14 106536 1.0895737183766077
19 23 1 26 89668 1.0051133848616727
17 14 23 24 51556 0.9169384307943417
18 6 7 23 94973 0.9136547236146304
6 4 21 6 61014 0.9816169468334146
10 28 20 8 111877 1.0559910752503758
25 17 15 19 50349 0.9350811913229136
7 0 13 29 139399 1.0142729148350376
6 12 8 21 49853 1.0512521528546266
8 21 21 9 89542 0.9823057982686063
20 6 17 27 90171 1.094069137869879
21 19 3 3 112968 1.00314383299663
0 27 28 21 113103 1.0579118653835107
5 17 21 3 95154 0.9180386174034576
25 8 27 26 75725 0.9402001634404914
8 19 27 11 103996 0.920923979214372
0 24 2 14 39893 0.9650222271576766
6 18 25 2 118203 0.9183576953600574
6 2 16 20 86956 1.00082872454655
21 2 10 18 91672 0.9203954082471067
20 17 7 19 61282 1.0193728748291297
12 2 10 20 84556 0.9694307075743478
6 9 2 24 70606 1.0084945634981102
24 29 4 23 104368 1.0576882547088493
18 0 17 26 101236 0.9435054772407231
1 23 24 20 97580 1.0320171714914432
2 12 23 2 105768 1.0505586810473344
11 18 17 25 43455 1.0879712358431104
15 22 28 14 76159 0.9269445811736986
4 14 19 27 88420 1.037527499078781
29 6 15 27 116140 0.9796172664688975
22 4 16 23 82103 1.0409732435277754
9 16 9 5 48401 1.0656237131126562
18 7 23 21 77340 0.9717257940752142
2 15 19 0 108200 0.9182928965568333
27 1 16 22 104620 1.0969973011798053
4 6 14 16 65612 1.0086124059116184
23 22 0 15 81777 0.9508291175312316
9 20 26 29 97140 1.0240210067391686
13 26 20 21 53043 0.9767317330497023
24 8 6 24 129990 1.0045535927957414
11 13 16 20 34359 0.9479545554702121
11 17 28 18 67597 1.0285870292299708
8 11 2 3 55597 1.0522328522177966
23 21 10 7 90894 1.0247105365183826
24 29 28 16 73213 0.9508362494342789
1 11 28 20 116435 0.9635827926629028
22 10 19 3 44910 1.0394483995082615
6 0 28 4 101932 1.0965116705682758
13 6 3 13 67051 0.9760751174142565
19 3 12 9 46661 0.9539138783927056
19 19 24 4 79246 1.0042538372733434
17 18 23 6 65397 1.0353888435252596
10 10 29 19 96419 0.9941143435169713
28 11 4 13 117432 1.0528706566764772
25 23 10 10 83114 1.0031300164344246
14 1 0 17 92787 1.011955533883375
24 18 21 4 68400 0.9630291852480312
25 22 12 29 69338 1.0427459711901421
19 6 9 0 61506 1.0631380802862425
1 2 7 14 68000 0.9909158976730212
27 8 24 29 98474 0.9422493517895068
23 7 0 27 142001 0.9828162777204537
22 14 10 22 68517 1.011340756794453
20 28 20 5 100842 1.003194726414837
11 26 25 1 139512 1.0832203258044002
11 15 28 17 69830 0.9231129693096315
22 7 4 15 89154 0.9106224810064565
27 13 22 29 69172 1.0944280447926722
26 2 14 5 51353 0.929245685927114
21 0 22 14 70949 1.0786320893169121
22 1 26 24 96418 0.9936773764658137
25 2 12 11 75356 1.0155558428948408
15 17 2 13 52177 0.9775318630744374
16 14 17 27 43207 1.066786403338337
3 0 2 9 48001 1.051867583170759
26 28 19 0 135173 1.0041912578518635
4 3 25 15 115664 1.089807734457034
2 2 23 21 130223 0.992489474796637
24 2 26 16 58757 0.9526674190303925
11 10 22 9 67734 0.9148989594780764
13 12 7 17 46159 1.0751191250769714
6 10 23 13 86388 1.0694759261320195
29 19 1 13 109047 1.0421994259332936
11 17 22 12 59015 1.0451708023370239
7 2 17 2 51587 1.0685318941098472
6 27 27 17 121222 0.9580162801430623
0 7 16 10 75529 0.9955674901457376
9 4 26 12 92094 1.018941175381705
24 21 14 26 56930 1.0387576970708512
25 11 0 14 99471 0.9881541767773259
8 11 24 21 83297 1.066435968329049
6 19 28 29 113750 1.0068524833545234
10 12 27 8 93561 0.9186366839230123
17 19 1 27 84981 1.0955162925998596
6 9 18 5 62442 0.9024140841315148
6 24 13 5 101155 0.9655878592023722
13 27 28 5 125602 0.9433870253879707
14 3 14 16 49053 0.9563544548063498
15 6 10 12 41133 0.9130158684923046
17 13 6 7 73034 0.9700792968376929
23 2 12 9 61243 1.0266482057490087
5 11 12 24 78258 0.9830674502678507
4 25 14 5 102468 0.9495446119586157
3 19 22 23 83711 1.0922667513047002
5 11 29 29 130729 0.9692530368730212
29 18 11 18 65196 0.9487084554766899
16 3 14 21 68107 1.071492494820223
26 28 13 8 106489 0.9520120687344285
18 21 8 14 49655 0.9035448072642801
21 23 25 12 48994 0.9943922467422504
19 24 24 0 109470 1.0374548380450577
12 14 4 24 61495 0.9476946463474749
0 3 10 21 90419 0.9347145503186085
27 20 9 20 79398 0.9039192352513141
23 8 15 16 63478 0.9656902234479553
7 0 25 7 90593 1.0613715248265676
8 29 14 6 98794 1.015803826661911
21 13 2 8 99587 1.020271942250435
7 6 26 9 82985 1.090924417362917
25 25 6 8 113239 0.9578490776094604
27 3 14 22 103836 0.9008025189292005
9 13 16 17 33397 0.9127672445336802
22 2 14 20 90565 0.9336950650840268
15 22 29 14 81394 0.9807696702763753
26 26 1 20 110676 1.0213112112331895
17 26 3 5 111027 0.9815267544165138
7 21 12 9 67301 1.0897671383661536
20 20 2 20 80562 1.059904891103557
12 25 10 2 112554 0.9299090294479504
29 8 21 0 56057 0.9346848264112438
15 18 11 28 63607 1.075083639179157
15 19 1 9 72674 1.036855186384898
22 17 26 3 66547 0.9433431517523285
14 1 15 10 36079 0.9624452347752698
4 23 17 27 77088 0.9695465377404242
12 28 22 3 126350 0.919207221508302
27 16 27 5 56078 1.015715045160044
2 23 9 3 102173 1.0010044393245485
8 1 21 8 78353 1.075837656735643
22 11 16 1 64453 0.9022411956965148
25 28 9 10 109056 0.9598592074606236
22 12 19 20 46413 1.0164995420413514
16 2 5 22 103296 1.0453460774461711
10 26 16 7 88573 0.9089158502419379
5 5 24 0 84349 0.9506006154645066
3 14 24 11 94914 0.9964431192613525
14 21 0 25 63552 0.9268835460118189
4 10 23 28 114322 1.0679227697162559
12 6 1 0 55616 1.0609555577015337
24 13 4 24 110243 1.0504599071067993
27 8 3 25 141102 0.9707827249218455
1 10 5 0 40791 1.0862408539566608
17 14 4 13 48120 0.9680672733871348
25 20 7 4 113113 1.0476617979836835
26 16 2 22 102198 0.9271603108121123
15 24 26 4 101941 1.037923649043168
4 6 21 0 83935 0.9337107658663584
15 29 7 0 131437 0.935595511008306
23 18 6 29 97109 1.0791771487603976
7 17 24 11 92601 0.9311096902986785
3 12 16 0 90938 0.9106364941099495
15 15 28 1 92626 1.077176271310384
6 22 21 22 59053 0.9992479454729565
3 17 22 28 91706 0.9794053383242607
9 26 5 13 63137 0.9024459594258603
21 18 3 7 94960 1.0258108411936229
13 17 23 12 58028 1.080545387435962
2 15 10 21 46293 1.0121082440425526
13 22 6 2 105689 0.9789807256453322
0 0 7 22 97361 0.9623891285398394
4 29 17 25 62265 0.9914617832608494
1 3 9 10 49411 0.9845918260065306
23 2 15 25 103311 0.9299650001167331
25 8 7 18 102790 0.9055639615140838
25 27 4 28 96912 0.9759550038604906
7 14 22 9 80600 0.9468235253738275
25 4 4 13 110351 0.9253285840244881
7 2 9 15 63854 0.9240008509581072
24 1 1 26 154056 0.9093087553727244
28 21 0 29 119805 0.9318267425682021
27 0 0 22 159736 0.9378353842658763
16 27 26 3 110773 0.9789698980548512
13 19 3 16 46175 0.9488005527196496
16 27 3 12 84018 0.930316557591153
16 16 5 2 75940 0.9484833129479115
15 6 12 22 60458 0.9083992180715895
3 11 26 6 102278 0.9085162948592694
0 10 8 14 41733 1.0019381118960022
10 28 2 11 97430 1.0001688569640883
26 22 22 1 89753 1.018751678988552
1 8 14 18 68103 0.9163802972653189
8 10 23 29 103469 0.9630139358444467
1 4 21 24 117954 1.0896115430310394
29 25 24 1 107476 1.0628639052829856
17 29 27 21 59796 0.971102770074164
9 18 16 24 43173 1.0655384221523334
8 6 27 15 107756 1.0248129235065322
11 3 2 17 84034 0.9853494221217585
24 21 6 0 131743 1.086071841561645
14 28 10 19 59520 0.9818078510577868
2 22 4 12 49779 0.9164319321189941
27 11 14 19 80899 0.9819047592062164
11 13 7 4 48081 1.0136592077959565
20 10 25 19 57235 1.0242179370751645
18 25 27 29 60193 0.9043067902197955
7 22 16 16 49617 0.9293385223841979
16 23 27 11 84272 1.0721686024541905
29 2 5 6 97856 0.9886504574106217
23 21 26 3 77727 1.0273809041358728
23 18 3 14 71180 1.009519343978668
8 2 21 12 92982 1.0164957658871807
23 5 22 28 92102 1.0684345660165293
26 16 3 12 88394 0.9927178724766722
3 2 28 27 158065 1.087652442739563
6 2 23 25 127669 0.9773485117209698
24 18 5 27 104871 0.9249736735720521
6 26 1 3 90552 1.0339232011956692
6 19 14 21 43917 0.9081358787143067
25 3 14 7 53797 1.0850741443267802
21 0 20 18 86447 0.9074064071475721
25 1 15 7 55667 1.041903877824801
1 16 27 4 115056 0.9495433833502711
5 11 21 15 66892 1.0888986919856936
28 16 3 1 143564 1.0722879753078605
19 19 25 6 71654 0.9305751165196973
8 29 25 27 76358 1.0865546579303798
8 12 24 3 91547 1.0147500947621195
11 18 21 0 96658 1.023374568488614
16 3 10 18 69317 0.9561693767154519
25 5 17 23 88480 1.00554358875826
20 21 11 14 51165 0.9424719989465438
16 8 4 5 53499 0.9450209894406374
16 22 2 24 59592 1.095194256526909
18 3 9 19 84927 1.070640891844775
29 7 4 14 112379 0.9161657892507232
18 1 1 0 93101 1.0773730301963196
29 10 1 9 117116 1.0570919986230456
9 9 26 0 97660 1.0172721139770384
5 25 13 2 116963 1.0272876538544755
26 4 12 28 135523 0.927517755909264
29 1 18 0 62080 0.9501944695640077
19 10 24 18 55109 1.0585594555974192
22 13 19 3 60732 0.9163395602808434
23 15 10 27 96481 1.071593661378677
14 24 3 22 50907 1.0938701226502308
23 25 23 14 48895 0.9695310471545988
28 5 6 9 98136 0.9884167129432795
6 2 21 0 80806 0.9197211350529363
11 29 26 16 96916 1.0190980676485342
14 12 5 27 85468 1.0157817850058957
0 11 7 15 38075 0.9465345281777435
23 23 4 8 105747 1.0806497638867834
13 16 29 5 89363 1.0147295584094478
8 8 25 11 91134 0.9702165628151421
29 22 15 0 112881 0.9404129019023335
1 24 19 9 105611 0.9494204920392382
1 10 11 18 56756 0.9317249760087261
22 20 28 8 71678 1.064409733665297
20 28 2 1 149522 1.0827350188174723
16 29 27 3 122394 1.0197261603902805
6 21 28 27 105334 0.9308224540942591
19 2 10 14 79712 1.0089671231625987
26 29 22 6 98831 1.0836158284213906
11 20 2 16 43170 0.9142075375075104
24 13 18 1 76933 0.9160500391179915
20 28 29 25 44023 1.0120918858954515
21 4 7 10 73006 0.9933066879904049
18 25 12 12 63354 1.0201813863349465
25 7 25 22 54512 1.0907999471195955
17 21 8 28 63730 1.0016917273800945
29 5 26 18 62259 1.007642970009042
23 4 0 2 98515 1.0476279869317318
22 21 13 26 57664 0.9045660179700749
19 16 0 17 57408 1.0844374562332326
16 12 19 24 50960 1.0519858487004745
21 1 23 9 43336 1.0793096613873503
0 29 15 2 130751 1.0821490661209727
18 3 13 19 73072 0.9060944708821067
21 24 27 13 58906 1.0719941786105058
4 13 11 4 64622 0.9718147628481305
28 20 15 2 105771 0.9182364449502312
14 25 4 24 64924 1.0089581836249486
15 1 15 26 85764 0.9331168689976048
7 27 18 5 116301 0.9992782748188149
23 20 3 21 84847 0.9773556343512658
18 9 7 17 65092 1.0151164480356525
23 6 9 17 84493 1.0790174743407632
4 26 29 24 114270 0.9263595560549407
7 14 17 22 49391 0.9670785962901158
1 2 14 11 74189 0.9702303942338034
13 10 27 29 107485 1.0228454672126035
17 0 6 16 86490 1.0859829335568685
26 4 2 1 108381 0.9963718900972696
4 6 26 18 113042 1.0271504772203395
26 13 23 0 59155 0.9918160858297724
20 26 10 17 72371 1.0234689261248584
0 25 16 1 122290 0.9782492650040289
13 28 14 4 96004 0.9987722967681854
6 15 10 22 35670 1.0150351842370828
15 0 3 6 59612 1.054886037303994
21 11 1 20 93390 0.9534725741231638
15 18 7 28 67942 0.9158231749268672
17 4 1 9 69982 0.9828933100364007
27 21 14 3 95334 0.9859766743842522
0 28 9 13 77456 1.007747663188354
29 10 15 13 83726 1.0752517885627186
16 29 17 3 91873 0.9835779273372267
2 4 19 2 77633 1.07239202741506
20 4 2 8 80905 0.9731815099527212
6 16 12 0 83318 0.9340254939152953
6 7 16 19 72411 0.9949181161435333
23 22 9 7 92573 0.915652744715717
25 17 13 22 58869 1.0515934172548567
9 28 3 18 60827 0.9134492866491359
12 15 2 12 43321 0.9049319912721132
2 24 16 0 119109 1.0850432610769147
1 22 9 2 98296 0.9336893793403018
3 10 17 20 72754 1.0871389507962796
27 24 3 20 97656 0.959560664194892
29 26 15 14 78220 1.0288970005082532
10 4 2 19 86201 0.9695306545572262
6 10 5 25 66144 1.0224830648554697
0 19 7 16 30010 0.9881910887924634
26 13 11 25 103647 1.0542514822826596
8 15 19 24 63970 1.0804753730419998
12 2 22 19 88469 0.9919607726643196
14 3 4 26 115816 0.9530709638297532
23 10 0 11 114257 0.9934809373597058
11 13 25 18 66570 0.9693522340305396
25 28 24 13 63222 1.0339500797272674
3 27 25 0 157279 1.0298987854355475
18 9 24 15 59709 0.9290013399910454
15 24 18 17 34378 1.020661165251871
6 24 13 6 98716 0.9406025587852658
4 25 15 16 68952 0.9693525146624241
24 24 1 23 90526 1.0743574993243286
2 6 24 15 108022 0.9079427052167073
14 3 11 12 47916 1.0269512541770167
6 24 23 20 83807 1.0643724346170065
26 1 23 10 48689 1.031665645334804
23 19 5 13 76317 1.0281811973852857
26 20 19 9 78970 1.0201721613263697
2 4 23 0 95735 0.9156853889313862
12 19 8 0 95234 0.9063601774633135
16 13 14 2 46296 1.0402623702835831
16 29 5 14 74645 1.0332853902977386
10 22 12 11 59582 1.0222926826225485
23 27 15 24 49840 0.9082940220648845
22 2 26 29 115610 0.9427644341003375
20 17 3 23 81950 0.9541369044221292
8 12 22 0 102870 1.03222331594421
16 5 6 1 52682 0.9083563822299333
26 10 1 5 103593 1.0131520886612182
25 12 2 13 98457 1.0952724077712432
3 3 18 20 105555 1.0234849529486874
14 19 2 14 52748 0.9371602062123551
11 0 14 10 56120 1.0324836984423602
15 8 0 26 96039 1.082499037739138
6 19 29 19 101229 0.9936196544211487
26 0 4 6 98144 1.0404587496699014
9 9 23 4 74284 1.0985940478811957
7 16 29 27 110442 1.0982741395926976
22 20 24 4 72703 1.092194057500651
2 25 25 10 128934 1.0904603132583772
8 29 10 20 51929 1.009358393178244
3 26 24 28 98851 1.0249783239840486
8 5 17 22 78270 0.9874988668611163
22 25 11 15 62367 0.9560301963966373
27 20 2 23 98976 1.0264854206264888
17 12 29 0 96691 1.05881178052414
29 22 17 3 109128 1.0639910123829344
23 24 0 3 129192 1.0081937378076196
1 9 29 23 124161 0.9086692041092437
26 23 17 3 101892 1.0609942589116217
22 14 7 7 91262 0.9387643480206319
19 19 16 12 31396 0.9299251831387494
23 28 12 9 93970 0.9847243057319867
7 28 19 13 101666 1.0263314341298937
22 1 23 22 90603 1.0496108657421521
12 21 6 2 102620 0.9086761047715032
19 10 0 27 112977 0.9131159864735087
10 21 24 2 115489 0.916614810024689
7 5 3 19 64922 0.9472748293138693
15 26 22 19 53744 0.9225450725327592
13 29 21 11 87328 0.9737606046717937
17 18 6 16 39122 0.906273893808597
6 1 10 21 94756 1.003599306248505
5 7 19 1 77875 0.9565760344485
9 3 4 13 63526 1.0444847864115285
15 27 20 8 89105 1.0230281649675814
17 19 17 2 68223 0.9070003947545633
16 1 27 18 99531 1.0070117085698307
14 7 20 14 57805 0.9016652423786043
24 6 17 11 49504 1.0375792610914862
23 18 17 26 51887 0.9378837956124495
12 1 11 15 62873 0.950706806665743
25 2 19 17 80662 1.066437042872184
17 12 11 22 52929 1.072198856113841
6 0 17 15 93487 1.0873531739978501
17 4 25 24 94541 1.0764342646587555
16 0 14 20 73186 0.9446643518514042
21 28 12 22 58611 1.0219603381132247
23 1 12 10 70154 0.9238047568131517
12 18 8 5 65758 0.9993103045130691
18 18 28 17 45451 1.088084629498623
26 3 9 0 72965 0.9987495941457791
3 8 5 0 34136 1.0182170967756201
14 14 22 20 44951 1.0949189835513518
13 14 3 4 72824 0.9800042154898059
19 13 21 5 50951 1.0645113170999765
5 20 26 5 114514 0.9335797605921144
29 19 4 24 112914 1.0184888462528152
24 19 18 4 81649 1.0782750105035632
25 21 2 7 119962 1.082625038075102
9 16 29 7 99156 1.0304015173021341
14 17 29 24 69569 1.0756517695633914
26 5 11 29 128074 0.9546447698990996
24 11 9 17 83404 1.018036630289274
20 5 26 19 68971 0.9374686463425628
5 9 22 14 82669 1.0603876059122024
14 25 28 26 72578 0.9941251690086751
18 11 22 3 55928 0.9460458255229116
2 14 10 9 54551 1.0314583557370562
12 19 15 5 57873 1.0996753652292515
10 21 11 12 45755 0.9928475081687935
3 6 15 17 75214 1.0015381343119778
19 28 18 7 94508 0.9173396951436329
1 29 21 21 98702 1.013038637093897
13 11 2 3 67403 1.0719217465488533
19 11 10 14 51585 1.0721588496273813
26 16 29 29 71386 1.065302795682261
3 22 18 26 76190 1.0546668625581688
5 20 20 14 72826 0.9810202399264261
4 3 6 16 61171 1.017690405138819
17 26 1 24 83203 1.0425374340902005
0 1 9 10 63129 0.9569297286213827
2 19 23 24 94015 1.0855503902832897
4 22 19 10 90374 0.962027518664996
16 5 28 27 109191 0.9115486738349056
10 9 21 15 65182 1.0367395088997333
2 8 21 15 93438 1.0864449586924638
16 17 1 3 83884 1.0176551875406228
4 6 18 7 58217 0.9712342263826087
21 4 27 17 69966 1.0617772978882134
1 26 13 9 98236 0.9142205721460595
10 22 15 2 85238 0.9144628333426108
9 22 27 0 139828 1.0631827541650463
1 0 16 15 90970 0.9042630020142289
15 22 6 13 57397 0.9295767162453226
9 13 15 5 52396 1.0578953953920547
19 24 22 9 71669 0.9791222002778104
19 5 15 22 66243 0.980615945549233
16 1 1 1 78891 0.9094031840250552
15 12 6 3 64308 0.9382617633176622
23 14 13 18 48266 1.0356337088594618
19 21 9 19 53716 0.9065687017802594
21 14 21 24 37776 0.9927886413256148
14 1 7 5 41698 0.9801529454815341
27 18 4 13 92154 1.0757428237677884
0 2 26 16 129334 1.096859480437217
27 20 2 4 138720 0.9411016491372862
28 19 12 6 100685 1.0815132011094664
18 27 7 2 123441 1.0279128477415247
11 10 4 5 42584 0.9277861145917072
17 28 23 15 71664 0.9992951055824476
6 17 15 26 75125 1.0656695760767705
19 14 25 18 39940 1.0954291374045544
7 28 15 3 117590 0.9533255787902299
29 8 5 12 115315 0.9517162993220318
16 7 10 14 47521 0.9887533339219522
10 23 22 0 128250 1.0612165026367588
19 10 22 1 56521 0.9212779257500404
22 10 9 12 72870 1.098609063348294
25 22 1 10 101386 1.0839594777396895
26 0 21 12 66227 0.9516531461142448
19 15 28 17 47659 1.0838268768154729
21 29 26 16 56538 0.9999227002896157
25 22 11 4 95316 0.9423122404436142
27 28 18 11 100493 0.9185946726221162
23 22 17 4 83563 0.9028618199430324
25 1 4 22 137783 0.9618028391262141
2 26 10 22 41172 1.0728592946019018
22 14 0 26 108880 1.0104565369596914
6 2 2 18 69064 0.9354089751790919
27 20 12 0 124123 1.0052594608778338
7 5 20 3 54713 0.9999255628326206
27 4 20 18 76968 1.058425272899002
29 0 21 23 108656 1.0954631465959113
25 20 7 10 92737 0.9443761324077213
5 0 28 18 134999 1.0539518940197719
26 11 17 20 72860 1.0583671631636606
22 15 0 6 100417 0.9880974942665799
3 15 24 22 75313 0.9726502603443101
7 16 6 6 51088 1.0110672054041074
28 29 7 8 135289 1.086048408972302
9 7 18 23 85460 1.0237666214311403
16 13 14 3 41630 0.9719646477046213
6 13 0 27 69574 0.9921004833006302
27 6 1 21 124508 0.9775548221126551
27 26 7 3 138379 0.9775751598818228
3 1 13 28 144281 1.0532135734348624
14 2 19 22 78623 0.9597720079136506
15 27 22 16 61871 0.9518101737973034
28 18 9 7 106786 1.0497106180950757
4 27 12 24 49492 0.9466524355788386
0 1 5 10 50343 0.9636322857318079
7 5 24 29 128295 0.9485589193063344
8 23 25 25 71966 0.9731855673312221
23 11 15 16 52348 0.9142418155740715
5 14 13 17 29930 0.9952958074579729
5 20 26 2 125953 1.0264492894624067
10 19 3 4 83315 0.9870396199429364
22 7 6 21 110382 0.9931512940191694
9 2 8 15 63390 1.0325579757064125
19 4 1 1 81487 0.9557768563106839
6 16 29 16 87422 0.9917400313416227
27 17 28 8 57814 0.9303213347522276
20 29 3 14 100046 0.9653901557000919
12 24 22 20 56162 0.9784762804495701
29 29 0 22 128734 0.9365266765781629
2 8 22 0 108848 1.0545252611350442
16 17 29 19 56200 1.0476678102452848
26 16 11 3 94022 0.916586505677273
19 20 28 17 48899 1.077056217923218
14 20 25 25 55476 0.9464377053510995
8 2 14 26 113007 0.963929385075482
26 9 15 0 69677 0.9393671623303577
20 18 4 2 100907 0.9594094697091629
1 7 23 22 103423 0.9873924072702958
20 13 12 11 48512 1.0114821285455733
18 18 15 27 43924 1.078499279826952
15 7 19 15 41850 0.997569027420201
19 22 5 12 71054 1.064682256572944
1 23 27 26 109748 0.9702996209113292
5 28 0 19 46904 0.9326501193435008
13 25 27 0 137815 0.9974913261589639
23 19 21 7 59669 0.9485677886112984
19 7 7 2 70580 0.9614856865483575
24 26 4 15 92079 1.0682738755718644
7 12 23 22 76840 1.0794601579423935
8 29 12 6 107315 1.0167739875075075
20 9 4 5 78007 0.906450167188784
23 26 11 2 112396 0.9421573504836739
7 25 20 15 85810 1.0547181689606853
1 28 1 5 84316 0.9526188970472584
9 15 9 3 56905 0.9526629475373625
21 1 17 12 67335 1.060332184074229
24 6 4 1 85785 1.0788313454976064
27 12 15 22 78670 1.0982457510528574
4 20 9 5 74446 0.9918012007672585
26 23 0 29 110253 1.0227051518407417
14 28 27 24 62201 1.066402238772736
21 19 14 22 36863 1.0211797361581385
6 4 21 16 85927 1.085173478706724
22 25 10 10 84010 0.9672128585471235
12 15 22 10 56409 1.048375168847419
19 21 18 2 85261 0.9226982597243476
10 5 18 11 57649 1.0972107765362755
1 11 15 2 72619 1.0646731849555602
5 6 21 21 99494 1.0490855016307843
5 29 14 22 61753 0.9993434355675397
27 23 23 29 38301 1.056710658500927
27 3 29 12 43298 1.0195527107149265
28 5 12 11 74699 1.0129622584136393
2 5 12 29 113261 1.0517176778444504
18 18 27 26 54720 0.9150844160147955
10 7 21 26 101153 1.0964255633560167
29 4 24 28 107540 0.9726755510149908
5 19 26 11 102473 1.0789310970525297
29 7 5 19 117994 0.9447642151920772
22 2 12 18 88786 1.0922537463159334
27 25 5 25 99817 0.922072601223805
14 8 28 24 88669 1.0614962930763463
20 25 2 20 93512 1.0783453364176507
18 2 1 21 113717 1.0891786360252351
6 18 24 9 106256 1.0013728181172572
22 1 7 1 75667 1.041783990296449
18 7 3 22 97804 0.9439749646880962
10 13 27 24 84357 0.9766546354072891
17 24 7 9 79511 1.064205926002511
14 5 9 25 92011 1.0413223169065913
15 1 13 24 86057 0.9114937689457249
21 24 5 16 73473 1.0975967443805328
19 23 5 28 81957 0.9724568545212602
23 12 0 2 129137 1.0729723722376736
10 14 14 4 55506 0.9520509928534451
23 19 28 11 62968 0.9008012943235059
27 16 16 26 73745 1.0647973313012524
9 9 20 4 61348 1.0932718124350767
6 14 26 20 84244 1.0283455456491235
15 10 3 16 47610 1.0921048850883723
25 17 11 2 96376 0.9825990035240718
28 6 6 1 93107 1.0187641186367078
18 29 2 21 82528 1.0875044814455268
12 24 4 28 57080 1.0515641844714096
2 18 9 27 59296 1.0818149453140375
23 26 23 14 52011 0.9298201585655486
24 7 22 26 77476 0.9032873243915436
10 25 18 21 54516 1.0332120943244916
10 18 17 21 34459 1.0617154758707146
14 7 4 16 61423 1.0552691097997984
18 11 2 9 85063 1.0451949254974058
29 27 22 7 107812 1.0712685112279585
17 5 13 17 55119 0.9214061941533604
5 13 15 19 49391 1.0428730521872338
18 22 21 8 64843 0.9771207726695479
2 4 10 23 96206 0.9236568383008343
1 14 19 22 74851 0.9312435631344596
11 25 9 7 86547 1.0962122303219386
4 14 29 20 101712 0.9425937446511397
28 4 9 14 101571 1.0544566369613086
13 8 24 5 54645 0.9536728931292917
8 24 24 24 73122 1.089355881441451
4 13 16 6 71928 0.9588341281395832
4 8 14 1 67008 1.099587285913081
10 23 22 25 63172 1.080329027060086
19 13 5 1 96584 0.9857913534225415
14 11 26 17 60250 0.94051804939014
16 17 3 17 42161 0.9940407960295315
9 6 11 28 105353 1.037422594144318
17 24 6 28 64235 1.0408941651026176
26 12 26 28 73615 0.9083326696746027
13 19 16 3 65643 1.063991033988661
2 23 24 17 103050 0.9728310747898227
27 13 2 29 140428 0.9960833791222689
15 21 11 4 69988 1.0840704022313379
13 13 6 29 91252 0.9933046994024717
20 20 28 13 62140 1.0471179095394345
22 26 13 23 51219 0.9387519770766559
2 8 13 21 90577 0.9224908488498665
27 12 23 5 44212 1.058381587075294
9 22 24 25 68751 1.0681387903243422
12 9 2 28 100440 0.9943161016988167
18 16 6 24 73174 1.098219043686154
25 26 4 21 97457 1.0703821325233058
10 17 13 3 68050 0.9577547651256164
12 8 12 23 74173 1.034857121234133
19 6 28 25 97369 1.0094441482558751
19 8 3 28 115434 0.9488029922788056
11 24 8 15 48851 0.9989820641851377
20 5 29 3 37983 0.9650778707485919
8 27 22 5 129125 0.9036867403185438
26 11 19 27 81518 0.9998359334073652
8 29 17 13 79692 1.0218134119506095
26 2 20 25 101221 0.9634191423755474
28 19 27 6 64013 0.9761826669797574
7 2 4 21 88781 0.9040777900720457
9 1 23 7 71599 1.018824737237348
11 14 8 28 71216 0.9847571420088217
19 5 10 29 107925 1.0097408464377156
1 18 16 20 57713 1.0004025265488448
11 5 16 29 89302 1.0818106119123951
0 9 16 0 79690 1.09956885236785
12 12 21 8 60981 1.0525165117566582
23 28 24 10 79660 0.9503435299900113
21 24 16 10 56834 0.9350623873108844
25 28 4 14 104682 1.0838302399136568
20 7 4 18 93166 0.9916200729127119
16 0 6 20 99169 0.9242161043092774
29 2 7 16 119650 0.9195804258355769
27 9 10 12 99143 0.9243233086288004
16 5 6 20 82818 0.941982328368671
14 10 13 20 47962 0.9313263466979349
20 22 2 19 82603 0.9731647774455062
14 29 1 0 135129 0.9605300814640456
17 5 2 28 122075 1.0790921893611387
16 17 0 21 65907 0.9919934167223916
15 3 18 10 44649 1.0602118449057203
16 25 3 25 67205 1.0787077787579558
9 20 26 28 93907 0.9365760661506455
14 9 22 20 59335 0.9301287269726899
7 19 24 16 73752 0.9400780795258394
17 28 23 8 100845 1.0619718273478786
16 0 1 6 66542 0.9789879165805254
28 8 1 12 117197 1.0029251494167009
27 0 10 29 157172 1.0547761823252697
12 27 3 26 47113 1.0604794608803525
17 14 21 3 63329 0.9146064768737872
19 18 10 28 69481 1.032301898875775
29 1 5 23 155738 1.043187058212145
0 27 25 17 118962 1.0994441604235454
3 8 15 22 86224 0.9011088799565
3 13 23 15 74304 0.9188846665498419
12 1 22 3 48143 1.0593798865113235
24 13 10 5 86077 0.9109668655345098
25 28 15 0 117215 0.9346430498625591
11 22 28 25 70173 0.9032858915060857
28 8 6 29 154005 0.9017124137437403
23 8 3 13 102663 1.0406904681664348
23 0 13 8 69897 0.9956712547745312
24 20 9 1 117133 1.0032897028432364
12 18 27 14 68724 0.994128030657527
9 16 3 25 47761 1.0658114960660439
18 4 12 24 91530 0.9688064737400819
15 6 27 14 76639 0.9202396792088083
25 18 7 9 92592 0.9708701272956154
21 26 9 28 61929 0.9539615202831496
0 20 18 4 105598 0.9212596592047159
5 2 25 17 111744 0.9305151425277128
14 3 0 6 57870 1.064581991903839
0 6 18 24 108193 1.057486567613894
22 20 13 18 39393 0.9568389303202784
9 4 26 3 68890 0.903383699240775
0 9 23 28 124747 0.9607714762230732
11 22 0 21 39718 0.9130981435955927
8 8 17 2 60148 0.9390294513395955
17 24 20 14 52397 0.9235909405796593
19 28 16 5 89651 0.9208534554564505
18 19 14 3 63049 0.9722896682401971
21 18 6 16 54637 0.97023034432348
